-0.080727 0.886065 0.407064
-0.080707 0.886312 0.407021
-0.080747 0.886636 0.406957
-0.080862 0.887068 0.406867
-0.080962 0.887475 0.406784
-0.081420 0.888559 0.406602
-0.082689 0.888523 0.406539
-0.083097 0.888502 0.406516
-0.083992 0.888387 0.406481
-0.086410 0.887293 0.406533
-0.087021 0.887034 0.406562
-0.087989 0.886172 0.406753
-0.088320 0.886039 0.406767
-0.089061 0.885493 0.406859
-0.089753 0.885314 0.406855
-0.090288 0.885000 0.406884
-0.091253 0.884800 0.406859
-0.091662 0.884556 0.406869
-0.092632 0.884378 0.406830
-0.093023 0.884190 0.406827
-0.094203 0.883978 0.406772
-0.094506 0.883805 0.406766
-0.095511 0.883616 0.406715
-0.095970 0.883378 0.406703
-0.096725 0.883235 0.406661
-0.097383 0.882966 0.406638
-0.098414 0.882778 0.406576
-0.098964 0.882435 0.406543
-0.099044 0.882050 0.406558
-0.099057 0.881640 0.406596
-0.098678 0.881623 0.406626
-0.097947 0.881364 0.406706
-0.099780 0.879935 0.406823
-0.099572 0.879661 0.406915
-0.099031 0.879102 0.407095
-0.100549 0.877233 0.407380
-0.099810 0.876505 0.407640
-0.098184 0.874853 0.408151
-0.097524 0.874620 0.408253
-0.094943 0.872904 0.408752
-0.094300 0.872690 0.408837
-0.091864 0.871047 0.409271
-0.091246 0.870841 0.409348
-0.089197 0.869474 0.409692
-0.088572 0.869260 0.409769
-0.086510 0.867844 0.410111
-0.085884 0.867620 0.410188
-0.083548 0.865891 0.410589
-0.082948 0.865670 0.410663
-0.080961 0.864216 0.410995
-0.079752 0.863750 0.411141
-0.080190 0.863027 0.411189
-0.080609 0.860573 0.411533
-0.080017 0.860152 0.411645
-0.080589 0.858437 0.411835
-0.079452 0.855229 0.412419
-0.079982 0.854251 0.412509
-0.079881 0.850485 0.413085
-0.080434 0.849450 0.413182
-0.080931 0.848422 0.413292
-0.081168 0.844991 0.413824
-0.081798 0.844009 0.413910
-0.082366 0.843028 0.414008
-0.082882 0.839855 0.414474
-0.083562 0.838910 0.414551
-0.084178 0.837964 0.414642
-0.085044 0.835410 0.414988
-0.086437 0.833589 0.415156
-0.086711 0.832791 0.415252
-0.087281 0.830987 0.415496
-0.088777 0.829149 0.415667
-0.089081 0.828350 0.415763
-0.089700 0.826569 0.415999
-0.091508 0.824058 0.416260
-0.091580 0.823387 0.416346
-0.091741 0.821164 0.416647
-0.088767 0.816891 0.417167
-0.090074 0.816996 0.417165
-0.090455 0.817002 0.417162
-0.090859 0.816907 0.417167
-0.093981 0.815051 0.417329
-0.094636 0.814122 0.417466
-0.095003 0.813999 0.417482
-0.095189 0.813976 0.417484
-0.096285 0.813385 0.417521
-0.097248 0.812821 0.417570
-0.099825 0.811006 0.417744
-0.100405 0.810342 0.417826
-0.100213 0.809071 0.417997
-0.100033 0.808705 0.418040
-0.099324 0.808115 0.418104
-0.098113 0.806796 0.418220
-0.097354 0.805731 0.418310
-0.096660 0.804747 0.418395
-0.096249 0.804028 0.418456
-0.097109 0.803330 0.418513
-0.097906 0.802648 0.418578
-0.098467 0.802114 0.418636
-0.099712 0.801104 0.418737
-0.100687 0.800199 0.418839
-0.101632 0.798957 0.418995
-0.102656 0.797926 0.419106
-0.103486 0.796979 0.419215
-0.104301 0.795187 0.419431
-0.104249 0.794740 0.419475
-0.104250 0.793999 0.419545
-0.103755 0.792851 0.419638
-0.103116 0.791858 0.419699
-0.102752 0.791292 0.419730
-0.102511 0.790767 0.419755
-0.102288 0.790327 0.419779
-0.102141 0.789985 0.419798
-0.102239 0.789885 0.419806
-0.102413 0.789629 0.419829
-0.102578 0.789537 0.419841
-0.102738 0.789405 0.419856
-0.103761 0.788695 0.419936
-0.104789 0.788095 0.420018
-0.105430 0.787628 0.420081
-0.106694 0.786685 0.420199
-0.107839 0.785918 0.420307
-0.109026 0.784088 0.420535
-0.108590 0.783454 0.420553
-0.108253 0.782968 0.420566
-0.108045 0.782495 0.420579
-0.107875 0.782154 0.420592
-0.107673 0.781713 0.420613
-0.107416 0.781223 0.420635
-0.107322 0.780867 0.420648
-0.107309 0.780634 0.420659
-0.107411 0.780538 0.420668
-0.107598 0.780200 0.420699
-0.108543 0.779520 0.420788
-0.109386 0.778882 0.420879
-0.109949 0.778425 0.420945
-0.111226 0.777468 0.421078
-0.112248 0.776679 0.421197
-0.112934 0.776089 0.421280
-0.113330 0.775627 0.421339
-0.113791 0.775022 0.421413
-0.113742 0.774201 0.421459
-0.113408 0.773595 0.421467
-0.113195 0.773132 0.421479
-0.113062 0.772781 0.421490
-0.112903 0.772331 0.421504
-0.112760 0.772004 0.421519
-0.112678 0.771599 0.421533
-0.112440 0.771067 0.421549
-0.112286 0.770655 0.421568
-0.112224 0.770295 0.421580
-0.112063 0.769830 0.421595
-0.111885 0.769383 0.421609
-0.111790 0.769007 0.421624
-0.111567 0.768599 0.421643
-0.111560 0.768489 0.421649
-0.111802 0.768298 0.421672
-0.111933 0.768075 0.421691
-0.112184 0.767920 0.421715
-0.112278 0.767821 0.421726
-0.113268 0.767102 0.421831
-0.114271 0.766483 0.421936
-0.115784 0.765446 0.422107
-0.116914 0.764598 0.422248
-0.117625 0.764022 0.422340
-0.118273 0.763232 0.422439
-0.118488 0.763001 0.422466
-0.118726 0.762355 0.422508
-0.118537 0.761896 0.422512
-0.118126 0.761447 0.422515
-0.118002 0.761020 0.422526
-0.117831 0.760636 0.422532
-0.117663 0.760201 0.422545
-0.117560 0.759764 0.422560
-0.117505 0.759350 0.422573
-0.117358 0.758930 0.422587
-0.117243 0.758565 0.422597
-0.117162 0.758179 0.422613
-0.117010 0.757782 0.422626
-0.116841 0.757210 0.422637
-0.116650 0.756720 0.422650
-0.116545 0.756229 0.422660
-0.116412 0.755740 0.422674
-0.116356 0.755350 0.422686
-0.116197 0.754943 0.422693
-0.116086 0.754406 0.422706
-0.116072 0.754263 0.422711
-0.117812 0.752837 0.422939
-0.118200 0.752390 0.423004
-0.120275 0.750625 0.423283
-0.120760 0.750051 0.423356
-0.122857 0.748117 0.423649
-0.123642 0.746341 0.423790
-0.123234 0.745546 0.423733
-0.122775 0.745083 0.423711
-0.122730 0.744487 0.423715
-0.122562 0.744091 0.423715
-0.122557 0.744041 0.423725
-0.122574 0.743848 0.423745
-0.122792 0.743699 0.423770
-0.122896 0.743482 0.423783
-0.123155 0.743324 0.423807
-0.123227 0.743218 0.423815
-0.124198 0.742466 0.423953
-0.125122 0.741881 0.424085
-0.125729 0.741419 0.424166
-0.127005 0.740429 0.424347
-0.127977 0.739610 0.424493
-0.128572 0.739079 0.424579
-0.129828 0.738023 0.424765
-0.130880 0.737164 0.424915
-0.131574 0.736554 0.425003
-0.132854 0.735469 0.425194
-0.134841 0.733288 0.425527
-0.134255 0.732896 0.425465
-0.133977 0.732192 0.425442
-0.133818 0.731585 0.425432
-0.133845 0.731025 0.425444
-0.133717 0.730527 0.425443
-0.133314 0.729807 0.425432
-0.133096 0.729129 0.425445
-0.132911 0.728333 0.425448
-0.132611 0.727784 0.425446
-0.132670 0.726913 0.425476
-0.132259 0.726390 0.425468
-0.131757 0.725815 0.425478
-0.131475 0.725089 0.425498
-0.131327 0.724563 0.425507
-0.131163 0.723962 0.425505
-0.130928 0.723164 0.425506
-0.130518 0.722478 0.425511
-0.130198 0.721529 0.425521
-0.129841 0.720863 0.425533
-0.129506 0.720133 0.425546
-0.129351 0.719623 0.425564
-0.129298 0.719062 0.425570
-0.129064 0.718540 0.425574
-0.128895 0.717779 0.425583
-0.128797 0.717146 0.425604
-0.128642 0.716643 0.425610
-0.128474 0.715881 0.425619
-0.128321 0.715138 0.425639
-0.128299 0.714945 0.425645
-0.128420 0.714618 0.425676
-0.128461 0.714435 0.425687
-0.128599 0.714127 0.425717
-0.129558 0.713312 0.425877
-0.130394 0.712572 0.426018
-0.130957 0.712058 0.426104
-0.132171 0.711048 0.426308
-0.133146 0.710158 0.426470
-0.133982 0.709087 0.426615
-0.134200 0.708672 0.426634
-0.134373 0.707897 0.426654
-0.134294 0.707742 0.426652
-0.134273 0.707455 0.426658
-0.134263 0.707294 0.426661
-0.134381 0.706974 0.426678
-0.134397 0.706812 0.426684
-0.134516 0.706538 0.426703
-0.134577 0.706373 0.426712
-0.134801 0.706086 0.426739
-0.134947 0.705636 0.426760
-0.134844 0.705145 0.426768
-0.134723 0.704733 0.426777
-0.134767 0.704395 0.426788
-0.134655 0.704082 0.426793
-0.134555 0.703595 0.426807
-0.134422 0.702933 0.426814
-0.134260 0.702005 0.426823
-0.134325 0.701307 0.426848
-0.134208 0.700601 0.426855
-0.134069 0.699967 0.426866
-0.134009 0.699442 0.426889
-0.134275 0.698325 0.426918
-0.133958 0.697806 0.426914
-0.133965 0.697019 0.426942
-0.133709 0.696416 0.426947
-0.133508 0.695639 0.426966
-0.133052 0.695142 0.426973
-0.132968 0.694351 0.426997
-0.132734 0.693428 0.427010
-0.132552 0.692618 0.427030
-0.132255 0.691755 0.427036
-0.131999 0.690920 0.427053
-0.131651 0.690188 0.427065
-0.131542 0.689221 0.427078
-0.131490 0.688345 0.427102
-0.131635 0.687570 0.427131
-0.131154 0.686721 0.427135
-0.130895 0.685902 0.427149
-0.130452 0.684803 0.427166
-0.130079 0.684011 0.427186
-0.129763 0.683192 0.427213
-0.129578 0.682204 0.427231
-0.129149 0.681234 0.427246
-0.129042 0.680370 0.427269
-0.129069 0.679691 0.427291
-0.129009 0.679010 0.427315
-0.129027 0.678150 0.427340
-0.128786 0.677713 0.427349
-0.128762 0.676862 0.427373
-0.128831 0.676125 0.427397
-0.128725 0.675805 0.427406
-0.128804 0.675614 0.427421
-0.128918 0.675345 0.427439
-0.129020 0.675127 0.427459
-0.129079 0.674845 0.427478
-0.129996 0.673884 0.427638
-0.130904 0.673084 0.427786
-0.131485 0.672529 0.427874
-0.132745 0.671387 0.428074
-0.133842 0.670499 0.428237
-0.135144 0.668323 0.428434
-0.134887 0.667713 0.428346
-0.134531 0.667033 0.428336
-0.134143 0.666105 0.428343
-0.134064 0.665229 0.428363
-0.133991 0.664123 0.428386
-0.133688 0.663363 0.428384
-0.133129 0.662197 0.428391
-0.132997 0.661345 0.428435
-0.132803 0.660623 0.428464
-0.132741 0.659698 0.428490
-0.132276 0.658703 0.428491
-0.132195 0.657491 0.428541
-0.131750 0.656644 0.428535
-0.131723 0.655828 0.428569
-0.131791 0.655186 0.428603
-0.131725 0.654491 0.428631
-0.131433 0.653563 0.428645
-0.131267 0.652578 0.428671
-0.131055 0.651716 0.428699
-0.130734 0.651036 0.428714
-0.130758 0.650044 0.428751
-0.130505 0.649705 0.428762
-0.130538 0.649517 0.428777
-0.130649 0.649037 0.428812
-0.130730 0.648831 0.428833
-0.130804 0.648594 0.428856
-0.131756 0.647663 0.429023
-0.132711 0.646859 0.429180
-0.133959 0.645526 0.429398
-0.133953 0.644923 0.429369
-0.133884 0.644185 0.429372
-0.133770 0.643519 0.429389
-0.133730 0.642560 0.429409
-0.133553 0.641521 0.429428
-0.133522 0.640315 0.429472
-0.133274 0.639616 0.429497
-0.133072 0.638953 0.429532
-0.132984 0.638295 0.429558
-0.132822 0.637642 0.429580
-0.132794 0.636584 0.429620
-0.132727 0.636136 0.429638
-0.132760 0.635912 0.429654
-0.132828 0.635273 0.429690
-0.132881 0.635123 0.429706
-0.132912 0.634923 0.429724
-0.132966 0.634748 0.429746
-0.133928 0.633839 0.429915
-0.134756 0.633017 0.430067
-0.136224 0.631706 0.430309
-0.137398 0.630606 0.430501
-0.138177 0.629820 0.430616
-0.139064 0.628533 0.430724
-0.139364 0.628082 0.430750
-0.139624 0.627415 0.430777
-0.139725 0.627165 0.430784
-0.139791 0.626055 0.430805
-0.139540 0.625108 0.430809
-0.139571 0.624111 0.430840
-0.139356 0.623420 0.430859
-0.138871 0.622204 0.430879
-0.138497 0.621664 0.430904
-0.138349 0.621226 0.430938
-0.138225 0.620449 0.430956
-0.137986 0.619477 0.430980
-0.137922 0.619313 0.430992
-0.139541 0.617654 0.431321
-0.140008 0.617013 0.431411
-0.141174 0.615811 0.431622
-0.142197 0.614865 0.431799
-0.143331 0.613726 0.431973
-0.143728 0.613352 0.432012
-0.144109 0.612864 0.432045
-0.144273 0.612694 0.432056
-0.144435 0.612354 0.432069
-0.144537 0.612229 0.432078
-0.144631 0.611970 0.432093
-0.144674 0.611871 0.432103
-0.144514 0.611315 0.432115
-0.144423 0.610537 0.432137
-0.144408 0.609588 0.432172
-0.144124 0.608249 0.432192
-0.143791 0.607484 0.432227
-0.143571 0.606547 0.432269
-0.143462 0.605491 0.432298
-0.143448 0.605188 0.432316
-0.143518 0.604748 0.432356
-0.143553 0.604457 0.432375
-0.143693 0.603975 0.432418
-0.144577 0.603136 0.432595
-0.145377 0.602347 0.432756
-0.145933 0.601783 0.432859
-0.147140 0.600570 0.433093
-0.148206 0.599496 0.433291
-0.149332 0.598329 0.433483
-0.149853 0.597235 0.433553
-0.149834 0.596524 0.433552
-0.149581 0.596173 0.433547
-0.149603 0.595470 0.433577
-0.149594 0.594868 0.433601
-0.149452 0.594330 0.433614
-0.149205 0.593706 0.433627
-0.148878 0.593215 0.433643
-0.148847 0.591995 0.433679
-0.148644 0.590894 0.433707
-0.148374 0.590149 0.433729
-0.148487 0.589258 0.433791
-0.148358 0.588366 0.433821
-0.148376 0.587889 0.433848
-0.148456 0.587664 0.433869
-0.148543 0.587214 0.433906
-0.148628 0.587021 0.433928
-0.148712 0.586797 0.433951
-0.149631 0.585811 0.434140
-0.150508 0.585015 0.434319
-0.151092 0.584404 0.434435
-0.152252 0.583275 0.434675
-0.153173 0.582401 0.434872
-0.154241 0.581540 0.435078
-0.155038 0.580573 0.435190
-0.155179 0.579834 0.435200
-0.155053 0.579106 0.435204
-0.154855 0.578574 0.435208
-0.154740 0.577747 0.435239
-0.154627 0.577172 0.435273
-0.154721 0.576756 0.435292
-0.155150 0.576035 0.433749
-0.155302 0.575593 0.433306
-0.155775 0.574771 0.431269
-0.155886 0.574371 0.430702
-0.156298 0.573462 0.428536
-0.156318 0.573255 0.427930
-0.156623 0.572673 0.425715
-0.156757 0.572235 0.425112
-0.157157 0.571442 0.422906
-0.157225 0.570690 0.421906
-0.157390 0.570200 0.420797
-0.157683 0.569032 0.419392
-0.157817 0.568545 0.418178
-0.157990 0.567499 0.416664
-0.158174 0.566899 0.415431
-0.158279 0.566354 0.414486
-0.158361 0.565981 0.413892
-0.159258 0.564795 0.413663
-0.160085 0.563676 0.413570
-0.160996 0.562455 0.413488
-0.161233 0.561970 0.413470
-0.161509 0.561384 0.413466
-0.161629 0.560436 0.413486
-0.161672 0.559573 0.413552
-0.161606 0.558261 0.413623
-0.161456 0.557495 0.413680
-0.161167 0.557273 0.413712
-0.161052 0.556723 0.413736
-0.160841 0.555706 0.413770
-0.160769 0.555098 0.413835
-0.160760 0.554359 0.413893
-0.160618 0.554003 0.413922
-0.160644 0.553882 0.413940
-0.160742 0.553461 0.413976
-0.161571 0.552507 0.414128
-0.162306 0.551621 0.414268
-0.162870 0.550897 0.414368
-0.164066 0.549482 0.414582
-0.165022 0.548391 0.414762
-0.165662 0.547652 0.414880
-0.166909 0.546173 0.415107
-0.167942 0.544970 0.415300
-0.168689 0.543997 0.415435
-0.169277 0.542979 0.415540
-0.170177 0.541394 0.414069
-0.170670 0.540283 0.413102
-0.170840 0.539117 0.412980
-0.170722 0.537943 0.413024
-0.170543 0.537508 0.413066
-0.170359 0.537169 0.413093
-0.170179 0.536866 0.413111
-0.170145 0.536128 0.413155
-0.170019 0.535944 0.413171
-0.170013 0.535919 0.413181
-0.170047 0.535688 0.413204
-0.170130 0.535525 0.413223
-0.170332 0.535244 0.412363
-0.170524 0.534840 0.411657
-0.170702 0.534507 0.411219
-0.170948 0.534037 0.410069
-0.171128 0.533689 0.409171
-0.171333 0.533359 0.407720
-0.171522 0.533127 0.406634
-0.171735 0.532764 0.405958
-0.172002 0.532279 0.404654
-0.172238 0.531959 0.403664
-0.172481 0.531512 0.403046
-0.172704 0.531145 0.402664
-0.173166 0.529836 0.402147
-0.173176 0.528689 0.402178
-0.173053 0.528412 0.402242
-0.173115 0.527405 0.402308
-0.173051 0.526654 0.402367
-0.172954 0.526433 0.402412
-0.172954 0.525898 0.402457
-0.172971 0.524788 0.402545
-0.172748 0.524677 0.402567
-0.172528 0.524238 0.402586
-0.172380 0.523813 0.402611
-0.172157 0.523095 0.402645
-0.172103 0.522861 0.402667
-0.172267 0.522458 0.402700
-0.172338 0.522222 0.402722
-0.172607 0.521657 0.402773
-0.172704 0.521323 0.402804
-0.172968 0.520743 0.402857
-0.173069 0.520356 0.402891
-0.173403 0.519481 0.402961
-0.173459 0.518271 0.403086
-0.173361 0.517179 0.403185
-0.173346 0.516880 0.403208
-0.173368 0.516454 0.403254
-0.173365 0.516197 0.403276
-0.173404 0.515924 0.403303
-0.174167 0.514900 0.403399
-0.174884 0.513942 0.403497
-0.175432 0.513258 0.403576
-0.176514 0.512124 0.403705
-0.178107 0.510399 0.403912
-0.179318 0.509017 0.404061
-0.181821 0.506116 0.404412
-0.182445 0.505101 0.404510
-0.182521 0.504855 0.404528
-0.182603 0.504596 0.403638
-0.182750 0.504040 0.402444
-0.182819 0.503750 0.401253
-0.182889 0.502857 0.399145
-0.182883 0.502200 0.398844
-0.182823 0.501278 0.398848
-0.182624 0.500887 0.398866
-0.182619 0.500809 0.398879
-0.182648 0.500456 0.398908
-0.182696 0.500310 0.398925
-0.182756 0.499950 0.398953
-0.182802 0.499681 0.398066
-0.182832 0.499392 0.397332
-0.182849 0.499238 0.396868
-0.182897 0.498969 0.395679
-0.182957 0.498600 0.394758
-0.183012 0.498239 0.393278
-0.183067 0.497744 0.392175
-0.183145 0.497404 0.391487
-0.183886 0.496336 0.391135
-0.184567 0.495351 0.390949
-0.185705 0.493919 0.390916
-0.188087 0.491420 0.390991
-0.188801 0.491113 0.391012
-0.189028 0.490364 0.391033
-0.188995 0.489833 0.391059
-0.188876 0.489398 0.391082
-0.188758 0.488810 0.391123
-0.188652 0.488272 0.391157
-0.188487 0.487756 0.391184
-0.188438 0.487547 0.391193
-0.188435 0.487277 0.391221
-0.188436 0.487098 0.391234
-0.188510 0.486715 0.391269
-0.188538 0.486489 0.391287
-0.188658 0.486121 0.391331
-0.188699 0.485839 0.391351
-0.189356 0.484786 0.391453
-0.190011 0.483909 0.391563
-0.191103 0.482547 0.391731
-0.192070 0.481325 0.391890
-0.192781 0.480578 0.392003
-0.193933 0.479250 0.392184
-0.194930 0.478142 0.392346
-0.195673 0.477427 0.392466
-0.196825 0.476141 0.392651
-0.199370 0.473878 0.393066
-0.200324 0.473321 0.393181
-0.200537 0.472973 0.393190
-0.200531 0.472513 0.393204
-0.200425 0.472054 0.393220
-0.200238 0.471473 0.393243
-0.200054 0.470883 0.393276
-0.200634 0.469950 0.393400
-0.201569 0.468448 0.393613
-0.202408 0.467162 0.393796
-0.204471 0.464439 0.394282
-0.204822 0.463988 0.394364
-0.204827 0.463460 0.394386
-0.204778 0.463133 0.394404
-0.204647 0.462595 0.394423
-0.204455 0.462053 0.394437
-0.204419 0.461852 0.394447
-0.204413 0.461550 0.394471
-0.204402 0.461366 0.394482
-0.204471 0.461150 0.394513
-0.204493 0.460963 0.394526
-0.204588 0.460707 0.394555
-0.204611 0.460522 0.394566
-0.204734 0.460213 0.394600
-0.204768 0.460012 0.394614
-0.204980 0.459629 0.394669
-0.205210 0.459651 0.394693
-0.205530 0.459792 0.394712
-0.205797 0.459842 0.394720
-0.206141 0.459882 0.394746
-0.206468 0.460047 0.394755
-0.206927 0.460220 0.394774
-0.207307 0.460454 0.394780
-0.207619 0.460581 0.394777
-0.207984 0.460722 0.394790
-0.208458 0.460750 0.394815
-0.208883 0.460983 0.394819
-0.209331 0.461118 0.394830
-0.209666 0.461246 0.394823
-0.210046 0.461336 0.394824
-0.210154 0.461339 0.394828
-0.210184 0.461579 0.394827
-0.210244 0.461669 0.394825
-0.210177 0.462016 0.394797
-0.210217 0.462118 0.394784
-0.210178 0.462457 0.394755
-0.210400 0.462776 0.394709
-0.210850 0.462850 0.394702
-0.211235 0.462840 0.394704
-0.211513 0.462930 0.394700
-0.211592 0.462797 0.393781
-0.211797 0.462670 0.392534
-0.211931 0.462475 0.391319
-0.212253 0.462369 0.389769
-0.212421 0.462102 0.388479
-0.213165 0.462072 0.386213
-0.213754 0.462452 0.385821
-0.214399 0.462843 0.385745
-0.215018 0.463202 0.385709
-0.215628 0.463514 0.385688
-0.216017 0.463371 0.385702
-0.216538 0.463602 0.385709
-0.216919 0.463829 0.385684
-0.217233 0.464016 0.385659
-0.217604 0.464093 0.385636
-0.217898 0.464128 0.385636
-0.218355 0.464092 0.385667
-0.218748 0.464137 0.385655
-0.219051 0.464375 0.385640
-0.219602 0.464411 0.385658
-0.220061 0.464480 0.385655
-0.220569 0.464457 0.385652
-0.220977 0.464473 0.385639
-0.221387 0.464559 0.385633
-0.221739 0.464632 0.385624
-0.222106 0.464748 0.385602
-0.222609 0.464791 0.385595
-0.223025 0.464900 0.385578
-0.223574 0.465222 0.385559
-0.223886 0.465339 0.385499
-0.224162 0.465588 0.385469
-0.224661 0.465663 0.385458
-0.224747 0.465551 0.385459
-0.224881 0.465458 0.385462
-0.225136 0.465281 0.385476
-0.225288 0.465251 0.385483
-0.225515 0.465123 0.385482
-0.225641 0.465073 0.385483
-0.225880 0.464887 0.385492
-0.225989 0.464809 0.385498
-0.226129 0.464515 0.385505
-0.226228 0.464485 0.385512
-0.226364 0.464332 0.385517
-0.226488 0.464286 0.385529
-0.226747 0.464095 0.385549
-0.226881 0.464041 0.385550
-0.227059 0.463881 0.385540
-0.227160 0.463802 0.385536
-0.227324 0.463541 0.385523
-0.227403 0.463509 0.385514
-0.227577 0.463308 0.385507
-0.227680 0.463265 0.385505
-0.227866 0.463074 0.385507
-0.227979 0.462984 0.385510
-0.228143 0.462686 0.385515
-0.228230 0.462646 0.385509
-0.228426 0.462313 0.385495
-0.228484 0.462077 0.385472
-0.228509 0.461856 0.385475
-0.228532 0.461776 0.385514
-0.228569 0.461574 0.385571
-0.228573 0.461461 0.385620
-0.228576 0.461172 0.385688
-0.228581 0.461079 0.385747
-0.228568 0.460822 0.385832
-0.228543 0.460720 0.385891
-0.228481 0.460517 0.385963
-0.228443 0.460472 0.386017
-0.228403 0.460303 0.386066
-0.228412 0.460162 0.386102
-0.228419 0.459955 0.386128
-0.228408 0.459778 0.386179
-0.228394 0.459561 0.386228
-0.228421 0.459428 0.386264
-0.228435 0.459259 0.386289
-0.228482 0.459114 0.386311
-0.228508 0.459026 0.386359
-0.228521 0.458880 0.386400
-0.228567 0.458761 0.386427
-0.228602 0.458656 0.386480
-0.228633 0.458487 0.386525
-0.228712 0.458333 0.386564
-0.228787 0.458134 0.386596
-0.228847 0.457961 0.386654
-0.228937 0.457841 0.386702
-0.229025 0.457623 0.386740
-0.229150 0.457434 0.386767
-0.229303 0.456684 0.386808
-0.229353 0.456085 0.386832
-0.229318 0.455909 0.386838
-0.229276 0.455655 0.386843
-0.229265 0.455465 0.386854
-0.229375 0.455169 0.386890
-0.229416 0.454956 0.386899
-0.229629 0.454690 0.386921
-0.229697 0.454552 0.386927
-0.229891 0.454339 0.386939
-0.229985 0.454190 0.386947
-0.230317 0.453911 0.386947
-0.230657 0.453937 0.386924
-0.231076 0.453972 0.386888
-0.231592 0.454253 0.386854
-0.232110 0.454431 0.386800
-0.232664 0.454664 0.386742
-0.233218 0.454936 0.386676
-0.233316 0.455193 0.387586
-0.233709 0.455673 0.389280
-0.234115 0.455759 0.389505
-0.234714 0.455710 0.389515
-0.235048 0.455432 0.389499
-0.235382 0.455566 0.389484
-0.235505 0.455541 0.389478
-0.235739 0.455457 0.389460
-0.235888 0.455446 0.389451
-0.236180 0.455313 0.389424
-0.236355 0.455259 0.389415
-0.236608 0.455097 0.389387
-0.236785 0.455060 0.389382
-0.237083 0.454925 0.389363
-0.237217 0.454934 0.389341
-0.237409 0.454884 0.389294
-0.237539 0.454894 0.389275
-0.237767 0.454765 0.389245
-0.237900 0.454712 0.389238
-0.238116 0.454449 0.389226
-0.238212 0.454355 0.389220
-0.238410 0.454107 0.389221
-0.238529 0.454050 0.389215
-0.238749 0.453941 0.389190
-0.238867 0.453868 0.389176
-0.239080 0.453642 0.389166
-0.239243 0.453590 0.389165
-0.239489 0.453270 0.389159
-0.240049 0.453248 0.389105
-0.240619 0.453370 0.389027
-0.241395 0.453869 0.388916
-0.242077 0.454285 0.388795
-0.242484 0.454440 0.388722
-0.242964 0.454769 0.388632
-0.243558 0.455024 0.388567
-0.244299 0.455591 0.388459
-0.244719 0.455680 0.388369
-0.245056 0.455947 0.388286
-0.245669 0.456285 0.388222
-0.246132 0.456509 0.388149
-0.246540 0.456551 0.388095
-0.246937 0.456587 0.388075
-0.247496 0.456926 0.387992
-0.248064 0.457086 0.387899
-0.248575 0.457235 0.387860
-0.249054 0.457495 0.387746
-0.249858 0.457530 0.387699
-0.250287 0.457721 0.387589
-0.250746 0.457763 0.387480
-0.250858 0.457803 0.387455
-0.251049 0.457775 0.387417
-0.251142 0.457770 0.387397
-0.251248 0.457682 0.387379
-0.251328 0.457615 0.387371
-0.251520 0.457535 0.387347
-0.251658 0.457503 0.387338
-0.251900 0.457307 0.387334
-0.252084 0.457377 0.387312
-0.252405 0.457283 0.387285
-0.252542 0.457248 0.387253
-0.252802 0.456998 0.387219
-0.254263 0.456428 0.386905
-0.254795 0.456564 0.386833
-0.254919 0.456687 0.386799
-0.255014 0.456807 0.386754
-0.255174 0.456846 0.386720
-0.255354 0.456844 0.386688
-0.255831 0.456963 0.386620
-0.256075 0.456956 0.386600
-0.256502 0.456990 0.386543
-0.256672 0.456930 0.386510
-0.257100 0.456984 0.386450
-0.257270 0.456980 0.386427
-0.257636 0.457123 0.386382
-0.257737 0.457032 0.386363
-0.258053 0.457071 0.386318
-0.258167 0.456959 0.386287
-0.258498 0.456711 0.386261
-0.258587 0.456610 0.386247
-0.258815 0.456476 0.386218
-0.258908 0.456022 0.386132
-0.259083 0.456001 0.386124
-0.259157 0.455761 0.386090
-0.259445 0.455765 0.386008
-0.259475 0.455709 0.386001
-0.259521 0.455597 0.385985
-0.259545 0.455517 0.385972
-0.259685 0.455412 0.385959
-0.259759 0.455323 0.385949
-0.259983 0.455233 0.385926
-0.260091 0.455152 0.385918
-0.260292 0.455140 0.385875
-0.260422 0.455065 0.385855
-0.261155 0.455043 0.385764
-0.261972 0.454740 0.385662
-0.262994 0.455054 0.385533
-0.263941 0.455074 0.385405
-0.264868 0.455176 0.385239
-0.265758 0.455597 0.385049
-0.266359 0.455577 0.384849
-0.267189 0.455547 0.384704
-0.268009 0.455618 0.384528
-0.268959 0.456168 0.384377
-0.269440 0.456467 0.384220
-0.269685 0.456598 0.384089
-0.270208 0.456808 0.383994
-0.270705 0.457033 0.383849
-0.271104 0.457579 0.383752
-0.271058 0.457593 0.383655
-0.271400 0.457480 0.383628
-0.272101 0.458114 0.383540
-0.273120 0.458461 0.383336
-0.273433 0.458663 0.383237
-0.273479 0.458628 0.383237
-0.273487 0.458538 0.383250
-0.273633 0.458407 0.383275
-0.273728 0.458414 0.383284
-0.273877 0.458387 0.383267
-0.274043 0.458414 0.383246
-0.274385 0.458593 0.383170
-0.274500 0.458646 0.383133
-0.274872 0.458832 0.383067
-0.275006 0.458910 0.383002
-0.275306 0.459197 0.382877
-0.275455 0.459207 0.382821
-0.275747 0.459102 0.382754
-0.275951 0.459028 0.382705
-0.276680 0.458974 0.382617
-0.277001 0.459173 0.382578
-0.277710 0.459381 0.382453
-0.278047 0.459405 0.382371
-0.278541 0.459472 0.382266
-0.278833 0.459508 0.382207
-0.279350 0.459530 0.382054
-0.279597 0.459412 0.382008
-0.280189 0.459072 0.382028
-0.280525 0.459004 0.382008
-0.280969 0.458810 0.381923
-0.281160 0.458695 0.381904
-0.281654 0.458507 0.381862
-0.281873 0.458440 0.381821
-0.282188 0.458526 0.381734
-0.282457 0.458434 0.381720
-0.282769 0.458225 0.381593
-0.282896 0.458088 0.381533
-0.283230 0.457845 0.381469
-0.283470 0.457704 0.381426
-0.284051 0.457573 0.381344
-0.284337 0.457406 0.381337
-0.284908 0.457145 0.381270
-0.285303 0.457165 0.381209
-0.285891 0.457022 0.380970
-0.286310 0.457059 0.380901
-0.286860 0.457109 0.380788
-0.287044 0.457083 0.380723
-0.287438 0.456950 0.380577
-0.287617 0.456832 0.380474
-0.288080 0.456770 0.380320
-0.288310 0.456751 0.380254
-0.288847 0.456804 0.380100
-0.289198 0.456743 0.380018
-0.290027 0.456354 0.379917
-0.290665 0.456108 0.379882
-0.291678 0.456143 0.379575
-0.292289 0.456044 0.379495
-0.293312 0.456356 0.379231
-0.293974 0.456518 0.379119
-0.295363 0.456920 0.378794
-0.295901 0.457021 0.378632
-0.296698 0.457213 0.378260
-0.297162 0.457357 0.378053
-0.298195 0.457577 0.377701
-0.298851 0.457788 0.377569
-0.299249 0.457915 0.377391
-0.299799 0.458175 0.377220
-0.301067 0.458548 0.376854
-0.301465 0.458809 0.376677
-0.302204 0.459089 0.376430
-0.302404 0.459252 0.376337
-0.303009 0.459700 0.376220
-0.303295 0.459902 0.376200
-0.303749 0.460134 0.376143
-0.303938 0.460150 0.376097
-0.304089 0.460138 0.376044
-0.304216 0.460086 0.376021
-0.304326 0.460017 0.375955
-0.304426 0.459949 0.375929
-0.304551 0.459694 0.375838
-0.304705 0.459561 0.375781
-0.304784 0.459361 0.375667
-0.304850 0.459212 0.375611
-0.305070 0.458902 0.375464
-0.305257 0.458651 0.375404
-0.305401 0.458372 0.375330
-0.305548 0.458209 0.375322
-0.305998 0.458033 0.375207
-0.306264 0.457888 0.375100
-0.306894 0.457427 0.374835
-0.307268 0.457248 0.374704
-0.307964 0.456781 0.374499
-0.308421 0.456836 0.374365
-0.309521 0.456676 0.374160
-0.310087 0.456481 0.374062
-0.311162 0.456611 0.373719
-0.311827 0.456640 0.373565
-0.313204 0.456940 0.373243
-0.313835 0.457051 0.373126
-0.315254 0.456921 0.372847
-0.315960 0.456894 0.372683
-0.317280 0.456996 0.372352
-0.317887 0.456975 0.372222
-0.318728 0.457184 0.371999
-0.319127 0.457158 0.371941
-0.319935 0.457313 0.371764
-0.320337 0.457369 0.371711
-0.320856 0.457646 0.371701
-0.321099 0.457812 0.371665
-0.321842 0.457933 0.371660
-0.322088 0.458064 0.371594
-0.322893 0.458145 0.371588
-0.323119 0.458230 0.371529
-0.323705 0.458592 0.371444
-0.324165 0.458823 0.371438
-0.324885 0.459391 0.371265
-0.325250 0.459604 0.371218
-0.325777 0.459717 0.371170
-0.326071 0.459787 0.371165
-0.326510 0.459773 0.371121
-0.326603 0.459788 0.371048
-0.326820 0.459651 0.370967
-0.326913 0.459571 0.370979
-0.327330 0.459572 0.371020
-0.327493 0.459551 0.371028
-0.327931 0.459527 0.371046
-0.328278 0.459508 0.371129
-0.328910 0.459637 0.371171
-0.329188 0.459631 0.371167
-0.329812 0.459671 0.371177
-0.330282 0.459698 0.371201
-0.330814 0.459519 0.371107
-0.331105 0.459485 0.371137
-0.331573 0.459533 0.371165
-0.331930 0.459520 0.371187
-0.332548 0.459507 0.371187
-0.332867 0.459484 0.371175
-0.333403 0.459531 0.371133
-0.333757 0.459546 0.371099
-0.334451 0.459493 0.370982
-0.334955 0.459475 0.370943
-0.335546 0.459754 0.370782
-0.335986 0.459684 0.370697
-0.336876 0.459549 0.370553
-0.337324 0.459628 0.370498
-0.337882 0.460007 0.370253
-0.338305 0.460002 0.370133
-0.339249 0.460095 0.370135
