-0.800038 1.000036 0.249781 1.000000 0.000002 0.000002 0.000188
-0.800039 1.000039 0.249828 1.000000 -0.000002 0.000001 0.000191
-0.800039 1.000040 0.249851 1.000000 -0.000003 0.000003 0.000195
-0.800041 1.000039 0.249897 1.000000 -0.000001 -0.000001 0.000198
-0.800040 1.000039 0.249900 1.000000 -0.000002 -0.000000 0.000201
-0.800044 1.000039 0.249879 1.000000 0.000004 -0.000001 0.000236
-0.800041 1.000047 0.249760 1.000000 -0.000010 0.000006 0.000238
-0.800040 1.000041 0.249751 1.000000 0.000001 0.000008 0.000238
-0.800044 1.000038 0.249784 1.000000 0.000008 -0.000000 0.000239
-0.800044 1.000042 0.249793 1.000000 -0.000001 0.000001 0.000240
-0.800046 1.000043 0.249797 1.000000 -0.000001 -0.000003 0.000241
-0.800043 1.000040 0.249771 1.000000 0.000003 0.000002 0.000242
-0.800047 1.000043 0.249771 1.000000 -0.000002 -0.000005 0.000243
-0.800045 1.000044 0.249793 1.000000 -0.000004 -0.000001 0.000245
-0.800044 1.000047 0.249777 1.000000 -0.000009 0.000001 0.000246
-0.800048 1.000041 0.249809 1.000000 0.000002 -0.000007 0.000247
-0.800048 1.000041 0.249815 1.000000 0.000004 -0.000005 0.000248
-0.800042 1.000041 0.249783 1.000000 0.000003 0.000007 0.000250
-0.800047 1.000044 0.249780 1.000000 -0.000003 -0.000002 0.000251
-0.800047 1.000044 0.249801 1.000000 -0.000003 -0.000002 0.000252
-0.800047 1.000043 0.249874 1.000000 -0.000001 -0.000003 0.000255
-0.800047 1.000043 0.249916 1.000000 0.000001 -0.000001 0.000256
-0.800046 1.000044 0.249902 1.000000 -0.000001 -0.000001 0.000258
-0.800046 1.000044 0.249896 1.000000 -0.000002 -0.000000 0.000260
-0.800048 1.000044 0.249886 1.000000 -0.000000 -0.000003 0.000261
-0.800047 1.000042 0.249922 1.000000 0.000002 -0.000002 0.000263
-0.800048 1.000044 0.249920 1.000000 0.000000 -0.000003 0.000263
-0.800048 1.000042 0.249848 1.000000 0.000004 -0.000002 0.000265
-0.800048 1.000044 0.249860 1.000000 0.000001 -0.000002 0.000269
-0.800049 1.000044 0.249942 1.000000 0.000000 -0.000002 0.000270
-0.800049 1.000044 0.249937 1.000000 0.000000 -0.000004 0.000271
-0.800048 1.000044 0.249926 1.000000 0.000002 -0.000001 0.000272
-0.800047 1.000047 0.249889 1.000000 -0.000005 0.000000 0.000273
-0.800047 1.000044 0.249863 1.000000 0.000001 0.000002 0.000274
-0.800047 1.000045 0.249875 1.000000 -0.000001 0.000000 0.000274
-0.800047 1.000046 0.249891 1.000000 -0.000003 0.000001 0.000276
-0.800049 1.000045 0.249919 1.000000 0.000001 -0.000003 0.000276
-0.800049 1.000044 0.249873 1.000000 0.000001 -0.000001 0.000278
-0.800048 1.000046 0.249874 1.000000 -0.000002 -0.000000 0.000279
-0.800048 1.000046 0.249915 1.000000 -0.000002 -0.000001 0.000281
-0.800048 1.000044 0.249928 1.000000 0.000002 -0.000001 0.000282
-0.800049 1.000046 0.249901 1.000000 -0.000002 -0.000002 0.000284
-0.800048 1.000046 0.249901 1.000000 -0.000002 0.000001 0.000285
-0.800049 1.000047 0.249890 1.000000 -0.000003 -0.000001 0.000287
-0.800050 1.000045 0.249903 1.000000 0.000001 -0.000002 0.000287
-0.800048 1.000046 0.249923 1.000000 -0.000000 0.000001 0.000288
-0.800050 1.000045 0.249915 1.000000 0.000001 -0.000001 0.000288
-0.800051 1.000046 0.249875 1.000000 0.000000 -0.000005 0.000291
-0.800047 1.000045 0.249845 1.000000 0.000003 0.000003 0.000291
-0.800049 1.000045 0.249819 1.000000 0.000002 0.000002 0.000293
-0.800050 1.000046 0.249857 1.000000 0.000000 -0.000001 0.000294
-0.800051 1.000046 0.249885 1.000000 -0.000000 -0.000002 0.000295
-0.800051 1.000046 0.249921 1.000000 0.000002 -0.000002 0.000296
-0.800050 1.000046 0.249931 1.000000 0.000002 -0.000001 0.000297
-0.800050 1.000047 0.249935 1.000000 -0.000001 -0.000001 0.000298
-0.800049 1.000048 0.249876 1.000000 -0.000004 0.000001 0.000299
-0.800050 1.000047 0.249868 1.000000 -0.000001 0.000000 0.000299
-0.800052 1.000046 0.249898 1.000000 0.000002 -0.000004 0.000301
-0.800051 1.000048 0.249886 1.000000 -0.000003 -0.000001 0.000302
-0.800049 1.000048 0.249894 1.000000 -0.000003 0.000002 0.000302
-0.800053 1.000046 0.249904 1.000000 0.000002 -0.000004 0.000303
-0.800049 1.000048 0.249895 1.000000 -0.000002 0.000004 0.000303
-0.800051 1.000047 0.249887 1.000000 0.000001 -0.000001 0.000304
-0.800051 1.000047 0.249880 1.000000 0.000000 0.000000 0.000306
-0.800052 1.000048 0.249897 1.000000 -0.000001 -0.000001 0.000306
-0.800052 1.000047 0.249900 1.000000 0.000002 -0.000002 0.000307
-0.800054 1.000047 0.249871 1.000000 0.000001 -0.000005 0.000309
-0.800050 1.000049 0.249834 1.000000 -0.000002 0.000004 0.000310
-0.800054 1.000046 0.249832 1.000000 0.000004 -0.000004 0.000310
-0.800052 1.000049 0.249844 1.000000 -0.000002 0.000000 0.000311
-0.800053 1.000048 0.249878 1.000000 -0.000001 -0.000002 0.000312
-0.800051 1.000048 0.249901 1.000000 0.000001 0.000001 0.000312
-0.800053 1.000049 0.249912 1.000000 -0.000001 -0.000002 0.000313
-0.800052 1.000048 0.249898 1.000000 0.000002 0.000001 0.000314
-0.800053 1.000047 0.249885 1.000000 0.000003 -0.000001 0.000315
-0.800053 1.000049 0.249874 1.000000 -0.000001 -0.000001 0.000318
-0.470060 0.720058 0.249932 1.000000 -0.000000 -0.000001 0.000502
-0.470060 0.720060 0.249900 1.000000 -0.000004 -0.000001 0.000507
-0.470060 0.720057 0.249892 1.000000 0.000003 -0.000002 0.000508
-0.470059 0.720058 0.249891 1.000000 -0.000000 -0.000001 0.000509
-0.470058 0.720060 0.249848 1.000000 -0.000003 0.000003 0.000512
-0.470060 0.720055 0.249839 1.000000 0.000006 -0.000000 0.000518
-0.470061 0.720057 0.249839 1.000000 0.000002 -0.000002 0.000520
-0.470061 0.720057 0.249864 1.000000 0.000002 -0.000003 0.000521
-0.470061 0.720058 0.249897 1.000000 0.000001 -0.000002 0.000521
-0.470060 0.720059 0.249925 1.000000 -0.000001 -0.000001 0.000521
-0.470061 0.720058 0.249949 1.000000 0.000001 -0.000002 0.000522
-0.470061 0.720059 0.249958 1.000000 -0.000001 -0.000002 0.000522
-0.470060 0.720060 0.249926 1.000000 -0.000004 -0.000001 0.000524
-0.470059 0.720060 0.249907 1.000000 -0.000002 0.000001 0.000525
-0.470061 0.720057 0.249864 1.000000 0.000003 -0.000003 0.000526
-0.470061 0.720060 0.249924 1.000000 -0.000003 -0.000003 0.000528
-0.470063 0.720057 0.249792 1.000000 0.000003 -0.000006 0.000530
-0.470061 0.720055 0.249802 1.000000 0.000006 -0.000002 0.000533
-0.470060 0.720060 0.249826 1.000000 -0.000002 -0.000001 0.000535
-0.470058 0.720059 0.249829 1.000000 -0.000001 0.000004 0.000535
-0.470061 0.720058 0.249834 1.000000 0.000002 -0.000001 0.000536
-0.470061 0.720058 0.249847 1.000000 0.000001 -0.000002 0.000536
-0.470059 0.720060 0.249858 1.000000 -0.000003 0.000003 0.000537
-0.470061 0.720059 0.249870 1.000000 -0.000001 -0.000002 0.000537
-0.470062 0.720058 0.249880 1.000000 0.000001 -0.000003 0.000538
-0.470059 0.720058 0.249874 1.000000 0.000002 0.000002 0.000539
-0.470060 0.720059 0.249867 1.000000 0.000000 0.000001 0.000540
-0.470059 0.720059 0.249853 1.000000 0.000000 0.000003 0.000542
-0.470062 0.720061 0.249853 1.000000 -0.000004 -0.000003 0.000543
-0.470063 0.720056 0.249824 1.000000 0.000006 -0.000005 0.000544
-0.470060 0.720059 0.249834 1.000000 0.000001 0.000001 0.000545
-0.470061 0.720059 0.249942 1.000000 0.000001 -0.000001 0.000546
-0.470061 0.720058 0.249949 1.000000 0.000001 -0.000002 0.000548
-0.470060 0.720061 0.249834 1.000000 -0.000004 0.000001 0.000550
-0.470061 0.720059 0.249830 1.000000 0.000001 -0.000001 0.000552
-0.470061 0.720059 0.249875 1.000000 0.000001 0.000000 0.000554
-0.470061 0.720060 0.249888 1.000000 -0.000002 -0.000001 0.000555
-0.470061 0.720058 0.249891 1.000000 0.000003 -0.000000 0.000557
-0.470062 0.720060 0.249888 1.000000 -0.000001 -0.000003 0.000557
-0.470060 0.720059 0.249887 1.000000 0.000000 0.000001 0.000558
-0.470060 0.720060 0.249902 1.000000 -0.000000 0.000002 0.000559
-0.470060 0.720060 0.249919 1.000000 -0.000002 0.000001 0.000559
-0.470061 0.720061 0.249929 1.000000 -0.000002 -0.000001 0.000559
-0.470061 0.720059 0.249938 1.000000 0.000001 -0.000001 0.000560
-0.470061 0.720060 0.249947 1.000000 -0.000000 -0.000001 0.000560
-0.470061 0.720061 0.249954 1.000000 -0.000002 -0.000001 0.000561
-0.470062 0.720059 0.249914 1.000000 0.000001 -0.000002 0.000564
-0.470060 0.720060 0.249928 1.000000 -0.000001 0.000001 0.000567
-0.470061 0.720060 0.249956 1.000000 -0.000001 -0.000000 0.000570
-0.470061 0.720058 0.249941 1.000000 0.000004 -0.000000 0.000572
-0.470062 0.720058 0.249860 1.000000 0.000003 -0.000002 0.000575
-0.470058 0.720058 0.249815 1.000000 0.000005 0.000005 0.000579
-0.470060 0.720060 0.249788 1.000000 0.000001 0.000001 0.000579
-0.470061 0.720059 0.249845 1.000000 0.000003 -0.000001 0.000581
-0.470061 0.720061 0.249868 1.000000 -0.000001 -0.000000 0.000582
-0.470062 0.720060 0.249902 1.000000 0.000000 -0.000002 0.000583
-0.470061 0.720061 0.249910 1.000000 -0.000001 0.000001 0.000583
-0.470061 0.720061 0.249922 1.000000 -0.000001 -0.000000 0.000584
-0.470061 0.720060 0.249937 1.000000 0.000002 -0.000000 0.000584
-0.470059 0.720061 0.249937 1.000000 -0.000001 0.000003 0.000584
-0.470061 0.720060 0.249937 1.000000 0.000001 -0.000000 0.000585
-0.470060 0.720062 0.249940 1.000000 -0.000003 0.000001 0.000585
-0.470062 0.720061 0.249938 1.000000 -0.000000 -0.000002 0.000585
-0.470062 0.720060 0.249932 1.000000 0.000002 -0.000003 0.000586
-0.470062 0.720060 0.249844 1.000000 0.000002 -0.000001 0.000591
-0.470061 0.720062 0.249884 1.000000 -0.000002 -0.000001 0.000595
-0.470062 0.720063 0.249830 1.000000 -0.000003 -0.000002 0.000598
-0.470061 0.720059 0.249875 1.000000 0.000003 0.000001 0.000601
-0.470062 0.720062 0.249897 1.000000 -0.000003 -0.000001 0.000604
-0.470061 0.720062 0.249935 1.000000 -0.000001 0.000000 0.000607
-0.470061 0.720060 0.249904 1.000000 0.000003 -0.000000 0.000609
-0.470062 0.720062 0.249835 1.000000 -0.000001 -0.000002 0.000612
-0.470062 0.720063 0.249897 1.000000 -0.000002 -0.000002 0.000615
-0.470061 0.720060 0.249881 1.000000 0.000003 -0.000001 0.000618
-0.470062 0.720061 0.249927 1.000000 0.000001 -0.000001 0.000622
-0.470061 0.720061 0.249960 1.000000 0.000001 -0.000001 0.000623
-0.470062 0.720061 0.249937 1.000000 0.000001 -0.000002 0.000624
-0.470062 0.720061 0.249965 1.000000 0.000002 -0.000001 0.000626
-0.470062 0.720063 0.249952 1.000000 -0.000002 -0.000001 0.000626
-0.470061 0.720061 0.249926 1.000000 0.000002 -0.000001 0.000628
-0.470061 0.720059 0.249901 1.000000 0.000005 -0.000001 0.000629
-0.470061 0.720062 0.249885 1.000000 -0.000001 0.000001 0.000631
-0.470062 0.720061 0.249897 1.000000 0.000001 -0.000001 0.000632
-0.470062 0.720061 0.249920 1.000000 0.000001 -0.000002 0.000632
-0.470062 0.720062 0.249941 1.000000 0.000000 -0.000001 0.000632
-0.470061 0.720061 0.249944 1.000000 0.000001 0.000000 0.000633
-0.470061 0.720060 0.249934 1.000000 0.000003 -0.000001 0.000633
-0.470061 0.720063 0.249925 1.000000 -0.000003 0.000000 0.000634
-0.470063 0.720062 0.249897 1.000000 -0.000000 -0.000003 0.000635
-0.470062 0.720058 0.249873 1.000000 0.000008 -0.000002 0.000636
-0.470062 0.720062 0.249858 1.000000 -0.000001 -0.000002 0.000638
-0.470061 0.720064 0.249897 1.000000 -0.000004 0.000001 0.000641
-0.470060 0.720062 0.249890 1.000000 0.000001 0.000002 0.000644
-0.470062 0.720062 0.249842 1.000000 0.000001 -0.000001 0.000648
-0.470061 0.720063 0.249900 1.000000 0.000000 0.000002 0.000650
-0.470063 0.720063 0.249932 1.000000 0.000000 -0.000003 0.000651
-0.470062 0.720065 0.249891 1.000000 -0.000005 -0.000000 0.000654
-0.470061 0.720065 0.249873 1.000000 -0.000004 0.000002 0.000656
-0.470061 0.720062 0.249835 1.000000 0.000002 0.000002 0.000658
-0.470062 0.720063 0.249913 1.000000 -0.000000 -0.000001 0.000661
-0.470063 0.720063 0.249952 1.000000 0.000001 -0.000003 0.000662
-0.470063 0.720063 0.249963 1.000000 0.000001 -0.000001 0.000664
-0.470063 0.720063 0.249979 1.000000 0.000001 -0.000002 0.000664
-0.470062 0.720062 0.249956 1.000000 0.000003 -0.000000 0.000666
-0.470062 0.720061 0.249890 1.000000 0.000004 -0.000000 0.000670
-0.470063 0.720065 0.249782 1.000000 -0.000003 -0.000002 0.000673
-0.470062 0.720066 0.249810 1.000000 -0.000004 -0.000000 0.000675
-0.470062 0.720062 0.249822 1.000000 0.000004 0.000000 0.000678
-0.470063 0.720063 0.249853 1.000000 0.000002 -0.000001 0.000682
-0.470061 0.720065 0.249851 1.000000 -0.000003 0.000003 0.000682
-0.470065 0.720062 0.249849 1.000000 0.000002 -0.000006 0.000683
-0.470062 0.720065 0.249852 1.000000 -0.000003 0.000002 0.000684
-0.470063 0.720063 0.249887 1.000000 0.000001 -0.000001 0.000685
-0.470063 0.720064 0.249909 1.000000 0.000000 -0.000001 0.000685
-0.470064 0.720064 0.249921 1.000000 -0.000001 -0.000002 0.000686
-0.470064 0.720062 0.249927 1.000000 0.000003 -0.000002 0.000689
-0.470062 0.720064 0.249899 1.000000 -0.000000 0.000001 0.000692
-0.470064 0.720064 0.249866 1.000000 -0.000001 -0.000002 0.000694
-0.470064 0.720063 0.249851 1.000000 0.000003 -0.000002 0.000697
-0.470064 0.720064 0.249909 1.000000 0.000001 -0.000002 0.000698
-0.470064 0.720064 0.249933 1.000000 0.000000 -0.000001 0.000698
-0.470062 0.720064 0.249955 1.000000 0.000000 0.000002 0.000698
-0.470065 0.720064 0.249950 1.000000 0.000001 -0.000003 0.000699
-0.470062 0.720064 0.249937 1.000000 0.000000 0.000002 0.000699
-0.470063 0.720065 0.249945 1.000000 -0.000002 0.000001 0.000700
-0.470063 0.720064 0.249952 1.000000 0.000001 -0.000001 0.000700
-0.470064 0.720064 0.249958 1.000000 0.000001 -0.000001 0.000700
-0.470064 0.720064 0.249960 1.000000 0.000000 -0.000002 0.000701
-0.470064 0.720064 0.249960 1.000000 0.000001 -0.000002 0.000701
-0.470063 0.720065 0.249964 1.000000 -0.000000 -0.000000 0.000701
-0.470063 0.720065 0.249963 1.000000 -0.000001 0.000001 0.000701
-0.470062 0.720065 0.249959 1.000000 -0.000000 0.000001 0.000702
-0.470063 0.720065 0.249958 1.000000 -0.000002 0.000000 0.000702
-0.470064 0.720064 0.249956 1.000000 0.000001 -0.000001 0.000702
-0.470063 0.720064 0.249935 1.000000 0.000001 0.000001 0.000703
-0.470063 0.720064 0.249916 1.000000 0.000002 -0.000001 0.000704
-0.470062 0.720064 0.249905 1.000000 0.000002 0.000001 0.000706
-0.470063 0.720065 0.249913 1.000000 -0.000000 0.000000 0.000708
-0.470064 0.720065 0.249916 1.000000 0.000000 -0.000001 0.000711
-0.470065 0.720064 0.249924 1.000000 0.000001 -0.000003 0.000713
-0.470064 0.720064 0.249931 1.000000 0.000001 -0.000001 0.000715
-0.470064 0.720065 0.249965 1.000000 -0.000001 -0.000002 0.000716
-0.470063 0.720066 0.249937 1.000000 -0.000002 0.000000 0.000719
-0.470063 0.720066 0.249894 1.000000 -0.000001 0.000001 0.000722
-0.470063 0.720066 0.249915 1.000000 -0.000002 -0.000000 0.000724
-0.470063 0.720064 0.249897 1.000000 0.000003 0.000001 0.000725
-0.470064 0.720065 0.249923 1.000000 0.000001 -0.000002 0.000727
-0.470063 0.720064 0.249922 1.000000 0.000002 0.000001 0.000729
-0.470065 0.720066 0.249889 1.000000 -0.000001 -0.000002 0.000730
-0.470065 0.720066 0.249937 1.000000 -0.000002 -0.000002 0.000733
-0.470064 0.720065 0.249943 1.000000 0.000001 -0.000001 0.000735
-0.470063 0.720067 0.249932 1.000000 -0.000002 0.000002 0.000737
-0.470066 0.720066 0.249875 1.000000 -0.000000 -0.000005 0.000739
-0.470064 0.720068 0.249905 1.000000 -0.000004 0.000000 0.000742
-0.470064 0.720066 0.249813 1.000000 -0.000001 0.000001 0.000745
-0.470064 0.720067 0.249866 1.000000 -0.000001 0.000001 0.000748
-0.470064 0.720065 0.249877 1.000000 0.000002 -0.000000 0.000750
-0.470066 0.720067 0.249916 1.000000 -0.000002 -0.000003 0.000753
-0.470064 0.720067 0.249908 1.000000 -0.000002 0.000000 0.000756
-0.470061 0.720067 0.249842 1.000000 -0.000002 0.000007 0.000759
-0.470067 0.720065 0.249793 1.000000 0.000004 -0.000005 0.000762
-0.470067 0.720065 0.249803 1.000000 0.000003 -0.000006 0.000766
-0.470064 0.720067 0.249866 1.000000 -0.000001 0.000001 0.000769
-0.470065 0.720067 0.249924 1.000000 -0.000002 -0.000002 0.000771
-0.470064 0.720067 0.249862 1.000000 -0.000001 0.000001 0.000775
-0.470064 0.720067 0.249861 1.000000 -0.000001 0.000001 0.000775
-0.470064 0.720066 0.249894 1.000000 0.000001 0.000002 0.000776
-0.470064 0.720067 0.249903 1.000000 0.000000 0.000001 0.000776
-0.470066 0.720066 0.249924 1.000000 0.000001 -0.000003 0.000776
-0.470065 0.720066 0.249928 1.000000 0.000001 -0.000000 0.000777
-0.470063 0.720069 0.249931 1.000000 -0.000004 0.000003 0.000777
-0.470065 0.720067 0.249921 1.000000 0.000000 -0.000001 0.000777
-0.470065 0.720067 0.249923 1.000000 -0.000001 -0.000001 0.000778
-0.470066 0.720067 0.249934 1.000000 0.000000 -0.000002 0.000778
-0.470064 0.720067 0.249937 1.000000 0.000001 0.000001 0.000779
-0.470067 0.720068 0.249913 1.000000 -0.000003 -0.000005 0.000779
-0.470064 0.720070 0.249835 1.000000 -0.000006 0.000002 0.000782
-0.470064 0.720068 0.249828 1.000000 -0.000003 0.000003 0.000782
-0.470068 0.720067 0.249808 1.000000 0.000000 -0.000006 0.000783
-0.470065 0.720067 0.249803 1.000000 -0.000000 -0.000001 0.000784
-0.470062 0.720068 0.249818 1.000000 -0.000001 0.000006 0.000787
-0.470065 0.720068 0.249824 1.000000 -0.000002 0.000001 0.000788
-0.470065 0.720068 0.249824 1.000000 -0.000002 0.000001 0.000789
-0.470063 0.720069 0.249820 1.000000 -0.000004 0.000004 0.000790
-0.470066 0.720066 0.249818 1.000000 0.000001 -0.000002 0.000791
-0.470065 0.720068 0.249850 1.000000 -0.000001 0.000001 0.000793
-0.470067 0.720069 0.249828 1.000000 -0.000004 -0.000003 0.000796
-0.470066 0.720068 0.249861 1.000000 -0.000002 -0.000000 0.000799
-0.470065 0.720070 0.249830 1.000000 -0.000004 0.000001 0.000801
-0.470067 0.720066 0.249833 1.000000 0.000002 -0.000003 0.000803
-0.470067 0.720068 0.249865 1.000000 -0.000001 -0.000001 0.000805
-0.470064 0.720067 0.249870 1.000000 0.000001 0.000004 0.000808
-0.470066 0.720065 0.249836 1.000000 0.000005 -0.000000 0.000813
-0.470068 0.720065 0.249837 1.000000 0.000006 -0.000003 0.000816
-0.470068 0.720067 0.249843 1.000000 0.000002 -0.000002 0.000819
-0.470067 0.720069 0.249837 1.000000 -0.000002 -0.000001 0.000821
-0.470068 0.720068 0.249819 1.000000 -0.000000 -0.000004 0.000824
-0.470067 0.720069 0.249885 1.000000 -0.000001 -0.000000 0.000827
-0.470067 0.720067 0.249858 1.000000 0.000002 -0.000001 0.000831
-0.470067 0.720068 0.249926 1.000000 0.000000 -0.000001 0.000834
-0.470069 0.720066 0.249920 1.000000 0.000004 -0.000004 0.000835
-0.470065 0.720069 0.249865 1.000000 -0.000001 0.000003 0.000838
-0.470067 0.720070 0.249917 1.000000 -0.000002 -0.000001 0.000839
-0.470067 0.720069 0.249866 1.000000 -0.000000 -0.000001 0.000842
-0.470067 0.720067 0.249861 1.000000 0.000004 -0.000001 0.000846
-0.470067 0.720068 0.249812 1.000000 0.000002 -0.000001 0.000848
-0.470066 0.720069 0.249881 1.000000 0.000001 0.000001 0.000851
-0.470068 0.720069 0.249936 1.000000 0.000001 -0.000003 0.000852
-0.470068 0.720070 0.249900 1.000000 -0.000001 -0.000001 0.000854
-0.470068 0.720066 0.249839 1.000000 0.000006 -0.000001 0.000859
-0.470068 0.720067 0.249848 1.000000 0.000004 -0.000001 0.000863
-0.470067 0.720070 0.249879 1.000000 -0.000000 0.000000 0.000866
-0.470068 0.720069 0.249901 1.000000 0.000001 -0.000002 0.000869
-0.470068 0.720072 0.249919 1.000000 -0.000004 -0.000002 0.000870
-0.470067 0.720070 0.249865 1.000000 0.000000 0.000001 0.000875
-0.470068 0.720070 0.249903 1.000000 0.000001 -0.000002 0.000877
-0.470068 0.720070 0.249878 1.000000 0.000000 -0.000001 0.000880
-0.470068 0.720073 0.249861 1.000000 -0.000005 -0.000002 0.000882
-0.470068 0.720068 0.249797 1.000000 0.000004 -0.000002 0.000884
-0.470069 0.720071 0.249857 1.000000 -0.000001 -0.000003 0.000888
-0.470068 0.720070 0.249925 1.000000 0.000001 -0.000000 0.000889
-0.470069 0.720069 0.249914 1.000000 0.000002 -0.000003 0.000891
-0.470069 0.720071 0.249832 1.000000 -0.000001 -0.000003 0.000894
-0.470068 0.720064 0.249778 1.000000 0.000012 -0.000002 0.000895
-0.470070 0.720071 0.249813 1.000000 -0.000001 -0.000005 0.000898
-0.470069 0.720070 0.249848 1.000000 0.000001 -0.000002 0.000900
-0.470069 0.720069 0.249878 1.000000 0.000003 -0.000002 0.000901
-0.470069 0.720070 0.249895 1.000000 0.000001 -0.000002 0.000901
-0.470067 0.720073 0.249902 1.000000 -0.000004 0.000001 0.000901
-0.470068 0.720071 0.249898 1.000000 -0.000001 0.000001 0.000902
-0.470068 0.720070 0.249898 1.000000 0.000002 0.000000 0.000902
-0.470069 0.720069 0.249888 1.000000 0.000004 -0.000001 0.000903
-0.470068 0.720070 0.249882 1.000000 0.000003 0.000001 0.000903
-0.470069 0.720073 0.249862 1.000000 -0.000004 -0.000002 0.000904
-0.470069 0.720069 0.249840 1.000000 0.000004 -0.000002 0.000904
-0.470071 0.720070 0.249816 1.000000 0.000003 -0.000006 0.000905
-0.470069 0.720069 0.249844 1.000000 0.000005 -0.000002 0.000908
-0.470067 0.720072 0.249883 1.000000 -0.000001 0.000002 0.000913
-0.470069 0.720070 0.249869 1.000000 0.000004 -0.000000 0.000916
-0.470068 0.720072 0.249826 1.000000 -0.000000 0.000002 0.000919
-0.470069 0.720070 0.249927 1.000000 0.000003 -0.000001 0.000922
-0.470070 0.720069 0.249865 1.000000 0.000005 -0.000002 0.000923
-0.470070 0.720071 0.249884 1.000000 0.000002 -0.000002 0.000925
-0.470070 0.720071 0.249906 1.000000 0.000001 -0.000001 0.000928
-0.470070 0.720072 0.249872 1.000000 0.000000 -0.000001 0.000933
-0.470070 0.720071 0.249879 1.000000 0.000001 -0.000002 0.000935
-0.470071 0.720072 0.249848 1.000000 -0.000001 -0.000003 0.000937
-0.470071 0.720073 0.249872 1.000000 -0.000000 -0.000003 0.000939
-0.470071 0.720072 0.249904 1.000000 0.000002 -0.000002 0.000941
-0.470070 0.720074 0.249926 1.000000 -0.000003 -0.000000 0.000944
-0.470070 0.720072 0.249924 1.000000 0.000002 -0.000002 0.000946
-0.470070 0.720072 0.249896 1.000000 0.000001 -0.000001 0.000949
-0.470071 0.720073 0.249936 1.000000 -0.000001 -0.000002 0.000950
-0.470070 0.720072 0.249938 1.000000 0.000002 -0.000001 0.000952
-0.470071 0.720074 0.249871 1.000000 -0.000002 -0.000002 0.000955
-0.470070 0.720072 0.249846 1.000000 0.000001 -0.000000 0.000957
-0.470070 0.720073 0.249859 1.000000 0.000001 0.000001 0.000960
-0.470069 0.720076 0.249815 1.000000 -0.000006 0.000002 0.000962
-0.470069 0.720071 0.249801 1.000000 0.000004 0.000002 0.000963
-0.470072 0.720074 0.249789 1.000000 -0.000001 -0.000003 0.000964
-0.470074 0.720071 0.249774 1.000000 0.000004 -0.000008 0.000965
-0.470075 0.720073 0.249774 1.000000 0.000001 -0.000009 0.000966
-0.470069 0.720069 0.249771 1.000000 0.000008 0.000003 0.000966
-0.470071 0.720075 0.249777 1.000000 -0.000004 -0.000002 0.000966
-0.470069 0.720073 0.249795 1.000000 0.000000 0.000002 0.000967
-0.470069 0.720074 0.249903 1.000000 -0.000002 0.000003 0.000969
-0.470071 0.720074 0.249913 1.000000 -0.000001 -0.000002 0.000972
-0.470071 0.720073 0.249867 1.000000 0.000000 -0.000000 0.000975
-0.470071 0.720072 0.249908 1.000000 0.000003 -0.000001 0.000977
-0.470070 0.720073 0.249882 1.000000 0.000002 -0.000000 0.000981
-0.470070 0.720073 0.249955 1.000000 0.000001 0.000001 0.000982
-0.470069 0.720076 0.249939 1.000000 -0.000004 0.000003 0.000983
-0.470070 0.720074 0.249936 1.000000 -0.000001 0.000001 0.000985
-0.470072 0.720075 0.249921 1.000000 -0.000001 -0.000004 0.000987
-0.470070 0.720074 0.249862 1.000000 -0.000000 0.000000 0.000990
-0.470071 0.720074 0.249850 1.000000 0.000001 -0.000001 0.000992
-0.470071 0.720074 0.249930 1.000000 -0.000000 -0.000000 0.000995
-0.470071 0.720073 0.249914 1.000000 0.000002 -0.000002 0.000996
-0.470072 0.720074 0.249918 1.000000 0.000001 -0.000003 0.000996
-0.470070 0.720076 0.249925 1.000000 -0.000003 0.000001 0.000997
-0.470070 0.720075 0.249916 1.000000 -0.000001 0.000002 0.000998
-0.470070 0.720076 0.249922 1.000000 -0.000002 0.000002 0.000998
-0.470071 0.720076 0.249926 1.000000 -0.000002 -0.000001 0.000998
-0.470070 0.720075 0.249904 1.000000 -0.000000 0.000002 0.000999
-0.470071 0.720073 0.249891 1.000000 0.000004 -0.000001 0.000999
-0.470071 0.720074 0.249892 1.000000 0.000002 -0.000001 0.001000
-0.470071 0.720074 0.249909 0.999999 0.000001 -0.000002 0.001000
-0.470071 0.720075 0.249926 0.999999 0.000000 -0.000001 0.001000
-0.470070 0.720075 0.249931 0.999999 0.000000 0.000000 0.001002
-0.470072 0.720074 0.249929 0.999999 0.000001 -0.000002 0.001002
-0.470071 0.720074 0.249950 0.999999 0.000001 -0.000001 0.001003
-0.470072 0.720074 0.249961 0.999999 0.000001 -0.000002 0.001003
-0.470071 0.720075 0.249979 0.999999 0.000000 -0.000000 0.001004
-0.470072 0.720074 0.249912 0.999999 0.000001 -0.000003 0.001007
-0.470071 0.720075 0.249907 0.999999 0.000000 -0.000001 0.001009
-0.470071 0.720074 0.249890 0.999999 0.000002 -0.000001 0.001012
-0.470072 0.720073 0.249845 0.999999 0.000004 -0.000003 0.001016
-0.470071 0.720078 0.249845 0.999999 -0.000005 -0.000000 0.001018
-0.470073 0.720076 0.249859 0.999999 -0.000002 -0.000003 0.001021
-0.470069 0.720075 0.249821 0.999999 0.000001 0.000004 0.001023
-0.470073 0.720074 0.249843 0.999999 0.000003 -0.000002 0.001025
-0.470071 0.720075 0.249859 0.999999 0.000001 0.000001 0.001025
-0.470073 0.720077 0.249874 0.999999 -0.000003 -0.000002 0.001027
-0.470071 0.720074 0.249874 0.999999 0.000003 0.000000 0.001028
-0.470072 0.720075 0.249876 0.999999 0.000001 -0.000002 0.001029
-0.470072 0.720077 0.249886 0.999999 -0.000003 -0.000001 0.001030
-0.470071 0.720075 0.249862 0.999999 0.000001 0.000002 0.001031
-0.470073 0.720076 0.249843 0.999999 -0.000001 -0.000003 0.001031
-0.470076 0.720075 0.249814 0.999999 0.000002 -0.000008 0.001032
-0.470072 0.720071 0.249796 0.999999 0.000009 -0.000001 0.001032
-0.470072 0.720075 0.249767 0.999999 0.000001 -0.000000 0.001033
-0.470071 0.720075 0.249761 0.999999 0.000002 0.000002 0.001033
-0.470070 0.720078 0.249779 0.999999 -0.000005 0.000002 0.001034
-0.470072 0.720075 0.249799 0.999999 0.000001 -0.000002 0.001034
-0.470073 0.720076 0.249950 0.999999 -0.000001 -0.000002 0.001036
-0.470072 0.720076 0.249941 0.999999 0.000000 -0.000002 0.001037
-0.470070 0.720077 0.249853 0.999999 -0.000001 0.000004 0.001040
-0.470073 0.720074 0.249826 0.999999 0.000003 -0.000002 0.001042
-0.470070 0.720077 0.249889 0.999999 -0.000002 0.000003 0.001046
-0.470073 0.720076 0.249869 0.999999 -0.000000 -0.000002 0.001049
-0.470071 0.720076 0.249911 0.999999 -0.000000 0.000001 0.001051
-0.470072 0.720077 0.249918 0.999999 -0.000001 -0.000001 0.001051
-0.470073 0.720076 0.249945 0.999999 0.000001 -0.000002 0.001052
-0.470073 0.720076 0.249956 0.999999 0.000001 -0.000002 0.001052
-0.470072 0.720076 0.249965 0.999999 0.000001 -0.000002 0.001052
-0.470072 0.720077 0.249970 0.999999 -0.000001 -0.000001 0.001053
-0.470072 0.720076 0.249974 0.999999 0.000001 0.000000 0.001053
-0.470072 0.720078 0.249972 0.999999 -0.000003 -0.000001 0.001053
-0.470072 0.720077 0.249951 0.999999 -0.000001 -0.000001 0.001053
-0.470072 0.720075 0.249929 0.999999 0.000002 -0.000002 0.001054
-0.470072 0.720075 0.249901 0.999999 0.000003 -0.000001 0.001055
-0.470070 0.720076 0.249881 0.999999 0.000000 0.000003 0.001060
-0.470073 0.720074 0.249906 0.999999 0.000005 -0.000003 0.001062
-0.470073 0.720075 0.249827 0.999999 0.000004 -0.000003 0.001064
-0.470072 0.720080 0.249798 0.999999 -0.000006 -0.000001 0.001068
-0.470072 0.720079 0.249836 0.999999 -0.000003 -0.000001 0.001071
-0.470072 0.720079 0.249868 0.999999 -0.000004 -0.000000 0.001073
-0.470072 0.720079 0.249908 0.999999 -0.000003 -0.000000 0.001076
-0.470072 0.720076 0.249881 0.999999 0.000002 -0.000001 0.001078
-0.470072 0.720078 0.249867 0.999999 -0.000001 -0.000001 0.001081
-0.470073 0.720078 0.249911 0.999999 -0.000001 -0.000001 0.001082
-0.470071 0.720078 0.249866 0.999999 -0.000000 0.000002 0.001087
-0.470073 0.720079 0.249910 0.999999 -0.000002 -0.000001 0.001090
-0.470072 0.720077 0.249906 0.999999 0.000001 -0.000000 0.001093
-0.470073 0.720077 0.249927 0.999999 0.000001 -0.000002 0.001094
-0.470073 0.720077 0.249939 0.999999 0.000002 -0.000001 0.001094
-0.470071 0.720078 0.249957 0.999999 -0.000000 0.000003 0.001095
-0.470072 0.720077 0.249957 0.999999 0.000001 0.000001 0.001095
-0.470073 0.720078 0.249951 0.999999 0.000001 -0.000001 0.001096
-0.470073 0.720078 0.249950 0.999999 0.000000 -0.000002 0.001096
-0.470073 0.720078 0.249956 0.999999 -0.000000 -0.000002 0.001096
-0.470072 0.720079 0.249957 0.999999 -0.000003 -0.000001 0.001097
-0.470072 0.720078 0.249944 0.999999 -0.000001 -0.000000 0.001097
-0.470073 0.720078 0.249943 0.999999 0.000000 -0.000002 0.001098
-0.470073 0.720077 0.249962 0.999999 0.000001 -0.000001 0.001098
-0.470072 0.720079 0.249960 0.999999 -0.000002 0.000000 0.001099
-0.470071 0.720078 0.249899 0.999999 -0.000001 0.000002 0.001101
-0.470072 0.720078 0.249950 0.999999 -0.000000 -0.000000 0.001102
-0.470072 0.720078 0.249933 0.999999 -0.000000 0.000001 0.001104
-0.470074 0.720077 0.249944 0.999999 0.000003 -0.000002 0.001106
-0.470074 0.720078 0.249953 0.999999 0.000001 -0.000003 0.001107
-0.470073 0.720078 0.249939 0.999999 -0.000000 -0.000000 0.001107
-0.470072 0.720078 0.249910 0.999999 0.000001 0.000002 0.001108
-0.470074 0.720076 0.249902 0.999999 0.000004 -0.000002 0.001108
-0.470072 0.720076 0.249886 0.999999 0.000004 0.000000 0.001110
-0.470073 0.720079 0.249876 0.999999 -0.000001 -0.000000 0.001110
-0.470073 0.720079 0.249879 0.999999 -0.000002 -0.000001 0.001112
-0.470073 0.720079 0.249886 0.999999 -0.000002 -0.000001 0.001113
-0.470073 0.720079 0.249895 0.999999 -0.000002 -0.000002 0.001114
-0.470074 0.720076 0.249890 0.999999 0.000005 -0.000003 0.001115
-0.470072 0.720079 0.249881 0.999999 -0.000001 0.000000 0.001116
-0.470073 0.720078 0.249890 0.999999 0.000000 -0.000000 0.001117
-0.470073 0.720077 0.249905 0.999999 0.000002 -0.000001 0.001118
-0.470073 0.720078 0.249902 0.999999 0.000002 -0.000002 0.001119
-0.470074 0.720078 0.249895 0.999999 0.000001 -0.000002 0.001119
-0.470072 0.720079 0.249903 0.999999 -0.000001 0.000000 0.001120
-0.470073 0.720077 0.249908 0.999999 0.000003 -0.000002 0.001120
-0.470073 0.720079 0.249916 0.999999 0.000000 -0.000001 0.001121
-0.470074 0.720078 0.249930 0.999999 0.000001 -0.000002 0.001121
-0.470073 0.720078 0.249940 0.999999 0.000002 -0.000001 0.001122
-0.470073 0.720079 0.249941 0.999999 -0.000001 -0.000001 0.001122
-0.470073 0.720079 0.249914 0.999999 -0.000001 -0.000002 0.001124
-0.470072 0.720077 0.249884 0.999999 0.000003 0.000000 0.001124
-0.470073 0.720078 0.249867 0.999999 0.000001 -0.000002 0.001126
-0.470071 0.720081 0.249852 0.999999 -0.000003 0.000003 0.001130
-0.470074 0.720079 0.249921 0.999999 0.000000 -0.000003 0.001133
-0.470074 0.720079 0.249940 0.999999 -0.000001 -0.000003 0.001135
-0.470073 0.720078 0.249906 0.999999 0.000003 -0.000001 0.001137
-0.470074 0.720077 0.249880 0.999999 0.000005 -0.000002 0.001139
-0.470074 0.720080 0.249896 0.999999 -0.000002 -0.000002 0.001140
-0.470074 0.720080 0.249910 0.999999 -0.000001 -0.000003 0.001143
-0.470073 0.720078 0.249842 0.999999 0.000003 -0.000001 0.001147
-0.470073 0.720078 0.249829 0.999999 0.000005 -0.000002 0.001150
-0.470074 0.720082 0.249818 0.999999 -0.000003 -0.000002 0.001152
-0.470075 0.720081 0.249825 0.999999 -0.000002 -0.000004 0.001153
-0.470075 0.720082 0.249808 0.999999 -0.000004 -0.000004 0.001154
-0.470071 0.720080 0.249796 0.999999 0.000001 0.000004 0.001154
-0.470073 0.720084 0.249793 0.999999 -0.000007 -0.000001 0.001155
-0.470071 0.720080 0.249793 0.999999 -0.000000 0.000002 0.001155
-0.470076 0.720082 0.249790 0.999999 -0.000003 -0.000007 0.001156
-0.470077 0.720077 0.249783 0.999999 0.000007 -0.000008 0.001156
-0.470072 0.720076 0.249776 0.999999 0.000009 0.000002 0.001156
-0.470077 0.720081 0.249774 0.999999 -0.000002 -0.000009 0.001157
-0.470072 0.720077 0.249774 0.999999 0.000007 0.000001 0.001157
-0.470077 0.720081 0.249775 0.999999 -0.000001 -0.000008 0.001158
-0.470075 0.720080 0.249773 0.999999 0.000001 -0.000006 0.001158
-0.470071 0.720080 0.249763 0.999999 0.000001 0.000002 0.001159
-0.470074 0.720081 0.249806 0.999999 -0.000001 -0.000003 0.001160
-0.470073 0.720080 0.249862 0.999999 -0.000000 -0.000001 0.001163
-0.470074 0.720079 0.249937 0.999999 0.000004 -0.000002 0.001165
-0.470074 0.720082 0.249924 0.999999 -0.000003 -0.000002 0.001167
-0.470073 0.720082 0.249873 0.999999 -0.000002 -0.000001 0.001170
-0.470073 0.720082 0.249821 0.999999 -0.000004 0.000000 0.001172
-0.470074 0.720080 0.249834 0.999999 0.000002 -0.000001 0.001175
-0.470073 0.720080 0.249904 0.999999 0.000001 -0.000001 0.001176
-0.470074 0.720080 0.249931 0.999999 0.000001 -0.000002 0.001176
-0.470073 0.720080 0.249944 0.999999 0.000001 0.000001 0.001177
-0.470071 0.720081 0.249930 0.999999 -0.000000 0.000004 0.001177
-0.470073 0.720081 0.249906 0.999999 -0.000001 -0.000000 0.001178
-0.470074 0.720081 0.249897 0.999999 0.000000 -0.000003 0.001178
-0.470074 0.720080 0.249904 0.999999 0.000001 -0.000001 0.001178
-0.470075 0.720081 0.249915 0.999999 -0.000001 -0.000003 0.001179
-0.470074 0.720081 0.249903 0.999999 -0.000001 -0.000003 0.001179
-0.470073 0.720080 0.249876 0.999999 0.000002 0.000001 0.001180
-0.470072 0.720080 0.249858 0.999999 0.000002 0.000001 0.001180
-0.470073 0.720079 0.249851 0.999999 0.000003 -0.000000 0.001181
-0.470073 0.720081 0.249858 0.999999 -0.000001 -0.000000 0.001181
-0.470074 0.720083 0.249867 0.999999 -0.000003 -0.000001 0.001182
-0.470074 0.720081 0.249870 0.999999 0.000000 -0.000003 0.001183
-0.470072 0.720081 0.249867 0.999999 0.000000 0.000001 0.001184
-0.470072 0.720080 0.249843 0.999999 0.000002 0.000002 0.001188
-0.470072 0.720083 0.249876 0.999999 -0.000003 0.000002 0.001190
-0.470074 0.720080 0.249853 0.999999 0.000002 -0.000001 0.001193
-0.470073 0.720079 0.249816 0.999999 0.000006 -0.000000 0.001195
-0.470075 0.720082 0.249840 0.999999 0.000000 -0.000004 0.001199
-0.470074 0.720082 0.249874 0.999999 0.000001 -0.000001 0.001201
-0.470072 0.720083 0.249938 0.999999 -0.000002 0.000003 0.001203
-0.470073 0.720082 0.249904 0.999999 -0.000000 0.000002 0.001205
-0.470074 0.720082 0.249897 0.999999 -0.000001 -0.000001 0.001207
-0.470074 0.720082 0.249925 0.999999 -0.000000 -0.000001 0.001209
-0.470073 0.720082 0.249872 0.999999 0.000001 0.000001 0.001211
-0.470074 0.720082 0.249829 0.999999 0.000001 -0.000001 0.001215
-0.470075 0.720083 0.249846 0.999999 -0.000000 -0.000002 0.001216
-0.470074 0.720082 0.249871 0.999999 -0.000000 0.000000 0.001218
-0.470075 0.720081 0.249886 0.999999 0.000003 -0.000001 0.001218
-0.470074 0.720081 0.249876 0.999999 0.000003 0.000000 0.001219
-0.470073 0.720081 0.249863 0.999999 0.000004 0.000001 0.001219
-0.470074 0.720080 0.249825 0.999999 0.000005 0.000000 0.001220
-0.470075 0.720080 0.249815 0.999999 0.000005 -0.000001 0.001221
-0.470073 0.720081 0.249798 0.999999 0.000004 0.000002 0.001222
-0.470074 0.720084 0.249862 0.999999 -0.000002 0.000000 0.001225
-0.470075 0.720084 0.249852 0.999999 -0.000003 -0.000001 0.001227
-0.470073 0.720082 0.249850 0.999999 0.000002 0.000002 0.001228
-0.470073 0.720084 0.249873 0.999999 -0.000002 0.000002 0.001229
-0.470074 0.720084 0.249898 0.999999 -0.000002 0.000000 0.001230
-0.470074 0.720082 0.249920 0.999999 0.000002 -0.000000 0.001230
-0.470075 0.720082 0.249926 0.999999 0.000001 -0.000001 0.001230
-0.470075 0.720082 0.249935 0.999999 0.000001 -0.000002 0.001231
-0.470075 0.720083 0.249949 0.999999 0.000000 -0.000001 0.001231
-0.470074 0.720083 0.249956 0.999999 -0.000001 0.000001 0.001231
-0.470073 0.720084 0.249942 0.999999 -0.000003 0.000002 0.001232
-0.470073 0.720084 0.249933 0.999999 -0.000001 0.000002 0.001232
-0.470075 0.720084 0.249919 0.999999 -0.000002 -0.000000 0.001234
-0.470076 0.720082 0.249869 0.999999 0.000002 -0.000003 0.001237
-0.470073 0.720083 0.249860 0.999999 -0.000001 0.000002 0.001238
-0.470074 0.720084 0.249870 0.999999 -0.000002 0.000002 0.001239
-0.470075 0.720085 0.249899 0.999999 -0.000003 -0.000001 0.001239
-0.470076 0.720084 0.249903 0.999999 -0.000001 -0.000002 0.001240
-0.470076 0.720084 0.249911 0.999999 -0.000001 -0.000002 0.001242
-0.470074 0.720084 0.249905 0.999999 -0.000002 0.000001 0.001245
-0.470075 0.720083 0.249938 0.999999 -0.000000 -0.000001 0.001247
-0.470075 0.720084 0.249922 0.999999 -0.000000 -0.000000 0.001249
-0.470074 0.720083 0.249930 0.999999 0.000001 0.000002 0.001249
-0.470077 0.720083 0.249907 0.999999 0.000001 -0.000004 0.001250
-0.470075 0.720080 0.249884 0.999999 0.000006 0.000000 0.001250
-0.470075 0.720085 0.249855 0.999999 -0.000003 -0.000000 0.001252
-0.470073 0.720082 0.249849 0.999999 0.000003 0.000003 0.001253
-0.470076 0.720085 0.249840 0.999999 -0.000002 -0.000003 0.001253
-0.470074 0.720080 0.249831 0.999999 0.000007 0.000002 0.001254
-0.470079 0.720084 0.249818 0.999999 -0.000001 -0.000009 0.001255
-0.470074 0.720082 0.249805 0.999999 0.000004 0.000001 0.001256
-0.470074 0.720086 0.249802 0.999999 -0.000004 0.000001 0.001256
-0.470075 0.720083 0.249813 0.999999 0.000001 0.000001 0.001256
-0.470075 0.720083 0.249831 0.999999 0.000001 -0.000000 0.001257
-0.470074 0.720086 0.249846 0.999999 -0.000004 0.000003 0.001258
-0.470078 0.720083 0.249855 0.999999 0.000002 -0.000005 0.001258
-0.470075 0.720084 0.249859 0.999999 -0.000001 0.000001 0.001259
-0.470077 0.720082 0.249866 0.999999 0.000004 -0.000002 0.001261
-0.470076 0.720084 0.249859 0.999999 -0.000000 -0.000002 0.001263
-0.470075 0.720084 0.249928 0.999999 0.000000 0.000001 0.001266
-0.470075 0.720085 0.249886 0.999999 -0.000002 0.000001 0.001268
-0.470074 0.720083 0.249808 0.999999 0.000002 0.000003 0.001270
-0.470076 0.720083 0.249831 0.999999 0.000004 0.000000 0.001274
-0.470075 0.720083 0.249846 0.999999 0.000004 0.000002 0.001277
-0.470076 0.720084 0.249822 0.999999 0.000001 0.000000 0.001279
-0.470076 0.720087 0.249834 0.999999 -0.000004 0.000001 0.001279
-0.470077 0.720085 0.249852 0.999999 -0.000001 -0.000002 0.001281
-0.470077 0.720084 0.249877 0.999999 0.000001 -0.000001 0.001281
-0.470076 0.720084 0.249919 0.999999 0.000001 0.000000 0.001282
-0.470076 0.720084 0.249930 0.999999 0.000002 0.000000 0.001282
-0.470076 0.720085 0.249924 0.999999 -0.000001 0.000000 0.001283
-0.470077 0.720084 0.249935 0.999999 0.000002 -0.000001 0.001284
-0.470076 0.720085 0.249947 0.999999 0.000000 0.000000 0.001284
-0.470077 0.720085 0.249955 0.999999 0.000001 -0.000001 0.001284
-0.470076 0.720084 0.249956 0.999999 0.000001 -0.000000 0.001284
-0.470077 0.720084 0.249962 0.999999 0.000001 -0.000001 0.001284
-0.470078 0.720084 0.249966 0.999999 0.000002 -0.000003 0.001285
-0.470077 0.720085 0.249957 0.999999 -0.000001 -0.000001 0.001285
-0.470076 0.720087 0.249931 0.999999 -0.000004 0.000000 0.001285
-0.470077 0.720085 0.249909 0.999999 0.000000 -0.000002 0.001285
-0.470077 0.720084 0.249898 0.999999 0.000003 -0.000001 0.001286
-0.470076 0.720085 0.249885 0.999999 -0.000001 0.000002 0.001288
-0.470076 0.720084 0.249846 0.999999 0.000003 0.000001 0.001290
-0.470076 0.720086 0.249861 0.999999 -0.000001 0.000001 0.001292
-0.470081 0.720083 0.249790 0.999999 0.000004 -0.000009 0.001294
-0.470082 0.720087 0.249742 0.999999 -0.000002 -0.000011 0.001295
-0.470078 0.720082 0.249777 0.999999 0.000006 -0.000003 0.001297
-0.470078 0.720087 0.249835 0.999999 -0.000004 -0.000001 0.001300
-0.470077 0.720085 0.249841 0.999999 0.000001 -0.000000 0.001301
-0.470077 0.720086 0.249888 0.999999 -0.000002 -0.000001 0.001302
-0.470078 0.720085 0.249915 0.999999 0.000001 -0.000001 0.001302
-0.470076 0.720084 0.249862 0.999999 0.000003 0.000001 0.001306
-0.470075 0.720087 0.249788 0.999999 -0.000002 0.000005 0.001308
-0.470078 0.720084 0.249783 0.999999 0.000003 -0.000001 0.001311
-0.470082 0.720084 0.249809 0.999999 0.000003 -0.000009 0.001311
-0.470079 0.720085 0.249775 0.999999 0.000002 -0.000003 0.001313
-0.470080 0.720090 0.249753 0.999999 -0.000010 -0.000006 0.001314
-0.470076 0.720087 0.249756 0.999999 -0.000002 0.000002 0.001314
-0.470076 0.720087 0.249800 0.999999 -0.000003 0.000002 0.001315
-0.470078 0.720085 0.249832 0.999999 0.000002 -0.000001 0.001316
-0.470079 0.720085 0.249902 0.999999 0.000001 -0.000002 0.001316
-0.470078 0.720086 0.249925 0.999999 -0.000000 -0.000001 0.001317
-0.470078 0.720084 0.249947 0.999999 0.000003 -0.000002 0.001317
-0.470079 0.720086 0.249941 0.999999 0.000000 -0.000003 0.001318
-0.470078 0.720086 0.249943 0.999999 0.000000 -0.000001 0.001318
-0.470077 0.720086 0.249943 0.999999 0.000000 0.000000 0.001319
-0.470078 0.720083 0.249859 0.999999 0.000006 -0.000001 0.001321
-0.470078 0.720091 0.249784 0.999999 -0.000010 -0.000002 0.001324
-0.470076 0.720095 0.249773 0.999999 -0.000018 0.000004 0.001326
-0.470076 0.720089 0.249776 0.999999 -0.000006 0.000003 0.001327
-0.470077 0.720082 0.249777 0.999999 0.000008 0.000002 0.001328
-0.470075 0.720087 0.249776 0.999999 -0.000002 0.000006 0.001331
-0.470079 0.720086 0.249900 0.999999 0.000001 -0.000002 0.001334
-0.470079 0.720086 0.249952 0.999999 0.000001 -0.000002 0.001336
-0.470077 0.720085 0.249929 0.999999 0.000003 0.000001 0.001338
-0.470078 0.720087 0.249914 0.999999 -0.000001 0.000000 0.001340
-0.470079 0.720086 0.249936 0.999999 0.000001 -0.000002 0.001341
-0.470079 0.720086 0.249960 0.999999 0.000000 -0.000002 0.001342
-0.470078 0.720086 0.249930 0.999999 0.000000 -0.000000 0.001344
-0.470079 0.720086 0.249914 0.999999 0.000001 -0.000000 0.001346
-0.470078 0.720086 0.249872 0.999999 0.000001 0.000001 0.001348
-0.470079 0.720085 0.249863 0.999999 0.000004 -0.000002 0.001349
-0.470080 0.720089 0.249856 0.999999 -0.000004 -0.000003 0.001350
-0.470077 0.720085 0.249847 0.999999 0.000005 0.000003 0.001351
-0.470077 0.720086 0.249808 0.999999 0.000002 0.000002 0.001352
-0.470078 0.720091 0.249793 0.999999 -0.000009 0.000001 0.001352
-0.470079 0.720085 0.249795 0.999999 0.000003 -0.000002 0.001353
-0.470078 0.720087 0.249851 0.999999 0.000000 0.000001 0.001357
-0.470079 0.720087 0.249919 0.999999 0.000000 -0.000000 0.001359
-0.470079 0.720087 0.249930 0.999999 0.000001 -0.000000 0.001360
-0.470081 0.720086 0.249868 0.999999 0.000002 -0.000005 0.001363
-0.470079 0.720086 0.249850 0.999999 0.000002 0.000000 0.001363
-0.470076 0.720086 0.249795 0.999999 0.000002 0.000005 0.001364
-0.470079 0.720088 0.249786 0.999999 -0.000001 -0.000002 0.001365
-0.470080 0.720087 0.249823 0.999999 0.000001 -0.000003 0.001367
-0.470078 0.720087 0.249848 0.999999 0.000001 0.000001 0.001367
-0.470079 0.720090 0.249864 0.999999 -0.000004 -0.000000 0.001370
-0.470081 0.720086 0.249870 0.999999 0.000003 -0.000004 0.001373
-0.470079 0.720086 0.249905 0.999999 0.000002 -0.000000 0.001375
-0.470078 0.720087 0.249917 0.999999 0.000001 0.000001 0.001377
-0.470078 0.720088 0.249887 0.999999 -0.000001 0.000002 0.001380
-0.470079 0.720088 0.249935 0.999999 -0.000001 -0.000001 0.001382
-0.470078 0.720088 0.249894 0.999999 -0.000001 0.000002 0.001385
-0.470078 0.720089 0.249897 0.999999 -0.000002 0.000001 0.001387
-0.470079 0.720088 0.249920 0.999999 0.000000 -0.000000 0.001389
-0.470080 0.720088 0.249912 0.999999 0.000001 -0.000001 0.001392
-0.470080 0.720087 0.249885 0.999999 0.000001 -0.000002 0.001393
-0.470078 0.720089 0.249886 0.999999 -0.000001 0.000002 0.001396
-0.470078 0.720086 0.249883 0.999999 0.000004 0.000001 0.001398
-0.470082 0.720086 0.249841 0.999999 0.000004 -0.000006 0.001401
-0.470078 0.720089 0.249873 0.999999 -0.000002 0.000001 0.001404
-0.470081 0.720091 0.249813 0.999999 -0.000005 -0.000003 0.001405
-0.470079 0.720087 0.249791 0.999999 0.000003 0.000000 0.001408
-0.470080 0.720090 0.249808 0.999999 -0.000003 -0.000002 0.001410
-0.470079 0.720089 0.249845 0.999999 -0.000001 0.000001 0.001412
-0.470079 0.720089 0.249846 0.999999 -0.000000 0.000001 0.001415
-0.470080 0.720089 0.249869 0.999999 0.000001 -0.000001 0.001418
-0.470079 0.720088 0.249904 0.999999 0.000002 0.000000 0.001422
-0.470078 0.720091 0.249876 0.999999 -0.000003 0.000002 0.001423
-0.470079 0.720089 0.249870 0.999999 0.000001 0.000001 0.001425
-0.470080 0.720087 0.249871 0.999999 0.000004 -0.000001 0.001428
-0.470081 0.720089 0.249909 0.999999 0.000002 -0.000003 0.001431
-0.470078 0.720089 0.249869 0.999999 0.000001 0.000002 0.001433
-0.470079 0.720091 0.249862 0.999999 -0.000003 -0.000000 0.001434
-0.470080 0.720091 0.249869 0.999999 -0.000003 -0.000001 0.001434
-0.470080 0.720089 0.249895 0.999999 0.000001 -0.000001 0.001435
-0.470079 0.720090 0.249917 0.999999 -0.000002 0.000002 0.001436
-0.470080 0.720089 0.249932 0.999999 0.000002 -0.000000 0.001436
-0.470079 0.720088 0.249912 0.999999 0.000002 0.000001 0.001437
-0.470079 0.720089 0.249874 0.999999 0.000001 0.000002 0.001438
-0.470079 0.720091 0.249868 0.999999 -0.000002 0.000000 0.001439
-0.470079 0.720089 0.249882 0.999999 0.000001 0.000001 0.001441
-0.470077 0.720090 0.249885 0.999999 -0.000000 0.000004 0.001441
-0.470080 0.720088 0.249874 0.999999 0.000003 -0.000000 0.001442
-0.470081 0.720087 0.249869 0.999999 0.000006 -0.000002 0.001443
-0.470079 0.720093 0.249830 0.999999 -0.000006 0.000002 0.001444
-0.470077 0.720089 0.249821 0.999999 0.000001 0.000005 0.001444
-0.470081 0.720088 0.249803 0.999999 0.000004 -0.000002 0.001445
-0.470082 0.720088 0.249794 0.999999 0.000004 -0.000005 0.001446
-0.470077 0.720092 0.249801 0.999999 -0.000003 0.000005 0.001448
-0.470082 0.720088 0.249807 0.999999 0.000003 -0.000004 0.001449
-0.470079 0.720092 0.249831 0.999999 -0.000004 0.000002 0.001450
-0.470081 0.720090 0.249838 0.999999 0.000001 -0.000002 0.001451
-0.470080 0.720091 0.249865 0.999999 -0.000001 -0.000001 0.001452
-0.470080 0.720089 0.249880 0.999999 0.000002 -0.000000 0.001453
-0.470080 0.720089 0.249891 0.999999 0.000003 0.000001 0.001454
-0.470080 0.720089 0.249878 0.999999 0.000002 0.000000 0.001454
-0.470080 0.720091 0.249917 0.999999 -0.000002 -0.000001 0.001457
-0.470081 0.720089 0.249895 0.999999 0.000002 -0.000002 0.001462
-0.470080 0.720090 0.249877 0.999999 0.000001 -0.000001 0.001463
-0.470081 0.720089 0.249872 0.999999 0.000003 -0.000002 0.001464
-0.470080 0.720093 0.249853 0.999999 -0.000005 -0.000001 0.001466
-0.470080 0.720092 0.249847 0.999999 -0.000003 -0.000000 0.001468
-0.470079 0.720090 0.249857 0.999999 0.000001 0.000001 0.001469
-0.470079 0.720089 0.249873 0.999999 0.000003 0.000001 0.001469
-0.470080 0.720092 0.249857 0.999999 -0.000003 -0.000001 0.001470
-0.470081 0.720092 0.249860 0.999999 -0.000002 -0.000001 0.001471
-0.470079 0.720089 0.249899 0.999999 0.000003 0.000001 0.001472
-0.470082 0.720090 0.249893 0.999999 0.000001 -0.000004 0.001473
-0.470080 0.720091 0.249877 0.999999 0.000000 -0.000000 0.001474
-0.470078 0.720091 0.249871 0.999999 0.000000 0.000003 0.001474
-0.470080 0.720090 0.249867 0.999999 0.000002 -0.000000 0.001475
-0.470081 0.720092 0.249869 0.999999 -0.000002 -0.000003 0.001476
-0.470079 0.720093 0.249859 0.999999 -0.000004 0.000002 0.001477
-0.470079 0.720090 0.249848 0.999999 0.000002 0.000001 0.001478
-0.470081 0.720090 0.249857 0.999999 0.000001 -0.000002 0.001479
-0.470080 0.720090 0.249881 0.999999 0.000001 -0.000000 0.001479
-0.470080 0.720091 0.249902 0.999999 -0.000001 -0.000000 0.001480
-0.470081 0.720092 0.249918 0.999999 -0.000002 -0.000002 0.001480
-0.470080 0.720089 0.249922 0.999999 0.000003 -0.000000 0.001481
-0.470080 0.720090 0.249908 0.999999 0.000002 0.000000 0.001482
-0.470080 0.720091 0.249901 0.999999 -0.000000 0.000000 0.001482
-0.470080 0.720090 0.249901 0.999999 0.000001 -0.000001 0.001483
-0.470081 0.720089 0.249886 0.999999 0.000004 -0.000002 0.001483
-0.470083 0.720091 0.249856 0.999999 0.000001 -0.000006 0.001484
-0.470080 0.720086 0.249830 0.999999 0.000010 -0.000001 0.001484
-0.470079 0.720086 0.249815 0.999999 0.000011 0.000001 0.001484
-0.470084 0.720086 0.249802 0.999999 0.000010 -0.000007 0.001485
-0.470078 0.720091 0.249777 0.999999 0.000001 0.000003 0.001487
-0.470080 0.720090 0.249874 0.999999 0.000001 0.000000 0.001491
-0.470079 0.720092 0.249905 0.999999 -0.000003 0.000002 0.001492
-0.470080 0.720091 0.249915 0.999999 -0.000000 0.000000 0.001492
-0.470080 0.720090 0.249929 0.999999 0.000002 -0.000000 0.001492
-0.470081 0.720094 0.249910 0.999999 -0.000004 -0.000002 0.001494
-0.470079 0.720089 0.249893 0.999999 0.000006 0.000002 0.001495
-0.470080 0.720088 0.249844 0.999999 0.000007 0.000001 0.001496
-0.470083 0.720091 0.249830 0.999999 0.000000 -0.000006 0.001497
-0.470082 0.720094 0.249797 0.999999 -0.000005 -0.000004 0.001498
-0.470078 0.720091 0.249786 0.999999 0.000000 0.000004 0.001499
-0.470079 0.720092 0.249849 0.999999 -0.000002 0.000002 0.001502
-0.470081 0.720091 0.249921 0.999999 0.000000 -0.000002 0.001503
-0.470080 0.720094 0.249893 0.999999 -0.000005 0.000001 0.001506
-0.470080 0.720090 0.249792 0.999999 0.000003 0.000001 0.001508
-0.470082 0.720091 0.249853 0.999999 0.000002 -0.000002 0.001511
-0.470080 0.720091 0.249896 0.999999 0.000002 0.000002 0.001514
-0.470082 0.720091 0.249856 0.999999 0.000001 -0.000002 0.001516
-0.470082 0.720091 0.249876 0.999999 0.000001 -0.000002 0.001517
-0.470081 0.720091 0.249917 0.999999 0.000001 0.000000 0.001519
-0.470081 0.720093 0.249905 0.999999 -0.000002 0.000000 0.001521
-0.470081 0.720092 0.249871 0.999999 -0.000001 -0.000001 0.001524
-0.470082 0.720091 0.249915 0.999999 0.000003 -0.000002 0.001526
-0.470082 0.720094 0.249937 0.999999 -0.000003 -0.000001 0.001528
-0.470081 0.720093 0.249924 0.999999 -0.000001 0.000001 0.001529
-0.470081 0.720091 0.249921 0.999999 0.000003 -0.000000 0.001530
-0.470083 0.720092 0.249904 0.999999 -0.000000 -0.000004 0.001531
-0.470082 0.720091 0.249856 0.999999 0.000002 -0.000001 0.001532
-0.470081 0.720092 0.249836 0.999999 0.000001 0.000001 0.001532
-0.470083 0.720092 0.249852 0.999999 0.000001 -0.000003 0.001534
-0.470082 0.720094 0.249858 0.999999 -0.000003 -0.000002 0.001534
-0.470081 0.720093 0.249878 0.999999 -0.000001 0.000000 0.001536
-0.470081 0.720093 0.249899 0.999999 -0.000002 0.000000 0.001536
-0.470082 0.720092 0.249938 0.999999 0.000001 -0.000003 0.001537
-0.470082 0.720092 0.249951 0.999999 0.000001 -0.000002 0.001537
-0.470080 0.720093 0.249962 0.999999 -0.000000 0.000003 0.001537
-0.470080 0.720093 0.249959 0.999999 -0.000002 0.000002 0.001537
-0.470082 0.720091 0.249949 0.999999 0.000003 -0.000001 0.001538
-0.470082 0.720094 0.249937 0.999999 -0.000003 -0.000001 0.001539
-0.470080 0.720093 0.249875 0.999999 -0.000001 0.000002 0.001540
-0.470081 0.720092 0.249851 0.999999 0.000001 0.000001 0.001540
-0.470083 0.720093 0.249838 0.999999 -0.000000 -0.000004 0.001541
-0.470082 0.720090 0.249826 0.999999 0.000005 -0.000001 0.001542
-0.470082 0.720095 0.249816 0.999999 -0.000005 -0.000002 0.001544
-0.470082 0.720094 0.249812 0.999999 -0.000002 -0.000002 0.001544
-0.470082 0.720091 0.249821 0.999999 0.000004 -0.000001 0.001545
-0.470082 0.720094 0.249829 0.999999 -0.000003 -0.000002 0.001549
-0.470082 0.720092 0.249881 0.999999 0.000001 -0.000001 0.001551
-0.470082 0.720094 0.249907 0.999999 -0.000002 -0.000002 0.001554
-0.470083 0.720092 0.249908 0.999999 0.000002 -0.000004 0.001557
-0.470083 0.720093 0.249905 0.999999 0.000000 -0.000002 0.001559
-0.470082 0.720094 0.249902 0.999999 -0.000002 -0.000001 0.001561
-0.470080 0.720091 0.249805 0.999999 0.000004 0.000004 0.001563
-0.470082 0.720095 0.249786 0.999999 -0.000002 -0.000001 0.001565
-0.470081 0.720093 0.249906 0.999999 0.000001 0.000000 0.001567
-0.470082 0.720095 0.249908 0.999999 -0.000003 -0.000001 0.001569
-0.470081 0.720094 0.249895 0.999999 -0.000001 0.000001 0.001572
-0.470083 0.720094 0.249928 0.999999 -0.000001 -0.000002 0.001573
-0.470082 0.720092 0.249923 0.999999 0.000003 -0.000001 0.001575
-0.470083 0.720094 0.249896 0.999999 0.000000 -0.000002 0.001578
-0.470082 0.720094 0.249931 0.999999 0.000000 -0.000001 0.001580
-0.470082 0.720093 0.249946 0.999999 0.000002 -0.000001 0.001583
-0.470080 0.720095 0.249922 0.999999 -0.000003 0.000003 0.001584
-0.470081 0.720095 0.249920 0.999999 -0.000003 0.000001 0.001587
-0.470083 0.720095 0.249893 0.999999 -0.000002 -0.000003 0.001591
-0.470081 0.720094 0.249892 0.999999 0.000000 0.000001 0.001594
-0.470084 0.720092 0.249867 0.999999 0.000005 -0.000003 0.001597
-0.470082 0.720097 0.249861 0.999999 -0.000004 0.000001 0.001597
-0.470081 0.720093 0.249861 0.999999 0.000002 0.000002 0.001598
-0.470083 0.720094 0.249861 0.999999 0.000002 -0.000002 0.001598
-0.470081 0.720095 0.249896 0.999999 -0.000001 0.000003 0.001599
-0.470081 0.720095 0.249913 0.999999 -0.000002 0.000002 0.001600
-0.470083 0.720095 0.249928 0.999999 -0.000000 -0.000001 0.001600
-0.470084 0.720094 0.249931 0.999999 0.000002 -0.000003 0.001601
-0.470084 0.720095 0.249943 0.999999 -0.000001 -0.000003 0.001601
-0.470084 0.720095 0.249931 0.999999 -0.000000 -0.000003 0.001602
-0.470083 0.720095 0.249915 0.999999 -0.000001 -0.000000 0.001603
-0.470083 0.720094 0.249921 0.999999 0.000001 -0.000001 0.001603
-0.470083 0.720094 0.249952 0.999999 0.000001 -0.000002 0.001603
-0.470085 0.720100 0.249894 0.999999 -0.000002 0.000002 0.001715
-0.470088 0.720098 0.249920 0.999999 0.000002 -0.000003 0.001716
-0.470084 0.720099 0.249910 0.999999 -0.000001 0.000004 0.001717
-0.470085 0.720101 0.249889 0.999999 -0.000004 0.000003 0.001718
-0.470088 0.720100 0.249867 0.999999 -0.000001 -0.000004 0.001718
-0.470086 0.720096 0.249843 0.999999 0.000007 0.000000 0.001719
-0.470086 0.720099 0.249811 0.999999 0.000001 -0.000001 0.001720
-0.470085 0.720098 0.249809 0.999999 0.000002 0.000002 0.001720
-0.470086 0.720099 0.249834 0.999999 -0.000000 0.000001 0.001721
-0.470085 0.720099 0.249854 0.999999 0.000000 0.000002 0.001722
-0.470087 0.720099 0.249916 0.999999 0.000001 -0.000002 0.001722
-0.470087 0.720099 0.249940 0.999999 0.000000 -0.000001 0.001723
-0.470086 0.720099 0.249964 0.999999 0.000001 -0.000000 0.001723
-0.470086 0.720098 0.249964 0.999999 0.000002 -0.000000 0.001723
-0.470087 0.720099 0.249959 0.999999 0.000001 -0.000001 0.001724
-0.470087 0.720099 0.249965 0.999999 0.000002 -0.000001 0.001724
-0.470086 0.720099 0.249973 0.999999 0.000001 -0.000000 0.001724
-0.470087 0.720098 0.249973 0.999999 0.000002 -0.000001 0.001724
-0.470085 0.720098 0.249932 0.999999 0.000003 0.000002 0.001725
-0.470086 0.720099 0.249872 0.999999 0.000000 0.000001 0.001726
-0.470088 0.720101 0.249887 0.999999 -0.000002 -0.000003 0.001728
-0.470085 0.720101 0.249819 0.999999 -0.000002 0.000004 0.001730
-0.470087 0.720099 0.249855 0.999998 0.000002 -0.000000 0.001733
-0.470085 0.720101 0.249852 0.999998 -0.000002 0.000003 0.001734
-0.470087 0.720097 0.249849 0.999998 0.000005 0.000000 0.001735
-0.470087 0.720103 0.249849 0.999998 -0.000006 -0.000000 0.001736
-0.470088 0.720098 0.249854 0.999998 0.000003 -0.000003 0.001738
-0.470087 0.720101 0.249857 0.999998 -0.000002 0.000000 0.001739
-0.470087 0.720099 0.249886 0.999998 0.000002 -0.000000 0.001740
-0.470088 0.720099 0.249904 0.999998 0.000002 -0.000002 0.001740
-0.470087 0.720101 0.249902 0.999998 -0.000003 -0.000000 0.001741
-0.470086 0.720100 0.249894 0.999998 -0.000001 0.000003 0.001742
-0.470089 0.720098 0.249859 0.999998 0.000004 -0.000003 0.001745
-0.470088 0.720099 0.249843 0.999998 0.000002 -0.000001 0.001748
-0.470089 0.720100 0.249895 0.999998 0.000000 -0.000003 0.001751
-0.470088 0.720099 0.249913 0.999998 0.000003 -0.000001 0.001753
-0.470088 0.720102 0.249860 0.999998 -0.000004 -0.000001 0.001756
-0.470087 0.720101 0.249887 0.999998 -0.000001 0.000000 0.001758
-0.470088 0.720100 0.249918 0.999998 0.000001 -0.000002 0.001761
-0.470090 0.720102 0.249864 0.999998 -0.000002 -0.000005 0.001765
-0.470088 0.720098 0.249841 0.999998 0.000006 -0.000001 0.001768
-0.470087 0.720101 0.249808 0.999998 0.000000 0.000000 0.001772
-0.470088 0.720101 0.249906 0.999998 -0.000000 -0.000001 0.001774
-0.470087 0.720102 0.249884 0.999998 -0.000002 0.000001 0.001776
-0.470086 0.720101 0.249888 0.999998 -0.000000 0.000003 0.001779
-0.470089 0.720102 0.249861 0.999998 -0.000002 -0.000002 0.001781
-0.470087 0.720103 0.249906 0.999998 -0.000002 0.000000 0.001784
-0.470088 0.720101 0.249867 0.999998 0.000002 -0.000001 0.001787
-0.470088 0.720102 0.249931 0.999998 -0.000000 -0.000001 0.001789
-0.470088 0.720102 0.249924 0.999998 -0.000001 -0.000001 0.001790
-0.470087 0.720102 0.249968 0.999998 -0.000000 0.000001 0.001792
-0.470088 0.720102 0.249923 0.999998 -0.000001 -0.000001 0.001793
-0.470089 0.720102 0.249908 0.999998 -0.000001 -0.000003 0.001794
-0.470088 0.720102 0.249892 0.999998 -0.000001 -0.000001 0.001795
-0.470087 0.720101 0.249894 0.999998 0.000002 0.000000 0.001796
-0.470088 0.720101 0.249892 0.999998 0.000002 -0.000001 0.001796
-0.470086 0.720103 0.249894 0.999998 -0.000003 0.000002 0.001797
-0.470088 0.720101 0.249900 0.999998 0.000001 -0.000000 0.001797
-0.470088 0.720103 0.249892 0.999998 -0.000003 -0.000001 0.001799
-0.470087 0.720102 0.249881 0.999998 0.000001 0.000002 0.001799
-0.470088 0.720103 0.249844 0.999998 -0.000002 -0.000001 0.001800
-0.470090 0.720100 0.249839 0.999998 0.000004 -0.000004 0.001801
-0.470088 0.720099 0.249818 0.999998 0.000006 -0.000001 0.001803
-0.470089 0.720103 0.249818 0.999998 -0.000003 -0.000002 0.001803
-0.470090 0.720104 0.249800 0.999998 -0.000004 -0.000003 0.001805
-0.470087 0.720099 0.249792 0.999998 0.000006 0.000001 0.001805
-0.470087 0.720102 0.249825 0.999998 -0.000000 0.000002 0.001807
-0.470089 0.720102 0.249857 0.999998 -0.000000 -0.000002 0.001808
-0.470088 0.720102 0.249899 0.999998 0.000001 0.000001 0.001809
-0.470087 0.720104 0.249908 0.999998 -0.000003 0.000002 0.001810
-0.470087 0.720102 0.249892 0.999998 0.000001 0.000002 0.001811
-0.470086 0.720104 0.249871 0.999998 -0.000002 0.000004 0.001812
-0.470090 0.720100 0.249847 0.999998 0.000005 -0.000003 0.001813
-0.470087 0.720104 0.249841 0.999998 -0.000003 0.000003 0.001813
-0.470092 0.720102 0.249841 0.999998 0.000001 -0.000006 0.001815
-0.470088 0.720102 0.249850 0.999998 0.000002 0.000001 0.001816
-0.470089 0.720102 0.249860 0.999998 0.000000 -0.000001 0.001817
-0.470091 0.720102 0.249874 0.999998 0.000000 -0.000005 0.001818
-0.470087 0.720103 0.249875 0.999998 -0.000000 0.000003 0.001819
-0.470088 0.720102 0.249878 0.999998 0.000002 0.000001 0.001819
-0.470089 0.720101 0.249875 0.999998 0.000002 -0.000001 0.001820
-0.470089 0.720104 0.249867 0.999998 -0.000003 -0.000001 0.001820
-0.470089 0.720103 0.249852 0.999998 0.000000 -0.000001 0.001821
-0.470090 0.720103 0.249865 0.999998 -0.000000 -0.000002 0.001821
-0.470090 0.720102 0.249915 0.999998 0.000001 -0.000002 0.001822
-0.470090 0.720102 0.249937 0.999998 0.000001 -0.000002 0.001822
-0.470089 0.720103 0.249957 0.999998 -0.000001 -0.000001 0.001823
-0.470090 0.720102 0.249964 0.999998 0.000001 -0.000002 0.001823
-0.470090 0.720103 0.249965 0.999998 -0.000001 -0.000002 0.001824
-0.470090 0.720102 0.249959 0.999998 0.000002 -0.000002 0.001824
-0.470090 0.720101 0.249947 0.999998 0.000003 -0.000001 0.001825
-0.470088 0.720103 0.249924 0.999998 0.000001 0.000003 0.001825
-0.470089 0.720104 0.249920 0.999998 -0.000001 0.000001 0.001826
-0.470090 0.720103 0.249928 0.999998 -0.000001 -0.000002 0.001826
-0.470090 0.720101 0.249914 0.999998 0.000004 -0.000001 0.001827
-0.470090 0.720103 0.249908 0.999998 -0.000001 -0.000001 0.001828
-0.470089 0.720103 0.249898 0.999998 0.000001 0.000002 0.001829
-0.470089 0.720103 0.249910 0.999998 0.000000 0.000001 0.001830
-0.470088 0.720103 0.249940 0.999998 0.000001 0.000002 0.001830
-0.470088 0.720104 0.249949 0.999998 -0.000002 0.000003 0.001830
-0.470091 0.720103 0.249928 0.999998 -0.000001 -0.000003 0.001831
-0.470091 0.720105 0.249897 0.999998 -0.000004 -0.000002 0.001831
-0.470090 0.720101 0.249857 0.999998 0.000004 -0.000002 0.001833
-0.470088 0.720103 0.249857 0.999998 0.000001 0.000002 0.001833
-0.470089 0.720104 0.249883 0.999998 -0.000001 0.000001 0.001835
-0.470089 0.720103 0.249907 0.999998 0.000000 0.000000 0.001835
-0.470091 0.720103 0.249936 0.999998 0.000000 -0.000002 0.001835
-0.470089 0.720103 0.249948 0.999998 0.000000 0.000001 0.001836
-0.470089 0.720103 0.249955 0.999998 0.000001 0.000000 0.001836
-0.470091 0.720102 0.249952 0.999998 0.000002 -0.000003 0.001837
-0.470090 0.720106 0.249917 0.999998 -0.000005 -0.000000 0.001838
-0.470092 0.720102 0.249899 0.999998 0.000003 -0.000004 0.001839
-0.470088 0.720104 0.249882 0.999998 -0.000002 0.000003 0.001840
-0.470090 0.720103 0.249872 0.999998 0.000001 0.000000 0.001841
-0.470091 0.720104 0.249887 0.999998 -0.000002 -0.000002 0.001841
-0.470090 0.720105 0.249897 0.999998 -0.000003 -0.000001 0.001842
-0.470091 0.720104 0.249881 0.999998 -0.000001 -0.000003 0.001844
-0.470090 0.720104 0.249871 0.999998 -0.000001 0.000000 0.001844
-0.470090 0.720104 0.249913 0.999998 -0.000001 -0.000000 0.001845
-0.470090 0.720102 0.249933 0.999998 0.000002 -0.000001 0.001845
-0.470090 0.720104 0.249921 0.999998 -0.000001 0.000001 0.001846
-0.470091 0.720105 0.249925 0.999998 -0.000002 -0.000002 0.001846
-0.470091 0.720103 0.249921 0.999998 0.000001 -0.000002 0.001847
-0.470090 0.720103 0.249924 0.999998 0.000001 -0.000001 0.001847
-0.470091 0.720103 0.249910 0.999998 0.000001 -0.000002 0.001849
-0.470092 0.720104 0.249887 0.999998 -0.000001 -0.000004 0.001849
-0.470088 0.720104 0.249861 0.999998 -0.000000 0.000005 0.001851
-0.470091 0.720103 0.249864 0.999998 0.000002 -0.000002 0.001852
-0.470088 0.720103 0.249858 0.999998 0.000001 0.000004 0.001852
-0.470090 0.720106 0.249850 0.999998 -0.000003 -0.000001 0.001853
-0.470090 0.720103 0.249858 0.999998 0.000001 0.000000 0.001854
-0.470091 0.720103 0.249872 0.999998 0.000003 -0.000002 0.001855
-0.470089 0.720106 0.249895 0.999998 -0.000005 0.000001 0.001856
-0.470090 0.720105 0.249892 0.999998 -0.000003 -0.000000 0.001857
-0.470090 0.720103 0.249889 0.999998 0.000002 -0.000001 0.001858
-0.470089 0.720104 0.249891 0.999998 0.000001 0.000001 0.001858
-0.470090 0.720103 0.249891 0.999998 0.000001 -0.000000 0.001859
-0.470089 0.720105 0.249907 0.999998 -0.000002 0.000002 0.001859
-0.470092 0.720104 0.249917 0.999998 0.000001 -0.000004 0.001860
-0.470091 0.720103 0.249906 0.999998 0.000003 -0.000003 0.001861
-0.470089 0.720105 0.249905 0.999998 -0.000000 0.000003 0.001862
-0.470090 0.720106 0.249913 0.999998 -0.000002 0.000001 0.001863
-0.470090 0.720104 0.249941 0.999998 0.000001 0.000000 0.001863
-0.470090 0.720105 0.249944 0.999998 -0.000001 0.000000 0.001864
-0.470091 0.720105 0.249940 0.999998 -0.000002 -0.000001 0.001865
-0.470089 0.720105 0.249930 0.999998 -0.000000 0.000002 0.001865
-0.470091 0.720104 0.249936 0.999998 0.000000 -0.000001 0.001867
-0.470091 0.720104 0.249948 0.999998 0.000002 -0.000001 0.001867
-0.470091 0.720104 0.249968 0.999998 0.000001 -0.000002 0.001867
-0.470091 0.720104 0.249973 0.999998 0.000001 -0.000002 0.001867
-0.470091 0.720105 0.249973 0.999998 -0.000000 -0.000002 0.001868
-0.470090 0.720104 0.249967 0.999998 0.000001 0.000000 0.001868
-0.470091 0.720104 0.249965 0.999998 0.000000 -0.000001 0.001869
-0.470090 0.720105 0.249967 0.999998 -0.000001 0.000001 0.001869
-0.470092 0.720103 0.249950 0.999998 0.000004 -0.000003 0.001869
-0.470089 0.720104 0.249919 0.999998 0.000000 0.000004 0.001870
-0.470090 0.720107 0.249860 0.999998 -0.000005 0.000001 0.001871
-0.470091 0.720104 0.249837 0.999998 0.000002 -0.000000 0.001871
-0.470090 0.720106 0.249839 0.999998 -0.000002 0.000001 0.001873
-0.470090 0.720104 0.249865 0.999998 0.000001 0.000001 0.001874
-0.470091 0.720104 0.249909 0.999998 0.000001 -0.000001 0.001874
-0.470092 0.720104 0.249923 0.999998 0.000002 -0.000002 0.001874
-0.470091 0.720104 0.249937 0.999998 0.000001 -0.000001 0.001875
-0.470090 0.720103 0.249930 0.999998 0.000003 0.000000 0.001875
-0.470091 0.720106 0.249916 0.999998 -0.000002 -0.000001 0.001877
-0.470091 0.720107 0.249914 0.999998 -0.000003 -0.000002 0.001877
-0.470090 0.720105 0.249904 0.999998 0.000001 -0.000000 0.001879
-0.470089 0.720105 0.249909 0.999998 -0.000001 0.000002 0.001880
-0.470091 0.720106 0.249923 0.999998 -0.000002 -0.000001 0.001881
-0.470090 0.720104 0.249922 0.999998 0.000002 0.000000 0.001881
-0.470092 0.720102 0.249882 0.999998 0.000006 -0.000004 0.001882
-0.470091 0.720104 0.249857 0.999998 0.000002 -0.000000 0.001883
-0.470090 0.720108 0.249826 0.999998 -0.000006 0.000001 0.001884
-0.470092 0.720104 0.249826 0.999998 0.000003 -0.000003 0.001885
-0.470091 0.720105 0.249869 0.999998 -0.000001 -0.000001 0.001886
-0.470090 0.720103 0.249895 0.999998 0.000003 0.000001 0.001886
-0.470091 0.720104 0.249889 0.999998 0.000002 -0.000001 0.001888
-0.470091 0.720104 0.249882 0.999998 0.000003 -0.000001 0.001889
-0.470092 0.720104 0.249844 0.999998 0.000002 -0.000003 0.001889
-0.470092 0.720104 0.249836 0.999998 0.000001 -0.000004 0.001890
-0.470090 0.720105 0.249850 0.999998 -0.000000 0.000002 0.001891
-0.470090 0.720105 0.249877 0.999998 0.000001 0.000001 0.001892
-0.470090 0.720105 0.249907 0.999998 -0.000000 0.000001 0.001892
-0.470091 0.720106 0.249906 0.999998 -0.000002 -0.000001 0.001893
-0.470089 0.720106 0.249891 0.999998 -0.000002 0.000004 0.001895
-0.470091 0.720105 0.249891 0.999998 -0.000000 -0.000000 0.001895
-0.470091 0.720108 0.249878 0.999998 -0.000005 -0.000001 0.001896
-0.470088 0.720105 0.249870 0.999998 0.000001 0.000005 0.001897
-0.470093 0.720104 0.249857 0.999998 0.000002 -0.000004 0.001898
-0.470091 0.720106 0.249852 0.999998 -0.000001 -0.000001 0.001898
-0.470090 0.720108 0.249827 0.999998 -0.000005 0.000001 0.001899
-0.470089 0.720106 0.249816 0.999998 -0.000000 0.000003 0.001900
-0.470095 0.720103 0.249790 0.999998 0.000005 -0.000009 0.001901
-0.470091 0.720100 0.249777 0.999998 0.000010 -0.000001 0.001902
-0.470093 0.720104 0.249770 0.999998 0.000002 -0.000004 0.001902
