-0.080728 0.886058 0.407063
-0.082005 0.886024 0.406993
-0.082090 0.885989 0.406992
-0.083157 0.885845 0.406946
-0.085150 0.885020 0.406944
-0.086006 0.884400 0.407031
-0.086876 0.883926 0.407100
-0.088902 0.882794 0.407193
-0.089733 0.881630 0.407442
-0.090476 0.880672 0.407666
-0.090460 0.880277 0.407763
-0.091196 0.879637 0.407866
-0.090987 0.878883 0.408023
-0.090944 0.878732 0.408049
-0.089098 0.878024 0.408270
-0.088976 0.877844 0.408304
-0.086870 0.876959 0.408569
-0.086718 0.876753 0.408608
-0.086217 0.876588 0.408666
-0.086929 0.874071 0.409054
-0.086743 0.873664 0.409145
-0.086161 0.873319 0.409249
-0.086576 0.870575 0.409700
-0.086331 0.870004 0.409823
-0.084954 0.869051 0.410080
-0.085281 0.865870 0.410587
-0.084987 0.865213 0.410719
-0.084277 0.864642 0.410856
-0.083786 0.860454 0.411543
-0.075942 0.850808 0.413286
-0.076312 0.850792 0.413267
-0.077608 0.850289 0.413252
-0.079966 0.848828 0.413375
-0.079843 0.848208 0.413475
-0.079502 0.847661 0.413564
-0.079185 0.847123 0.413643
-0.078849 0.846585 0.413722
-0.078778 0.846436 0.413743
-0.079632 0.845782 0.413768
-0.080563 0.845182 0.413803
-0.082034 0.844194 0.413859
-0.083151 0.843313 0.413935
-0.083864 0.842601 0.414015
-0.085159 0.841495 0.414111
-0.086146 0.840499 0.414216
-0.086754 0.839684 0.414319
-0.087947 0.838479 0.414438
-0.088824 0.837396 0.414563
-0.089352 0.836500 0.414679
-0.090490 0.835214 0.414813
-0.091132 0.831134 0.415374
-0.089514 0.828821 0.415666
-0.088174 0.827196 0.415850
-0.087128 0.825939 0.415990
-0.086356 0.824940 0.416095
-0.086264 0.824731 0.416113
-0.085763 0.824386 0.416144
-0.085367 0.823981 0.416180
-0.084728 0.823666 0.416211
-0.084308 0.823259 0.416244
-0.083992 0.823088 0.416258
-0.084630 0.822370 0.416308
-0.085255 0.821671 0.416368
-0.085338 0.820671 0.416462
-0.086138 0.819713 0.416538
-0.086866 0.816537 0.416847
-0.086672 0.816103 0.416881
-0.086247 0.814815 0.416990
-0.086098 0.814528 0.417012
-0.086009 0.813830 0.417075
-0.085954 0.813600 0.417092
-0.086070 0.813063 0.417146
-0.086061 0.812877 0.417162
-0.086167 0.812704 0.417179
-0.087192 0.811991 0.417245
-0.088100 0.811305 0.417317
-0.088731 0.810772 0.417378
-0.090023 0.809782 0.417482
-0.091078 0.808872 0.417579
-0.091785 0.808149 0.417656
-0.093099 0.807003 0.417774
-0.094128 0.805959 0.417886
-0.094797 0.805125 0.417973
-0.096045 0.803878 0.418104
-0.097001 0.802766 0.418224
-0.097866 0.800588 0.418437
-0.097792 0.800027 0.418474
-0.097383 0.798468 0.418579
-0.097195 0.798126 0.418597
-0.097049 0.797525 0.418637
-0.096804 0.796986 0.418671
-0.096829 0.796527 0.418703
-0.096802 0.796289 0.418719
-0.096883 0.795885 0.418757
-0.096896 0.795648 0.418774
-0.097073 0.795263 0.418811
-0.097108 0.795048 0.418827
-0.097329 0.794571 0.418878
-0.097098 0.793835 0.418940
-0.096959 0.793405 0.418968
-0.096792 0.792966 0.418997
-0.096581 0.792446 0.419022
-0.096448 0.791963 0.419040
-0.096354 0.791619 0.419059
-0.096240 0.791268 0.419079
-0.096153 0.790944 0.419095
-0.096112 0.790856 0.419099
-0.096345 0.790602 0.419123
-0.096374 0.790506 0.419131
-0.096645 0.790305 0.419163
-0.097652 0.789668 0.419237
-0.098570 0.789072 0.419310
-0.099243 0.788628 0.419358
-0.100604 0.787695 0.419462
-0.101655 0.786884 0.419554
-0.102681 0.785847 0.419653
-0.102872 0.785497 0.419673
-0.103053 0.784881 0.419702
-0.103027 0.784712 0.419706
-0.103157 0.784361 0.419723
-0.102987 0.783933 0.419727
-0.102906 0.783513 0.419729
-0.102461 0.783196 0.419744
-0.102247 0.782979 0.419762
-0.102208 0.782549 0.419770
-0.102035 0.782219 0.419781
-0.101901 0.781880 0.419794
-0.101690 0.781442 0.419801
-0.101669 0.781079 0.419809
-0.101390 0.780674 0.419825
-0.101320 0.780285 0.419836
-0.101056 0.779882 0.419847
-0.100888 0.779561 0.419869
-0.100722 0.779273 0.419884
-0.100795 0.778997 0.419897
-0.100737 0.778590 0.419899
-0.100579 0.778303 0.419906
-0.100460 0.777951 0.419920
-0.100456 0.777842 0.419922
-0.100469 0.777672 0.419926
-0.100617 0.777421 0.419947
-0.100632 0.777290 0.419955
-0.100774 0.777092 0.419978
-0.100846 0.776960 0.419985
-0.101048 0.776771 0.420009
-0.101092 0.776667 0.420016
-0.101312 0.776480 0.420037
-0.101374 0.776371 0.420045
-0.101682 0.776141 0.420078
-0.101740 0.776066 0.420084
-0.102040 0.775925 0.420101
-0.102379 0.775563 0.420115
-0.102257 0.775272 0.420127
-0.102237 0.774940 0.420146
-0.101952 0.774675 0.420165
-0.101986 0.774582 0.420169
-0.101720 0.774459 0.420169
-0.101626 0.774376 0.420174
-0.101175 0.774095 0.420163
-0.101138 0.773959 0.420166
-0.100703 0.773682 0.420160
-0.100630 0.773548 0.420162
-0.100102 0.773155 0.420150
-0.100046 0.773030 0.420154
-0.099877 0.772932 0.420152
-0.100653 0.772219 0.420229
-0.101385 0.771572 0.420304
-0.101539 0.770371 0.420365
-0.101472 0.770139 0.420357
-0.101111 0.769793 0.420330
-0.100809 0.769501 0.420317
-0.100609 0.769349 0.420304
-0.100158 0.768697 0.420269
-0.099957 0.768617 0.420260
-0.099641 0.768339 0.420245
-0.099102 0.768186 0.420229
-0.098700 0.767891 0.420222
-0.098330 0.767659 0.420208
-0.098228 0.767509 0.420207
-0.097886 0.767244 0.420190
-0.097688 0.767124 0.420190
-0.096898 0.766647 0.420159
-0.096783 0.766422 0.420156
-0.096263 0.766100 0.420136
-0.095951 0.765755 0.420132
-0.095751 0.765586 0.420121
-0.095265 0.765031 0.420105
-0.095006 0.764870 0.420095
-0.094515 0.764508 0.420082
-0.094248 0.764342 0.420070
-0.093938 0.763913 0.420056
-0.093697 0.763740 0.420044
-0.093217 0.763369 0.420030
-0.092926 0.763196 0.420019
-0.092435 0.762728 0.420003
-0.092131 0.762545 0.419995
-0.091498 0.761934 0.419977
-0.091233 0.761754 0.419966
-0.090790 0.761293 0.419947
-0.090486 0.761113 0.419935
-0.090017 0.760635 0.419917
-0.089727 0.760459 0.419903
-0.089157 0.759797 0.419874
-0.088915 0.759618 0.419858
-0.088155 0.758940 0.419819
-0.087927 0.758824 0.419809
-0.087532 0.758481 0.419794
-0.087256 0.758350 0.419781
-0.086667 0.757830 0.419751
-0.086425 0.757716 0.419737
-0.085886 0.757248 0.419709
-0.085660 0.757109 0.419695
-0.085278 0.756738 0.419674
-0.085018 0.756595 0.419656
-0.084213 0.755772 0.419599
-0.083852 0.755101 0.419585
-0.083428 0.754369 0.419571
-0.083196 0.753924 0.419574
-0.083027 0.753386 0.419578
-0.082789 0.752780 0.419573
-0.082660 0.752328 0.419581
-0.082412 0.751867 0.419584
-0.082217 0.751382 0.419592
-0.082072 0.750916 0.419595
-0.081982 0.750611 0.419604
-0.081879 0.750204 0.419615
-0.081651 0.749666 0.419622
-0.081398 0.749300 0.419630
-0.081355 0.749122 0.419632
-0.081515 0.748811 0.419651
-0.081591 0.748501 0.419665
-0.081704 0.748368 0.419678
-0.082773 0.747648 0.419775
-0.083751 0.747026 0.419862
-0.084429 0.746634 0.419920
-0.085856 0.745828 0.420043
-0.087046 0.745160 0.420146
-0.088352 0.744479 0.420238
-0.089050 0.743969 0.420193
-0.088910 0.743621 0.420119
-0.088783 0.743323 0.420096
-0.088535 0.742838 0.420068
-0.088376 0.742354 0.420061
-0.088232 0.741903 0.420063
-0.088214 0.741787 0.420067
-0.087960 0.741592 0.420051
-0.087795 0.741241 0.420044
-0.087442 0.740963 0.420022
-0.087287 0.740747 0.420018
-0.088136 0.739913 0.420118
-0.088806 0.739292 0.420201
-0.089344 0.737972 0.420272
-0.089244 0.737712 0.420256
-0.088985 0.737077 0.420216
-0.088727 0.736791 0.420190
-0.088074 0.735897 0.420133
-0.087781 0.735638 0.420116
-0.087195 0.734686 0.420071
-0.086895 0.734434 0.420057
-0.086219 0.733518 0.420021
-0.085959 0.733302 0.420006
-0.085345 0.732505 0.419972
-0.084779 0.732000 0.419938
-0.084396 0.731316 0.419921
-0.083642 0.730504 0.419874
-0.083475 0.730159 0.419870
-0.082955 0.729512 0.419844
-0.082757 0.729168 0.419838
-0.082142 0.728573 0.419809
-0.082887 0.727650 0.419906
-0.083637 0.726762 0.419999
-0.084008 0.725590 0.420048
-0.083738 0.723993 0.419999
-0.083212 0.722769 0.419953
-0.082518 0.721612 0.419918
-0.081967 0.720385 0.419912
-0.081895 0.720114 0.419913
-0.081932 0.719580 0.419932
-0.081897 0.719304 0.419940
-0.081947 0.718776 0.419970
-0.081946 0.718500 0.419981
-0.082115 0.717659 0.420039
-0.082113 0.717482 0.420049
-0.082200 0.717303 0.420066
-0.083276 0.716577 0.420195
-0.084244 0.715885 0.420314
-0.085348 0.715131 0.420442
-0.085801 0.714498 0.420470
-0.085733 0.713676 0.420435
-0.085621 0.713185 0.420415
-0.085520 0.712591 0.420411
-0.085168 0.712078 0.420417
-0.084978 0.711579 0.420424
-0.084748 0.710898 0.420427
-0.084525 0.710152 0.420431
-0.084317 0.709296 0.420445
-0.084063 0.708858 0.420465
-0.083940 0.708158 0.420466
-0.083796 0.707476 0.420475
-0.083764 0.707232 0.420479
-0.083860 0.706771 0.420500
-0.083836 0.706591 0.420512
-0.084800 0.705830 0.420637
-0.085796 0.705204 0.420761
-0.086463 0.704701 0.420830
-0.087817 0.703760 0.420986
-0.089056 0.702940 0.421112
-0.090748 0.701886 0.421301
-0.092097 0.701086 0.421437
-0.093574 0.700139 0.421537
-0.093870 0.699923 0.421528
-0.094277 0.699640 0.421495
-0.094391 0.699547 0.421471
-0.094690 0.699460 0.421424
-0.094743 0.699476 0.421408
-0.094991 0.699516 0.421399
-0.095067 0.699443 0.421390
-0.095328 0.699295 0.421388
-0.095420 0.699200 0.421381
-0.095669 0.699077 0.421386
-0.095708 0.699048 0.421387
-0.096678 0.698398 0.421523
-0.097651 0.697800 0.421650
-0.098251 0.697306 0.421708
-0.098706 0.696910 0.421738
-0.099240 0.696223 0.421749
-0.099455 0.695726 0.421735
-0.099494 0.695424 0.421725
-0.099631 0.695075 0.421724
-0.099729 0.694757 0.421722
-0.099826 0.694576 0.421725
-0.099897 0.694287 0.421727
-0.100021 0.694045 0.421740
-0.099994 0.693853 0.421743
-0.100029 0.693789 0.421761
-0.100034 0.693716 0.421769
-0.100145 0.693523 0.421792
-0.100193 0.693403 0.421798
-0.100315 0.693175 0.421819
-0.100352 0.693046 0.421826
-0.100433 0.692921 0.421839
-0.101480 0.692188 0.421993
-0.102409 0.691592 0.422121
-0.103399 0.691083 0.422226
-0.103660 0.690916 0.422233
-0.104181 0.690694 0.422239
-0.104362 0.690446 0.422200
-0.104366 0.690342 0.422159
-0.104392 0.690170 0.422152
-0.104361 0.689867 0.422144
-0.104176 0.689798 0.422126
-0.104196 0.689425 0.422135
-0.103953 0.688955 0.422122
-0.103787 0.687913 0.422124
-0.103723 0.686537 0.422138
-0.103463 0.685677 0.422147
-0.103296 0.685250 0.422140
-0.103065 0.684667 0.422141
-0.102927 0.683745 0.422155
-0.102586 0.682867 0.422145
-0.102484 0.681908 0.422154
-0.102418 0.680764 0.422157
-0.102088 0.679647 0.422176
-0.101792 0.678608 0.422175
-0.101722 0.678313 0.422177
-0.101658 0.677829 0.422195
-0.101674 0.677499 0.422200
-0.101725 0.677016 0.422219
-0.101772 0.676723 0.422227
-0.102789 0.675794 0.422375
-0.103725 0.675117 0.422512
-0.104562 0.674238 0.422606
-0.104804 0.673993 0.422612
-0.104985 0.673741 0.422601
-0.105071 0.673714 0.422597
-0.105222 0.673644 0.422588
-0.105316 0.673577 0.422590
-0.105372 0.673469 0.422588
-0.105462 0.673398 0.422593
-0.105665 0.673220 0.422603
-0.105768 0.673166 0.422609
-0.106017 0.672920 0.422626
-0.106081 0.672779 0.422636
-0.105972 0.672473 0.422626
-0.105823 0.672164 0.422615
-0.105480 0.671634 0.422594
-0.105292 0.671229 0.422599
-0.105201 0.671120 0.422594
-0.105215 0.670551 0.422598
-0.105076 0.670297 0.422591
-0.104916 0.670016 0.422581
-0.105765 0.669121 0.422725
-0.106596 0.668173 0.422856
-0.108047 0.666853 0.423071
-0.109081 0.665906 0.423215
-0.109678 0.665224 0.423273
-0.111034 0.664116 0.423442
-0.112203 0.663306 0.423561
-0.113454 0.662176 0.423606
-0.113710 0.661841 0.423572
-0.113724 0.661327 0.423473
-0.113594 0.661095 0.423420
-0.112943 0.660351 0.423238
-0.112618 0.659074 0.423193
-0.112493 0.658366 0.423181
-0.112392 0.658104 0.423175
-0.112312 0.657282 0.423170
-0.112285 0.656947 0.423174
-0.112228 0.656212 0.423185
-0.112224 0.655893 0.423196
-0.112298 0.655438 0.423217
-0.112354 0.655071 0.423245
-0.112365 0.654912 0.423250
-0.113312 0.654170 0.423418
-0.114215 0.653485 0.423571
-0.114816 0.652986 0.423648
-0.116165 0.652003 0.423849
-0.117303 0.651236 0.424012
-0.118403 0.650713 0.424124
-0.118955 0.650525 0.424108
-0.118948 0.650886 0.424043
-0.118971 0.651051 0.424024
-0.119329 0.651429 0.424016
-0.119474 0.651577 0.424009
-0.119855 0.651973 0.424008
-0.119977 0.652228 0.424007
-0.120318 0.652548 0.424018
-0.120500 0.652629 0.424021
-0.120903 0.652954 0.424035
-0.121105 0.653109 0.424037
-0.121268 0.653843 0.424033
-0.121513 0.653995 0.424051
-0.121730 0.654088 0.424062
-0.121769 0.654155 0.424061
-0.121934 0.654314 0.424071
-0.122048 0.654341 0.424074
-0.122276 0.654438 0.424086
-0.122245 0.654532 0.424077
-0.122361 0.654568 0.424087
-0.122549 0.654442 0.424101
-0.122565 0.654463 0.424097
-0.124256 0.653187 0.424436
-0.125629 0.652932 0.424622
-0.125963 0.653105 0.424543
-0.126475 0.653490 0.424546
-0.126861 0.654175 0.424522
-0.126937 0.654563 0.424480
-0.127141 0.654960 0.424489
-0.127044 0.655125 0.424482
-0.126955 0.654959 0.424479
-0.126794 0.654837 0.424466
-0.127128 0.654615 0.424497
-0.127083 0.654304 0.424483
-0.126945 0.654135 0.424474
-0.126661 0.653833 0.424451
-0.126840 0.653699 0.424501
-0.126832 0.653319 0.424503
-0.126794 0.652898 0.424501
-0.126526 0.651470 0.424485
-0.126322 0.650522 0.424504
-0.125952 0.649844 0.424504
-0.125146 0.649480 0.424482
-0.124815 0.648416 0.424489
-0.125103 0.646713 0.424533
-0.125146 0.645600 0.424563
-0.124766 0.644606 0.424539
-0.124852 0.643476 0.424555
-0.124302 0.642589 0.424520
-0.124384 0.641943 0.424571
-0.124172 0.641057 0.424577
-0.123969 0.639890 0.424581
-0.123941 0.638437 0.424622
-0.123112 0.638789 0.424567
-0.123275 0.638072 0.424634
-0.123055 0.637801 0.424632
-0.122971 0.636842 0.424630
-0.122765 0.635977 0.424625
-0.122030 0.634771 0.424610
-0.121459 0.633495 0.424596
-0.120879 0.632677 0.424598
-0.120930 0.631374 0.424636
-0.120201 0.630612 0.424610
-0.119877 0.629174 0.424629
-0.119777 0.627291 0.424671
-0.119378 0.626242 0.424662
-0.118934 0.625309 0.424679
-0.118676 0.624026 0.424709
-0.118551 0.623922 0.424724
-0.118575 0.623720 0.424740
-0.118613 0.623483 0.424758
-0.118649 0.623082 0.424789
-0.118608 0.622913 0.424795
-0.118479 0.622684 0.424807
-0.118440 0.622508 0.424817
-0.118413 0.622272 0.424835
-0.118348 0.622104 0.424845
-0.119259 0.621105 0.425030
-0.120134 0.620311 0.425201
-0.121152 0.619144 0.425341
-0.121830 0.618061 0.425372
-0.121896 0.617938 0.425367
-0.121889 0.617875 0.425348
-0.121858 0.617901 0.425341
-0.121950 0.617640 0.425347
-0.121972 0.617541 0.425346
-0.121997 0.617413 0.425351
-0.122938 0.616568 0.425531
-0.123849 0.615763 0.425697
-0.124965 0.614179 0.425857
-0.125087 0.614049 0.425871
-0.125220 0.614224 0.425867
-0.125165 0.614801 0.425809
-0.125551 0.613352 0.425793
-0.125344 0.612713 0.425772
-0.125177 0.612092 0.425778
-0.124751 0.612158 0.425777
-0.124713 0.611637 0.425788
-0.124669 0.610663 0.425799
-0.124629 0.610064 0.425841
-0.124294 0.610300 0.425847
-0.124384 0.609406 0.425862
-0.124278 0.608454 0.425862
-0.124165 0.607602 0.425873
-0.124078 0.607560 0.425879
-0.123992 0.607669 0.425899
-0.124012 0.607605 0.425908
-0.124903 0.606937 0.426095
-0.125616 0.606724 0.426258
-0.126244 0.606337 0.426350
-0.127569 0.605402 0.426580
-0.128704 0.604607 0.426764
-0.129880 0.603869 0.426916
-0.130190 0.603770 0.426919
-0.130639 0.603779 0.426894
-0.130789 0.603725 0.426878
-0.130951 0.603973 0.426854
-0.130991 0.604203 0.426837
-0.131230 0.604251 0.426837
-0.131361 0.604104 0.426836
-0.131642 0.603795 0.426839
-0.131781 0.603706 0.426842
-0.132000 0.603424 0.426854
-0.132066 0.603327 0.426853
-0.132237 0.603095 0.426865
-0.132352 0.602896 0.426873
-0.132531 0.602483 0.426897
-0.132565 0.602423 0.426900
-0.132619 0.602282 0.426906
-0.132620 0.602222 0.426906
-0.132573 0.602239 0.426912
-0.132667 0.601923 0.426926
-0.132594 0.601972 0.426931
-0.132548 0.601989 0.426937
-0.133395 0.601307 0.427129
-0.134154 0.600767 0.427296
-0.135666 0.599379 0.427593
-0.136934 0.598507 0.427841
-0.137841 0.597759 0.427978
-0.138855 0.597179 0.428098
-0.139327 0.596671 0.428120
-0.139689 0.595579 0.428100
-0.140074 0.595202 0.428117
-0.140296 0.594808 0.428120
-0.140428 0.594363 0.428131
-0.140424 0.594273 0.428131
-0.140331 0.594138 0.428129
-0.140290 0.594022 0.428127
-0.140082 0.593770 0.428108
-0.139870 0.593861 0.428090
-0.139540 0.593784 0.428059
-0.140263 0.593167 0.428250
-0.141263 0.592038 0.428445
-0.142094 0.590864 0.428583
-0.143619 0.589128 0.428879
-0.144707 0.587824 0.429122
-0.145869 0.585880 0.429359
-0.146145 0.585301 0.429419
-0.146476 0.584403 0.429496
-0.146579 0.583894 0.429523
-0.146793 0.583093 0.429568
-0.146901 0.582558 0.429594
-0.146736 0.582114 0.429592
-0.146741 0.581596 0.429604
-0.146790 0.580533 0.429639
-0.146781 0.579995 0.429652
-0.146503 0.579614 0.429643
-0.146399 0.579120 0.429658
-0.145925 0.578898 0.429642
-0.145858 0.578281 0.429666
-0.145747 0.577813 0.429675
-0.145633 0.576967 0.429674
-0.145404 0.576665 0.429660
-0.145075 0.576005 0.429645
-0.144890 0.575606 0.429638
-0.144229 0.575270 0.429584
-0.143961 0.575276 0.429572
-0.143614 0.574671 0.429556
-0.143525 0.574410 0.429559
-0.143414 0.573815 0.429566
-0.143225 0.573651 0.429556
-0.143109 0.572903 0.429566
-0.142922 0.572600 0.429559
-0.142579 0.572058 0.429551
-0.142453 0.571490 0.429554
-0.142288 0.570223 0.429565
-0.142174 0.568523 0.429604
-0.141856 0.568174 0.429597
-0.141374 0.567199 0.429592
-0.141215 0.566639 0.429598
-0.141040 0.565911 0.429603
-0.141837 0.564366 0.429820
-0.142530 0.562958 0.430016
-0.143881 0.560917 0.430354
-0.144998 0.559122 0.430638
-0.146395 0.556501 0.430975
-0.146637 0.555806 0.431043
-0.146853 0.554381 0.431121
-0.146847 0.553682 0.431145
-0.147092 0.551490 0.431230
-0.147115 0.550467 0.431264
-0.146951 0.548913 0.431321
-0.146716 0.548427 0.431339
-0.146400 0.546861 0.431371
-0.146247 0.546081 0.431401
-0.145934 0.544649 0.431453
-0.145820 0.543872 0.431492
-0.146455 0.542368 0.431727
-0.146986 0.541055 0.431941
-0.148126 0.539325 0.432286
-0.149321 0.537431 0.432608
-0.150460 0.535610 0.432944
-0.150706 0.535016 0.433023
-0.150972 0.534110 0.433124
-0.151112 0.533382 0.433170
-0.152012 0.531866 0.433421
-0.152879 0.530049 0.433669
-0.154127 0.528143 0.434042
-0.155175 0.526407 0.434350
-0.156574 0.524477 0.434766
-0.157965 0.522127 0.435145
-0.158933 0.520388 0.435400
-0.159524 0.519177 0.435566
-0.160330 0.516990 0.435798
-0.160470 0.516042 0.435867
-0.160502 0.514636 0.435966
-0.160491 0.513903 0.436013
-0.160308 0.512622 0.436071
-0.160052 0.512375 0.436080
-0.159457 0.512009 0.436062
-0.159251 0.511876 0.436061
-0.158965 0.511298 0.436066
-0.159546 0.510157 0.436283
-0.160139 0.508901 0.436509
-0.160530 0.507868 0.436663
-0.161473 0.506184 0.436984
-0.162281 0.504544 0.437269
-0.163157 0.502181 0.437613
-0.163369 0.501342 0.437718
-0.163546 0.499803 0.437856
-0.163512 0.499231 0.437894
-0.163381 0.498304 0.437933
-0.163231 0.497924 0.437945
-0.162895 0.496604 0.437971
-0.162720 0.495840 0.437993
-0.162554 0.494797 0.438032
-0.163050 0.492736 0.438291
-0.163487 0.490921 0.438539
-0.163626 0.489821 0.438694
-0.163634 0.488828 0.438803
-0.163566 0.487997 0.438877
-0.163391 0.486041 0.438986
-0.163259 0.485171 0.439036
-0.162914 0.483473 0.439109
-0.162643 0.482780 0.439137
-0.162079 0.481696 0.439162
-0.161738 0.481286 0.439169
-0.161242 0.480342 0.439188
-0.160974 0.479769 0.439200
-0.161388 0.478413 0.439422
-0.161846 0.477175 0.439647
-0.162077 0.476315 0.439801
-0.162850 0.474830 0.440117
-0.163497 0.473817 0.440393
-0.163884 0.473140 0.440575
-0.164222 0.472404 0.440710
-0.164464 0.471226 0.440861
-0.164577 0.470568 0.440920
-0.164656 0.469202 0.441007
-0.165313 0.467882 0.441262
-0.165873 0.466643 0.441505
-0.166197 0.465677 0.441674
-0.167030 0.463916 0.442015
-0.167715 0.462423 0.442324
-0.168387 0.460512 0.442692
-0.168534 0.459790 0.442803
-0.168568 0.458931 0.442924
-0.168545 0.458608 0.442961
-0.168387 0.458114 0.442988
-0.168317 0.457781 0.442998
-0.168101 0.457280 0.442998
-0.168010 0.456961 0.443002
-0.168529 0.455904 0.443221
-0.168973 0.455082 0.443430
-0.169587 0.453630 0.443750
-0.169587 0.452228 0.443816
-0.169329 0.451568 0.443798
-0.169120 0.450514 0.443798
-0.168891 0.448968 0.443823
-0.168536 0.447445 0.443863
-0.168363 0.446023 0.443940
-0.168214 0.445697 0.443973
-0.168402 0.445437 0.443132
-0.168678 0.444995 0.441962
-0.169014 0.444755 0.440812
-0.169478 0.443959 0.439322
-0.169824 0.443505 0.438090
-0.170304 0.442800 0.436526
-0.170661 0.442396 0.435278
-0.171125 0.441952 0.433690
-0.171502 0.441446 0.432443
-0.172334 0.439681 0.430296
-0.172544 0.437922 0.430112
-0.172513 0.436101 0.430300
-0.172283 0.434630 0.430486
-0.172112 0.433816 0.430595
-0.171941 0.433188 0.430678
-0.171902 0.433009 0.430693
-0.172156 0.432558 0.429112
-0.172243 0.432459 0.428642
-0.172487 0.432244 0.427472
-0.172686 0.432082 0.426515
-0.172838 0.431829 0.425896
-0.172934 0.431646 0.425462
-0.173046 0.431233 0.424999
-0.173059 0.431059 0.424854
-0.173059 0.430629 0.424699
-0.173041 0.430468 0.424633
-0.172996 0.430119 0.424551
-0.172966 0.429972 0.424499
-0.172915 0.429455 0.424445
-0.172867 0.429295 0.424397
-0.172659 0.428620 0.424297
-0.172448 0.428104 0.424274
-0.172418 0.427907 0.424280
-0.172410 0.427577 0.424296
-0.172386 0.427404 0.424302
-0.172376 0.426837 0.424335
-0.172393 0.426734 0.424367
-0.172464 0.426611 0.424395
-0.172583 0.426744 0.424418
-0.172628 0.426697 0.424426
-0.173001 0.426384 0.422842
-0.173142 0.426257 0.422377
-0.173610 0.425873 0.420290
-0.174175 0.425504 0.418860
-0.174448 0.425227 0.418759
-0.174579 0.425116 0.418784
-0.174752 0.425029 0.418829
-0.174957 0.424921 0.418881
-0.175120 0.425131 0.418907
-0.175351 0.425348 0.418943
-0.175518 0.425553 0.418962
-0.175748 0.425650 0.418995
-0.175950 0.425643 0.419029
-0.176134 0.425421 0.419070
-0.176300 0.425269 0.418204
-0.176589 0.425033 0.417022
-0.176803 0.424873 0.415848
-0.177336 0.424728 0.413721
-0.177701 0.424987 0.413382
-0.178118 0.425634 0.413341
-0.178457 0.425584 0.413376
-0.178662 0.425633 0.413403
-0.178849 0.425641 0.413434
-0.179025 0.425821 0.413460
-0.179231 0.425774 0.413494
-0.179328 0.425604 0.413517
-0.179362 0.425507 0.413498
-0.179448 0.425472 0.413479
-0.179480 0.425435 0.413446
-0.179573 0.425435 0.413412
-0.179604 0.425483 0.413371
-0.179712 0.425515 0.413330
-0.179752 0.425545 0.413289
-0.179866 0.425592 0.413245
-0.179908 0.425606 0.413205
-0.180486 0.424806 0.413317
-0.181044 0.424217 0.413444
-0.181988 0.422897 0.413691
-0.182814 0.421754 0.413923
-0.183942 0.420190 0.414247
-0.184880 0.418792 0.414509
-0.185581 0.417836 0.414705
-0.186482 0.416852 0.414902
-0.186792 0.416603 0.414966
-0.187206 0.416411 0.414991
-0.187364 0.416342 0.415004
-0.187602 0.416189 0.414975
-0.187702 0.416191 0.414970
-0.187844 0.416261 0.414908
-0.187924 0.416326 0.414896
-0.188055 0.416390 0.414832
-0.188211 0.416323 0.413918
-0.188377 0.416315 0.413155
-0.188523 0.416321 0.412634
-0.188739 0.416200 0.411404
-0.188943 0.416126 0.410443
-0.189231 0.416124 0.409381
-0.189363 0.416168 0.409115
-0.189579 0.416111 0.408793
-0.189690 0.416159 0.408716
-0.189863 0.416309 0.408582
-0.189969 0.416354 0.408554
-0.190126 0.416356 0.408477
-0.190209 0.416308 0.408462
-0.190274 0.416337 0.408422
-0.190321 0.416272 0.408393
-0.190385 0.416200 0.408382
-0.190444 0.416123 0.408348
-0.190481 0.416002 0.408322
-0.190525 0.415923 0.408311
-0.190558 0.415800 0.408279
-0.190585 0.415589 0.408260
-0.190632 0.415458 0.408255
-0.190669 0.415320 0.408256
-0.190720 0.415198 0.408264
-0.190752 0.415103 0.408240
-0.190777 0.414954 0.408222
-0.190822 0.414812 0.408222
-0.190859 0.414651 0.408196
-0.190876 0.414420 0.408178
-0.190904 0.414275 0.408171
-0.190917 0.414143 0.408167
-0.190918 0.413985 0.408140
-0.190973 0.413640 0.407225
-0.191009 0.413300 0.406465
-0.191087 0.412851 0.405088
-0.191185 0.412635 0.404034
-0.191248 0.412436 0.403361
-0.191323 0.412339 0.402936
-0.191388 0.412226 0.402668
-0.191470 0.412134 0.402504
-0.191540 0.412143 0.402372
-0.191602 0.412150 0.402284
-0.191709 0.411962 0.401335
-0.191803 0.411671 0.400560
-0.191905 0.411360 0.399167
-0.192008 0.411070 0.398108
-0.192122 0.410784 0.396535
-0.192213 0.410528 0.395359
-0.192337 0.410321 0.394626
-0.192437 0.410255 0.394129
-0.192515 0.410141 0.393809
-0.192607 0.410017 0.393617
-0.192695 0.409979 0.393472
-0.192778 0.409908 0.393380
-0.192877 0.409890 0.393329
-0.192961 0.409779 0.393304
-0.193019 0.409647 0.393261
-0.193091 0.409475 0.393242
-0.193155 0.409292 0.393238
-0.193275 0.409138 0.393244
-0.193313 0.409045 0.393248
-0.193430 0.408989 0.393266
-0.193478 0.408840 0.393281
-0.193590 0.408641 0.393315
-0.193634 0.408472 0.393332
-0.193728 0.408326 0.393359
-0.193766 0.408215 0.393373
-0.193871 0.408002 0.393411
-0.193894 0.407761 0.393429
-0.193955 0.407444 0.393468
-0.193960 0.407222 0.393483
-0.194003 0.406947 0.393516
-0.194014 0.406739 0.393532
-0.194070 0.406440 0.393572
-0.194083 0.406258 0.393588
-0.194161 0.405792 0.393650
-0.194242 0.405665 0.393696
-0.194362 0.405576 0.393731
-0.194515 0.405585 0.393767
-0.194720 0.405575 0.393810
-0.194898 0.405548 0.393841
-0.195135 0.405742 0.393873
-0.195362 0.405850 0.393904
-0.195616 0.405940 0.393933
-0.195859 0.406241 0.393954
-0.195917 0.406135 0.393054
-0.196063 0.405936 0.391839
-0.196124 0.405814 0.390635
-0.196242 0.405501 0.389107
-0.196284 0.405311 0.387831
-0.196413 0.405027 0.386234
-0.196468 0.404976 0.384936
-0.196862 0.405372 0.382645
-0.197283 0.405791 0.382333
-0.197877 0.405060 0.382407
-0.198922 0.403912 0.382591
-0.199715 0.402794 0.382764
-0.201872 0.401348 0.383186
-0.202946 0.401853 0.383286
-0.203841 0.402722 0.383313
-0.204564 0.403054 0.383370
-0.205008 0.403437 0.383388
-0.205379 0.403756 0.383398
-0.205865 0.404259 0.383405
-0.206235 0.404520 0.383421
-0.206491 0.404254 0.383472
-0.206726 0.404351 0.383490
-0.206994 0.404327 0.383530
-0.207328 0.404674 0.383546
-0.207738 0.404596 0.383594
-0.208006 0.404620 0.383623
-0.208073 0.404595 0.383633
-0.208209 0.404426 0.383659
-0.208277 0.404443 0.383666
-0.208388 0.404329 0.383676
-0.208453 0.404323 0.383681
-0.208559 0.404202 0.383690
-0.208620 0.404216 0.383692
-0.208704 0.404038 0.383706
-0.208759 0.404012 0.383713
-0.208852 0.403842 0.383730
-0.208903 0.403754 0.383742
-0.208994 0.403653 0.383752
-0.209042 0.403616 0.383760
-0.209101 0.403449 0.383771
-0.209145 0.403347 0.383782
-0.209223 0.403123 0.383800
-0.209262 0.402963 0.383817
-0.209299 0.402560 0.383850
-0.209338 0.402500 0.383862
-0.209795 0.401582 0.383997
-0.210231 0.400649 0.384134
-0.210980 0.399193 0.384359
-0.211683 0.398094 0.384568
-0.212606 0.396957 0.384816
-0.213575 0.396509 0.384984
-0.214356 0.397204 0.385010
-0.214981 0.397815 0.385012
-0.215402 0.397930 0.385050
-0.215765 0.398050 0.385070
-0.216120 0.398141 0.385076
-0.216448 0.398163 0.385107
-0.216768 0.398486 0.385120
-0.216860 0.398484 0.385130
-0.216953 0.398236 0.383448
-0.217394 0.398456 0.382234
-0.217892 0.398519 0.382140
-0.218150 0.398677 0.382114
-0.218434 0.398753 0.382129
-0.218768 0.398899 0.382153
-0.218785 0.398796 0.381224
-0.218941 0.399040 0.379947
-0.218975 0.398956 0.378707
-0.219258 0.399278 0.377096
-0.219331 0.399310 0.375769
-0.219953 0.399946 0.373429
-0.220633 0.400441 0.373068
-0.221934 0.402197 0.372934
-0.222931 0.403061 0.372871
-0.223624 0.403689 0.372833
-0.224307 0.404253 0.372828
-0.225070 0.404986 0.372788
-0.225879 0.405503 0.372797
-0.226670 0.406620 0.372742
-0.227497 0.406764 0.372768
-0.228085 0.406872 0.372798
-0.228192 0.406877 0.372795
-0.229176 0.405332 0.373045
-0.229702 0.405046 0.373148
-0.231234 0.403159 0.373535
-0.233264 0.402603 0.373831
-0.234973 0.402991 0.373929
-0.235904 0.403163 0.373899
-0.236876 0.403952 0.373919
-0.237726 0.404095 0.374001
-0.238442 0.404714 0.373963
-0.239144 0.404310 0.374079
-0.240555 0.403800 0.374286
-0.241479 0.402661 0.374516
-0.244229 0.400843 0.375066
-0.246586 0.401841 0.375209
-0.248627 0.403252 0.375171
-0.249589 0.402612 0.375374
-0.251317 0.401935 0.375663
-0.252582 0.401281 0.375933
-0.257172 0.400605 0.376545
-0.261561 0.401814 0.376801
-0.265606 0.403583 0.376841
-0.269826 0.406141 0.376726
-0.273400 0.407407 0.376591
-0.277247 0.409212 0.376578
-0.278761 0.408700 0.376793
-0.282026 0.408466 0.377201
-0.284134 0.407601 0.377587
-0.288272 0.406223 0.378364
-0.290547 0.404908 0.378847
-0.295626 0.402734 0.379713
-0.298177 0.401034 0.380339
-0.306180 0.399427 0.381547
-0.314015 0.399545 0.382028
-0.322642 0.401284 0.382436
-0.328385 0.403665 0.382421
-0.334795 0.405860 0.382439
-0.340805 0.406908 0.382553
-0.345106 0.408671 0.383136
