-0.800023 1.000022 0.249903 1.000000 0.000005 -0.000001 0.000075
-0.800023 1.000027 0.249832 1.000000 -0.000004 -0.000000 0.000077
-0.800021 1.000025 0.249833 1.000000 -0.000000 0.000003 0.000078
-0.800021 1.000025 0.249849 1.000000 -0.000000 0.000004 0.000079
-0.800025 1.000026 0.249867 1.000000 -0.000001 -0.000003 0.000081
-0.800022 1.000027 0.249839 1.000000 -0.000004 0.000003 0.000082
-0.800024 1.000023 0.249820 1.000000 0.000005 -0.000002 0.000083
-0.800024 1.000027 0.249845 1.000000 -0.000003 0.000000 0.000084
-0.800024 1.000026 0.249845 1.000000 -0.000002 -0.000001 0.000085
-0.800025 1.000026 0.249898 1.000000 -0.000000 -0.000002 0.000087
-0.800025 1.000026 0.249913 1.000000 -0.000000 -0.000003 0.000088
-0.800024 1.000026 0.249906 1.000000 -0.000001 0.000000 0.000090
-0.800024 1.000026 0.249877 1.000000 -0.000001 0.000001 0.000092
-0.800025 1.000027 0.249882 1.000000 -0.000002 -0.000001 0.000092
-0.800025 1.000026 0.249932 1.000000 0.000000 -0.000001 0.000094
-0.800025 1.000027 0.249936 1.000000 -0.000001 -0.000000 0.000095
-0.800025 1.000025 0.249917 1.000000 0.000003 -0.000000 0.000097
-0.800024 1.000028 0.249901 1.000000 -0.000002 0.000001 0.000098
-0.800025 1.000028 0.249898 1.000000 -0.000002 -0.000000 0.000099
-0.800027 1.000026 0.249887 1.000000 0.000002 -0.000003 0.000101
-0.800025 1.000027 0.249903 1.000000 0.000000 -0.000000 0.000101
-0.800025 1.000028 0.249912 1.000000 -0.000003 0.000001 0.000101
-0.800026 1.000027 0.249909 1.000000 -0.000000 -0.000001 0.000103
-0.800027 1.000027 0.249919 1.000000 0.000001 -0.000002 0.000103
-0.800026 1.000026 0.249938 1.000000 0.000002 -0.000001 0.000104
-0.800026 1.000027 0.249915 1.000000 0.000001 -0.000001 0.000106
-0.800027 1.000027 0.249889 1.000000 0.000000 -0.000002 0.000106
-0.800027 1.000027 0.249887 1.000000 -0.000000 -0.000003 0.000107
-0.800026 1.000029 0.249920 1.000000 -0.000003 -0.000000 0.000108
-0.425030 0.675035 0.249893 1.000000 -0.000001 0.000000 0.000262
-0.425032 0.675034 0.249891 1.000000 0.000000 -0.000004 0.000263
-0.425031 0.675035 0.249891 1.000000 -0.000001 -0.000001 0.000264
-0.425029 0.675035 0.249863 1.000000 -0.000000 0.000003 0.000267
-0.425030 0.675036 0.249871 1.000000 -0.000002 -0.000001 0.000270
-0.425030 0.675034 0.249853 1.000000 0.000001 -0.000000 0.000272
-0.425031 0.675034 0.249821 1.000000 0.000002 -0.000001 0.000274
-0.425031 0.675033 0.249878 1.000000 0.000003 -0.000001 0.000276
-0.425031 0.675034 0.249892 1.000000 0.000002 -0.000001 0.000276
-0.425031 0.675035 0.249910 1.000000 0.000000 -0.000002 0.000277
-0.425031 0.675035 0.249930 1.000000 0.000001 -0.000002 0.000277
-0.425030 0.675034 0.249941 1.000000 0.000002 -0.000000 0.000277
-0.425030 0.675035 0.249946 1.000000 0.000000 0.000000 0.000277
-0.425029 0.675035 0.249948 1.000000 0.000001 0.000002 0.000277
-0.425030 0.675035 0.249946 1.000000 0.000000 0.000000 0.000278
-0.425031 0.675034 0.249936 1.000000 0.000002 -0.000001 0.000278
-0.425031 0.675035 0.249932 1.000000 0.000001 -0.000002 0.000278
-0.425030 0.675034 0.249935 1.000000 0.000002 -0.000000 0.000279
-0.425029 0.675036 0.249942 1.000000 -0.000001 0.000002 0.000279
-0.425030 0.675035 0.249949 1.000000 0.000001 0.000001 0.000279
-0.425032 0.675034 0.249945 1.000000 0.000002 -0.000002 0.000279
-0.425031 0.675036 0.249956 1.000000 -0.000001 -0.000002 0.000280
-0.425030 0.675035 0.249968 1.000000 0.000001 0.000000 0.000281
-0.425031 0.675036 0.249962 1.000000 -0.000001 -0.000002 0.000282
-0.425030 0.675035 0.249949 1.000000 -0.000000 0.000001 0.000283
-0.425032 0.675035 0.249939 1.000000 0.000000 -0.000002 0.000284
-0.425032 0.675035 0.249945 1.000000 0.000001 -0.000002 0.000284
-0.425032 0.675036 0.249955 1.000000 -0.000000 -0.000002 0.000285
-0.425032 0.675036 0.249903 1.000000 -0.000002 -0.000003 0.000286
-0.425030 0.675037 0.249848 1.000000 -0.000002 0.000000 0.000287
-0.425031 0.675031 0.249845 1.000000 0.000008 -0.000001 0.000289
-0.425031 0.675036 0.249840 1.000000 -0.000002 -0.000002 0.000290
-0.425030 0.675039 0.249828 1.000000 -0.000007 0.000001 0.000291
-0.425031 0.675038 0.249824 1.000000 -0.000004 -0.000000 0.000291
-0.425033 0.675037 0.249829 1.000000 -0.000002 -0.000006 0.000293
-0.425029 0.675036 0.249815 1.000000 0.000000 0.000002 0.000293
-0.425029 0.675035 0.249826 1.000000 0.000001 0.000002 0.000295
-0.425032 0.675034 0.249836 1.000000 0.000004 -0.000002 0.000296
-0.425032 0.675036 0.249916 1.000000 0.000001 -0.000002 0.000297
-0.425031 0.675034 0.249917 1.000000 0.000004 -0.000001 0.000298
-0.425032 0.675035 0.249900 1.000000 0.000002 -0.000003 0.000300
-0.425030 0.675035 0.249900 1.000000 0.000001 0.000002 0.000301
-0.425032 0.675036 0.249869 1.000000 0.000001 -0.000002 0.000302
-0.425031 0.675035 0.249872 1.000000 0.000003 -0.000001 0.000303
-0.425031 0.675035 0.249883 1.000000 0.000002 -0.000001 0.000303
-0.425031 0.675036 0.249895 1.000000 0.000000 -0.000001 0.000304
-0.425032 0.675035 0.249900 1.000000 0.000003 -0.000002 0.000304
-0.425032 0.675036 0.249915 1.000000 0.000000 -0.000002 0.000304
-0.425031 0.675035 0.249933 1.000000 0.000002 -0.000001 0.000305
-0.425031 0.675035 0.249939 1.000000 0.000002 -0.000000 0.000305
-0.425031 0.675035 0.249936 1.000000 0.000002 0.000001 0.000305
-0.425032 0.675034 0.249925 1.000000 0.000004 -0.000002 0.000306
-0.425031 0.675038 0.249907 1.000000 -0.000003 0.000001 0.000306
-0.425028 0.675036 0.249879 1.000000 -0.000000 0.000005 0.000307
-0.425033 0.675036 0.249860 1.000000 0.000001 -0.000003 0.000308
-0.425031 0.675036 0.249854 1.000000 0.000001 -0.000001 0.000309
-0.425033 0.675035 0.249875 1.000000 0.000002 -0.000003 0.000310
-0.425031 0.675035 0.249893 1.000000 0.000002 -0.000000 0.000310
-0.425031 0.675037 0.249868 1.000000 -0.000002 -0.000001 0.000312
-0.425029 0.675037 0.249863 1.000000 -0.000001 0.000003 0.000313
-0.425032 0.675036 0.249864 1.000000 0.000001 -0.000002 0.000314
-0.425033 0.675035 0.249879 1.000000 0.000002 -0.000004 0.000315
-0.425032 0.675037 0.249872 1.000000 -0.000002 -0.000002 0.000316
-0.425032 0.675035 0.249869 1.000000 0.000003 -0.000001 0.000317
-0.425033 0.675039 0.249855 1.000000 -0.000005 -0.000003 0.000318
-0.425029 0.675035 0.249839 1.000000 0.000002 0.000003 0.000319
-0.425031 0.675035 0.249810 1.000000 0.000003 0.000000 0.000320
-0.425032 0.675034 0.249802 1.000000 0.000004 -0.000002 0.000321
-0.425032 0.675037 0.249854 1.000000 -0.000000 -0.000002 0.000322
-0.425032 0.675039 0.249850 1.000000 -0.000004 -0.000001 0.000325
-0.425032 0.675037 0.249895 1.000000 0.000000 -0.000002 0.000327
-0.425032 0.675037 0.249928 1.000000 0.000001 -0.000002 0.000328
-0.425033 0.675037 0.249910 1.000000 -0.000001 -0.000003 0.000330
-0.425032 0.675036 0.249853 1.000000 0.000003 -0.000000 0.000332
-0.425032 0.675040 0.249823 1.000000 -0.000006 -0.000001 0.000334
-0.425032 0.675036 0.249813 1.000000 0.000002 0.000000 0.000337
-0.425032 0.675037 0.249837 1.000000 0.000001 -0.000001 0.000340
-0.425033 0.675038 0.249853 1.000000 -0.000002 -0.000003 0.000340
-0.425032 0.675037 0.249870 1.000000 0.000000 0.000000 0.000342
-0.425031 0.675039 0.249887 1.000000 -0.000002 0.000002 0.000343
-0.425032 0.675038 0.249889 1.000000 -0.000002 -0.000002 0.000345
-0.425034 0.675039 0.249874 1.000000 -0.000003 -0.000004 0.000346
-0.425029 0.675034 0.249851 1.000000 0.000006 0.000005 0.000346
-0.425033 0.675039 0.249824 1.000000 -0.000003 -0.000004 0.000346
-0.425031 0.675036 0.249804 1.000000 0.000004 0.000002 0.000347
-0.425033 0.675039 0.249789 1.000000 -0.000002 -0.000003 0.000347
-0.425034 0.675041 0.249774 1.000000 -0.000007 -0.000005 0.000348
-0.425032 0.675041 0.249770 1.000000 -0.000006 -0.000002 0.000348
-0.425032 0.675041 0.249767 1.000000 -0.000007 -0.000001 0.000349
-0.425031 0.675038 0.249784 1.000000 -0.000000 0.000002 0.000350
-0.425031 0.675038 0.249828 1.000000 -0.000001 0.000001 0.000351
-0.425032 0.675037 0.249902 1.000000 0.000001 -0.000002 0.000353
-0.425032 0.675040 0.249857 1.000000 -0.000004 -0.000000 0.000358
-0.425032 0.675037 0.249907 1.000000 0.000003 -0.000001 0.000361
-0.425031 0.675039 0.249908 1.000000 -0.000003 0.000001 0.000364
-0.425032 0.675040 0.249895 1.000000 -0.000005 -0.000001 0.000365
-0.425031 0.675041 0.249820 1.000000 -0.000005 0.000001 0.000369
-0.425033 0.675041 0.249799 1.000000 -0.000006 -0.000002 0.000371
-0.425029 0.675033 0.249764 1.000000 0.000011 0.000005 0.000374
-0.425031 0.675039 0.249743 1.000000 -0.000001 0.000002 0.000375
-0.425036 0.675038 0.249745 1.000000 0.000000 -0.000008 0.000376
-0.425033 0.675043 0.249768 1.000000 -0.000009 -0.000002 0.000379
-0.425032 0.675040 0.249793 1.000000 -0.000002 -0.000000 0.000382
-0.425034 0.675043 0.249806 1.000000 -0.000008 -0.000005 0.000384
-0.425031 0.675041 0.249787 1.000000 -0.000004 0.000002 0.000385
-0.425032 0.675039 0.249821 1.000000 -0.000001 0.000002 0.000388
-0.425034 0.675038 0.249915 1.000000 0.000001 -0.000002 0.000391
-0.425033 0.675038 0.249897 1.000000 0.000003 -0.000002 0.000393
-0.425033 0.675037 0.249929 1.000000 0.000005 -0.000001 0.000395
-0.425033 0.675041 0.249917 1.000000 -0.000004 -0.000001 0.000395
-0.425033 0.675039 0.249903 1.000000 0.000001 -0.000000 0.000396
-0.425033 0.675040 0.249919 1.000000 -0.000001 -0.000002 0.000397
-0.425033 0.675039 0.249928 1.000000 -0.000000 -0.000001 0.000398
-0.425033 0.675039 0.249951 1.000000 0.000001 -0.000001 0.000398
-0.425033 0.675039 0.249959 1.000000 0.000001 -0.000000 0.000398
-0.425032 0.675039 0.249952 1.000000 0.000001 0.000002 0.000399
-0.425034 0.675038 0.249943 1.000000 0.000002 -0.000002 0.000399
-0.425032 0.675037 0.249903 1.000000 0.000004 0.000001 0.000400
-0.425033 0.675040 0.249871 1.000000 -0.000001 -0.000000 0.000401
-0.425034 0.675038 0.249834 1.000000 0.000003 -0.000002 0.000403
-0.425031 0.675041 0.249840 1.000000 -0.000002 0.000003 0.000403
-0.425033 0.675039 0.249887 1.000000 0.000001 -0.000001 0.000404
-0.425033 0.675040 0.249922 1.000000 -0.000001 -0.000002 0.000405
-0.425034 0.675039 0.249919 1.000000 0.000001 -0.000003 0.000408
-0.425033 0.675039 0.249924 1.000000 0.000001 -0.000001 0.000409
-0.425033 0.675038 0.249902 1.000000 0.000004 -0.000000 0.000410
-0.425034 0.675039 0.249893 1.000000 0.000001 -0.000002 0.000411
-0.425033 0.675039 0.249911 1.000000 0.000002 -0.000001 0.000412
-0.425032 0.675041 0.249908 1.000000 -0.000002 0.000000 0.000412
-0.425033 0.675036 0.249832 1.000000 0.000008 -0.000001 0.000414
-0.425034 0.675036 0.249829 1.000000 0.000007 -0.000002 0.000414
-0.425032 0.675040 0.249828 1.000000 0.000001 0.000002 0.000416
-0.425036 0.675040 0.249834 1.000000 0.000000 -0.000006 0.000417
-0.425034 0.675040 0.249829 1.000000 0.000001 -0.000003 0.000420
-0.425032 0.675041 0.249838 1.000000 -0.000001 0.000002 0.000420
-0.425033 0.675041 0.249864 1.000000 -0.000001 -0.000000 0.000421
-0.425033 0.675041 0.249890 1.000000 -0.000002 -0.000001 0.000421
-0.425033 0.675040 0.249908 1.000000 -0.000000 -0.000001 0.000421
-0.425033 0.675040 0.249934 1.000000 -0.000000 0.000001 0.000423
-0.425034 0.675040 0.249934 1.000000 0.000000 -0.000001 0.000423
-0.425034 0.675041 0.249923 1.000000 -0.000002 -0.000001 0.000424
-0.425033 0.675039 0.249928 1.000000 0.000002 -0.000001 0.000426
-0.425034 0.675041 0.249934 1.000000 -0.000001 -0.000002 0.000426
-0.425033 0.675042 0.249938 1.000000 -0.000003 -0.000000 0.000427
-0.425033 0.675040 0.249931 1.000000 -0.000000 -0.000000 0.000428
-0.425033 0.675040 0.249925 1.000000 0.000001 -0.000001 0.000429
-0.425035 0.675041 0.249919 1.000000 -0.000001 -0.000003 0.000429
-0.425033 0.675038 0.249887 1.000000 0.000004 0.000000 0.000431
-0.425033 0.675042 0.249883 1.000000 -0.000003 0.000001 0.000432
-0.425034 0.675040 0.249890 1.000000 0.000000 -0.000002 0.000433
-0.425033 0.675040 0.249898 1.000000 0.000000 0.000001 0.000434
-0.425034 0.675040 0.249905 1.000000 0.000001 -0.000001 0.000434
-0.425036 0.675040 0.249860 1.000000 0.000001 -0.000005 0.000435
-0.425033 0.675042 0.249853 1.000000 -0.000002 -0.000000 0.000435
-0.425033 0.675045 0.249838 1.000000 -0.000008 0.000001 0.000436
-0.425036 0.675040 0.249835 1.000000 0.000002 -0.000005 0.000437
-0.425034 0.675042 0.249843 1.000000 -0.000003 -0.000001 0.000437
-0.425035 0.675039 0.249887 1.000000 0.000003 -0.000003 0.000438
-0.425034 0.675040 0.249899 1.000000 0.000002 -0.000000 0.000438
-0.425034 0.675041 0.249916 1.000000 -0.000000 -0.000001 0.000438
-0.425034 0.675041 0.249928 1.000000 0.000000 -0.000001 0.000439
-0.425034 0.675040 0.249941 1.000000 0.000002 -0.000001 0.000439
-0.425033 0.675041 0.249941 1.000000 0.000000 0.000000 0.000440
-0.425034 0.675041 0.249910 1.000000 0.000001 -0.000000 0.000441
-0.425034 0.675042 0.249907 1.000000 -0.000002 -0.000000 0.000442
-0.425034 0.675040 0.249923 1.000000 0.000002 -0.000002 0.000443
-0.425034 0.675041 0.249935 1.000000 0.000000 -0.000001 0.000443
-0.425034 0.675041 0.249945 1.000000 -0.000000 -0.000001 0.000444
-0.425034 0.675041 0.249952 1.000000 0.000001 -0.000001 0.000445
-0.425034 0.675041 0.249961 1.000000 -0.000001 -0.000001 0.000445
-0.425034 0.675040 0.249964 1.000000 0.000001 -0.000001 0.000445
-0.425033 0.675040 0.249938 1.000000 0.000002 -0.000000 0.000446
-0.425034 0.675040 0.249925 1.000000 0.000002 -0.000001 0.000446
-0.425034 0.675041 0.249917 1.000000 -0.000000 -0.000002 0.000448
-0.425034 0.675041 0.249932 1.000000 0.000000 -0.000001 0.000448
-0.425033 0.675041 0.249934 1.000000 0.000000 0.000000 0.000449
-0.425032 0.675042 0.249920 1.000000 -0.000001 0.000002 0.000450
-0.425036 0.675041 0.249902 1.000000 -0.000000 -0.000005 0.000450
-0.425034 0.675042 0.249892 1.000000 -0.000001 -0.000001 0.000451
-0.425033 0.675043 0.249880 1.000000 -0.000003 0.000002 0.000452
-0.425034 0.675041 0.249876 1.000000 0.000001 -0.000001 0.000453
-0.425033 0.675040 0.249874 1.000000 0.000003 0.000001 0.000455
-0.425033 0.675040 0.249872 1.000000 0.000002 0.000001 0.000455
-0.425033 0.675042 0.249872 1.000000 -0.000001 0.000002 0.000456
-0.425035 0.675041 0.249866 1.000000 0.000001 -0.000002 0.000456
-0.425036 0.675041 0.249828 1.000000 0.000002 -0.000004 0.000459
-0.425034 0.675041 0.249885 1.000000 0.000002 -0.000000 0.000462
-0.425033 0.675040 0.249883 1.000000 0.000003 0.000001 0.000465
-0.425035 0.675043 0.249821 1.000000 -0.000002 -0.000001 0.000467
-0.425033 0.675042 0.249825 1.000000 -0.000001 0.000002 0.000472
-0.425033 0.675038 0.249773 1.000000 0.000008 0.000002 0.000474
-0.425031 0.675043 0.249769 1.000000 -0.000002 0.000005 0.000476
-0.425036 0.675045 0.249768 1.000000 -0.000005 -0.000005 0.000478
-0.425035 0.675039 0.249814 1.000000 0.000006 -0.000001 0.000481
-0.425032 0.675042 0.249833 1.000000 -0.000000 0.000003 0.000483
-0.425036 0.675042 0.249838 1.000000 0.000000 -0.000003 0.000487
-0.425035 0.675042 0.249885 1.000000 0.000001 -0.000001 0.000490
-0.425034 0.675041 0.249898 1.000000 0.000004 -0.000000 0.000491
-0.425033 0.675040 0.249842 1.000000 0.000006 0.000002 0.000495
-0.425035 0.675046 0.249835 1.000000 -0.000006 -0.000002 0.000495
-0.425036 0.675041 0.249822 1.000000 0.000003 -0.000004 0.000497
-0.425037 0.675038 0.249819 1.000000 0.000009 -0.000005 0.000497
-0.425032 0.675035 0.249810 1.000000 0.000016 0.000004 0.000498
-0.425033 0.675038 0.249793 1.000000 0.000010 0.000002 0.000498
-0.425037 0.675040 0.249775 1.000000 0.000006 -0.000005 0.000498
-0.425037 0.675046 0.249764 1.000000 -0.000006 -0.000005 0.000499
-0.425038 0.675043 0.249758 1.000000 -0.000000 -0.000007 0.000499
-0.425032 0.675041 0.249756 1.000000 0.000004 0.000004 0.000499
-0.425038 0.675044 0.249755 1.000000 -0.000002 -0.000008 0.000500
-0.425033 0.675038 0.249760 1.000000 0.000009 0.000002 0.000503
-0.425034 0.675040 0.249821 1.000000 0.000006 0.000000 0.000506
-0.425035 0.675042 0.249836 1.000000 0.000003 -0.000001 0.000509
-0.425032 0.675044 0.249820 1.000000 -0.000001 0.000004 0.000511
-0.425037 0.675040 0.249792 1.000000 0.000007 -0.000004 0.000514
-0.425033 0.675050 0.249796 1.000000 -0.000012 0.000003 0.000516
-0.425035 0.675051 0.249798 1.000000 -0.000015 -0.000001 0.000517
-0.425035 0.675038 0.249809 1.000000 0.000011 -0.000001 0.000518
-0.425033 0.675041 0.249810 1.000000 0.000005 0.000003 0.000520
-0.425035 0.675051 0.249805 1.000000 -0.000014 -0.000000 0.000520
-0.425035 0.675050 0.249819 1.000000 -0.000012 -0.000001 0.000520
-0.425033 0.675049 0.249825 1.000000 -0.000011 0.000004 0.000521
-0.425036 0.675048 0.249817 1.000000 -0.000009 -0.000001 0.000521
-0.425037 0.675041 0.249801 1.000000 0.000006 -0.000004 0.000522
-0.425034 0.675042 0.249795 1.000000 0.000004 0.000002 0.000523
-0.425034 0.675045 0.249806 1.000000 -0.000002 0.000001 0.000524
-0.425034 0.675043 0.249807 1.000000 0.000002 0.000003 0.000525
-0.425033 0.675042 0.249812 1.000000 0.000003 0.000005 0.000526
-0.425036 0.675046 0.249804 1.000000 -0.000004 -0.000002 0.000526
-0.425035 0.675043 0.249820 1.000000 0.000001 -0.000000 0.000528
-0.425036 0.675043 0.249842 1.000000 0.000002 -0.000002 0.000528
-0.425036 0.675045 0.249897 1.000000 -0.000001 -0.000001 0.000530
-0.425035 0.675042 0.249906 1.000000 0.000004 0.000000 0.000530
-0.425036 0.675046 0.249862 1.000000 -0.000004 -0.000001 0.000532
-0.425035 0.675045 0.249852 1.000000 -0.000001 -0.000001 0.000533
-0.425035 0.675043 0.249844 1.000000 0.000002 -0.000000 0.000534
-0.425035 0.675045 0.249884 1.000000 -0.000001 -0.000001 0.000535
-0.425035 0.675045 0.249904 1.000000 -0.000001 -0.000000 0.000535
-0.425035 0.675043 0.249911 1.000000 0.000003 -0.000001 0.000536
-0.425035 0.675044 0.249893 1.000000 0.000002 -0.000000 0.000537
-0.425036 0.675046 0.249857 1.000000 -0.000004 -0.000003 0.000538
-0.425035 0.675047 0.249839 1.000000 -0.000005 0.000000 0.000538
-0.425033 0.675044 0.249825 1.000000 0.000000 0.000004 0.000538
-0.425034 0.675042 0.249801 1.000000 0.000005 0.000001 0.000539
-0.425036 0.675045 0.249870 1.000000 -0.000001 -0.000002 0.000542
-0.425036 0.675044 0.249896 1.000000 0.000002 -0.000002 0.000545
-0.425035 0.675046 0.249887 1.000000 -0.000003 -0.000000 0.000546
-0.425035 0.675045 0.249850 1.000000 0.000000 -0.000000 0.000550
-0.425036 0.675046 0.249853 1.000000 -0.000001 -0.000003 0.000550
-0.425035 0.675044 0.249870 1.000000 0.000002 -0.000000 0.000551
-0.425035 0.675045 0.249898 1.000000 0.000001 -0.000000 0.000551
-0.425036 0.675045 0.249923 1.000000 -0.000001 -0.000002 0.000552
-0.425036 0.675045 0.249922 1.000000 -0.000000 -0.000003 0.000552
-0.425035 0.675047 0.249921 1.000000 -0.000003 0.000001 0.000554
-0.425038 0.675046 0.249904 1.000000 -0.000001 -0.000005 0.000554
-0.425035 0.675044 0.249880 1.000000 0.000002 -0.000001 0.000555
-0.425034 0.675047 0.249872 1.000000 -0.000004 0.000001 0.000555
-0.425036 0.675046 0.249866 1.000000 -0.000001 -0.000001 0.000556
-0.425035 0.675046 0.249857 1.000000 -0.000001 0.000001 0.000557
-0.425036 0.675045 0.249910 1.000000 0.000000 -0.000001 0.000558
-0.425036 0.675046 0.249954 1.000000 -0.000000 -0.000002 0.000560
-0.425035 0.675045 0.249890 1.000000 0.000001 0.000000 0.000562
-0.425033 0.675046 0.249893 1.000000 0.000000 0.000004 0.000564
-0.425035 0.675046 0.249891 1.000000 -0.000000 0.000001 0.000566
-0.425035 0.675045 0.249938 1.000000 0.000002 0.000000 0.000567
-0.425036 0.675047 0.249874 1.000000 -0.000002 -0.000000 0.000570
-0.425037 0.675047 0.249879 1.000000 -0.000002 -0.000002 0.000573
-0.425038 0.675045 0.249877 1.000000 0.000002 -0.000006 0.000576
-0.425036 0.675048 0.249833 1.000000 -0.000003 -0.000002 0.000580
-0.425034 0.675046 0.249844 1.000000 0.000001 0.000002 0.000584
-0.425037 0.675048 0.249866 1.000000 -0.000003 -0.000003 0.000586
-0.425034 0.675046 0.249852 1.000000 0.000000 0.000003 0.000587
-0.425036 0.675046 0.249886 1.000000 0.000000 -0.000001 0.000588
-0.425036 0.675047 0.249904 1.000000 -0.000001 -0.000001 0.000589
-0.425037 0.675047 0.249912 1.000000 -0.000001 -0.000003 0.000590
-0.425035 0.675047 0.249909 1.000000 -0.000002 -0.000000 0.000590
-0.425035 0.675047 0.249905 1.000000 -0.000001 0.000000 0.000591
-0.425038 0.675047 0.249891 1.000000 -0.000002 -0.000005 0.000592
-0.425036 0.675045 0.249864 1.000000 0.000004 -0.000001 0.000592
-0.425035 0.675045 0.249844 1.000000 0.000004 0.000001 0.000593
-0.425035 0.675049 0.249834 1.000000 -0.000005 0.000001 0.000594
-0.425038 0.675047 0.249842 1.000000 -0.000000 -0.000005 0.000595
-0.425036 0.675045 0.249839 1.000000 0.000004 -0.000002 0.000596
-0.425036 0.675045 0.249850 1.000000 0.000004 -0.000001 0.000597
-0.425036 0.675044 0.249852 1.000000 0.000005 -0.000001 0.000598
-0.425036 0.675047 0.249854 1.000000 -0.000000 -0.000002 0.000599
-0.425035 0.675046 0.249857 1.000000 0.000002 0.000002 0.000600
-0.425037 0.675048 0.249847 1.000000 -0.000001 -0.000002 0.000601
-0.425036 0.675049 0.249848 1.000000 -0.000005 -0.000001 0.000602
-0.425036 0.675047 0.249899 1.000000 0.000001 -0.000000 0.000604
-0.425036 0.675046 0.249924 1.000000 0.000002 -0.000000 0.000604
-0.425036 0.675048 0.249950 1.000000 -0.000001 -0.000001 0.000604
-0.425036 0.675046 0.249945 1.000000 0.000002 -0.000000 0.000605
-0.425036 0.675045 0.249929 1.000000 0.000004 -0.000000 0.000605
-0.425036 0.675046 0.249915 1.000000 0.000002 -0.000000 0.000606
-0.425035 0.675048 0.249907 1.000000 -0.000001 0.000001 0.000607
-0.425036 0.675047 0.249902 1.000000 0.000000 -0.000000 0.000607
-0.425036 0.675047 0.249927 1.000000 0.000001 -0.000001 0.000608
-0.425037 0.675047 0.249946 1.000000 0.000001 -0.000002 0.000608
-0.425036 0.675046 0.249952 1.000000 0.000002 -0.000002 0.000608
-0.425035 0.675047 0.249926 1.000000 0.000002 0.000000 0.000609
-0.425036 0.675046 0.249916 1.000000 0.000003 -0.000001 0.000610
-0.425036 0.675048 0.249917 1.000000 -0.000002 -0.000000 0.000610
-0.425036 0.675047 0.249932 1.000000 0.000000 -0.000001 0.000611
-0.425037 0.675048 0.249953 1.000000 -0.000000 -0.000003 0.000611
-0.425036 0.675048 0.249952 1.000000 -0.000000 -0.000001 0.000612
-0.425036 0.675046 0.249960 1.000000 0.000002 -0.000000 0.000612
-0.425035 0.675048 0.249954 1.000000 -0.000001 0.000002 0.000613
-0.425036 0.675049 0.249923 1.000000 -0.000004 -0.000001 0.000613
-0.425036 0.675049 0.249908 1.000000 -0.000002 -0.000001 0.000614
-0.425036 0.675049 0.249885 1.000000 -0.000002 -0.000002 0.000616
-0.425036 0.675046 0.249882 1.000000 0.000003 -0.000000 0.000618
-0.425035 0.675047 0.249883 1.000000 0.000001 0.000000 0.000618
-0.425036 0.675048 0.249881 1.000000 -0.000001 -0.000001 0.000619
-0.425034 0.675048 0.249886 1.000000 -0.000001 0.000002 0.000620
-0.425036 0.675046 0.249896 1.000000 0.000003 -0.000001 0.000621
-0.425036 0.675048 0.249895 1.000000 0.000000 -0.000001 0.000622
-0.425035 0.675048 0.249903 1.000000 0.000000 0.000001 0.000623
-0.425035 0.675049 0.249915 1.000000 -0.000002 0.000001 0.000624
-0.425038 0.675049 0.249837 1.000000 -0.000003 -0.000004 0.000627
-0.425035 0.675047 0.249812 1.000000 0.000002 0.000002 0.000629
-0.425035 0.675051 0.249830 1.000000 -0.000005 0.000001 0.000631
-0.425036 0.675049 0.249798 1.000000 -0.000002 -0.000001 0.000634
-0.425034 0.675047 0.249764 1.000000 0.000003 0.000003 0.000635
-0.425035 0.675047 0.249805 1.000000 0.000003 0.000000 0.000638
-0.425036 0.675048 0.249864 1.000000 0.000000 -0.000001 0.000640
-0.425036 0.675050 0.249881 1.000000 -0.000004 -0.000001 0.000643
-0.425036 0.675047 0.249917 1.000000 0.000003 -0.000000 0.000645
-0.425037 0.675048 0.249908 1.000000 0.000002 -0.000002 0.000647
-0.425036 0.675049 0.249927 1.000000 0.000001 -0.000000 0.000649
-0.425036 0.675049 0.249883 1.000000 -0.000001 -0.000001 0.000650
-0.425036 0.675047 0.249863 1.000000 0.000005 0.000000 0.000652
-0.425037 0.675048 0.249865 1.000000 0.000002 -0.000002 0.000656
-0.425036 0.675046 0.249870 1.000000 0.000006 -0.000001 0.000657
-0.425036 0.675048 0.249843 1.000000 0.000003 0.000000 0.000660
-0.425038 0.675050 0.249836 1.000000 -0.000000 -0.000003 0.000662
-0.425036 0.675050 0.249849 1.000000 -0.000000 -0.000001 0.000662
-0.425035 0.675049 0.249873 1.000000 0.000001 0.000001 0.000663
-0.425040 0.675049 0.249871 1.000000 0.000002 -0.000008 0.000664
-0.425036 0.675051 0.249860 1.000000 -0.000003 0.000001 0.000665
-0.425037 0.675050 0.249858 1.000000 -0.000001 -0.000002 0.000666
-0.425037 0.675049 0.249870 1.000000 0.000001 -0.000001 0.000666
-0.425036 0.675050 0.249896 1.000000 -0.000001 0.000001 0.000666
-0.425036 0.675048 0.249918 1.000000 0.000004 -0.000000 0.000667
-0.425037 0.675049 0.249916 1.000000 0.000002 -0.000001 0.000668
-0.425037 0.675050 0.249926 1.000000 0.000000 -0.000001 0.000668
-0.425037 0.675049 0.249925 1.000000 0.000001 -0.000001 0.000668
-0.425037 0.675050 0.249939 1.000000 0.000000 -0.000002 0.000669
-0.425037 0.675049 0.249950 1.000000 0.000002 -0.000002 0.000669
-0.425036 0.675050 0.249941 1.000000 0.000000 0.000000 0.000670
-0.425037 0.675052 0.249914 1.000000 -0.000005 -0.000001 0.000670
-0.425037 0.675049 0.249879 1.000000 0.000002 -0.000002 0.000672
-0.425037 0.675050 0.249877 1.000000 -0.000000 -0.000002 0.000673
-0.425035 0.675053 0.249881 1.000000 -0.000005 0.000002 0.000676
-0.425035 0.675050 0.249798 1.000000 -0.000000 0.000003 0.000677
-0.425038 0.675050 0.249888 1.000000 0.000000 -0.000003 0.000680
-0.425037 0.675050 0.249935 1.000000 0.000001 -0.000001 0.000682
-0.425036 0.675051 0.249872 1.000000 -0.000000 0.000001 0.000686
-0.425038 0.675050 0.249896 1.000000 0.000001 -0.000002 0.000688
-0.425038 0.675050 0.249913 1.000000 0.000001 -0.000002 0.000688
-0.425037 0.675050 0.249938 1.000000 0.000002 -0.000000 0.000689
-0.425037 0.675049 0.249938 1.000000 0.000002 -0.000001 0.000689
-0.425036 0.675051 0.249930 1.000000 -0.000001 0.000000 0.000690
-0.425036 0.675052 0.249924 1.000000 -0.000003 0.000001 0.000690
-0.425036 0.675051 0.249912 1.000000 -0.000001 0.000001 0.000691
-0.425036 0.675048 0.249886 1.000000 0.000005 -0.000000 0.000691
-0.425038 0.675049 0.249869 1.000000 0.000003 -0.000003 0.000692
-0.425034 0.675050 0.249849 1.000000 0.000001 0.000005 0.000693
-0.425035 0.675052 0.249839 1.000000 -0.000003 0.000002 0.000694
-0.425037 0.675049 0.249834 1.000000 0.000004 -0.000001 0.000695
-0.425035 0.675048 0.249818 1.000000 0.000005 0.000002 0.000696
-0.425037 0.675049 0.249812 1.000000 0.000004 -0.000002 0.000697
-0.425036 0.675051 0.249841 1.000000 -0.000000 0.000000 0.000698
-0.425037 0.675053 0.249854 1.000000 -0.000005 -0.000001 0.000699
-0.425036 0.675053 0.249886 1.000000 -0.000004 -0.000000 0.000703
-0.425036 0.675051 0.249873 1.000000 -0.000000 0.000001 0.000705
-0.425037 0.675052 0.249882 1.000000 -0.000001 -0.000001 0.000706
-0.425037 0.675052 0.249892 1.000000 -0.000001 -0.000002 0.000707
-0.425037 0.675051 0.249919 1.000000 0.000001 -0.000001 0.000707
-0.425038 0.675051 0.249929 1.000000 0.000001 -0.000003 0.000708
-0.425035 0.675053 0.249914 1.000000 -0.000004 0.000002 0.000708
-0.425038 0.675051 0.249902 1.000000 0.000001 -0.000002 0.000709
-0.425036 0.675052 0.249881 1.000000 -0.000000 0.000002 0.000710
-0.425034 0.675050 0.249838 1.000000 0.000003 0.000004 0.000711
-0.425039 0.675055 0.249814 1.000000 -0.000007 -0.000005 0.000711
-0.425034 0.675053 0.249794 1.000000 -0.000002 0.000005 0.000712
-0.425034 0.675049 0.249778 1.000000 0.000005 0.000005 0.000712
-0.425038 0.675054 0.249771 1.000000 -0.000004 -0.000004 0.000713
-0.425035 0.675051 0.249769 1.000000 0.000000 0.000003 0.000713
-0.425036 0.675056 0.249778 1.000000 -0.000009 0.000000 0.000713
-0.425039 0.675051 0.249801 1.000000 0.000000 -0.000005 0.000713
-0.425035 0.675048 0.249780 1.000000 0.000007 0.000003 0.000714
-0.425038 0.675052 0.249773 1.000000 -0.000001 -0.000002 0.000715
-0.425037 0.675050 0.249777 1.000000 0.000002 -0.000001 0.000715
-0.425037 0.675053 0.249796 1.000000 -0.000003 -0.000001 0.000716
-0.425037 0.675053 0.249809 1.000000 -0.000002 -0.000001 0.000717
-0.425040 0.675052 0.249825 1.000000 -0.000001 -0.000006 0.000719
-0.425036 0.675048 0.249814 1.000000 0.000008 0.000002 0.000720
-0.425039 0.675054 0.249783 1.000000 -0.000004 -0.000006 0.000720
-0.425037 0.675049 0.249773 1.000000 0.000006 -0.000001 0.000721
-0.425038 0.675054 0.249779 1.000000 -0.000005 -0.000004 0.000722
-0.425034 0.675051 0.249783 1.000000 0.000002 0.000005 0.000723
-0.425036 0.675054 0.249771 1.000000 -0.000003 0.000001 0.000724
-0.425038 0.675047 0.249790 1.000000 0.000009 -0.000002 0.000724
-0.425035 0.675053 0.249818 1.000000 -0.000002 0.000003 0.000725
-0.425036 0.675052 0.249840 1.000000 -0.000000 0.000002 0.000726
-0.425036 0.675050 0.249824 1.000000 0.000004 0.000001 0.000728
-0.425037 0.675055 0.249820 1.000000 -0.000007 -0.000001 0.000728
-0.425038 0.675050 0.249830 1.000000 0.000004 -0.000002 0.000730
-0.425036 0.675054 0.249836 1.000000 -0.000004 0.000002 0.000731
-0.425038 0.675052 0.249826 1.000000 0.000001 -0.000003 0.000733
-0.425037 0.675052 0.249864 1.000000 0.000001 -0.000001 0.000737
-0.425037 0.675051 0.249874 1.000000 0.000003 -0.000001 0.000738
-0.425037 0.675054 0.249872 1.000000 -0.000003 -0.000001 0.000740
-0.425041 0.675053 0.249780 1.000000 -0.000001 -0.000008 0.000743
-0.425035 0.675048 0.249778 1.000000 0.000009 0.000004 0.000745
-0.425037 0.675051 0.249796 1.000000 0.000002 -0.000000 0.000747
-0.425036 0.675052 0.249868 1.000000 0.000000 0.000002 0.000750
-0.425038 0.675051 0.249899 1.000000 0.000003 -0.000002 0.000753
-0.425036 0.675053 0.249950 1.000000 -0.000001 0.000002 0.000753
-0.425038 0.675050 0.249883 1.000000 0.000006 -0.000002 0.000755
-0.425040 0.675051 0.249822 1.000000 0.000003 -0.000005 0.000757
-0.425039 0.675051 0.249819 1.000000 0.000003 -0.000004 0.000759
-0.425037 0.675052 0.249836 1.000000 0.000002 0.000001 0.000761
-0.425038 0.675053 0.249898 1.000000 0.000000 -0.000001 0.000763
-0.425037 0.675051 0.249842 1.000000 0.000004 0.000000 0.000765
-0.425038 0.675054 0.249827 1.000000 -0.000002 -0.000001 0.000769
-0.425038 0.675052 0.249825 1.000000 0.000004 -0.000003 0.000772
-0.425038 0.675054 0.249926 1.000000 -0.000000 -0.000002 0.000774
-0.425038 0.675053 0.249928 1.000000 0.000002 -0.000001 0.000776
-0.425036 0.675051 0.249852 1.000000 0.000005 0.000002 0.000778
-0.425037 0.675053 0.249808 1.000000 0.000001 0.000001 0.000780
-0.425037 0.675055 0.249820 1.000000 -0.000003 -0.000000 0.000783
-0.425037 0.675054 0.249832 1.000000 -0.000001 -0.000000 0.000786
-0.425038 0.675056 0.249827 1.000000 -0.000003 -0.000002 0.000789
-0.425035 0.675053 0.249836 1.000000 0.000002 0.000004 0.000792
-0.425038 0.675054 0.249857 1.000000 0.000000 -0.000002 0.000796
-0.425037 0.675056 0.249881 1.000000 -0.000003 -0.000001 0.000799
-0.425038 0.675052 0.249877 1.000000 0.000006 -0.000002 0.000801
-0.425036 0.675054 0.249869 1.000000 0.000002 0.000002 0.000803
-0.425036 0.675056 0.249858 1.000000 -0.000003 0.000002 0.000806
-0.425036 0.675055 0.249875 1.000000 -0.000000 0.000001 0.000808
-0.425036 0.675056 0.249914 1.000000 -0.000002 0.000001 0.000810
-0.425037 0.675055 0.249888 1.000000 -0.000001 0.000000 0.000812
-0.425039 0.675057 0.249813 1.000000 -0.000004 -0.000004 0.000813
-0.425037 0.675055 0.249838 1.000000 0.000000 -0.000000 0.000815
-0.425037 0.675056 0.249952 1.000000 -0.000001 -0.000001 0.000816
-0.425037 0.675054 0.249910 1.000000 0.000003 -0.000000 0.000818
-0.425037 0.675056 0.249887 1.000000 -0.000001 -0.000001 0.000820
-0.425038 0.675056 0.249901 1.000000 -0.000001 -0.000003 0.000822
-0.425038 0.675055 0.249842 1.000000 0.000002 -0.000002 0.000824
-0.425037 0.675056 0.249886 1.000000 0.000000 -0.000001 0.000826
-0.425036 0.675055 0.249951 1.000000 0.000001 0.000001 0.000827
-0.425038 0.675055 0.249921 1.000000 0.000002 -0.000002 0.000829
-0.425038 0.675057 0.249876 1.000000 -0.000003 -0.000003 0.000830
-0.425038 0.675054 0.249848 1.000000 0.000003 -0.000002 0.000832
-0.425038 0.675056 0.249920 1.000000 -0.000001 -0.000002 0.000833
-0.425036 0.675056 0.249904 1.000000 -0.000000 0.000002 0.000834
-0.425039 0.675056 0.249893 1.000000 0.000000 -0.000004 0.000836
-0.425038 0.675057 0.249860 1.000000 -0.000002 -0.000002 0.000837
-0.425038 0.675054 0.249858 1.000000 0.000004 -0.000001 0.000837
-0.425038 0.675056 0.249864 1.000000 0.000000 -0.000001 0.000838
-0.425038 0.675056 0.249882 1.000000 0.000001 -0.000002 0.000838
-0.425038 0.675056 0.249903 1.000000 -0.000000 -0.000000 0.000839
-0.425038 0.675055 0.249935 1.000000 0.000003 -0.000002 0.000839
-0.425038 0.675057 0.249940 1.000000 -0.000000 -0.000002 0.000839
-0.425038 0.675056 0.249943 1.000000 0.000001 -0.000001 0.000840
-0.425038 0.675056 0.249950 1.000000 0.000001 -0.000002 0.000841
-0.425038 0.675056 0.249957 1.000000 -0.000000 -0.000001 0.000841
-0.425038 0.675054 0.249950 1.000000 0.000004 -0.000000 0.000841
-0.425036 0.675056 0.249917 1.000000 -0.000000 0.000003 0.000842
-0.425038 0.675058 0.249904 1.000000 -0.000003 -0.000002 0.000843
-0.425038 0.675057 0.249889 1.000000 -0.000001 -0.000002 0.000844
-0.425038 0.675056 0.249868 1.000000 0.000001 -0.000001 0.000846
-0.425037 0.675056 0.249875 1.000000 0.000002 0.000001 0.000846
-0.425037 0.675056 0.249886 1.000000 0.000002 0.000001 0.000847
-0.425037 0.675055 0.249883 1.000000 0.000002 0.000001 0.000847
-0.425038 0.675056 0.249882 1.000000 0.000001 -0.000001 0.000848
-0.425038 0.675056 0.249897 1.000000 0.000001 -0.000001 0.000848
-0.425039 0.675055 0.249909 1.000000 0.000003 -0.000003 0.000848
-0.425038 0.675056 0.249925 1.000000 0.000002 -0.000001 0.000849
-0.425038 0.675056 0.249924 1.000000 0.000002 -0.000000 0.000849
-0.425038 0.675058 0.249932 1.000000 -0.000003 -0.000001 0.000850
-0.425038 0.675056 0.249925 1.000000 0.000002 0.000000 0.000853
-0.425039 0.675057 0.249939 1.000000 -0.000001 -0.000003 0.000854
-0.425036 0.675058 0.249900 1.000000 -0.000001 0.000003 0.000856
-0.425039 0.675055 0.249809 1.000000 0.000005 -0.000002 0.000857
-0.425037 0.675058 0.249790 1.000000 -0.000001 0.000000 0.000860
-0.425039 0.675059 0.249807 1.000000 -0.000002 -0.000003 0.000863
-0.425037 0.675058 0.249842 1.000000 -0.000001 -0.000000 0.000866
-0.425037 0.675058 0.249859 1.000000 -0.000002 0.000002 0.000868
-0.425037 0.675058 0.249907 1.000000 -0.000002 0.000000 0.000870
-0.425038 0.675057 0.249898 1.000000 0.000001 -0.000002 0.000871
-0.425037 0.675058 0.249906 1.000000 0.000000 0.000001 0.000874
-0.425038 0.675060 0.249900 1.000000 -0.000004 -0.000002 0.000876
-0.425038 0.675058 0.249885 1.000000 -0.000001 -0.000001 0.000877
-0.425038 0.675056 0.249872 1.000000 0.000005 -0.000002 0.000878
-0.425036 0.675058 0.249870 1.000000 0.000000 0.000002 0.000879
-0.425037 0.675059 0.249867 1.000000 -0.000002 0.000002 0.000880
-0.425037 0.675058 0.249877 1.000000 0.000000 0.000001 0.000880
-0.425037 0.675058 0.249896 1.000000 -0.000000 0.000000 0.000881
-0.425038 0.675059 0.249913 1.000000 -0.000001 -0.000001 0.000881
-0.425037 0.675060 0.249919 1.000000 -0.000003 0.000000 0.000882
-0.425038 0.675058 0.249922 1.000000 -0.000000 -0.000001 0.000883
-0.425038 0.675057 0.249921 1.000000 0.000002 -0.000000 0.000883
-0.425036 0.675059 0.249910 1.000000 -0.000001 0.000002 0.000884
-0.425037 0.675059 0.249899 1.000000 -0.000001 0.000001 0.000885
-0.425038 0.675057 0.249923 1.000000 0.000002 -0.000002 0.000886
-0.425038 0.675058 0.249938 1.000000 0.000002 -0.000002 0.000886
-0.425038 0.675059 0.249946 1.000000 -0.000001 -0.000001 0.000887
-0.425038 0.675059 0.249948 1.000000 -0.000001 -0.000001 0.000887
-0.425038 0.675057 0.249951 1.000000 0.000002 -0.000002 0.000888
-0.425038 0.675058 0.249957 1.000000 0.000001 -0.000002 0.000888
-0.425038 0.675059 0.249959 1.000000 -0.000000 -0.000002 0.000888
-0.425038 0.675058 0.249948 1.000000 0.000001 -0.000001 0.000888
-0.425037 0.675058 0.249956 1.000000 0.000001 -0.000000 0.000888
-0.425039 0.675059 0.249958 1.000000 -0.000000 -0.000002 0.000889
-0.425038 0.675059 0.249950 1.000000 -0.000000 -0.000000 0.000889
-0.425038 0.675058 0.249955 1.000000 0.000001 -0.000001 0.000889
-0.425038 0.675059 0.249946 1.000000 -0.000001 -0.000001 0.000889
-0.425038 0.675059 0.249939 1.000000 -0.000001 -0.000002 0.000890
-0.425038 0.675056 0.249941 1.000000 0.000005 -0.000001 0.000891
-0.425038 0.675057 0.249912 1.000000 0.000003 -0.000000 0.000892
-0.425038 0.675059 0.249891 1.000000 -0.000001 -0.000000 0.000893
-0.425037 0.675058 0.249882 1.000000 0.000002 0.000001 0.000893
-0.425037 0.675058 0.249877 1.000000 0.000002 0.000000 0.000894
-0.425038 0.675057 0.249879 1.000000 0.000003 -0.000000 0.000894
-0.425038 0.675060 0.249891 1.000000 -0.000003 -0.000002 0.000895
-0.425037 0.675057 0.249895 1.000000 0.000003 0.000000 0.000896
-0.425037 0.675059 0.249892 1.000000 -0.000000 0.000001 0.000897
-0.425038 0.675058 0.249902 1.000000 0.000002 -0.000002 0.000899
-0.425037 0.675059 0.249911 1.000000 -0.000001 0.000001 0.000899
-0.425038 0.675059 0.249888 1.000000 -0.000000 -0.000002 0.000903
-0.425036 0.675059 0.249930 1.000000 0.000001 0.000002 0.000904
-0.425037 0.675057 0.249908 1.000000 0.000003 0.000001 0.000906
-0.425038 0.675058 0.249903 1.000000 0.000001 -0.000002 0.000907
-0.425038 0.675061 0.249903 1.000000 -0.000003 -0.000002 0.000907
-0.425037 0.675059 0.249908 1.000000 -0.000000 0.000001 0.000909
-0.425039 0.675059 0.249902 1.000000 0.000001 -0.000003 0.000909
-0.425038 0.675060 0.249919 1.000000 -0.000001 -0.000002 0.000911
-0.425039 0.675060 0.249916 1.000000 -0.000001 -0.000003 0.000911
-0.425037 0.675061 0.249899 1.000000 -0.000002 0.000001 0.000912
-0.425038 0.675061 0.249902 1.000000 -0.000003 -0.000002 0.000912
-0.425038 0.675059 0.249905 1.000000 0.000002 -0.000002 0.000913
-0.425038 0.675058 0.249912 1.000000 0.000002 -0.000001 0.000914
-0.425039 0.675060 0.249914 1.000000 -0.000001 -0.000002 0.000914
-0.425038 0.675058 0.249904 1.000000 0.000002 -0.000002 0.000915
-0.425036 0.675061 0.249875 1.000000 -0.000002 0.000002 0.000916
-0.425038 0.675060 0.249873 1.000000 -0.000001 -0.000002 0.000917
-0.425036 0.675060 0.249866 1.000000 -0.000000 0.000002 0.000919
-0.425037 0.675059 0.249876 1.000000 0.000001 0.000001 0.000919
-0.425038 0.675060 0.249912 1.000000 -0.000000 -0.000001 0.000920
-0.425038 0.675059 0.249927 1.000000 0.000001 -0.000002 0.000920
-0.425038 0.675059 0.249952 1.000000 0.000002 -0.000001 0.000920
-0.425038 0.675059 0.249960 1.000000 0.000001 -0.000002 0.000920
-0.425038 0.675059 0.249967 1.000000 0.000001 -0.000002 0.000921
-0.425039 0.675059 0.249969 1.000000 0.000001 -0.000002 0.000921
-0.425038 0.675060 0.249969 1.000000 -0.000000 -0.000000 0.000921
-0.425038 0.675060 0.249963 1.000000 -0.000001 -0.000002 0.000921
-0.425038 0.675059 0.249934 1.000000 0.000001 -0.000002 0.000923
-0.425038 0.675060 0.249932 1.000000 0.000000 -0.000002 0.000924
-0.425038 0.675060 0.249927 1.000000 0.000000 -0.000001 0.000924
-0.425038 0.675059 0.249936 1.000000 0.000002 -0.000002 0.000925
-0.425038 0.675059 0.249935 1.000000 0.000001 -0.000001 0.000925
-0.425038 0.675060 0.249937 1.000000 0.000000 -0.000002 0.000925
-0.425038 0.675059 0.249931 1.000000 0.000001 -0.000000 0.000926
-0.425038 0.675059 0.249908 1.000000 0.000002 -0.000000 0.000927
-0.425038 0.675060 0.249911 1.000000 0.000000 -0.000001 0.000927
-0.425038 0.675061 0.249939 1.000000 -0.000002 -0.000001 0.000927
-0.425038 0.675059 0.249947 1.000000 0.000001 -0.000001 0.000928
-0.425038 0.675061 0.249950 1.000000 -0.000001 -0.000001 0.000929
-0.425038 0.675059 0.249951 1.000000 0.000002 -0.000001 0.000929
-0.425037 0.675061 0.249930 1.000000 -0.000001 0.000000 0.000930
-0.425038 0.675060 0.249918 1.000000 0.000001 -0.000002 0.000931
-0.425037 0.675058 0.249898 1.000000 0.000004 -0.000000 0.000932
-0.425038 0.675062 0.249888 1.000000 -0.000004 -0.000002 0.000933
-0.425039 0.675062 0.249853 1.000000 -0.000003 -0.000003 0.000935
-0.425041 0.675060 0.249813 1.000000 0.000002 -0.000007 0.000937
-0.425042 0.675058 0.249801 1.000000 0.000005 -0.000010 0.000937
-0.425037 0.675058 0.249782 1.000000 0.000005 -0.000000 0.000938
-0.425038 0.675061 0.249786 1.000000 -0.000001 -0.000001 0.000939
-0.425038 0.675063 0.249795 1.000000 -0.000005 -0.000000 0.000939
-0.425035 0.675060 0.249811 1.000000 0.000001 0.000004 0.000939
-0.425036 0.675061 0.249828 1.000000 -0.000002 0.000002 0.000940
-0.425038 0.675061 0.249857 1.000000 -0.000001 -0.000000 0.000941
-0.425039 0.675059 0.249875 1.000000 0.000003 -0.000002 0.000941
-0.425040 0.675061 0.249900 1.000000 -0.000000 -0.000004 0.000941
-0.425038 0.675060 0.249894 1.000000 0.000001 0.000000 0.000942
-0.425036 0.675061 0.249870 1.000000 -0.000001 0.000002 0.000943
-0.425040 0.675062 0.249862 1.000000 -0.000003 -0.000004 0.000943
-0.425037 0.675063 0.249846 1.000000 -0.000004 0.000001 0.000944
-0.425038 0.675061 0.249855 1.000000 -0.000001 -0.000002 0.000944
-0.425037 0.675058 0.249876 1.000000 0.000005 0.000000 0.000946
-0.425039 0.675060 0.249872 1.000000 0.000001 -0.000004 0.000947
-0.425038 0.675064 0.249833 1.000000 -0.000006 -0.000001 0.000949
-0.425036 0.675061 0.249823 1.000000 -0.000000 0.000003 0.000950
-0.425039 0.675061 0.249814 1.000000 -0.000000 -0.000004 0.000951
-0.425036 0.675058 0.249806 1.000000 0.000005 0.000002 0.000952
-0.425039 0.675060 0.249803 1.000000 0.000002 -0.000003 0.000952
-0.425038 0.675060 0.249824 1.000000 0.000001 -0.000001 0.000953
-0.425038 0.675061 0.249851 1.000000 -0.000001 -0.000001 0.000953
-0.425038 0.675061 0.249887 1.000000 -0.000001 -0.000001 0.000953
-0.425038 0.675060 0.249929 1.000000 0.000002 -0.000000 0.000953
-0.425038 0.675060 0.249936 1.000000 0.000002 -0.000002 0.000954
-0.425038 0.675061 0.249942 1.000000 -0.000000 -0.000000 0.000954
-0.425037 0.675061 0.249931 1.000000 -0.000001 0.000000 0.000955
-0.425038 0.675062 0.249930 1.000000 -0.000002 -0.000001 0.000956
-0.425039 0.675061 0.249917 1.000000 -0.000000 -0.000002 0.000956
-0.425039 0.675060 0.249910 1.000000 0.000001 -0.000003 0.000957
-0.425039 0.675061 0.249912 1.000000 0.000001 -0.000002 0.000957
-0.425038 0.675060 0.249910 1.000000 0.000002 -0.000001 0.000958
-0.425038 0.675061 0.249905 1.000000 0.000000 -0.000001 0.000959
-0.425036 0.675060 0.249890 1.000000 0.000003 0.000002 0.000959
-0.425037 0.675059 0.249863 1.000000 0.000005 0.000001 0.000960
-0.425037 0.675064 0.249830 1.000000 -0.000005 -0.000000 0.000961
-0.425037 0.675059 0.249838 1.000000 0.000005 0.000000 0.000962
-0.425036 0.675063 0.249838 1.000000 -0.000002 0.000003 0.000963
-0.425037 0.675060 0.249852 1.000000 0.000002 0.000000 0.000964
-0.425036 0.675062 0.249898 1.000000 -0.000000 0.000002 0.000965
-0.425038 0.675061 0.249910 1.000000 0.000001 -0.000001 0.000965
-0.425038 0.675061 0.249929 1.000000 0.000000 -0.000002 0.000966
-0.425038 0.675062 0.249921 1.000000 -0.000001 -0.000002 0.000967
-0.425036 0.675061 0.249912 1.000000 0.000002 0.000002 0.000968
-0.425037 0.675063 0.249893 1.000000 -0.000004 0.000001 0.000968
-0.425036 0.675061 0.249865 1.000000 0.000001 0.000002 0.000969
-0.425041 0.675064 0.249831 1.000000 -0.000004 -0.000007 0.000969
-0.425036 0.675058 0.249802 1.000000 0.000008 0.000002 0.000970
-0.425039 0.675062 0.249782 1.000000 -0.000002 -0.000003 0.000970
-0.425038 0.675058 0.249759 1.000000 0.000008 -0.000001 0.000970
-0.425040 0.675063 0.249759 1.000000 -0.000002 -0.000005 0.000971
-0.425037 0.675064 0.249769 1.000000 -0.000006 0.000000 0.000972
-0.425037 0.675061 0.249795 1.000000 0.000001 0.000000 0.000972
-0.425037 0.675061 0.249873 1.000000 0.000001 0.000001 0.000973
-0.425038 0.675061 0.249897 1.000000 0.000001 -0.000002 0.000973
-0.425038 0.675062 0.249922 1.000000 0.000000 -0.000001 0.000974
-0.425037 0.675061 0.249929 1.000000 0.000002 0.000000 0.000974
-0.425037 0.675061 0.249931 1.000000 0.000001 -0.000000 0.000975
-0.425039 0.675062 0.249937 1.000000 -0.000001 -0.000002 0.000975
-0.425039 0.675062 0.249936 1.000000 -0.000001 -0.000003 0.000975
-0.425038 0.675064 0.249911 1.000000 -0.000004 -0.000001 0.000975
-0.425036 0.675061 0.249879 1.000000 0.000001 0.000004 0.000976
-0.425037 0.675065 0.249860 1.000000 -0.000005 0.000000 0.000977
-0.425040 0.675066 0.249816 1.000000 -0.000008 -0.000005 0.000977
-0.425036 0.675062 0.249797 1.000000 -0.000001 0.000003 0.000978
-0.425038 0.675060 0.249783 1.000000 0.000004 -0.000001 0.000979
-0.425037 0.675061 0.249803 1.000000 0.000001 0.000002 0.000980
-0.425037 0.675061 0.249862 1.000000 0.000001 0.000001 0.000981
-0.425038 0.675061 0.249884 1.000000 0.000003 -0.000000 0.000981
-0.425038 0.675061 0.249915 1.000000 0.000002 -0.000001 0.000982
-0.425037 0.675061 0.249926 1.000000 0.000002 0.000000 0.000982
-0.425037 0.675063 0.249930 1.000000 -0.000001 0.000001 0.000982
-0.425039 0.675062 0.249936 1.000000 -0.000000 -0.000003 0.000982
-0.425038 0.675061 0.249940 1.000000 0.000001 -0.000001 0.000983
-0.425038 0.675062 0.249945 1.000000 -0.000000 -0.000001 0.000983
-0.425037 0.675062 0.249947 1.000000 0.000001 0.000002 0.000983
-0.425037 0.675063 0.249948 1.000000 -0.000001 0.000001 0.000983
-0.425037 0.675062 0.249947 1.000000 0.000000 0.000001 0.000984
-0.425039 0.675062 0.249938 1.000000 -0.000001 -0.000003 0.000984
-0.425039 0.675062 0.249930 1.000000 0.000000 -0.000002 0.000984
-0.425038 0.675063 0.249921 1.000000 -0.000001 -0.000000 0.000985
-0.425039 0.675060 0.249908 1.000000 0.000005 -0.000003 0.000985
-0.425036 0.675062 0.249886 1.000000 0.000000 0.000002 0.000986
-0.425038 0.675061 0.249880 1.000000 0.000002 -0.000000 0.000987
-0.425038 0.675061 0.249889 1.000000 0.000002 -0.000000 0.000987
-0.425038 0.675061 0.249898 1.000000 0.000002 -0.000001 0.000988
-0.425038 0.675062 0.249929 1.000000 0.000001 -0.000000 0.000989
-0.425037 0.675062 0.249944 1.000000 0.000001 0.000001 0.000989
-0.425039 0.675062 0.249960 1.000000 0.000002 -0.000002 0.000989
-0.425040 0.675063 0.249953 1.000000 -0.000000 -0.000004 0.000990
-0.425039 0.675063 0.249909 1.000000 -0.000000 -0.000002 0.000991
-0.425039 0.675062 0.249908 1.000000 0.000000 -0.000003 0.000991
-0.425037 0.675063 0.249906 1.000000 -0.000001 0.000000 0.000992
-0.425038 0.675062 0.249880 1.000000 0.000000 -0.000000 0.000992
-0.425039 0.675062 0.249872 1.000000 0.000002 -0.000002 0.000992
-0.425038 0.675062 0.249881 1.000000 0.000001 -0.000000 0.000993
-0.425038 0.675062 0.249899 1.000000 0.000001 -0.000001 0.000993
-0.425040 0.675064 0.249877 1.000000 -0.000002 -0.000005 0.000995
-0.425039 0.675068 0.249808 1.000000 -0.000010 -0.000001 0.000997
-0.425037 0.675063 0.249811 1.000000 0.000000 0.000002 0.000999
-0.425038 0.675065 0.249819 0.999999 -0.000004 0.000001 0.001002
-0.425039 0.675063 0.249846 0.999999 -0.000000 -0.000001 0.001005
-0.425039 0.675066 0.249839 0.999999 -0.000006 -0.000002 0.001008
-0.425038 0.675063 0.249847 0.999999 0.000001 -0.000001 0.001010
-0.425039 0.675063 0.249869 0.999999 0.000001 -0.000003 0.001011
-0.425038 0.675063 0.249895 0.999999 0.000001 -0.000000 0.001012
-0.425039 0.675063 0.249894 0.999999 0.000000 -0.000003 0.001012
-0.425038 0.675061 0.249902 0.999999 0.000004 -0.000001 0.001014
-0.425038 0.675062 0.249889 0.999999 0.000003 -0.000001 0.001014
-0.425036 0.675062 0.249870 0.999999 0.000003 0.000003 0.001016
-0.425041 0.675066 0.249851 0.999999 -0.000005 -0.000006 0.001016
-0.425039 0.675065 0.249798 0.999999 -0.000003 -0.000002 0.001017
-0.425039 0.675062 0.249790 0.999999 0.000002 -0.000002 0.001017
-0.425038 0.675059 0.249780 0.999999 0.000009 -0.000001 0.001020
-0.425037 0.675066 0.249833 0.999999 -0.000006 0.000002 0.001024
-0.425039 0.675064 0.249831 0.999999 -0.000001 -0.000003 0.001026
-0.425037 0.675063 0.249864 0.999999 0.000002 0.000001 0.001029
-0.425038 0.675064 0.249910 0.999999 0.000000 -0.000001 0.001031
-0.425039 0.675064 0.249941 0.999999 0.000000 -0.000002 0.001032
-0.425038 0.675064 0.249945 0.999999 -0.000001 -0.000001 0.001032
-0.425039 0.675064 0.249953 0.999999 0.000001 -0.000002 0.001033
-0.425039 0.675064 0.249958 0.999999 -0.000001 -0.000002 0.001033
-0.425038 0.675064 0.249955 0.999999 -0.000001 -0.000000 0.001033
-0.425038 0.675063 0.249941 0.999999 0.000003 -0.000000 0.001034
-0.425039 0.675063 0.249928 0.999999 0.000003 -0.000001 0.001034
-0.425038 0.675065 0.249910 0.999999 -0.000002 -0.000000 0.001035
-0.425036 0.675063 0.249870 0.999999 0.000001 0.000004 0.001037
-0.425039 0.675065 0.249847 0.999999 -0.000002 -0.000002 0.001037
-0.425039 0.675064 0.249830 0.999999 -0.000000 -0.000001 0.001038
-0.425037 0.675065 0.249846 0.999999 -0.000002 0.000002 0.001039
-0.425039 0.675064 0.249854 0.999999 -0.000000 -0.000002 0.001040
-0.425039 0.675064 0.249860 0.999999 0.000001 -0.000002 0.001040
-0.425038 0.675064 0.249904 0.999999 0.000000 -0.000000 0.001041
-0.425038 0.675065 0.249922 0.999999 -0.000001 0.000000 0.001041
-0.425038 0.675064 0.249946 0.999999 -0.000000 0.000001 0.001042
-0.425039 0.675064 0.249893 0.999999 0.000000 -0.000002 0.001044
-0.425038 0.675061 0.249879 0.999999 0.000006 -0.000001 0.001045
-0.425037 0.675064 0.249856 0.999999 0.000000 0.000002 0.001047
-0.425039 0.675063 0.249864 0.999999 0.000002 -0.000003 0.001048
-0.425037 0.675062 0.249863 0.999999 0.000005 0.000001 0.001050
-0.425037 0.675065 0.249816 0.999999 -0.000000 0.000001 0.001052
-0.425038 0.675065 0.249913 0.999999 -0.000001 0.000000 0.001055
-0.425039 0.675065 0.249925 0.999999 -0.000001 -0.000002 0.001057
-0.425039 0.675065 0.249911 0.999999 -0.000000 -0.000002 0.001057
-0.425037 0.675063 0.249865 0.999999 0.000003 0.000002 0.001059
-0.425040 0.675068 0.249839 0.999999 -0.000006 -0.000003 0.001060
-0.425040 0.675067 0.249801 0.999999 -0.000005 -0.000003 0.001061
-0.425039 0.675064 0.249842 0.999999 0.000002 -0.000001 0.001064
-0.425039 0.675064 0.249938 0.999999 0.000002 -0.000001 0.001066
-0.425038 0.675066 0.249889 0.999999 -0.000002 0.000000 0.001067
-0.425038 0.675065 0.249872 0.999999 -0.000000 -0.000000 0.001069
-0.425039 0.675065 0.249879 0.999999 -0.000000 -0.000001 0.001072
-0.425037 0.675066 0.249888 0.999999 -0.000000 0.000003 0.001076
-0.425039 0.675064 0.249945 0.999999 0.000002 -0.000002 0.001077
-0.425040 0.675065 0.249962 0.999999 0.000001 -0.000003 0.001078
-0.425040 0.675064 0.249947 0.999999 0.000002 -0.000002 0.001079
-0.425038 0.675065 0.249953 0.999999 0.000001 -0.000000 0.001080
-0.425040 0.675066 0.249919 0.999999 0.000000 -0.000002 0.001081
-0.425038 0.675064 0.249914 0.999999 0.000004 0.000000 0.001081
-0.425038 0.675070 0.249873 0.999999 -0.000009 0.000000 0.001082
-0.425038 0.675071 0.249857 0.999999 -0.000010 0.000000 0.001083
-0.425041 0.675063 0.249804 0.999999 0.000005 -0.000004 0.001084
-0.425038 0.675068 0.249828 0.999999 -0.000004 0.000001 0.001086
-0.425040 0.675066 0.249936 0.999999 -0.000000 -0.000002 0.001088
-0.425039 0.675070 0.249840 0.999999 -0.000008 0.000000 0.001089
-0.425039 0.675065 0.249855 0.999999 0.000002 0.000001 0.001092
-0.425040 0.675066 0.249910 0.999999 0.000000 -0.000001 0.001094
-0.425039 0.675067 0.249941 0.999999 -0.000002 0.000001 0.001095
-0.425041 0.675067 0.249880 0.999999 -0.000001 -0.000003 0.001098
-0.425040 0.675065 0.249883 0.999999 0.000002 -0.000002 0.001099
-0.425040 0.675066 0.249908 0.999999 0.000001 -0.000003 0.001099
-0.425040 0.675066 0.249938 0.999999 0.000002 -0.000002 0.001099
-0.425039 0.675066 0.249944 0.999999 0.000002 -0.000001 0.001099
-0.425040 0.675067 0.249942 0.999999 -0.000001 -0.000002 0.001100
-0.425040 0.675066 0.249940 0.999999 0.000000 -0.000002 0.001100
-0.425039 0.675069 0.249933 0.999999 -0.000005 0.000001 0.001101
-0.425039 0.675066 0.249914 0.999999 0.000001 -0.000001 0.001101
-0.425040 0.675065 0.249871 0.999999 0.000003 -0.000001 0.001102
-0.425039 0.675068 0.249862 0.999999 -0.000003 0.000001 0.001103
-0.425040 0.675068 0.249853 0.999999 -0.000003 -0.000001 0.001104
-0.425039 0.675064 0.249843 0.999999 0.000005 -0.000000 0.001105
-0.425040 0.675069 0.249843 0.999999 -0.000006 -0.000002 0.001106
-0.425039 0.675066 0.249846 0.999999 0.000001 0.000000 0.001107
-0.425042 0.675065 0.249840 0.999999 0.000004 -0.000006 0.001109
-0.425041 0.675065 0.249822 0.999999 0.000003 -0.000005 0.001110
-0.425039 0.675062 0.249812 0.999999 0.000010 -0.000001 0.001110
-0.425041 0.675060 0.249816 0.999999 0.000013 -0.000004 0.001111
-0.425039 0.675061 0.249820 0.999999 0.000012 -0.000000 0.001111
-0.425039 0.675062 0.249811 0.999999 0.000010 0.000001 0.001112
-0.425042 0.675068 0.249808 0.999999 -0.000003 -0.000006 0.001112
-0.425038 0.675068 0.249800 0.999999 -0.000003 0.000002 0.001113
-0.425039 0.675069 0.249793 0.999999 -0.000004 0.000000 0.001113
-0.425039 0.675067 0.249815 0.999999 0.000001 0.000001 0.001115
-0.425038 0.675068 0.249835 0.999999 -0.000002 0.000002 0.001115
-0.425040 0.675067 0.249847 0.999999 -0.000001 -0.000001 0.001116
-0.425041 0.675066 0.249867 0.999999 0.000002 -0.000002 0.001116
-0.425039 0.675067 0.249881 0.999999 0.000000 0.000000 0.001117
-0.425040 0.675066 0.249893 0.999999 0.000003 -0.000001 0.001117
-0.425040 0.675066 0.249892 0.999999 0.000001 -0.000000 0.001118
-0.425038 0.675066 0.249896 0.999999 0.000001 0.000002 0.001118
-0.425040 0.675067 0.249869 0.999999 0.000000 -0.000002 0.001119
-0.425042 0.675067 0.249874 0.999999 -0.000000 -0.000004 0.001120
-0.425040 0.675067 0.249875 0.999999 0.000000 -0.000001 0.001121
-0.425040 0.675066 0.249877 0.999999 0.000002 -0.000001 0.001122
-0.425040 0.675066 0.249900 0.999999 0.000002 -0.000001 0.001123
-0.425040 0.675066 0.249914 0.999999 0.000002 -0.000001 0.001124
-0.425039 0.675069 0.249921 0.999999 -0.000004 0.000000 0.001125
-0.425040 0.675067 0.249918 0.999999 -0.000000 -0.000000 0.001126
-0.425039 0.675067 0.249912 0.999999 -0.000000 0.000000 0.001126
-0.425040 0.675067 0.249911 0.999999 0.000001 -0.000001 0.001127
-0.425040 0.675067 0.249917 0.999999 0.000001 -0.000001 0.001127
-0.425041 0.675068 0.249917 0.999999 -0.000002 -0.000002 0.001128
-0.425039 0.675069 0.249908 0.999999 -0.000003 -0.000000 0.001129
-0.425040 0.675068 0.249899 0.999999 -0.000002 -0.000000 0.001129
-0.425039 0.675068 0.249903 0.999999 -0.000000 -0.000000 0.001130
-0.425040 0.675067 0.249921 0.999999 0.000001 -0.000001 0.001130
-0.425040 0.675068 0.249936 0.999999 -0.000000 -0.000001 0.001130
-0.425039 0.675067 0.249947 0.999999 -0.000000 0.000001 0.001130
-0.425039 0.675067 0.249952 0.999999 0.000001 -0.000000 0.001131
-0.425040 0.675067 0.249955 0.999999 0.000001 -0.000001 0.001131
-0.425040 0.675067 0.249958 0.999999 0.000001 -0.000001 0.001131
-0.425039 0.675068 0.249960 0.999999 -0.000000 0.000000 0.001131
-0.425039 0.675068 0.249955 0.999999 -0.000001 0.000001 0.001131
-0.425040 0.675066 0.249951 0.999999 0.000003 -0.000002 0.001131
-0.425040 0.675068 0.249940 0.999999 -0.000000 -0.000000 0.001132
-0.425040 0.675069 0.249929 0.999999 -0.000003 -0.000000 0.001132
-0.425040 0.675066 0.249928 0.999999 0.000002 -0.000000 0.001132
-0.425040 0.675066 0.249932 0.999999 0.000002 -0.000000 0.001133
-0.425040 0.675067 0.249935 0.999999 0.000002 -0.000001 0.001133
-0.425040 0.675067 0.249936 0.999999 0.000002 -0.000001 0.001133
-0.425039 0.675068 0.249937 0.999999 -0.000001 0.000000 0.001134
-0.425040 0.675068 0.249922 0.999999 -0.000002 -0.000001 0.001135
-0.425041 0.675067 0.249898 0.999999 0.000000 -0.000003 0.001136
-0.425038 0.675067 0.249872 0.999999 0.000001 0.000004 0.001137
-0.425040 0.675071 0.249851 0.999999 -0.000007 -0.000001 0.001137
-0.425039 0.675072 0.249840 0.999999 -0.000009 0.000001 0.001138
-0.425040 0.675073 0.249835 0.999999 -0.000011 -0.000000 0.001138
-0.425040 0.675072 0.249839 0.999999 -0.000009 0.000000 0.001139
-0.425037 0.675067 0.249837 0.999999 0.000001 0.000005 0.001140
-0.425041 0.675073 0.249822 0.999999 -0.000010 -0.000003 0.001140
-0.425036 0.675068 0.249807 0.999999 -0.000001 0.000006 0.001141
-0.425037 0.675071 0.249791 0.999999 -0.000006 0.000005 0.001141
-0.425041 0.675069 0.249777 0.999999 -0.000002 -0.000004 0.001142
-0.425040 0.675064 0.249775 0.999999 0.000007 -0.000001 0.001142
-0.425043 0.675066 0.249775 0.999999 0.000003 -0.000006 0.001143
-0.425039 0.675068 0.249777 0.999999 0.000000 0.000000 0.001143
-0.425039 0.675068 0.249795 0.999999 0.000001 0.000000 0.001143
-0.425040 0.675067 0.249826 0.999999 0.000001 -0.000001 0.001144
-0.425040 0.675068 0.249863 0.999999 0.000001 -0.000002 0.001144
-0.425041 0.675068 0.249886 0.999999 -0.000001 -0.000002 0.001145
-0.425040 0.675066 0.249896 0.999999 0.000005 -0.000001 0.001145
-0.425041 0.675069 0.249892 0.999999 -0.000001 -0.000003 0.001146
-0.425038 0.675069 0.249876 0.999999 -0.000002 0.000003 0.001147
-0.425039 0.675067 0.249866 0.999999 0.000002 0.000001 0.001148
-0.425040 0.675069 0.249859 0.999999 -0.000002 -0.000002 0.001150
-0.425039 0.675069 0.249854 0.999999 -0.000003 0.000001 0.001151
-0.425041 0.675068 0.249858 0.999999 0.000001 -0.000003 0.001152
-0.425040 0.675067 0.249873 0.999999 0.000002 -0.000001 0.001152
-0.425041 0.675068 0.249899 0.999999 0.000000 -0.000002 0.001153
-0.425038 0.675068 0.249880 0.999999 0.000001 0.000002 0.001153
-0.425041 0.675067 0.249862 0.999999 0.000002 -0.000003 0.001154
-0.425041 0.675070 0.249868 0.999999 -0.000002 -0.000003 0.001155
-0.425040 0.675067 0.249847 0.999999 0.000003 0.000000 0.001156
-0.425038 0.675069 0.249848 0.999999 -0.000001 0.000005 0.001156
-0.425041 0.675069 0.249843 0.999999 -0.000000 -0.000003 0.001157
-0.425039 0.675069 0.249854 0.999999 -0.000000 0.000003 0.001158
-0.425041 0.675069 0.249896 0.999999 -0.000001 -0.000003 0.001159
-0.425040 0.675068 0.249901 0.999999 0.000001 -0.000000 0.001159
-0.425040 0.675069 0.249932 0.999999 -0.000001 -0.000001 0.001159
-0.425040 0.675068 0.249940 0.999999 0.000001 0.000000 0.001160
-0.425040 0.675068 0.249889 0.999999 0.000001 -0.000001 0.001162
-0.425040 0.675069 0.249851 0.999999 0.000000 0.000001 0.001164
-0.425040 0.675069 0.249917 0.999999 -0.000001 0.000001 0.001166
-0.425041 0.675069 0.249937 0.999999 0.000000 -0.000001 0.001168
-0.425040 0.675070 0.249921 0.999999 -0.000002 0.000000 0.001170
-0.425040 0.675069 0.249884 0.999999 0.000001 -0.000001 0.001172
-0.425040 0.675069 0.249868 0.999999 0.000000 0.000000 0.001177
-0.425041 0.675071 0.249896 0.999999 -0.000003 -0.000001 0.001179
-0.425039 0.675069 0.249851 0.999999 0.000002 0.000002 0.001183
-0.425042 0.675070 0.249898 0.999999 0.000000 -0.000004 0.001184
-0.425040 0.675070 0.249908 0.999999 0.000000 -0.000000 0.001184
-0.425041 0.675071 0.249924 0.999999 -0.000003 -0.000001 0.001185
-0.425041 0.675068 0.249920 0.999999 0.000003 -0.000002 0.001185
-0.425041 0.675069 0.249892 0.999999 0.000002 -0.000002 0.001187
-0.425040 0.675072 0.249893 0.999999 -0.000004 -0.000001 0.001187
-0.425042 0.675070 0.249894 0.999999 -0.000000 -0.000004 0.001189
-0.425040 0.675072 0.249887 0.999999 -0.000004 -0.000001 0.001189
-0.425039 0.675073 0.249895 0.999999 -0.000005 0.000001 0.001191
-0.425041 0.675065 0.249850 0.999999 0.000010 -0.000002 0.001193
-0.425043 0.675069 0.249844 0.999999 0.000001 -0.000006 0.001193
-0.425037 0.675072 0.249807 0.999999 -0.000004 0.000006 0.001195
-0.425042 0.675071 0.249802 0.999999 -0.000002 -0.000004 0.001195
-0.425038 0.675070 0.249787 0.999999 0.000001 0.000004 0.001198
-0.425043 0.675070 0.249801 0.999999 0.000001 -0.000005 0.001199
-0.425044 0.675068 0.249794 0.999999 0.000004 -0.000007 0.001204
-0.425040 0.675068 0.249760 0.999999 0.000005 0.000001 0.001205
-0.425042 0.675070 0.249812 0.999999 0.000001 -0.000003 0.001209
-0.425041 0.675070 0.249845 0.999999 0.000001 -0.000001 0.001211
-0.425040 0.675070 0.249883 0.999999 0.000001 -0.000001 0.001215
-0.425041 0.675069 0.249908 0.999999 0.000003 -0.000002 0.001218
-0.425039 0.675072 0.249873 0.999999 -0.000003 0.000001 0.001221
-0.425039 0.675072 0.249886 0.999999 -0.000003 0.000002 0.001223
-0.425040 0.675070 0.249906 0.999999 0.000002 -0.000001 0.001224
-0.425040 0.675072 0.249952 0.999999 -0.000002 -0.000000 0.001224
-0.425042 0.675071 0.249938 0.999999 0.000000 -0.000003 0.001226
-0.425042 0.675072 0.249941 0.999999 -0.000001 -0.000002 0.001228
-0.425042 0.675071 0.249924 0.999999 -0.000000 -0.000003 0.001228
-0.425041 0.675071 0.249890 0.999999 -0.000000 -0.000001 0.001229
-0.425040 0.675070 0.249898 0.999999 0.000003 -0.000000 0.001230
-0.425040 0.675071 0.249915 0.999999 -0.000000 0.000000 0.001231
-0.425040 0.675073 0.249923 0.999999 -0.000003 0.000001 0.001231
-0.425040 0.675073 0.249913 0.999999 -0.000003 -0.000000 0.001232
-0.425041 0.675070 0.249907 0.999999 0.000003 -0.000002 0.001233
-0.425040 0.675070 0.249904 0.999999 0.000002 0.000001 0.001234
-0.425040 0.675073 0.249894 0.999999 -0.000004 -0.000000 0.001234
-0.425041 0.675069 0.249876 0.999999 0.000004 -0.000001 0.001236
-0.425041 0.675070 0.249875 0.999999 0.000002 -0.000001 0.001237
-0.425041 0.675072 0.249889 0.999999 -0.000000 -0.000002 0.001238
-0.425040 0.675071 0.249902 0.999999 0.000002 0.000001 0.001238
-0.425040 0.675072 0.249925 0.999999 -0.000001 0.000000 0.001239
-0.425040 0.675072 0.249929 0.999999 -0.000000 0.000001 0.001239
-0.425042 0.675071 0.249913 0.999999 0.000002 -0.000003 0.001240
-0.425039 0.675073 0.249903 0.999999 -0.000002 0.000003 0.001241
-0.425040 0.675070 0.249907 0.999999 0.000003 0.000000 0.001242
-0.425040 0.675072 0.249903 0.999999 0.000000 -0.000000 0.001242
-0.425040 0.675071 0.249884 0.999999 0.000001 0.000001 0.001243
-0.425040 0.675071 0.249881 0.999999 0.000002 -0.000000 0.001243
-0.425041 0.675074 0.249892 0.999999 -0.000005 -0.000002 0.001244
-0.425040 0.675071 0.249892 0.999999 0.000003 0.000001 0.001245
-0.425040 0.675072 0.249868 0.999999 -0.000001 0.000001 0.001246
-0.425039 0.675072 0.249853 0.999999 0.000001 0.000002 0.001249
-0.425041 0.675075 0.249926 0.999999 -0.000005 -0.000002 0.001250
-0.425040 0.675071 0.249893 0.999999 0.000001 0.000001 0.001255
-0.425042 0.675072 0.249897 0.999999 0.000002 -0.000003 0.001257
-0.425039 0.675073 0.249906 0.999999 -0.000000 0.000002 0.001259
-0.425040 0.675072 0.249907 0.999999 0.000000 0.000001 0.001260
-0.425041 0.675074 0.249907 0.999999 -0.000002 -0.000001 0.001262
-0.425041 0.675071 0.249913 0.999999 0.000003 -0.000002 0.001264
-0.425039 0.675072 0.249905 0.999999 0.000001 0.000002 0.001265
-0.425041 0.675073 0.249885 0.999999 -0.000001 -0.000002 0.001266
-0.425043 0.675072 0.249854 0.999999 0.000001 -0.000005 0.001269
-0.425041 0.675074 0.249839 0.999999 -0.000002 -0.000002 0.001273
-0.425040 0.675073 0.249859 0.999999 -0.000000 0.000001 0.001277
-0.425038 0.675073 0.249852 0.999999 0.000001 0.000005 0.001278
-0.425038 0.675074 0.249842 0.999999 -0.000002 0.000005 0.001280
-0.425042 0.675072 0.249847 0.999999 0.000002 -0.000002 0.001280
-0.425041 0.675071 0.249840 0.999999 0.000004 -0.000001 0.001281
-0.425039 0.675073 0.249833 0.999999 -0.000000 0.000002 0.001281
-0.425041 0.675075 0.249842 0.999999 -0.000004 -0.000001 0.001281
-0.425042 0.675072 0.249846 0.999999 0.000002 -0.000002 0.001282
-0.425042 0.675073 0.249894 0.999999 0.000000 -0.000002 0.001284
-0.425041 0.675075 0.249943 0.999999 -0.000004 -0.000001 0.001285
-0.425042 0.675072 0.249855 0.999999 0.000002 -0.000003 0.001289
-0.425041 0.675072 0.249905 0.999999 0.000003 -0.000002 0.001291
-0.425041 0.675075 0.249916 0.999999 -0.000003 -0.000001 0.001293
-0.425040 0.675074 0.249897 0.999999 -0.000001 0.000000 0.001295
-0.425042 0.675074 0.249903 0.999999 0.000000 -0.000003 0.001297
-0.425039 0.675075 0.249882 0.999999 -0.000003 0.000003 0.001299
-0.425040 0.675075 0.249894 0.999999 -0.000001 0.000000 0.001301
-0.425040 0.675075 0.249883 0.999999 -0.000001 0.000000 0.001305
-0.425041 0.675075 0.249934 0.999999 -0.000002 -0.000002 0.001307
-0.425041 0.675074 0.249938 0.999999 0.000001 -0.000001 0.001307
-0.425041 0.675074 0.249954 0.999999 0.000001 -0.000001 0.001307
-0.425041 0.675074 0.249959 0.999999 0.000000 -0.000001 0.001308
-0.425040 0.675075 0.249964 0.999999 -0.000001 0.000002 0.001308
-0.425041 0.675074 0.249929 0.999999 0.000000 -0.000000 0.001310
-0.425041 0.675075 0.249897 0.999999 -0.000000 -0.000001 0.001313
-0.425041 0.675072 0.249874 0.999999 0.000005 -0.000001 0.001316
-0.425041 0.675078 0.249861 0.999999 -0.000006 -0.000001 0.001319
-0.425040 0.675078 0.249835 0.999999 -0.000007 0.000002 0.001322
-0.425041 0.675074 0.249852 0.999999 0.000003 -0.000001 0.001323
-0.425039 0.675075 0.249865 0.999999 -0.000001 0.000003 0.001323
-0.425039 0.675074 0.249851 0.999999 0.000003 0.000003 0.001324
-0.425040 0.675078 0.249827 0.999999 -0.000006 0.000002 0.001325
-0.425043 0.675080 0.249758 0.999999 -0.000010 -0.000004 0.001325
-0.425043 0.675075 0.249783 0.999999 -0.000000 -0.000004 0.001328
-0.425040 0.675075 0.249894 0.999999 0.000001 0.000001 0.001331
-0.425040 0.675075 0.249908 0.999999 0.000000 0.000001 0.001331
-0.425042 0.675075 0.249937 0.999999 -0.000000 -0.000002 0.001331
-0.425041 0.675075 0.249947 0.999999 0.000001 -0.000001 0.001332
-0.425041 0.675076 0.249907 0.999999 -0.000001 0.000000 0.001333
-0.425041 0.675075 0.249956 0.999999 0.000000 -0.000001 0.001334
-0.425043 0.675074 0.249925 0.999999 0.000003 -0.000004 0.001335
-0.425042 0.675075 0.249946 0.999999 0.000001 -0.000002 0.001336
-0.425041 0.675076 0.249964 0.999999 -0.000001 -0.000001 0.001337
-0.425041 0.675075 0.249941 0.999999 0.000001 -0.000000 0.001338
-0.425040 0.675076 0.249929 0.999999 -0.000001 0.000002 0.001338
-0.425041 0.675075 0.249893 0.999999 0.000001 0.000001 0.001339
-0.425042 0.675074 0.249884 0.999999 0.000004 -0.000002 0.001339
-0.425042 0.675075 0.249885 0.999999 0.000001 -0.000002 0.001341
-0.425042 0.675074 0.249897 0.999999 0.000003 -0.000003 0.001341
-0.425042 0.675077 0.249920 0.999999 -0.000003 -0.000001 0.001342
-0.425041 0.675076 0.249919 0.999999 0.000000 -0.000000 0.001342
-0.425041 0.675075 0.249917 0.999999 0.000001 -0.000000 0.001345
-0.425041 0.675077 0.249932 0.999999 -0.000001 0.000001 0.001347
-0.425042 0.675076 0.249915 0.999999 0.000001 -0.000003 0.001349
-0.425041 0.675076 0.249892 0.999999 0.000001 0.000001 0.001351
-0.425042 0.675076 0.249913 0.999999 0.000001 -0.000002 0.001352
-0.425041 0.675078 0.249925 0.999999 -0.000003 -0.000000 0.001353
-0.425042 0.675076 0.249937 0.999999 0.000001 -0.000001 0.001354
