-0.080731 0.886044 0.407062
-0.080765 0.885823 0.407099
-0.080743 0.885526 0.407156
-0.080359 0.885518 0.407187
-0.079371 0.885157 0.407309
-0.078478 0.885076 0.407383
-0.077215 0.884287 0.407597
-0.076627 0.883512 0.407779
-0.076554 0.883356 0.407811
-0.077339 0.882692 0.407895
-0.078232 0.882179 0.407904
-0.079063 0.881656 0.407932
-0.080741 0.880256 0.408136
-0.081630 0.879589 0.408189
-0.082416 0.878927 0.408258
-0.083667 0.876782 0.408672
-0.084414 0.876044 0.408747
-0.085088 0.875309 0.408837
-0.085782 0.872541 0.409399
-0.085588 0.872174 0.409482
-0.085665 0.870674 0.409769
-0.085562 0.870392 0.409824
-0.085992 0.869086 0.410031
-0.085947 0.868872 0.410066
-0.086737 0.867995 0.410161
-0.086750 0.867640 0.410210
-0.087722 0.866873 0.410266
-0.089062 0.866465 0.410226
-0.090656 0.866353 0.410107
-0.092430 0.866428 0.409934
-0.093633 0.866454 0.409823
-0.094259 0.866386 0.409767
-0.095250 0.865892 0.409749
-0.097864 0.864791 0.409751
-0.098356 0.864296 0.409826
-0.099300 0.863611 0.409865
-0.101604 0.862056 0.410017
-0.101866 0.861324 0.410167
-0.103395 0.859806 0.410332
-0.104601 0.858270 0.410594
-0.104429 0.857136 0.410855
-0.104792 0.856253 0.411007
-0.104663 0.855451 0.411156
-0.105230 0.854791 0.411223
-0.105309 0.854155 0.411309
-0.106146 0.853507 0.411335
-0.106278 0.853155 0.411364
-0.107296 0.852584 0.411348
-0.107518 0.852131 0.411370
-0.108573 0.851648 0.411324
-0.108803 0.851356 0.411325
-0.109982 0.850874 0.411257
-0.110245 0.850586 0.411251
-0.111035 0.850288 0.411200
-0.113123 0.849089 0.411199
-0.114030 0.848171 0.411289
-0.115067 0.847226 0.411379
-0.116016 0.846472 0.411423
-0.117471 0.844619 0.411659
-0.118152 0.843201 0.411893
-0.118077 0.842581 0.412001
-0.118681 0.841438 0.412113
-0.118695 0.841198 0.412138
-0.119667 0.840117 0.412154
-0.119713 0.839916 0.412164
-0.120891 0.838991 0.412106
-0.120967 0.838807 0.412107
-0.122216 0.838043 0.412014
-0.122332 0.837859 0.412008
-0.123694 0.837103 0.411885
-0.123825 0.836920 0.411875
-0.125116 0.836258 0.411747
-0.126082 0.835592 0.411742
-0.127503 0.834354 0.411804
-0.128753 0.833189 0.411889
-0.130490 0.831638 0.412011
-0.130938 0.830981 0.412103
-0.131964 0.829534 0.412306
-0.133534 0.827839 0.412500
-0.133903 0.827122 0.412621
-0.134690 0.825194 0.412973
-0.135421 0.824301 0.413080
-0.136386 0.822682 0.413330
-0.136965 0.820792 0.413703
-0.137675 0.819895 0.413817
-0.138333 0.818987 0.413943
-0.139400 0.816751 0.414355
-0.140728 0.814988 0.414618
-0.141014 0.814243 0.414760
-0.141268 0.811754 0.415311
-0.141141 0.811417 0.415380
-0.141499 0.810154 0.415552
-0.141485 0.809890 0.415585
-0.142289 0.808791 0.415633
-0.141481 0.805724 0.415667
-0.141332 0.806376 0.415474
-0.142037 0.806545 0.415392
-0.142266 0.806567 0.415366
-0.142503 0.806542 0.415346
-0.143467 0.805920 0.415382
-0.145601 0.804538 0.415568
-0.146092 0.804228 0.415680
-0.146216 0.804204 0.415687
-0.147187 0.803539 0.415741
-0.148753 0.801970 0.416043
-0.148253 0.801298 0.416316
-0.147687 0.800660 0.416529
-0.147414 0.800215 0.416635
-0.147067 0.799633 0.416752
-0.146828 0.799148 0.416833
-0.146578 0.798542 0.416917
-0.146344 0.798039 0.416982
-0.146115 0.797498 0.417048
-0.146079 0.797154 0.417074
-0.145887 0.797033 0.417097
-0.145615 0.796661 0.417140
-0.145337 0.796529 0.417173
-0.144618 0.795990 0.417276
-0.144359 0.795814 0.417308
-0.144921 0.795012 0.417398
-0.145466 0.794226 0.417495
-0.145567 0.793641 0.417596
-0.145326 0.792656 0.417785
-0.144950 0.792299 0.417879
-0.144227 0.791564 0.418048
-0.143315 0.790969 0.418206
-0.142457 0.789976 0.418390
-0.142082 0.789714 0.418450
-0.141193 0.788831 0.418612
-0.140818 0.788617 0.418664
-0.140003 0.787890 0.418793
-0.139306 0.787583 0.418877
-0.138887 0.787177 0.418946
-0.138583 0.787024 0.418982
-0.138323 0.786815 0.419018
-0.138942 0.785979 0.419103
-0.139376 0.785280 0.419196
-0.139490 0.784723 0.419288
-0.141188 0.782147 0.419686
-0.141231 0.781635 0.419794
-0.142633 0.779718 0.420090
-0.142888 0.778578 0.420336
-0.144187 0.776729 0.420657
-0.143746 0.774839 0.421176
-0.142720 0.774020 0.421433
-0.142253 0.773455 0.421569
-0.141542 0.772896 0.421713
-0.141171 0.772478 0.421801
-0.140923 0.772116 0.421861
-0.140594 0.771686 0.421926
-0.140421 0.771296 0.421971
-0.140244 0.770931 0.422013
-0.140221 0.770803 0.422024
-0.139854 0.770639 0.422045
-0.139734 0.770492 0.422058
-0.139480 0.770381 0.422073
-0.140100 0.769611 0.422165
-0.140735 0.768873 0.422259
-0.140653 0.767512 0.422475
-0.140528 0.767261 0.422508
-0.139982 0.766914 0.422558
-0.139740 0.766705 0.422584
-0.138770 0.766243 0.422646
-0.137990 0.765446 0.422730
-0.137592 0.764881 0.422787
-0.137272 0.764352 0.422836
-0.136927 0.763781 0.422886
-0.136671 0.763251 0.422926
-0.136483 0.762839 0.422958
-0.136570 0.762755 0.422965
-0.136744 0.762507 0.422985
-0.137656 0.761754 0.423078
-0.138498 0.761052 0.423172
-0.139103 0.760563 0.423240
-0.140348 0.759553 0.423381
-0.141346 0.758690 0.423512
-0.142435 0.757658 0.423677
-0.142659 0.757306 0.423729
-0.143009 0.756854 0.423802
-0.142986 0.756109 0.423896
-0.142676 0.755697 0.423943
-0.142422 0.755250 0.423986
-0.142250 0.754866 0.424018
-0.142049 0.754475 0.424048
-0.141787 0.753931 0.424084
-0.141685 0.753546 0.424109
-0.141583 0.753226 0.424133
-0.141694 0.753128 0.424139
-0.141943 0.752783 0.424165
-0.142102 0.752697 0.424169
-0.142361 0.752461 0.424184
-0.142557 0.752367 0.424190
-0.142737 0.752236 0.424199
-0.143728 0.751451 0.424307
-0.144729 0.750788 0.424410
-0.146240 0.749655 0.424584
-0.147433 0.748721 0.424734
-0.148642 0.747686 0.424916
-0.148996 0.746856 0.425050
-0.148697 0.746311 0.425106
-0.148482 0.745829 0.425148
-0.148262 0.745326 0.425189
-0.148154 0.744973 0.425214
-0.147967 0.744499 0.425243
-0.147812 0.744013 0.425270
-0.147658 0.743541 0.425295
-0.147673 0.743391 0.425300
-0.147404 0.743186 0.425302
-0.147295 0.743031 0.425307
-0.148083 0.742176 0.425427
-0.148680 0.741475 0.425537
-0.149805 0.740309 0.425725
-0.150680 0.739340 0.425889
-0.151984 0.737986 0.426119
-0.152860 0.736955 0.426301
-0.153262 0.736187 0.426422
-0.154248 0.734936 0.426631
-0.155072 0.733871 0.426810
-0.156300 0.732397 0.427064
-0.157110 0.731279 0.427263
-0.157473 0.730439 0.427394
-0.159301 0.728018 0.427825
-0.159351 0.725673 0.428168
-0.158457 0.724545 0.428249
-0.158136 0.723819 0.428307
-0.157709 0.723203 0.428346
-0.157377 0.722614 0.428383
-0.157140 0.721741 0.428417
-0.157073 0.721574 0.428426
-0.156686 0.721306 0.428423
-0.156547 0.721092 0.428427
-0.156112 0.720726 0.428421
-0.155952 0.720452 0.428425
-0.155414 0.719994 0.428418
-0.156070 0.719050 0.428576
-0.156691 0.718140 0.428728
-0.156929 0.716972 0.428868
-0.156871 0.716482 0.428902
-0.156387 0.715707 0.428922
-0.156137 0.715305 0.428932
-0.155378 0.714675 0.428927
-0.155129 0.714304 0.428932
-0.154458 0.713687 0.428924
-0.154208 0.713326 0.428928
-0.153518 0.712742 0.428916
-0.153275 0.712396 0.428919
-0.152665 0.711809 0.428908
-0.152410 0.711458 0.428909
-0.151733 0.710879 0.428892
-0.151477 0.710530 0.428893
-0.150803 0.709933 0.428876
-0.150554 0.709560 0.428876
-0.149812 0.708967 0.428856
-0.149551 0.708584 0.428854
-0.149195 0.708244 0.428844
-0.149758 0.707190 0.428994
-0.150340 0.706180 0.429140
-0.150512 0.705411 0.429222
-0.150478 0.704742 0.429270
-0.149962 0.703760 0.429291
-0.149725 0.703258 0.429296
-0.148990 0.702467 0.429275
-0.148719 0.702015 0.429270
-0.148027 0.701264 0.429241
-0.147738 0.700848 0.429234
-0.147043 0.700135 0.429200
-0.146800 0.699708 0.429192
-0.146082 0.699017 0.429157
-0.145793 0.698621 0.429148
-0.145077 0.697943 0.429110
-0.144793 0.697552 0.429101
-0.144090 0.696902 0.429062
-0.143046 0.695373 0.429014
-0.142578 0.694277 0.429010
-0.142128 0.693353 0.429007
-0.142054 0.693079 0.429010
-0.143616 0.691268 0.429332
-0.143933 0.690690 0.429417
-0.144927 0.689548 0.429627
-0.145778 0.688505 0.429813
-0.146122 0.687782 0.429916
-0.147128 0.686505 0.430141
-0.147990 0.685329 0.430337
-0.148436 0.683853 0.430502
-0.148367 0.682792 0.430547
-0.147848 0.682115 0.430521
-0.147621 0.681749 0.430509
-0.147007 0.681166 0.430460
-0.146777 0.680814 0.430444
-0.146168 0.680226 0.430392
-0.145920 0.679893 0.430375
-0.145043 0.679070 0.430297
-0.144361 0.677898 0.430247
-0.143879 0.676907 0.430224
-0.143517 0.676000 0.430211
-0.143100 0.675023 0.430197
-0.142836 0.674310 0.430195
-0.142627 0.673582 0.430196
-0.142388 0.672719 0.430197
-0.142120 0.671973 0.430197
-0.141964 0.671316 0.430201
-0.141847 0.670783 0.430208
-0.141903 0.670639 0.430220
-0.142003 0.669986 0.430259
-0.142096 0.669874 0.430274
-0.143089 0.669054 0.430465
-0.143999 0.668261 0.430648
-0.144665 0.667698 0.430776
-0.145993 0.666578 0.431040
-0.147110 0.665584 0.431269
-0.148690 0.664167 0.431597
-0.149953 0.662951 0.431865
-0.151348 0.661516 0.432159
-0.151681 0.661016 0.432229
-0.152147 0.660348 0.432316
-0.152248 0.659445 0.432357
-0.152144 0.658814 0.432356
-0.152051 0.658430 0.432356
-0.152106 0.658263 0.432367
-0.152178 0.658026 0.432382
-0.153084 0.657070 0.432582
-0.154010 0.656233 0.432780
-0.154635 0.655580 0.432913
-0.156884 0.653393 0.433429
-0.158206 0.651256 0.433771
-0.158232 0.650410 0.433781
-0.158058 0.649626 0.433774
-0.157717 0.648839 0.433758
-0.157462 0.648097 0.433755
-0.157372 0.647568 0.433763
-0.157407 0.647439 0.433773
-0.157495 0.647052 0.433797
-0.157577 0.646912 0.433813
-0.157701 0.646428 0.433852
-0.157795 0.646306 0.433868
-0.158736 0.645444 0.434081
-0.159627 0.644604 0.434285
-0.160300 0.644009 0.434427
-0.161614 0.642838 0.434722
-0.162705 0.641799 0.434976
-0.163508 0.641070 0.435147
-0.164882 0.639789 0.435463
-0.165971 0.638708 0.435725
-0.167240 0.637451 0.436014
-0.167510 0.637053 0.436081
-0.167999 0.636368 0.436184
-0.168089 0.636151 0.436200
-0.168312 0.635852 0.436236
-0.168396 0.635669 0.436249
-0.168655 0.635387 0.436287
-0.168848 0.634835 0.436322
-0.168683 0.634269 0.436321
-0.168604 0.633674 0.436333
-0.168496 0.633033 0.436344
-0.168285 0.632425 0.436348
-0.168080 0.631699 0.436352
-0.167995 0.630907 0.436368
-0.167724 0.630262 0.436366
-0.167524 0.629623 0.436370
-0.167359 0.628826 0.436379
-0.167207 0.628160 0.436382
-0.167036 0.627494 0.436387
-0.166939 0.626792 0.436400
-0.166736 0.625984 0.436402
-0.166560 0.625128 0.436411
-0.166517 0.624960 0.436415
-0.166609 0.624650 0.436442
-0.166647 0.624440 0.436454
-0.166816 0.624082 0.436488
-0.166914 0.623373 0.436525
-0.166802 0.622641 0.436541
-0.166677 0.622082 0.436551
-0.166609 0.621416 0.436567
-0.166396 0.620640 0.436572
-0.166105 0.619908 0.436568
-0.165983 0.619276 0.436580
-0.165736 0.618599 0.436579
-0.165610 0.617957 0.436590
-0.165386 0.617094 0.436591
-0.165183 0.616377 0.436594
-0.165053 0.615702 0.436602
-0.164940 0.615018 0.436612
-0.164931 0.614806 0.436619
-0.165056 0.614431 0.436646
-0.165905 0.613512 0.436856
-0.166691 0.612617 0.437057
-0.167283 0.611953 0.437197
-0.168496 0.610718 0.437494
-0.169521 0.609623 0.437752
-0.170265 0.608833 0.437929
-0.171580 0.607486 0.438254
-0.174009 0.604607 0.438906
-0.174370 0.603513 0.439003
-0.174210 0.602782 0.439005
-0.174011 0.602211 0.439001
-0.173772 0.601305 0.438999
-0.173579 0.600769 0.438999
-0.173403 0.600160 0.439001
-0.173229 0.599467 0.439003
-0.173023 0.598925 0.439000
-0.172788 0.598227 0.438997
-0.172516 0.597487 0.438990
-0.172314 0.596926 0.438987
-0.172201 0.596159 0.438998
-0.171894 0.595346 0.438989
-0.171779 0.594718 0.438996
-0.171755 0.594502 0.439001
-0.171845 0.594144 0.439024
-0.171872 0.593914 0.439035
-0.172023 0.593531 0.439065
-0.172102 0.593115 0.439089
-0.172182 0.592950 0.439105
-0.172309 0.592528 0.439137
-0.172506 0.592230 0.439173
-0.172609 0.591870 0.439202
-0.172708 0.591736 0.439218
-0.173601 0.590812 0.439443
-0.174431 0.589904 0.439660
-0.175049 0.589292 0.439811
-0.176256 0.588091 0.440123
-0.177295 0.587008 0.440399
-0.178046 0.586271 0.440588
-0.179320 0.584970 0.440926
-0.181727 0.582316 0.441613
-0.182120 0.581491 0.441732
-0.182068 0.580847 0.441751
-0.181977 0.580289 0.441757
-0.181836 0.579635 0.441763
-0.181619 0.578938 0.441760
-0.181517 0.578298 0.441769
-0.181328 0.577584 0.441770
-0.181158 0.577019 0.441770
-0.181011 0.576227 0.441779
-0.180794 0.575499 0.441778
-0.180720 0.575124 0.441783
-0.180782 0.574874 0.441798
-0.180816 0.574378 0.441818
-0.180881 0.574262 0.441829
-0.180997 0.573881 0.441855
-0.181100 0.573723 0.441871
-0.181313 0.573164 0.441916
-0.181402 0.573041 0.441930
-0.181577 0.572550 0.441970
-0.181666 0.572443 0.441984
-0.181827 0.572065 0.442016
-0.181936 0.571951 0.442032
-0.182104 0.571627 0.442064
-0.182231 0.571493 0.442083
-0.182425 0.571115 0.442119
-0.182562 0.570967 0.442139
-0.182779 0.570569 0.442179
-0.182909 0.570442 0.442198
-0.183133 0.570077 0.442237
-0.183262 0.569947 0.442256
-0.183453 0.569574 0.442293
-0.183579 0.569445 0.442312
-0.183783 0.569064 0.442349
-0.184592 0.568108 0.442573
-0.185333 0.567200 0.442786
-0.185891 0.566562 0.442935
-0.187002 0.565310 0.443247
-0.187967 0.564173 0.443524
-0.188656 0.563443 0.443712
-0.189874 0.562096 0.444056
-0.190889 0.560941 0.444351
-0.191629 0.560164 0.444554
-0.192878 0.558541 0.444907
-0.193090 0.557800 0.444985
-0.193026 0.557034 0.445011
-0.192891 0.556502 0.445016
-0.192740 0.555706 0.445025
-0.192550 0.555052 0.445026
-0.192426 0.554414 0.445035
-0.192227 0.553749 0.445036
-0.191971 0.552912 0.445033
-0.191956 0.552701 0.445039
-0.192072 0.552337 0.445062
-0.192101 0.552106 0.445072
-0.192250 0.551754 0.445097
-0.192321 0.551377 0.445115
-0.193037 0.550378 0.445337
-0.193787 0.549507 0.445553
-0.194293 0.548854 0.445701
-0.195326 0.547534 0.446018
-0.196225 0.546352 0.446299
-0.197510 0.544664 0.446709
-0.198612 0.543337 0.447053
-0.199360 0.542366 0.447289
-0.200536 0.540823 0.447672
-0.201576 0.539587 0.447999
-0.202286 0.538708 0.448223
-0.203447 0.537193 0.448605
-0.204493 0.536014 0.448932
-0.205209 0.535148 0.449158
-0.205763 0.534562 0.449316
-0.206761 0.533384 0.449603
-0.206928 0.532897 0.449665
-0.206923 0.532328 0.449688
-0.206773 0.531712 0.449689
-0.206671 0.531149 0.449697
-0.206490 0.530459 0.449699
-0.206365 0.529814 0.449706
-0.206212 0.529268 0.449700
-0.206051 0.528733 0.449692
-0.205862 0.528033 0.449687
-0.205728 0.527415 0.449689
-0.205560 0.526839 0.449682
-0.205392 0.526229 0.449677
-0.205206 0.525597 0.449672
-0.204982 0.524796 0.449669
-0.204709 0.524008 0.449653
-0.204544 0.523473 0.449646
-0.204381 0.522819 0.449640
-0.204253 0.522255 0.449636
-0.204280 0.522175 0.449637
-0.204319 0.521994 0.449643
-0.204484 0.521710 0.449661
-0.204544 0.521509 0.449670
-0.204732 0.521210 0.449691
-0.204794 0.521007 0.449701
-0.205482 0.519929 0.449932
-0.206178 0.519034 0.450151
-0.207301 0.517555 0.450524
-0.208249 0.516273 0.450845
-0.209511 0.514543 0.451286
-0.210547 0.513086 0.451653
-0.211316 0.512120 0.451907
-0.212472 0.510593 0.452308
-0.213431 0.509310 0.452645
-0.214160 0.508479 0.452879
-0.215284 0.507039 0.453270
-0.217639 0.504189 0.454095
-0.218296 0.503404 0.454307
-0.218368 0.502916 0.454342
-0.218333 0.502432 0.454351
-0.218220 0.501856 0.454351
-0.218056 0.501152 0.454345
-0.217913 0.500591 0.454338
-0.217780 0.499988 0.454335
-0.217611 0.499380 0.454324
-0.217420 0.498779 0.454312
-0.217194 0.498080 0.454294
-0.217009 0.497445 0.454280
-0.216848 0.496897 0.454270
-0.216675 0.496299 0.454259
-0.216491 0.495685 0.454246
-0.216248 0.494978 0.454227
-0.216074 0.494343 0.454221
-0.216031 0.494133 0.454219
-0.216073 0.493587 0.454212
-0.216067 0.493422 0.454212
-0.216239 0.493012 0.454216
-0.216250 0.492862 0.454218
-0.216481 0.492504 0.454229
-0.216500 0.492361 0.454231
-0.216759 0.492026 0.454244
-0.216782 0.491886 0.454247
-0.217079 0.491546 0.454262
-0.217099 0.491412 0.454265
-0.217394 0.491087 0.454279
-0.217414 0.490954 0.454282
-0.217685 0.490644 0.454295
-0.217725 0.490383 0.454300
-0.217954 0.490174 0.454308
-0.218007 0.489914 0.454314
-0.218251 0.489711 0.454322
-0.218308 0.489454 0.454328
-0.218595 0.489245 0.454338
-0.218625 0.489116 0.454341
-0.218928 0.488824 0.454354
-0.218976 0.488568 0.454359
-0.219252 0.488357 0.454366
-0.219280 0.488227 0.454369
-0.219610 0.487924 0.454381
-0.219633 0.487794 0.454384
-0.219921 0.487498 0.454393
-0.219948 0.487362 0.454396
-0.220272 0.487046 0.454405
-0.220295 0.486915 0.454408
-0.220609 0.486606 0.454416
-0.220632 0.486475 0.454418
-0.220916 0.486177 0.454425
-0.220943 0.486041 0.454428
-0.221239 0.485737 0.454434
-0.221267 0.485601 0.454437
-0.221568 0.485299 0.454443
-0.221596 0.485163 0.454445
-0.221931 0.484850 0.454451
-0.221955 0.484720 0.454453
-0.222279 0.484416 0.454457
-0.222303 0.484285 0.454459
-0.222595 0.483993 0.454463
-0.222623 0.483858 0.454465
-0.222927 0.483559 0.454469
-0.222956 0.483424 0.454471
-0.223296 0.483116 0.454473
-0.223321 0.482986 0.454475
-0.223621 0.482696 0.454477
-0.223651 0.482562 0.454479
-0.223993 0.482256 0.454480
-0.224018 0.482126 0.454482
-0.224321 0.481838 0.454482
-0.224350 0.481704 0.454484
-0.224664 0.481411 0.454484
-0.224715 0.481156 0.454486
-0.225011 0.480956 0.454483
-0.225042 0.480827 0.454484
-0.225594 0.479749 0.454690
-0.227308 0.477623 0.455203
-0.227435 0.477446 0.455233
-0.229656 0.474191 0.456015
-0.230011 0.473687 0.456104
-0.230013 0.473212 0.456107
-0.229892 0.472653 0.456095
-0.229716 0.472050 0.456079
-0.229483 0.471382 0.456058
-0.229452 0.471223 0.456056
-0.229567 0.470813 0.456042
-0.229567 0.470671 0.456041
-0.229804 0.470337 0.456032
-0.229817 0.470203 0.456032
-0.230079 0.469910 0.456025
-0.230102 0.469775 0.456025
-0.230359 0.469504 0.456019
-0.230891 0.468510 0.456220
-0.231401 0.467526 0.456411
-0.232675 0.466069 0.456750
-0.233266 0.465057 0.456972
-0.233821 0.464069 0.457178
-0.235248 0.462675 0.457546
-0.235846 0.461671 0.457771
-0.236406 0.460689 0.457979
-0.237710 0.459373 0.458319
-0.238334 0.458331 0.458553
-0.238913 0.457324 0.458767
-0.240602 0.455936 0.459165
-0.241079 0.455649 0.459190
-0.241145 0.455238 0.459168
-0.241068 0.454720 0.459139
-0.240921 0.454154 0.459110
-0.240712 0.453528 0.459079
-0.240495 0.452915 0.459053
-0.240299 0.452337 0.459033
-0.240083 0.451733 0.459014
-0.239826 0.451080 0.458991
-0.239790 0.450923 0.458989
-0.239898 0.450541 0.458966
-0.239895 0.450402 0.458964
-0.240111 0.450106 0.458945
-0.240125 0.449970 0.458943
-0.240432 0.449685 0.458920
-0.240450 0.449556 0.458919
-0.240779 0.449292 0.458894
-0.240800 0.449165 0.458892
-0.241106 0.448914 0.458869
-0.241133 0.448783 0.458866
-0.241460 0.448530 0.458841
-0.241512 0.448284 0.458835
-0.241590 0.448212 0.458827
-0.243187 0.445370 0.459397
-0.243377 0.445053 0.459451
-0.243586 0.444843 0.459483
-0.245689 0.441666 0.460179
-0.245872 0.441446 0.460218
-0.246082 0.441302 0.460240
-0.247935 0.438411 0.460856
-0.248358 0.437905 0.460949
-0.249173 0.437783 0.460982
-0.249264 0.437689 0.460980
-0.249829 0.437595 0.460938
-0.249891 0.437488 0.460930
-0.250425 0.437343 0.460868
-0.250468 0.437230 0.460859
-0.250877 0.437044 0.460805
-0.250951 0.436817 0.460789
-0.251274 0.436701 0.460743
-0.251356 0.436472 0.460727
-0.251689 0.436356 0.460681
-0.251877 0.435933 0.460628
-0.251869 0.435590 0.460609
-0.252858 0.432957 0.461079
-0.253324 0.431784 0.461250
-0.254139 0.429716 0.461635
-0.254895 0.428056 0.461918
-0.255755 0.425945 0.462317
-0.256840 0.424106 0.462635
-0.257024 0.423708 0.462594
-0.256990 0.423273 0.462543
-0.256867 0.422771 0.462496
-0.256918 0.422761 0.462482
-0.257050 0.422376 0.462436
-0.257130 0.422370 0.462422
-0.257359 0.422013 0.462374
-0.257545 0.422018 0.462347
-0.257777 0.421685 0.462303
-0.257871 0.421684 0.462289
-0.258153 0.421343 0.462237
-0.258354 0.421351 0.462209
-0.258577 0.421048 0.462170
-0.258871 0.421049 0.462131
-0.259029 0.420780 0.462102
-0.259583 0.420788 0.462027
-0.260155 0.420952 0.461967
-0.260791 0.421160 0.461909
-0.261534 0.421416 0.461841
-0.262259 0.421666 0.461772
-0.262908 0.421885 0.461709
-0.263591 0.422118 0.461642
-0.264110 0.422287 0.461589
-0.264928 0.420382 0.461921
-0.266117 0.419288 0.462129
-0.267446 0.416711 0.462598
-0.269144 0.416226 0.462688
-0.270228 0.416628 0.462549
-0.271044 0.416938 0.462417
-0.271838 0.417226 0.462287
-0.272413 0.417420 0.462197
-0.272586 0.417269 0.462159
-0.273180 0.417278 0.462045
-0.273248 0.417178 0.462026
-0.273791 0.417047 0.461912
-0.273850 0.416936 0.461893
-0.274365 0.416773 0.461779
-0.274420 0.416658 0.461761
-0.274991 0.416485 0.461633
-0.275037 0.416371 0.461616
-0.275508 0.416188 0.461512
-0.275557 0.416069 0.461495
-0.276105 0.415879 0.461375
-0.276148 0.415762 0.461360
-0.276676 0.415570 0.461245
-0.276717 0.415453 0.461230
-0.277173 0.415258 0.461132
-0.277220 0.415137 0.461117
-0.277697 0.414938 0.461017
-0.277789 0.414709 0.460986
-0.278256 0.414600 0.460887
-0.278306 0.414484 0.460872
-0.278865 0.414292 0.460756
-0.278910 0.414174 0.460742
-0.279385 0.413977 0.460642
-0.279435 0.413856 0.460626
-0.279998 0.413652 0.460507
-0.280043 0.413534 0.460491
-0.280592 0.413333 0.460374
-0.280636 0.413214 0.460358
-0.281181 0.413011 0.460241
-0.281225 0.412892 0.460225
-0.281703 0.412690 0.460122
-0.281798 0.412460 0.460090
-0.282204 0.412347 0.460003
-0.282317 0.412120 0.459969
-0.282751 0.412012 0.459877
-0.282875 0.411787 0.459841
-0.283324 0.411683 0.459747
-0.283454 0.411459 0.459710
-0.283914 0.411355 0.459612
-0.284048 0.411131 0.459574
-0.284516 0.411028 0.459474
-0.284653 0.410804 0.459435
-0.285218 0.410701 0.459313
-0.285283 0.410586 0.459294
-0.285852 0.410394 0.459169
-0.285974 0.410167 0.459131
-0.286431 0.410057 0.459028
-0.286565 0.409830 0.458987
-0.287131 0.409722 0.458861
-0.287197 0.409606 0.458841
