-0.800022 1.000023 0.249828 1.000000 0.000001 -0.000004 0.000064
-0.800020 1.000021 0.249833 1.000000 0.000006 0.000002 0.000067
-0.800019 1.000020 0.249768 1.000000 0.000008 0.000004 0.000069
-0.800025 1.000024 0.249764 1.000000 -0.000000 -0.000007 0.000069
-0.800021 1.000022 0.249749 1.000000 0.000004 -0.000000 0.000070
-0.800021 1.000023 0.249758 1.000000 0.000002 -0.000000 0.000071
-0.800021 1.000026 0.249877 1.000000 -0.000003 0.000002 0.000074
-0.800022 1.000026 0.249870 1.000000 -0.000004 -0.000000 0.000076
-0.800021 1.000025 0.249862 1.000000 -0.000000 0.000003 0.000076
-0.800024 1.000023 0.249836 1.000000 0.000003 -0.000003 0.000078
-0.800024 1.000026 0.249837 1.000000 -0.000002 -0.000003 0.000079
-0.800021 1.000025 0.249849 1.000000 -0.000000 0.000004 0.000079
-0.800022 1.000027 0.249839 1.000000 -0.000004 0.000003 0.000082
-0.800024 1.000028 0.249826 1.000000 -0.000005 -0.000001 0.000082
-0.800024 1.000023 0.249820 1.000000 0.000005 -0.000002 0.000083
-0.800024 1.000026 0.249845 1.000000 -0.000002 -0.000001 0.000085
-0.800023 1.000027 0.249857 1.000000 -0.000003 0.000002 0.000086
-0.800025 1.000024 0.249867 1.000000 0.000003 -0.000003 0.000086
-0.800025 1.000026 0.249893 1.000000 -0.000000 -0.000003 0.000089
-0.800024 1.000026 0.249896 1.000000 -0.000002 -0.000001 0.000090
-0.800025 1.000026 0.249912 1.000000 -0.000001 -0.000001 0.000091
-0.800027 1.000026 0.249893 1.000000 -0.000000 -0.000005 0.000092
-0.800026 1.000025 0.249910 1.000000 0.000001 -0.000002 0.000094
-0.800026 1.000027 0.249925 1.000000 -0.000001 -0.000002 0.000094
-0.800025 1.000027 0.249939 1.000000 -0.000001 0.000000 0.000096
-0.800026 1.000025 0.249924 1.000000 0.000003 -0.000003 0.000097
-0.800024 1.000027 0.249853 1.000000 -0.000001 0.000002 0.000101
-0.800027 1.000026 0.249904 1.000000 0.000002 -0.000002 0.000103
-0.800026 1.000027 0.249931 1.000000 0.000000 0.000000 0.000105
-0.800025 1.000028 0.249931 1.000000 -0.000001 0.000001 0.000107
-0.800025 1.000029 0.249891 1.000000 -0.000003 0.000003 0.000108
-0.800028 1.000025 0.249861 1.000000 0.000005 -0.000003 0.000108
-0.800028 1.000026 0.249832 1.000000 0.000003 -0.000003 0.000108
-0.800025 1.000030 0.249779 1.000000 -0.000005 0.000003 0.000109
-0.800028 1.000028 0.249793 1.000000 -0.000001 -0.000003 0.000110
-0.800028 1.000029 0.249811 1.000000 -0.000002 -0.000003 0.000110
-0.800024 1.000028 0.249826 1.000000 -0.000000 0.000005 0.000112
-0.800028 1.000030 0.249833 1.000000 -0.000004 -0.000002 0.000113
-0.800028 1.000028 0.249849 1.000000 0.000001 -0.000002 0.000115
-0.800025 1.000027 0.249893 1.000000 0.000002 0.000003 0.000116
-0.800027 1.000029 0.249834 1.000000 -0.000002 -0.000000 0.000117
-0.800029 1.000026 0.249829 1.000000 0.000005 -0.000003 0.000118
-0.800029 1.000025 0.249839 1.000000 0.000007 -0.000002 0.000119
-0.800027 1.000030 0.249819 1.000000 -0.000002 0.000002 0.000119
-0.800028 1.000029 0.249801 1.000000 0.000000 0.000001 0.000120
-0.800029 1.000030 0.249858 1.000000 -0.000001 0.000001 0.000120
-0.800029 1.000031 0.249898 1.000000 -0.000004 -0.000001 0.000121
-0.800030 1.000028 0.249910 1.000000 0.000002 -0.000003 0.000123
-0.800031 1.000029 0.249923 1.000000 0.000000 -0.000004 0.000123
-0.800030 1.000029 0.249917 1.000000 0.000001 -0.000002 0.000125
-0.800030 1.000031 0.249930 1.000000 -0.000002 -0.000002 0.000126
-0.800031 1.000030 0.249911 1.000000 -0.000001 -0.000002 0.000126
-0.800031 1.000030 0.249937 1.000000 -0.000000 -0.000002 0.000127
-0.800031 1.000030 0.249945 1.000000 -0.000001 -0.000003 0.000127
-0.800031 1.000031 0.249950 1.000000 -0.000002 -0.000001 0.000128
-0.800030 1.000031 0.249940 1.000000 -0.000002 -0.000001 0.000128
-0.800030 1.000030 0.249936 1.000000 0.000001 0.000001 0.000129
-0.800030 1.000030 0.249934 1.000000 0.000001 -0.000000 0.000130
-0.800030 1.000032 0.249919 1.000000 -0.000003 0.000000 0.000131
-0.800029 1.000031 0.249933 1.000000 -0.000001 0.000002 0.000132
-0.800032 1.000029 0.249910 1.000000 0.000003 -0.000003 0.000134
-0.800030 1.000032 0.249850 1.000000 -0.000003 0.000002 0.000135
-0.800032 1.000032 0.249855 1.000000 -0.000002 -0.000001 0.000135
-0.800033 1.000031 0.249797 1.000000 0.000001 -0.000003 0.000137
-0.800028 1.000032 0.249794 1.000000 -0.000001 0.000006 0.000138
-0.800029 1.000033 0.249827 1.000000 -0.000002 0.000005 0.000140
-0.800034 1.000031 0.249828 1.000000 0.000001 -0.000004 0.000141
-0.800034 1.000034 0.249787 1.000000 -0.000004 -0.000005 0.000143
-0.800032 1.000030 0.249774 1.000000 0.000003 -0.000000 0.000143
-0.800028 1.000031 0.249775 1.000000 0.000003 0.000008 0.000144
-0.800029 1.000033 0.249767 1.000000 -0.000002 0.000006 0.000145
-0.800031 1.000030 0.249743 1.000000 0.000004 0.000002 0.000145
-0.800034 1.000032 0.249746 1.000000 0.000000 -0.000004 0.000145
-0.800032 1.000036 0.249764 1.000000 -0.000006 0.000001 0.000146
-0.800032 1.000031 0.249799 1.000000 0.000004 0.000001 0.000146
-0.800034 1.000032 0.249797 1.000000 0.000001 -0.000002 0.000147
-0.800031 1.000033 0.249806 1.000000 -0.000001 0.000003 0.000147
-0.800034 1.000030 0.249811 1.000000 0.000005 -0.000003 0.000149
-0.800034 1.000035 0.249793 1.000000 -0.000005 -0.000002 0.000150
-0.800032 1.000032 0.249786 1.000000 0.000001 0.000002 0.000150
-0.800035 1.000034 0.249767 1.000000 -0.000003 -0.000004 0.000151
-0.800031 1.000035 0.249762 1.000000 -0.000003 0.000003 0.000151
-0.800032 1.000032 0.249768 1.000000 0.000001 0.000003 0.000152
-0.800036 1.000034 0.249775 1.000000 -0.000002 -0.000005 0.000154
-0.800030 1.000031 0.249774 1.000000 0.000004 0.000006 0.000154
-0.800030 1.000035 0.249769 1.000000 -0.000004 0.000006 0.000155
-0.800034 1.000034 0.249766 1.000000 -0.000002 -0.000001 0.000156
-0.800032 1.000035 0.249796 1.000000 -0.000003 0.000004 0.000156
-0.800034 1.000033 0.249818 1.000000 0.000000 -0.000000 0.000157
-0.800033 1.000037 0.249873 1.000000 -0.000007 0.000001 0.000159
-0.800034 1.000033 0.249855 1.000000 0.000001 0.000000 0.000159
-0.800037 1.000033 0.249824 1.000000 0.000002 -0.000005 0.000160
-0.800033 1.000036 0.249834 1.000000 -0.000003 0.000003 0.000160
-0.800036 1.000034 0.249889 1.000000 0.000001 -0.000001 0.000162
-0.515045 0.755043 0.249904 1.000000 -0.000002 0.000002 0.000272
-0.515047 0.755040 0.249825 1.000000 0.000004 -0.000001 0.000277
-0.515046 0.755040 0.249847 1.000000 0.000004 0.000001 0.000280
-0.515047 0.755042 0.249840 1.000000 0.000000 -0.000002 0.000281
-0.515046 0.755044 0.249849 1.000000 -0.000003 -0.000000 0.000281
-0.515046 0.755041 0.249865 1.000000 0.000002 -0.000000 0.000282
-0.515047 0.755043 0.249883 1.000000 -0.000002 -0.000002 0.000285
-0.515046 0.755041 0.249888 1.000000 0.000002 0.000001 0.000289
-0.515046 0.755041 0.249873 1.000000 0.000003 -0.000000 0.000290
-0.515046 0.755041 0.249862 1.000000 0.000002 0.000000 0.000290
-0.515047 0.755042 0.249903 1.000000 0.000001 -0.000002 0.000292
-0.515045 0.755044 0.249892 1.000000 -0.000003 0.000001 0.000295
-0.515048 0.755044 0.249896 1.000000 -0.000003 -0.000003 0.000298
-0.515045 0.755042 0.249802 1.000000 0.000001 0.000003 0.000299
-0.515046 0.755043 0.249769 1.000000 -0.000001 0.000001 0.000302
-0.515046 0.755042 0.249854 1.000000 0.000002 0.000000 0.000305
-0.515048 0.755043 0.249889 1.000000 -0.000001 -0.000003 0.000308
-0.515048 0.755041 0.249887 1.000000 0.000003 -0.000002 0.000310
-0.515047 0.755041 0.249856 1.000000 0.000005 -0.000001 0.000313
-0.515046 0.755045 0.249863 1.000000 -0.000003 0.000001 0.000314
-0.515046 0.755045 0.249872 1.000000 -0.000003 0.000000 0.000315
-0.515047 0.755043 0.249876 1.000000 -0.000000 -0.000000 0.000316
-0.515047 0.755044 0.249881 1.000000 -0.000001 -0.000000 0.000317
-0.515048 0.755042 0.249924 1.000000 0.000002 -0.000002 0.000318
-0.515047 0.755044 0.249941 1.000000 -0.000001 -0.000001 0.000319
-0.515048 0.755043 0.249955 1.000000 0.000001 -0.000002 0.000319
-0.515047 0.755043 0.249963 1.000000 0.000000 -0.000001 0.000319
-0.515046 0.755043 0.249969 1.000000 0.000001 0.000001 0.000319
-0.515048 0.755043 0.249974 1.000000 0.000001 -0.000003 0.000320
-0.515048 0.755042 0.249975 1.000000 0.000002 -0.000003 0.000320
-0.515048 0.755045 0.249936 1.000000 -0.000003 -0.000002 0.000321
-0.515049 0.755043 0.249890 1.000000 0.000001 -0.000004 0.000322
-0.515046 0.755046 0.249831 1.000000 -0.000004 0.000002 0.000324
-0.515047 0.755045 0.249819 1.000000 -0.000003 0.000001 0.000325
-0.515050 0.755044 0.249802 1.000000 0.000000 -0.000006 0.000328
-0.515052 0.755043 0.249801 1.000000 0.000001 -0.000009 0.000329
-0.515049 0.755043 0.249788 1.000000 0.000001 -0.000005 0.000332
-0.515045 0.755044 0.249785 1.000000 -0.000001 0.000004 0.000333
-0.515048 0.755045 0.249839 1.000000 -0.000003 -0.000002 0.000335
-0.515047 0.755044 0.249851 1.000000 0.000001 -0.000001 0.000336
-0.515048 0.755042 0.249871 1.000000 0.000003 -0.000003 0.000337
-0.515049 0.755043 0.249884 1.000000 0.000001 -0.000005 0.000338
-0.515047 0.755046 0.249877 1.000000 -0.000003 -0.000001 0.000338
-0.515046 0.755046 0.249872 1.000000 -0.000004 0.000002 0.000339
-0.515048 0.755045 0.249876 1.000000 -0.000002 -0.000001 0.000341
-0.515046 0.755044 0.249894 1.000000 -0.000001 0.000003 0.000341
-0.515049 0.755043 0.249898 1.000000 0.000003 -0.000004 0.000342
-0.515046 0.755045 0.249879 1.000000 -0.000001 0.000002 0.000343
-0.515047 0.755043 0.249858 1.000000 0.000003 0.000002 0.000344
-0.515049 0.755042 0.249791 1.000000 0.000005 -0.000003 0.000346
-0.515049 0.755044 0.249857 1.000000 0.000000 -0.000002 0.000351
-0.515047 0.755044 0.249938 1.000000 0.000000 0.000001 0.000353
-0.515048 0.755045 0.249960 1.000000 -0.000001 -0.000000 0.000354
-0.515052 0.755041 0.249820 1.000000 0.000007 -0.000008 0.000357
-0.515050 0.755043 0.249777 1.000000 0.000003 -0.000005 0.000358
-0.515049 0.755045 0.249828 1.000000 -0.000001 -0.000003 0.000360
-0.515048 0.755044 0.249903 1.000000 0.000002 -0.000001 0.000363
-0.515049 0.755044 0.249917 1.000000 0.000002 -0.000003 0.000366
-0.515050 0.755045 0.249921 1.000000 -0.000000 -0.000003 0.000367
-0.515049 0.755045 0.249932 1.000000 0.000001 -0.000002 0.000368
-0.515049 0.755045 0.249925 1.000000 -0.000001 -0.000002 0.000369
-0.515049 0.755045 0.249929 1.000000 0.000001 -0.000001 0.000369
-0.515049 0.755044 0.249943 1.000000 0.000001 -0.000002 0.000369
-0.515049 0.755044 0.249950 1.000000 0.000001 -0.000003 0.000370
-0.515048 0.755042 0.249882 1.000000 0.000005 0.000000 0.000372
-0.515049 0.755047 0.249861 1.000000 -0.000004 -0.000002 0.000372
-0.515050 0.755047 0.249829 1.000000 -0.000003 -0.000004 0.000374
-0.515048 0.755043 0.249811 1.000000 0.000005 0.000001 0.000374
-0.515049 0.755042 0.249774 1.000000 0.000007 -0.000002 0.000376
-0.515050 0.755046 0.249754 1.000000 -0.000001 -0.000004 0.000378
-0.515049 0.755046 0.249783 1.000000 -0.000001 -0.000002 0.000380
-0.515048 0.755045 0.249799 1.000000 -0.000000 0.000001 0.000383
-0.515049 0.755046 0.249823 1.000000 -0.000001 0.000001 0.000385
-0.515049 0.755046 0.249908 1.000000 -0.000002 -0.000001 0.000387
-0.515049 0.755045 0.249942 1.000000 0.000002 -0.000001 0.000389
-0.515049 0.755045 0.249946 1.000000 0.000001 -0.000001 0.000389
-0.515048 0.755046 0.249951 1.000000 -0.000001 0.000002 0.000389
-0.515048 0.755045 0.249953 1.000000 0.000000 0.000002 0.000390
-0.515049 0.755046 0.249953 1.000000 -0.000001 0.000000 0.000390
-0.515048 0.755045 0.249954 1.000000 0.000001 0.000001 0.000390
-0.515050 0.755046 0.249944 1.000000 -0.000001 -0.000001 0.000391
-0.515050 0.755044 0.249943 1.000000 0.000003 -0.000001 0.000391
-0.515049 0.755047 0.249927 1.000000 -0.000003 0.000000 0.000392
-0.515050 0.755045 0.249913 1.000000 0.000002 -0.000002 0.000393
-0.515049 0.755046 0.249902 1.000000 -0.000001 0.000000 0.000394
-0.515049 0.755044 0.249836 1.000000 0.000003 0.000001 0.000398
-0.515050 0.755047 0.249865 1.000000 -0.000002 -0.000000 0.000401
-0.515050 0.755046 0.249963 1.000000 -0.000001 -0.000002 0.000402
-0.515051 0.755045 0.249924 1.000000 0.000003 -0.000003 0.000404
-0.515050 0.755044 0.249910 1.000000 0.000004 0.000000 0.000407
-0.515051 0.755044 0.249866 1.000000 0.000003 -0.000003 0.000412
-0.515052 0.755045 0.249871 1.000000 0.000003 -0.000004 0.000415
-0.515049 0.755049 0.249860 1.000000 -0.000005 0.000001 0.000417
-0.515049 0.755046 0.249866 1.000000 0.000000 0.000002 0.000418
-0.515051 0.755044 0.249928 1.000000 0.000004 -0.000002 0.000419
-0.515049 0.755043 0.249916 1.000000 0.000007 0.000002 0.000420
-0.515051 0.755047 0.249873 1.000000 -0.000002 -0.000001 0.000421
-0.515049 0.755046 0.249868 1.000000 0.000000 0.000002 0.000422
-0.515050 0.755046 0.249863 1.000000 0.000001 0.000000 0.000422
-0.515051 0.755047 0.249868 1.000000 -0.000001 -0.000002 0.000423
-0.515052 0.755047 0.249879 1.000000 -0.000000 -0.000003 0.000424
-0.515051 0.755046 0.249889 1.000000 0.000000 -0.000002 0.000424
-0.515051 0.755045 0.249907 1.000000 0.000002 -0.000001 0.000425
-0.515051 0.755047 0.249924 1.000000 -0.000001 -0.000000 0.000425
-0.515050 0.755048 0.249924 1.000000 -0.000002 0.000000 0.000427
-0.515051 0.755047 0.249957 1.000000 -0.000000 0.000000 0.000428
-0.515050 0.755046 0.249939 1.000000 0.000002 0.000001 0.000430
-0.515051 0.755046 0.249892 1.000000 0.000001 -0.000001 0.000434
-0.515051 0.755046 0.249921 1.000000 0.000002 -0.000001 0.000436
-0.515051 0.755046 0.249898 1.000000 0.000002 0.000000 0.000438
-0.515053 0.755048 0.249858 1.000000 -0.000001 -0.000004 0.000441
-0.515051 0.755048 0.249909 1.000000 -0.000002 -0.000001 0.000445
-0.515051 0.755049 0.249907 1.000000 -0.000004 0.000001 0.000446
-0.515051 0.755047 0.249895 1.000000 -0.000000 -0.000000 0.000447
-0.515051 0.755048 0.249894 1.000000 -0.000000 0.000000 0.000447
-0.515051 0.755047 0.249895 1.000000 0.000002 0.000001 0.000448
-0.515053 0.755047 0.249895 1.000000 0.000002 -0.000003 0.000448
-0.515051 0.755048 0.249911 1.000000 -0.000000 0.000001 0.000449
-0.515050 0.755048 0.249929 1.000000 -0.000002 0.000002 0.000449
-0.515051 0.755048 0.249943 1.000000 -0.000001 -0.000000 0.000449
-0.515052 0.755047 0.249950 1.000000 0.000001 -0.000002 0.000450
-0.515053 0.755047 0.249956 1.000000 0.000000 -0.000003 0.000450
-0.515051 0.755047 0.249954 1.000000 0.000001 0.000000 0.000450
-0.515050 0.755048 0.249934 1.000000 -0.000000 0.000002 0.000451
-0.515051 0.755048 0.249923 1.000000 -0.000002 0.000001 0.000451
-0.515051 0.755049 0.249921 1.000000 -0.000003 0.000001 0.000451
-0.515051 0.755047 0.249919 1.000000 0.000001 0.000001 0.000452
-0.515053 0.755047 0.249921 1.000000 0.000001 -0.000003 0.000452
-0.515051 0.755049 0.249894 1.000000 -0.000002 0.000002 0.000455
-0.515052 0.755047 0.249909 1.000000 0.000002 -0.000001 0.000458
-0.515053 0.755047 0.249953 1.000000 0.000001 -0.000002 0.000459
-0.515051 0.755049 0.249902 1.000000 -0.000002 0.000001 0.000462
-0.515053 0.755047 0.249861 1.000000 0.000003 -0.000002 0.000465
-0.515053 0.755048 0.249954 1.000000 -0.000000 -0.000002 0.000466
-0.515052 0.755047 0.249955 1.000000 0.000002 -0.000000 0.000467
-0.515052 0.755047 0.249946 1.000000 0.000002 -0.000001 0.000468
-0.515053 0.755050 0.249937 1.000000 -0.000003 -0.000002 0.000469
-0.515052 0.755047 0.249920 1.000000 0.000002 0.000001 0.000470
-0.515052 0.755047 0.249912 1.000000 0.000002 0.000000 0.000470
-0.515054 0.755050 0.249895 1.000000 -0.000003 -0.000003 0.000472
-0.515052 0.755049 0.249873 1.000000 -0.000002 -0.000001 0.000472
-0.515051 0.755049 0.249860 1.000000 -0.000001 0.000002 0.000473
-0.515052 0.755048 0.249865 1.000000 0.000001 -0.000001 0.000475
-0.515053 0.755048 0.249884 1.000000 -0.000000 -0.000001 0.000476
-0.515053 0.755049 0.249909 1.000000 -0.000001 -0.000002 0.000478
-0.515053 0.755049 0.249912 1.000000 -0.000002 -0.000002 0.000479
-0.515053 0.755048 0.249912 1.000000 0.000002 -0.000002 0.000480
-0.515053 0.755048 0.249925 1.000000 0.000001 -0.000002 0.000481
-0.515052 0.755047 0.249931 1.000000 0.000003 -0.000001 0.000482
-0.515053 0.755048 0.249922 1.000000 0.000002 -0.000002 0.000483
-0.515053 0.755049 0.249923 1.000000 -0.000001 -0.000002 0.000484
-0.515053 0.755048 0.249923 1.000000 0.000001 -0.000003 0.000485
-0.515051 0.755048 0.249922 1.000000 0.000001 0.000001 0.000486
-0.515052 0.755048 0.249922 1.000000 0.000001 0.000000 0.000486
-0.515052 0.755050 0.249918 1.000000 -0.000002 -0.000001 0.000487
-0.515053 0.755049 0.249908 1.000000 -0.000001 -0.000002 0.000488
-0.515052 0.755049 0.249892 1.000000 -0.000001 -0.000001 0.000490
-0.515052 0.755049 0.249897 1.000000 -0.000000 -0.000001 0.000490
-0.515052 0.755049 0.249884 1.000000 0.000001 0.000001 0.000493
-0.515052 0.755047 0.249872 1.000000 0.000005 -0.000001 0.000494
-0.515052 0.755051 0.249865 1.000000 -0.000005 -0.000001 0.000494
-0.515052 0.755049 0.249864 1.000000 0.000000 0.000000 0.000495
-0.515053 0.755048 0.249878 1.000000 0.000001 -0.000003 0.000496
-0.515053 0.755049 0.249888 1.000000 0.000000 -0.000003 0.000496
-0.515052 0.755051 0.249887 1.000000 -0.000003 0.000001 0.000497
-0.515054 0.755048 0.249886 1.000000 0.000003 -0.000004 0.000498
-0.515052 0.755048 0.249896 1.000000 0.000001 0.000001 0.000498
-0.515053 0.755049 0.249919 1.000000 0.000000 -0.000002 0.000499
-0.515052 0.755049 0.249918 1.000000 0.000000 0.000000 0.000500
-0.515053 0.755049 0.249922 1.000000 -0.000000 -0.000002 0.000501
-0.515054 0.755049 0.249929 1.000000 0.000000 -0.000004 0.000501
-0.515054 0.755049 0.249934 1.000000 0.000001 -0.000003 0.000502
-0.515053 0.755049 0.249943 1.000000 0.000001 -0.000002 0.000503
-0.515053 0.755049 0.249949 1.000000 -0.000000 -0.000002 0.000503
-0.515054 0.755049 0.249946 1.000000 -0.000000 -0.000004 0.000504
-0.515051 0.755050 0.249911 1.000000 -0.000000 0.000003 0.000505
-0.515051 0.755049 0.249894 1.000000 0.000001 0.000002 0.000505
-0.515054 0.755046 0.249848 1.000000 0.000006 -0.000003 0.000506
-0.515051 0.755049 0.249767 1.000000 0.000000 0.000003 0.000507
-0.515055 0.755049 0.249792 1.000000 0.000001 -0.000005 0.000509
-0.515053 0.755049 0.249826 1.000000 0.000001 -0.000001 0.000512
-0.515051 0.755050 0.249830 1.000000 -0.000001 0.000003 0.000512
-0.515054 0.755049 0.249840 1.000000 0.000001 -0.000002 0.000514
-0.515052 0.755050 0.249846 1.000000 -0.000002 0.000001 0.000514
-0.515052 0.755050 0.249865 1.000000 -0.000001 0.000002 0.000515
-0.515053 0.755049 0.249896 1.000000 0.000000 0.000000 0.000515
-0.515052 0.755050 0.249922 1.000000 -0.000000 0.000002 0.000516
-0.515053 0.755051 0.249941 1.000000 -0.000003 0.000000 0.000516
-0.515054 0.755050 0.249947 1.000000 -0.000000 -0.000001 0.000516
-0.515053 0.755050 0.249946 1.000000 0.000000 0.000000 0.000517
-0.515053 0.755051 0.249933 1.000000 -0.000003 -0.000001 0.000518
-0.515054 0.755050 0.249926 1.000000 0.000000 -0.000001 0.000518
-0.515054 0.755049 0.249926 1.000000 0.000001 -0.000000 0.000518
-0.515054 0.755049 0.249917 1.000000 0.000002 -0.000002 0.000519
-0.515054 0.755050 0.249904 1.000000 0.000001 -0.000001 0.000520
-0.515054 0.755048 0.249900 1.000000 0.000003 -0.000002 0.000521
-0.515054 0.755048 0.249900 1.000000 0.000003 -0.000001 0.000522
-0.515055 0.755050 0.249906 1.000000 0.000001 -0.000003 0.000523
-0.515054 0.755049 0.249905 1.000000 0.000002 -0.000001 0.000525
-0.515055 0.755050 0.249960 1.000000 -0.000000 -0.000002 0.000526
-0.515055 0.755049 0.249974 1.000000 0.000002 -0.000002 0.000527
-0.515054 0.755051 0.249910 1.000000 -0.000002 -0.000000 0.000529
-0.515054 0.755050 0.249943 1.000000 0.000000 -0.000001 0.000531
-0.515054 0.755051 0.249930 1.000000 -0.000001 -0.000000 0.000532
-0.515055 0.755050 0.249946 1.000000 -0.000000 -0.000001 0.000533
-0.515055 0.755051 0.249883 1.000000 -0.000000 -0.000002 0.000536
-0.515055 0.755050 0.249942 1.000000 0.000001 -0.000001 0.000538
-0.515055 0.755052 0.249949 1.000000 -0.000002 -0.000001 0.000539
-0.515055 0.755050 0.249943 1.000000 0.000002 -0.000002 0.000539
-0.515053 0.755051 0.249948 1.000000 -0.000001 0.000002 0.000541
-0.515054 0.755051 0.249950 1.000000 -0.000000 0.000000 0.000541
-0.515054 0.755051 0.249957 1.000000 -0.000000 0.000000 0.000541
-0.515054 0.755051 0.249964 1.000000 0.000000 0.000001 0.000541
-0.515054 0.755051 0.249961 1.000000 -0.000001 -0.000000 0.000542
-0.515054 0.755052 0.249948 1.000000 -0.000003 -0.000000 0.000542
-0.515053 0.755052 0.249936 1.000000 -0.000003 0.000002 0.000543
-0.515053 0.755052 0.249931 1.000000 -0.000003 0.000003 0.000543
-0.515054 0.755049 0.249918 1.000000 0.000003 0.000001 0.000543
-0.515054 0.755049 0.249884 1.000000 0.000004 0.000001 0.000544
-0.515056 0.755052 0.249862 1.000000 -0.000002 -0.000004 0.000544
-0.515051 0.755052 0.249810 1.000000 -0.000003 0.000007 0.000545
-0.515053 0.755052 0.249762 1.000000 -0.000001 0.000004 0.000547
-0.515053 0.755049 0.249763 1.000000 0.000003 0.000002 0.000548
-0.515057 0.755051 0.249786 1.000000 0.000000 -0.000004 0.000549
-0.515054 0.755049 0.249802 1.000000 0.000004 0.000001 0.000550
-0.515054 0.755051 0.249820 1.000000 0.000000 0.000001 0.000550
-0.515056 0.755050 0.249842 1.000000 0.000003 -0.000003 0.000551
-0.515054 0.755052 0.249863 1.000000 -0.000001 0.000000 0.000552
-0.515053 0.755051 0.249873 1.000000 -0.000001 0.000004 0.000553
-0.515054 0.755052 0.249907 1.000000 -0.000003 0.000000 0.000554
-0.515053 0.755050 0.249871 1.000000 0.000002 0.000003 0.000557
-0.515055 0.755050 0.249807 1.000000 0.000003 -0.000001 0.000558
-0.515055 0.755050 0.249824 1.000000 0.000003 0.000001 0.000561
-0.515053 0.755053 0.249868 1.000000 -0.000002 0.000004 0.000564
-0.515055 0.755052 0.249908 1.000000 -0.000001 0.000000 0.000568
-0.515055 0.755053 0.249925 1.000000 -0.000003 -0.000000 0.000569
-0.515056 0.755051 0.249929 1.000000 0.000000 -0.000001 0.000569
-0.515055 0.755051 0.249944 1.000000 0.000001 0.000000 0.000570
-0.515056 0.755051 0.249948 1.000000 0.000001 -0.000002 0.000570
-0.515056 0.755050 0.249952 1.000000 0.000002 -0.000002 0.000571
-0.515057 0.755052 0.249952 1.000000 0.000000 -0.000003 0.000571
-0.515056 0.755051 0.249955 1.000000 0.000002 -0.000002 0.000572
-0.515056 0.755050 0.249956 1.000000 0.000003 -0.000002 0.000572
-0.515055 0.755051 0.249949 1.000000 0.000002 0.000001 0.000572
-0.515055 0.755053 0.249941 1.000000 -0.000003 0.000001 0.000573
-0.515054 0.755053 0.249935 1.000000 -0.000003 0.000002 0.000573
-0.515057 0.755052 0.249918 1.000000 -0.000000 -0.000002 0.000573
-0.515058 0.755052 0.249893 1.000000 -0.000001 -0.000004 0.000574
-0.515057 0.755052 0.249867 1.000000 -0.000000 -0.000002 0.000574
-0.515055 0.755052 0.249877 1.000000 0.000000 0.000001 0.000576
-0.515054 0.755053 0.249893 1.000000 -0.000002 0.000003 0.000576
-0.515057 0.755050 0.249914 1.000000 0.000003 -0.000002 0.000577
-0.515056 0.755052 0.249927 1.000000 0.000000 -0.000001 0.000578
-0.515056 0.755051 0.249955 1.000000 0.000002 -0.000001 0.000578
-0.515056 0.755051 0.249954 1.000000 0.000001 -0.000001 0.000579
-0.515057 0.755054 0.249927 1.000000 -0.000004 -0.000003 0.000580
-0.515055 0.755051 0.249866 1.000000 0.000002 0.000001 0.000582
-0.515057 0.755053 0.249925 1.000000 -0.000001 -0.000003 0.000585
-0.515054 0.755052 0.249838 1.000000 0.000001 0.000004 0.000587
-0.515056 0.755054 0.249820 1.000000 -0.000003 0.000000 0.000589
-0.515057 0.755051 0.249809 1.000000 0.000002 -0.000003 0.000592
-0.515057 0.755053 0.249863 1.000000 -0.000001 -0.000002 0.000596
-0.515057 0.755054 0.249909 1.000000 -0.000003 -0.000001 0.000599
-0.515058 0.755052 0.249938 1.000000 0.000000 -0.000003 0.000602
-0.515057 0.755052 0.249964 1.000000 0.000001 -0.000002 0.000604
-0.515056 0.755054 0.249954 1.000000 -0.000002 -0.000000 0.000606
-0.515057 0.755053 0.249956 1.000000 -0.000001 -0.000001 0.000608
-0.515056 0.755053 0.249954 1.000000 -0.000000 0.000000 0.000609
-0.515058 0.755053 0.249958 1.000000 0.000000 -0.000002 0.000610
-0.515057 0.755050 0.249913 1.000000 0.000005 -0.000001 0.000612
-0.515054 0.755053 0.249824 1.000000 -0.000000 0.000004 0.000617
-0.515057 0.755055 0.249820 1.000000 -0.000004 -0.000002 0.000618
-0.515060 0.755053 0.249815 1.000000 0.000001 -0.000007 0.000618
-0.515056 0.755051 0.249802 1.000000 0.000005 0.000001 0.000619
-0.515055 0.755053 0.249786 1.000000 0.000000 0.000003 0.000620
-0.515056 0.755053 0.249819 1.000000 0.000000 0.000002 0.000623
-0.515057 0.755054 0.249904 1.000000 -0.000002 0.000001 0.000626
-0.515058 0.755054 0.249865 1.000000 -0.000001 -0.000003 0.000628
-0.515058 0.755055 0.249859 1.000000 -0.000002 -0.000003 0.000632
-0.515057 0.755051 0.249794 1.000000 0.000005 -0.000000 0.000635
-0.515056 0.755056 0.249818 1.000000 -0.000004 0.000002 0.000639
-0.515057 0.755052 0.249878 1.000000 0.000003 0.000001 0.000641
-0.515058 0.755052 0.249876 1.000000 0.000002 -0.000002 0.000644
-0.515059 0.755052 0.249843 1.000000 0.000003 -0.000003 0.000647
-0.515058 0.755053 0.249818 1.000000 0.000002 -0.000001 0.000648
-0.515057 0.755054 0.249859 1.000000 -0.000000 0.000001 0.000652
-0.515058 0.755053 0.249918 1.000000 0.000001 0.000000 0.000654
-0.515057 0.755055 0.249941 1.000000 -0.000002 0.000002 0.000656
-0.515058 0.755055 0.249940 1.000000 -0.000003 -0.000001 0.000656
-0.515058 0.755056 0.249903 1.000000 -0.000003 -0.000001 0.000658
-0.515056 0.755054 0.249882 1.000000 0.000001 0.000004 0.000659
-0.515060 0.755053 0.249857 1.000000 0.000003 -0.000004 0.000660
-0.515058 0.755054 0.249850 1.000000 0.000001 -0.000001 0.000660
-0.515059 0.755053 0.249868 1.000000 0.000002 -0.000002 0.000660
-0.515059 0.755055 0.249895 1.000000 -0.000001 -0.000002 0.000660
-0.515060 0.755055 0.249905 1.000000 -0.000001 -0.000004 0.000661
-0.515059 0.755054 0.249902 1.000000 0.000000 -0.000002 0.000661
-0.515059 0.755055 0.249959 1.000000 -0.000001 -0.000001 0.000662
-0.515057 0.755055 0.249963 1.000000 -0.000001 0.000002 0.000663
-0.515058 0.755056 0.249891 1.000000 -0.000004 0.000000 0.000665
-0.515058 0.755055 0.249939 1.000000 -0.000001 0.000000 0.000666
-0.515058 0.755055 0.249939 1.000000 -0.000001 0.000000 0.000669
-0.515059 0.755056 0.249875 1.000000 -0.000003 -0.000000 0.000670
-0.515059 0.755056 0.249803 1.000000 -0.000003 0.000000 0.000673
-0.515060 0.755053 0.249778 1.000000 0.000004 -0.000002 0.000675
-0.515059 0.755054 0.249841 1.000000 0.000001 -0.000000 0.000676
-0.515059 0.755055 0.249937 1.000000 0.000001 -0.000001 0.000679
-0.515060 0.755056 0.249941 1.000000 -0.000002 -0.000001 0.000681
-0.515059 0.755055 0.249935 1.000000 0.000000 0.000001 0.000683
-0.515059 0.755057 0.249846 1.000000 -0.000003 0.000002 0.000684
-0.515061 0.755053 0.249765 1.000000 0.000005 -0.000003 0.000686
-0.515059 0.755058 0.249778 1.000000 -0.000005 0.000001 0.000688
-0.515059 0.755057 0.249782 1.000000 -0.000002 0.000001 0.000689
-0.515061 0.755056 0.249784 1.000000 -0.000001 -0.000003 0.000690
-0.515058 0.755057 0.249793 1.000000 -0.000004 0.000002 0.000691
-0.515060 0.755058 0.249828 1.000000 -0.000004 -0.000001 0.000691
-0.515061 0.755055 0.249867 1.000000 0.000002 -0.000002 0.000693
-0.515060 0.755055 0.249873 1.000000 0.000001 -0.000001 0.000694
-0.515061 0.755055 0.249883 1.000000 0.000002 -0.000002 0.000696
-0.515061 0.755057 0.249869 1.000000 -0.000003 -0.000002 0.000697
-0.515059 0.755055 0.249843 1.000000 0.000003 0.000001 0.000699
-0.515061 0.755053 0.249832 1.000000 0.000005 -0.000002 0.000699
-0.515059 0.755057 0.249834 1.000000 -0.000001 0.000001 0.000700
-0.515059 0.755057 0.249855 1.000000 -0.000001 0.000002 0.000701
-0.515062 0.755056 0.249865 1.000000 -0.000000 -0.000003 0.000701
-0.515062 0.755056 0.249851 1.000000 -0.000001 -0.000004 0.000702
-0.515061 0.755055 0.249842 1.000000 0.000002 -0.000003 0.000702
-0.515058 0.755056 0.249853 1.000000 -0.000000 0.000003 0.000703
-0.515060 0.755057 0.249861 1.000000 -0.000001 -0.000000 0.000704
-0.515061 0.755056 0.249893 1.000000 0.000001 -0.000002 0.000706
-0.515061 0.755056 0.249920 1.000000 -0.000000 -0.000002 0.000708
-0.515062 0.755056 0.249872 1.000000 -0.000000 -0.000004 0.000714
-0.515061 0.755057 0.249927 1.000000 -0.000001 -0.000001 0.000715
-0.515061 0.755056 0.249921 1.000000 0.000001 -0.000001 0.000717
-0.515061 0.755057 0.249872 1.000000 -0.000001 -0.000001 0.000719
-0.515060 0.755058 0.249895 1.000000 -0.000003 0.000000 0.000721
-0.515061 0.755057 0.249898 1.000000 -0.000001 -0.000000 0.000722
-0.515061 0.755057 0.249960 1.000000 0.000000 -0.000000 0.000723
-0.515062 0.755059 0.249952 1.000000 -0.000004 -0.000002 0.000725
-0.515061 0.755058 0.249910 1.000000 -0.000002 -0.000000 0.000728
-0.515061 0.755057 0.249933 1.000000 -0.000000 -0.000001 0.000729
-0.515062 0.755057 0.249931 1.000000 0.000000 -0.000002 0.000730
-0.515062 0.755058 0.249924 1.000000 -0.000001 -0.000003 0.000732
-0.515062 0.755057 0.249906 1.000000 -0.000000 -0.000003 0.000732
-0.515060 0.755056 0.249868 1.000000 0.000002 0.000001 0.000733
-0.515063 0.755059 0.249840 1.000000 -0.000003 -0.000004 0.000733
-0.515061 0.755056 0.249855 1.000000 0.000002 -0.000000 0.000734
-0.515060 0.755057 0.249867 1.000000 0.000000 0.000002 0.000735
-0.515061 0.755058 0.249901 1.000000 -0.000001 -0.000000 0.000736
-0.515061 0.755057 0.249919 1.000000 -0.000000 0.000001 0.000736
-0.515061 0.755058 0.249951 1.000000 -0.000001 0.000000 0.000737
-0.515061 0.755057 0.249958 1.000000 0.000001 -0.000000 0.000737
-0.515062 0.755058 0.249924 1.000000 -0.000001 -0.000001 0.000738
-0.515062 0.755058 0.249914 1.000000 -0.000002 -0.000001 0.000739
-0.515062 0.755058 0.249920 1.000000 -0.000000 -0.000002 0.000740
-0.515061 0.755058 0.249926 1.000000 -0.000001 -0.000000 0.000741
-0.515062 0.755060 0.249901 1.000000 -0.000004 -0.000002 0.000742
-0.515060 0.755059 0.249884 1.000000 -0.000003 0.000002 0.000743
-0.515061 0.755056 0.249868 1.000000 0.000003 0.000001 0.000744
-0.515061 0.755056 0.249855 1.000000 0.000003 0.000001 0.000745
-0.515060 0.755060 0.249824 1.000000 -0.000005 0.000002 0.000746
-0.515063 0.755056 0.249826 1.000000 0.000003 -0.000003 0.000746
-0.515060 0.755059 0.249866 1.000000 -0.000003 0.000003 0.000748
-0.515061 0.755059 0.249887 1.000000 -0.000002 0.000000 0.000748
-0.515061 0.755058 0.249905 1.000000 -0.000000 0.000001 0.000749
-0.515061 0.755058 0.249925 1.000000 -0.000001 0.000001 0.000749
-0.515062 0.755058 0.249937 1.000000 0.000000 -0.000000 0.000750
-0.515062 0.755059 0.249934 1.000000 -0.000001 -0.000001 0.000750
-0.515063 0.755059 0.249906 1.000000 -0.000003 -0.000004 0.000750
-0.515059 0.755057 0.249869 1.000000 0.000001 0.000004 0.000751
-0.515061 0.755058 0.249844 1.000000 -0.000000 0.000000 0.000751
-0.515062 0.755057 0.249845 1.000000 0.000002 -0.000001 0.000752
-0.515061 0.755057 0.249931 1.000000 0.000002 0.000001 0.000753
-0.515061 0.755057 0.249922 1.000000 0.000002 0.000000 0.000756
-0.515062 0.755059 0.249926 1.000000 -0.000001 -0.000001 0.000758
-0.515062 0.755057 0.249950 1.000000 0.000003 -0.000001 0.000760
-0.515062 0.755059 0.249882 1.000000 -0.000002 -0.000001 0.000763
-0.515061 0.755059 0.249910 1.000000 -0.000001 0.000002 0.000766
-0.515063 0.755058 0.249899 1.000000 0.000001 -0.000003 0.000768
-0.515062 0.755057 0.249901 1.000000 0.000002 -0.000000 0.000771
-0.515061 0.755060 0.249902 1.000000 -0.000002 0.000002 0.000774
-0.515062 0.755059 0.249919 1.000000 -0.000001 -0.000000 0.000775
-0.515063 0.755058 0.249948 1.000000 0.000002 -0.000002 0.000775
-0.515063 0.755060 0.249956 1.000000 -0.000002 -0.000002 0.000776
-0.515063 0.755058 0.249933 1.000000 0.000001 -0.000002 0.000777
-0.515062 0.755060 0.249927 1.000000 -0.000003 -0.000000 0.000777
-0.515062 0.755060 0.249923 1.000000 -0.000002 0.000001 0.000778
-0.515063 0.755058 0.249919 1.000000 0.000003 -0.000002 0.000779
-0.515063 0.755057 0.249897 1.000000 0.000004 -0.000002 0.000779
-0.515063 0.755059 0.249885 1.000000 0.000000 -0.000002 0.000780
-0.515062 0.755062 0.249874 1.000000 -0.000006 0.000000 0.000780
-0.515062 0.755059 0.249866 1.000000 -0.000000 0.000002 0.000781
-0.515063 0.755059 0.249880 1.000000 0.000001 -0.000002 0.000781
-0.515063 0.755060 0.249894 1.000000 -0.000001 -0.000001 0.000782
-0.515063 0.755060 0.249905 1.000000 -0.000001 -0.000002 0.000783
-0.515063 0.755059 0.249913 1.000000 0.000001 -0.000001 0.000784
-0.515062 0.755058 0.249913 1.000000 0.000002 -0.000000 0.000785
-0.515062 0.755058 0.249905 1.000000 0.000002 0.000001 0.000786
-0.515062 0.755059 0.249891 1.000000 0.000001 0.000001 0.000787
-0.515061 0.755060 0.249894 1.000000 -0.000001 0.000002 0.000787
-0.515062 0.755061 0.249901 1.000000 -0.000003 -0.000000 0.000788
-0.515062 0.755060 0.249899 1.000000 -0.000002 0.000001 0.000790
-0.515062 0.755059 0.249951 1.000000 0.000001 -0.000000 0.000792
-0.515062 0.755060 0.249943 1.000000 -0.000001 0.000001 0.000793
-0.515065 0.755059 0.249839 1.000000 0.000001 -0.000005 0.000797
-0.515062 0.755063 0.249810 1.000000 -0.000007 0.000000 0.000799
-0.515061 0.755060 0.249789 1.000000 -0.000001 0.000004 0.000803
-0.515065 0.755059 0.249835 1.000000 0.000000 -0.000005 0.000805
-0.515062 0.755057 0.249811 1.000000 0.000005 0.000001 0.000807
-0.515064 0.755061 0.249809 1.000000 -0.000003 -0.000002 0.000810
-0.515061 0.755059 0.249814 1.000000 0.000002 0.000003 0.000813
-0.515063 0.755061 0.249881 1.000000 -0.000002 0.000001 0.000815
-0.515065 0.755061 0.249855 1.000000 -0.000002 -0.000004 0.000817
-0.515063 0.755062 0.249822 1.000000 -0.000003 0.000001 0.000820
-0.515064 0.755061 0.249929 1.000000 -0.000002 -0.000001 0.000822
-0.515063 0.755062 0.249917 1.000000 -0.000002 0.000001 0.000825
-0.515064 0.755060 0.249966 1.000000 0.000001 -0.000001 0.000827
-0.515064 0.755060 0.249977 1.000000 0.000001 -0.000001 0.000828
-0.515065 0.755063 0.249942 1.000000 -0.000004 -0.000003 0.000830
-0.515062 0.755058 0.249799 1.000000 0.000005 0.000003 0.000831
-0.515065 0.755061 0.249785 1.000000 -0.000002 -0.000003 0.000832
-0.515064 0.755062 0.249793 1.000000 -0.000003 -0.000002 0.000832
-0.515065 0.755061 0.249835 1.000000 -0.000001 -0.000002 0.000834
-0.515065 0.755060 0.249859 1.000000 0.000001 -0.000004 0.000834
-0.515063 0.755060 0.249897 1.000000 0.000001 0.000001 0.000836
-0.515064 0.755060 0.249894 1.000000 0.000002 -0.000001 0.000836
-0.515064 0.755059 0.249902 1.000000 0.000003 -0.000001 0.000837
-0.515064 0.755060 0.249904 1.000000 0.000001 -0.000000 0.000838
-0.515065 0.755060 0.249915 1.000000 0.000001 -0.000003 0.000839
-0.515065 0.755060 0.249930 1.000000 0.000001 -0.000003 0.000839
-0.515065 0.755061 0.249935 1.000000 -0.000001 -0.000002 0.000839
-0.515064 0.755062 0.249927 1.000000 -0.000002 -0.000000 0.000840
-0.515064 0.755060 0.249919 1.000000 0.000002 -0.000000 0.000840
-0.515064 0.755059 0.249903 1.000000 0.000004 -0.000000 0.000841
-0.515064 0.755062 0.249886 1.000000 -0.000001 -0.000000 0.000841
-0.515063 0.755064 0.249865 1.000000 -0.000006 0.000001 0.000842
-0.515063 0.755061 0.249850 1.000000 0.000000 0.000002 0.000843
-0.515065 0.755063 0.249834 1.000000 -0.000004 -0.000003 0.000846
-0.515063 0.755061 0.249876 1.000000 0.000001 0.000001 0.000849
-0.515064 0.755061 0.249915 1.000000 0.000001 -0.000001 0.000851
-0.515065 0.755060 0.249875 1.000000 0.000002 -0.000001 0.000853
-0.515064 0.755062 0.249879 1.000000 -0.000002 0.000000 0.000857
-0.515064 0.755061 0.249885 1.000000 0.000001 -0.000001 0.000860
-0.515064 0.755067 0.249807 1.000000 -0.000010 0.000001 0.000862
-0.515064 0.755058 0.249783 1.000000 0.000007 -0.000001 0.000864
-0.515063 0.755062 0.249820 1.000000 -0.000001 0.000001 0.000867
-0.515065 0.755061 0.249904 1.000000 0.000001 -0.000001 0.000870
-0.515065 0.755063 0.249973 1.000000 -0.000002 -0.000001 0.000871
-0.515063 0.755062 0.249862 1.000000 -0.000001 0.000003 0.000873
-0.515066 0.755061 0.249917 1.000000 0.000002 -0.000002 0.000876
-0.515064 0.755060 0.249916 1.000000 0.000003 0.000001 0.000877
-0.515067 0.755061 0.249824 1.000000 0.000002 -0.000004 0.000879
-0.515065 0.755061 0.249834 1.000000 0.000002 -0.000001 0.000883
-0.515066 0.755062 0.249940 1.000000 0.000001 -0.000001 0.000885
-0.515065 0.755061 0.249953 1.000000 0.000002 -0.000000 0.000885
-0.515065 0.755064 0.249932 1.000000 -0.000003 0.000000 0.000888
-0.515066 0.755062 0.249922 1.000000 0.000001 -0.000003 0.000888
-0.515065 0.755062 0.249949 1.000000 0.000001 0.000000 0.000890
-0.515066 0.755063 0.249942 1.000000 -0.000001 -0.000001 0.000891
-0.515065 0.755062 0.249896 1.000000 0.000001 -0.000000 0.000894
-0.515067 0.755061 0.249912 1.000000 0.000003 -0.000003 0.000894
-0.515066 0.755065 0.249851 1.000000 -0.000004 -0.000001 0.000897
-0.515065 0.755060 0.249841 1.000000 0.000006 0.000001 0.000897
-0.515064 0.755063 0.249882 1.000000 -0.000001 0.000002 0.000902
-0.515065 0.755063 0.249891 1.000000 -0.000000 0.000001 0.000903
-0.515067 0.755064 0.249913 1.000000 -0.000002 -0.000003 0.000905
-0.515066 0.755064 0.249898 1.000000 -0.000002 0.000000 0.000906
-0.515067 0.755064 0.249924 1.000000 -0.000003 -0.000002 0.000908
-0.515066 0.755062 0.249885 1.000000 0.000003 0.000001 0.000909
-0.515066 0.755064 0.249943 1.000000 -0.000003 -0.000001 0.000911
-0.515067 0.755063 0.249919 1.000000 0.000000 -0.000003 0.000912
-0.515066 0.755063 0.249840 1.000000 0.000001 0.000000 0.000915
-0.515066 0.755061 0.249859 1.000000 0.000004 -0.000001 0.000916
-0.515065 0.755063 0.249883 1.000000 0.000001 0.000002 0.000920
-0.515066 0.755062 0.249877 1.000000 0.000003 -0.000001 0.000921
-0.515067 0.755063 0.249929 1.000000 0.000001 -0.000003 0.000924
-0.515067 0.755064 0.249933 1.000000 -0.000001 -0.000001 0.000925
-0.515068 0.755063 0.249931 1.000000 0.000001 -0.000003 0.000926
-0.515066 0.755064 0.249931 1.000000 -0.000000 0.000001 0.000927
-0.515066 0.755063 0.249963 1.000000 0.000001 0.000000 0.000929
-0.515067 0.755064 0.249967 1.000000 0.000000 -0.000001 0.000929
-0.515067 0.755063 0.249945 1.000000 0.000001 -0.000002 0.000932
-0.515067 0.755063 0.249954 1.000000 0.000001 -0.000001 0.000932
-0.515068 0.755063 0.249916 1.000000 0.000001 -0.000002 0.000934
-0.515067 0.755064 0.249916 1.000000 0.000001 -0.000000 0.000935
-0.515068 0.755065 0.249926 1.000000 -0.000001 -0.000002 0.000938
-0.515067 0.755065 0.249923 1.000000 -0.000002 -0.000001 0.000939
-0.515067 0.755062 0.249910 1.000000 0.000004 -0.000002 0.000942
-0.515066 0.755064 0.249904 1.000000 0.000001 0.000002 0.000943
-0.515068 0.755065 0.249870 1.000000 -0.000002 -0.000002 0.000945
-0.515067 0.755063 0.249864 1.000000 0.000003 -0.000001 0.000946
-0.515065 0.755063 0.249826 1.000000 0.000002 0.000003 0.000951
-0.515068 0.755067 0.249811 1.000000 -0.000006 -0.000004 0.000951
-0.515068 0.755063 0.249896 1.000000 0.000002 -0.000002 0.000954
-0.515067 0.755065 0.249923 1.000000 -0.000001 -0.000001 0.000955
-0.515067 0.755065 0.249954 1.000000 -0.000001 0.000000 0.000956
-0.515066 0.755064 0.249945 1.000000 0.000000 0.000002 0.000957
-0.515065 0.755065 0.249877 1.000000 -0.000000 0.000003 0.000960
-0.515067 0.755065 0.249862 1.000000 -0.000000 0.000001 0.000960
-0.515068 0.755064 0.249918 1.000000 0.000001 -0.000001 0.000962
-0.515067 0.755065 0.249934 1.000000 -0.000000 0.000000 0.000962
-0.515067 0.755064 0.249967 1.000000 0.000001 0.000000 0.000964
-0.515067 0.755066 0.249966 1.000000 -0.000002 0.000001 0.000964
-0.515067 0.755065 0.249947 1.000000 -0.000000 -0.000000 0.000966
-0.515068 0.755065 0.249950 1.000000 0.000001 -0.000001 0.000967
-0.515067 0.755065 0.249938 1.000000 0.000001 0.000000 0.000969
-0.515067 0.755067 0.249912 1.000000 -0.000004 -0.000000 0.000970
-0.515069 0.755064 0.249856 1.000000 0.000002 -0.000003 0.000973
-0.515067 0.755065 0.249858 1.000000 0.000001 0.000001 0.000973
-0.515068 0.755065 0.249896 1.000000 0.000002 -0.000001 0.000976
-0.515069 0.755066 0.249916 1.000000 -0.000000 -0.000003 0.000977
-0.515068 0.755064 0.249887 1.000000 0.000002 -0.000000 0.000980
-0.515066 0.755065 0.249886 1.000000 0.000000 0.000003 0.000981
-0.515067 0.755066 0.249889 1.000000 -0.000001 0.000002 0.000981
-0.515068 0.755065 0.249931 1.000000 0.000002 -0.000001 0.000983
-0.515068 0.755064 0.249922 1.000000 0.000003 0.000000 0.000984
-0.515068 0.755065 0.249855 1.000000 0.000001 0.000001 0.000988
-0.515069 0.755065 0.249811 1.000000 0.000001 -0.000001 0.000991
-0.515070 0.755065 0.249821 1.000000 0.000001 -0.000003 0.000995
-0.515069 0.755067 0.249874 1.000000 -0.000002 -0.000002 0.001000
-0.515069 0.755066 0.249938 0.999999 0.000001 -0.000002 0.001002
-0.515069 0.755066 0.249971 0.999999 0.000000 -0.000001 0.001004
-0.515069 0.755065 0.249976 0.999999 0.000002 -0.000001 0.001004
-0.515070 0.755065 0.249946 0.999999 0.000003 -0.000002 0.001006
-0.515068 0.755066 0.249922 0.999999 0.000001 0.000001 0.001006
-0.515070 0.755066 0.249942 0.999999 0.000000 -0.000001 0.001009
-0.515069 0.755065 0.249946 0.999999 0.000002 -0.000000 0.001009
-0.515071 0.755066 0.249928 0.999999 0.000001 -0.000004 0.001012
-0.515069 0.755067 0.249922 0.999999 -0.000001 -0.000000 0.001012
-0.515069 0.755065 0.249920 0.999999 0.000003 -0.000000 0.001014
-0.515069 0.755066 0.249902 0.999999 0.000001 0.000000 0.001015
-0.515069 0.755066 0.249892 0.999999 0.000001 0.000001 0.001015
-0.515070 0.755068 0.249898 0.999999 -0.000002 -0.000001 0.001019
-0.515069 0.755068 0.249915 0.999999 -0.000002 0.000001 0.001019
-0.515069 0.755067 0.249931 0.999999 0.000001 -0.000000 0.001020
-0.515070 0.755068 0.249914 0.999999 -0.000002 -0.000001 0.001022
-0.515070 0.755068 0.249879 0.999999 -0.000001 -0.000002 0.001023
-0.515068 0.755065 0.249849 0.999999 0.000003 0.000002 0.001023
-0.515068 0.755068 0.249850 0.999999 -0.000002 0.000002 0.001026
-0.515069 0.755068 0.249857 0.999999 -0.000001 0.000000 0.001027
-0.515070 0.755067 0.249874 0.999999 0.000000 -0.000002 0.001027
-0.515068 0.755067 0.249892 0.999999 0.000001 0.000003 0.001031
-0.515071 0.755068 0.249781 0.999999 -0.000002 -0.000002 0.001034
-0.515072 0.755066 0.249814 0.999999 0.000002 -0.000004 0.001041
-0.515068 0.755066 0.249863 0.999999 0.000003 0.000002 0.001045
-0.515069 0.755067 0.249904 0.999999 0.000001 0.000001 0.001048
-0.515071 0.755068 0.249880 0.999999 -0.000002 -0.000002 0.001052
-0.515069 0.755066 0.249886 0.999999 0.000003 0.000001 0.001055
-0.515070 0.755067 0.249873 0.999999 0.000002 0.000001 0.001059
-0.515072 0.755068 0.249877 0.999999 -0.000001 -0.000003 0.001063
-0.515071 0.755067 0.249886 0.999999 0.000002 -0.000001 0.001067
-0.515071 0.755067 0.249906 0.999999 0.000002 -0.000001 0.001067
-0.515071 0.755068 0.249970 0.999999 0.000001 -0.000001 0.001069
-0.515070 0.755068 0.249969 0.999999 -0.000000 0.000001 0.001070
-0.515069 0.755068 0.249899 0.999999 0.000001 0.000003 0.001072
-0.515072 0.755070 0.249876 0.999999 -0.000004 -0.000003 0.001073
-0.515071 0.755068 0.249935 0.999999 0.000000 0.000000 0.001076
-0.515070 0.755069 0.249950 0.999999 -0.000002 0.000000 0.001077
-0.515072 0.755067 0.249940 0.999999 0.000002 -0.000003 0.001078
-0.515070 0.755068 0.249923 0.999999 0.000001 0.000001 0.001079
-0.515073 0.755070 0.249859 0.999999 -0.000003 -0.000003 0.001083
-0.515070 0.755067 0.249833 0.999999 0.000004 0.000001 0.001083
-0.515073 0.755067 0.249844 0.999999 0.000004 -0.000005 0.001085
-0.515069 0.755066 0.249802 0.999999 0.000005 0.000004 0.001086
-0.515073 0.755072 0.249785 0.999999 -0.000007 -0.000005 0.001087
-0.515072 0.755068 0.249779 0.999999 0.000001 -0.000003 0.001089
-0.515071 0.755067 0.249787 0.999999 0.000003 -0.000001 0.001089
-0.515071 0.755070 0.249795 0.999999 -0.000002 -0.000001 0.001090
-0.515075 0.755067 0.249821 0.999999 0.000004 -0.000008 0.001095
-0.515071 0.755067 0.249819 0.999999 0.000003 -0.000001 0.001096
-0.515071 0.755072 0.249811 0.999999 -0.000007 0.000000 0.001097
-0.515070 0.755068 0.249828 0.999999 0.000001 0.000002 0.001099
-0.515072 0.755069 0.249865 0.999999 0.000000 -0.000002 0.001101
-0.515072 0.755069 0.249963 0.999999 -0.000000 -0.000001 0.001102
-0.515071 0.755068 0.249951 0.999999 0.000001 0.000000 0.001103
-0.515073 0.755070 0.249886 0.999999 -0.000002 -0.000004 0.001106
-0.515072 0.755067 0.249869 0.999999 0.000003 -0.000001 0.001107
-0.515072 0.755070 0.249823 0.999999 -0.000001 -0.000002 0.001112
-0.515073 0.755072 0.249826 0.999999 -0.000005 -0.000003 0.001112
-0.515071 0.755069 0.249912 0.999999 0.000000 0.000001 0.001115
-0.515072 0.755070 0.249947 0.999999 -0.000001 -0.000002 0.001115
-0.515072 0.755068 0.249927 0.999999 0.000003 -0.000001 0.001117
-0.515072 0.755069 0.249926 0.999999 0.000001 0.000000 0.001118
-0.515072 0.755069 0.249938 0.999999 0.000000 0.000000 0.001119
-0.515070 0.755071 0.249877 0.999999 -0.000003 0.000003 0.001124
-0.515072 0.755070 0.249915 0.999999 -0.000000 -0.000001 0.001126
-0.515074 0.755069 0.249903 0.999999 0.000001 -0.000003 0.001127
-0.515071 0.755074 0.249842 0.999999 -0.000008 0.000002 0.001130
-0.515069 0.755072 0.249798 0.999999 -0.000003 0.000006 0.001131
-0.515072 0.755074 0.249755 0.999999 -0.000009 0.000000 0.001132
-0.515073 0.755073 0.249775 0.999999 -0.000007 -0.000001 0.001132
-0.515073 0.755073 0.249771 0.999999 -0.000006 -0.000002 0.001135
-0.515076 0.755069 0.249753 0.999999 0.000003 -0.000008 0.001138
-0.515076 0.755071 0.249810 0.999999 -0.000002 -0.000008 0.001145
-0.515073 0.755070 0.249818 0.999999 -0.000000 0.000000 0.001148
-0.515073 0.755070 0.249862 0.999999 -0.000000 0.000000 0.001149
-0.515073 0.755070 0.249939 0.999999 -0.000000 -0.000000 0.001151
-0.515073 0.755071 0.249940 0.999999 -0.000002 0.000000 0.001151
-0.515073 0.755070 0.249903 0.999999 0.000001 -0.000000 0.001154
-0.515075 0.755071 0.249861 0.999999 -0.000001 -0.000004 0.001155
-0.515072 0.755071 0.249898 0.999999 -0.000001 0.000003 0.001158
-0.515073 0.755070 0.249910 0.999999 0.000001 0.000000 0.001158
-0.515073 0.755070 0.249837 0.999999 0.000001 -0.000000 0.001161
-0.515073 0.755073 0.249837 0.999999 -0.000004 0.000000 0.001162
-0.515074 0.755072 0.249857 0.999999 -0.000002 -0.000002 0.001165
-0.515071 0.755069 0.249838 0.999999 0.000003 0.000004 0.001166
-0.515073 0.755070 0.249783 0.999999 0.000002 -0.000000 0.001167
-0.515070 0.755072 0.249809 0.999999 -0.000003 0.000005 0.001171
-0.515073 0.755071 0.249924 0.999999 0.000001 0.000001 0.001176
-0.515074 0.755071 0.249971 0.999999 0.000001 -0.000002 0.001177
-0.515074 0.755074 0.249838 0.999999 -0.000005 -0.000001 0.001181
-0.515075 0.755072 0.249905 0.999999 -0.000001 -0.000002 0.001183
-0.515075 0.755073 0.249928 0.999999 -0.000003 -0.000002 0.001187
-0.515072 0.755072 0.249901 0.999999 -0.000001 0.000003 0.001191
-0.515073 0.755072 0.249871 0.999999 -0.000000 0.000001 0.001193
-0.515073 0.755072 0.249909 0.999999 0.000000 0.000001 0.001194
-0.515074 0.755072 0.249950 0.999999 -0.000001 -0.000001 0.001195
-0.515074 0.755071 0.249932 0.999999 0.000001 0.000001 0.001196
-0.515074 0.755072 0.249873 0.999999 -0.000001 -0.000000 0.001200
-0.515076 0.755072 0.249896 0.999999 0.000001 -0.000003 0.001204
-0.515075 0.755072 0.249882 0.999999 0.000002 -0.000000 0.001206
-0.515075 0.755073 0.249941 0.999999 -0.000002 -0.000001 0.001208
-0.515075 0.755072 0.249950 0.999999 0.000002 -0.000001 0.001210
-0.515077 0.755073 0.249947 0.999999 -0.000000 -0.000004 0.001210
-0.515076 0.755073 0.249836 0.999999 -0.000001 -0.000002 0.001213
-0.515077 0.755073 0.249808 0.999999 -0.000000 -0.000004 0.001213
-0.515077 0.755070 0.249804 0.999999 0.000005 -0.000003 0.001216
-0.515076 0.755073 0.249808 0.999999 -0.000002 -0.000002 0.001217
-0.515076 0.755072 0.249893 0.999999 0.000001 -0.000002 0.001220
-0.515076 0.755072 0.249903 0.999999 0.000001 -0.000001 0.001220
-0.515075 0.755074 0.249898 0.999999 -0.000003 -0.000000 0.001224
-0.515076 0.755073 0.249918 0.999999 -0.000001 -0.000002 0.001225
-0.515075 0.755073 0.249946 0.999999 0.000001 0.000000 0.001228
-0.515075 0.755072 0.249954 0.999999 0.000001 0.000001 0.001228
-0.515076 0.755072 0.249964 0.999999 0.000002 -0.000002 0.001230
-0.515077 0.755073 0.249960 0.999999 -0.000000 -0.000003 0.001230
-0.515075 0.755073 0.249897 0.999999 0.000000 0.000000 0.001233
-0.515076 0.755074 0.249901 0.999999 -0.000001 -0.000000 0.001234
-0.515075 0.755074 0.249940 0.999999 -0.000001 0.000000 0.001236
-0.515075 0.755074 0.249934 0.999999 -0.000001 0.000000 0.001236
-0.515075 0.755071 0.249872 0.999999 0.000004 0.000001 0.001240
-0.515075 0.755073 0.249839 0.999999 0.000002 0.000002 0.001241
-0.515074 0.755071 0.249793 0.999999 0.000005 0.000004 0.001243
-0.515078 0.755075 0.249785 0.999999 -0.000004 -0.000005 0.001243
-0.515076 0.755072 0.249826 0.999999 0.000002 -0.000000 0.001246
-0.515076 0.755073 0.249865 0.999999 0.000001 -0.000001 0.001246
-0.515077 0.755074 0.249863 0.999999 -0.000001 -0.000002 0.001250
-0.515075 0.755074 0.249851 0.999999 -0.000001 0.000001 0.001250
-0.515080 0.755072 0.249774 0.999999 0.000004 -0.000008 0.001254
-0.515075 0.755071 0.249766 0.999999 0.000006 0.000002 0.001254
-0.515078 0.755075 0.249820 0.999999 -0.000001 -0.000004 0.001258
-0.515077 0.755075 0.249828 0.999999 -0.000001 -0.000002 0.001259
-0.515075 0.755074 0.249948 0.999999 0.000000 0.000001 0.001262
-0.515076 0.755074 0.249956 0.999999 0.000001 0.000000 0.001262
-0.515076 0.755076 0.249903 0.999999 -0.000004 -0.000000 0.001265
-0.515077 0.755075 0.249882 0.999999 -0.000001 -0.000003 0.001266
-0.515076 0.755074 0.249901 0.999999 0.000001 -0.000000 0.001269
-0.515076 0.755076 0.249904 0.999999 -0.000004 0.000001 0.001270
-0.515074 0.755074 0.249841 0.999999 -0.000000 0.000004 0.001272
-0.515077 0.755075 0.249827 0.999999 -0.000000 -0.000001 0.001273
-0.515078 0.755074 0.249903 0.999999 0.000000 -0.000002 0.001275
-0.515077 0.755075 0.249932 0.999999 -0.000001 -0.000000 0.001276
-0.515078 0.755075 0.249960 0.999999 -0.000000 -0.000003 0.001277
-0.515078 0.755074 0.249939 0.999999 0.000000 -0.000002 0.001277
-0.515078 0.755074 0.249906 0.999999 0.000002 -0.000002 0.001279
-0.515077 0.755072 0.249864 0.999999 0.000006 0.000000 0.001280
-0.515076 0.755076 0.249769 0.999999 -0.000003 0.000002 0.001281
-0.515075 0.755078 0.249770 0.999999 -0.000005 0.000004 0.001281
-0.515078 0.755075 0.249819 0.999999 -0.000000 -0.000001 0.001283
-0.515078 0.755075 0.249851 0.999999 0.000000 -0.000001 0.001285
-0.515078 0.755076 0.249907 0.999999 -0.000001 -0.000001 0.001286
-0.515080 0.755075 0.249898 0.999999 0.000001 -0.000004 0.001287
-0.515077 0.755075 0.249890 0.999999 0.000000 0.000002 0.001289
-0.515077 0.755075 0.249907 0.999999 0.000001 0.000001 0.001289
