-0.080727 0.886063 0.407064
-0.082055 0.886042 0.406988
-0.083469 0.886079 0.406889
-0.084433 0.885680 0.406876
-0.085341 0.885269 0.406884
-0.087433 0.884019 0.407084
-0.087453 0.883872 0.407121
-0.088465 0.883188 0.407234
-0.089763 0.882862 0.407195
-0.091101 0.882802 0.407106
-0.092316 0.882769 0.407020
-0.092593 0.882705 0.407005
-0.093691 0.882578 0.406941
-0.094757 0.882128 0.406933
-0.096577 0.881052 0.407036
-0.097751 0.880283 0.407168
-0.097855 0.879854 0.407266
-0.098780 0.879410 0.407299
-0.098921 0.878904 0.407374
-0.098849 0.878384 0.407450
-0.098714 0.877768 0.407541
-0.098614 0.877213 0.407619
-0.098479 0.876618 0.407706
-0.098468 0.876483 0.407723
-0.100595 0.874257 0.407991
-0.100431 0.873629 0.408142
-0.102021 0.871161 0.408529
-0.100341 0.868563 0.409209
-0.098674 0.866570 0.409667
-0.097580 0.865069 0.409970
-0.096518 0.863485 0.410266
-0.095637 0.862027 0.410520
-0.094989 0.860803 0.410722
-0.094911 0.860563 0.410756
-0.095635 0.859553 0.410837
-0.095649 0.859138 0.410886
-0.096598 0.858322 0.410912
-0.096660 0.858138 0.410926
-0.097893 0.857287 0.410911
-0.097960 0.857121 0.410919
-0.098956 0.856627 0.410878
-0.100883 0.855453 0.410869
-0.101591 0.853333 0.411192
-0.100672 0.851556 0.411526
-0.099837 0.849929 0.411795
-0.099759 0.849661 0.411832
-0.100489 0.848530 0.411900
-0.100519 0.848286 0.411924
-0.101563 0.847284 0.411931
-0.101634 0.847062 0.411944
-0.102841 0.846142 0.411902
-0.103002 0.845732 0.411914
-0.104122 0.845028 0.411843
-0.104424 0.844443 0.411843
-0.105583 0.843785 0.411730
-0.105873 0.843386 0.411695
-0.106796 0.842678 0.411663
-0.109222 0.841046 0.411632
-0.109654 0.840239 0.411710
-0.111274 0.838597 0.411794
-0.112636 0.836961 0.411984
-0.112736 0.836497 0.412067
-0.114534 0.834001 0.412356
-0.115156 0.832888 0.412540
-0.115262 0.832367 0.412638
-0.116666 0.828225 0.413350
-0.115157 0.825895 0.413928
-0.113908 0.823970 0.414320
-0.112813 0.822010 0.414654
-0.112116 0.820430 0.414882
-0.111418 0.818665 0.415112
-0.110926 0.817151 0.415289
-0.110376 0.815396 0.415484
-0.109893 0.813657 0.415654
-0.109631 0.812314 0.415750
-0.109894 0.812058 0.415729
-0.110669 0.810690 0.415687
-0.111381 0.810239 0.415598
-0.112136 0.809222 0.415487
-0.113236 0.808590 0.415298
-0.113858 0.807818 0.415163
-0.115053 0.807135 0.414919
-0.115345 0.806840 0.414854
-0.117288 0.805234 0.414741
-0.119126 0.803713 0.414668
-0.119622 0.802525 0.414695
-0.120670 0.801379 0.414550
-0.120993 0.800455 0.414477
-0.122166 0.799519 0.414197
-0.122646 0.798800 0.414028
-0.124032 0.798121 0.413635
-0.125057 0.797007 0.413142
-0.125562 0.795963 0.412815
-0.125899 0.794860 0.412559
-0.126145 0.793623 0.412324
-0.126317 0.792557 0.412164
-0.126429 0.791363 0.412018
-0.127066 0.789004 0.411206
-0.128261 0.788930 0.410945
-0.128419 0.788814 0.410919
-0.129559 0.788469 0.410682
-0.131369 0.787348 0.410653
-0.131909 0.786884 0.410707
-0.133255 0.786052 0.410791
-0.135315 0.784444 0.411110
-0.135162 0.783335 0.412002
-0.134358 0.782652 0.412621
-0.133718 0.781920 0.413057
-0.133228 0.781117 0.413377
-0.133000 0.780446 0.413548
-0.133648 0.780082 0.413490
-0.133986 0.779582 0.413486
-0.134912 0.779223 0.413335
-0.135507 0.778627 0.413235
-0.136241 0.778380 0.413083
-0.136567 0.778166 0.413023
-0.138928 0.776318 0.413065
-0.140212 0.775578 0.413128
-0.140427 0.775339 0.413166
-0.142448 0.773460 0.413470
-0.143430 0.772751 0.413731
-0.143556 0.772527 0.413826
-0.145352 0.770675 0.414280
-0.146144 0.770016 0.414659
-0.146215 0.769808 0.414786
-0.147877 0.767978 0.415330
-0.148470 0.767464 0.415632
-0.148432 0.766839 0.416203
-0.148751 0.766689 0.416355
-0.148628 0.766232 0.416857
-0.148174 0.765679 0.417195
-0.147717 0.764948 0.417470
-0.147219 0.764040 0.417719
-0.146819 0.763099 0.417903
-0.146498 0.762122 0.418040
-0.146238 0.761113 0.418142
-0.146242 0.760888 0.418157
-0.147252 0.760107 0.418057
-0.147374 0.759891 0.418048
-0.148880 0.759110 0.417805
-0.149034 0.758911 0.417777
-0.149461 0.758680 0.417713
-0.152621 0.756445 0.417782
-0.152748 0.756286 0.417781
-0.152665 0.755734 0.417869
-0.152454 0.755261 0.417977
-0.152283 0.754865 0.418058
-0.152111 0.754435 0.418133
-0.151914 0.753900 0.418210
-0.151809 0.753433 0.418258
-0.152552 0.752699 0.418318
-0.153253 0.752003 0.418393
-0.155262 0.749991 0.418707
-0.155680 0.749362 0.418886
-0.157260 0.747432 0.419332
-0.157268 0.745925 0.420045
-0.155945 0.745303 0.420609
-0.154711 0.744876 0.421001
-0.153947 0.744513 0.421237
-0.153086 0.743959 0.421491
-0.152571 0.743491 0.421648
-0.152196 0.742994 0.421766
-0.151746 0.742484 0.421887
-0.151502 0.742089 0.421958
-0.151372 0.741614 0.422015
-0.151159 0.741049 0.422080
-0.150911 0.740428 0.422147
-0.150703 0.739939 0.422200
-0.150625 0.739448 0.422238
-0.150408 0.738789 0.422300
-0.150294 0.738137 0.422346
-0.150003 0.737210 0.422420
-0.150761 0.736403 0.422481
-0.151853 0.735050 0.422625
-0.152810 0.733963 0.422748
-0.154117 0.731396 0.423197
-0.153134 0.730167 0.423542
-0.152413 0.729339 0.423728
-0.151568 0.728447 0.423914
-0.150785 0.727474 0.424080
-0.150316 0.726664 0.424190
-0.150254 0.726455 0.424211
-0.150405 0.725916 0.424245
-0.150410 0.725716 0.424260
-0.150694 0.725219 0.424278
-0.150738 0.725040 0.424287
-0.151082 0.724620 0.424292
-0.151152 0.724452 0.424295
-0.151506 0.724131 0.424285
-0.151627 0.723946 0.424285
-0.151841 0.723767 0.424277
-0.152850 0.722915 0.424327
-0.153753 0.722120 0.424386
-0.154428 0.721541 0.424431
-0.155667 0.720445 0.424532
-0.156682 0.719491 0.424635
-0.158074 0.718029 0.424846
-0.157946 0.717162 0.425042
-0.157561 0.716629 0.425146
-0.157323 0.715956 0.425226
-0.157224 0.715775 0.425252
-0.156751 0.714749 0.425367
-0.156373 0.713978 0.425451
-0.156035 0.713161 0.425528
-0.155737 0.712333 0.425598
-0.155408 0.711335 0.425673
-0.154963 0.710304 0.425756
-0.154651 0.709292 0.425824
-0.154424 0.708460 0.425877
-0.154206 0.707726 0.425928
-0.154018 0.706917 0.425978
-0.153792 0.706129 0.426031
-0.153539 0.705130 0.426092
-0.153310 0.704308 0.426147
-0.153011 0.703306 0.426212
-0.152842 0.702433 0.426262
-0.152717 0.701717 0.426302
-0.152789 0.701508 0.426306
-0.152953 0.700819 0.426328
-0.153076 0.700635 0.426325
-0.153313 0.700185 0.426328
-0.153489 0.699999 0.426321
-0.153686 0.699742 0.426316
-0.154197 0.699310 0.426291
-0.154371 0.699084 0.426284
-0.154856 0.698697 0.426254
-0.155046 0.698473 0.426243
-0.155527 0.698107 0.426209
-0.155706 0.697903 0.426197
-0.156623 0.697017 0.426247
-0.157601 0.696238 0.426287
-0.159016 0.695014 0.426386
-0.160116 0.694011 0.426487
-0.161333 0.692892 0.426630
-0.161611 0.692514 0.426683
-0.162065 0.692030 0.426746
-0.162174 0.691814 0.426773
-0.162462 0.691515 0.426801
-0.162508 0.690978 0.426868
-0.162362 0.690458 0.426919
-0.162167 0.689688 0.426980
-0.162101 0.689068 0.427020
-0.161867 0.688462 0.427073
-0.161646 0.687568 0.427134
-0.161384 0.686662 0.427195
-0.161093 0.685901 0.427254
-0.160798 0.684942 0.427322
-0.160540 0.684098 0.427383
-0.160424 0.683171 0.427431
-0.160289 0.682084 0.427480
-0.159937 0.680990 0.427543
-0.159815 0.680172 0.427584
-0.159537 0.679391 0.427640
-0.159320 0.678507 0.427695
-0.159131 0.677530 0.427749
-0.158773 0.676487 0.427818
-0.158644 0.675603 0.427863
-0.158611 0.675334 0.427877
-0.158735 0.674870 0.427888
-0.158787 0.674600 0.427895
-0.159084 0.674098 0.427889
-0.159197 0.673821 0.427889
-0.159599 0.673326 0.427867
-0.159891 0.672800 0.427853
-0.160078 0.672603 0.427837
-0.160388 0.672139 0.427816
-0.160580 0.671962 0.427798
-0.160920 0.671518 0.427771
-0.161144 0.671336 0.427748
-0.161561 0.670882 0.427709
-0.161843 0.670687 0.427677
-0.162293 0.670266 0.427629
-0.162547 0.670102 0.427597
-0.162984 0.669701 0.427545
-0.163269 0.669525 0.427508
-0.163820 0.669080 0.427439
-0.164097 0.668924 0.427399
-0.164622 0.668514 0.427328
-0.164926 0.668340 0.427283
-0.165455 0.667921 0.427206
-0.165771 0.667755 0.427156
-0.166349 0.667345 0.427066
-0.166676 0.667195 0.427011
-0.167583 0.666560 0.426847
-0.168264 0.665836 0.426695
-0.168635 0.665132 0.426586
-0.168805 0.664423 0.426520
-0.168971 0.663536 0.426457
-0.169198 0.662633 0.426396
-0.169272 0.662350 0.426387
-0.170734 0.660546 0.426534
-0.171175 0.659885 0.426592
-0.172898 0.657769 0.426853
-0.173235 0.657126 0.426973
-0.174669 0.655046 0.427343
-0.174657 0.653688 0.427854
-0.173554 0.653108 0.428240
-0.173352 0.652903 0.428316
-0.173210 0.652449 0.428427
-0.173106 0.652193 0.428482
-0.173080 0.651777 0.428555
-0.173032 0.651542 0.428594
-0.173065 0.651208 0.428642
-0.173055 0.651012 0.428667
-0.173153 0.650591 0.428709
-0.173035 0.650071 0.428765
-0.172875 0.649430 0.428823
-0.172737 0.649069 0.428863
-0.173408 0.648153 0.428961
-0.174318 0.646723 0.429151
-0.175179 0.645585 0.429302
-0.176327 0.643216 0.429765
-0.175688 0.642309 0.430040
-0.175137 0.641601 0.430212
-0.174458 0.640775 0.430387
-0.173971 0.640309 0.430496
-0.173978 0.639987 0.429667
-0.173781 0.639064 0.428267
-0.173743 0.638686 0.427242
-0.173501 0.638003 0.425913
-0.173398 0.637627 0.424734
-0.173051 0.636889 0.423246
-0.172863 0.636522 0.422033
-0.172385 0.635776 0.420522
-0.172264 0.635273 0.419297
-0.171852 0.634355 0.417775
-0.171692 0.633843 0.416553
-0.171212 0.632955 0.415036
-0.171029 0.632447 0.413817
-0.170889 0.631922 0.412858
-0.170698 0.631403 0.412264
-0.170543 0.630810 0.411048
-0.170402 0.630242 0.410097
-0.170153 0.629740 0.409518
-0.169919 0.629173 0.408318
-0.169713 0.628618 0.407380
-0.169488 0.628079 0.406804
-0.169247 0.627523 0.405607
-0.169051 0.626945 0.404668
-0.168830 0.626398 0.404094
-0.168547 0.625848 0.402901
-0.168299 0.625330 0.401965
-0.167754 0.624486 0.401059
-0.167291 0.623738 0.400722
-0.166574 0.622767 0.400708
-0.167140 0.621772 0.400706
-0.167923 0.620195 0.400758
-0.168770 0.618984 0.400765
-0.169937 0.616452 0.400918
-0.169154 0.615484 0.401086
-0.168564 0.614866 0.401197
-0.167828 0.614075 0.401321
-0.167228 0.613392 0.401421
-0.166646 0.612538 0.401526
-0.166215 0.611836 0.401606
-0.165870 0.611131 0.401679
-0.165801 0.610887 0.401699
-0.165820 0.610439 0.401730
-0.165832 0.610160 0.401745
-0.165929 0.609749 0.401772
-0.165945 0.609506 0.401786
-0.166758 0.608506 0.401783
-0.167585 0.607677 0.401784
-0.168744 0.606068 0.401843
-0.168586 0.605562 0.401872
-0.168259 0.604851 0.401931
-0.167915 0.604013 0.402001
-0.167706 0.603353 0.402059
-0.167346 0.602535 0.402133
-0.167037 0.601627 0.402212
-0.166800 0.600787 0.402279
-0.166411 0.599601 0.402381
-0.166025 0.598505 0.402479
-0.165763 0.597728 0.402549
-0.165420 0.596728 0.402638
-0.165187 0.595919 0.402706
-0.165017 0.595042 0.402774
-0.164811 0.594204 0.402844
-0.164493 0.593178 0.402934
-0.164256 0.592313 0.403008
-0.164007 0.591341 0.403088
-0.163947 0.591047 0.403109
-0.163982 0.590535 0.403146
-0.163991 0.590242 0.403165
-0.164121 0.589734 0.403196
-0.164174 0.589418 0.403212
-0.164342 0.588946 0.403240
-0.164396 0.588676 0.403255
-0.165223 0.587677 0.403250
-0.166062 0.586828 0.403252
-0.167418 0.585500 0.403244
-0.168532 0.584393 0.403249
-0.169314 0.583688 0.403256
-0.170620 0.582500 0.403254
-0.171671 0.581564 0.403263
-0.172407 0.581004 0.403270
-0.173690 0.579883 0.403272
-0.174746 0.578958 0.403284
-0.175508 0.578357 0.403290
-0.176024 0.577920 0.403296
-0.176440 0.577632 0.403297
-0.176898 0.577313 0.403299
-0.177092 0.577243 0.403295
-0.177451 0.576901 0.403291
-0.177549 0.576897 0.403288
-0.177724 0.576725 0.403285
-0.177836 0.576681 0.403282
-0.178029 0.576440 0.403282
-0.178167 0.576346 0.403280
-0.178301 0.576189 0.403279
-0.179938 0.574537 0.403319
-0.180787 0.573511 0.403352
-0.182567 0.571601 0.403422
-0.183087 0.570987 0.403447
-0.185031 0.568899 0.403543
-0.186319 0.567550 0.403642
-0.186338 0.567089 0.403653
-0.185978 0.566573 0.403692
-0.185710 0.565981 0.403739
-0.185352 0.565229 0.403802
-0.185005 0.564410 0.403868
-0.184654 0.563628 0.403930
-0.184309 0.562754 0.404000
-0.184140 0.561858 0.404063
-0.183998 0.561257 0.404108
-0.183844 0.560527 0.404155
-0.183753 0.560042 0.404185
-0.183762 0.559859 0.404200
-0.183759 0.559379 0.404230
-0.183809 0.559167 0.404244
-0.183899 0.558682 0.404271
-0.183966 0.558508 0.404283
-0.184064 0.558063 0.404306
-0.184160 0.557863 0.404317
-0.184294 0.557433 0.404337
-0.184393 0.557255 0.404346
-0.184551 0.556787 0.404365
-0.184653 0.556588 0.404375
-0.184805 0.556101 0.404396
-0.184917 0.555927 0.404404
-0.185101 0.555490 0.404422
-0.185218 0.555318 0.404430
-0.185408 0.554831 0.404448
-0.185526 0.554655 0.404456
-0.185632 0.554416 0.404465
-0.186440 0.553428 0.404508
-0.187198 0.552488 0.404556
-0.187749 0.551874 0.404589
-0.188871 0.550630 0.404653
-0.189829 0.549573 0.404716
-0.191148 0.548087 0.404804
-0.192218 0.546860 0.404885
-0.193478 0.545602 0.404983
-0.193826 0.545222 0.405009
-0.194470 0.544618 0.405050
-0.194581 0.544463 0.405055
-0.194831 0.544272 0.405061
-0.195008 0.543982 0.405067
-0.195133 0.543859 0.405069
-0.195305 0.543541 0.405077
-0.195423 0.543451 0.405079
-0.195598 0.543188 0.405083
-0.195724 0.543091 0.405083
-0.195842 0.542922 0.405086
-0.196634 0.541921 0.405145
-0.197427 0.541100 0.405202
-0.197960 0.540500 0.405244
-0.199010 0.539280 0.405331
-0.199905 0.538248 0.405411
-0.200554 0.537638 0.405464
-0.201678 0.536461 0.405564
-0.202662 0.535376 0.405657
-0.204000 0.533812 0.405796
-0.205157 0.532643 0.405913
-0.205953 0.531797 0.405996
-0.207005 0.530960 0.406093
-0.207332 0.530676 0.406119
-0.207804 0.530427 0.406146
-0.207964 0.530337 0.406149
-0.208288 0.530276 0.406150
-0.208415 0.530176 0.406148
-0.208720 0.529997 0.406147
-0.208816 0.529898 0.406145
-0.209110 0.529773 0.406139
-0.209303 0.529630 0.406131
-0.209571 0.529509 0.406124
-0.209731 0.529273 0.406120
-0.209914 0.529125 0.406118
-0.209991 0.528989 0.406116
-0.210717 0.527956 0.406202
-0.211468 0.527092 0.406285
-0.212650 0.525689 0.406430
-0.213656 0.524545 0.406553
-0.214422 0.523770 0.406636
-0.214986 0.523240 0.406689
-0.215751 0.522812 0.406745
-0.216004 0.522597 0.406758
-0.216445 0.522379 0.406766
-0.216855 0.522088 0.406766
-0.216887 0.521856 0.406755
-0.216896 0.521560 0.406760
-0.216729 0.520954 0.406793
-0.216592 0.520414 0.406832
-0.216523 0.519618 0.406873
-0.216394 0.519185 0.406896
-0.216226 0.518588 0.406936
-0.215967 0.517841 0.406983
-0.215959 0.517611 0.406998
-0.217187 0.515552 0.407214
-0.217582 0.514913 0.407288
-0.219242 0.512592 0.407573
-0.219791 0.511893 0.407663
-0.221673 0.509514 0.407978
-0.222281 0.508774 0.408077
-0.224160 0.506517 0.408405
-0.224762 0.505736 0.408512
-0.227260 0.502530 0.409008
-0.227708 0.502025 0.409091
-0.228628 0.500730 0.409276
-0.229487 0.499672 0.409445
-0.230587 0.498453 0.409653
-0.230986 0.498210 0.409706
-0.231500 0.497824 0.409779
-0.231695 0.497793 0.409799
-0.231974 0.497670 0.409817
-0.232144 0.497705 0.409816
-0.232542 0.497723 0.409807
-0.232682 0.497766 0.409796
-0.233387 0.496833 0.409921
-0.234067 0.495935 0.410040
-0.235077 0.494422 0.410265
-0.235990 0.493107 0.410462
-0.237185 0.491202 0.410753
-0.238177 0.489617 0.411002
-0.238977 0.488669 0.411170
-0.240078 0.487204 0.411427
-0.242464 0.484600 0.411991
-0.243465 0.484633 0.412058
-0.244191 0.485024 0.412027
-0.244387 0.484791 0.412015
-0.244603 0.484619 0.412000
-0.244548 0.484344 0.412005
-0.244557 0.484183 0.412007
-0.244677 0.483849 0.412021
-0.244699 0.483673 0.412024
-0.244813 0.483513 0.412026
-0.244833 0.483279 0.412033
-0.244990 0.482887 0.412045
-0.245037 0.482680 0.412047
-0.245253 0.482235 0.412042
-0.245279 0.482084 0.412041
-0.245444 0.481928 0.412032
-0.245486 0.481774 0.412027
-0.245645 0.481593 0.412012
-0.245715 0.481469 0.412005
-0.245980 0.481312 0.411988
-0.246087 0.481177 0.411979
-0.246389 0.481026 0.411957
-0.246522 0.480906 0.411944
-0.246852 0.480734 0.411913
-0.246942 0.480669 0.411897
-0.247062 0.480659 0.411879
-0.247699 0.479724 0.412013
-0.248321 0.478728 0.412151
-0.248860 0.478099 0.412235
-0.249791 0.476706 0.412449
-0.250641 0.475493 0.412642
-0.251329 0.474646 0.412784
-0.252350 0.473081 0.413051
-0.253233 0.471708 0.413292
-0.253963 0.470863 0.413458
-0.255035 0.469373 0.413731
-0.255982 0.468118 0.413972
-0.257117 0.466322 0.414313
-0.259974 0.463567 0.414986
-0.261224 0.462909 0.415108
-0.261984 0.462428 0.415100
-0.262394 0.462130 0.415053
-0.262754 0.461910 0.414976
-0.262885 0.461550 0.414952
-0.263010 0.461142 0.414894
-0.263045 0.460711 0.414853
-0.262835 0.459994 0.414924
-0.262508 0.459452 0.414975
-0.262871 0.458349 0.415167
-0.263460 0.456457 0.415489
-0.264114 0.455000 0.415749
-0.265476 0.452500 0.416259
-0.266106 0.451138 0.416526
-0.267087 0.449040 0.416950
-0.267816 0.447506 0.417280
-0.269624 0.444799 0.418000
-0.270541 0.444351 0.418161
-0.271067 0.444098 0.418187
-0.271191 0.444025 0.418181
-0.271402 0.443793 0.418160
-0.271647 0.443739 0.418144
-0.271721 0.443609 0.418136
-0.271970 0.443460 0.418118
-0.272071 0.443316 0.418110
-0.272312 0.443101 0.418101
-0.272401 0.442902 0.418097
-0.272589 0.442585 0.418091
-0.272662 0.442409 0.418083
-0.273051 0.442203 0.418021
-0.273331 0.441675 0.417948
-0.273240 0.440798 0.417938
-0.273144 0.440390 0.417895
-0.273124 0.440223 0.417894
-0.273820 0.438084 0.418276
-0.274022 0.437271 0.418428
-0.275499 0.433726 0.419160
-0.275755 0.433058 0.419319
-0.276766 0.430314 0.419901
-0.277736 0.428391 0.420445
-0.278085 0.427708 0.420587
-0.278265 0.427219 0.420635
-0.278275 0.427111 0.420635
-0.278393 0.427005 0.420630
-0.278428 0.426732 0.420629
-0.278520 0.426710 0.420620
-0.278643 0.426460 0.420597
-0.278783 0.426428 0.420582
-0.279014 0.426236 0.420553
-0.279169 0.426214 0.420535
-0.279639 0.425152 0.420720
-0.280108 0.424169 0.420896
-0.280788 0.422534 0.421224
-0.281410 0.421156 0.421503
-0.281976 0.420276 0.421704
-0.282423 0.419613 0.421849
-0.283160 0.418876 0.422014
-0.283433 0.418577 0.422050
-0.283966 0.418264 0.422074
-0.284181 0.418097 0.422076
-0.284642 0.417956 0.422058
-0.284840 0.417844 0.422042
-0.285278 0.417748 0.422006
-0.285446 0.417646 0.421980
-0.285851 0.417524 0.421926
-0.286003 0.417399 0.421896
-0.286369 0.417176 0.421837
-0.286529 0.417054 0.421807
-0.286922 0.416923 0.421747
-0.287074 0.416827 0.421718
-0.287479 0.415659 0.421903
-0.287984 0.414699 0.422081
-0.288782 0.413518 0.422289
-0.289151 0.413237 0.422338
-0.289756 0.412829 0.422367
-0.290082 0.412755 0.422356
-0.290645 0.412507 0.422329
-0.290920 0.412416 0.422309
-0.291465 0.411323 0.422495
-0.291997 0.410328 0.422667
-0.292685 0.408662 0.422990
-0.293392 0.407356 0.423268
-0.293990 0.406507 0.423457
-0.294739 0.404888 0.423807
-0.295439 0.403515 0.424104
-0.296679 0.402236 0.424440
-0.297187 0.401867 0.424523
-0.298185 0.401623 0.424571
-0.298608 0.401507 0.424572
-0.299467 0.401466 0.424532
-0.299872 0.401410 0.424514
-0.300705 0.401421 0.424443
-0.301396 0.401349 0.424352
-0.301771 0.401360 0.424309
-0.302437 0.401239 0.424204
-0.302784 0.401207 0.424147
-0.303398 0.401043 0.424049
-0.303804 0.401034 0.424007
-0.304486 0.400875 0.423920
-0.304811 0.400808 0.423870
-0.305397 0.400582 0.423777
-0.305676 0.400527 0.423719
-0.306124 0.400279 0.423613
-0.306416 0.400235 0.423554
-0.306919 0.399137 0.423730
-0.307413 0.398057 0.423935
-0.307878 0.397411 0.424042
-0.308682 0.396598 0.424153
-0.309081 0.396427 0.424164
-0.309946 0.395985 0.424101
-0.310270 0.395951 0.424079
-0.310845 0.395744 0.424012
-0.311164 0.395739 0.423965
-0.311664 0.395559 0.423867
-0.311912 0.395517 0.423800
-0.312320 0.395238 0.423693
-0.312566 0.395185 0.423647
-0.312817 0.394982 0.422655
-0.313057 0.394710 0.421831
-0.313289 0.394401 0.420376
-0.313571 0.394206 0.419273
-0.313862 0.393947 0.417661
-0.314082 0.393708 0.416468
-0.314291 0.393553 0.415745
-0.314501 0.393355 0.414385
-0.314662 0.393145 0.413375
-0.314771 0.392853 0.411817
-0.314931 0.392684 0.410693
-0.315296 0.392527 0.409687
-0.315543 0.392608 0.409473
-0.316006 0.392676 0.409345
-0.316253 0.392699 0.409345
-0.316633 0.392585 0.409420
-0.316867 0.392604 0.409454
-0.317295 0.392503 0.409518
-0.317534 0.392503 0.409541
-0.317951 0.392411 0.409573
-0.318084 0.392186 0.408639
-0.318172 0.391923 0.407866
-0.318342 0.391850 0.407383
-0.318506 0.391730 0.406149
-0.318669 0.391608 0.405179
-0.318907 0.391636 0.404598
-0.319102 0.391577 0.403314
-0.319266 0.391449 0.402333
-0.319692 0.391450 0.401448
-0.319873 0.391381 0.401302
-0.320314 0.391329 0.401231
-0.320501 0.391271 0.401232
-0.321013 0.391299 0.401278
-0.321230 0.391259 0.401303
-0.321741 0.391218 0.401348
-0.321951 0.391140 0.401374
-0.322472 0.391041 0.401395
-0.322697 0.390978 0.401405
-0.323217 0.390922 0.401397
-0.323444 0.390815 0.401373
-0.323994 0.390732 0.401325
-0.324218 0.390632 0.401299
-0.324660 0.390498 0.401261
-0.324858 0.390403 0.401243
-0.325314 0.390257 0.401208
-0.325522 0.390143 0.401186
-0.325564 0.391196 0.400922
-0.325635 0.392194 0.400659
-0.325585 0.394014 0.400241
-0.325503 0.395431 0.399891
-0.325333 0.397437 0.399397
-0.325246 0.398948 0.398953
-0.325195 0.399787 0.398617
-0.324997 0.401358 0.398161
-0.324825 0.402664 0.397750
-0.324586 0.404762 0.397200
-0.324341 0.406297 0.396704
-0.324200 0.407201 0.396322
-0.324127 0.407704 0.396024
-0.324167 0.408006 0.395774
-0.324323 0.408204 0.395400
-0.324478 0.408247 0.395242
-0.324650 0.408246 0.395092
-0.324888 0.408246 0.394955
-0.325256 0.408088 0.394762
-0.325461 0.408017 0.394655
-0.325818 0.407782 0.394484
-0.326054 0.407773 0.394420
-0.326381 0.407583 0.394295
-0.326589 0.407497 0.394264
-0.326923 0.407185 0.394203
-0.327133 0.407115 0.394160
-0.327576 0.406850 0.394058
-0.327800 0.406812 0.394002
-0.328188 0.406686 0.393878
-0.328385 0.406701 0.393839
-0.328697 0.406577 0.393743
-0.328899 0.406478 0.393715
-0.329288 0.406193 0.393686
-0.329525 0.406153 0.393640
