-0.080728 0.886059 0.407063
-0.082005 0.886024 0.406993
-0.083370 0.886041 0.406903
-0.083491 0.886017 0.406897
-0.084997 0.885905 0.406813
-0.085090 0.885864 0.406810
-0.086058 0.885402 0.406806
-0.088819 0.884138 0.406903
-0.089026 0.883583 0.407042
-0.089816 0.883147 0.407102
-0.089958 0.882526 0.407234
-0.089809 0.881969 0.407342
-0.089654 0.881410 0.407444
-0.089501 0.880841 0.407545
-0.089159 0.880125 0.407676
-0.088725 0.879336 0.407824
-0.088240 0.878482 0.407987
-0.087720 0.877573 0.408161
-0.087263 0.876729 0.408321
-0.086767 0.875819 0.408495
-0.086237 0.874853 0.408681
-0.086170 0.874658 0.408713
-0.084398 0.873851 0.408966
-0.084230 0.873621 0.409011
-0.081929 0.872425 0.409366
-0.080891 0.871038 0.409668
-0.080038 0.869670 0.409957
-0.079259 0.868314 0.410236
-0.078400 0.866768 0.410549
-0.077733 0.865438 0.410811
-0.076969 0.863886 0.411116
-0.076361 0.862529 0.411376
-0.075755 0.861123 0.411644
-0.075043 0.859465 0.411962
-0.074387 0.857800 0.412265
-0.073913 0.856307 0.412504
-0.073417 0.854489 0.412774
-0.073380 0.854185 0.412811
-0.074373 0.852849 0.412849
-0.074450 0.852554 0.412869
-0.075486 0.851703 0.412820
-0.077968 0.849815 0.412694
-0.078278 0.849272 0.412732
-0.079538 0.847214 0.412861
-0.079577 0.846815 0.412901
-0.080744 0.844827 0.412894
-0.080924 0.842880 0.412917
-0.081035 0.840432 0.412903
-0.081207 0.837809 0.412825
-0.081443 0.835010 0.412677
-0.081726 0.832048 0.412460
-0.081965 0.829766 0.412270
-0.082326 0.829315 0.412150
-0.083666 0.826529 0.411591
-0.084087 0.826092 0.411429
-0.085156 0.824616 0.411000
-0.087439 0.822172 0.410629
-0.088030 0.821527 0.410536
-0.089187 0.818325 0.410390
-0.089500 0.817881 0.410294
-0.090437 0.815621 0.409944
-0.091163 0.814832 0.409661
-0.093334 0.808988 0.407256
-0.093287 0.811265 0.407044
-0.093749 0.811321 0.406898
-0.093806 0.811295 0.406885
-0.094558 0.810816 0.406866
-0.095279 0.810352 0.406856
-0.096128 0.809807 0.406955
-0.096271 0.809639 0.407060
-0.096577 0.809384 0.407205
-0.096652 0.809260 0.407280
-0.096915 0.809080 0.407356
-0.097021 0.808980 0.407388
-0.097358 0.808828 0.407387
-0.097490 0.808626 0.407495
-0.097384 0.808420 0.407628
-0.097327 0.808085 0.407727
-0.097340 0.807634 0.407791
-0.097258 0.807209 0.407866
-0.097131 0.806731 0.407950
-0.097093 0.806333 0.407987
-0.097008 0.805939 0.408037
-0.096830 0.805593 0.408121
-0.096637 0.805073 0.408221
-0.096817 0.804522 0.408174
-0.096865 0.804304 0.408161
-0.097605 0.803744 0.408145
-0.098877 0.802310 0.408573
-0.098857 0.802156 0.408677
-0.098379 0.801997 0.408984
-0.098112 0.801892 0.409144
-0.097183 0.801635 0.409613
-0.096901 0.801513 0.409764
-0.095842 0.801087 0.410284
-0.095648 0.800935 0.410397
-0.095329 0.800817 0.410542
-0.095759 0.800226 0.410656
-0.096144 0.799675 0.410785
-0.096111 0.799301 0.411006
-0.095732 0.798651 0.411478
-0.094914 0.798244 0.411992
-0.094100 0.797829 0.412465
-0.093627 0.797677 0.412699
-0.092467 0.797121 0.413293
-0.092043 0.796969 0.413487
-0.091301 0.796571 0.413843
-0.090832 0.796420 0.414039
-0.090114 0.796041 0.414364
-0.089683 0.795855 0.414541
-0.088882 0.795416 0.414881
-0.089338 0.794718 0.414968
-0.089897 0.793608 0.415217
-0.090593 0.792774 0.415347
-0.091134 0.791195 0.415978
-0.091669 0.790421 0.416171
-0.091913 0.788905 0.416902
-0.092351 0.788130 0.417122
-0.092691 0.786959 0.417591
-0.093247 0.786113 0.417801
-0.091766 0.784005 0.419291
-0.090319 0.783503 0.419817
-0.089956 0.783384 0.419950
-0.089205 0.783124 0.420195
-0.088682 0.782939 0.420372
-0.087421 0.782662 0.420673
-0.085847 0.782258 0.420938
-0.084440 0.781833 0.421107
-0.083276 0.781309 0.421204
-0.082519 0.780983 0.421273
-0.082118 0.780534 0.421317
-0.082031 0.780405 0.421331
-0.083544 0.779182 0.421274
-0.083591 0.777801 0.421381
-0.082819 0.777318 0.421438
-0.082269 0.776808 0.421483
-0.082181 0.776667 0.421494
-0.081734 0.776448 0.421520
-0.081557 0.776289 0.421534
-0.080937 0.776024 0.421568
-0.080512 0.775677 0.421598
-0.079914 0.775426 0.421630
-0.079531 0.775006 0.421657
-0.079217 0.774846 0.421674
-0.078915 0.774617 0.421693
-0.079593 0.773849 0.421669
-0.080074 0.773218 0.421661
-0.080212 0.772676 0.421671
-0.081098 0.771707 0.421651
-0.081666 0.770961 0.421648
-0.082738 0.769880 0.421629
-0.083548 0.768953 0.421627
-0.083709 0.768331 0.421638
-0.084507 0.767299 0.421629
-0.085148 0.766383 0.421627
-0.085076 0.765199 0.421628
-0.083314 0.763358 0.421536
-0.081933 0.762344 0.421430
-0.081603 0.761979 0.421400
-0.081583 0.761806 0.421386
-0.081246 0.761073 0.421342
-0.080749 0.760508 0.421307
-0.080336 0.759980 0.421284
-0.079945 0.759476 0.421268
-0.080840 0.758858 0.421282
-0.082342 0.757619 0.421332
-0.084225 0.756370 0.421377
-0.084706 0.754994 0.421323
-0.084361 0.754571 0.421232
-0.083896 0.754132 0.421165
-0.083670 0.753717 0.421131
-0.083294 0.753154 0.421098
-0.083038 0.752752 0.421086
-0.082858 0.752319 0.421084
-0.082643 0.751752 0.421084
-0.082358 0.751091 0.421089
-0.082138 0.750637 0.421098
-0.082202 0.750553 0.421105
-0.082326 0.750332 0.421123
-0.082454 0.750263 0.421136
-0.083539 0.749613 0.421191
-0.084471 0.749003 0.421245
-0.085087 0.748618 0.421282
-0.086413 0.747831 0.421351
-0.088582 0.746107 0.421461
-0.088316 0.745650 0.421381
-0.088054 0.745258 0.421326
-0.087849 0.744721 0.421280
-0.087493 0.744243 0.421250
-0.087281 0.743652 0.421247
-0.087024 0.743087 0.421254
-0.086806 0.742393 0.421263
-0.086556 0.741586 0.421286
-0.086199 0.740737 0.421317
-0.085970 0.739987 0.421340
-0.085680 0.739178 0.421375
-0.085262 0.738343 0.421417
-0.085061 0.737694 0.421449
-0.084641 0.736825 0.421497
-0.084599 0.736594 0.421504
-0.086353 0.735095 0.421646
-0.086926 0.734246 0.421711
-0.087938 0.733382 0.421780
-0.089493 0.731675 0.421905
-0.090479 0.730778 0.421964
-0.092257 0.729428 0.422086
-0.094735 0.726656 0.422241
-0.094333 0.725663 0.422070
-0.093830 0.724783 0.421957
-0.093253 0.723861 0.421882
-0.092630 0.722602 0.421833
-0.092529 0.722408 0.421827
-0.092556 0.721777 0.421839
-0.092521 0.721590 0.421843
-0.092566 0.721408 0.421854
-0.093598 0.720637 0.421959
-0.094498 0.719947 0.422053
-0.095053 0.719458 0.422103
-0.096335 0.718498 0.422224
-0.097338 0.717724 0.422322
-0.097944 0.717214 0.422371
-0.098265 0.716846 0.422391
-0.098656 0.716308 0.422395
-0.098428 0.715137 0.422307
-0.098181 0.714746 0.422269
-0.097891 0.714084 0.422248
-0.097829 0.713468 0.422254
-0.097655 0.712878 0.422257
-0.097256 0.712030 0.422250
-0.097042 0.711626 0.422264
-0.096824 0.711253 0.422280
-0.096592 0.710941 0.422302
-0.096462 0.710571 0.422317
-0.096514 0.710379 0.422318
-0.096763 0.709984 0.422340
-0.096691 0.709715 0.422358
-0.096741 0.709451 0.422383
-0.097720 0.708681 0.422502
-0.098575 0.707987 0.422606
-0.099129 0.707483 0.422660
-0.100430 0.706475 0.422794
-0.102583 0.704537 0.423001
-0.102200 0.703711 0.422833
-0.101875 0.702752 0.422772
-0.101808 0.702465 0.422766
-0.101470 0.701911 0.422736
-0.101362 0.701574 0.422728
-0.100906 0.700970 0.422695
-0.100701 0.700666 0.422687
-0.100277 0.700171 0.422665
-0.100132 0.699830 0.422662
-0.100955 0.698836 0.422784
-0.101654 0.697940 0.422879
-0.102049 0.696164 0.422941
-0.101810 0.695788 0.422915
-0.101322 0.694935 0.422858
-0.101013 0.694496 0.422831
-0.100568 0.693492 0.422790
-0.100128 0.692953 0.422758
-0.100003 0.692573 0.422749
-0.099683 0.691884 0.422712
-0.099543 0.691440 0.422706
-0.099054 0.690659 0.422681
-0.098881 0.690209 0.422675
-0.098627 0.689770 0.422664
-0.099352 0.688708 0.422777
-0.099996 0.687758 0.422882
-0.100331 0.686441 0.422934
-0.100341 0.685862 0.422930
-0.099833 0.684617 0.422853
-0.099749 0.684117 0.422836
-0.099509 0.682994 0.422793
-0.099425 0.682359 0.422774
-0.099030 0.681301 0.422719
-0.098825 0.680926 0.422705
-0.097907 0.680130 0.422643
-0.097780 0.679769 0.422644
-0.097405 0.679198 0.422628
-0.097285 0.678814 0.422622
-0.097021 0.677937 0.422588
-0.096863 0.677457 0.422584
-0.097688 0.676410 0.422717
-0.098342 0.675511 0.422826
-0.098866 0.673645 0.422896
-0.098753 0.673216 0.422872
-0.098539 0.672320 0.422822
-0.098326 0.671928 0.422798
-0.097966 0.671125 0.422753
-0.097450 0.670550 0.422710
-0.097165 0.669703 0.422691
-0.096545 0.668716 0.422637
-0.096429 0.668312 0.422632
-0.096044 0.667534 0.422608
-0.095876 0.667089 0.422599
-0.095372 0.666416 0.422566
-0.095237 0.665972 0.422560
-0.094861 0.665252 0.422525
-0.094680 0.664462 0.422515
-0.094472 0.664193 0.422501
-0.095285 0.663260 0.422628
-0.096057 0.662366 0.422748
-0.096414 0.661714 0.422800
-0.096588 0.661125 0.422815
-0.096518 0.660250 0.422793
-0.096451 0.659804 0.422773
-0.096171 0.658851 0.422716
-0.095366 0.657137 0.422603
-0.094842 0.655867 0.422587
-0.094499 0.655432 0.422595
-0.094321 0.654840 0.422604
-0.094163 0.654325 0.422631
-0.094006 0.653706 0.422639
-0.093989 0.652937 0.422639
-0.093748 0.652164 0.422637
-0.093512 0.651343 0.422652
-0.094473 0.650577 0.422800
-0.095947 0.649352 0.423017
-0.098237 0.647884 0.423367
-0.099881 0.646112 0.423450
-0.099895 0.646088 0.423330
-0.099949 0.645602 0.423249
-0.099875 0.645021 0.423220
-0.099627 0.644342 0.423192
-0.099529 0.643715 0.423196
-0.099401 0.643382 0.423199
-0.100375 0.642568 0.423360
-0.101676 0.641507 0.423591
-0.102959 0.640520 0.423785
-0.105432 0.638516 0.424107
-0.105928 0.637592 0.423972
-0.105714 0.636993 0.423849
-0.105560 0.636632 0.423800
-0.105396 0.636303 0.423790
-0.105252 0.635541 0.423792
-0.105272 0.635012 0.423784
-0.105271 0.633894 0.423792
-0.105015 0.633483 0.423791
-0.104987 0.633329 0.423797
-0.104822 0.633058 0.423790
-0.104777 0.632888 0.423792
-0.104594 0.632633 0.423780
-0.104495 0.632451 0.423777
-0.104269 0.632008 0.423750
-0.104190 0.631705 0.423743
-0.103968 0.631027 0.423724
-0.103863 0.630633 0.423717
-0.103514 0.630047 0.423697
-0.103414 0.629624 0.423694
-0.103074 0.628417 0.423663
-0.102952 0.628046 0.423664
-0.102581 0.627456 0.423645
-0.102406 0.627093 0.423644
-0.103204 0.626037 0.423811
-0.103919 0.625192 0.423953
-0.104632 0.623946 0.424077
-0.104723 0.623523 0.424084
-0.104715 0.622792 0.424068
-0.104560 0.622640 0.424045
-0.104265 0.622362 0.424001
-0.104094 0.622263 0.423980
-0.103846 0.621947 0.423954
-0.103616 0.621612 0.423921
-0.103521 0.621102 0.423904
-0.103379 0.620898 0.423892
-0.103086 0.620479 0.423873
-0.102922 0.620222 0.423857
-0.102565 0.619850 0.423825
-0.102409 0.619579 0.423811
-0.102132 0.618952 0.423795
-0.101997 0.618616 0.423783
-0.101780 0.617755 0.423768
-0.101603 0.617445 0.423757
-0.101336 0.616727 0.423735
-0.101185 0.616328 0.423726
-0.100830 0.615683 0.423718
-0.100625 0.615333 0.423710
-0.100299 0.614508 0.423701
-0.100073 0.614151 0.423696
-0.099625 0.612789 0.423688
-0.099448 0.612339 0.423677
-0.099114 0.611393 0.423667
-0.098900 0.610963 0.423657
-0.098522 0.610077 0.423637
-0.098278 0.609752 0.423625
-0.097836 0.609096 0.423606
-0.097619 0.608776 0.423591
-0.097292 0.608065 0.423575
-0.097133 0.607598 0.423565
-0.096834 0.606696 0.423555
-0.096632 0.606309 0.423542
-0.096333 0.605324 0.423526
-0.095982 0.604382 0.423498
-0.095813 0.603977 0.423499
-0.095430 0.603233 0.423478
-0.095296 0.602765 0.423478
-0.094890 0.602082 0.423457
-0.094751 0.601680 0.423455
-0.094386 0.601025 0.423429
-0.094286 0.600520 0.423427
-0.093969 0.599600 0.423408
-0.093801 0.599198 0.423404
-0.093351 0.598630 0.423374
-0.093231 0.598179 0.423371
-0.092899 0.597301 0.423346
-0.092767 0.596823 0.423343
-0.092410 0.595953 0.423320
-0.092293 0.595453 0.423316
-0.091941 0.594613 0.423296
-0.091757 0.594259 0.423292
-0.091331 0.593617 0.423268
-0.091197 0.593163 0.423265
-0.090867 0.592328 0.423242
-0.090753 0.591851 0.423240
-0.090391 0.591102 0.423215
-0.091211 0.590158 0.423377
-0.092006 0.589264 0.423536
-0.092661 0.588221 0.423669
-0.092813 0.587779 0.423695
-0.092762 0.587295 0.423689
-0.092761 0.586920 0.423685
-0.092569 0.586334 0.423652
-0.092494 0.586007 0.423642
-0.092227 0.585450 0.423604
-0.092144 0.585036 0.423594
-0.091835 0.584400 0.423557
-0.091716 0.584043 0.423548
-0.093361 0.582341 0.423879
-0.093891 0.581729 0.423977
-0.096202 0.580056 0.424420
-0.098102 0.578672 0.424696
-0.098463 0.577967 0.424642
-0.098513 0.577217 0.424595
-0.098423 0.576682 0.424578
-0.098354 0.575949 0.424575
-0.098262 0.575330 0.424578
-0.098267 0.575085 0.424585
-0.098340 0.574800 0.424602
-0.098409 0.574486 0.424620
-0.098535 0.574073 0.424658
-0.098600 0.573782 0.424677
-0.098762 0.573296 0.424719
-0.098826 0.573001 0.424736
-0.099015 0.572435 0.424779
-0.099105 0.571308 0.424840
-0.099018 0.570549 0.424880
-0.098975 0.569853 0.424900
-0.098850 0.569103 0.424922
-0.098778 0.568467 0.424943
-0.098731 0.567679 0.424966
-0.098667 0.566236 0.424995
-0.098655 0.565992 0.425005
-0.098732 0.565523 0.425041
-0.098767 0.565228 0.425056
-0.098900 0.564650 0.425099
-0.098956 0.564318 0.425117
-0.099055 0.563991 0.425142
-0.100057 0.563080 0.425347
-0.100976 0.562233 0.425540
-0.102099 0.561180 0.425766
-0.102423 0.560774 0.425824
-0.102683 0.560486 0.425866
-0.103110 0.559649 0.425948
-0.103210 0.558855 0.425969
-0.103168 0.557901 0.425983
-0.103088 0.557170 0.426001
-0.103037 0.556206 0.426022
-0.102936 0.555469 0.426042
-0.102892 0.554250 0.426068
-0.102733 0.553312 0.426093
-0.102687 0.552444 0.426117
-0.102570 0.551511 0.426148
-0.102471 0.550853 0.426172
-0.102369 0.550229 0.426202
-0.102364 0.549318 0.426228
-0.102257 0.548330 0.426259
-0.102170 0.547469 0.426288
-0.102115 0.546732 0.426311
-0.102009 0.545809 0.426336
-0.101996 0.544887 0.426366
-0.101916 0.544105 0.426396
-0.101873 0.543203 0.426423
-0.101778 0.542200 0.426457
-0.101755 0.541225 0.426488
-0.101658 0.540212 0.426523
-0.101524 0.539443 0.426544
-0.101452 0.538853 0.426570
-0.101471 0.537873 0.426602
-0.101365 0.536917 0.426627
-0.101306 0.535970 0.426663
-0.101290 0.535785 0.426671
-0.101373 0.535376 0.426701
-0.101426 0.535080 0.426719
-0.102335 0.534237 0.426912
-0.103198 0.533568 0.427100
-0.104684 0.532493 0.427407
-0.105941 0.531538 0.427669
-0.107523 0.530292 0.427973
-0.107975 0.529893 0.428053
-0.108593 0.529390 0.428150
-0.109061 0.528825 0.428210
-0.109183 0.528280 0.428218
-0.109190 0.527685 0.428231
-0.109156 0.526943 0.428247
-0.109113 0.526305 0.428274
-0.109082 0.525524 0.428301
-0.109042 0.524581 0.428331
-0.108943 0.523899 0.428357
-0.108930 0.523091 0.428387
-0.108893 0.522225 0.428416
-0.108845 0.521554 0.428442
-0.108814 0.520575 0.428475
-0.108734 0.519700 0.428505
-0.108655 0.518982 0.428530
-0.108610 0.518252 0.428565
-0.108590 0.517564 0.428598
-0.108575 0.516792 0.428632
-0.108555 0.515964 0.428664
-0.108470 0.515141 0.428690
-0.108459 0.514340 0.428719
-0.108455 0.513456 0.428754
-0.108417 0.512418 0.428793
-0.108438 0.512123 0.428807
-0.108549 0.511578 0.428845
-0.108587 0.511287 0.428863
-0.108669 0.510967 0.428886
-0.109555 0.510105 0.429087
-0.110393 0.509231 0.429284
-0.111792 0.507983 0.429601
-0.113004 0.506941 0.429876
-0.114376 0.505769 0.430195
-0.114803 0.505440 0.430283
-0.115591 0.504668 0.430442
-0.115859 0.503816 0.430494
-0.115892 0.503306 0.430517
-0.115911 0.502496 0.430547
-0.115912 0.501792 0.430578
-0.115951 0.500820 0.430621
-0.115879 0.499837 0.430659
-0.115806 0.499103 0.430693
-0.115781 0.498328 0.430726
-0.115784 0.497352 0.430773
-0.115767 0.496617 0.430808
-0.115696 0.495851 0.430838
-0.115659 0.495102 0.430868
-0.115644 0.494488 0.430894
-0.115648 0.493621 0.430935
-0.115602 0.492900 0.430966
-0.115594 0.492255 0.430998
-0.115561 0.491481 0.431030
-0.115541 0.490694 0.431067
-0.115529 0.490545 0.431074
-0.115566 0.490365 0.431086
-0.115624 0.490100 0.431103
-0.116475 0.489160 0.431302
-0.117284 0.488352 0.431498
-0.117858 0.487705 0.431639
-0.119036 0.486571 0.431922
-0.120077 0.485623 0.432175
-0.120814 0.484889 0.432355
-0.122083 0.483743 0.432666
-0.124727 0.481363 0.433351
-0.125439 0.480531 0.433519
-0.125619 0.480043 0.433567
-0.125689 0.479366 0.433601
-0.125719 0.478631 0.433631
-0.125707 0.478279 0.433649
-0.125723 0.478156 0.433658
-0.125763 0.477833 0.433681
-0.126536 0.476968 0.433880
-0.127273 0.476104 0.434080
-0.127812 0.475496 0.434223
-0.128926 0.474386 0.434514
-0.129880 0.473412 0.434774
-0.130573 0.472738 0.434958
-0.131774 0.471637 0.435277
-0.132805 0.470651 0.435559
-0.133577 0.469922 0.435763
-0.134831 0.468763 0.436098
-0.137427 0.466618 0.436837
-0.138237 0.466127 0.437038
-0.138431 0.465873 0.437077
-0.138519 0.465292 0.437110
-0.138497 0.464920 0.437129
-0.138472 0.464406 0.437152
-0.138442 0.464274 0.437156
-0.138406 0.463854 0.437171
-0.138359 0.463653 0.437177
-0.138242 0.462977 0.437191
-0.138174 0.462804 0.437194
-0.138799 0.461936 0.437390
-0.139406 0.461074 0.437586
-0.140516 0.459672 0.437923
-0.141394 0.458615 0.438208
-0.142636 0.457276 0.438598
-0.143657 0.456210 0.438925
-0.144318 0.455601 0.439147
-0.145510 0.454409 0.439531
-0.145856 0.453917 0.439599
-0.145881 0.453807 0.439602
-0.145977 0.453610 0.439602
-0.146014 0.453431 0.439606
-0.146118 0.453110 0.439617
-0.146165 0.452853 0.439628
-0.146286 0.452386 0.439651
-0.146336 0.452072 0.439668
-0.146436 0.451551 0.439698
-0.147104 0.450613 0.439911
-0.147735 0.449670 0.440124
-0.148519 0.448544 0.440386
-0.148749 0.448144 0.440468
-0.149052 0.447775 0.440567
-0.149153 0.447575 0.440601
-0.149349 0.447182 0.440654
-0.149409 0.446974 0.440675
-0.149553 0.446528 0.440715
-0.149603 0.446248 0.440736
-0.149708 0.445809 0.440771
-0.149747 0.445547 0.440791
-0.149832 0.445149 0.440827
-0.149865 0.444888 0.440848
-0.149936 0.444558 0.440882
-0.149976 0.444282 0.440905
-0.150075 0.443796 0.440948
-0.150114 0.443487 0.440973
-0.150186 0.443101 0.441016
-0.150215 0.442854 0.441039
-0.150269 0.442583 0.441064
-0.150931 0.441593 0.441286
-0.151538 0.440671 0.441504
-0.152577 0.439183 0.441864
-0.153459 0.438014 0.442176
-0.154080 0.437172 0.442401
-0.155111 0.435834 0.442762
-0.155986 0.434638 0.443079
-0.157054 0.433375 0.443464
-0.157373 0.432970 0.443580
-0.157811 0.432589 0.443722
-0.157952 0.432409 0.443766
-0.158183 0.432125 0.443825
-0.158263 0.431933 0.443847
-0.158413 0.431652 0.443881
-0.158463 0.431458 0.443897
-0.158561 0.431190 0.443922
-0.158601 0.430973 0.443937
-0.159195 0.430029 0.444149
-0.159767 0.429210 0.444356
-0.160187 0.428509 0.444512
-0.160499 0.428036 0.444625
-0.160894 0.427311 0.444774
-0.161029 0.427091 0.444820
-0.161205 0.426640 0.444886
-0.161283 0.426451 0.444909
-0.161424 0.425830 0.444967
-0.161462 0.425716 0.444981
-0.161521 0.425357 0.445011
-0.161559 0.425209 0.445024
-0.161617 0.424795 0.445055
-0.161653 0.424661 0.445068
-0.161724 0.423981 0.445126
-0.161732 0.423174 0.445187
-0.161689 0.422636 0.445228
-0.162215 0.421709 0.445437
-0.163436 0.419408 0.445977
-0.163717 0.418576 0.446137
-0.163755 0.417917 0.446200
-0.163711 0.417133 0.446243
-0.163638 0.416488 0.446273
-0.163536 0.415775 0.446305
-0.163474 0.415073 0.446339
-0.163398 0.414327 0.446370
-0.163331 0.413706 0.446402
-0.163309 0.413318 0.446424
-0.163308 0.412958 0.446443
-0.163336 0.412542 0.446463
-0.163348 0.412461 0.446467
-0.163409 0.412279 0.446474
-0.163444 0.412167 0.446479
-0.163532 0.411959 0.446490
-0.163578 0.411840 0.446497
-0.163676 0.411634 0.446511
-0.163721 0.411525 0.446519
-0.163823 0.411314 0.446536
-0.163870 0.411197 0.446544
-0.163925 0.411071 0.446553
-0.164502 0.410292 0.446747
-0.165038 0.409507 0.446945
-0.165720 0.408529 0.447197
-0.165943 0.408202 0.447278
-0.166252 0.407769 0.447384
-0.166360 0.407607 0.447419
-0.166540 0.407344 0.447469
-0.166610 0.407219 0.447488
-0.166741 0.406999 0.447519
-0.166798 0.406879 0.447532
-0.166911 0.406660 0.447557
-0.166962 0.406544 0.447569
-0.167066 0.406329 0.447592
-0.167113 0.406217 0.447603
-0.167216 0.405997 0.447623
-0.167265 0.405876 0.447635
-0.167370 0.405639 0.447658
-0.167415 0.405520 0.447670
-0.167513 0.405309 0.447692
-0.167558 0.405197 0.447704
-0.167658 0.404985 0.447728
-0.167706 0.404868 0.447741
-0.167812 0.404637 0.447764
-0.167861 0.404513 0.447777
-0.167964 0.404278 0.447803
-0.168014 0.404144 0.447816
-0.168116 0.403892 0.447842
-0.168190 0.403642 0.447869
-0.168234 0.403531 0.447880
-0.168323 0.403259 0.447903
-0.168369 0.403148 0.447913
-0.168460 0.402876 0.447935
-0.168506 0.402764 0.447944
-0.168594 0.402508 0.447964
-0.168638 0.402407 0.447972
-0.168725 0.402162 0.447990
-0.168772 0.402055 0.447998
-0.168864 0.401794 0.448016
-0.168909 0.401690 0.448025
-0.168994 0.401447 0.448044
-0.169041 0.401338 0.448052
-0.169130 0.401078 0.448070
-0.169176 0.400974 0.448078
-0.169263 0.400726 0.448096
-0.169307 0.400625 0.448103
-0.169396 0.400370 0.448120
-0.169443 0.400260 0.448127
-0.169534 0.399992 0.448145
-0.169577 0.399888 0.448153
-0.169663 0.399637 0.448171
-0.169704 0.399542 0.448178
-0.169786 0.399312 0.448194
-0.169830 0.399213 0.448201
-0.169915 0.398970 0.448217
-0.169961 0.398866 0.448224
-0.170049 0.398617 0.448240
-0.170094 0.398517 0.448246
-0.170180 0.398270 0.448262
-0.170228 0.398156 0.448269
-0.170316 0.397890 0.448287
-0.170360 0.397784 0.448294
-0.170448 0.397525 0.448311
-0.170494 0.397416 0.448319
-0.170581 0.397157 0.448336
-0.170625 0.397056 0.448342
-0.170711 0.396811 0.448358
-0.170756 0.396708 0.448364
-0.170844 0.396450 0.448381
-0.170892 0.396335 0.448389
-0.170984 0.396061 0.448407
-0.171028 0.395955 0.448414
-0.171113 0.395709 0.448431
-0.171158 0.395603 0.448438
-0.171244 0.395343 0.448454
-0.171289 0.395236 0.448461
-0.171378 0.394972 0.448478
-0.171423 0.394865 0.448485
-0.171509 0.394611 0.448501
-0.171552 0.394510 0.448507
-0.171636 0.394270 0.448523
-0.171679 0.394171 0.448529
-0.171763 0.393930 0.448544
-0.171806 0.393834 0.448550
-0.172315 0.393053 0.448728
-0.172789 0.392279 0.448909
-0.173400 0.391382 0.449139
-0.173603 0.391105 0.449214
-0.173903 0.390744 0.449313
-0.174016 0.390595 0.449348
-0.174199 0.390369 0.449398
-0.174275 0.390252 0.449418
-0.174409 0.390055 0.449450
-0.174468 0.389947 0.449464
-0.174581 0.389754 0.449487
-0.174671 0.389536 0.449510
-0.174755 0.389391 0.449527
-0.174798 0.389294 0.449536
-0.174888 0.389105 0.449551
-0.174933 0.388990 0.449559
-0.175025 0.388781 0.449576
-0.175067 0.388665 0.449584
-0.175154 0.388451 0.449598
-0.175194 0.388339 0.449605
-0.175282 0.388135 0.449619
-0.175387 0.387741 0.449657
-0.175429 0.387383 0.449684
-0.175444 0.387045 0.449701
-0.175456 0.386722 0.449710
-0.175457 0.386386 0.449716
-0.175446 0.385996 0.449721
-0.175453 0.385904 0.449721
-0.175489 0.385711 0.449718
-0.175511 0.385597 0.449718
-0.175569 0.385380 0.449718
-0.175630 0.384954 0.449732
-0.175652 0.384627 0.449744
-0.175662 0.384273 0.449753
-0.175653 0.383887 0.449758
-0.175649 0.383573 0.449761
-0.175638 0.383259 0.449761
-0.175628 0.382842 0.449763
-0.175616 0.382543 0.449764
-0.175612 0.382186 0.449765
-0.175594 0.381785 0.449765
-0.175576 0.381425 0.449763
-0.175563 0.381068 0.449760
-0.175550 0.380712 0.449760
-0.175556 0.380620 0.449759
-0.174722 0.381845 0.449433
-0.174439 0.382177 0.449312
-0.173220 0.383812 0.448835
-0.171963 0.384538 0.448330
-0.171649 0.384169 0.448207
-0.171481 0.383695 0.448141
-0.171429 0.383297 0.448115
-0.171394 0.382939 0.448097
-0.171364 0.382532 0.448082
-0.171348 0.382218 0.448072
-0.171341 0.381869 0.448066
-0.171328 0.381544 0.448060
-0.171311 0.381167 0.448053
-0.171309 0.380843 0.448050
-0.171297 0.380475 0.448045
-0.171303 0.380388 0.448043
-0.171349 0.380111 0.448037
-0.171416 0.380015 0.448037
-0.171516 0.379985 0.448045
-0.171613 0.379977 0.448054
-0.171741 0.379971 0.448072
-0.171846 0.379980 0.448086
-0.171963 0.379977 0.448101
-0.172081 0.379994 0.448118
-0.172224 0.380007 0.448143
-0.172338 0.380030 0.448160
-0.172480 0.380051 0.448185
-0.172616 0.380065 0.448210
-0.172732 0.380071 0.448227
-0.172854 0.380081 0.448246
-0.172981 0.380104 0.448265
-0.173129 0.380136 0.448292
-0.173276 0.380137 0.448320
-0.173395 0.380160 0.448338
-0.173547 0.380182 0.448365
-0.173674 0.380189 0.448385
-0.173808 0.380194 0.448406
-0.173963 0.380218 0.448435
-0.174093 0.380220 0.448456
-0.174229 0.380226 0.448478
-0.174364 0.380253 0.448500
-0.174406 0.380251 0.448504
-0.174432 0.380314 0.448510
-0.174523 0.380439 0.448518
-0.174551 0.380545 0.448526
-0.174730 0.380828 0.448554
-0.174943 0.380947 0.448596
-0.175131 0.380981 0.448634
-0.175275 0.381002 0.448660
-0.175421 0.381031 0.448685
-0.175598 0.381070 0.448720
-0.175715 0.381074 0.448739
-0.175973 0.380919 0.447887
-0.176374 0.380734 0.446734
-0.176705 0.380543 0.445595
-0.177182 0.380319 0.444148
-0.177523 0.380121 0.442936
-0.178009 0.379922 0.441417
-0.178343 0.379731 0.440187
-0.179075 0.379516 0.438064
-0.179394 0.379551 0.437783
-0.179667 0.379619 0.437800
-0.179856 0.379671 0.437843
-0.179960 0.379684 0.437864
-0.180182 0.379517 0.437005
-0.180531 0.379330 0.435849
-0.180805 0.379123 0.434702
-0.181211 0.378896 0.433252
-0.181485 0.378690 0.432032
-0.181889 0.378484 0.430509
-0.182157 0.378268 0.429270
-0.182557 0.378036 0.427733
-0.182810 0.377824 0.426490
-0.183192 0.377603 0.424949
-0.183364 0.377499 0.424571
-0.183657 0.377353 0.424227
-0.183808 0.377258 0.424148
-0.184255 0.377139 0.424144
-0.184534 0.377195 0.424218
-0.184780 0.377303 0.424283
-0.184976 0.377366 0.424329
-0.185120 0.377417 0.424359
-0.185300 0.377445 0.424396
-0.185464 0.377480 0.424431
-0.185598 0.377514 0.424455
-0.185742 0.377545 0.424479
-0.185919 0.377584 0.424513
-0.186063 0.377585 0.424537
-0.186235 0.377641 0.424570
-0.186379 0.377685 0.424594
-0.186570 0.377710 0.424628
-0.186720 0.377738 0.424653
-0.186903 0.377792 0.424686
-0.187055 0.377832 0.424710
-0.187255 0.377838 0.424746
-0.187438 0.377885 0.424779
-0.187595 0.377931 0.424806
-0.187765 0.377958 0.424835
-0.187972 0.377997 0.424869
-0.188138 0.378033 0.424896
-0.188344 0.378083 0.424930
-0.188544 0.378150 0.424963
-0.188739 0.378198 0.424995
-0.188910 0.378217 0.425023
-0.189117 0.378250 0.425056
-0.189287 0.378296 0.425083
-0.189468 0.378339 0.425109
-0.189658 0.378395 0.425137
-0.189854 0.378442 0.425167
-0.189911 0.378445 0.425174
-0.189965 0.378453 0.425140
-0.190092 0.378472 0.425099
-0.190146 0.378489 0.425052
-0.190271 0.378521 0.424998
-0.190322 0.378546 0.424947
-0.190447 0.378581 0.424889
-0.190498 0.378604 0.424837
-0.190620 0.378638 0.424777
-0.190672 0.378657 0.424725
-0.190798 0.378682 0.424666
-0.190851 0.378695 0.424614
-0.190979 0.378709 0.424556
-0.191032 0.378727 0.424504
-0.191158 0.378759 0.424445
-0.191210 0.378780 0.424394
-0.191338 0.378807 0.424336
-0.191389 0.378834 0.424284
-0.191519 0.378871 0.424226
-0.191574 0.378894 0.424175
-0.191704 0.378938 0.424117
-0.191759 0.378960 0.424066
-0.191890 0.378999 0.424007
-0.191942 0.379025 0.423955
-0.192072 0.379065 0.423895
-0.192130 0.379076 0.423844
-0.192270 0.379081 0.423789
-0.192327 0.379096 0.423738
-0.192463 0.379130 0.423682
-0.192523 0.379146 0.423632
-0.192666 0.379172 0.423576
-0.192727 0.379190 0.423526
-0.192871 0.379226 0.423471
-0.192929 0.379250 0.423421
-0.193069 0.379294 0.423364
-0.193131 0.379313 0.423314
-0.193282 0.379326 0.423259
-0.193345 0.379347 0.423210
-0.193616 0.379438 0.423145
-0.193870 0.379575 0.423159
-0.194177 0.379660 0.423195
-0.194466 0.379754 0.423231
-0.194706 0.379817 0.423261
-0.195004 0.379917 0.423297
-0.195304 0.380009 0.423332
-0.195552 0.380057 0.423359
-0.195805 0.380121 0.423385
-0.196127 0.380179 0.423422
-0.196380 0.380263 0.423449
-0.196710 0.380337 0.423483
-0.197036 0.380452 0.423514
-0.197107 0.380460 0.423520
-0.197249 0.380368 0.423530
-0.197326 0.380326 0.423538
-0.197470 0.380178 0.423550
-0.197547 0.380118 0.423559
-0.197691 0.379942 0.423571
-0.197766 0.379874 0.423580
-0.197913 0.379666 0.423594
-0.197984 0.379599 0.423602
-0.198124 0.379414 0.423615
-0.198200 0.379338 0.423624
-0.198344 0.379152 0.423638
-0.198691 0.379014 0.423677
-0.199035 0.379081 0.423708
-0.199337 0.379124 0.423734
-0.199709 0.379206 0.423764
-0.200068 0.379295 0.423791
-0.200436 0.379418 0.423814
-0.200800 0.379526 0.423832
-0.201108 0.379642 0.423844
-0.201507 0.379774 0.423862
-0.201908 0.379837 0.423885
-0.202222 0.379917 0.423898
-0.202644 0.380032 0.423916
-0.202973 0.380133 0.423923
-0.203390 0.380223 0.423936
-0.203738 0.380324 0.423942
-0.204188 0.380428 0.423951
-0.204636 0.380555 0.423960
-0.205022 0.380626 0.423969
-0.205410 0.380716 0.423973
-0.205819 0.380811 0.423973
-0.206304 0.380918 0.423973
-0.206695 0.381020 0.423973
-0.207182 0.381109 0.423971
-0.207717 0.381230 0.423961
-0.208140 0.381297 0.423949
-0.208566 0.381302 0.423943
-0.209121 0.381386 0.423926
-0.209691 0.381570 0.423902
-0.210300 0.381716 0.423876
-0.210987 0.382015 0.423832
-0.211577 0.382318 0.423791
-0.212397 0.382896 0.423728
-0.213092 0.383293 0.423676
-0.213808 0.383659 0.423627
-0.214761 0.384240 0.423540
-0.214956 0.384431 0.423519
-0.215136 0.384527 0.423499
-0.215539 0.384703 0.423457
-0.215711 0.384671 0.423444
-0.215905 0.384652 0.423430
-0.216079 0.384569 0.423419
-0.216270 0.384541 0.423403
-0.216615 0.384399 0.423379
-0.216802 0.384369 0.423363
-0.217128 0.384214 0.423345
-0.217815 0.384242 0.423291
-0.218616 0.384610 0.423206
-0.219668 0.385267 0.423080
-0.220676 0.385727 0.422967
-0.221732 0.386476 0.422819
-0.222629 0.387076 0.422710
-0.223715 0.387681 0.422572
-0.224682 0.388233 0.422447
-0.225545 0.388745 0.422350
-0.226346 0.389443 0.422205
-0.226979 0.389576 0.422132
-0.227784 0.389904 0.422016
-0.228403 0.390138 0.421946
-0.229216 0.390657 0.421810
-0.229993 0.391204 0.421676
-0.230754 0.391453 0.421599
-0.231607 0.391897 0.421475
-0.232450 0.392240 0.421330
-0.233160 0.392855 0.421217
-0.233919 0.393330 0.421108
-0.234119 0.393491 0.421078
-0.234483 0.393621 0.421034
-0.234667 0.393673 0.421003
-0.234952 0.393608 0.420955
-0.235110 0.393578 0.420931
-0.235386 0.393464 0.420895
-0.235555 0.393477 0.420865
-0.235859 0.393383 0.420810
-0.236048 0.393432 0.420777
-0.236431 0.393459 0.420719
-0.236656 0.393569 0.420678
-0.237062 0.393589 0.420614
-0.237303 0.393704 0.420569
-0.237705 0.393766 0.420493
-0.237956 0.393986 0.420440
-0.238415 0.394153 0.420346
-0.238655 0.394244 0.420310
-0.239105 0.394221 0.420254
-0.239315 0.394198 0.420229
-0.239704 0.394138 0.420176
-0.239917 0.394140 0.420133
-0.240315 0.394021 0.420061
-0.240554 0.394083 0.420007
-0.240968 0.393952 0.419935
-0.241229 0.394039 0.419881
-0.241707 0.394074 0.419793
-0.241955 0.394081 0.419741
-0.242421 0.394034 0.419644
-0.242690 0.394129 0.419593
-0.243199 0.394131 0.419513
-0.243461 0.394056 0.419480
-0.243993 0.394036 0.419384
-0.245308 0.394267 0.419109
-0.246343 0.394497 0.418891
-0.247605 0.394855 0.418591
-0.248588 0.395554 0.418290
-0.249456 0.395982 0.418105
-0.250390 0.396169 0.417979
-0.251757 0.396970 0.417679
-0.252968 0.397416 0.417438
-0.253707 0.397178 0.417318
-0.255097 0.398345 0.416905
-0.255582 0.398322 0.416842
-0.256462 0.398523 0.416589
-0.257323 0.399498 0.416314
-0.258386 0.400347 0.416076
-0.259118 0.400852 0.415891
-0.259700 0.401728 0.415776
-0.260472 0.402479 0.415646
-0.260963 0.402786 0.415610
-0.261102 0.402849 0.415583
-0.261401 0.402829 0.415541
-0.261570 0.403040 0.415487
-0.261888 0.403457 0.415363
-0.262099 0.403745 0.415305
-0.262415 0.404001 0.415224
-0.262580 0.404120 0.415184
-0.262799 0.404441 0.415110
-0.263005 0.404689 0.415054
-0.263323 0.404790 0.415002
-0.263404 0.404997 0.414972
-0.263592 0.405053 0.414961
-0.263731 0.405168 0.414929
-0.263878 0.405240 0.414898
-0.264015 0.405294 0.414874
-0.264259 0.405516 0.414820
-0.264389 0.405483 0.414788
-0.264741 0.405772 0.414662
-0.264918 0.405980 0.414619
-0.265289 0.406302 0.414507
-0.265514 0.406420 0.414450
-0.265783 0.406582 0.414353
-0.265944 0.406753 0.414305
-0.266224 0.406821 0.414245
-0.267146 0.407664 0.414049
-0.267983 0.408763 0.413825
-0.268368 0.410034 0.413779
-0.268902 0.411217 0.413731
-0.268968 0.411438 0.413722
-0.269082 0.411773 0.413796
-0.269071 0.411727 0.413875
-0.268962 0.411461 0.413977
-0.268901 0.411378 0.413979
-0.268832 0.411283 0.413967
-0.268811 0.411278 0.413958
-0.268870 0.411443 0.413908
-0.268835 0.411452 0.413891
-0.268826 0.411505 0.413900
-0.268851 0.411520 0.413881
-0.268840 0.411501 0.413869
-0.268820 0.411517 0.413855
-0.268863 0.411435 0.413836
-0.268865 0.411435 0.413815
-0.268861 0.411371 0.413797
-0.268848 0.411271 0.413795
-0.268904 0.411143 0.413764
-0.268960 0.411022 0.413750
-0.269109 0.410951 0.413681
-0.269188 0.410843 0.413659
-0.269214 0.410625 0.413661
-0.269254 0.410453 0.413675
-0.269385 0.410172 0.413646
-0.269445 0.409994 0.413626
-0.269645 0.409565 0.413588
-0.269766 0.409350 0.413532
-0.270126 0.409257 0.413423
-0.270401 0.409275 0.413339
-0.270959 0.409175 0.413181
-0.271195 0.409136 0.413112
-0.271860 0.409343 0.412924
-0.272135 0.409315 0.412833
-0.272808 0.409644 0.412627
-0.273055 0.409574 0.412565
-0.273566 0.409778 0.412439
-0.273708 0.409785 0.412381
-0.273922 0.409698 0.412289
-0.274026 0.409534 0.412260
-0.274744 0.409614 0.412091
-0.275362 0.409599 0.411825
-0.276447 0.409375 0.411461
-0.277418 0.409729 0.411123
-0.278918 0.410049 0.410726
-0.280631 0.409986 0.410299
-0.282368 0.410563 0.409867
-0.284597 0.410830 0.409446
-0.287279 0.411338 0.408941
-0.288357 0.411892 0.408687
-0.288922 0.412322 0.408564
-0.290221 0.413070 0.408264
-0.290835 0.413686 0.408155
-0.292091 0.414985 0.407911
-0.292613 0.415159 0.407865
-0.293571 0.415444 0.407701
-0.294116 0.415705 0.407603
-0.295023 0.415883 0.407440
-0.295667 0.416231 0.407317
-0.296789 0.416869 0.407233
-0.297367 0.417157 0.407212
-0.298792 0.418057 0.407054
-0.299366 0.418404 0.406895
-0.301696 0.419855 0.406309
-0.304099 0.420799 0.405921
-0.307668 0.422177 0.405361
-0.311605 0.425294 0.404758
-0.315821 0.427680 0.404409
-0.317751 0.429489 0.403589
-0.320121 0.430792 0.402792
-0.322551 0.433537 0.402067
-0.324588 0.434619 0.401683
-0.326917 0.435354 0.401321
-0.330121 0.435953 0.401123
-0.332244 0.436051 0.400748
-0.334774 0.435804 0.400177
-0.337042 0.435574 0.399755
-0.340848 0.435795 0.399492
-0.343940 0.437199 0.399689
-0.348061 0.437479 0.399298
-0.350884 0.438443 0.398810
-0.353703 0.438668 0.398189
-0.357313 0.438763 0.398519
-0.360296 0.440032 0.397831
-0.364710 0.440670 0.397916
-0.367029 0.442346 0.397878
