-0.080732 0.886041 0.407061
-0.079454 0.886079 0.407131
-0.078386 0.886098 0.407195
-0.078063 0.885897 0.407244
-0.076686 0.885729 0.407362
-0.076309 0.885397 0.407441
-0.075836 0.885328 0.407486
-0.076743 0.884360 0.407564
-0.076862 0.883182 0.407799
-0.075248 0.882368 0.408078
-0.073894 0.881185 0.408385
-0.072109 0.880486 0.408617
-0.070807 0.879376 0.408878
-0.069095 0.878711 0.409084
-0.068138 0.877882 0.409265
-0.066430 0.877194 0.409465
-0.065211 0.876083 0.409699
-0.063559 0.875409 0.409890
-0.062915 0.874834 0.410005
-0.063564 0.874127 0.410044
-0.063433 0.872463 0.410287
-0.062529 0.871024 0.410560
-0.063118 0.870164 0.410630
-0.063071 0.868724 0.410830
-0.062005 0.866848 0.411158
-0.062519 0.865859 0.411246
-0.061938 0.863491 0.411584
-0.060619 0.861486 0.411910
-0.061098 0.860450 0.411996
-0.060868 0.858705 0.412207
-0.059112 0.855820 0.412619
-0.059591 0.854761 0.412700
-0.059666 0.853814 0.412792
-0.051739 0.842487 0.414238
-0.053348 0.843434 0.414030
-0.053555 0.843392 0.414029
-0.053579 0.843354 0.414032
-0.054548 0.842830 0.414029
-0.055475 0.842307 0.414037
-0.056097 0.841575 0.414075
-0.056034 0.840464 0.414158
-0.055423 0.839404 0.414255
-0.054771 0.838421 0.414362
-0.054269 0.837838 0.414430
-0.053835 0.837162 0.414492
-0.054673 0.836538 0.414508
-0.055976 0.835490 0.414568
-0.057213 0.834587 0.414597
-0.058922 0.833078 0.414681
-0.060265 0.832026 0.414726
-0.062029 0.830358 0.414835
-0.064380 0.828193 0.414953
-0.065242 0.825277 0.415171
-0.064167 0.823354 0.415275
-0.063334 0.822499 0.415329
-0.062690 0.821760 0.415369
-0.061770 0.820846 0.415424
-0.061010 0.820083 0.415471
-0.060540 0.819462 0.415514
-0.060260 0.819263 0.415523
-0.059307 0.818416 0.415569
-0.059014 0.818224 0.415580
-0.058473 0.817818 0.415603
-0.058136 0.817613 0.415613
-0.057342 0.816944 0.415638
-0.057045 0.816767 0.415642
-0.056505 0.816346 0.415652
-0.055815 0.816043 0.415663
-0.055554 0.815849 0.415671
-0.054505 0.815056 0.415687
-0.054263 0.814853 0.415697
-0.053334 0.814192 0.415708
-0.053110 0.813952 0.415717
-0.052101 0.813158 0.415735
-0.051363 0.812366 0.415780
-0.050697 0.811455 0.415818
-0.050186 0.810657 0.415869
-0.049793 0.809904 0.415914
-0.049708 0.809721 0.415923
-0.049274 0.809397 0.415931
-0.049078 0.809172 0.415939
-0.049888 0.808445 0.415964
-0.050540 0.807810 0.415994
-0.050887 0.807239 0.416019
-0.052050 0.806225 0.416059
-0.052925 0.805393 0.416103
-0.053388 0.804669 0.416135
-0.054618 0.803580 0.416188
-0.055582 0.802608 0.416230
-0.056125 0.801803 0.416260
-0.057417 0.800579 0.416312
-0.058454 0.799576 0.416354
-0.059073 0.798750 0.416379
-0.060441 0.797482 0.416432
-0.061510 0.796536 0.416481
-0.062149 0.795727 0.416509
-0.063511 0.794519 0.416561
-0.064605 0.793619 0.416606
-0.065968 0.791457 0.416620
-0.066026 0.790483 0.416508
-0.065709 0.789848 0.416404
-0.065425 0.789551 0.416342
-0.065172 0.789030 0.416327
-0.065080 0.788886 0.416330
-0.064782 0.788798 0.416316
-0.064475 0.788360 0.416303
-0.064258 0.788039 0.416291
-0.063743 0.787616 0.416289
-0.063434 0.787056 0.416271
-0.063116 0.786630 0.416269
-0.063057 0.786521 0.416265
-0.062802 0.786404 0.416246
-0.062688 0.786364 0.416239
-0.062416 0.786289 0.416221
-0.062296 0.786169 0.416217
-0.061967 0.785933 0.416200
-0.061668 0.785572 0.416182
-0.061249 0.785336 0.416167
-0.061083 0.785173 0.416158
-0.060621 0.784975 0.416129
-0.060368 0.784806 0.416124
-0.059726 0.784451 0.416091
-0.059400 0.784211 0.416075
-0.058578 0.783756 0.416030
-0.057921 0.783191 0.415991
-0.057014 0.782570 0.415942
-0.056740 0.782389 0.415928
-0.056367 0.782250 0.415904
-0.057024 0.781601 0.415946
-0.057768 0.780932 0.415993
-0.058178 0.780463 0.416016
-0.059442 0.779540 0.416091
-0.060686 0.778734 0.416165
-0.061572 0.778185 0.416199
-0.063222 0.777234 0.416286
-0.064758 0.776493 0.416370
-0.066446 0.775431 0.416414
-0.066959 0.775187 0.416422
-0.067522 0.775009 0.416411
-0.067729 0.775031 0.416398
-0.067914 0.775130 0.416362
-0.068163 0.775258 0.416283
-0.068130 0.774861 0.416257
-0.067990 0.774770 0.416250
-0.067919 0.774813 0.416249
-0.067879 0.774618 0.416240
-0.067707 0.774254 0.416223
-0.067518 0.773710 0.416218
-0.067416 0.773800 0.416219
-0.067358 0.773530 0.416204
-0.067032 0.773061 0.416181
-0.066633 0.772342 0.416151
-0.066559 0.772257 0.416146
-0.066146 0.771527 0.416114
-0.065584 0.771001 0.416100
-0.065219 0.770320 0.416076
-0.065085 0.770074 0.416065
-0.064448 0.769313 0.416014
-0.064205 0.769112 0.416001
-0.063572 0.768834 0.415967
-0.063014 0.768284 0.415922
-0.062398 0.767727 0.415893
-0.062073 0.767520 0.415882
-0.060656 0.766451 0.415782
-0.059512 0.765916 0.415686
-0.058458 0.765357 0.415590
-0.057100 0.764631 0.415459
-0.055981 0.764355 0.415345
-0.055605 0.764234 0.415320
-0.056888 0.762936 0.415443
-0.057303 0.762560 0.415470
-0.060325 0.760666 0.415726
-0.062249 0.759819 0.415719
-0.063072 0.759213 0.415626
-0.063290 0.759786 0.415587
-0.063082 0.759964 0.415526
-0.062677 0.759845 0.415448
-0.062304 0.759846 0.415406
-0.061838 0.759269 0.415315
-0.061360 0.759593 0.415283
-0.060705 0.759415 0.415191
-0.060007 0.759122 0.415115
-0.058893 0.758825 0.415003
-0.057890 0.758469 0.414919
-0.056768 0.758067 0.414824
-0.055447 0.757647 0.414700
-0.054087 0.757169 0.414566
-0.052356 0.756117 0.414390
-0.050805 0.755501 0.414244
-0.050450 0.755216 0.414209
-0.049493 0.754642 0.414110
-0.049047 0.754326 0.414069
-0.048030 0.753723 0.413970
-0.047575 0.753385 0.413931
-0.046572 0.752820 0.413838
-0.046148 0.752498 0.413797
-0.045153 0.751921 0.413698
-0.044702 0.751588 0.413658
-0.045332 0.750754 0.413724
-0.045934 0.750069 0.413789
-0.046330 0.749501 0.413822
-0.047653 0.748554 0.413946
-0.048930 0.747756 0.414066
-0.049790 0.747208 0.414132
-0.050801 0.746402 0.414185
-0.051082 0.746193 0.414180
-0.051442 0.745864 0.414161
-0.051473 0.745718 0.414137
-0.051471 0.745322 0.414088
-0.051320 0.745247 0.414058
-0.051114 0.744957 0.414003
-0.050883 0.744875 0.413970
-0.050449 0.744629 0.413918
-0.050131 0.744452 0.413880
-0.049571 0.743934 0.413812
-0.049182 0.743705 0.413771
-0.048468 0.743098 0.413694
-0.047996 0.742793 0.413649
-0.047121 0.741932 0.413555
-0.046612 0.741608 0.413511
-0.046117 0.741277 0.413472
-0.045037 0.740481 0.413373
-0.044189 0.739600 0.413307
-0.043648 0.739177 0.413263
-0.042702 0.738219 0.413185
-0.042143 0.737810 0.413144
-0.041211 0.736883 0.413069
-0.038692 0.733708 0.412968
-0.037755 0.733105 0.412773
-0.037107 0.732533 0.412550
-0.036630 0.732164 0.412311
-0.036261 0.731782 0.412028
-0.036111 0.731664 0.411882
-0.037111 0.731101 0.411946
-0.038724 0.730319 0.411979
-0.040285 0.729623 0.412099
-0.043558 0.728263 0.412166
-0.045008 0.728325 0.412011
-0.045976 0.728601 0.411759
-0.046282 0.728786 0.411645
-0.046429 0.728818 0.411609
-0.046653 0.728923 0.411476
-0.046727 0.728898 0.411428
-0.046797 0.728869 0.411274
-0.046816 0.728756 0.411217
-0.046818 0.728613 0.411052
-0.046787 0.728249 0.410847
-0.046641 0.727623 0.410744
-0.046339 0.726814 0.410661
-0.045927 0.725969 0.410588
-0.044857 0.723695 0.410393
-0.044196 0.723127 0.410314
-0.045109 0.722552 0.410429
-0.047236 0.721101 0.410714
-0.048301 0.720154 0.410822
-0.048633 0.719618 0.410872
-0.048687 0.719063 0.410879
-0.048699 0.718606 0.410880
-0.048569 0.718003 0.410875
-0.048442 0.717647 0.410881
-0.048326 0.717191 0.410867
-0.048077 0.716575 0.410851
-0.047776 0.715726 0.410815
-0.047308 0.714463 0.410759
-0.046806 0.713438 0.410712
-0.046268 0.712296 0.410651
-0.045795 0.711620 0.410612
-0.045398 0.710685 0.410564
-0.044975 0.709798 0.410527
-0.044572 0.708865 0.410485
-0.044121 0.707935 0.410450
-0.043707 0.707132 0.410420
-0.043433 0.706500 0.410401
-0.043156 0.705526 0.410367
-0.042773 0.704728 0.410343
-0.042461 0.704164 0.410329
-0.042147 0.703437 0.410315
-0.041925 0.702845 0.410307
-0.041876 0.702636 0.410302
-0.041545 0.702264 0.410257
-0.041394 0.702001 0.410235
-0.040906 0.701563 0.410172
-0.041754 0.700865 0.410279
-0.042630 0.700174 0.410400
-0.043405 0.699308 0.410500
-0.043844 0.698164 0.410534
-0.043778 0.697259 0.410512
-0.043629 0.696372 0.410481
-0.043330 0.695337 0.410452
-0.043061 0.694649 0.410430
-0.042733 0.693530 0.410403
-0.042480 0.692889 0.410392
-0.042235 0.691967 0.410369
-0.041917 0.691236 0.410344
-0.041601 0.690289 0.410320
-0.041288 0.689413 0.410302
-0.041073 0.688764 0.410294
-0.040882 0.687954 0.410283
-0.040609 0.687066 0.410276
-0.040374 0.686353 0.410268
-0.040159 0.685551 0.410256
-0.039917 0.684632 0.410251
-0.039872 0.684462 0.410251
-0.039971 0.684172 0.410281
-0.040018 0.683933 0.410293
-0.040142 0.683705 0.410317
-0.041314 0.683026 0.410479
-0.042409 0.682404 0.410643
-0.043844 0.681655 0.410860
-0.044320 0.681296 0.410923
-0.045075 0.680802 0.411028
-0.045328 0.680558 0.411060
-0.045799 0.680169 0.411127
-0.045956 0.679950 0.411151
-0.046416 0.679547 0.411232
-0.046516 0.679374 0.411248
-0.046817 0.679111 0.411302
-0.046927 0.678933 0.411323
-0.047100 0.678761 0.411353
-0.048297 0.678125 0.411526
-0.050925 0.676520 0.411918
-0.051817 0.676114 0.412030
-0.052234 0.675769 0.412067
-0.052385 0.675368 0.412076
-0.052280 0.674485 0.412069
-0.052072 0.673858 0.412045
-0.051901 0.673173 0.412039
-0.051678 0.672611 0.412020
-0.051387 0.671733 0.411993
-0.051106 0.670928 0.411967
-0.050944 0.670255 0.411954
-0.050742 0.669633 0.411944
-0.050510 0.668678 0.411922
-0.050162 0.667869 0.411912
-0.049906 0.666919 0.411887
-0.049630 0.666114 0.411865
-0.049307 0.664835 0.411837
-0.048987 0.664100 0.411828
-0.048731 0.663187 0.411810
-0.048422 0.662310 0.411797
-0.048241 0.661370 0.411786
-0.047995 0.660576 0.411774
-0.047776 0.659661 0.411761
-0.047571 0.658615 0.411746
-0.047350 0.657451 0.411729
-0.047090 0.656654 0.411718
-0.046909 0.655814 0.411713
-0.046704 0.655023 0.411711
-0.046488 0.654205 0.411714
-0.046334 0.653496 0.411717
-0.046121 0.652603 0.411715
-0.045966 0.651890 0.411714
-0.045816 0.651208 0.411719
-0.045688 0.650400 0.411720
-0.045550 0.649562 0.411720
-0.045383 0.648722 0.411718
-0.045227 0.647915 0.411721
-0.045063 0.646974 0.411722
-0.044897 0.646100 0.411720
-0.044778 0.645446 0.411723
-0.044622 0.644654 0.411729
-0.044514 0.643965 0.411731
-0.044379 0.643056 0.411735
-0.044246 0.642302 0.411736
-0.044111 0.641370 0.411741
-0.043964 0.640409 0.411743
-0.043842 0.639760 0.411748
-0.043718 0.638941 0.411756
-0.043644 0.638205 0.411764
-0.043556 0.637387 0.411769
-0.043420 0.636487 0.411779
-0.043291 0.635669 0.411787
-0.043185 0.634781 0.411792
-0.043161 0.634587 0.411795
-0.043228 0.634396 0.411811
-0.043348 0.633907 0.411844
-0.043459 0.633698 0.411868
-0.043567 0.633427 0.411893
-0.044687 0.632702 0.412059
-0.045803 0.632093 0.412234
-0.047622 0.631183 0.412505
-0.049140 0.630377 0.412736
-0.050974 0.629431 0.413005
-0.051853 0.628791 0.413114
-0.052177 0.628573 0.413150
-0.052596 0.628114 0.413193
-0.052787 0.627961 0.413215
-0.053145 0.627383 0.413256
-0.053203 0.626647 0.413258
-0.053124 0.625981 0.413254
-0.053061 0.625311 0.413254
-0.052993 0.624551 0.413257
-0.052909 0.623685 0.413261
-0.052771 0.622792 0.413268
-0.052660 0.621893 0.413274
-0.052568 0.621127 0.413278
-0.052442 0.620260 0.413288
-0.052321 0.619302 0.413300
-0.052237 0.618662 0.413307
-0.052145 0.617821 0.413317
-0.052048 0.617000 0.413328
-0.051987 0.616337 0.413338
-0.051894 0.615462 0.413351
-0.051808 0.614767 0.413361
-0.051737 0.614002 0.413372
-0.051640 0.613128 0.413385
-0.051572 0.612414 0.413396
-0.051479 0.611545 0.413409
-0.051400 0.610886 0.413419
-0.051325 0.610044 0.413434
-0.051281 0.609523 0.413445
-0.051345 0.609368 0.413461
-0.051477 0.608913 0.413494
-0.051585 0.608721 0.413518
-0.052708 0.608085 0.413696
-0.053749 0.607452 0.413871
-0.055052 0.606639 0.414088
-0.055427 0.606302 0.414147
-0.056001 0.605792 0.414236
-0.056408 0.604808 0.414303
-0.056434 0.604151 0.414311
-0.056407 0.603451 0.414315
-0.056362 0.602687 0.414321
-0.056281 0.601793 0.414330
-0.056201 0.601138 0.414340
-0.056119 0.600289 0.414354
-0.056059 0.599635 0.414366
-0.056007 0.598921 0.414379
-0.055936 0.598069 0.414397
-0.055861 0.597279 0.414412
-0.055824 0.596600 0.414427
-0.055777 0.595722 0.414444
-0.055715 0.595077 0.414457
-0.055778 0.594941 0.414472
-0.055908 0.594532 0.414504
-0.056016 0.594354 0.414528
-0.056193 0.593891 0.414572
-0.057256 0.593212 0.414746
-0.058247 0.592556 0.414919
-0.058978 0.592083 0.415046
-0.059837 0.591326 0.415196
-0.060138 0.591061 0.415245
-0.060531 0.590518 0.415311
-0.060704 0.590312 0.415340
-0.061040 0.589505 0.415408
-0.061098 0.588773 0.415433
-0.061047 0.587957 0.415448
-0.060997 0.587117 0.415463
-0.060928 0.586360 0.415480
-0.060885 0.585579 0.415495
-0.060848 0.584757 0.415512
-0.060817 0.584064 0.415527
-0.060788 0.583160 0.415547
-0.060752 0.582475 0.415562
-0.060712 0.581634 0.415582
-0.060670 0.580831 0.415602
-0.060643 0.580182 0.415619
-0.060647 0.579969 0.415625
-0.060785 0.579572 0.415658
-0.060844 0.579321 0.415674
-0.061046 0.578867 0.415722
-0.061122 0.578601 0.415743
-0.061336 0.578142 0.415796
-0.061414 0.577873 0.415819
-0.061630 0.577414 0.415875
-0.061748 0.576930 0.415918
-0.061844 0.576717 0.415944
-0.062923 0.576041 0.416131
-0.063923 0.575379 0.416314
-0.064660 0.574894 0.416450
-0.066159 0.574053 0.416710
-0.067438 0.573292 0.416941
-0.068987 0.572390 0.417217
-0.070094 0.571448 0.417393
-0.070271 0.570740 0.417398
-0.070299 0.570193 0.417399
-0.070292 0.569452 0.417409
-0.070279 0.568811 0.417420
-0.070279 0.568069 0.417435
-0.070251 0.567339 0.417452
-0.070218 0.566584 0.417470
-0.070169 0.565696 0.417491
-0.070142 0.565007 0.417511
-0.070132 0.564272 0.417533
-0.070115 0.563535 0.417555
-0.070086 0.562663 0.417580
-0.070040 0.561912 0.417604
-0.070035 0.561261 0.417625
-0.070050 0.561037 0.417632
-0.070193 0.560615 0.417667
-0.070258 0.560344 0.417684
-0.070450 0.559868 0.417731
-0.070522 0.559593 0.417753
-0.070724 0.559112 0.417805
-0.070854 0.558574 0.417848
-0.070948 0.558340 0.417873
-0.071992 0.557630 0.418067
-0.072957 0.556942 0.418257
-0.074560 0.555936 0.418560
-0.075941 0.555146 0.418827
-0.078227 0.553647 0.419272
-0.078738 0.552996 0.419349
-0.078866 0.552316 0.419359
-0.078890 0.551617 0.419365
-0.078869 0.550937 0.419378
-0.078875 0.550323 0.419394
-0.078878 0.549646 0.419413
-0.078862 0.548834 0.419437
-0.078863 0.548160 0.419459
-0.078879 0.547392 0.419485
-0.078860 0.546543 0.419513
-0.078853 0.545717 0.419542
-0.078869 0.545001 0.419567
-0.078871 0.544141 0.419598
-0.078878 0.543945 0.419606
-0.079001 0.543564 0.419638
-0.079066 0.543297 0.419655
-0.079173 0.543037 0.419679
-0.080194 0.542286 0.419878
-0.081133 0.541568 0.420074
-0.082692 0.540520 0.420387
-0.084029 0.539692 0.420664
-0.084965 0.539044 0.420859
-0.085652 0.538589 0.420999
-0.086848 0.537535 0.421243
-0.087055 0.537143 0.421281
-0.087168 0.536979 0.421300
-0.087354 0.536552 0.421337
-0.087464 0.536363 0.421357
-0.087646 0.535888 0.421399
-0.087922 0.535228 0.421477
-0.088114 0.534996 0.421531
-0.088338 0.534869 0.421587
-0.088623 0.534721 0.421655
-0.088883 0.534646 0.421717
-0.088960 0.534630 0.421732
-0.089122 0.534411 0.421769
-0.090081 0.533756 0.421965
-0.090980 0.533103 0.422160
-0.091643 0.532641 0.422302
-0.092456 0.531911 0.422478
-0.092731 0.531672 0.422536
-0.093100 0.531188 0.422617
-0.093256 0.531003 0.422650
-0.093495 0.530542 0.422705
-0.093614 0.530351 0.422731
-0.093808 0.529869 0.422780
-0.093911 0.529671 0.422805
-0.094084 0.529181 0.422855
-0.094184 0.528966 0.422881
-0.094357 0.528436 0.422932
-0.094447 0.528234 0.422959
-0.094606 0.527726 0.423011
-0.094698 0.527516 0.423038
-0.094854 0.527003 0.423092
-0.094944 0.526796 0.423119
-0.095103 0.526272 0.423174
-0.095197 0.526046 0.423201
-0.096161 0.525274 0.423410
-0.097050 0.524532 0.423617
-0.098526 0.523433 0.423945
-0.099759 0.522481 0.424230
-0.101229 0.521438 0.424572
-0.101659 0.521061 0.424671
-0.102256 0.520551 0.424802
-0.102450 0.520292 0.424845
-0.102773 0.519895 0.424913
-0.102888 0.519656 0.424940
-0.103114 0.519265 0.424991
-0.103200 0.519024 0.425014
-0.103401 0.518589 0.425064
-0.103478 0.518325 0.425088
-0.103653 0.517886 0.425138
-0.103725 0.517610 0.425163
-0.103900 0.517137 0.425216
-0.103968 0.516864 0.425241
-0.104130 0.516414 0.425294
-0.104196 0.516141 0.425319
-0.104368 0.515652 0.425374
-0.104434 0.515374 0.425399
-0.104530 0.515107 0.425429
-0.104684 0.514501 0.425486
-0.104770 0.514250 0.425515
-0.104861 0.513929 0.425546
-0.105049 0.513402 0.425608
-0.105122 0.513103 0.425637
-0.105294 0.512591 0.425697
-0.105363 0.512292 0.425725
-0.105523 0.511794 0.425782
-0.105585 0.511507 0.425810
-0.105678 0.511227 0.425840
-0.106592 0.510395 0.426053
-0.107441 0.509582 0.426263
-0.108064 0.508994 0.426418
-0.109331 0.507967 0.426716
-0.110419 0.507028 0.426986
-0.111979 0.505775 0.427362
-0.113253 0.504726 0.427683
-0.114164 0.504006 0.427910
-0.115612 0.502887 0.428261
-0.116815 0.501934 0.428565
-0.118448 0.500635 0.428971
-0.119803 0.499632 0.429314
-0.120748 0.498915 0.429556
-0.122189 0.497796 0.429917
-0.123387 0.496832 0.430227
-0.124988 0.495539 0.430636
-0.126318 0.494539 0.430977
-0.127246 0.493845 0.431211
-0.128406 0.493113 0.431475
-0.128755 0.492852 0.431545
-0.129261 0.492516 0.431621
-0.129424 0.492339 0.431639
-0.129702 0.492090 0.431659
-0.129793 0.491924 0.431663
-0.129986 0.491624 0.431671
-0.130064 0.491398 0.431676
-0.130242 0.490983 0.431692
-0.130298 0.490751 0.431699
-0.130441 0.490341 0.431719
-0.130499 0.490069 0.431731
-0.130576 0.489826 0.431745
-0.131391 0.488951 0.431963
-0.132144 0.488103 0.432179
-0.132692 0.487520 0.432333
-0.133819 0.486430 0.432646
-0.134785 0.485439 0.432925
-0.136173 0.484098 0.433324
-0.137340 0.483057 0.433662
-0.138716 0.481787 0.434056
-0.139135 0.481485 0.434163
-0.139667 0.480993 0.434285
-0.139856 0.480855 0.434317
-0.140125 0.480495 0.434356
-0.140236 0.480389 0.434366
-0.140410 0.480020 0.434383
-0.140489 0.479898 0.434388
-0.140621 0.479501 0.434402
-0.140690 0.479356 0.434409
-0.140803 0.478940 0.434427
-0.140868 0.478769 0.434437
-0.140979 0.478303 0.434463
-0.141044 0.478118 0.434477
-0.141152 0.477627 0.434509
-0.141213 0.477434 0.434526
-0.141308 0.476957 0.434563
-0.141367 0.476761 0.434582
-0.141466 0.476261 0.434625
-0.141612 0.475716 0.434698
-0.141749 0.475492 0.434762
-0.141942 0.475429 0.434842
-0.142151 0.475408 0.434921
-0.142372 0.475398 0.435000
-0.142546 0.475365 0.435053
-0.143291 0.474629 0.435276
-0.144517 0.473653 0.435657
-0.145571 0.472691 0.435978
-0.147157 0.471535 0.436471
-0.148303 0.470559 0.436824
-0.150860 0.469070 0.437604
-0.151782 0.469380 0.437792
-0.152198 0.469838 0.437807
-0.152459 0.470027 0.437809
-0.152718 0.470205 0.437818
-0.152787 0.470225 0.437822
-0.152918 0.470041 0.437839
-0.152997 0.469956 0.437851
-0.153124 0.469627 0.437879
-0.153199 0.469489 0.437895
-0.153317 0.469083 0.437930
-0.153380 0.468947 0.437947
-0.153481 0.468557 0.437985
-0.153539 0.468417 0.438004
-0.153634 0.467987 0.438045
-0.153695 0.467807 0.438067
-0.153793 0.467321 0.438115
-0.153856 0.467108 0.438140
-0.153950 0.466584 0.438192
-0.154002 0.466404 0.438218
-0.154051 0.466148 0.438245
-0.154746 0.465144 0.438484
-0.155392 0.464170 0.438722
-0.155866 0.463489 0.438897
-0.156206 0.462898 0.439027
-0.156475 0.462455 0.439128
-0.156673 0.462025 0.439207
-0.156960 0.461470 0.439319
-0.157050 0.461184 0.439362
-0.157214 0.460769 0.439432
-0.157272 0.460520 0.439463
-0.157403 0.460136 0.439521
-0.157449 0.459894 0.439549
-0.157565 0.459528 0.439604
-0.157608 0.459288 0.439632
-0.157727 0.458886 0.439690
-0.157769 0.458634 0.439719
-0.157881 0.458233 0.439777
-0.157922 0.457977 0.439806
-0.158036 0.457559 0.439866
-0.158077 0.457304 0.439896
-0.158188 0.456896 0.439957
-0.158228 0.456639 0.439988
-0.158340 0.456219 0.440049
-0.158378 0.455972 0.440080
-0.158487 0.455581 0.440142
-0.158530 0.455318 0.440174
-0.158701 0.454658 0.440293
-0.158859 0.454419 0.440397
-0.159083 0.454309 0.440520
-0.159296 0.454273 0.440614
-0.159569 0.454304 0.440728
-0.159803 0.454325 0.440817
-0.160091 0.454423 0.440924
-0.160373 0.454536 0.441024
-0.160652 0.454619 0.441120
-0.160889 0.454687 0.441195
-0.161096 0.454719 0.441254
-0.161390 0.454624 0.440423
-0.161882 0.454527 0.439300
-0.162270 0.454406 0.438177
-0.162872 0.454282 0.436747
-0.163278 0.454181 0.435543
-0.163901 0.454065 0.434032
-0.164625 0.453891 0.431862
-0.165459 0.454084 0.430434
-0.165879 0.454330 0.430351
-0.166209 0.454582 0.430395
-0.166467 0.454685 0.430438
-0.166729 0.454746 0.430484
-0.166979 0.454885 0.430528
-0.167245 0.454975 0.430575
-0.167324 0.455004 0.430587
-0.167491 0.455128 0.430515
-0.167568 0.455152 0.430511
-0.167637 0.455169 0.430469
-0.168311 0.454397 0.430612
-0.168973 0.453709 0.430771
-0.169439 0.453334 0.430842
-0.170381 0.452322 0.431067
-0.171235 0.451499 0.431284
-0.172282 0.450796 0.431472
-0.172641 0.450692 0.431531
-0.173131 0.450732 0.431531
-0.173329 0.450826 0.431535
-0.173623 0.451007 0.431471
-0.173765 0.451092 0.431457
-0.173979 0.451301 0.431370
-0.174100 0.451364 0.431350
-0.174810 0.450574 0.431524
-0.175457 0.449927 0.431659
-0.176329 0.449378 0.431823
-0.176605 0.449320 0.431833
-0.177050 0.449367 0.431849
-0.177203 0.449430 0.431816
-0.177500 0.449546 0.431783
-0.177604 0.449642 0.431735
-0.177997 0.450000 0.431669
-0.178393 0.450294 0.431697
-0.178666 0.450520 0.431727
-0.178949 0.450600 0.431770
-0.179280 0.450849 0.431821
-0.179601 0.451001 0.431872
-0.179870 0.451096 0.431916
-0.180178 0.451365 0.431967
-0.180460 0.451383 0.432013
-0.180769 0.451526 0.432070
-0.181077 0.451709 0.432121
-0.181360 0.451831 0.432167
-0.181687 0.452006 0.432222
-0.181975 0.452209 0.432264
-0.182334 0.452437 0.432320
-0.182625 0.452591 0.432364
-0.182923 0.452754 0.432410
-0.183238 0.453039 0.432453
-0.183574 0.453095 0.432504
-0.183876 0.453317 0.432547
-0.184243 0.453510 0.432602
-0.184575 0.453729 0.432652
-0.184845 0.453824 0.432691
-0.185206 0.454058 0.432743
-0.185494 0.453866 0.432792
-0.185760 0.454060 0.432832
-0.186124 0.454104 0.432889
-0.186442 0.454120 0.432938
-0.186682 0.454230 0.432974
-0.186964 0.454425 0.433009
-0.187357 0.454526 0.433064
-0.187719 0.454816 0.433109
-0.188305 0.455213 0.433195
-0.188337 0.455205 0.433087
-0.188348 0.455157 0.432963
-0.188367 0.455214 0.432822
-0.188362 0.455317 0.432692
-0.188331 0.455385 0.432539
-0.188315 0.455417 0.432450
-0.188123 0.455567 0.433314
-0.187950 0.455642 0.433998
-0.187628 0.455753 0.435314
-0.187350 0.455778 0.436322
-0.187156 0.455689 0.436923
-0.186800 0.455745 0.438181
-0.186500 0.455687 0.439153
-0.186129 0.455540 0.440084
-0.185994 0.455358 0.440310
-0.185763 0.455028 0.440462
-0.185658 0.454786 0.440493
-0.185474 0.454401 0.440443
-0.185387 0.454153 0.440424
-0.185037 0.453371 0.440263
-0.184763 0.453161 0.440085
-0.184603 0.453231 0.439909
-0.184463 0.453090 0.439728
-0.184333 0.453087 0.439555
-0.184532 0.452925 0.438662
-0.184812 0.452681 0.437373
-0.185080 0.452437 0.436167
-0.185443 0.452180 0.434555
-0.185733 0.452011 0.433267
-0.186211 0.451896 0.431144
-0.186475 0.451724 0.429990
-0.186826 0.451380 0.428439
-0.187090 0.451204 0.427163
-0.187668 0.451000 0.424806
-0.187876 0.450952 0.424298
-0.187913 0.450828 0.424133
-0.187895 0.450892 0.423999
-0.187889 0.450955 0.423855
-0.187887 0.450955 0.423704
-0.187857 0.451083 0.423566
-0.187837 0.451143 0.423410
-0.187812 0.451295 0.423257
-0.187798 0.451277 0.423125
-0.187765 0.451384 0.422977
-0.187913 0.451245 0.422074
-0.188124 0.451052 0.420775
-0.188314 0.450811 0.419561
-0.188556 0.450602 0.417937
-0.188754 0.450369 0.416643
-0.189032 0.450116 0.414943
-0.189231 0.449935 0.413627
-0.189520 0.449678 0.411910
-0.189732 0.449504 0.410594
-0.190053 0.449426 0.408872
-0.190258 0.449286 0.407553
-0.190576 0.449183 0.405836
-0.190772 0.449096 0.404517
-0.190994 0.449096 0.403515
-0.191187 0.449206 0.402846
-0.191422 0.449164 0.401524
-0.191673 0.449148 0.400521
-0.191938 0.449021 0.398995
-0.192209 0.448942 0.397865
-0.192495 0.448799 0.396258
-0.192790 0.448757 0.395077
-0.193053 0.448807 0.394299
-0.193312 0.448738 0.392906
-0.193586 0.448688 0.391862
-0.193843 0.448669 0.390302
-0.194121 0.448690 0.389153
-0.194375 0.448740 0.388396
-0.194612 0.448619 0.387018
-0.194840 0.448399 0.385978
-0.195082 0.448328 0.385329
-0.195305 0.448208 0.384927
-0.195540 0.448146 0.384687
-0.195910 0.448184 0.384385
-0.196110 0.448249 0.384321
-0.196424 0.448537 0.384191
-0.197188 0.449088 0.384156
-0.197763 0.449508 0.384218
-0.197845 0.449520 0.384231
-0.198058 0.449547 0.384264
-0.198141 0.449440 0.384279
-0.198466 0.449203 0.384332
-0.198822 0.449004 0.384386
-0.199229 0.449150 0.384428
-0.199556 0.449333 0.384462
-0.199960 0.449309 0.384523
-0.200364 0.449152 0.384583
-0.200679 0.449408 0.384603
-0.201030 0.449411 0.384649
-0.201119 0.449373 0.384664
-0.201295 0.449159 0.384691
-0.201394 0.449103 0.384704
-0.201545 0.448821 0.384727
-0.201647 0.448739 0.384740
-0.201787 0.448381 0.384766
-0.201858 0.448347 0.384771
-0.201985 0.448134 0.384784
-0.202068 0.448066 0.384794
-0.202181 0.447667 0.384817
-0.202247 0.447532 0.384827
-0.202374 0.447148 0.384850
-0.202465 0.447004 0.384865
-0.202619 0.446461 0.384898
-0.202656 0.445950 0.384917
-0.202612 0.445259 0.384935
-0.202361 0.444546 0.384926
-0.202214 0.444126 0.384913
-0.202080 0.443626 0.384913
-0.201944 0.443305 0.384899
-0.201912 0.443123 0.384898
-0.201917 0.442829 0.384906
-0.201901 0.442615 0.384909
-0.201931 0.442258 0.384926
-0.201934 0.442018 0.384933
-0.201991 0.441665 0.384953
-0.202000 0.441451 0.384959
-0.202074 0.441128 0.384979
-0.202102 0.440713 0.384993
-0.202231 0.440343 0.385018
-0.202451 0.440449 0.385034
-0.202538 0.440479 0.385041
-0.202680 0.440568 0.384981
-0.202777 0.440550 0.384971
-0.202943 0.440596 0.384892
-0.203056 0.440632 0.384877
-0.203264 0.440789 0.384791
-0.203389 0.440875 0.384773
-0.203502 0.440952 0.384726
-0.203573 0.440806 0.383780
-0.203694 0.440706 0.383010
-0.203822 0.440714 0.382487
-0.203917 0.440616 0.381241
-0.204076 0.440592 0.380281
-0.204250 0.440666 0.379639
-0.204361 0.440577 0.378318
-0.204539 0.440566 0.377309
-0.204685 0.440483 0.375765
-0.204839 0.440526 0.374572
-0.205059 0.440680 0.373816
-0.205229 0.440717 0.372428
-0.205458 0.440795 0.371378
-0.205977 0.441236 0.370227
-0.206265 0.441482 0.369948
-0.206844 0.442063 0.369593
-0.207135 0.442322 0.369512
-0.207653 0.442704 0.369369
-0.207922 0.442924 0.369338
-0.208383 0.443301 0.369242
-0.208616 0.443457 0.369225
-0.208998 0.443764 0.369139
-0.209222 0.443927 0.369125
-0.209595 0.444174 0.369045
-0.209813 0.444239 0.369037
-0.210177 0.444421 0.368963
-0.210377 0.444562 0.368947
-0.210706 0.444846 0.368866
-0.210904 0.445005 0.368854
-0.211284 0.445336 0.368784
-0.211496 0.445455 0.368776
-0.211816 0.445601 0.368706
-0.211989 0.445707 0.368693
-0.212134 0.445684 0.368690
-0.212268 0.445647 0.368657
-0.212371 0.445561 0.368629
-0.212507 0.445464 0.368616
-0.212727 0.445163 0.368607
-0.212846 0.445080 0.368603
-0.213083 0.444692 0.368590
-0.213340 0.444344 0.368564
-0.213490 0.444091 0.368546
-0.213497 0.443735 0.368540
-0.213407 0.443251 0.368522
-0.213249 0.443067 0.368485
-0.213154 0.442425 0.368498
-0.212919 0.441716 0.368491
-0.212719 0.441074 0.368473
-0.212678 0.440865 0.368462
-0.212633 0.440635 0.368415
-0.212585 0.440420 0.368373
-0.212560 0.440204 0.368348
-0.212537 0.440101 0.368290
-0.212513 0.439958 0.368244
-0.212519 0.439797 0.368219
-0.212517 0.439599 0.368200
-0.212563 0.439413 0.368192
-0.212596 0.439302 0.368145
-0.212662 0.439230 0.368111
-0.212768 0.439148 0.368006
-0.212870 0.439174 0.367979
-0.213036 0.439237 0.367881
-0.213148 0.439222 0.367861
-0.213311 0.439204 0.367767
-0.213443 0.439198 0.367749
-0.213728 0.439324 0.367659
-0.213908 0.439403 0.367640
-0.213990 0.439263 0.366718
-0.214064 0.439230 0.365911
-0.214051 0.439126 0.364476
-0.214134 0.439090 0.363394
-0.214461 0.439257 0.362203
-0.214683 0.439372 0.361915
-0.215102 0.439711 0.361543
-0.215352 0.439843 0.361465
-0.215810 0.440130 0.361322
-0.216038 0.440354 0.361286
-0.216472 0.440766 0.361183
-0.216725 0.440974 0.361167
-0.217216 0.441329 0.361092
-0.217459 0.441524 0.361079
-0.217878 0.441822 0.361003
-0.218118 0.442002 0.360991
-0.218512 0.442309 0.360916
-0.218748 0.442413 0.360906
-0.218974 0.442550 0.360869
-0.219055 0.442506 0.359923
-0.219196 0.442503 0.359146
-0.219242 0.442503 0.357729
-0.219361 0.442576 0.356624
-0.219423 0.442655 0.355002
-0.219570 0.442786 0.353797
-0.219646 0.442835 0.352123
-0.219787 0.442878 0.350860
-0.220029 0.443004 0.350058
-0.220341 0.443219 0.349522
-0.220708 0.443416 0.349190
-0.221052 0.443779 0.348942
-0.221745 0.444430 0.348691
-0.222038 0.444902 0.348607
-0.222677 0.445516 0.348557
-0.222965 0.445779 0.348546
-0.223565 0.446094 0.348549
-0.223829 0.446252 0.348537
-0.225013 0.447095 0.348446
-0.226018 0.447724 0.348542
-0.226191 0.447894 0.348589
-0.226495 0.448076 0.348663
-0.226665 0.448217 0.348690
-0.227039 0.448444 0.348739
-0.227229 0.448653 0.348758
-0.227403 0.448709 0.348786
-0.227627 0.448737 0.348820
-0.228042 0.448626 0.348873
-0.228233 0.448634 0.348881
-0.228505 0.448684 0.348875
-0.228653 0.448710 0.348886
-0.228862 0.448558 0.348907
-0.229007 0.448613 0.348901
-0.229278 0.448738 0.348893
-0.229424 0.448811 0.348898
-0.229995 0.449141 0.348863
-0.230080 0.449282 0.348871
-0.230230 0.449114 0.348900
-0.230099 0.448767 0.348906
-0.229984 0.448783 0.348835
-0.229892 0.448405 0.348852
-0.229897 0.447590 0.348858
-0.229602 0.446897 0.348745
-0.229470 0.446148 0.348649
-0.229086 0.445092 0.348556
-0.228602 0.444111 0.348421
-0.228317 0.443400 0.348258
-0.227922 0.442872 0.348106
-0.227806 0.442171 0.348053
-0.227769 0.441882 0.348023
-0.227711 0.441340 0.347956
-0.227740 0.441137 0.347913
-0.227796 0.440802 0.347838
-0.227856 0.440688 0.347802
-0.227985 0.440452 0.347746
-0.228072 0.440294 0.347729
-0.228224 0.439933 0.347700
-0.228305 0.439811 0.347678
-0.228454 0.439367 0.347650
-0.228528 0.439174 0.347623
-0.228597 0.438751 0.347574
-0.228653 0.438548 0.347540
-0.228738 0.438144 0.347473
-0.228809 0.438047 0.347431
-0.228707 0.437766 0.346474
-0.228632 0.437499 0.345675
-0.228437 0.437155 0.344237
-0.228290 0.436790 0.343122
-0.228257 0.436223 0.341945
-0.228291 0.436028 0.341612
-0.228497 0.435829 0.341222
-0.228610 0.435645 0.341112
-0.228913 0.435511 0.340953
-0.229040 0.435396 0.340901
-0.229377 0.435253 0.340804
-0.229501 0.435070 0.340765
-0.229774 0.434816 0.340680
-0.229896 0.434690 0.340626
-0.230195 0.434588 0.340516
-0.230332 0.434490 0.340469
-0.230635 0.434290 0.340382
-0.230752 0.434129 0.340337
-0.231026 0.434056 0.340222
-0.231147 0.433910 0.340174
-0.231616 0.433499 0.340006
-0.232207 0.433522 0.339790
-0.233250 0.434170 0.339523
-0.233955 0.434542 0.339409
-0.234623 0.435232 0.339294
-0.235496 0.436163 0.339148
-0.235809 0.436702 0.339162
-0.235939 0.436898 0.339185
-0.236263 0.437255 0.339209
-0.236367 0.437300 0.339235
-0.236629 0.437431 0.339256
-0.236777 0.437389 0.339267
-0.237109 0.437384 0.339243
-0.237250 0.437284 0.339238
-0.237563 0.437193 0.339206
-0.237693 0.437149 0.339191
-0.238220 0.437211 0.339082
-0.238720 0.437294 0.339009
-0.239599 0.437953 0.338842
-0.240240 0.438610 0.338813
-0.240929 0.439541 0.338823
-0.241593 0.440440 0.338875
-0.242334 0.441320 0.339002
-0.242895 0.442337 0.339173
-0.243308 0.443042 0.339362
-0.243533 0.443499 0.339577
-0.243764 0.443877 0.339730
-0.243990 0.444256 0.339826
-0.244340 0.445222 0.339916
-0.245402 0.446772 0.340081
-0.246415 0.448378 0.340255
-0.246607 0.448907 0.340383
-0.246957 0.449490 0.340637
-0.247100 0.450015 0.340722
-0.247557 0.450847 0.340893
-0.248645 0.452595 0.341189
-0.249084 0.454029 0.341486
-0.249154 0.454527 0.341578
-0.249357 0.455754 0.341758
-0.249370 0.456426 0.341839
-0.249572 0.457425 0.342015
-0.249672 0.457947 0.342132
-0.249942 0.458982 0.342322
-0.250150 0.459343 0.342478
-0.250345 0.460247 0.342670
-0.250518 0.460762 0.342769
-0.251080 0.461404 0.342969
-0.251263 0.461665 0.343050
-0.251278 0.461566 0.342228
-0.251275 0.461581 0.341520
-0.251326 0.461712 0.340814
-0.251477 0.462012 0.340652
-0.251774 0.462211 0.340525
-0.251959 0.462585 0.340511
-0.252226 0.463337 0.340545
-0.252385 0.463717 0.340597
-0.252566 0.463798 0.340677
-0.252479 0.463756 0.339795
-0.252411 0.463933 0.339018
-0.252318 0.463877 0.337644
-0.252347 0.463904 0.336591
-0.252273 0.463725 0.335026
-0.252242 0.463904 0.333787
-0.252417 0.464668 0.332500
-0.252619 0.465056 0.332253
-0.253257 0.465690 0.332068
-0.253556 0.466010 0.332025
-0.254166 0.466496 0.331996
-0.254501 0.466828 0.332033
-0.255044 0.467208 0.332057
-0.255298 0.467423 0.332108
-0.255523 0.467635 0.332140
-0.255618 0.467583 0.331214
-0.255820 0.467342 0.330501
-0.255832 0.467178 0.329129
-0.255802 0.467347 0.328039
-0.255826 0.467497 0.327384
-0.255809 0.467159 0.326116
-0.255883 0.466826 0.325149
-0.256085 0.466815 0.324525
-0.256063 0.466676 0.323261
-0.256126 0.466733 0.322291
-0.256243 0.467101 0.321655
-0.256261 0.467366 0.320325
-0.256356 0.467642 0.319315
-0.256326 0.467696 0.317784
-0.256386 0.467993 0.316651
-0.256603 0.468072 0.316015
-0.256766 0.467867 0.314836
-0.257104 0.467815 0.313930
-0.257705 0.468104 0.313368
-0.258264 0.468415 0.313020
-0.258923 0.468738 0.312821
-0.259406 0.469121 0.312734
-0.259964 0.469418 0.312682
-0.260796 0.470818 0.312585
-0.261381 0.471005 0.312690
-0.262814 0.471722 0.312914
-0.263565 0.472042 0.313022
-0.264796 0.473523 0.313087
-0.265398 0.474077 0.313169
-0.266518 0.474740 0.313334
-0.267285 0.475084 0.313395
-0.269200 0.475609 0.313558
-0.270244 0.476229 0.313643
-0.272179 0.478755 0.313699
-0.273169 0.479884 0.313744
-0.275122 0.481919 0.313899
-0.276215 0.482832 0.313897
-0.278514 0.484699 0.313937
-0.279997 0.485251 0.313959
-0.283602 0.486090 0.314100
-0.285586 0.487277 0.314182
-0.292147 0.488739 0.314403
-0.294911 0.488435 0.314739
-0.300559 0.487290 0.315489
-0.303246 0.488735 0.315570
-0.309461 0.490334 0.315791
-0.313374 0.489562 0.316496
-0.321116 0.489654 0.317419
-0.324856 0.490301 0.318142
-0.332402 0.490416 0.319341
-0.336286 0.491073 0.319825
