-0.800022 1.000021 0.249773 1.000000 0.000004 -0.000004 0.000062
-0.800020 1.000026 0.249825 1.000000 -0.000004 0.000000 0.000065
-0.800023 1.000025 0.249847 1.000000 -0.000002 -0.000005 0.000066
-0.800025 1.000020 0.249794 1.000000 0.000008 -0.000009 0.000068
-0.800025 1.000024 0.249764 1.000000 -0.000000 -0.000007 0.000069
-0.800021 1.000027 0.249755 1.000000 -0.000005 -0.000000 0.000070
-0.800026 1.000026 0.249753 1.000000 -0.000005 -0.000010 0.000070
-0.800023 1.000024 0.249751 1.000000 -0.000001 -0.000003 0.000071
-0.800023 1.000024 0.249801 1.000000 0.000001 -0.000004 0.000071
-0.800022 1.000023 0.249860 1.000000 0.000002 -0.000001 0.000073
-0.800022 1.000026 0.249903 1.000000 -0.000003 0.000001 0.000074
-0.800023 1.000023 0.249888 1.000000 0.000004 -0.000002 0.000075
-0.800026 1.000025 0.249844 1.000000 -0.000000 -0.000007 0.000077
-0.800024 1.000023 0.249836 1.000000 0.000003 -0.000003 0.000078
-0.800025 1.000025 0.249863 1.000000 0.000000 -0.000003 0.000080
-0.800022 1.000027 0.249839 1.000000 -0.000004 0.000003 0.000082
-0.800024 1.000027 0.249845 1.000000 -0.000003 0.000000 0.000084
-0.800024 1.000026 0.249845 1.000000 -0.000002 -0.000001 0.000085
-0.800025 1.000024 0.249867 1.000000 0.000003 -0.000003 0.000086
-0.800025 1.000025 0.249883 1.000000 0.000000 -0.000002 0.000087
-0.800025 1.000026 0.249913 1.000000 -0.000000 -0.000003 0.000088
-0.800024 1.000026 0.249896 1.000000 -0.000002 -0.000001 0.000090
-0.800024 1.000026 0.249906 1.000000 -0.000001 0.000000 0.000090
-0.800025 1.000025 0.249917 1.000000 0.000001 -0.000002 0.000091
-0.800027 1.000026 0.249893 1.000000 -0.000000 -0.000005 0.000092
-0.800024 1.000026 0.249877 1.000000 -0.000001 0.000001 0.000092
-0.800024 1.000025 0.249907 1.000000 0.000003 0.000001 0.000093
-0.800026 1.000027 0.249925 1.000000 -0.000001 -0.000002 0.000094
-0.800025 1.000026 0.249932 1.000000 0.000000 -0.000001 0.000094
-0.800026 1.000027 0.249943 1.000000 -0.000001 -0.000002 0.000095
-0.800026 1.000025 0.249924 1.000000 0.000003 -0.000003 0.000097
-0.800025 1.000025 0.249917 1.000000 0.000003 -0.000000 0.000097
-0.800024 1.000028 0.249901 1.000000 -0.000002 0.000001 0.000098
-0.385029 0.750031 0.249940 1.000000 0.000002 0.000000 0.000179
-0.385029 0.750032 0.249912 1.000000 -0.000000 0.000000 0.000190
-0.385029 0.750031 0.249924 1.000000 0.000002 0.000001 0.000192
-0.385030 0.750032 0.249925 1.000000 0.000000 -0.000002 0.000192
-0.385029 0.750032 0.249935 1.000000 0.000000 0.000001 0.000192
-0.385029 0.750032 0.249946 1.000000 -0.000000 -0.000000 0.000192
-0.385030 0.750032 0.249957 1.000000 0.000000 -0.000001 0.000193
-0.385030 0.750032 0.249955 1.000000 0.000002 -0.000002 0.000193
-0.385032 0.750032 0.249841 1.000000 0.000001 -0.000006 0.000196
-0.385030 0.750034 0.249865 1.000000 -0.000002 -0.000003 0.000200
-0.385030 0.750034 0.249847 1.000000 -0.000003 -0.000002 0.000203
-0.385029 0.750033 0.249799 1.000000 0.000001 -0.000001 0.000206
-0.385030 0.750033 0.249808 1.000000 -0.000000 -0.000003 0.000206
-0.385029 0.750032 0.249841 1.000000 0.000002 0.000000 0.000208
-0.385030 0.750032 0.249861 1.000000 0.000003 -0.000002 0.000208
-0.385029 0.750033 0.249905 1.000000 -0.000000 -0.000001 0.000209
-0.385029 0.750033 0.249915 1.000000 -0.000000 -0.000001 0.000209
-0.385028 0.750032 0.249901 1.000000 0.000002 0.000001 0.000210
-0.385030 0.750032 0.249871 1.000000 0.000003 -0.000003 0.000211
-0.385028 0.750036 0.249842 1.000000 -0.000006 0.000002 0.000213
-0.385030 0.750034 0.249876 1.000000 -0.000001 -0.000003 0.000215
-0.385029 0.750033 0.249884 1.000000 0.000001 -0.000000 0.000216
-0.385029 0.750032 0.249919 1.000000 0.000003 -0.000001 0.000217
-0.385030 0.750032 0.249898 1.000000 0.000002 -0.000002 0.000219
-0.385030 0.750033 0.249886 1.000000 0.000001 -0.000001 0.000221
-0.385029 0.750033 0.249941 1.000000 0.000001 -0.000000 0.000221
-0.385030 0.750032 0.249927 1.000000 0.000004 -0.000001 0.000222
-0.385030 0.750033 0.249901 1.000000 0.000001 -0.000002 0.000224
-0.385029 0.750033 0.249896 1.000000 0.000001 -0.000001 0.000225
-0.385029 0.750035 0.249899 1.000000 -0.000003 -0.000000 0.000225
-0.385029 0.750034 0.249904 1.000000 -0.000001 -0.000001 0.000226
-0.385029 0.750034 0.249875 1.000000 -0.000001 -0.000000 0.000228
-0.385028 0.750035 0.249886 1.000000 -0.000003 0.000002 0.000228
-0.385029 0.750033 0.249906 1.000000 0.000002 -0.000001 0.000229
-0.385030 0.750034 0.249923 1.000000 -0.000000 -0.000003 0.000230
-0.385029 0.750036 0.249927 1.000000 -0.000004 -0.000000 0.000230
-0.385027 0.750034 0.249893 1.000000 -0.000000 0.000003 0.000232
-0.385031 0.750031 0.249873 1.000000 0.000005 -0.000005 0.000233
-0.385030 0.750034 0.249838 1.000000 0.000000 -0.000002 0.000233
-0.385028 0.750037 0.249836 1.000000 -0.000006 0.000002 0.000234
-0.385030 0.750032 0.249803 1.000000 0.000003 -0.000003 0.000236
-0.385029 0.750036 0.249814 1.000000 -0.000004 -0.000001 0.000238
-0.385031 0.750034 0.249878 1.000000 0.000000 -0.000004 0.000242
-0.385028 0.750036 0.249906 1.000000 -0.000004 0.000001 0.000244
-0.385028 0.750035 0.249892 1.000000 -0.000001 0.000001 0.000247
-0.385028 0.750035 0.249897 1.000000 -0.000000 0.000002 0.000248
-0.385030 0.750034 0.249881 1.000000 0.000001 -0.000003 0.000248
-0.385028 0.750035 0.249886 1.000000 -0.000002 0.000002 0.000249
-0.385029 0.750036 0.249889 1.000000 -0.000002 -0.000000 0.000249
-0.385029 0.750035 0.249887 1.000000 -0.000001 0.000000 0.000250
-0.385030 0.750034 0.249894 1.000000 0.000002 -0.000002 0.000250
-0.385028 0.750035 0.249900 1.000000 0.000000 0.000001 0.000251
-0.385027 0.750034 0.249898 1.000000 0.000001 0.000004 0.000251
-0.385028 0.750034 0.249887 1.000000 0.000001 0.000001 0.000252
-0.385029 0.750033 0.249879 1.000000 0.000003 -0.000001 0.000252
-0.385027 0.750034 0.249879 1.000000 0.000000 0.000003 0.000253
-0.385028 0.750035 0.249881 1.000000 -0.000001 0.000002 0.000253
-0.385031 0.750036 0.249878 1.000000 -0.000003 -0.000004 0.000253
-0.385030 0.750035 0.249861 1.000000 -0.000001 -0.000003 0.000254
-0.385030 0.750035 0.249861 1.000000 -0.000000 -0.000002 0.000254
-0.385029 0.750033 0.249880 1.000000 0.000003 -0.000000 0.000255
-0.385029 0.750034 0.249892 1.000000 0.000001 -0.000001 0.000255
-0.385030 0.750035 0.249890 1.000000 -0.000001 -0.000002 0.000256
-0.385030 0.750035 0.249875 1.000000 -0.000001 -0.000004 0.000257
-0.385030 0.750034 0.249863 1.000000 0.000002 -0.000003 0.000257
-0.385028 0.750035 0.249870 1.000000 -0.000001 0.000002 0.000260
-0.385030 0.750035 0.249897 1.000000 -0.000000 -0.000003 0.000262
-0.385029 0.750034 0.249898 1.000000 0.000002 -0.000000 0.000266
-0.385027 0.750035 0.249915 1.000000 -0.000000 0.000003 0.000267
-0.385030 0.750036 0.249939 1.000000 -0.000001 -0.000003 0.000268
-0.385029 0.750035 0.249940 1.000000 0.000001 -0.000001 0.000270
-0.385030 0.750036 0.249888 1.000000 -0.000001 -0.000003 0.000273
-0.385028 0.750035 0.249911 1.000000 0.000001 0.000002 0.000275
-0.385028 0.750035 0.249869 1.000000 0.000001 0.000001 0.000277
-0.385027 0.750035 0.249814 1.000000 0.000001 0.000002 0.000279
-0.385027 0.750037 0.249818 1.000000 -0.000002 0.000004 0.000282
-0.385034 0.750036 0.249806 1.000000 -0.000002 -0.000010 0.000285
-0.385032 0.750031 0.249792 1.000000 0.000009 -0.000007 0.000286
-0.385026 0.750033 0.249764 1.000000 0.000006 0.000006 0.000286
-0.385030 0.750037 0.249751 1.000000 -0.000003 -0.000003 0.000286
-0.385029 0.750033 0.249748 1.000000 0.000005 -0.000000 0.000287
-0.385032 0.750036 0.249749 1.000000 -0.000001 -0.000007 0.000287
-0.385032 0.750036 0.249763 1.000000 -0.000001 -0.000007 0.000288
-0.385030 0.750036 0.249778 1.000000 0.000000 -0.000003 0.000289
-0.385029 0.750035 0.249805 1.000000 0.000002 -0.000001 0.000291
-0.385028 0.750036 0.249828 1.000000 -0.000001 0.000000 0.000292
-0.385030 0.750034 0.249852 1.000000 0.000004 -0.000002 0.000292
-0.385027 0.750037 0.249851 1.000000 -0.000003 0.000004 0.000293
-0.385030 0.750033 0.249854 1.000000 0.000005 -0.000002 0.000294
-0.385029 0.750035 0.249858 1.000000 0.000002 -0.000000 0.000294
-0.385028 0.750037 0.249869 1.000000 -0.000001 0.000001 0.000295
-0.385029 0.750036 0.249905 1.000000 0.000000 -0.000001 0.000296
-0.385030 0.750035 0.249939 1.000000 0.000002 -0.000002 0.000296
-0.385029 0.750036 0.249937 1.000000 0.000000 -0.000001 0.000297
-0.385029 0.750037 0.249931 1.000000 -0.000002 -0.000001 0.000297
-0.385029 0.750037 0.249931 1.000000 -0.000001 -0.000000 0.000297
-0.385029 0.750035 0.249937 1.000000 0.000001 -0.000001 0.000297
-0.385028 0.750035 0.249948 1.000000 0.000001 0.000001 0.000297
-0.385029 0.750036 0.249951 1.000000 0.000000 0.000000 0.000297
-0.385029 0.750037 0.249950 1.000000 -0.000002 -0.000001 0.000298
-0.385029 0.750038 0.249941 1.000000 -0.000003 -0.000001 0.000298
-0.385027 0.750036 0.249923 1.000000 0.000000 0.000003 0.000299
-0.385030 0.750035 0.249915 1.000000 0.000002 -0.000002 0.000300
-0.385030 0.750036 0.249925 1.000000 0.000001 -0.000002 0.000301
-0.385029 0.750036 0.249933 1.000000 -0.000000 -0.000000 0.000301
-0.385029 0.750035 0.249920 1.000000 0.000003 -0.000001 0.000302
-0.385028 0.750036 0.249912 1.000000 0.000001 0.000001 0.000303
-0.385028 0.750036 0.249931 1.000000 0.000001 -0.000000 0.000303
-0.385029 0.750036 0.249965 1.000000 0.000001 -0.000001 0.000304
-0.385030 0.750036 0.249944 1.000000 -0.000000 -0.000003 0.000305
-0.385031 0.750036 0.249873 1.000000 0.000000 -0.000005 0.000307
-0.385029 0.750035 0.249868 1.000000 0.000003 -0.000002 0.000311
-0.385030 0.750036 0.249848 1.000000 0.000001 -0.000002 0.000314
-0.385028 0.750037 0.249836 1.000000 -0.000000 -0.000000 0.000316
-0.385029 0.750037 0.249904 1.000000 0.000000 -0.000002 0.000318
-0.385028 0.750037 0.249925 1.000000 0.000001 0.000001 0.000320
-0.385028 0.750037 0.249893 1.000000 0.000000 0.000000 0.000322
-0.385029 0.750038 0.249964 1.000000 -0.000002 -0.000001 0.000324
-0.385029 0.750036 0.249961 1.000000 0.000002 -0.000002 0.000325
-0.385029 0.750038 0.249962 1.000000 -0.000001 -0.000002 0.000325
-0.385029 0.750036 0.249965 1.000000 0.000001 -0.000002 0.000326
-0.385027 0.750038 0.249961 1.000000 -0.000001 0.000002 0.000326
-0.385028 0.750039 0.249937 1.000000 -0.000003 0.000000 0.000327
-0.385028 0.750037 0.249928 1.000000 0.000001 -0.000000 0.000327
-0.385028 0.750037 0.249931 1.000000 -0.000000 -0.000001 0.000329
-0.385028 0.750036 0.249933 1.000000 0.000002 -0.000000 0.000329
-0.385028 0.750037 0.249940 1.000000 0.000002 -0.000000 0.000330
-0.385028 0.750037 0.249958 1.000000 -0.000000 -0.000000 0.000330
-0.385027 0.750039 0.249959 1.000000 -0.000002 0.000002 0.000330
-0.385028 0.750039 0.249950 1.000000 -0.000003 0.000001 0.000331
-0.385029 0.750037 0.249925 1.000000 0.000002 -0.000002 0.000333
-0.385030 0.750037 0.249884 1.000000 0.000001 -0.000003 0.000336
-0.385029 0.750038 0.249896 1.000000 -0.000000 -0.000001 0.000338
-0.385029 0.750038 0.249942 1.000000 0.000000 -0.000002 0.000340
-0.385029 0.750039 0.249890 1.000000 -0.000003 -0.000001 0.000341
-0.385029 0.750036 0.249883 1.000000 0.000004 -0.000002 0.000342
-0.385027 0.750039 0.249894 1.000000 -0.000002 0.000001 0.000343
-0.385029 0.750038 0.249902 1.000000 -0.000001 -0.000002 0.000344
-0.385028 0.750037 0.249938 1.000000 0.000001 -0.000001 0.000344
-0.385028 0.750037 0.249960 1.000000 0.000001 -0.000001 0.000346
-0.385029 0.750038 0.249963 1.000000 -0.000001 -0.000002 0.000347
-0.385029 0.750038 0.249893 1.000000 0.000000 -0.000002 0.000349
-0.385028 0.750038 0.249929 1.000000 0.000001 -0.000001 0.000350
-0.385027 0.750039 0.249898 1.000000 -0.000003 0.000002 0.000352
-0.385029 0.750038 0.249897 1.000000 -0.000000 -0.000003 0.000355
-0.385028 0.750038 0.249882 1.000000 0.000001 -0.000001 0.000358
-0.385030 0.750038 0.249930 1.000000 0.000001 -0.000004 0.000359
-0.385028 0.750039 0.249945 1.000000 -0.000001 -0.000000 0.000361
-0.385027 0.750038 0.249958 1.000000 0.000002 0.000000 0.000362
-0.385027 0.750038 0.249909 1.000000 0.000002 0.000002 0.000364
-0.385028 0.750038 0.249865 1.000000 0.000001 -0.000001 0.000366
-0.385029 0.750039 0.249940 1.000000 -0.000000 -0.000003 0.000366
-0.385027 0.750039 0.249876 1.000000 0.000000 0.000001 0.000369
-0.385031 0.750039 0.249821 1.000000 -0.000000 -0.000007 0.000371
-0.385028 0.750040 0.249853 1.000000 -0.000002 -0.000002 0.000375
-0.385028 0.750038 0.249888 1.000000 0.000002 -0.000002 0.000376
-0.385028 0.750040 0.249881 1.000000 -0.000002 -0.000001 0.000377
-0.385025 0.750038 0.249843 1.000000 0.000001 0.000004 0.000378
-0.385028 0.750041 0.249823 1.000000 -0.000004 -0.000002 0.000378
-0.385027 0.750039 0.249808 1.000000 -0.000001 -0.000001 0.000380
-0.385025 0.750039 0.249815 1.000000 0.000001 0.000004 0.000380
-0.385028 0.750039 0.249833 1.000000 0.000001 -0.000002 0.000381
-0.385027 0.750040 0.249847 1.000000 -0.000001 0.000001 0.000382
-0.385026 0.750039 0.249886 1.000000 0.000001 0.000002 0.000382
-0.385028 0.750038 0.249887 1.000000 0.000002 -0.000002 0.000383
-0.385028 0.750040 0.249892 1.000000 -0.000001 -0.000002 0.000383
-0.385029 0.750039 0.249892 1.000000 0.000001 -0.000004 0.000384
-0.385026 0.750040 0.249879 1.000000 -0.000001 0.000003 0.000385
-0.385026 0.750039 0.249872 1.000000 0.000000 0.000002 0.000385
-0.385027 0.750040 0.249881 1.000000 -0.000002 -0.000001 0.000386
-0.385029 0.750039 0.249891 1.000000 0.000000 -0.000003 0.000386
-0.385028 0.750042 0.249862 1.000000 -0.000006 -0.000001 0.000387
-0.385027 0.750040 0.249843 1.000000 -0.000001 -0.000001 0.000387
-0.385027 0.750040 0.249829 1.000000 -0.000000 0.000001 0.000389
-0.385027 0.750040 0.249823 1.000000 -0.000002 0.000000 0.000389
-0.385028 0.750039 0.249864 1.000000 0.000002 -0.000001 0.000390
-0.385026 0.750041 0.249890 1.000000 -0.000003 0.000002 0.000390
-0.385028 0.750040 0.249890 1.000000 -0.000001 -0.000002 0.000391
-0.385027 0.750038 0.249888 1.000000 0.000002 -0.000000 0.000391
-0.385029 0.750040 0.249880 1.000000 -0.000002 -0.000003 0.000393
-0.385027 0.750038 0.249867 1.000000 0.000003 0.000000 0.000393
-0.385028 0.750039 0.249851 1.000000 0.000001 -0.000002 0.000394
-0.385027 0.750039 0.249876 1.000000 0.000002 -0.000001 0.000395
-0.385028 0.750040 0.249928 1.000000 0.000000 -0.000002 0.000395
-0.385028 0.750039 0.249944 1.000000 0.000002 -0.000001 0.000395
-0.385028 0.750038 0.249910 1.000000 0.000003 -0.000002 0.000396
-0.385026 0.750039 0.249906 1.000000 0.000001 0.000001 0.000397
-0.385026 0.750040 0.249907 1.000000 -0.000001 0.000001 0.000397
-0.385027 0.750040 0.249913 1.000000 0.000000 -0.000001 0.000398
-0.385027 0.750040 0.249893 1.000000 -0.000001 0.000001 0.000398
-0.385029 0.750043 0.249867 1.000000 -0.000005 -0.000004 0.000398
-0.385027 0.750036 0.249815 1.000000 0.000007 0.000001 0.000399
-0.385030 0.750042 0.249794 1.000000 -0.000005 -0.000006 0.000399
-0.385029 0.750041 0.249776 1.000000 -0.000002 -0.000004 0.000400
-0.385028 0.750039 0.249950 1.000000 0.000001 -0.000002 0.000406
-0.385028 0.750040 0.249893 1.000000 -0.000001 -0.000002 0.000407
-0.385026 0.750040 0.249890 1.000000 0.000000 0.000001 0.000409
-0.385027 0.750040 0.249910 1.000000 0.000000 -0.000001 0.000411
-0.385027 0.750040 0.249916 1.000000 -0.000000 -0.000000 0.000412
-0.385027 0.750039 0.249904 1.000000 0.000003 -0.000000 0.000414
-0.385025 0.750041 0.249901 1.000000 -0.000001 0.000002 0.000414
-0.385026 0.750039 0.249900 1.000000 0.000002 0.000000 0.000415
-0.385026 0.750042 0.249892 1.000000 -0.000003 0.000002 0.000416
-0.385028 0.750040 0.249931 1.000000 0.000001 -0.000004 0.000417
-0.385027 0.750042 0.249880 1.000000 -0.000003 -0.000001 0.000419
-0.385027 0.750041 0.249868 1.000000 -0.000000 -0.000000 0.000423
-0.385027 0.750040 0.249920 1.000000 0.000001 -0.000000 0.000423
-0.385027 0.750041 0.249928 1.000000 -0.000002 -0.000002 0.000424
-0.385026 0.750042 0.249928 1.000000 -0.000002 0.000001 0.000425
-0.385028 0.750041 0.249927 1.000000 -0.000000 -0.000003 0.000425
-0.385027 0.750043 0.249879 1.000000 -0.000005 -0.000000 0.000426
-0.385026 0.750039 0.249870 1.000000 0.000004 0.000000 0.000426
-0.385028 0.750041 0.249878 1.000000 0.000000 -0.000002 0.000427
-0.385028 0.750040 0.249878 1.000000 0.000002 -0.000002 0.000430
-0.385027 0.750039 0.249899 1.000000 0.000003 -0.000000 0.000432
-0.385027 0.750043 0.249863 1.000000 -0.000004 -0.000001 0.000435
-0.385026 0.750043 0.249882 1.000000 -0.000003 0.000001 0.000438
-0.385028 0.750044 0.249879 1.000000 -0.000003 -0.000003 0.000467
-0.385023 0.750042 0.249819 1.000000 0.000000 0.000006 0.000470
-0.385025 0.750044 0.249810 1.000000 -0.000004 0.000001 0.000470
-0.385027 0.750043 0.249858 1.000000 -0.000000 -0.000003 0.000472
-0.385026 0.750042 0.249922 1.000000 0.000001 -0.000001 0.000474
-0.385026 0.750043 0.249953 1.000000 -0.000002 0.000000 0.000475
-0.385024 0.750042 0.249887 1.000000 0.000000 0.000004 0.000478
-0.385027 0.750043 0.249894 1.000000 -0.000002 -0.000003 0.000480
-0.385027 0.750044 0.249870 1.000000 -0.000002 -0.000002 0.000483
-0.385026 0.750042 0.249881 1.000000 0.000001 -0.000001 0.000485
-0.385024 0.750045 0.249915 1.000000 -0.000004 0.000003 0.000486
-0.385026 0.750042 0.249918 1.000000 0.000001 -0.000002 0.000487
-0.385024 0.750042 0.249917 1.000000 0.000001 0.000002 0.000489
-0.385027 0.750041 0.249862 1.000000 0.000004 -0.000002 0.000491
-0.385025 0.750042 0.249880 1.000000 0.000002 0.000001 0.000494
-0.385027 0.750042 0.249870 1.000000 0.000003 -0.000002 0.000495
-0.385026 0.750042 0.249883 1.000000 0.000003 -0.000001 0.000497
-0.385026 0.750042 0.249833 1.000000 0.000004 -0.000001 0.000499
-0.385027 0.750044 0.249843 1.000000 -0.000001 -0.000003 0.000502
-0.385025 0.750044 0.249865 1.000000 -0.000000 0.000001 0.000505
-0.385028 0.750044 0.249865 1.000000 -0.000001 -0.000004 0.000507
-0.385026 0.750043 0.249924 1.000000 0.000002 -0.000000 0.000509
-0.385027 0.750043 0.249949 1.000000 0.000002 -0.000002 0.000510
-0.385026 0.750045 0.249880 1.000000 -0.000002 -0.000001 0.000512
-0.385026 0.750044 0.249868 1.000000 0.000000 -0.000002 0.000516
-0.385025 0.750045 0.249899 1.000000 -0.000002 0.000001 0.000518
-0.385025 0.750044 0.249854 1.000000 0.000001 0.000000 0.000520
-0.385025 0.750044 0.249855 1.000000 0.000001 -0.000000 0.000523
-0.385024 0.750046 0.249857 1.000000 -0.000003 0.000003 0.000523
-0.385024 0.750044 0.249827 1.000000 0.000002 0.000002 0.000524
-0.385026 0.750046 0.249809 1.000000 -0.000003 -0.000003 0.000525
-0.385026 0.750042 0.249792 1.000000 0.000004 -0.000002 0.000525
-0.385024 0.750043 0.249800 1.000000 0.000002 0.000002 0.000526
-0.385027 0.750047 0.249802 1.000000 -0.000006 -0.000003 0.000526
-0.385024 0.750044 0.249809 1.000000 0.000001 0.000002 0.000527
-0.385026 0.750045 0.249915 1.000000 0.000000 -0.000002 0.000528
-0.385026 0.750044 0.249933 1.000000 0.000002 -0.000002 0.000530
-0.385025 0.750044 0.249968 1.000000 0.000001 0.000000 0.000530
-0.385026 0.750044 0.249956 1.000000 0.000001 -0.000002 0.000531
-0.385026 0.750045 0.249939 1.000000 -0.000001 -0.000002 0.000533
-0.385026 0.750046 0.249838 1.000000 -0.000001 -0.000001 0.000536
-0.385025 0.750045 0.249869 1.000000 0.000001 0.000001 0.000538
-0.385025 0.750045 0.249876 1.000000 0.000000 0.000000 0.000542
-0.385026 0.750045 0.249903 1.000000 0.000001 -0.000002 0.000544
-0.385027 0.750046 0.249813 1.000000 -0.000001 -0.000004 0.000547
-0.385027 0.750046 0.249765 1.000000 -0.000001 -0.000003 0.000550
-0.385025 0.750046 0.249812 1.000000 0.000000 0.000001 0.000552
-0.385024 0.750045 0.249845 1.000000 0.000002 0.000002 0.000554
-0.385024 0.750044 0.249891 1.000000 0.000004 0.000002 0.000557
-0.385027 0.750047 0.249828 1.000000 -0.000003 -0.000004 0.000559
-0.385026 0.750042 0.249822 1.000000 0.000007 -0.000001 0.000561
-0.385023 0.750047 0.249781 1.000000 -0.000003 0.000005 0.000563
-0.385024 0.750049 0.249776 1.000000 -0.000005 0.000002 0.000564
-0.385022 0.750045 0.249776 1.000000 0.000002 0.000006 0.000565
-0.385024 0.750049 0.249771 1.000000 -0.000006 0.000002 0.000565
-0.385027 0.750052 0.249767 1.000000 -0.000011 -0.000003 0.000566
-0.385022 0.750051 0.249764 1.000000 -0.000009 0.000007 0.000566
-0.385021 0.750046 0.249757 1.000000 -0.000000 0.000008 0.000566
-0.385026 0.750050 0.249755 1.000000 -0.000007 -0.000002 0.000567
-0.385024 0.750050 0.249765 1.000000 -0.000008 0.000003 0.000568
-0.385025 0.750044 0.249785 1.000000 0.000005 0.000001 0.000568
-0.385028 0.750050 0.249782 1.000000 -0.000007 -0.000005 0.000569
-0.385024 0.750046 0.249774 1.000000 0.000000 0.000003 0.000570
-0.385025 0.750049 0.249778 1.000000 -0.000005 0.000001 0.000570
-0.385025 0.750045 0.249777 1.000000 0.000002 0.000001 0.000572
-0.385026 0.750045 0.249781 1.000000 0.000003 -0.000002 0.000572
-0.385026 0.750047 0.249806 1.000000 -0.000002 -0.000002 0.000574
-0.385025 0.750045 0.249808 1.000000 0.000004 0.000001 0.000574
-0.385025 0.750045 0.249805 1.000000 0.000004 0.000001 0.000575
-0.385025 0.750046 0.249806 1.000000 0.000001 0.000000 0.000575
-0.385027 0.750047 0.249867 1.000000 -0.000000 -0.000003 0.000577
-0.385026 0.750045 0.249887 1.000000 0.000003 -0.000001 0.000580
-0.385027 0.750048 0.249907 1.000000 -0.000001 -0.000004 0.000582
-0.385024 0.750045 0.249869 1.000000 0.000004 0.000001 0.000585
-0.385026 0.750047 0.249808 1.000000 -0.000001 -0.000003 0.000587
-0.385024 0.750045 0.249803 1.000000 0.000004 0.000001 0.000589
-0.385024 0.750049 0.249845 1.000000 -0.000004 0.000001 0.000592
-0.385023 0.750047 0.249878 1.000000 -0.000000 0.000004 0.000594
-0.385024 0.750049 0.249927 1.000000 -0.000003 0.000002 0.000596
-0.385024 0.750046 0.249857 1.000000 0.000004 0.000000 0.000597
-0.385024 0.750049 0.249853 1.000000 -0.000003 0.000001 0.000599
-0.385026 0.750048 0.249912 1.000000 -0.000001 -0.000002 0.000601
-0.385025 0.750047 0.249902 1.000000 0.000001 -0.000000 0.000603
-0.385024 0.750049 0.249929 1.000000 -0.000003 0.000000 0.000604
-0.385025 0.750050 0.249866 1.000000 -0.000004 -0.000001 0.000607
-0.385026 0.750048 0.249854 1.000000 -0.000000 -0.000002 0.000610
-0.385024 0.750046 0.249845 1.000000 0.000004 0.000001 0.000612
-0.385025 0.750048 0.249797 1.000000 -0.000000 -0.000001 0.000614
-0.385025 0.750048 0.249898 1.000000 0.000000 -0.000001 0.000616
-0.385025 0.750047 0.249944 1.000000 0.000002 -0.000001 0.000618
-0.385026 0.750047 0.249934 1.000000 0.000002 -0.000003 0.000619
-0.385024 0.750049 0.249881 1.000000 -0.000001 0.000000 0.000621
-0.385023 0.750048 0.249879 1.000000 -0.000000 0.000003 0.000623
-0.385025 0.750049 0.249848 1.000000 -0.000002 -0.000001 0.000626
-0.385025 0.750048 0.249898 1.000000 0.000001 -0.000002 0.000628
-0.385026 0.750048 0.249893 1.000000 0.000001 -0.000003 0.000630
-0.385025 0.750050 0.249920 1.000000 -0.000002 -0.000002 0.000632
-0.385024 0.750048 0.249866 1.000000 0.000002 0.000001 0.000635
-0.385024 0.750050 0.249860 1.000000 -0.000002 0.000001 0.000637
-0.385026 0.750051 0.249818 1.000000 -0.000004 -0.000004 0.000639
-0.385023 0.750048 0.249803 1.000000 0.000002 0.000003 0.000641
-0.385024 0.750049 0.249877 1.000000 0.000001 0.000000 0.000644
-0.385025 0.750051 0.249864 1.000000 -0.000004 -0.000002 0.000645
-0.385024 0.750049 0.249884 1.000000 0.000001 0.000000 0.000647
-0.385024 0.750050 0.249879 1.000000 -0.000000 0.000000 0.000649
-0.385025 0.750049 0.249897 1.000000 0.000001 -0.000002 0.000651
-0.385024 0.750052 0.249886 1.000000 -0.000005 0.000000 0.000653
-0.385024 0.750050 0.249924 1.000000 -0.000000 -0.000001 0.000655
-0.385024 0.750048 0.249940 1.000000 0.000002 0.000000 0.000657
-0.385025 0.750049 0.249878 1.000000 0.000001 -0.000002 0.000659
-0.385024 0.750049 0.249908 1.000000 0.000002 -0.000000 0.000660
-0.385023 0.750051 0.249900 1.000000 -0.000003 0.000001 0.000663
-0.385027 0.750047 0.249819 1.000000 0.000005 -0.000006 0.000665
-0.385024 0.750052 0.249791 1.000000 -0.000005 -0.000001 0.000667
-0.385020 0.750052 0.249808 1.000000 -0.000005 0.000007 0.000671
-0.385023 0.750051 0.249839 1.000000 -0.000002 -0.000000 0.000674
-0.385024 0.750049 0.249917 1.000000 0.000002 -0.000002 0.000676
-0.385024 0.750049 0.249951 1.000000 0.000002 -0.000002 0.000677
-0.385023 0.750049 0.249919 1.000000 0.000001 -0.000000 0.000678
-0.385024 0.750051 0.249912 1.000000 -0.000001 -0.000002 0.000679
-0.385025 0.750051 0.249923 1.000000 -0.000001 -0.000003 0.000680
-0.385023 0.750051 0.249902 1.000000 -0.000001 -0.000001 0.000683
-0.385025 0.750049 0.249852 1.000000 0.000002 -0.000004 0.000686
-0.385023 0.750051 0.249864 1.000000 -0.000001 0.000000 0.000686
-0.385022 0.750052 0.249878 1.000000 -0.000003 0.000003 0.000687
-0.385024 0.750050 0.249905 1.000000 0.000000 -0.000001 0.000688
-0.385024 0.750050 0.249915 1.000000 0.000001 -0.000002 0.000688
-0.385023 0.750050 0.249908 1.000000 -0.000000 0.000001 0.000688
-0.385023 0.750049 0.249895 1.000000 0.000002 0.000001 0.000689
-0.385024 0.750048 0.249890 1.000000 0.000004 -0.000002 0.000689
-0.385024 0.750051 0.249893 1.000000 -0.000000 -0.000002 0.000690
-0.385023 0.750051 0.249903 1.000000 -0.000001 0.000001 0.000690
-0.385023 0.750051 0.249921 1.000000 -0.000001 0.000001 0.000691
-0.385024 0.750052 0.249924 1.000000 -0.000002 -0.000002 0.000692
-0.385025 0.750050 0.249912 1.000000 0.000001 -0.000003 0.000692
-0.385024 0.750051 0.249863 1.000000 0.000001 -0.000003 0.000694
-0.385024 0.750049 0.249833 1.000000 0.000003 -0.000002 0.000694
-0.385022 0.750052 0.249866 1.000000 -0.000003 0.000003 0.000696
-0.385024 0.750051 0.249871 1.000000 0.000001 -0.000002 0.000698
-0.385023 0.750050 0.249908 1.000000 0.000003 -0.000001 0.000700
-0.385024 0.750051 0.249894 1.000000 0.000001 -0.000002 0.000702
-0.385022 0.750051 0.249929 1.000000 0.000001 0.000002 0.000703
-0.385025 0.750053 0.249847 1.000000 -0.000004 -0.000004 0.000705
-0.385023 0.750049 0.249874 1.000000 0.000004 -0.000000 0.000708
-0.385024 0.750053 0.249892 1.000000 -0.000004 -0.000002 0.000709
-0.385025 0.750052 0.249869 1.000000 -0.000001 -0.000004 0.000712
-0.385022 0.750050 0.249892 1.000000 0.000002 0.000001 0.000715
-0.385022 0.750051 0.249825 1.000000 0.000002 0.000002 0.000717
-0.385023 0.750052 0.249854 1.000000 -0.000000 -0.000000 0.000718
-0.385023 0.750055 0.249831 1.000000 -0.000007 0.000000 0.000722
-0.385024 0.750053 0.249854 1.000000 -0.000002 -0.000002 0.000725
-0.385023 0.750051 0.249889 1.000000 0.000002 0.000000 0.000727
-0.385023 0.750052 0.249954 1.000000 0.000001 0.000001 0.000729
-0.385023 0.750051 0.249935 1.000000 0.000002 0.000000 0.000730
-0.385024 0.750051 0.249900 1.000000 0.000002 -0.000002 0.000732
-0.385024 0.750052 0.249929 1.000000 0.000001 -0.000002 0.000735
-0.385023 0.750053 0.249964 1.000000 -0.000001 -0.000001 0.000735
-0.385023 0.750052 0.249967 1.000000 0.000001 -0.000000 0.000736
-0.385022 0.750052 0.249909 1.000000 -0.000000 0.000001 0.000738
-0.385023 0.750053 0.249917 1.000000 -0.000001 0.000000 0.000740
-0.385022 0.750053 0.249922 1.000000 -0.000000 0.000001 0.000741
-0.385023 0.750052 0.249918 1.000000 0.000000 -0.000002 0.000742
-0.385024 0.750052 0.249891 1.000000 0.000000 -0.000004 0.000743
-0.385023 0.750054 0.249877 1.000000 -0.000003 -0.000001 0.000743
-0.385022 0.750053 0.249875 1.000000 -0.000002 0.000000 0.000743
-0.385022 0.750051 0.249873 1.000000 0.000002 0.000001 0.000744
-0.385022 0.750055 0.249868 1.000000 -0.000005 0.000001 0.000745
-0.385022 0.750053 0.249869 1.000000 -0.000001 0.000001 0.000746
-0.385023 0.750054 0.249888 1.000000 -0.000002 -0.000001 0.000747
-0.385021 0.750054 0.249865 1.000000 -0.000002 0.000002 0.000750
-0.385024 0.750053 0.249887 1.000000 0.000000 -0.000003 0.000752
-0.385022 0.750055 0.249852 1.000000 -0.000004 0.000001 0.000753
-0.385023 0.750054 0.249820 1.000000 -0.000001 -0.000000 0.000755
-0.385021 0.750055 0.249843 1.000000 -0.000003 0.000003 0.000758
-0.385020 0.750055 0.249812 1.000000 -0.000003 0.000004 0.000759
-0.385022 0.750052 0.249833 1.000000 0.000001 0.000000 0.000760
-0.385024 0.750053 0.249910 1.000000 -0.000000 -0.000003 0.000762
-0.385023 0.750054 0.249888 1.000000 -0.000001 -0.000001 0.000763
-0.385022 0.750049 0.249832 1.000000 0.000009 0.000000 0.000766
-0.385024 0.750050 0.249800 1.000000 0.000007 -0.000003 0.000769
-0.385023 0.750057 0.249791 1.000000 -0.000007 -0.000002 0.000770
-0.385024 0.750059 0.249775 1.000000 -0.000010 -0.000002 0.000772
-0.385022 0.750053 0.249831 1.000000 0.000002 0.000001 0.000775
-0.385023 0.750053 0.249855 1.000000 0.000001 -0.000001 0.000776
-0.385022 0.750054 0.249913 1.000000 0.000000 0.000000 0.000776
-0.385022 0.750054 0.249930 1.000000 -0.000000 0.000002 0.000777
-0.385023 0.750054 0.249946 1.000000 -0.000000 -0.000000 0.000777
-0.385022 0.750054 0.249944 1.000000 0.000001 0.000001 0.000777
-0.385023 0.750053 0.249946 1.000000 0.000001 -0.000002 0.000777
-0.385023 0.750054 0.249946 1.000000 0.000000 -0.000001 0.000778
-0.385021 0.750054 0.249912 1.000000 -0.000001 0.000002 0.000779
-0.385021 0.750054 0.249907 1.000000 -0.000000 0.000003 0.000779
-0.385023 0.750051 0.249908 1.000000 0.000006 -0.000002 0.000780
-0.385024 0.750055 0.249896 1.000000 -0.000001 -0.000004 0.000781
-0.385023 0.750054 0.249920 1.000000 0.000000 -0.000001 0.000783
-0.385023 0.750054 0.249955 1.000000 0.000001 -0.000002 0.000784
-0.385023 0.750053 0.249878 1.000000 0.000002 -0.000002 0.000786
-0.385022 0.750055 0.249890 1.000000 -0.000001 0.000000 0.000789
-0.385023 0.750054 0.249922 1.000000 0.000000 -0.000001 0.000791
-0.385022 0.750054 0.249956 1.000000 0.000001 -0.000001 0.000792
-0.385024 0.750055 0.249935 1.000000 -0.000001 -0.000003 0.000793
-0.385023 0.750055 0.249913 1.000000 -0.000002 -0.000001 0.000795
-0.385022 0.750054 0.249927 1.000000 0.000001 0.000001 0.000796
-0.385022 0.750054 0.249896 1.000000 0.000002 0.000000 0.000797
-0.385022 0.750055 0.249894 1.000000 -0.000000 0.000001 0.000800
-0.385023 0.750053 0.249914 1.000000 0.000004 -0.000002 0.000802
-0.385021 0.750055 0.249867 1.000000 0.000001 0.000001 0.000805
-0.385021 0.750054 0.249862 1.000000 0.000001 0.000001 0.000805
-0.385025 0.750056 0.249848 1.000000 -0.000002 -0.000005 0.000807
-0.385021 0.750053 0.249832 1.000000 0.000004 0.000001 0.000807
-0.385022 0.750057 0.249847 1.000000 -0.000003 0.000000 0.000809
-0.385021 0.750055 0.249867 1.000000 -0.000000 0.000002 0.000809
-0.385021 0.750057 0.249911 1.000000 -0.000003 0.000001 0.000810
-0.385022 0.750055 0.249919 1.000000 0.000000 -0.000000 0.000810
-0.385022 0.750056 0.249914 1.000000 -0.000002 0.000000 0.000811
-0.385022 0.750057 0.249901 1.000000 -0.000003 -0.000000 0.000812
-0.385021 0.750055 0.249897 1.000000 -0.000000 0.000002 0.000812
-0.385022 0.750055 0.249903 1.000000 -0.000000 0.000000 0.000813
-0.385021 0.750057 0.249914 1.000000 -0.000003 0.000001 0.000813
-0.385023 0.750055 0.249916 1.000000 0.000001 -0.000002 0.000814
-0.385023 0.750055 0.249930 1.000000 0.000001 -0.000001 0.000814
-0.385022 0.750055 0.249945 1.000000 -0.000000 -0.000001 0.000814
-0.385021 0.750055 0.249962 1.000000 0.000001 0.000001 0.000814
-0.385023 0.750055 0.249952 1.000000 0.000001 -0.000003 0.000815
-0.385021 0.750057 0.249919 1.000000 -0.000003 0.000002 0.000817
-0.385022 0.750055 0.249916 1.000000 0.000002 0.000000 0.000818
-0.385023 0.750055 0.249939 1.000000 0.000001 -0.000003 0.000820
-0.385022 0.750054 0.249901 1.000000 0.000002 -0.000001 0.000821
-0.385023 0.750056 0.249865 1.000000 0.000000 -0.000003 0.000824
-0.385022 0.750056 0.249912 1.000000 0.000001 -0.000001 0.000825
-0.385023 0.750054 0.249930 1.000000 0.000004 -0.000003 0.000826
-0.385021 0.750056 0.249909 1.000000 -0.000000 0.000001 0.000829
-0.385023 0.750056 0.249906 1.000000 -0.000001 -0.000004 0.000831
-0.385024 0.750054 0.249844 1.000000 0.000005 -0.000004 0.000832
-0.385022 0.750055 0.249887 1.000000 0.000002 0.000000 0.000834
-0.385023 0.750055 0.249855 1.000000 0.000003 -0.000002 0.000836
-0.385022 0.750057 0.249895 1.000000 -0.000002 -0.000000 0.000839
-0.385023 0.750056 0.249897 1.000000 0.000001 -0.000002 0.000841
-0.385023 0.750055 0.249911 1.000000 0.000003 -0.000002 0.000841
-0.385024 0.750056 0.249926 1.000000 0.000001 -0.000005 0.000841
-0.385021 0.750055 0.249903 1.000000 0.000002 -0.000000 0.000841
-0.385018 0.750057 0.249853 1.000000 -0.000001 0.000006 0.000843
-0.385023 0.750056 0.249844 1.000000 0.000002 -0.000004 0.000844
-0.385020 0.750058 0.249833 1.000000 -0.000003 0.000002 0.000845
-0.385021 0.750056 0.249864 1.000000 0.000001 0.000000 0.000845
-0.385022 0.750055 0.249886 1.000000 0.000002 -0.000000 0.000846
-0.385022 0.750055 0.249894 1.000000 0.000003 -0.000000 0.000846
-0.385022 0.750057 0.249902 1.000000 0.000000 -0.000001 0.000847
-0.385022 0.750057 0.249920 1.000000 -0.000000 -0.000002 0.000847
-0.385022 0.750056 0.249935 1.000000 0.000002 -0.000002 0.000847
-0.385021 0.750058 0.249959 1.000000 -0.000002 0.000001 0.000848
-0.385022 0.750057 0.249948 1.000000 -0.000001 -0.000002 0.000849
-0.385023 0.750056 0.249929 1.000000 0.000001 -0.000002 0.000851
-0.385021 0.750059 0.249870 1.000000 -0.000003 0.000001 0.000853
-0.385021 0.750057 0.249864 1.000000 0.000001 -0.000000 0.000856
-0.385023 0.750056 0.249904 1.000000 0.000002 -0.000003 0.000857
-0.385022 0.750059 0.249910 1.000000 -0.000003 -0.000001 0.000859
-0.385022 0.750054 0.249860 1.000000 0.000006 -0.000001 0.000862
-0.385022 0.750056 0.249848 1.000000 0.000002 -0.000003 0.000865
-0.385022 0.750056 0.249925 1.000000 0.000003 -0.000002 0.000866
-0.385022 0.750058 0.249911 1.000000 -0.000001 -0.000002 0.000868
-0.385021 0.750057 0.249913 1.000000 0.000001 -0.000000 0.000870
-0.385022 0.750057 0.249936 1.000000 0.000002 -0.000001 0.000872
-0.385022 0.750057 0.249939 1.000000 0.000001 -0.000002 0.000874
-0.385022 0.750057 0.249937 1.000000 0.000001 -0.000002 0.000874
-0.385022 0.750058 0.249944 1.000000 0.000000 -0.000002 0.000875
-0.385022 0.750057 0.249954 1.000000 0.000002 -0.000002 0.000875
-0.385021 0.750057 0.249960 1.000000 0.000002 0.000000 0.000875
-0.385021 0.750059 0.249954 1.000000 -0.000003 -0.000000 0.000875
-0.385022 0.750059 0.249936 1.000000 -0.000002 -0.000002 0.000876
-0.385020 0.750056 0.249905 1.000000 0.000004 0.000001 0.000876
-0.385020 0.750056 0.249875 1.000000 0.000003 0.000002 0.000877
-0.385021 0.750059 0.249851 1.000000 -0.000003 -0.000001 0.000877
-0.385022 0.750059 0.249847 1.000000 -0.000003 -0.000002 0.000878
-0.385021 0.750056 0.249865 1.000000 0.000003 -0.000001 0.000879
-0.385021 0.750058 0.249895 1.000000 -0.000000 -0.000001 0.000880
-0.385022 0.750058 0.249902 1.000000 -0.000000 -0.000002 0.000881
-0.385019 0.750058 0.249904 1.000000 0.000001 0.000002 0.000883
-0.385022 0.750056 0.249899 1.000000 0.000003 -0.000003 0.000884
-0.385021 0.750058 0.249879 1.000000 0.000001 -0.000000 0.000885
-0.385021 0.750059 0.249926 1.000000 -0.000001 -0.000001 0.000887
-0.385021 0.750059 0.249948 1.000000 -0.000001 -0.000002 0.000888
-0.385020 0.750057 0.249944 1.000000 0.000002 0.000000 0.000890
-0.385021 0.750057 0.249938 1.000000 0.000003 -0.000001 0.000891
-0.385021 0.750056 0.249859 1.000000 0.000004 -0.000001 0.000894
-0.385019 0.750060 0.249863 1.000000 -0.000002 0.000001 0.000895
-0.385020 0.750058 0.249893 1.000000 0.000002 -0.000001 0.000896
-0.385020 0.750059 0.249913 1.000000 -0.000002 0.000000 0.000896
-0.385020 0.750060 0.249921 1.000000 -0.000003 0.000000 0.000896
-0.385020 0.750059 0.249930 1.000000 0.000000 0.000001 0.000897
-0.385021 0.750058 0.249932 1.000000 0.000001 -0.000001 0.000897
-0.385021 0.750057 0.249929 1.000000 0.000003 -0.000002 0.000898
-0.385021 0.750058 0.249928 1.000000 0.000001 -0.000002 0.000899
-0.385021 0.750059 0.249926 1.000000 -0.000000 -0.000003 0.000899
-0.385020 0.750058 0.249943 1.000000 0.000002 0.000000 0.000899
-0.385020 0.750058 0.249946 1.000000 0.000002 -0.000001 0.000900
-0.385021 0.750060 0.249947 1.000000 -0.000003 -0.000001 0.000900
-0.385019 0.750058 0.249927 1.000000 0.000001 0.000003 0.000901
-0.385021 0.750059 0.249863 1.000000 -0.000000 -0.000001 0.000902
-0.385022 0.750062 0.249837 1.000000 -0.000006 -0.000004 0.000902
-0.385019 0.750054 0.249793 1.000000 0.000009 0.000002 0.000903
-0.385023 0.750059 0.249781 1.000000 -0.000001 -0.000006 0.000904
-0.385018 0.750059 0.249800 1.000000 0.000001 0.000003 0.000905
-0.385020 0.750059 0.249830 1.000000 -0.000000 0.000000 0.000906
-0.385021 0.750058 0.249869 1.000000 0.000001 -0.000001 0.000907
-0.385020 0.750058 0.249877 1.000000 0.000002 -0.000001 0.000908
-0.385020 0.750058 0.249891 1.000000 0.000002 -0.000000 0.000910
-0.385020 0.750060 0.249896 1.000000 -0.000001 0.000000 0.000910
-0.385021 0.750059 0.249898 1.000000 0.000001 -0.000003 0.000911
-0.385021 0.750059 0.249901 1.000000 -0.000000 -0.000002 0.000911
-0.385020 0.750060 0.249906 1.000000 -0.000002 -0.000001 0.000911
-0.385019 0.750059 0.249906 1.000000 0.000000 0.000000 0.000912
-0.385020 0.750058 0.249926 1.000000 0.000002 0.000000 0.000913
-0.385020 0.750059 0.249935 1.000000 0.000001 -0.000002 0.000913
-0.385020 0.750059 0.249949 1.000000 0.000001 -0.000001 0.000914
-0.385020 0.750059 0.249958 1.000000 0.000001 -0.000001 0.000914
-0.385019 0.750060 0.249952 1.000000 -0.000001 0.000001 0.000914
-0.385019 0.750059 0.249941 1.000000 0.000001 0.000002 0.000914
-0.385020 0.750059 0.249938 1.000000 0.000002 0.000000 0.000915
-0.385019 0.750058 0.249937 1.000000 0.000004 0.000001 0.000915
-0.385020 0.750060 0.249929 1.000000 -0.000002 -0.000001 0.000916
-0.385021 0.750060 0.249935 1.000000 -0.000000 -0.000003 0.000916
-0.385021 0.750058 0.249949 1.000000 0.000002 -0.000002 0.000916
-0.385021 0.750060 0.249954 1.000000 -0.000001 -0.000002 0.000917
-0.385020 0.750059 0.249943 1.000000 0.000000 -0.000001 0.000917
-0.385019 0.750060 0.249937 1.000000 -0.000001 0.000001 0.000918
-0.385019 0.750061 0.249938 1.000000 -0.000002 0.000000 0.000918
-0.385020 0.750058 0.249934 1.000000 0.000004 -0.000001 0.000918
-0.385023 0.750060 0.249894 1.000000 -0.000001 -0.000006 0.000919
-0.385019 0.750057 0.249861 1.000000 0.000005 0.000002 0.000919
-0.385021 0.750061 0.249836 1.000000 -0.000002 -0.000004 0.000919
-0.385019 0.750060 0.249823 1.000000 -0.000001 0.000000 0.000920
-0.385020 0.750059 0.249820 1.000000 0.000001 -0.000000 0.000921
-0.385019 0.750057 0.249825 1.000000 0.000004 -0.000000 0.000921
-0.385018 0.750059 0.249838 1.000000 0.000002 0.000004 0.000924
-0.385021 0.750058 0.249831 1.000000 0.000004 -0.000003 0.000925
-0.385019 0.750059 0.249861 1.000000 0.000002 0.000000 0.000925
-0.385020 0.750059 0.249879 1.000000 0.000001 -0.000001 0.000926
-0.385020 0.750060 0.249897 1.000000 -0.000000 -0.000001 0.000927
-0.385018 0.750060 0.249910 1.000000 0.000000 0.000002 0.000927
-0.385019 0.750060 0.249926 1.000000 -0.000001 0.000001 0.000927
-0.385020 0.750060 0.249929 1.000000 0.000000 -0.000002 0.000927
-0.385021 0.750058 0.249917 1.000000 0.000003 -0.000003 0.000928
-0.385017 0.750061 0.249894 1.000000 -0.000001 0.000004 0.000929
-0.385018 0.750061 0.249887 1.000000 -0.000002 0.000002 0.000930
-0.385019 0.750061 0.249898 1.000000 -0.000002 -0.000000 0.000930
-0.385020 0.750059 0.249901 1.000000 0.000002 -0.000002 0.000931
-0.385020 0.750060 0.249893 1.000000 -0.000001 -0.000001 0.000931
-0.385019 0.750057 0.249881 1.000000 0.000006 0.000001 0.000931
-0.385022 0.750062 0.249864 1.000000 -0.000003 -0.000005 0.000932
-0.385018 0.750058 0.249838 1.000000 0.000004 0.000003 0.000933
-0.385019 0.750061 0.249823 1.000000 -0.000003 -0.000000 0.000933
-0.385019 0.750061 0.249828 1.000000 -0.000002 0.000001 0.000934
-0.385020 0.750059 0.249844 1.000000 0.000002 -0.000002 0.000934
-0.385019 0.750061 0.249851 1.000000 -0.000003 0.000001 0.000935
-0.385019 0.750060 0.249863 1.000000 0.000001 0.000001 0.000935
-0.385020 0.750059 0.249880 1.000000 0.000001 -0.000003 0.000936
-0.385020 0.750061 0.249881 1.000000 -0.000002 -0.000001 0.000936
-0.385019 0.750058 0.249878 1.000000 0.000004 0.000000 0.000937
-0.385019 0.750060 0.249891 1.000000 0.000001 -0.000001 0.000939
-0.385018 0.750060 0.249896 1.000000 -0.000000 0.000002 0.000939
-0.385019 0.750059 0.249890 1.000000 0.000003 -0.000000 0.000939
-0.385021 0.750061 0.249886 1.000000 -0.000000 -0.000003 0.000940
-0.385019 0.750061 0.249863 1.000000 -0.000001 -0.000000 0.000941
-0.385019 0.750060 0.249872 1.000000 0.000001 -0.000001 0.000942
-0.385019 0.750062 0.249899 1.000000 -0.000002 -0.000001 0.000943
-0.385019 0.750061 0.249902 1.000000 -0.000001 -0.000000 0.000944
-0.385018 0.750060 0.249919 1.000000 0.000001 0.000002 0.000944
-0.385019 0.750060 0.249919 1.000000 0.000002 -0.000000 0.000944
-0.385019 0.750061 0.249914 1.000000 -0.000002 -0.000001 0.000945
-0.385019 0.750062 0.249919 1.000000 -0.000003 0.000000 0.000946
-0.385019 0.750059 0.249919 1.000000 0.000003 -0.000000 0.000946
-0.385017 0.750061 0.249909 1.000000 -0.000000 0.000003 0.000947
-0.385019 0.750061 0.249892 1.000000 0.000000 0.000000 0.000948
-0.385020 0.750060 0.249882 1.000000 0.000001 -0.000002 0.000948
-0.385019 0.750062 0.249871 1.000000 -0.000003 0.000001 0.000949
-0.385019 0.750062 0.249878 1.000000 -0.000003 0.000000 0.000949
-0.385020 0.750061 0.249886 1.000000 0.000001 -0.000003 0.000949
-0.385020 0.750060 0.249887 1.000000 0.000001 -0.000003 0.000950
-0.385018 0.750060 0.249910 1.000000 0.000002 0.000001 0.000950
-0.385020 0.750061 0.249912 1.000000 0.000000 -0.000002 0.000951
-0.385019 0.750063 0.249904 1.000000 -0.000004 0.000000 0.000951
-0.385019 0.750061 0.249897 1.000000 -0.000000 0.000000 0.000951
-0.385019 0.750060 0.249904 1.000000 0.000002 0.000001 0.000952
-0.385018 0.750060 0.249888 1.000000 0.000003 0.000002 0.000953
-0.385017 0.750064 0.249857 1.000000 -0.000005 0.000004 0.000954
-0.385019 0.750061 0.249839 1.000000 0.000000 -0.000000 0.000954
-0.385018 0.750062 0.249853 1.000000 -0.000001 0.000003 0.000956
-0.385018 0.750062 0.249876 1.000000 -0.000001 0.000002 0.000956
-0.385021 0.750061 0.249905 1.000000 -0.000000 -0.000004 0.000957
-0.385020 0.750060 0.249908 1.000000 0.000003 -0.000002 0.000958
-0.385019 0.750061 0.249904 1.000000 0.000001 0.000000 0.000959
-0.385019 0.750061 0.249918 1.000000 0.000000 -0.000001 0.000959
-0.385019 0.750062 0.249947 1.000000 -0.000001 -0.000001 0.000959
-0.385019 0.750060 0.249952 1.000000 0.000002 0.000000 0.000960
-0.385020 0.750062 0.249941 1.000000 -0.000001 -0.000003 0.000961
-0.385020 0.750063 0.249915 1.000000 -0.000002 -0.000003 0.000961
-0.385020 0.750059 0.249864 1.000000 0.000004 -0.000002 0.000962
-0.385020 0.750058 0.249834 1.000000 0.000007 -0.000002 0.000963
-0.385019 0.750062 0.249822 1.000000 -0.000001 0.000000 0.000965
-0.385019 0.750060 0.249923 1.000000 0.000002 -0.000001 0.000966
-0.385018 0.750063 0.249935 1.000000 -0.000003 0.000001 0.000968
-0.385018 0.750062 0.249921 1.000000 -0.000000 0.000001 0.000970
-0.385019 0.750062 0.249923 1.000000 -0.000001 0.000000 0.000971
-0.385018 0.750062 0.249928 1.000000 -0.000001 0.000001 0.000972
-0.385019 0.750061 0.249941 1.000000 0.000001 -0.000001 0.000972
-0.385019 0.750061 0.249952 1.000000 0.000001 -0.000001 0.000972
-0.385019 0.750061 0.249941 1.000000 0.000002 -0.000000 0.000973
-0.385019 0.750061 0.249927 1.000000 0.000002 -0.000001 0.000973
-0.385020 0.750062 0.249923 1.000000 -0.000000 -0.000002 0.000975
-0.385019 0.750061 0.249964 1.000000 0.000002 -0.000000 0.000976
-0.385018 0.750063 0.249933 1.000000 -0.000003 0.000001 0.000977
-0.385018 0.750062 0.249908 1.000000 -0.000000 0.000001 0.000978
-0.385019 0.750062 0.249849 1.000000 0.000001 -0.000001 0.000981
-0.385019 0.750059 0.249851 1.000000 0.000005 -0.000000 0.000981
-0.385018 0.750064 0.249845 1.000000 -0.000004 0.000002 0.000983
-0.385018 0.750060 0.249833 1.000000 0.000004 0.000000 0.000983
-0.385018 0.750063 0.249847 1.000000 -0.000002 0.000000 0.000985
-0.385018 0.750063 0.249873 1.000000 -0.000002 0.000002 0.000986
-0.385018 0.750063 0.249907 1.000000 -0.000001 0.000001 0.000986
-0.385019 0.750063 0.249911 1.000000 -0.000002 -0.000002 0.000986
-0.385019 0.750063 0.249914 1.000000 -0.000002 -0.000001 0.000987
-0.385018 0.750063 0.249911 1.000000 -0.000002 0.000001 0.000987
-0.385019 0.750061 0.249916 1.000000 0.000003 -0.000001 0.000988
-0.385019 0.750063 0.249906 1.000000 -0.000001 -0.000001 0.000988
-0.385019 0.750063 0.249913 1.000000 -0.000001 -0.000001 0.000989
-0.385019 0.750063 0.249915 1.000000 -0.000001 -0.000001 0.000989
-0.385019 0.750063 0.249898 1.000000 -0.000000 -0.000002 0.000990
-0.385019 0.750062 0.249904 1.000000 0.000002 -0.000001 0.000991
-0.385018 0.750062 0.249913 1.000000 0.000001 0.000001 0.000991
-0.385019 0.750062 0.249915 1.000000 0.000002 -0.000001 0.000991
-0.385019 0.750062 0.249927 1.000000 0.000000 -0.000001 0.000991
-0.385018 0.750062 0.249934 1.000000 0.000000 0.000000 0.000992
-0.385018 0.750063 0.249942 1.000000 -0.000001 0.000000 0.000992
-0.385017 0.750063 0.249946 1.000000 -0.000001 0.000002 0.000992
-0.385017 0.750063 0.249938 1.000000 -0.000000 0.000003 0.000992
-0.385021 0.750062 0.249917 1.000000 0.000001 -0.000005 0.000993
-0.385019 0.750063 0.249900 1.000000 -0.000001 -0.000001 0.000994
-0.385019 0.750063 0.249890 1.000000 -0.000000 -0.000000 0.000994
-0.385020 0.750062 0.249888 1.000000 0.000002 -0.000002 0.000995
-0.385017 0.750065 0.249885 1.000000 -0.000005 0.000003 0.000996
-0.385018 0.750063 0.249863 1.000000 -0.000001 0.000001 0.000996
-0.385017 0.750065 0.249854 1.000000 -0.000004 0.000003 0.000997
-0.385020 0.750063 0.249857 1.000000 -0.000001 -0.000003 0.000998
-0.385019 0.750063 0.249862 1.000000 0.000000 -0.000001 0.000999
-0.385018 0.750064 0.249864 1.000000 -0.000003 0.000002 0.000999
-0.385021 0.750061 0.249856 0.999999 0.000004 -0.000005 0.001000
-0.385019 0.750061 0.249846 0.999999 0.000004 -0.000001 0.001001
-0.385017 0.750063 0.249842 0.999999 -0.000000 0.000003 0.001002
-0.385020 0.750062 0.249846 0.999999 0.000001 -0.000003 0.001003
-0.385019 0.750062 0.249877 0.999999 0.000001 -0.000001 0.001004
-0.385019 0.750062 0.249881 0.999999 0.000002 -0.000001 0.001005
-0.385017 0.750063 0.249857 0.999999 0.000001 0.000003 0.001006
-0.385018 0.750064 0.249853 0.999999 -0.000001 0.000001 0.001007
-0.385019 0.750063 0.249865 0.999999 -0.000001 -0.000002 0.001008
-0.385018 0.750064 0.249882 0.999999 -0.000001 0.000001 0.001008
-0.385019 0.750064 0.249926 0.999999 -0.000001 -0.000002 0.001009
-0.385020 0.750061 0.249900 0.999999 0.000003 -0.000002 0.001011
-0.385018 0.750063 0.249902 0.999999 0.000001 0.000002 0.001013
-0.385018 0.750064 0.249942 0.999999 -0.000001 0.000002 0.001014
-0.385019 0.750062 0.249935 0.999999 0.000003 -0.000000 0.001015
-0.385018 0.750065 0.249906 0.999999 -0.000002 0.000000 0.001016
-0.385018 0.750063 0.249940 0.999999 0.000000 -0.000000 0.001018
-0.385018 0.750065 0.249950 0.999999 -0.000002 0.000000 0.001019
-0.385019 0.750065 0.249895 0.999999 -0.000003 -0.000001 0.001022
-0.385019 0.750062 0.249928 0.999999 0.000003 -0.000002 0.001024
-0.385017 0.750064 0.249934 0.999999 -0.000001 0.000001 0.001025
-0.385017 0.750063 0.249935 0.999999 0.000001 0.000003 0.001025
-0.385017 0.750064 0.249919 0.999999 -0.000000 0.000001 0.001026
-0.385020 0.750063 0.249911 0.999999 0.000001 -0.000003 0.001026
-0.385017 0.750064 0.249924 0.999999 -0.000001 0.000002 0.001027
-0.385019 0.750064 0.249931 0.999999 -0.000001 -0.000001 0.001027
-0.385019 0.750063 0.249923 0.999999 0.000002 -0.000002 0.001028
-0.385018 0.750065 0.249920 0.999999 -0.000002 0.000001 0.001029
-0.385018 0.750063 0.249938 0.999999 0.000002 0.000000 0.001030
-0.385018 0.750064 0.249918 0.999999 -0.000000 0.000001 0.001032
-0.385019 0.750063 0.249915 0.999999 0.000001 -0.000002 0.001034
-0.385018 0.750065 0.249869 0.999999 -0.000001 0.000001 0.001037
-0.385018 0.750065 0.249876 0.999999 -0.000002 -0.000000 0.001040
-0.385018 0.750063 0.249878 0.999999 0.000003 -0.000001 0.001042
-0.385018 0.750063 0.249919 0.999999 0.000003 0.000000 0.001044
-0.385018 0.750064 0.249912 0.999999 0.000002 -0.000001 0.001044
-0.385017 0.750066 0.249937 0.999999 -0.000003 0.000001 0.001045
-0.385018 0.750065 0.249936 0.999999 -0.000001 -0.000001 0.001045
-0.385019 0.750065 0.249928 0.999999 0.000000 -0.000003 0.001046
-0.385017 0.750066 0.249908 0.999999 -0.000003 0.000002 0.001046
-0.385018 0.750066 0.249890 0.999999 -0.000002 -0.000000 0.001047
-0.385019 0.750065 0.249886 0.999999 0.000000 -0.000002 0.001047
-0.385018 0.750065 0.249880 0.999999 0.000000 -0.000002 0.001048
-0.385018 0.750064 0.249891 0.999999 0.000001 -0.000002 0.001048
-0.385018 0.750067 0.249916 0.999999 -0.000004 -0.000001 0.001049
-0.385018 0.750066 0.249902 0.999999 -0.000003 -0.000000 0.001050
-0.385017 0.750064 0.249892 0.999999 0.000003 0.000000 0.001051
-0.385017 0.750063 0.249886 0.999999 0.000005 0.000000 0.001052
-0.385017 0.750067 0.249855 0.999999 -0.000003 0.000002 0.001053
-0.385017 0.750067 0.249860 0.999999 -0.000004 0.000000 0.001053
-0.385017 0.750066 0.249863 0.999999 -0.000002 0.000000 0.001055
-0.385017 0.750065 0.249872 0.999999 0.000000 -0.000000 0.001055
-0.385018 0.750064 0.249891 0.999999 0.000003 -0.000001 0.001056
-0.385018 0.750066 0.249907 0.999999 -0.000002 -0.000001 0.001056
-0.385018 0.750066 0.249927 0.999999 -0.000001 -0.000001 0.001057
-0.385018 0.750064 0.249942 0.999999 0.000002 -0.000002 0.001057
-0.385018 0.750065 0.249960 0.999999 -0.000001 -0.000001 0.001057
-0.385018 0.750064 0.249957 0.999999 0.000002 -0.000001 0.001058
-0.385016 0.750064 0.249923 0.999999 0.000003 0.000002 0.001059
-0.385018 0.750065 0.249890 0.999999 0.000001 -0.000002 0.001059
-0.385018 0.750065 0.249878 0.999999 0.000001 -0.000002 0.001062
-0.385018 0.750066 0.249941 0.999999 -0.000000 -0.000002 0.001064
-0.385017 0.750067 0.249931 0.999999 -0.000002 0.000000 0.001066
-0.385018 0.750067 0.249910 0.999999 -0.000002 -0.000002 0.001067
-0.385018 0.750066 0.249931 0.999999 0.000000 -0.000001 0.001069
-0.385018 0.750065 0.249920 0.999999 0.000001 -0.000003 0.001071
-0.385017 0.750066 0.249935 0.999999 -0.000000 -0.000000 0.001072
-0.385018 0.750065 0.249909 0.999999 0.000002 -0.000002 0.001074
-0.385017 0.750068 0.249902 0.999999 -0.000003 -0.000001 0.001076
-0.385019 0.750067 0.249900 0.999999 -0.000002 -0.000004 0.001078
-0.385020 0.750066 0.249806 0.999999 0.000000 -0.000006 0.001082
-0.385015 0.750068 0.249827 0.999999 -0.000003 0.000004 0.001085
-0.385017 0.750069 0.249821 0.999999 -0.000006 -0.000001 0.001088
-0.385016 0.750066 0.249834 0.999999 0.000001 0.000001 0.001091
-0.385016 0.750066 0.249897 0.999999 0.000001 0.000001 0.001093
-0.385016 0.750067 0.249900 0.999999 -0.000001 0.000001 0.001095
-0.385017 0.750066 0.249956 0.999999 0.000001 -0.000001 0.001096
-0.385017 0.750067 0.249974 0.999999 -0.000001 -0.000001 0.001097
-0.385017 0.750066 0.249947 0.999999 0.000001 -0.000001 0.001098
-0.385018 0.750066 0.249930 0.999999 0.000001 -0.000002 0.001099
-0.385015 0.750067 0.249905 0.999999 -0.000001 0.000004 0.001102
-0.385018 0.750068 0.249880 0.999999 -0.000002 -0.000003 0.001104
-0.385018 0.750070 0.249849 0.999999 -0.000006 -0.000003 0.001107
-0.385018 0.750070 0.249768 0.999999 -0.000007 -0.000002 0.001108
-0.385017 0.750068 0.249778 0.999999 -0.000002 -0.000002 0.001110
-0.385016 0.750065 0.249818 0.999999 0.000005 0.000001 0.001112
-0.385016 0.750067 0.249848 0.999999 0.000001 0.000001 0.001116
-0.385017 0.750069 0.249882 0.999999 -0.000002 -0.000003 0.001118
-0.385017 0.750067 0.249927 0.999999 0.000000 -0.000001 0.001120
-0.385017 0.750066 0.249877 0.999999 0.000003 -0.000002 0.001123
-0.385015 0.750069 0.249878 0.999999 -0.000002 0.000003 0.001125
-0.385016 0.750068 0.249929 0.999999 -0.000000 -0.000001 0.001128
-0.385016 0.750067 0.249875 0.999999 0.000002 0.000001 0.001135
-0.385018 0.750067 0.249893 0.999999 0.000001 -0.000003 0.001136
-0.385018 0.750068 0.249880 0.999999 -0.000000 -0.000004 0.001139
-0.385015 0.750070 0.249897 0.999999 -0.000004 0.000002 0.001142
-0.385015 0.750067 0.249901 0.999999 0.000002 0.000001 0.001143
-0.385015 0.750068 0.249847 0.999999 0.000001 0.000002 0.001146
-0.385015 0.750070 0.249848 0.999999 -0.000003 0.000002 0.001147
-0.385015 0.750069 0.249853 0.999999 -0.000000 0.000002 0.001147
-0.385017 0.750067 0.249861 0.999999 0.000003 -0.000003 0.001148
-0.385016 0.750071 0.249868 0.999999 -0.000004 0.000000 0.001149
-0.385015 0.750067 0.249871 0.999999 0.000003 0.000003 0.001149
-0.385017 0.750070 0.249857 0.999999 -0.000002 -0.000003 0.001150
-0.385017 0.750067 0.249855 0.999999 0.000004 -0.000001 0.001150
-0.385015 0.750068 0.249862 0.999999 0.000001 0.000002 0.001151
-0.385015 0.750070 0.249893 0.999999 -0.000002 0.000001 0.001152
-0.385016 0.750070 0.249903 0.999999 -0.000003 0.000001 0.001152
-0.385017 0.750068 0.249900 0.999999 0.000002 -0.000002 0.001153
-0.385016 0.750068 0.249910 0.999999 0.000001 0.000000 0.001154
-0.385015 0.750070 0.249921 0.999999 -0.000002 0.000001 0.001154
-0.385016 0.750070 0.249927 0.999999 -0.000002 0.000000 0.001155
-0.385015 0.750066 0.249885 0.999999 0.000005 0.000001 0.001158
-0.385015 0.750070 0.249816 0.999999 -0.000002 0.000001 0.001160
-0.385017 0.750069 0.249824 0.999999 0.000001 -0.000004 0.001163
-0.385017 0.750070 0.249849 0.999999 -0.000001 -0.000002 0.001165
-0.385016 0.750072 0.249876 0.999999 -0.000006 -0.000001 0.001168
-0.385013 0.750068 0.249865 0.999999 0.000003 0.000005 0.001168
-0.385016 0.750065 0.249836 0.999999 0.000009 -0.000001 0.001169
-0.385019 0.750070 0.249834 0.999999 -0.000002 -0.000006 0.001169
-0.385015 0.750069 0.249827 0.999999 0.000001 0.000002 0.001170
-0.385017 0.750067 0.249831 0.999999 0.000005 -0.000002 0.001171
-0.385016 0.750068 0.249852 0.999999 0.000003 -0.000001 0.001173
-0.385016 0.750070 0.249871 0.999999 -0.000001 0.000001 0.001173
-0.385015 0.750070 0.249907 0.999999 -0.000001 0.000001 0.001174
-0.385016 0.750069 0.249921 0.999999 0.000001 0.000000 0.001174
-0.385016 0.750071 0.249944 0.999999 -0.000003 -0.000000 0.001176
-0.385016 0.750069 0.249933 0.999999 0.000002 -0.000001 0.001178
-0.385016 0.750070 0.249877 0.999999 -0.000000 -0.000000 0.001180
-0.385016 0.750069 0.249923 0.999999 0.000002 -0.000000 0.001181
-0.385015 0.750070 0.249959 0.999999 -0.000000 0.000001 0.001182
-0.385017 0.750069 0.249876 0.999999 0.000002 -0.000002 0.001183
-0.385018 0.750070 0.249832 0.999999 -0.000000 -0.000005 0.001185
-0.385017 0.750069 0.249940 0.999999 0.000001 -0.000002 0.001187
-0.385017 0.750070 0.249952 0.999999 0.000001 -0.000002 0.001187
-0.385017 0.750071 0.249924 0.999999 -0.000002 -0.000002 0.001189
-0.385015 0.750070 0.249871 0.999999 0.000001 0.000002 0.001192
-0.385016 0.750069 0.249878 0.999999 0.000003 -0.000001 0.001193
-0.385016 0.750070 0.249903 0.999999 0.000001 0.000001 0.001193
-0.385016 0.750070 0.249925 0.999999 0.000001 -0.000000 0.001193
-0.385017 0.750071 0.249956 0.999999 -0.000001 -0.000002 0.001194
-0.385016 0.750069 0.249957 0.999999 0.000002 -0.000001 0.001194
-0.385016 0.750071 0.249945 0.999999 -0.000001 0.000000 0.001195
-0.385016 0.750069 0.249950 0.999999 0.000002 -0.000001 0.001195
-0.385016 0.750070 0.249964 0.999999 0.000001 -0.000001 0.001195
-0.385017 0.750070 0.249968 0.999999 0.000001 -0.000002 0.001195
-0.385017 0.750071 0.249957 0.999999 -0.000001 -0.000002 0.001196
-0.385016 0.750070 0.249941 0.999999 0.000000 -0.000001 0.001196
-0.385015 0.750070 0.249917 0.999999 0.000001 0.000002 0.001197
-0.385016 0.750070 0.249912 0.999999 0.000001 -0.000001 0.001198
-0.385017 0.750071 0.249920 0.999999 -0.000001 -0.000002 0.001198
-0.385016 0.750071 0.249923 0.999999 -0.000002 -0.000002 0.001199
-0.385017 0.750070 0.249918 0.999999 0.000002 -0.000002 0.001200
-0.385017 0.750069 0.249914 0.999999 0.000003 -0.000003 0.001200
-0.385016 0.750070 0.249918 0.999999 0.000000 -0.000002 0.001201
-0.385014 0.750070 0.249925 0.999999 0.000000 0.000003 0.001201
-0.385016 0.750069 0.249922 0.999999 0.000002 -0.000000 0.001201
-0.385016 0.750072 0.249911 0.999999 -0.000003 -0.000001 0.001202
-0.385016 0.750070 0.249908 0.999999 0.000002 -0.000001 0.001203
-0.385015 0.750070 0.249902 0.999999 0.000001 -0.000000 0.001203
-0.385014 0.750069 0.249887 0.999999 0.000003 0.000002 0.001203
-0.385015 0.750072 0.249862 0.999999 -0.000003 0.000002 0.001204
-0.385016 0.750071 0.249849 0.999999 0.000000 -0.000002 0.001204
-0.385017 0.750070 0.249862 0.999999 0.000001 -0.000003 0.001205
-0.385015 0.750070 0.249880 0.999999 0.000001 0.000000 0.001206
-0.385015 0.750070 0.249905 0.999999 0.000001 0.000000 0.001206
-0.385016 0.750070 0.249929 0.999999 0.000001 -0.000000 0.001206
-0.385015 0.750071 0.249946 0.999999 0.000000 0.000001 0.001206
-0.385014 0.750072 0.249953 0.999999 -0.000003 0.000002 0.001207
-0.385015 0.750071 0.249955 0.999999 -0.000001 0.000000 0.001207
-0.385016 0.750070 0.249958 0.999999 0.000001 -0.000002 0.001207
-0.385016 0.750071 0.249967 0.999999 0.000000 -0.000001 0.001208
-0.385017 0.750073 0.249914 0.999999 -0.000004 -0.000004 0.001210
-0.385013 0.750072 0.249786 0.999999 -0.000002 0.000004 0.001211
-0.385017 0.750073 0.249776 0.999999 -0.000004 -0.000004 0.001211
-0.385015 0.750073 0.249783 0.999999 -0.000004 -0.000000 0.001213
-0.385017 0.750067 0.249800 0.999999 0.000007 -0.000003 0.001213
-0.385014 0.750071 0.249803 0.999999 0.000001 0.000002 0.001215
-0.385016 0.750071 0.249908 0.999999 0.000000 -0.000001 0.001217
-0.385016 0.750072 0.249910 0.999999 -0.000001 -0.000001 0.001220
-0.385016 0.750072 0.249943 0.999999 -0.000001 -0.000002 0.001221
-0.385016 0.750071 0.249942 0.999999 0.000000 -0.000003 0.001222
-0.385016 0.750071 0.249965 0.999999 0.000001 -0.000002 0.001223
-0.385014 0.750071 0.249938 0.999999 0.000001 0.000001 0.001224
-0.385014 0.750072 0.249881 0.999999 -0.000001 0.000002 0.001226
-0.385016 0.750071 0.249895 0.999999 0.000000 -0.000002 0.001227
-0.385016 0.750069 0.249927 0.999999 0.000004 -0.000002 0.001227
-0.385015 0.750071 0.249920 0.999999 0.000001 0.000000 0.001228
-0.385016 0.750071 0.249912 0.999999 0.000001 -0.000002 0.001229
-0.385015 0.750072 0.249917 0.999999 -0.000000 0.000001 0.001229
-0.385016 0.750073 0.249929 0.999999 -0.000002 -0.000002 0.001230
-0.385016 0.750072 0.249928 0.999999 -0.000001 -0.000003 0.001231
-0.385015 0.750071 0.249920 0.999999 0.000000 -0.000001 0.001231
-0.385015 0.750071 0.249922 0.999999 0.000002 -0.000000 0.001232
-0.385015 0.750071 0.249894 0.999999 0.000000 0.000001 0.001232
-0.385014 0.750071 0.249886 0.999999 0.000002 0.000003 0.001233
-0.385016 0.750072 0.249880 0.999999 0.000000 -0.000002 0.001233
-0.385015 0.750073 0.249881 0.999999 -0.000002 -0.000000 0.001234
-0.385016 0.750072 0.249941 0.999999 -0.000000 -0.000003 0.001235
-0.385016 0.750072 0.249931 0.999999 -0.000000 -0.000002 0.001236
-0.385013 0.750074 0.249906 0.999999 -0.000004 0.000003 0.001238
-0.385016 0.750072 0.249920 0.999999 -0.000000 -0.000002 0.001239
-0.385016 0.750071 0.249951 0.999999 0.000002 -0.000001 0.001240
-0.385018 0.750074 0.249850 0.999999 -0.000004 -0.000005 0.001242
-0.385016 0.750074 0.249798 0.999999 -0.000003 -0.000002 0.001244
-0.385016 0.750072 0.249790 0.999999 -0.000000 -0.000002 0.001244
-0.385013 0.750068 0.249776 0.999999 0.000008 0.000005 0.001245
-0.385017 0.750071 0.249769 0.999999 0.000003 -0.000004 0.001245
-0.385014 0.750074 0.249769 0.999999 -0.000002 0.000001 0.001246
-0.385014 0.750071 0.249781 0.999999 0.000002 0.000002 0.001247
-0.385015 0.750072 0.249822 0.999999 0.000001 0.000000 0.001248
-0.385016 0.750075 0.249825 0.999999 -0.000005 -0.000003 0.001248
-0.385017 0.750070 0.249813 0.999999 0.000006 -0.000004 0.001250
-0.385013 0.750073 0.249810 0.999999 -0.000001 0.000004 0.001251
-0.385016 0.750074 0.249819 0.999999 -0.000003 -0.000002 0.001254
-0.385014 0.750073 0.249864 0.999999 0.000000 0.000002 0.001257
-0.385016 0.750073 0.249886 0.999999 0.000000 -0.000002 0.001258
-0.385015 0.750072 0.249905 0.999999 0.000002 -0.000001 0.001258
-0.385015 0.750072 0.249911 0.999999 0.000001 0.000000 0.001259
-0.385014 0.750073 0.249929 0.999999 -0.000000 0.000001 0.001259
-0.385017 0.750073 0.249930 0.999999 -0.000001 -0.000004 0.001259
-0.385014 0.750075 0.249902 0.999999 -0.000005 0.000002 0.001260
-0.385016 0.750074 0.249883 0.999999 -0.000003 -0.000002 0.001261
-0.385016 0.750070 0.249861 0.999999 0.000005 -0.000003 0.001261
-0.385016 0.750073 0.249850 0.999999 0.000001 -0.000003 0.001262
-0.385016 0.750074 0.249833 0.999999 -0.000001 -0.000003 0.001262
-0.385015 0.750074 0.249813 0.999999 -0.000003 -0.000000 0.001263
-0.385014 0.750073 0.249799 0.999999 -0.000001 0.000002 0.001263
-0.385015 0.750078 0.249802 0.999999 -0.000009 -0.000000 0.001264
-0.385014 0.750078 0.249814 0.999999 -0.000011 0.000002 0.001264
-0.385014 0.750076 0.249821 0.999999 -0.000006 0.000002 0.001264
-0.385014 0.750072 0.249830 0.999999 0.000001 0.000002 0.001264
-0.385018 0.750073 0.249829 0.999999 0.000000 -0.000005 0.001265
-0.385016 0.750073 0.249824 0.999999 0.000001 -0.000001 0.001265
-0.385014 0.750073 0.249828 0.999999 -0.000001 0.000001 0.001266
-0.385014 0.750073 0.249850 0.999999 0.000001 0.000001 0.001266
-0.385016 0.750072 0.249885 0.999999 0.000001 -0.000001 0.001266
-0.385015 0.750073 0.249933 0.999999 -0.000000 -0.000000 0.001267
-0.385015 0.750073 0.249947 0.999999 0.000000 0.000000 0.001267
-0.385016 0.750072 0.249955 0.999999 0.000001 -0.000001 0.001267
-0.385016 0.750072 0.249951 0.999999 0.000002 -0.000001 0.001268
-0.385016 0.750073 0.249932 0.999999 0.000001 -0.000002 0.001268
-0.385016 0.750074 0.249913 0.999999 -0.000002 -0.000002 0.001269
-0.385015 0.750073 0.249901 0.999999 0.000001 0.000000 0.001270
-0.385014 0.750073 0.249917 0.999999 0.000000 0.000001 0.001271
-0.385016 0.750073 0.249950 0.999999 0.000000 -0.000002 0.001271
-0.385016 0.750074 0.249958 0.999999 -0.000001 -0.000002 0.001271
-0.385014 0.750073 0.249947 0.999999 0.000001 0.000002 0.001272
-0.385015 0.750073 0.249934 0.999999 -0.000000 0.000000 0.001272
-0.385015 0.750073 0.249940 0.999999 -0.000000 0.000001 0.001273
-0.385015 0.750073 0.249950 0.999999 0.000001 -0.000001 0.001273
-0.385015 0.750074 0.249966 0.999999 -0.000001 0.000001 0.001273
-0.385015 0.750072 0.249965 0.999999 0.000002 -0.000001 0.001273
-0.385015 0.750072 0.249964 0.999999 0.000002 -0.000001 0.001274
-0.385016 0.750073 0.249965 0.999999 -0.000000 -0.000001 0.001274
-0.385016 0.750074 0.249969 0.999999 -0.000001 -0.000001 0.001274
-0.385015 0.750073 0.249970 0.999999 0.000001 0.000001 0.001274
-0.385015 0.750073 0.249962 0.999999 -0.000000 0.000000 0.001275
-0.385016 0.750073 0.249944 0.999999 0.000001 -0.000003 0.001275
-0.385016 0.750073 0.249923 0.999999 -0.000000 -0.000002 0.001275
-0.385017 0.750073 0.249922 0.999999 0.000001 -0.000004 0.001276
-0.385014 0.750073 0.249894 0.999999 0.000001 0.000001 0.001276
-0.385015 0.750072 0.249879 0.999999 0.000003 0.000000 0.001277
-0.385015 0.750073 0.249848 0.999999 0.000002 -0.000001 0.001280
-0.385014 0.750073 0.249918 0.999999 0.000002 0.000002 0.001282
-0.385014 0.750075 0.249851 0.999999 -0.000003 0.000002 0.001284
-0.385016 0.750074 0.249779 0.999999 0.000000 -0.000003 0.001285
-0.385014 0.750074 0.249797 0.999999 0.000000 0.000002 0.001287
-0.385013 0.750075 0.249829 0.999999 -0.000001 0.000002 0.001289
-0.385014 0.750072 0.249834 0.999999 0.000004 0.000001 0.001293
-0.385015 0.750077 0.249780 0.999999 -0.000006 -0.000002 0.001295
-0.385015 0.750076 0.249785 0.999999 -0.000003 -0.000002 0.001297
-0.385014 0.750076 0.249788 0.999999 -0.000004 0.000001 0.001298
-0.385015 0.750073 0.249802 0.999999 0.000003 -0.000001 0.001298
-0.385013 0.750072 0.249807 0.999999 0.000004 0.000002 0.001299
-0.385017 0.750074 0.249801 0.999999 -0.000000 -0.000005 0.001300
-0.385018 0.750071 0.249794 0.999999 0.000006 -0.000008 0.001300
-0.385014 0.750072 0.249789 0.999999 0.000004 0.000001 0.001300
-0.385015 0.750074 0.249789 0.999999 -0.000000 -0.000001 0.001300
-0.385014 0.750076 0.249801 0.999999 -0.000004 0.000002 0.001301
-0.385015 0.750078 0.249808 0.999999 -0.000007 -0.000000 0.001301
-0.385015 0.750078 0.249822 0.999999 -0.000007 -0.000000 0.001301
-0.385013 0.750073 0.249826 0.999999 0.000003 0.000003 0.001302
-0.385012 0.750072 0.249796 0.999999 0.000005 0.000004 0.001303
-0.385017 0.750072 0.249782 0.999999 0.000005 -0.000005 0.001304
-0.385014 0.750070 0.249772 0.999999 0.000008 -0.000000 0.001304
-0.385017 0.750075 0.249782 0.999999 -0.000002 -0.000004 0.001305
-0.385015 0.750078 0.249774 0.999999 -0.000008 -0.000000 0.001306
-0.385013 0.750076 0.249770 0.999999 -0.000002 0.000003 0.001306
-0.385016 0.750074 0.249782 0.999999 0.000001 -0.000003 0.001308
-0.385015 0.750072 0.249790 0.999999 0.000006 -0.000002 0.001309
-0.385014 0.750073 0.249804 0.999999 0.000004 0.000002 0.001309
-0.385014 0.750075 0.249811 0.999999 -0.000001 0.000001 0.001310
-0.385016 0.750074 0.249835 0.999999 0.000001 -0.000003 0.001310
-0.385016 0.750075 0.249865 0.999999 -0.000000 -0.000003 0.001311
-0.385015 0.750075 0.249872 0.999999 -0.000001 -0.000002 0.001311
-0.385016 0.750074 0.249877 0.999999 0.000001 -0.000004 0.001312
-0.385014 0.750077 0.249890 0.999999 -0.000004 0.000002 0.001313
-0.385014 0.750076 0.249881 0.999999 -0.000002 0.000000 0.001313
-0.385015 0.750074 0.249905 0.999999 0.000002 -0.000001 0.001314
-0.385015 0.750076 0.249923 0.999999 -0.000002 -0.000001 0.001314
-0.385014 0.750074 0.249937 0.999999 0.000002 0.000000 0.001315
-0.385013 0.750076 0.249942 0.999999 -0.000002 0.000002 0.001315
-0.385015 0.750074 0.249954 0.999999 0.000001 -0.000001 0.001316
-0.385015 0.750074 0.249961 0.999999 0.000001 0.000000 0.001316
-0.385014 0.750075 0.249964 0.999999 -0.000000 0.000000 0.001316
-0.385015 0.750076 0.249960 0.999999 -0.000002 0.000000 0.001316
-0.385015 0.750074 0.249939 0.999999 0.000001 -0.000001 0.001317
-0.385015 0.750075 0.249944 0.999999 -0.000000 -0.000001 0.001317
-0.385015 0.750075 0.249953 0.999999 -0.000000 -0.000002 0.001317
-0.385015 0.750074 0.249958 0.999999 0.000002 -0.000000 0.001318
-0.385015 0.750076 0.249951 0.999999 -0.000002 0.000000 0.001318
-0.385015 0.750076 0.249940 0.999999 -0.000002 -0.000001 0.001318
-0.385015 0.750074 0.249939 0.999999 0.000001 -0.000001 0.001319
-0.385015 0.750075 0.249948 0.999999 0.000000 -0.000000 0.001319
-0.385015 0.750074 0.249945 0.999999 0.000002 -0.000001 0.001319
-0.385015 0.750073 0.249936 0.999999 0.000004 -0.000000 0.001319
-0.385014 0.750076 0.249921 0.999999 -0.000003 0.000000 0.001320
-0.385015 0.750077 0.249897 0.999999 -0.000005 -0.000000 0.001320
-0.385016 0.750075 0.249888 0.999999 0.000001 -0.000002 0.001321
-0.385015 0.750074 0.249896 0.999999 0.000001 -0.000000 0.001321
-0.385015 0.750075 0.249912 0.999999 0.000001 -0.000001 0.001322
-0.385014 0.750075 0.249931 0.999999 0.000001 0.000002 0.001322
-0.385014 0.750075 0.249940 0.999999 -0.000000 0.000001 0.001322
-0.385015 0.750074 0.249942 0.999999 0.000002 -0.000000 0.001323
-0.385016 0.750075 0.249945 0.999999 0.000000 -0.000002 0.001323
-0.385015 0.750074 0.249946 0.999999 0.000002 -0.000000 0.001324
-0.385015 0.750077 0.249942 0.999999 -0.000003 -0.000000 0.001324
-0.385016 0.750075 0.249946 0.999999 0.000000 -0.000002 0.001326
-0.385015 0.750077 0.249929 0.999999 -0.000003 -0.000000 0.001327
-0.385014 0.750076 0.249924 0.999999 -0.000002 0.000002 0.001328
-0.385015 0.750074 0.249921 0.999999 0.000002 -0.000001 0.001328
-0.385015 0.750074 0.249909 0.999999 0.000002 -0.000000 0.001329
-0.385014 0.750075 0.249867 0.999999 0.000001 -0.000000 0.001330
-0.385016 0.750077 0.249840 0.999999 -0.000003 -0.000003 0.001330
-0.385015 0.750076 0.249830 0.999999 -0.000001 -0.000001 0.001331
-0.385014 0.750073 0.249837 0.999999 0.000004 0.000001 0.001332
-0.385014 0.750075 0.249844 0.999999 0.000001 0.000000 0.001333
-0.385015 0.750075 0.249860 0.999999 0.000001 -0.000002 0.001334
-0.385015 0.750075 0.249910 0.999999 0.000001 -0.000001 0.001334
-0.385013 0.750076 0.249925 0.999999 -0.000000 0.000002 0.001335
-0.385016 0.750075 0.249913 0.999999 0.000000 -0.000003 0.001336
-0.385016 0.750076 0.249898 0.999999 -0.000001 -0.000003 0.001336
-0.385013 0.750075 0.249868 0.999999 0.000001 0.000002 0.001337
-0.385014 0.750074 0.249864 0.999999 0.000003 -0.000000 0.001338
-0.385015 0.750075 0.249934 0.999999 0.000002 -0.000001 0.001339
-0.385014 0.750076 0.249921 0.999999 0.000000 0.000001 0.001341
-0.385016 0.750076 0.249898 0.999999 -0.000001 -0.000003 0.001342
-0.385014 0.750075 0.249897 0.999999 0.000003 -0.000001 0.001344
-0.385015 0.750075 0.249900 0.999999 0.000003 -0.000001 0.001346
-0.385013 0.750076 0.249870 0.999999 0.000001 0.000002 0.001350
-0.385014 0.750076 0.249938 0.999999 0.000001 -0.000001 0.001351
-0.385014 0.750077 0.249909 0.999999 -0.000002 -0.000000 0.001353
-0.385014 0.750076 0.249886 0.999999 0.000002 0.000000 0.001355
-0.385014 0.750076 0.249956 0.999999 0.000000 -0.000000 0.001356
-0.385014 0.750079 0.249937 0.999999 -0.000005 -0.000001 0.001357
-0.385014 0.750077 0.249870 0.999999 -0.000000 0.000000 0.001360
-0.385013 0.750078 0.249862 0.999999 -0.000003 0.000002 0.001363
-0.385014 0.750077 0.249879 0.999999 -0.000000 -0.000000 0.001364
-0.385015 0.750075 0.249879 0.999999 0.000002 -0.000001 0.001365
-0.385013 0.750077 0.249895 0.999999 -0.000001 0.000002 0.001365
-0.385013 0.750077 0.249908 0.999999 -0.000001 0.000001 0.001366
-0.385015 0.750075 0.249930 0.999999 0.000003 -0.000003 0.001366
-0.385014 0.750076 0.249937 0.999999 0.000002 -0.000001 0.001367
-0.385014 0.750077 0.249952 0.999999 0.000000 -0.000000 0.001367
-0.385013 0.750077 0.249956 0.999999 -0.000000 0.000002 0.001367
-0.385014 0.750076 0.249961 0.999999 0.000001 -0.000000 0.001368
-0.385015 0.750077 0.249964 0.999999 -0.000001 -0.000002 0.001368
-0.385015 0.750075 0.249947 0.999999 0.000003 -0.000001 0.001368
-0.385013 0.750076 0.249922 0.999999 0.000002 0.000002 0.001368
-0.385013 0.750078 0.249902 0.999999 -0.000002 0.000003 0.001369
-0.385015 0.750077 0.249896 0.999999 0.000000 -0.000003 0.001369
-0.385016 0.750077 0.249903 0.999999 0.000000 -0.000003 0.001370
-0.385014 0.750078 0.249911 0.999999 -0.000001 0.000001 0.001370
-0.385014 0.750078 0.249911 0.999999 -0.000003 0.000001 0.001371
-0.385015 0.750077 0.249911 0.999999 0.000000 -0.000001 0.001371
-0.385015 0.750077 0.249925 0.999999 0.000001 -0.000001 0.001371
-0.385015 0.750076 0.249936 0.999999 0.000002 -0.000001 0.001371
-0.385015 0.750076 0.249945 0.999999 0.000001 -0.000002 0.001371
-0.385014 0.750077 0.249953 0.999999 0.000000 0.000001 0.001372
-0.385014 0.750076 0.249960 0.999999 0.000003 -0.000000 0.001372
-0.385015 0.750076 0.249949 0.999999 0.000002 -0.000002 0.001372
-0.385014 0.750078 0.249920 0.999999 -0.000002 -0.000000 0.001373
-0.385014 0.750077 0.249919 0.999999 0.000000 0.000001 0.001373
-0.385014 0.750077 0.249929 0.999999 0.000000 0.000001 0.001373
-0.385014 0.750076 0.249921 0.999999 0.000003 -0.000000 0.001373
-0.385015 0.750079 0.249871 0.999999 -0.000003 -0.000001 0.001375
-0.385014 0.750075 0.249844 0.999999 0.000005 -0.000000 0.001375
-0.385013 0.750074 0.249811 0.999999 0.000006 0.000002 0.001376
-0.385016 0.750076 0.249798 0.999999 0.000002 -0.000004 0.001377
-0.385015 0.750078 0.249812 0.999999 -0.000002 -0.000002 0.001378
-0.385014 0.750077 0.249827 0.999999 0.000000 -0.000000 0.001379
-0.385014 0.750077 0.249864 0.999999 0.000002 -0.000001 0.001380
-0.385015 0.750078 0.249887 0.999999 -0.000001 -0.000001 0.001381
-0.385015 0.750077 0.249917 0.999999 0.000001 -0.000002 0.001383
-0.385014 0.750079 0.249884 0.999999 -0.000003 -0.000001 0.001385
-0.385013 0.750079 0.249891 0.999999 -0.000002 0.000002 0.001389
-0.385014 0.750079 0.249890 0.999999 -0.000003 -0.000000 0.001391
-0.385013 0.750078 0.249904 0.999999 0.000000 0.000001 0.001393
-0.385014 0.750078 0.249956 0.999999 0.000001 -0.000001 0.001394
-0.385014 0.750077 0.249968 0.999999 0.000001 -0.000001 0.001394
-0.385014 0.750078 0.249971 0.999999 0.000001 -0.000001 0.001394
-0.385014 0.750078 0.249972 0.999999 -0.000000 -0.000001 0.001395
-0.385014 0.750078 0.249973 0.999999 0.000001 -0.000001 0.001395
-0.385014 0.750078 0.249975 0.999999 -0.000000 -0.000001 0.001395
-0.385015 0.750077 0.249972 0.999999 0.000001 -0.000001 0.001395
-0.385014 0.750076 0.249961 0.999999 0.000004 -0.000001 0.001396
-0.385015 0.750077 0.249946 0.999999 0.000002 -0.000002 0.001396
-0.385013 0.750078 0.249920 0.999999 0.000001 0.000002 0.001397
-0.385013 0.750079 0.249924 0.999999 -0.000001 0.000001 0.001398
-0.385014 0.750080 0.249894 0.999999 -0.000004 -0.000002 0.001400
-0.385014 0.750078 0.249898 0.999999 0.000001 -0.000000 0.001403
-0.385013 0.750078 0.249930 0.999999 0.000000 0.000001 0.001404
-0.385014 0.750078 0.249964 0.999999 0.000000 -0.000001 0.001405
-0.385014 0.750078 0.249974 0.999999 0.000001 -0.000002 0.001406
-0.385014 0.750079 0.249961 0.999999 -0.000001 -0.000000 0.001406
-0.385014 0.750079 0.249903 0.999999 -0.000001 0.000000 0.001408
-0.385013 0.750081 0.249861 0.999999 -0.000004 0.000000 0.001412
-0.385014 0.750078 0.249818 0.999999 0.000001 -0.000002 0.001414
-0.385014 0.750080 0.249884 0.999999 -0.000002 -0.000002 0.001416
-0.385014 0.750078 0.249864 0.999999 0.000001 -0.000001 0.001418
-0.385014 0.750078 0.249873 0.999999 0.000002 -0.000001 0.001421
-0.385013 0.750079 0.249916 0.999999 -0.000000 0.000000 0.001423
-0.385013 0.750079 0.249947 0.999999 0.000001 0.000000 0.001424
-0.385013 0.750080 0.249950 0.999999 -0.000001 -0.000001 0.001425
-0.385012 0.750080 0.249938 0.999999 -0.000002 0.000001 0.001426
-0.385013 0.750076 0.249909 0.999999 0.000006 0.000000 0.001427
-0.385013 0.750080 0.249891 0.999999 -0.000002 -0.000002 0.001428
-0.385013 0.750079 0.249877 0.999999 -0.000000 0.000000 0.001429
-0.385013 0.750079 0.249926 0.999999 0.000002 -0.000000 0.001431
-0.385013 0.750078 0.249950 0.999999 0.000002 -0.000000 0.001432
-0.385012 0.750079 0.249942 0.999999 0.000002 0.000001 0.001432
-0.385013 0.750078 0.249914 0.999999 0.000002 0.000000 0.001433
-0.385013 0.750079 0.249909 0.999999 0.000001 -0.000000 0.001433
-0.385014 0.750079 0.249920 0.999999 0.000000 -0.000003 0.001434
-0.385013 0.750081 0.249907 0.999999 -0.000003 -0.000000 0.001434
-0.385013 0.750082 0.249855 0.999999 -0.000005 -0.000002 0.001435
-0.385012 0.750082 0.249829 0.999999 -0.000005 0.000001 0.001436
-0.385014 0.750079 0.249825 0.999999 0.000001 -0.000002 0.001437
-0.385012 0.750081 0.249840 0.999999 -0.000003 0.000001 0.001438
-0.385014 0.750080 0.249869 0.999999 0.000000 -0.000003 0.001439
-0.385013 0.750080 0.249883 0.999999 0.000000 -0.000001 0.001440
-0.385011 0.750080 0.249900 0.999999 -0.000001 0.000003 0.001440
-0.385012 0.750079 0.249903 0.999999 0.000001 0.000000 0.001441
-0.385012 0.750081 0.249904 0.999999 -0.000002 0.000001 0.001442
-0.385012 0.750080 0.249899 0.999999 0.000000 0.000001 0.001442
-0.385013 0.750079 0.249910 0.999999 0.000002 -0.000002 0.001443
-0.385013 0.750079 0.249921 0.999999 0.000002 -0.000001 0.001443
-0.385012 0.750080 0.249943 0.999999 -0.000001 0.000001 0.001444
-0.385012 0.750079 0.249950 0.999999 0.000001 0.000000 0.001444
-0.385012 0.750080 0.249952 0.999999 -0.000001 0.000001 0.001444
-0.385012 0.750080 0.249953 0.999999 -0.000000 0.000001 0.001444
-0.385012 0.750080 0.249951 0.999999 -0.000000 0.000001 0.001444
-0.385012 0.750080 0.249948 0.999999 -0.000001 0.000002 0.001445
-0.385013 0.750079 0.249939 0.999999 0.000003 -0.000000 0.001445
-0.385012 0.750078 0.249919 0.999999 0.000004 0.000001 0.001446
-0.385011 0.750080 0.249894 0.999999 0.000000 0.000003 0.001446
-0.385013 0.750079 0.249876 0.999999 0.000002 -0.000001 0.001448
-0.385013 0.750080 0.249892 0.999999 -0.000001 -0.000001 0.001448
-0.385013 0.750079 0.249923 0.999999 0.000002 -0.000001 0.001449
-0.385012 0.750079 0.249916 0.999999 0.000001 -0.000000 0.001450
-0.385012 0.750081 0.249911 0.999999 -0.000002 0.000000 0.001451
-0.385012 0.750079 0.249924 0.999999 0.000002 0.000000 0.001451
-0.385012 0.750081 0.249932 0.999999 -0.000002 -0.000000 0.001452
-0.385013 0.750081 0.249931 0.999999 -0.000002 -0.000001 0.001452
-0.385013 0.750080 0.249918 0.999999 -0.000000 -0.000001 0.001453
-0.385011 0.750078 0.249888 0.999999 0.000004 0.000002 0.001453
-0.385012 0.750079 0.249855 0.999999 0.000003 0.000001 0.001453
-0.385011 0.750079 0.249848 0.999999 0.000003 0.000001 0.001454
-0.385014 0.750080 0.249854 0.999999 -0.000000 -0.000003 0.001455
-0.385013 0.750081 0.249863 0.999999 -0.000002 -0.000002 0.001456
-0.385014 0.750080 0.249871 0.999999 0.000001 -0.000003 0.001456
-0.385012 0.750081 0.249880 0.999999 -0.000001 0.000000 0.001457
-0.385012 0.750081 0.249883 0.999999 -0.000002 -0.000000 0.001457
-0.385013 0.750081 0.249879 0.999999 -0.000002 -0.000003 0.001458
-0.385012 0.750081 0.249874 0.999999 -0.000002 -0.000001 0.001459
-0.385013 0.750079 0.249889 0.999999 0.000002 -0.000002 0.001459
-0.385013 0.750080 0.249911 0.999999 0.000001 -0.000002 0.001459
-0.385012 0.750081 0.249929 0.999999 -0.000001 -0.000001 0.001460
-0.385014 0.750080 0.249934 0.999999 0.000001 -0.000003 0.001460
-0.385011 0.750080 0.249928 0.999999 -0.000000 0.000002 0.001461
-0.385012 0.750081 0.249929 0.999999 -0.000001 0.000001 0.001462
-0.385012 0.750081 0.249934 0.999999 -0.000002 0.000001 0.001462
-0.385012 0.750080 0.249936 0.999999 0.000000 0.000000 0.001462
-0.385012 0.750081 0.249936 0.999999 -0.000001 0.000000 0.001462
-0.385013 0.750080 0.249942 0.999999 0.000001 -0.000002 0.001463
-0.385013 0.750080 0.249952 0.999999 0.000002 -0.000002 0.001463
-0.385013 0.750081 0.249959 0.999999 -0.000000 -0.000003 0.001463
-0.385013 0.750080 0.249957 0.999999 0.000000 -0.000003 0.001463
-0.385011 0.750079 0.249936 0.999999 0.000002 0.000002 0.001464
-0.385012 0.750081 0.249908 0.999999 -0.000001 0.000001 0.001464
-0.385013 0.750081 0.249864 0.999999 -0.000001 -0.000002 0.001465
-0.385011 0.750081 0.249874 0.999999 -0.000001 0.000002 0.001465
-0.385013 0.750081 0.249875 0.999999 -0.000001 -0.000002 0.001466
-0.385013 0.750082 0.249867 0.999999 -0.000003 -0.000003 0.001467
-0.385013 0.750079 0.249850 0.999999 0.000003 -0.000002 0.001468
-0.385013 0.750080 0.249858 0.999999 0.000002 -0.000001 0.001468
-0.385012 0.750082 0.249890 0.999999 -0.000002 -0.000000 0.001469
-0.385013 0.750081 0.249901 0.999999 0.000000 -0.000002 0.001470
-0.385012 0.750081 0.249896 0.999999 0.000000 -0.000000 0.001471
-0.385012 0.750080 0.249901 0.999999 0.000001 -0.000001 0.001471
-0.385013 0.750080 0.249909 0.999999 0.000002 -0.000002 0.001472
-0.385012 0.750082 0.249918 0.999999 -0.000001 -0.000001 0.001473
-0.385012 0.750080 0.249926 0.999999 0.000002 -0.000000 0.001474
-0.385012 0.750080 0.249911 0.999999 0.000002 0.000000 0.001474
-0.385012 0.750081 0.249906 0.999999 0.000001 -0.000000 0.001475
-0.385010 0.750081 0.249915 0.999999 -0.000000 0.000003 0.001476
-0.385012 0.750079 0.249918 0.999999 0.000004 -0.000001 0.001477
-0.385010 0.750082 0.249905 0.999999 -0.000002 0.000002 0.001478
-0.385011 0.750079 0.249858 0.999999 0.000004 0.000002 0.001479
-0.385012 0.750079 0.249843 0.999999 0.000003 -0.000000 0.001480
-0.385013 0.750081 0.249852 0.999999 -0.000000 -0.000002 0.001481
-0.385012 0.750080 0.249885 0.999999 0.000002 -0.000001 0.001481
-0.385012 0.750081 0.249939 0.999999 0.000001 -0.000001 0.001481
-0.385012 0.750080 0.249954 0.999999 0.000001 -0.000002 0.001481
-0.385011 0.750080 0.249956 0.999999 0.000001 0.000000 0.001482
-0.385012 0.750080 0.249947 0.999999 0.000002 -0.000001 0.001482
