-0.080727 0.886065 0.407064
-0.079450 0.886098 0.407133
-0.078000 0.886048 0.407229
-0.076358 0.885892 0.407357
-0.074966 0.885779 0.407460
-0.076402 0.884876 0.407496
-0.075365 0.883585 0.407849
-0.075154 0.883327 0.407915
-0.072824 0.882264 0.408258
-0.072568 0.882009 0.408318
-0.070191 0.880921 0.408635
-0.066918 0.877621 0.409405
-0.066498 0.876915 0.409544
-0.065951 0.876031 0.409721
-0.065474 0.875219 0.409881
-0.065410 0.875050 0.409910
-0.064188 0.874622 0.410035
-0.065749 0.873034 0.410140
-0.065839 0.872580 0.410209
-0.064496 0.871499 0.410456
-0.065696 0.869400 0.410668
-0.065662 0.868799 0.410764
-0.063987 0.867333 0.411071
-0.064850 0.865613 0.411231
-0.064823 0.864134 0.411443
-0.063530 0.862972 0.411667
-0.064180 0.861053 0.411852
-0.063999 0.859396 0.412076
-0.062596 0.858085 0.412298
-0.063170 0.856026 0.412486
-0.062927 0.854253 0.412704
-0.061484 0.852850 0.412910
-0.062042 0.850708 0.413089
-0.061441 0.848098 0.413384
-0.060695 0.847420 0.413471
-0.061008 0.844374 0.413721
-0.059630 0.841356 0.414028
-0.060758 0.838477 0.414244
-0.060673 0.837669 0.414317
-0.060090 0.834427 0.414649
-0.059872 0.833972 0.414690
-0.059906 0.832303 0.414876
-0.059809 0.831976 0.414908
-0.060291 0.830804 0.415066
-0.060261 0.830551 0.415094
-0.060998 0.829665 0.415237
-0.060985 0.829259 0.415288
-0.061829 0.828614 0.415414
-0.061865 0.828437 0.415437
-0.062895 0.827775 0.415578
-0.062928 0.827614 0.415600
-0.063993 0.827011 0.415732
-0.064033 0.826856 0.415754
-0.065088 0.826328 0.415865
-0.065179 0.826018 0.415910
-0.066139 0.825596 0.416001
-0.066299 0.825151 0.416073
-0.067134 0.824833 0.416140
-0.067403 0.824383 0.416215
-0.068921 0.823279 0.416567
-0.070236 0.823407 0.416566
-0.070620 0.823421 0.416562
-0.071018 0.823342 0.416565
-0.071677 0.822980 0.416619
-0.071709 0.822888 0.416632
-0.071558 0.822813 0.416646
-0.072326 0.822206 0.416655
-0.073069 0.821604 0.416680
-0.073292 0.821137 0.416715
-0.074226 0.820216 0.416753
-0.075404 0.817607 0.416967
-0.075273 0.817134 0.417014
-0.075209 0.816328 0.417092
-0.074977 0.815606 0.417163
-0.074975 0.815023 0.417222
-0.074929 0.814732 0.417251
-0.075061 0.814032 0.417328
-0.075033 0.813805 0.417352
-0.075227 0.813404 0.417398
-0.075265 0.813192 0.417422
-0.076202 0.812455 0.417453
-0.077189 0.811798 0.417495
-0.077795 0.811240 0.417544
-0.079039 0.810242 0.417604
-0.080176 0.809381 0.417671
-0.080841 0.808661 0.417740
-0.082089 0.807525 0.417820
-0.083197 0.806550 0.417905
-0.083819 0.805735 0.417985
-0.085019 0.804510 0.418080
-0.085932 0.803409 0.418177
-0.086498 0.802521 0.418264
-0.087693 0.801233 0.418369
-0.088591 0.800080 0.418475
-0.089913 0.798585 0.418601
-0.091001 0.797318 0.418723
-0.091484 0.794170 0.419014
-0.090497 0.792561 0.419091
-0.088404 0.790527 0.419058
-0.088825 0.790493 0.419079
-0.088855 0.790439 0.419082
-0.089822 0.789807 0.419143
-0.090850 0.789264 0.419212
-0.091515 0.788827 0.419265
-0.092839 0.787928 0.419363
-0.094053 0.787198 0.419459
-0.094799 0.786634 0.419529
-0.095948 0.785450 0.419664
-0.096250 0.785182 0.419684
-0.096721 0.785156 0.419701
-0.097275 0.785223 0.419726
-0.098104 0.785487 0.419764
-0.097964 0.785512 0.419756
-0.097747 0.785402 0.419747
-0.096972 0.785202 0.419716
-0.096758 0.785172 0.419708
-0.098238 0.783994 0.419850
-0.098496 0.783625 0.419887
-0.098550 0.783021 0.419922
-0.098340 0.782825 0.419920
-0.097942 0.782386 0.419910
-0.097632 0.782223 0.419898
-0.096952 0.781642 0.419872
-0.096646 0.781509 0.419859
-0.095854 0.780859 0.419826
-0.095372 0.780181 0.419818
-0.095068 0.779635 0.419820
-0.094989 0.779385 0.419824
-0.094606 0.779232 0.419808
-0.094280 0.778851 0.419800
-0.095157 0.778154 0.419885
-0.095988 0.777495 0.419971
-0.096301 0.777038 0.420017
-0.097338 0.776096 0.420130
-0.098223 0.775257 0.420233
-0.098613 0.774216 0.420312
-0.098579 0.773805 0.420325
-0.097857 0.772985 0.420289
-0.097665 0.772727 0.420279
-0.097050 0.772326 0.420236
-0.096636 0.771883 0.420207
-0.095848 0.771435 0.420145
-0.095685 0.771240 0.420134
-0.095137 0.770932 0.420095
-0.094784 0.770544 0.420072
-0.094247 0.770266 0.420033
-0.093786 0.769747 0.420004
-0.093526 0.769632 0.419986
-0.093121 0.769286 0.419959
-0.092558 0.769035 0.419919
-0.092224 0.768678 0.419897
-0.091698 0.768424 0.419859
-0.091256 0.767905 0.419829
-0.091001 0.767795 0.419812
-0.090459 0.767316 0.419775
-0.090198 0.767204 0.419756
-0.089794 0.766860 0.419728
-0.089506 0.766727 0.419707
-0.089058 0.766349 0.419676
-0.088754 0.766202 0.419654
-0.088289 0.765799 0.419621
-0.087981 0.765640 0.419598
-0.087506 0.765221 0.419564
-0.087193 0.765056 0.419540
-0.086710 0.764624 0.419504
-0.086394 0.764457 0.419479
-0.085909 0.764021 0.419442
-0.085304 0.763697 0.419393
-0.084934 0.763277 0.419364
-0.084389 0.762974 0.419318
-0.084200 0.762765 0.419302
-0.083428 0.762284 0.419236
-0.083277 0.762079 0.419224
-0.082755 0.761754 0.419179
-0.082425 0.761343 0.419152
-0.081901 0.761049 0.419107
-0.081723 0.760843 0.419092
-0.081435 0.760668 0.419067
-0.082157 0.759924 0.419144
-0.082882 0.759215 0.419228
-0.083133 0.758704 0.419263
-0.084165 0.757730 0.419378
-0.085061 0.756858 0.419483
-0.085497 0.755763 0.419540
-0.085499 0.755324 0.419537
-0.085066 0.754691 0.419479
-0.084874 0.754371 0.419451
-0.085690 0.753496 0.419536
-0.087431 0.752169 0.419738
-0.088766 0.751063 0.419901
-0.090175 0.749686 0.420065
-0.090456 0.749197 0.420092
-0.090876 0.748522 0.420120
-0.090954 0.748230 0.420119
-0.091210 0.747795 0.420128
-0.091288 0.747396 0.420122
-0.091561 0.747053 0.420139
-0.091598 0.746914 0.420140
-0.091934 0.746618 0.420176
-0.091980 0.746494 0.420183
-0.092269 0.746291 0.420220
-0.092409 0.746040 0.420245
-0.092787 0.745824 0.420300
-0.092851 0.745716 0.420312
-0.094785 0.744429 0.420588
-0.095929 0.743195 0.420761
-0.095919 0.742556 0.420758
-0.095769 0.742037 0.420741
-0.095533 0.741395 0.420722
-0.095423 0.740966 0.420717
-0.095281 0.740437 0.420714
-0.095111 0.739921 0.420714
-0.094989 0.739436 0.420719
-0.094746 0.738702 0.420727
-0.094603 0.738161 0.420735
-0.094333 0.737361 0.420743
-0.094135 0.736717 0.420753
-0.093975 0.736161 0.420761
-0.093795 0.736077 0.420748
-0.093500 0.735749 0.420727
-0.094369 0.734979 0.420857
-0.095201 0.734224 0.420988
-0.095547 0.733667 0.421054
-0.096641 0.732614 0.421224
-0.097576 0.731645 0.421376
-0.097960 0.730930 0.421450
-0.097925 0.728974 0.421481
-0.097454 0.727690 0.421425
-0.096926 0.726473 0.421369
-0.096534 0.725515 0.421342
-0.096228 0.724684 0.421331
-0.096021 0.724017 0.421331
-0.095772 0.723222 0.421332
-0.095691 0.722860 0.421337
-0.095767 0.722704 0.421353
-0.095895 0.722307 0.421386
-0.096030 0.722147 0.421411
-0.097122 0.721391 0.421581
-0.098105 0.720667 0.421743
-0.098820 0.720134 0.421858
-0.100253 0.719119 0.422085
-0.101433 0.718212 0.422280
-0.103101 0.716919 0.422553
-0.104409 0.715804 0.422773
-0.105825 0.714387 0.423004
-0.106215 0.712487 0.423052
-0.105892 0.711588 0.422992
-0.105664 0.710885 0.422964
-0.105445 0.710195 0.422950
-0.105251 0.709508 0.422945
-0.105015 0.708692 0.422940
-0.104737 0.707828 0.422939
-0.104528 0.707159 0.422943
-0.104386 0.706570 0.422949
-0.104227 0.705927 0.422954
-0.104011 0.705142 0.422960
-0.103812 0.704394 0.422966
-0.103616 0.703703 0.422973
-0.103429 0.703001 0.422980
-0.103279 0.702394 0.422986
-0.103076 0.701649 0.422991
-0.103048 0.701459 0.422995
-0.103211 0.701122 0.423030
-0.103259 0.700917 0.423045
-0.104247 0.700095 0.423217
-0.105257 0.699378 0.423394
-0.106869 0.698235 0.423674
-0.108170 0.697243 0.423905
-0.109917 0.695889 0.424213
-0.112772 0.692902 0.424733
-0.112883 0.691664 0.424712
-0.112566 0.690563 0.424633
-0.112299 0.689750 0.424590
-0.112078 0.689098 0.424570
-0.111912 0.688411 0.424562
-0.111739 0.687708 0.424556
-0.111514 0.686904 0.424553
-0.111475 0.686713 0.424555
-0.111550 0.686517 0.424573
-0.111663 0.686069 0.424608
-0.111784 0.685883 0.424632
-0.111962 0.685442 0.424676
-0.112101 0.685264 0.424704
-0.112323 0.684692 0.424766
-0.112440 0.684555 0.424791
-0.112614 0.684188 0.424837
-0.112751 0.684043 0.424865
-0.112949 0.683675 0.424916
-0.113097 0.683530 0.424946
-0.113314 0.683164 0.424999
-0.113471 0.683021 0.425030
-0.113693 0.682670 0.425085
-0.113849 0.682528 0.425116
-0.114077 0.682160 0.425171
-0.114235 0.682018 0.425202
-0.114504 0.681521 0.425273
-0.114630 0.681407 0.425300
-0.115697 0.680646 0.425499
-0.116667 0.679911 0.425686
-0.117374 0.679398 0.425817
-0.118780 0.678383 0.426080
-0.119956 0.677483 0.426304
-0.121632 0.676180 0.426619
-0.124491 0.673374 0.427169
-0.124763 0.672462 0.427173
-0.124656 0.672281 0.427145
-0.124434 0.671821 0.427093
-0.124229 0.671646 0.427059
-0.123905 0.671158 0.427008
-0.123662 0.670974 0.426974
-0.122916 0.669864 0.426864
-0.122589 0.668957 0.426838
-0.122267 0.667974 0.426820
-0.122010 0.667231 0.426813
-0.121768 0.666474 0.426809
-0.121587 0.665738 0.426814
-0.121391 0.665035 0.426816
-0.121119 0.664038 0.426821
-0.120926 0.663254 0.426828
-0.120806 0.662587 0.426839
-0.120600 0.661811 0.426847
-0.120453 0.661158 0.426857
-0.120257 0.660370 0.426865
-0.120068 0.659613 0.426875
-0.120043 0.659416 0.426880
-0.120185 0.659067 0.426916
-0.120231 0.658844 0.426933
-0.120352 0.658637 0.426959
-0.121385 0.657791 0.427169
-0.122315 0.656997 0.427368
-0.123001 0.656414 0.427508
-0.123985 0.655075 0.427717
-0.124028 0.654323 0.427735
-0.123902 0.653647 0.427733
-0.123749 0.652956 0.427730
-0.123571 0.652284 0.427730
-0.123396 0.651590 0.427733
-0.123245 0.650872 0.427736
-0.123072 0.650174 0.427743
-0.122882 0.649325 0.427752
-0.122745 0.648665 0.427761
-0.122805 0.648540 0.427777
-0.122923 0.648166 0.427812
-0.123041 0.648010 0.427836
-0.123217 0.647598 0.427882
-0.123341 0.647433 0.427909
-0.123542 0.646878 0.427970
-0.123651 0.646756 0.427995
-0.123827 0.646397 0.428042
-0.123965 0.646251 0.428071
-0.124176 0.645865 0.428125
-0.124312 0.645719 0.428155
-0.124558 0.645098 0.428237
-0.124507 0.644305 0.428282
-0.124442 0.643711 0.428305
-0.124314 0.643065 0.428319
-0.124113 0.642282 0.428330
-0.123977 0.641616 0.428342
-0.123819 0.640926 0.428352
-0.123680 0.640215 0.428362
-0.123465 0.639384 0.428370
-0.123274 0.638624 0.428376
-0.123210 0.638261 0.428384
-0.123072 0.638129 0.428372
-0.122846 0.637704 0.428354
-0.122478 0.637383 0.428313
-0.122239 0.636903 0.428291
-0.122043 0.636715 0.428270
-0.122788 0.635857 0.428434
-0.123519 0.635011 0.428599
-0.124005 0.633990 0.428733
-0.124019 0.632673 0.428763
-0.123797 0.631692 0.428736
-0.123441 0.630590 0.428697
-0.123404 0.630381 0.428697
-0.123507 0.630011 0.428722
-0.123542 0.629778 0.428734
-0.123763 0.629264 0.428788
-0.123800 0.629052 0.428801
-0.123987 0.628704 0.428845
-0.124050 0.628484 0.428865
-0.124176 0.628283 0.428892
-0.125197 0.627433 0.429106
-0.126129 0.626614 0.429312
-0.127264 0.625637 0.429557
-0.127902 0.624540 0.429712
-0.127858 0.623811 0.429722
-0.127706 0.623092 0.429720
-0.127588 0.622471 0.429723
-0.127422 0.621687 0.429726
-0.127263 0.620912 0.429731
-0.127089 0.620183 0.429735
-0.126961 0.619546 0.429740
-0.126794 0.618748 0.429745
-0.126620 0.617989 0.429749
-0.126459 0.617221 0.429755
-0.126318 0.616589 0.429759
-0.126174 0.615915 0.429763
-0.126037 0.615208 0.429769
-0.125852 0.614353 0.429773
-0.125714 0.613671 0.429779
-0.125585 0.612944 0.429786
-0.125556 0.612721 0.429790
-0.125296 0.612378 0.429766
-0.125203 0.612127 0.429759
-0.125028 0.611915 0.429741
-0.125771 0.611036 0.429911
-0.126501 0.610164 0.430084
-0.127016 0.609116 0.430231
-0.127029 0.607638 0.430269
-0.126788 0.606651 0.430236
-0.126570 0.605794 0.430213
-0.126506 0.605403 0.430211
-0.126556 0.605231 0.430221
-0.126647 0.604606 0.430253
-0.126722 0.604456 0.430270
-0.126850 0.604036 0.430305
-0.126955 0.603872 0.430328
-0.127115 0.603441 0.430373
-0.127231 0.603272 0.430399
-0.127434 0.602681 0.430463
-0.127530 0.602544 0.430486
-0.127684 0.602152 0.430533
-0.127798 0.602000 0.430560
-0.128008 0.601441 0.430627
-0.128103 0.601318 0.430651
-0.128302 0.600627 0.430736
-0.128278 0.600045 0.430768
-0.128164 0.599281 0.430789
-0.128024 0.598529 0.430802
-0.127919 0.597872 0.430812
-0.127796 0.597166 0.430820
-0.127660 0.596445 0.430826
-0.127522 0.595700 0.430831
-0.127335 0.594834 0.430834
-0.127246 0.594262 0.430840
-0.128101 0.593429 0.431028
-0.129423 0.592032 0.431339
-0.130624 0.590934 0.431608
-0.132947 0.588521 0.432160
-0.133108 0.588199 0.432197
-0.133408 0.587733 0.432252
-0.133494 0.587476 0.432268
-0.133718 0.587073 0.432305
-0.133785 0.586839 0.432319
-0.133989 0.586469 0.432357
-0.134090 0.586044 0.432385
-0.134180 0.585877 0.432403
-0.134342 0.585157 0.432459
-0.134296 0.584484 0.432483
-0.134193 0.583785 0.432496
-0.134028 0.582949 0.432504
-0.133838 0.582065 0.432509
-0.133733 0.581434 0.432515
-0.133619 0.580743 0.432521
-0.133598 0.580517 0.432525
-0.133693 0.580124 0.432551
-0.133725 0.579875 0.432564
-0.133885 0.579462 0.432603
-0.133937 0.579214 0.432622
-0.134118 0.578815 0.432667
-0.134176 0.578572 0.432688
-0.134369 0.578175 0.432738
-0.134431 0.577936 0.432759
-0.135332 0.577014 0.432971
-0.136228 0.576224 0.433183
-0.137689 0.574984 0.433525
-0.138892 0.573917 0.433818
-0.139750 0.573202 0.434023
-0.140720 0.572244 0.434261
-0.141038 0.571976 0.434332
-0.141533 0.571319 0.434449
-0.141666 0.571198 0.434474
-0.141788 0.571000 0.434500
-0.141943 0.570825 0.434528
-0.142160 0.570396 0.434578
-0.142383 0.570123 0.434625
-0.142509 0.569766 0.434663
-0.142690 0.569526 0.434705
-0.142799 0.569176 0.434741
-0.142974 0.568931 0.434782
-0.143078 0.568578 0.434819
-0.143300 0.568255 0.434877
-0.143347 0.568085 0.434894
-0.143533 0.567799 0.434938
-0.143600 0.567594 0.434960
-0.143862 0.567159 0.435028
-0.143911 0.566969 0.435047
-0.144100 0.566651 0.435094
-0.144165 0.566437 0.435115
-0.144368 0.566095 0.435166
-0.144438 0.565874 0.435189
-0.144643 0.565521 0.435241
-0.144757 0.564740 0.435316
-0.144706 0.564114 0.435346
-0.144578 0.563343 0.435366
-0.144474 0.562670 0.435378
-0.144362 0.562583 0.435369
-0.144190 0.562198 0.435357
-0.144041 0.562052 0.435342
-0.143707 0.561376 0.435309
-0.143544 0.561217 0.435290
-0.143290 0.560711 0.435262
-0.143109 0.560516 0.435241
-0.142707 0.559722 0.435192
-0.142527 0.559536 0.435169
-0.142247 0.558990 0.435134
-0.142056 0.558779 0.435110
-0.141519 0.557742 0.435039
-0.141121 0.556613 0.434990
-0.141070 0.556360 0.434986
-0.141106 0.555917 0.434997
-0.141108 0.555411 0.435009
-0.141155 0.555209 0.435020
-0.141231 0.554697 0.435046
-0.141301 0.554500 0.435062
-0.141408 0.554004 0.435096
-0.142249 0.553091 0.435301
-0.143033 0.552206 0.435501
-0.143992 0.551182 0.435743
-0.144253 0.550803 0.435814
-0.144764 0.550160 0.435940
-0.144845 0.549947 0.435964
-0.145056 0.549614 0.436011
-0.145127 0.549398 0.436032
-0.145326 0.549051 0.436076
-0.145394 0.548826 0.436097
-0.145587 0.548471 0.436142
-0.145652 0.548242 0.436163
-0.145841 0.547877 0.436210
-0.145905 0.547647 0.436232
-0.146092 0.547277 0.436279
-0.146191 0.546846 0.436319
-0.146272 0.546679 0.436340
-0.146401 0.546229 0.436384
-0.146491 0.546058 0.436406
-0.146631 0.545604 0.436452
-0.146724 0.545434 0.436475
-0.146867 0.544983 0.436522
-0.146962 0.544814 0.436545
-0.147108 0.544362 0.436593
-0.147203 0.544193 0.436617
-0.147295 0.543946 0.436643
-0.148157 0.542988 0.436856
-0.149004 0.542178 0.437067
-0.150378 0.540906 0.437408
-0.151515 0.539827 0.437702
-0.153534 0.538321 0.438218
-0.154310 0.538298 0.438382
-0.154727 0.538454 0.438451
-0.155191 0.538672 0.438528
-0.155568 0.538831 0.438590
-0.156026 0.539037 0.438668
-0.156462 0.539227 0.438744
-0.156835 0.539373 0.438806
-0.157165 0.539475 0.438859
-0.158016 0.538734 0.439070
-0.159472 0.537732 0.439427
-0.160657 0.536752 0.439727
-0.162495 0.535548 0.440188
-0.163782 0.534531 0.440521
-0.165742 0.533320 0.441019
-0.167060 0.532302 0.441366
-0.168178 0.531409 0.441668
-0.169010 0.530865 0.441882
-0.170342 0.529756 0.442240
-0.171463 0.528796 0.442551
-0.172961 0.527382 0.442976
-0.174236 0.526328 0.443334
-0.175132 0.525595 0.443586
-0.176466 0.524316 0.443974
-0.177576 0.523230 0.444306
-0.179641 0.521841 0.444890
-0.180423 0.521900 0.445055
-0.180950 0.522138 0.445139
-0.181482 0.522430 0.445218
-0.182370 0.523048 0.445397
-0.182591 0.523066 0.445417
-0.182690 0.523072 0.445427
-0.182791 0.522963 0.445442
-0.183049 0.522801 0.445478
-0.183142 0.522648 0.445495
-0.183385 0.522414 0.445534
-0.183470 0.522235 0.445552
-0.183696 0.521973 0.445590
-0.183775 0.521784 0.445608
-0.184077 0.521502 0.444736
-0.184382 0.521278 0.444014
-0.184839 0.521014 0.442668
-0.185194 0.520710 0.441641
-0.185491 0.520491 0.440993
-0.185935 0.520228 0.439694
-0.186282 0.519920 0.438696
-0.186576 0.519702 0.438066
-0.187007 0.519440 0.436775
-0.187346 0.519136 0.435782
-0.187776 0.518793 0.434254
-0.188157 0.518554 0.433110
-0.188622 0.518281 0.431485
-0.188978 0.517978 0.430277
-0.189401 0.517642 0.428608
-0.189776 0.517412 0.427373
-0.190053 0.517168 0.426590
-0.190415 0.516862 0.425190
-0.190752 0.516650 0.424127
-0.191007 0.516425 0.423453
-0.191343 0.516129 0.422121
-0.191601 0.515794 0.421097
-0.191835 0.515554 0.420451
-0.192156 0.515263 0.419137
-0.192405 0.514944 0.418123
-0.192705 0.514581 0.416571
-0.192925 0.514212 0.415405
-0.193128 0.513949 0.414668
-0.193397 0.513642 0.413292
-0.193601 0.513304 0.412239
-0.193798 0.513079 0.411574
-0.194058 0.512799 0.410244
-0.194261 0.512485 0.409219
-0.194461 0.512271 0.408573
-0.194711 0.511997 0.407256
-0.194905 0.511698 0.406239
-0.195099 0.511498 0.405598
-0.195336 0.511231 0.404283
-0.195520 0.510943 0.403268
-0.195713 0.510742 0.402630
-0.195934 0.510476 0.401316
-0.196107 0.510184 0.400301
-0.196290 0.509832 0.398746
-0.196426 0.509478 0.397578
-0.196575 0.509250 0.396841
-0.196740 0.508958 0.395466
-0.196866 0.508644 0.394411
-0.197012 0.508441 0.393746
-0.197119 0.508336 0.393280
-0.197196 0.508176 0.392973
-0.197312 0.508056 0.392785
-0.197415 0.507873 0.392669
-0.197549 0.507731 0.392604
-0.197647 0.507646 0.392520
-0.197719 0.507483 0.392459
-0.197832 0.507347 0.392429
-0.197956 0.507088 0.391507
-0.198059 0.506781 0.390742
-0.198152 0.506403 0.389350
-0.198279 0.506142 0.388293
-0.198398 0.505838 0.386716
-0.198490 0.505525 0.385534
-0.198557 0.505166 0.383875
-0.198602 0.504823 0.382639
-0.198698 0.504604 0.381862
-0.198770 0.504328 0.380464
-0.198827 0.504033 0.379395
-0.198934 0.503848 0.378723
-0.199010 0.503585 0.377394
-0.199072 0.503298 0.376370
-0.199086 0.502952 0.374815
-0.199157 0.502723 0.373655
-0.199239 0.502505 0.372918
-0.199260 0.502200 0.371549
-0.199337 0.502006 0.370507
-0.199361 0.501757 0.368945
-0.199385 0.501500 0.367770
-0.199481 0.501361 0.367030
-0.199510 0.501139 0.365663
-0.199536 0.500896 0.364613
-0.199636 0.500761 0.363952
-0.199659 0.500540 0.362638
-0.199682 0.500297 0.361622
-0.199779 0.500164 0.360983
-0.199871 0.500120 0.360535
-0.199956 0.500014 0.360241
-0.200091 0.499946 0.360063
-0.200200 0.499928 0.359907
-0.200292 0.499816 0.359800
-0.200431 0.499727 0.359743
-0.200557 0.499560 0.359710
-0.200552 0.499251 0.358797
-0.200600 0.499028 0.358048
-0.200556 0.498724 0.356681
-0.200526 0.498409 0.355633
-0.200409 0.498037 0.354075
-0.200321 0.497681 0.352906
-0.200336 0.497469 0.352171
-0.200364 0.497370 0.351663
-0.200481 0.497027 0.350898
-0.200508 0.496647 0.350778
-0.200426 0.496087 0.350777
-0.200311 0.495540 0.350797
-0.200153 0.494944 0.350821
-0.199972 0.494280 0.350848
-0.199927 0.494060 0.350856
-0.199950 0.493859 0.350874
-0.199976 0.493579 0.350892
-0.200107 0.493162 0.350938
-0.200145 0.492908 0.350955
-0.200232 0.492691 0.350979
-0.200294 0.492532 0.350957
-0.200336 0.492290 0.350937
-0.200428 0.492082 0.350937
-0.200508 0.491808 0.350943
-0.200549 0.491584 0.350906
-0.200636 0.491416 0.350887
-0.200716 0.491168 0.350880
-0.200943 0.490803 0.350898
-0.201018 0.490569 0.350906
-0.201135 0.490369 0.350923
-0.201224 0.490223 0.350895
-0.201292 0.489993 0.350871
-0.201405 0.489796 0.350868
-0.201492 0.489653 0.350827
-0.201559 0.489426 0.350794
-0.201673 0.489232 0.350784
-0.201773 0.488967 0.350783
-0.202023 0.488592 0.350805
-0.202234 0.487800 0.350840
-0.202195 0.487084 0.350866
-0.202093 0.486439 0.350890
-0.201903 0.485628 0.350925
-0.201699 0.484832 0.350962
-0.201529 0.484148 0.350992
-0.201300 0.483314 0.351033
-0.201072 0.482509 0.351073
-0.200893 0.481826 0.351106
-0.200653 0.480986 0.351148
-0.200464 0.480278 0.351182
-0.200264 0.479543 0.351218
-0.200003 0.478690 0.351262
-0.199804 0.477982 0.351297
-0.199554 0.477129 0.351343
-0.199357 0.476430 0.351378
-0.199155 0.475691 0.351416
-0.198893 0.474818 0.351464
-0.198692 0.474102 0.351501
-0.198435 0.473248 0.351548
-0.198388 0.473027 0.351558
-0.198414 0.472674 0.351593
-0.198415 0.472430 0.351607
-0.198506 0.472064 0.351647
-0.198530 0.471821 0.351662
-0.198654 0.471458 0.351702
-0.198691 0.471219 0.351717
-0.198834 0.470867 0.351756
-0.198878 0.470633 0.351771
-0.199033 0.470289 0.351808
-0.199081 0.470059 0.351822
-0.199244 0.469722 0.351859
-0.199295 0.469494 0.351873
-0.199462 0.469162 0.351908
-0.199515 0.468936 0.351922
-0.199685 0.468606 0.351957
-0.199740 0.468381 0.351970
-0.199911 0.468055 0.352004
-0.199966 0.467833 0.352017
-0.200139 0.467510 0.352051
-0.200228 0.467100 0.352073
-0.200484 0.466695 0.352124
-0.200504 0.466537 0.352128
-0.200736 0.466130 0.352168
-0.200753 0.465973 0.352173
-0.200820 0.465832 0.352185
-0.200628 0.465128 0.349809
-0.200628 0.464973 0.349623
-0.200691 0.464847 0.349514
-0.200503 0.464228 0.346961
-0.200511 0.464093 0.346760
-0.200584 0.463986 0.346642
-0.200417 0.463428 0.343873
-0.200440 0.463322 0.343744
-0.200294 0.463031 0.342777
-0.200310 0.462706 0.340855
-0.200346 0.462611 0.340772
-0.200200 0.462326 0.339837
-0.200216 0.462014 0.337963
-0.200286 0.461841 0.337829
-0.200574 0.461774 0.337771
-0.200649 0.461557 0.337764
-0.200908 0.461412 0.337782
-0.200977 0.461082 0.337788
-0.201155 0.460961 0.337812
-0.201230 0.460543 0.337826
-0.201396 0.460443 0.337851
-0.201464 0.460096 0.337862
-0.201674 0.459948 0.337889
-0.201718 0.459690 0.337895
-0.201958 0.459466 0.337924
-0.201978 0.459330 0.337926
-0.202219 0.459008 0.337957
-0.202244 0.458734 0.337963
-0.202453 0.458485 0.337995
-0.202469 0.458344 0.337997
-0.202712 0.457993 0.338030
-0.202723 0.457852 0.338032
-0.202935 0.457515 0.338064
-0.202948 0.457369 0.338067
-0.203162 0.457021 0.338100
-0.203179 0.456741 0.338107
-0.203352 0.456505 0.338138
-0.203379 0.456225 0.338146
-0.203561 0.455994 0.338176
-0.203589 0.455620 0.338187
-0.203764 0.455453 0.338216
-0.203795 0.455187 0.338222
-0.203855 0.455098 0.338234
-0.203533 0.454479 0.335872
-0.203526 0.454340 0.335686
-0.203783 0.454121 0.335415
-0.203830 0.453889 0.335397
-0.204087 0.453725 0.335406
-0.204110 0.453597 0.335406
-0.204363 0.453320 0.335429
-0.204390 0.453059 0.335434
-0.204580 0.452856 0.335460
-0.204611 0.452498 0.335470
-0.204760 0.452364 0.335494
-0.204807 0.452003 0.335506
-0.204997 0.451857 0.335531
-0.205034 0.451513 0.335540
-0.205186 0.451387 0.335563
-0.205234 0.450966 0.335577
-0.205385 0.450873 0.335599
-0.205437 0.450468 0.335613
-0.205548 0.450397 0.335630
-0.205626 0.449932 0.335651
-0.205895 0.449884 0.335666
-0.206258 0.450009 0.335661
-0.206705 0.450221 0.335645
-0.207198 0.450484 0.335621
-0.207774 0.450821 0.335585
-0.208287 0.451114 0.335557
-0.208825 0.451425 0.335526
-0.209438 0.451798 0.335485
-0.209974 0.452111 0.335453
-0.210592 0.452485 0.335412
-0.211136 0.452802 0.335379
-0.211704 0.453131 0.335345
-0.212286 0.453471 0.335309
-0.212940 0.453869 0.335262
-0.213509 0.454200 0.335227
-0.214163 0.454593 0.335182
-0.214279 0.454656 0.335180
-0.214387 0.454595 0.335179
-0.214674 0.454537 0.335182
-0.214780 0.454423 0.335181
-0.215056 0.454298 0.335187
-0.215155 0.454163 0.335187
-0.215416 0.454007 0.335194
-0.215508 0.453859 0.335195
-0.215755 0.453683 0.335204
-0.215840 0.453528 0.335205
-0.216075 0.453339 0.335215
-0.216155 0.453179 0.335217
-0.216382 0.452981 0.335227
-0.216458 0.452817 0.335229
-0.216678 0.452612 0.335240
-0.216752 0.452444 0.335242
-0.216966 0.452235 0.335253
-0.217038 0.452065 0.335256
-0.217249 0.451851 0.335267
-0.217319 0.451679 0.335270
-0.217663 0.451391 0.335279
-0.217732 0.451135 0.335277
-0.217986 0.450977 0.335283
-0.218037 0.450734 0.335283
-0.218272 0.450582 0.335292
-0.218324 0.450261 0.335294
-0.218538 0.450163 0.335304
-0.218580 0.449928 0.335305
-0.218807 0.449784 0.335316
-0.218850 0.449543 0.335317
-0.219077 0.449396 0.335329
-0.219125 0.449077 0.335331
-0.219337 0.448982 0.335342
-0.219379 0.448749 0.335343
-0.219605 0.448609 0.335354
-0.219649 0.448371 0.335355
-0.219910 0.448226 0.335363
-0.219932 0.448103 0.335363
-0.220231 0.447874 0.335367
-0.220246 0.447750 0.335367
-0.220499 0.447514 0.335377
-0.220517 0.447386 0.335377
-0.220799 0.447138 0.335384
-0.220813 0.447013 0.335385
-0.221058 0.446772 0.335395
-0.221075 0.446643 0.335396
-0.221327 0.446397 0.335405
-0.221344 0.446268 0.335406
-0.221599 0.446024 0.335415
-0.221625 0.445780 0.335416
-0.221830 0.445628 0.335428
-0.221867 0.445307 0.335431
-0.222032 0.445218 0.335442
-0.222091 0.444847 0.335448
-0.222370 0.444817 0.335444
-0.222811 0.444986 0.335409
-0.223421 0.445295 0.335349
-0.224079 0.445657 0.335288
-0.224699 0.446001 0.335236
-0.225370 0.446384 0.335182
-0.225873 0.446666 0.335149
-0.226571 0.447061 0.335098
-0.227292 0.447485 0.335039
-0.227914 0.447836 0.334989
-0.228587 0.448212 0.334936
-0.229296 0.448612 0.334877
-0.230034 0.449032 0.334815
-0.230794 0.449466 0.334751
-0.231728 0.450019 0.334666
-0.232480 0.450457 0.334602
-0.233258 0.450907 0.334536
-0.233480 0.451022 0.334523
-0.233686 0.451012 0.334511
-0.233932 0.451025 0.334501
-0.234340 0.450910 0.334479
-0.234565 0.450921 0.334471
-0.234935 0.450789 0.334451
-0.235145 0.450791 0.334444
-0.235491 0.450643 0.334427
-0.235691 0.450635 0.334421
-0.236017 0.450470 0.334406
-0.236208 0.450457 0.334400
-0.236519 0.450282 0.334386
-0.236704 0.450262 0.334381
-0.237005 0.450074 0.334368
-0.237186 0.450049 0.334364
-0.237478 0.449853 0.334352
-0.237654 0.449825 0.334348
-0.237942 0.449624 0.334337
-0.238116 0.449596 0.334333
-0.238395 0.449390 0.334321
-0.238565 0.449360 0.334317
-0.238841 0.449155 0.334305
-0.239012 0.449122 0.334301
-0.239288 0.448916 0.334289
-0.239458 0.448885 0.334284
-0.239733 0.448679 0.334272
-0.239903 0.448646 0.334268
-0.240177 0.448437 0.334255
-0.240347 0.448403 0.334250
-0.240621 0.448192 0.334238
-0.240790 0.448158 0.334233
-0.241065 0.447946 0.334221
-0.241234 0.447912 0.334216
-0.241609 0.447660 0.334193
-0.241762 0.447656 0.334188
-0.242014 0.447472 0.334175
-0.242177 0.447445 0.334171
-0.242441 0.447240 0.334159
-0.242607 0.447207 0.334154
-0.242878 0.446998 0.334142
-0.243048 0.446965 0.334136
-0.243324 0.446757 0.334123
-0.243496 0.446725 0.334117
-0.243776 0.446519 0.334103
-0.243950 0.446489 0.334096
-0.244233 0.446287 0.334081
-0.244407 0.446257 0.334074
-0.244694 0.446053 0.334059
-0.244871 0.446024 0.334052
-0.245161 0.445822 0.334036
-0.245339 0.445795 0.334029
-0.245631 0.445600 0.334012
-0.245811 0.445574 0.334004
-0.246109 0.445381 0.333986
-0.246292 0.445356 0.333979
-0.246595 0.445163 0.333961
-0.246782 0.445139 0.333953
-0.247088 0.444950 0.333934
-0.247276 0.444927 0.333925
-0.247589 0.444738 0.333906
-0.247778 0.444715 0.333898
-0.248091 0.444526 0.333878
-0.248283 0.444507 0.333868
-0.248601 0.444325 0.333847
-0.248796 0.444306 0.333838
-0.249118 0.444126 0.333816
-0.249312 0.444105 0.333806
-0.249634 0.443923 0.333785
-0.249831 0.443906 0.333775
-0.250160 0.443734 0.333752
-0.250359 0.443718 0.333742
-0.250692 0.443543 0.333719
-0.250894 0.443529 0.333708
-0.251232 0.443356 0.333685
-0.251436 0.443342 0.333674
-0.251778 0.443170 0.333650
-0.252662 0.443324 0.333572
-0.253433 0.443652 0.333501
-0.254481 0.444150 0.333403
-0.255386 0.444590 0.333326
-0.256582 0.445186 0.333226
-0.257580 0.445685 0.333149
-0.258650 0.446213 0.333072
-0.259779 0.446780 0.332993
-0.260961 0.447367 0.332916
-0.262177 0.447982 0.332843
-0.263422 0.448602 0.332775
-0.264701 0.449237 0.332713
-0.266029 0.449913 0.332657
-0.267701 0.450749 0.332593
-0.269024 0.451421 0.332559
-0.270709 0.452274 0.332533
-0.272084 0.452990 0.332521
-0.274116 0.454016 0.332525
