-0.800026 1.000031 0.249829 1.000000 -0.000005 0.000004 0.000119
-0.800031 1.000029 0.249825 1.000000 -0.000000 -0.000004 0.000120
-0.800030 1.000029 0.249896 1.000000 -0.000000 -0.000001 0.000122
-0.800029 1.000030 0.249901 1.000000 -0.000002 0.000000 0.000124
-0.800030 1.000031 0.249930 1.000000 -0.000002 -0.000002 0.000126
-0.800030 1.000029 0.249905 1.000000 0.000001 -0.000001 0.000126
-0.800030 1.000031 0.249944 1.000000 -0.000002 -0.000001 0.000127
-0.800031 1.000030 0.249945 1.000000 -0.000001 -0.000003 0.000127
-0.800031 1.000031 0.249935 1.000000 -0.000002 -0.000001 0.000128
-0.800032 1.000030 0.249933 1.000000 0.000000 -0.000003 0.000129
-0.800030 1.000032 0.249919 1.000000 -0.000003 0.000000 0.000131
-0.800034 1.000030 0.249815 1.000000 0.000003 -0.000006 0.000138
-0.800035 1.000031 0.249836 1.000000 0.000001 -0.000007 0.000141
-0.800029 1.000035 0.249772 1.000000 -0.000005 0.000005 0.000144
-0.800035 1.000038 0.249750 1.000000 -0.000012 -0.000005 0.000145
-0.800034 1.000034 0.249744 1.000000 -0.000003 -0.000004 0.000145
-0.800031 1.000033 0.249752 1.000000 -0.000001 0.000003 0.000146
-0.800035 1.000032 0.249791 1.000000 0.000001 -0.000006 0.000146
-0.800032 1.000031 0.249799 1.000000 0.000004 0.000001 0.000146
-0.800031 1.000033 0.249806 1.000000 -0.000001 0.000003 0.000147
-0.800034 1.000030 0.249811 1.000000 0.000005 -0.000003 0.000149
-0.800036 1.000032 0.249803 1.000000 0.000002 -0.000006 0.000149
-0.800036 1.000036 0.249780 1.000000 -0.000007 -0.000006 0.000150
-0.800032 1.000032 0.249768 1.000000 0.000002 0.000002 0.000151
-0.800031 1.000035 0.249762 1.000000 -0.000003 0.000003 0.000151
-0.800032 1.000032 0.249768 1.000000 0.000001 0.000003 0.000152
-0.800034 1.000032 0.249779 1.000000 0.000002 -0.000001 0.000153
-0.800036 1.000034 0.249775 1.000000 -0.000002 -0.000005 0.000154
-0.800030 1.000035 0.249769 1.000000 -0.000004 0.000006 0.000155
-0.800030 1.000039 0.249763 1.000000 -0.000011 0.000006 0.000155
-0.800034 1.000034 0.249766 1.000000 -0.000002 -0.000001 0.000156
-0.800032 1.000035 0.249796 1.000000 -0.000003 0.000004 0.000156
-0.800035 1.000033 0.249850 1.000000 0.000001 -0.000002 0.000157
-0.800033 1.000033 0.249916 1.000000 0.000001 0.000001 0.000158
-0.800033 1.000035 0.249903 1.000000 -0.000002 0.000002 0.000158
-0.800035 1.000031 0.249846 1.000000 0.000006 -0.000002 0.000159
-0.800037 1.000033 0.249824 1.000000 0.000002 -0.000005 0.000160
-0.800035 1.000034 0.249852 1.000000 0.000000 -0.000001 0.000161
-0.800035 1.000034 0.249875 1.000000 -0.000000 -0.000000 0.000161
-0.800035 1.000035 0.249923 1.000000 -0.000001 -0.000000 0.000162
-0.800037 1.000034 0.249931 1.000000 0.000001 -0.000002 0.000162
-0.800036 1.000037 0.249874 1.000000 -0.000004 -0.000001 0.000163
-0.800036 1.000035 0.249871 1.000000 -0.000000 0.000000 0.000164
-0.800034 1.000037 0.249863 1.000000 -0.000003 0.000003 0.000164
-0.800038 1.000034 0.249863 1.000000 0.000003 -0.000004 0.000165
-0.800035 1.000036 0.249918 1.000000 -0.000001 0.000003 0.000166
-0.800039 1.000035 0.249890 1.000000 0.000000 -0.000004 0.000166
-0.800038 1.000036 0.249872 1.000000 0.000000 -0.000002 0.000168
-0.800039 1.000036 0.249874 1.000000 -0.000001 -0.000004 0.000169
-0.800037 1.000036 0.249901 1.000000 -0.000000 0.000000 0.000170
-0.800038 1.000036 0.249907 1.000000 0.000001 -0.000002 0.000171
-0.800040 1.000037 0.249926 1.000000 -0.000002 -0.000004 0.000173
-0.800038 1.000038 0.249897 1.000000 -0.000003 -0.000001 0.000173
-0.800039 1.000036 0.249941 1.000000 0.000000 -0.000003 0.000175
-0.800039 1.000037 0.249952 1.000000 -0.000001 -0.000002 0.000176
-0.800039 1.000036 0.249898 1.000000 0.000002 -0.000002 0.000178
-0.800036 1.000036 0.249819 1.000000 0.000002 0.000003 0.000179
-0.800039 1.000037 0.249776 1.000000 -0.000001 -0.000001 0.000180
-0.800040 1.000038 0.249756 1.000000 -0.000003 -0.000004 0.000180
-0.460045 0.785041 0.249811 1.000000 -0.000001 -0.000004 0.000294
-0.460044 0.785040 0.249837 1.000000 0.000002 -0.000001 0.000297
-0.460044 0.785040 0.249856 1.000000 0.000003 -0.000002 0.000298
-0.460044 0.785040 0.249880 1.000000 0.000001 -0.000000 0.000298
-0.460044 0.785040 0.249905 1.000000 0.000002 0.000000 0.000301
-0.460044 0.785041 0.249912 1.000000 0.000001 -0.000002 0.000301
-0.460043 0.785042 0.249920 1.000000 -0.000001 0.000001 0.000302
-0.460043 0.785041 0.249916 1.000000 -0.000000 0.000002 0.000302
-0.460043 0.785042 0.249903 1.000000 -0.000002 0.000001 0.000302
-0.460045 0.785042 0.249885 1.000000 -0.000002 -0.000004 0.000303
-0.460042 0.785039 0.249862 1.000000 0.000005 0.000003 0.000304
-0.460046 0.785042 0.249782 1.000000 -0.000002 -0.000004 0.000306
-0.460046 0.785041 0.249786 1.000000 0.000001 -0.000004 0.000306
-0.460044 0.785044 0.249817 1.000000 -0.000004 -0.000002 0.000308
-0.460045 0.785040 0.249835 1.000000 0.000002 -0.000003 0.000310
-0.460044 0.785041 0.249884 1.000000 0.000001 -0.000001 0.000311
-0.460046 0.785041 0.249890 1.000000 0.000001 -0.000005 0.000311
-0.460045 0.785041 0.249920 1.000000 0.000000 -0.000003 0.000313
-0.460044 0.785041 0.249936 1.000000 0.000002 -0.000002 0.000313
-0.460044 0.785041 0.249951 1.000000 0.000000 -0.000001 0.000313
-0.460044 0.785040 0.249948 1.000000 0.000003 0.000000 0.000314
-0.460044 0.785042 0.249947 1.000000 -0.000001 -0.000001 0.000315
-0.460044 0.785041 0.249951 1.000000 0.000001 -0.000001 0.000315
-0.460044 0.785042 0.249957 1.000000 -0.000001 -0.000001 0.000315
-0.460045 0.785042 0.249960 1.000000 -0.000000 -0.000002 0.000316
-0.460045 0.785041 0.249962 1.000000 0.000001 -0.000002 0.000316
-0.460044 0.785042 0.249964 1.000000 -0.000001 -0.000001 0.000316
-0.460044 0.785042 0.249966 1.000000 0.000000 -0.000001 0.000317
-0.460044 0.785041 0.249968 1.000000 0.000001 -0.000001 0.000317
-0.460043 0.785042 0.249971 1.000000 -0.000001 0.000000 0.000317
-0.460045 0.785042 0.249975 1.000000 0.000000 -0.000003 0.000317
-0.460045 0.785041 0.249974 1.000000 0.000002 -0.000002 0.000318
-0.460044 0.785040 0.249961 1.000000 0.000003 -0.000002 0.000318
-0.460044 0.785040 0.249950 1.000000 0.000003 -0.000002 0.000319
-0.460043 0.785041 0.249936 1.000000 0.000002 0.000001 0.000319
-0.460044 0.785041 0.249916 1.000000 0.000001 -0.000001 0.000320
-0.460044 0.785042 0.249911 1.000000 -0.000000 -0.000001 0.000321
-0.460043 0.785041 0.249944 1.000000 0.000001 0.000000 0.000322
-0.460045 0.785042 0.249964 1.000000 -0.000001 -0.000002 0.000323
-0.460044 0.785043 0.249886 1.000000 -0.000002 0.000000 0.000333
-0.460044 0.785042 0.249949 1.000000 0.000000 -0.000000 0.000334
-0.460043 0.785042 0.249945 1.000000 -0.000000 0.000001 0.000334
-0.460043 0.785042 0.249936 1.000000 0.000001 0.000002 0.000335
-0.460044 0.785044 0.249918 1.000000 -0.000004 -0.000000 0.000335
-0.460044 0.785042 0.249907 1.000000 0.000002 -0.000001 0.000336
-0.460043 0.785042 0.249894 1.000000 0.000001 0.000002 0.000337
-0.460043 0.785043 0.249894 1.000000 -0.000001 0.000001 0.000337
-0.460045 0.785042 0.249890 1.000000 0.000001 -0.000002 0.000338
-0.460043 0.785044 0.249900 1.000000 -0.000003 0.000002 0.000340
-0.460043 0.785043 0.249901 1.000000 -0.000001 0.000001 0.000341
-0.460046 0.785045 0.249863 1.000000 -0.000004 -0.000004 0.000343
-0.460046 0.785039 0.249782 1.000000 0.000008 -0.000003 0.000346
-0.460046 0.785044 0.249899 1.000000 -0.000002 -0.000004 0.000352
-0.460045 0.785044 0.249873 1.000000 -0.000003 -0.000002 0.000352
-0.460045 0.785046 0.249825 1.000000 -0.000006 0.000000 0.000353
-0.460045 0.785042 0.249884 1.000000 0.000002 -0.000001 0.000356
-0.460046 0.785043 0.249912 1.000000 -0.000000 -0.000002 0.000356
-0.460045 0.785042 0.249939 1.000000 0.000002 -0.000001 0.000357
-0.460046 0.785042 0.249940 1.000000 0.000002 -0.000002 0.000358
-0.460046 0.785042 0.249931 1.000000 0.000001 -0.000003 0.000359
-0.460045 0.785043 0.249930 1.000000 0.000001 0.000000 0.000359
-0.460046 0.785043 0.249928 1.000000 0.000001 -0.000002 0.000361
-0.460045 0.785042 0.249937 1.000000 0.000001 -0.000001 0.000361
-0.460045 0.785043 0.249923 1.000000 0.000000 -0.000000 0.000363
-0.460046 0.785043 0.249911 1.000000 0.000001 -0.000002 0.000363
-0.460045 0.785042 0.249902 1.000000 0.000001 -0.000001 0.000365
-0.460045 0.785042 0.249908 1.000000 0.000003 -0.000000 0.000368
-0.460044 0.785044 0.249909 1.000000 -0.000002 0.000002 0.000370
-0.460046 0.785041 0.249894 1.000000 0.000004 -0.000002 0.000371
-0.460043 0.785045 0.249884 1.000000 -0.000003 0.000003 0.000372
-0.460044 0.785045 0.249887 1.000000 -0.000002 0.000002 0.000373
-0.460044 0.785045 0.249895 1.000000 -0.000003 0.000001 0.000373
-0.460047 0.785043 0.249897 1.000000 0.000001 -0.000004 0.000373
-0.460046 0.785042 0.249896 1.000000 0.000002 -0.000002 0.000374
-0.460045 0.785043 0.249906 1.000000 0.000001 -0.000001 0.000374
-0.460045 0.785044 0.249916 1.000000 -0.000002 -0.000000 0.000375
-0.460045 0.785043 0.249914 1.000000 0.000001 0.000000 0.000376
-0.460046 0.785044 0.249925 1.000000 0.000000 -0.000002 0.000376
-0.460046 0.785044 0.249931 1.000000 0.000000 -0.000002 0.000377
-0.460047 0.785044 0.249906 1.000000 -0.000001 -0.000004 0.000378
-0.460045 0.785044 0.249848 1.000000 0.000000 0.000001 0.000379
-0.460045 0.785044 0.249850 1.000000 -0.000000 0.000000 0.000380
-0.460044 0.785044 0.249847 1.000000 0.000000 0.000002 0.000383
-0.460045 0.785045 0.249839 1.000000 -0.000002 -0.000000 0.000384
-0.460044 0.785044 0.249862 1.000000 0.000000 0.000002 0.000386
-0.460046 0.785045 0.249914 1.000000 -0.000001 -0.000002 0.000387
-0.460046 0.785044 0.249929 1.000000 0.000000 -0.000002 0.000388
-0.460046 0.785045 0.249941 1.000000 -0.000002 -0.000002 0.000388
-0.460044 0.785042 0.249913 1.000000 0.000004 0.000001 0.000389
-0.460045 0.785045 0.249859 1.000000 -0.000001 0.000000 0.000390
-0.460045 0.785045 0.249869 1.000000 -0.000003 -0.000000 0.000391
-0.460045 0.785043 0.249903 1.000000 0.000002 -0.000001 0.000392
-0.460045 0.785043 0.249922 1.000000 0.000002 -0.000000 0.000393
-0.460046 0.785043 0.249897 1.000000 0.000003 -0.000003 0.000395
-0.460046 0.785044 0.249895 1.000000 0.000000 -0.000002 0.000395
-0.460045 0.785043 0.249906 1.000000 0.000002 0.000001 0.000396
-0.460045 0.785045 0.249904 1.000000 -0.000000 0.000000 0.000397
-0.460045 0.785044 0.249904 1.000000 0.000000 -0.000001 0.000398
-0.460045 0.785044 0.249907 1.000000 0.000002 0.000000 0.000398
-0.460045 0.785044 0.249890 1.000000 0.000001 0.000001 0.000399
-0.460045 0.785046 0.249881 1.000000 -0.000002 0.000001 0.000400
-0.460046 0.785045 0.249879 1.000000 0.000001 -0.000002 0.000400
-0.460046 0.785045 0.249894 1.000000 0.000000 -0.000002 0.000401
-0.460045 0.785044 0.249909 1.000000 0.000002 -0.000000 0.000402
-0.460045 0.785044 0.249910 1.000000 0.000001 0.000001 0.000402
-0.460048 0.785045 0.249894 1.000000 -0.000000 -0.000006 0.000404
-0.460046 0.785046 0.249880 1.000000 -0.000001 -0.000003 0.000404
-0.460045 0.785044 0.249869 1.000000 0.000003 -0.000000 0.000405
-0.460044 0.785046 0.249879 1.000000 -0.000001 0.000002 0.000407
-0.460047 0.785046 0.249896 1.000000 -0.000002 -0.000003 0.000408
-0.460045 0.785046 0.249919 1.000000 -0.000001 -0.000000 0.000408
-0.460045 0.785045 0.249938 1.000000 0.000001 0.000001 0.000409
-0.460046 0.785044 0.249927 1.000000 0.000003 -0.000000 0.000410
-0.460045 0.785044 0.249910 1.000000 0.000003 0.000001 0.000411
-0.460046 0.785046 0.249889 1.000000 -0.000002 -0.000000 0.000412
-0.460045 0.785046 0.249917 1.000000 -0.000001 -0.000000 0.000413
-0.460046 0.785045 0.249928 1.000000 0.000001 -0.000000 0.000414
-0.460045 0.785044 0.249913 1.000000 0.000002 0.000000 0.000414
-0.460046 0.785044 0.249899 1.000000 0.000002 -0.000000 0.000415
-0.460045 0.785046 0.249899 1.000000 -0.000001 0.000000 0.000415
-0.460046 0.785046 0.249903 1.000000 -0.000002 -0.000002 0.000416
-0.460046 0.785046 0.249904 1.000000 -0.000002 -0.000002 0.000416
-0.460046 0.785043 0.249898 1.000000 0.000006 -0.000000 0.000417
-0.460045 0.785047 0.249887 1.000000 -0.000003 -0.000000 0.000419
-0.460044 0.785046 0.249850 1.000000 -0.000001 0.000002 0.000420
-0.460045 0.785044 0.249846 1.000000 0.000002 0.000001 0.000421
-0.460045 0.785045 0.249835 1.000000 0.000000 0.000000 0.000422
-0.460046 0.785045 0.249852 1.000000 0.000000 -0.000001 0.000422
-0.460045 0.785046 0.249876 1.000000 -0.000001 0.000000 0.000423
-0.460045 0.785046 0.249889 1.000000 -0.000001 -0.000000 0.000423
-0.460047 0.785047 0.249890 1.000000 -0.000002 -0.000003 0.000424
-0.460047 0.785046 0.249858 1.000000 -0.000002 -0.000003 0.000425
-0.460045 0.785045 0.249847 1.000000 0.000001 -0.000000 0.000425
-0.460046 0.785047 0.249850 1.000000 -0.000002 -0.000002 0.000427
-0.460047 0.785045 0.249857 1.000000 0.000001 -0.000002 0.000427
-0.460045 0.785045 0.249859 1.000000 0.000001 -0.000000 0.000429
-0.460045 0.785045 0.249882 1.000000 0.000001 -0.000000 0.000430
-0.460045 0.785046 0.249898 1.000000 0.000001 -0.000001 0.000432
-0.460045 0.785048 0.249907 1.000000 -0.000004 0.000001 0.000433
-0.460045 0.785047 0.249908 1.000000 -0.000001 0.000001 0.000434
-0.460045 0.785046 0.249898 1.000000 0.000001 0.000001 0.000435
-0.460045 0.785047 0.249890 1.000000 -0.000002 0.000001 0.000436
-0.460045 0.785046 0.249916 1.000000 -0.000000 0.000001 0.000437
-0.460046 0.785045 0.249958 1.000000 0.000001 -0.000001 0.000438
-0.460047 0.785046 0.249969 1.000000 0.000000 -0.000003 0.000438
-0.460046 0.785046 0.249954 1.000000 0.000001 -0.000000 0.000438
-0.460046 0.785048 0.249911 1.000000 -0.000004 -0.000001 0.000440
-0.460047 0.785047 0.249902 1.000000 -0.000001 -0.000003 0.000442
-0.460046 0.785045 0.249822 1.000000 0.000002 -0.000001 0.000443
-0.460045 0.785051 0.249808 1.000000 -0.000009 0.000001 0.000445
-0.460049 0.785046 0.249809 1.000000 0.000001 -0.000006 0.000448
-0.460044 0.785047 0.249837 1.000000 -0.000002 0.000003 0.000453
-0.460045 0.785048 0.249845 1.000000 -0.000003 0.000001 0.000457
-0.460044 0.785047 0.249863 1.000000 -0.000001 0.000003 0.000460
-0.460045 0.785045 0.249873 1.000000 0.000002 0.000001 0.000463
-0.460046 0.785046 0.249867 1.000000 0.000001 0.000000 0.000466
-0.460046 0.785046 0.249889 1.000000 0.000002 -0.000001 0.000471
-0.460046 0.785046 0.249936 1.000000 0.000002 -0.000001 0.000474
-0.460045 0.785046 0.249909 1.000000 0.000001 0.000001 0.000476
-0.460046 0.785046 0.249910 1.000000 0.000003 -0.000002 0.000477
-0.460045 0.785047 0.249898 1.000000 0.000000 0.000001 0.000478
-0.460046 0.785047 0.249911 1.000000 0.000001 -0.000000 0.000478
-0.460046 0.785047 0.249928 1.000000 0.000001 -0.000001 0.000479
-0.460045 0.785047 0.249943 1.000000 -0.000000 0.000001 0.000479
-0.460045 0.785048 0.249952 1.000000 -0.000001 0.000002 0.000479
-0.460046 0.785048 0.249947 1.000000 -0.000002 -0.000000 0.000479
-0.460048 0.785048 0.249930 1.000000 -0.000002 -0.000004 0.000480
-0.460047 0.785047 0.249897 1.000000 -0.000000 -0.000003 0.000482
-0.460044 0.785047 0.249917 1.000000 0.000001 0.000003 0.000483
-0.460046 0.785048 0.249866 1.000000 -0.000002 -0.000000 0.000486
-0.460048 0.785048 0.249844 1.000000 -0.000001 -0.000004 0.000489
-0.460045 0.785048 0.249832 1.000000 -0.000000 0.000002 0.000494
-0.460048 0.785048 0.249873 1.000000 -0.000001 -0.000004 0.000496
-0.460045 0.785048 0.249879 1.000000 -0.000001 0.000002 0.000500
-0.460046 0.785049 0.249912 1.000000 -0.000001 -0.000000 0.000500
-0.460047 0.785050 0.249918 1.000000 -0.000003 -0.000001 0.000501
-0.460046 0.785049 0.249883 1.000000 -0.000003 0.000000 0.000502
-0.460046 0.785046 0.249880 1.000000 0.000004 0.000000 0.000503
-0.460046 0.785047 0.249873 1.000000 0.000002 0.000000 0.000503
-0.460046 0.785047 0.249885 1.000000 0.000002 -0.000000 0.000504
-0.460046 0.785050 0.249900 1.000000 -0.000004 -0.000000 0.000504
-0.460047 0.785049 0.249910 1.000000 -0.000001 -0.000002 0.000505
-0.460046 0.785047 0.249919 1.000000 0.000001 0.000000 0.000505
-0.460048 0.785047 0.249920 1.000000 0.000003 -0.000003 0.000506
-0.460046 0.785048 0.249920 1.000000 0.000001 0.000001 0.000506
-0.460047 0.785048 0.249929 1.000000 0.000001 -0.000002 0.000507
-0.460046 0.785049 0.249943 1.000000 -0.000002 0.000000 0.000508
-0.460048 0.785049 0.249935 1.000000 -0.000001 -0.000003 0.000510
-0.460047 0.785047 0.249894 1.000000 0.000002 -0.000002 0.000512
-0.460047 0.785047 0.249936 1.000000 0.000003 -0.000001 0.000514
-0.460046 0.785048 0.249945 1.000000 0.000001 -0.000000 0.000516
-0.460048 0.785049 0.249910 1.000000 -0.000000 -0.000004 0.000519
-0.460047 0.785049 0.249823 1.000000 -0.000001 -0.000002 0.000523
-0.460048 0.785048 0.249813 1.000000 0.000001 -0.000004 0.000527
-0.460045 0.785050 0.249887 1.000000 -0.000001 0.000003 0.000529
-0.460045 0.785050 0.249935 1.000000 -0.000002 0.000001 0.000531
-0.460048 0.785049 0.249953 1.000000 0.000001 -0.000003 0.000533
-0.460047 0.785048 0.249910 1.000000 0.000003 -0.000002 0.000535
-0.460046 0.785048 0.249866 1.000000 0.000003 0.000001 0.000538
-0.460048 0.785049 0.249806 1.000000 0.000000 -0.000003 0.000541
-0.460046 0.785050 0.249837 1.000000 -0.000002 0.000002 0.000545
-0.460047 0.785049 0.249946 1.000000 0.000001 -0.000002 0.000547
-0.460047 0.785049 0.249954 1.000000 0.000001 -0.000002 0.000547
-0.460046 0.785051 0.249918 1.000000 -0.000002 0.000001 0.000548
-0.460045 0.785051 0.249879 1.000000 -0.000003 0.000003 0.000548
-0.460047 0.785051 0.249848 1.000000 -0.000002 -0.000001 0.000549
-0.460048 0.785049 0.249842 1.000000 0.000002 -0.000003 0.000550
-0.460045 0.785049 0.249849 1.000000 0.000001 0.000003 0.000550
-0.460047 0.785051 0.249851 1.000000 -0.000003 -0.000001 0.000551
-0.460049 0.785050 0.249851 1.000000 0.000000 -0.000004 0.000552
-0.460048 0.785050 0.249875 1.000000 -0.000000 -0.000003 0.000555
-0.460048 0.785048 0.249869 1.000000 0.000004 -0.000002 0.000557
-0.460048 0.785050 0.249933 1.000000 0.000001 -0.000001 0.000559
-0.460046 0.785051 0.249960 1.000000 -0.000001 0.000001 0.000560
-0.460047 0.785049 0.249932 1.000000 0.000003 0.000000 0.000561
-0.460049 0.785052 0.249827 1.000000 -0.000003 -0.000004 0.000563
-0.460048 0.785049 0.249855 1.000000 0.000003 -0.000002 0.000565
-0.460048 0.785051 0.249833 1.000000 -0.000001 -0.000002 0.000569
-0.460044 0.785052 0.249838 1.000000 -0.000003 0.000005 0.000570
-0.460048 0.785050 0.249843 1.000000 0.000002 -0.000002 0.000571
-0.460045 0.785053 0.249856 1.000000 -0.000005 0.000003 0.000573
-0.460048 0.785049 0.249858 1.000000 0.000002 -0.000002 0.000573
-0.460045 0.785050 0.249862 1.000000 0.000001 0.000004 0.000575
-0.460046 0.785051 0.249859 1.000000 -0.000002 0.000001 0.000575
-0.460046 0.785052 0.249867 1.000000 -0.000003 0.000002 0.000577
-0.460047 0.785051 0.249878 1.000000 -0.000001 -0.000001 0.000577
-0.460048 0.785049 0.249898 1.000000 0.000002 -0.000002 0.000578
-0.460046 0.785050 0.249903 1.000000 0.000001 0.000001 0.000578
-0.460046 0.785050 0.249936 1.000000 0.000001 0.000002 0.000579
-0.460046 0.785050 0.249937 1.000000 0.000001 0.000001 0.000579
-0.460046 0.785050 0.249937 1.000000 0.000000 0.000001 0.000580
-0.460048 0.785049 0.249938 1.000000 0.000004 -0.000002 0.000581
-0.460047 0.785051 0.249911 1.000000 -0.000000 0.000001 0.000582
-0.460048 0.785051 0.249908 1.000000 0.000000 -0.000001 0.000582
-0.460047 0.785051 0.249920 1.000000 -0.000001 -0.000000 0.000583
-0.460047 0.785050 0.249933 1.000000 0.000001 -0.000001 0.000584
-0.460048 0.785050 0.249973 1.000000 0.000002 -0.000002 0.000584
-0.460048 0.785050 0.249979 1.000000 0.000001 -0.000003 0.000584
-0.460048 0.785049 0.249978 1.000000 0.000004 -0.000002 0.000585
-0.460047 0.785049 0.249955 1.000000 0.000003 0.000001 0.000585
-0.460047 0.785050 0.249920 1.000000 0.000002 0.000000 0.000585
-0.460047 0.785052 0.249896 1.000000 -0.000003 0.000000 0.000586
-0.460048 0.785052 0.249889 1.000000 -0.000003 -0.000003 0.000587
-0.460048 0.785050 0.249885 1.000000 0.000002 -0.000002 0.000587
-0.460048 0.785050 0.249928 1.000000 0.000001 -0.000002 0.000589
-0.460048 0.785051 0.249941 1.000000 0.000000 -0.000002 0.000590
-0.460048 0.785052 0.249933 1.000000 -0.000003 -0.000001 0.000591
-0.460046 0.785052 0.249925 1.000000 -0.000003 0.000002 0.000592
-0.460047 0.785051 0.249935 1.000000 -0.000001 -0.000000 0.000592
-0.460047 0.785051 0.249948 1.000000 -0.000001 -0.000000 0.000592
-0.460047 0.785050 0.249954 1.000000 0.000001 -0.000000 0.000593
-0.460047 0.785052 0.249984 1.000000 -0.000001 -0.000001 0.000593
-0.460046 0.785052 0.249929 1.000000 -0.000002 0.000001 0.000595
-0.460045 0.785051 0.249871 1.000000 -0.000000 0.000003 0.000598
-0.460047 0.785053 0.249897 1.000000 -0.000003 0.000001 0.000600
-0.460047 0.785052 0.249945 1.000000 -0.000001 0.000000 0.000602
-0.460048 0.785051 0.249955 1.000000 0.000002 -0.000002 0.000603
-0.460047 0.785052 0.249896 1.000000 -0.000002 -0.000000 0.000606
-0.460046 0.785054 0.249849 1.000000 -0.000004 0.000002 0.000609
-0.460049 0.785052 0.249896 1.000000 0.000000 -0.000004 0.000611
-0.460048 0.785052 0.249919 1.000000 0.000000 -0.000002 0.000613
-0.460049 0.785052 0.249915 1.000000 -0.000000 -0.000003 0.000615
-0.460048 0.785052 0.249912 1.000000 -0.000000 -0.000002 0.000618
-0.460048 0.785053 0.249955 1.000000 -0.000002 -0.000001 0.000620
-0.460049 0.785053 0.249929 1.000000 -0.000002 -0.000003 0.000623
-0.460047 0.785053 0.249908 1.000000 -0.000001 0.000001 0.000623
-0.460047 0.785053 0.249934 1.000000 -0.000002 0.000001 0.000624
-0.460047 0.785052 0.249941 1.000000 0.000001 0.000000 0.000624
-0.460047 0.785052 0.249952 1.000000 0.000000 -0.000000 0.000624
-0.460048 0.785052 0.249963 1.000000 -0.000000 -0.000001 0.000624
-0.460048 0.785053 0.249961 1.000000 -0.000002 -0.000001 0.000624
-0.460048 0.785052 0.249947 1.000000 0.000001 -0.000003 0.000625
-0.460047 0.785051 0.249883 1.000000 0.000003 0.000001 0.000627
-0.460047 0.785052 0.249873 1.000000 0.000001 0.000000 0.000630
-0.460047 0.785053 0.249940 1.000000 -0.000000 -0.000000 0.000632
-0.460047 0.785052 0.249956 1.000000 0.000000 -0.000001 0.000633
-0.460049 0.785052 0.249900 1.000000 0.000002 -0.000004 0.000634
-0.460048 0.785051 0.249898 1.000000 0.000004 -0.000001 0.000637
-0.460048 0.785052 0.249868 1.000000 0.000002 -0.000000 0.000639
-0.460047 0.785054 0.249847 1.000000 -0.000002 -0.000000 0.000641
-0.460051 0.785051 0.249805 1.000000 0.000003 -0.000007 0.000645
-0.460049 0.785053 0.249855 1.000000 -0.000001 -0.000003 0.000647
-0.460046 0.785054 0.249863 1.000000 -0.000003 0.000003 0.000648
-0.460048 0.785051 0.249876 1.000000 0.000004 -0.000000 0.000649
-0.460047 0.785053 0.249873 1.000000 0.000000 0.000000 0.000651
-0.460048 0.785054 0.249882 1.000000 -0.000002 -0.000001 0.000652
-0.460050 0.785053 0.249879 1.000000 0.000000 -0.000005 0.000652
-0.460048 0.785053 0.249890 1.000000 0.000001 -0.000000 0.000654
-0.460048 0.785052 0.249915 1.000000 0.000002 -0.000001 0.000654
-0.460048 0.785052 0.249950 1.000000 0.000003 -0.000000 0.000655
-0.460048 0.785053 0.249943 1.000000 0.000001 0.000000 0.000655
-0.460049 0.785053 0.249933 1.000000 0.000000 -0.000002 0.000656
-0.460048 0.785053 0.249934 1.000000 0.000001 -0.000001 0.000656
-0.460048 0.785053 0.249945 1.000000 0.000002 -0.000002 0.000658
-0.460048 0.785054 0.249933 1.000000 -0.000002 -0.000001 0.000661
-0.460048 0.785054 0.249896 1.000000 -0.000001 -0.000001 0.000663
-0.460048 0.785053 0.249920 1.000000 0.000000 -0.000001 0.000666
-0.460047 0.785053 0.249893 1.000000 0.000001 0.000001 0.000668
-0.460049 0.785053 0.249902 1.000000 0.000001 -0.000003 0.000671
-0.460048 0.785054 0.249918 1.000000 -0.000001 -0.000001 0.000673
-0.460047 0.785054 0.249958 1.000000 -0.000001 0.000001 0.000674
-0.460049 0.785055 0.249834 1.000000 -0.000002 -0.000002 0.000676
-0.460048 0.785055 0.249908 1.000000 -0.000002 -0.000000 0.000679
-0.460048 0.785053 0.249943 1.000000 0.000002 -0.000001 0.000680
-0.460048 0.785053 0.249956 1.000000 0.000002 -0.000001 0.000680
-0.460048 0.785055 0.249942 1.000000 -0.000002 -0.000002 0.000681
-0.460049 0.785053 0.249910 1.000000 0.000002 -0.000003 0.000682
-0.460047 0.785057 0.249882 1.000000 -0.000005 0.000001 0.000683
-0.460048 0.785053 0.249870 1.000000 0.000003 0.000000 0.000683
-0.460049 0.785053 0.249851 1.000000 0.000002 -0.000003 0.000683
-0.460045 0.785055 0.249840 1.000000 -0.000002 0.000005 0.000684
-0.460050 0.785055 0.249839 1.000000 -0.000001 -0.000005 0.000685
-0.460045 0.785055 0.249821 1.000000 -0.000001 0.000006 0.000688
-0.460050 0.785055 0.249815 1.000000 -0.000001 -0.000003 0.000689
-0.460048 0.785054 0.249849 1.000000 0.000001 0.000002 0.000693
-0.460049 0.785055 0.249882 1.000000 -0.000002 -0.000000 0.000693
-0.460048 0.785054 0.249924 1.000000 0.000000 0.000001 0.000694
-0.460050 0.785055 0.249930 1.000000 -0.000001 -0.000003 0.000694
-0.460049 0.785056 0.249897 1.000000 -0.000004 -0.000001 0.000696
-0.460049 0.785055 0.249889 1.000000 -0.000002 -0.000002 0.000697
-0.460048 0.785054 0.249882 1.000000 0.000001 0.000001 0.000698
-0.460048 0.785053 0.249880 1.000000 0.000002 0.000001 0.000699
-0.460049 0.785052 0.249876 1.000000 0.000005 -0.000001 0.000699
-0.460051 0.785054 0.249873 1.000000 0.000001 -0.000004 0.000700
-0.460046 0.785054 0.249862 1.000000 0.000000 0.000004 0.000701
-0.460051 0.785055 0.249832 1.000000 -0.000001 -0.000004 0.000702
-0.460048 0.785055 0.249821 1.000000 0.000000 0.000001 0.000705
-0.460049 0.785053 0.249932 1.000000 0.000003 -0.000001 0.000707
-0.460049 0.785054 0.249943 1.000000 0.000002 -0.000001 0.000709
-0.460049 0.785053 0.249889 1.000000 0.000003 -0.000001 0.000712
-0.460049 0.785055 0.249937 1.000000 -0.000000 -0.000001 0.000714
-0.460050 0.785055 0.249969 1.000000 -0.000001 -0.000002 0.000716
-0.460048 0.785055 0.249930 1.000000 0.000000 0.000002 0.000718
-0.460049 0.785055 0.249953 1.000000 -0.000000 -0.000000 0.000720
-0.460050 0.785055 0.249963 1.000000 0.000000 -0.000001 0.000722
-0.460049 0.785055 0.249979 1.000000 0.000001 -0.000001 0.000722
-0.460050 0.785054 0.249979 1.000000 0.000002 -0.000001 0.000723
-0.460050 0.785056 0.249933 1.000000 -0.000002 -0.000002 0.000724
-0.460049 0.785055 0.249903 1.000000 0.000001 0.000000 0.000727
-0.460049 0.785055 0.249898 1.000000 0.000001 0.000000 0.000729
-0.460048 0.785055 0.249855 1.000000 0.000002 0.000003 0.000732
-0.460050 0.785057 0.249889 1.000000 -0.000002 -0.000001 0.000733
-0.460049 0.785055 0.249920 1.000000 0.000002 0.000001 0.000735
-0.460049 0.785054 0.249914 1.000000 0.000003 -0.000001 0.000736
-0.460047 0.785056 0.249861 1.000000 -0.000000 0.000004 0.000737
-0.460050 0.785054 0.249847 1.000000 0.000003 -0.000001 0.000738
-0.460049 0.785055 0.249855 1.000000 0.000002 0.000000 0.000738
-0.460049 0.785055 0.249870 1.000000 0.000001 0.000001 0.000739
-0.460049 0.785056 0.249876 1.000000 0.000000 -0.000000 0.000739
-0.460050 0.785057 0.249921 1.000000 -0.000002 -0.000001 0.000740
-0.460051 0.785058 0.249893 1.000000 -0.000005 -0.000003 0.000743
-0.460048 0.785059 0.249854 1.000000 -0.000006 0.000002 0.000747
-0.460050 0.785054 0.249808 1.000000 0.000004 -0.000001 0.000752
-0.460049 0.785057 0.249815 1.000000 -0.000002 0.000001 0.000753
-0.460049 0.785057 0.249842 1.000000 -0.000003 0.000000 0.000753
-0.460049 0.785056 0.249841 1.000000 -0.000001 0.000000 0.000754
-0.460051 0.785057 0.249831 1.000000 -0.000002 -0.000003 0.000755
-0.460049 0.785054 0.249810 1.000000 0.000003 0.000000 0.000756
-0.460052 0.785057 0.249802 1.000000 -0.000002 -0.000006 0.000756
-0.460050 0.785058 0.249785 1.000000 -0.000003 -0.000000 0.000757
-0.460048 0.785056 0.249779 1.000000 0.000001 0.000004 0.000758
-0.460052 0.785058 0.249784 1.000000 -0.000003 -0.000006 0.000758
-0.460047 0.785055 0.249775 1.000000 0.000003 0.000005 0.000758
-0.460048 0.785057 0.249769 1.000000 -0.000002 0.000003 0.000759
-0.460050 0.785057 0.249785 1.000000 -0.000001 -0.000000 0.000759
-0.460050 0.785056 0.249857 1.000000 0.000001 -0.000001 0.000761
-0.460049 0.785055 0.249873 1.000000 0.000003 0.000001 0.000762
-0.460050 0.785057 0.249839 1.000000 -0.000001 -0.000000 0.000765
-0.460048 0.785056 0.249851 1.000000 0.000002 0.000003 0.000769
-0.460049 0.785056 0.249830 1.000000 0.000002 0.000002 0.000773
-0.460049 0.785053 0.249786 1.000000 0.000009 0.000001 0.000776
-0.460049 0.785056 0.249816 1.000000 0.000002 0.000002 0.000776
-0.460050 0.785057 0.249854 1.000000 -0.000000 -0.000000 0.000778
-0.460050 0.785056 0.249898 1.000000 0.000001 -0.000001 0.000782
-0.460051 0.785058 0.249863 1.000000 -0.000002 -0.000001 0.000784
-0.460051 0.785058 0.249925 1.000000 -0.000002 -0.000001 0.000787
-0.460050 0.785056 0.249935 1.000000 0.000002 -0.000000 0.000788
-0.460049 0.785059 0.249940 1.000000 -0.000003 0.000003 0.000789
-0.460051 0.785057 0.249944 1.000000 0.000001 -0.000002 0.000789
-0.460051 0.785057 0.249930 1.000000 0.000001 -0.000003 0.000790
-0.460051 0.785056 0.249906 1.000000 0.000003 -0.000002 0.000791
-0.460051 0.785057 0.249901 1.000000 0.000000 -0.000002 0.000792
-0.460050 0.785058 0.249919 1.000000 -0.000000 0.000001 0.000793
-0.460051 0.785058 0.249927 1.000000 0.000000 -0.000002 0.000793
-0.460051 0.785058 0.249950 1.000000 -0.000001 -0.000001 0.000794
-0.460051 0.785058 0.249950 1.000000 -0.000001 -0.000001 0.000794
-0.460051 0.785060 0.249935 1.000000 -0.000004 -0.000002 0.000795
-0.460052 0.785057 0.249891 1.000000 0.000001 -0.000005 0.000797
-0.460051 0.785058 0.249874 1.000000 -0.000001 -0.000002 0.000797
-0.460050 0.785057 0.249868 1.000000 0.000002 0.000001 0.000799
-0.460051 0.785059 0.249918 1.000000 -0.000002 -0.000001 0.000801
-0.460050 0.785058 0.249949 1.000000 -0.000000 0.000000 0.000803
-0.460051 0.785058 0.249923 1.000000 -0.000000 -0.000002 0.000805
-0.460051 0.785058 0.249973 1.000000 0.000000 -0.000002 0.000806
-0.460049 0.785059 0.249958 1.000000 -0.000001 0.000003 0.000808
-0.460049 0.785057 0.249864 1.000000 0.000002 0.000003 0.000810
-0.460049 0.785061 0.249842 1.000000 -0.000006 0.000001 0.000811
-0.460052 0.785059 0.249800 1.000000 -0.000001 -0.000003 0.000812
-0.460049 0.785056 0.249790 1.000000 0.000004 0.000003 0.000812
-0.460051 0.785055 0.249776 1.000000 0.000007 -0.000001 0.000813
-0.460053 0.785056 0.249776 1.000000 0.000003 -0.000005 0.000813
-0.460053 0.785058 0.249778 1.000000 0.000001 -0.000005 0.000815
-0.460050 0.785057 0.249778 1.000000 0.000003 0.000000 0.000816
-0.460050 0.785057 0.249780 1.000000 0.000003 0.000001 0.000817
-0.460051 0.785060 0.249785 1.000000 -0.000003 -0.000002 0.000817
-0.460049 0.785061 0.249795 1.000000 -0.000006 0.000002 0.000818
-0.460049 0.785060 0.249796 1.000000 -0.000003 0.000002 0.000818
-0.460051 0.785056 0.249801 1.000000 0.000004 -0.000002 0.000819
-0.460049 0.785059 0.249819 1.000000 -0.000002 0.000003 0.000819
-0.460051 0.785058 0.249826 1.000000 -0.000000 -0.000001 0.000819
-0.460051 0.785058 0.249857 1.000000 0.000000 -0.000001 0.000821
-0.460051 0.785058 0.249891 1.000000 0.000001 -0.000001 0.000822
-0.460050 0.785060 0.249896 1.000000 -0.000004 0.000001 0.000822
-0.460052 0.785058 0.249884 1.000000 0.000001 -0.000003 0.000822
-0.460052 0.785057 0.249889 1.000000 0.000004 -0.000002 0.000823
-0.460050 0.785058 0.249889 1.000000 0.000001 0.000001 0.000824
-0.460050 0.785059 0.249898 1.000000 -0.000000 0.000002 0.000824
-0.460050 0.785059 0.249906 1.000000 -0.000000 0.000001 0.000825
-0.460050 0.785059 0.249929 1.000000 -0.000000 0.000001 0.000826
-0.460051 0.785057 0.249935 1.000000 0.000003 -0.000001 0.000827
-0.460050 0.785058 0.249923 1.000000 0.000001 0.000001 0.000828
-0.460051 0.785060 0.249906 1.000000 -0.000002 -0.000000 0.000828
-0.460051 0.785059 0.249887 1.000000 -0.000001 -0.000001 0.000829
-0.460050 0.785059 0.249853 1.000000 -0.000000 0.000001 0.000831
-0.460052 0.785058 0.249853 1.000000 0.000001 -0.000002 0.000831
-0.460051 0.785058 0.249886 1.000000 0.000002 -0.000001 0.000833
-0.460051 0.785059 0.249904 1.000000 -0.000000 -0.000001 0.000833
-0.460050 0.785058 0.249915 1.000000 0.000001 0.000001 0.000835
-0.460050 0.785059 0.249913 1.000000 0.000000 0.000001 0.000836
-0.460050 0.785059 0.249934 1.000000 0.000001 0.000001 0.000836
-0.460051 0.785058 0.249933 1.000000 0.000002 0.000001 0.000837
-0.460051 0.785059 0.249926 1.000000 0.000001 -0.000001 0.000837
-0.460051 0.785059 0.249933 1.000000 -0.000000 -0.000001 0.000838
-0.460051 0.785058 0.249956 1.000000 0.000001 -0.000001 0.000838
-0.460052 0.785058 0.249902 1.000000 0.000003 -0.000002 0.000842
-0.460052 0.785059 0.249857 1.000000 0.000000 -0.000002 0.000843
-0.460052 0.785060 0.249890 1.000000 -0.000000 -0.000002 0.000846
-0.460052 0.785061 0.249841 1.000000 -0.000002 -0.000003 0.000848
-0.460052 0.785060 0.249841 1.000000 -0.000002 -0.000003 0.000849
-0.460051 0.785058 0.249829 1.000000 0.000003 0.000000 0.000850
-0.460051 0.785059 0.249829 1.000000 0.000001 -0.000000 0.000850
-0.460050 0.785060 0.249848 1.000000 -0.000001 0.000000 0.000853
-0.460050 0.785060 0.249877 1.000000 -0.000001 0.000001 0.000853
-0.460051 0.785061 0.249912 1.000000 -0.000003 -0.000001 0.000854
-0.460051 0.785059 0.249908 1.000000 0.000001 -0.000001 0.000855
-0.460052 0.785062 0.249873 1.000000 -0.000005 -0.000002 0.000857
-0.460050 0.785062 0.249857 1.000000 -0.000005 0.000001 0.000858
-0.460052 0.785058 0.249845 1.000000 0.000004 -0.000002 0.000858
-0.460049 0.785060 0.249846 1.000000 -0.000001 0.000004 0.000859
-0.460050 0.785059 0.249872 1.000000 0.000001 0.000001 0.000863
-0.460050 0.785061 0.249936 1.000000 -0.000001 0.000001 0.000865
-0.460053 0.785060 0.249932 1.000000 -0.000000 -0.000003 0.000866
-0.460050 0.785061 0.249904 1.000000 -0.000002 0.000002 0.000867
-0.460051 0.785058 0.249875 1.000000 0.000004 0.000000 0.000868
-0.460053 0.785059 0.249854 1.000000 0.000001 -0.000005 0.000868
-0.460051 0.785062 0.249841 1.000000 -0.000003 -0.000000 0.000869
-0.460050 0.785060 0.249855 1.000000 0.000000 0.000001 0.000870
-0.460051 0.785061 0.249904 1.000000 -0.000001 0.000000 0.000870
-0.460052 0.785060 0.249926 1.000000 -0.000000 -0.000002 0.000871
-0.460052 0.785060 0.249937 1.000000 0.000001 -0.000002 0.000871
-0.460052 0.785059 0.249926 1.000000 0.000002 -0.000001 0.000871
-0.460051 0.785060 0.249928 1.000000 0.000002 0.000001 0.000872
-0.460051 0.785061 0.249876 1.000000 -0.000002 0.000001 0.000874
-0.460052 0.785063 0.249854 1.000000 -0.000006 -0.000002 0.000874
-0.460051 0.785059 0.249831 1.000000 0.000002 -0.000000 0.000876
-0.460049 0.785060 0.249837 1.000000 0.000001 0.000004 0.000876
-0.460053 0.785061 0.249846 1.000000 -0.000001 -0.000003 0.000878
-0.460051 0.785062 0.249856 1.000000 -0.000003 -0.000000 0.000878
-0.460051 0.785060 0.249884 1.000000 0.000000 0.000001 0.000879
-0.460052 0.785060 0.249902 1.000000 0.000001 -0.000002 0.000880
-0.460051 0.785059 0.249921 1.000000 0.000002 -0.000000 0.000881
-0.460052 0.785061 0.249920 1.000000 -0.000000 -0.000001 0.000881
-0.460051 0.785061 0.249924 1.000000 -0.000000 0.000000 0.000882
-0.460052 0.785062 0.249914 1.000000 -0.000004 -0.000002 0.000882
-0.460053 0.785061 0.249906 1.000000 -0.000001 -0.000002 0.000883
-0.460052 0.785062 0.249889 1.000000 -0.000002 -0.000001 0.000884
-0.460051 0.785061 0.249889 1.000000 0.000000 -0.000000 0.000885
-0.460052 0.785060 0.249935 1.000000 0.000000 -0.000001 0.000885
-0.460052 0.785060 0.249951 1.000000 0.000001 -0.000002 0.000885
-0.460051 0.785062 0.249955 1.000000 -0.000003 0.000001 0.000886
-0.460053 0.785061 0.249937 1.000000 -0.000000 -0.000004 0.000886
-0.460051 0.785060 0.249892 1.000000 0.000001 0.000001 0.000887
-0.460052 0.785059 0.249876 1.000000 0.000003 -0.000001 0.000888
-0.460051 0.785062 0.249867 1.000000 -0.000002 0.000001 0.000889
-0.460052 0.785063 0.249857 1.000000 -0.000004 -0.000002 0.000889
-0.460053 0.785061 0.249856 1.000000 0.000000 -0.000004 0.000890
-0.460051 0.785060 0.249849 1.000000 0.000002 0.000000 0.000891
-0.460051 0.785060 0.249847 1.000000 0.000002 0.000001 0.000892
-0.460052 0.785061 0.249918 1.000000 -0.000000 -0.000002 0.000895
-0.460051 0.785062 0.249964 1.000000 -0.000002 0.000001 0.000896
-0.460052 0.785060 0.249904 1.000000 0.000003 -0.000002 0.000898
-0.460053 0.785061 0.249891 1.000000 0.000001 -0.000003 0.000901
-0.460052 0.785061 0.249946 1.000000 0.000001 -0.000003 0.000903
-0.460050 0.785065 0.249871 1.000000 -0.000006 0.000002 0.000906
-0.460050 0.785063 0.249823 1.000000 -0.000003 0.000003 0.000911
-0.460054 0.785062 0.249802 1.000000 -0.000000 -0.000005 0.000913
-0.460052 0.785062 0.249822 1.000000 -0.000002 -0.000001 0.000914
-0.460053 0.785063 0.249831 1.000000 -0.000002 -0.000003 0.000915
-0.460050 0.785062 0.249838 1.000000 -0.000000 0.000003 0.000917
-0.460050 0.785063 0.249838 1.000000 -0.000002 0.000002 0.000918
-0.460052 0.785061 0.249845 1.000000 0.000001 -0.000002 0.000919
-0.460051 0.785061 0.249853 1.000000 0.000001 0.000001 0.000920
-0.460052 0.785061 0.249873 1.000000 0.000001 -0.000002 0.000921
-0.460052 0.785061 0.249895 1.000000 0.000001 -0.000003 0.000922
-0.460052 0.785062 0.249920 1.000000 -0.000001 -0.000002 0.000922
-0.460053 0.785062 0.249926 1.000000 -0.000001 -0.000004 0.000922
-0.460050 0.785061 0.249900 1.000000 0.000003 0.000003 0.000923
-0.460051 0.785063 0.249862 1.000000 -0.000001 0.000001 0.000923
-0.460051 0.785065 0.249837 1.000000 -0.000006 -0.000001 0.000924
-0.460051 0.785062 0.249837 1.000000 -0.000000 0.000000 0.000924
-0.460052 0.785061 0.249862 1.000000 0.000003 -0.000001 0.000925
-0.460051 0.785062 0.249886 1.000000 0.000000 -0.000000 0.000926
-0.460052 0.785062 0.249899 1.000000 -0.000000 -0.000002 0.000926
-0.460052 0.785063 0.249916 1.000000 -0.000002 -0.000002 0.000928
-0.460052 0.785061 0.249862 1.000000 0.000003 -0.000002 0.000931
-0.460052 0.785060 0.249824 1.000000 0.000004 -0.000001 0.000933
-0.460053 0.785062 0.249916 1.000000 0.000001 -0.000002 0.000935
-0.460053 0.785066 0.249907 1.000000 -0.000005 -0.000001 0.000975
-0.460052 0.785065 0.249872 1.000000 -0.000002 0.000001 0.000978
-0.460053 0.785063 0.249879 1.000000 0.000002 -0.000001 0.000978
-0.460054 0.785063 0.249877 1.000000 0.000002 -0.000003 0.000979
-0.460053 0.785066 0.249902 1.000000 -0.000004 0.000001 0.000980
-0.460053 0.785065 0.249899 1.000000 -0.000002 0.000001 0.000980
-0.460053 0.785064 0.249907 1.000000 0.000001 -0.000001 0.000981
-0.460053 0.785065 0.249903 1.000000 -0.000001 -0.000000 0.000981
-0.460052 0.785064 0.249905 1.000000 0.000001 0.000001 0.000982
-0.460052 0.785064 0.249904 1.000000 0.000000 0.000002 0.000983
-0.460052 0.785064 0.249901 1.000000 0.000001 0.000001 0.000983
-0.460054 0.785064 0.249892 1.000000 0.000001 -0.000002 0.000984
-0.460054 0.785066 0.249868 1.000000 -0.000004 -0.000003 0.000984
-0.460054 0.785064 0.249849 1.000000 0.000000 -0.000001 0.000984
-0.460054 0.785062 0.249854 1.000000 0.000004 -0.000002 0.000985
-0.460053 0.785064 0.249866 1.000000 0.000002 0.000000 0.000986
-0.460053 0.785064 0.249882 1.000000 0.000000 0.000001 0.000987
-0.460054 0.785065 0.249885 1.000000 -0.000001 -0.000001 0.000987
-0.460055 0.785065 0.249876 1.000000 -0.000001 -0.000004 0.000988
-0.460054 0.785064 0.249866 1.000000 0.000000 -0.000003 0.000988
-0.460052 0.785065 0.249874 1.000000 -0.000001 0.000001 0.000989
-0.460052 0.785065 0.249893 1.000000 0.000000 0.000002 0.000989
-0.460052 0.785067 0.249893 1.000000 -0.000004 0.000002 0.000990
-0.460055 0.785064 0.249889 1.000000 0.000002 -0.000003 0.000990
-0.460054 0.785065 0.249890 1.000000 -0.000000 -0.000001 0.000991
-0.460053 0.785066 0.249888 1.000000 -0.000003 -0.000000 0.000991
-0.460052 0.785066 0.249882 1.000000 -0.000003 0.000002 0.000992
-0.460054 0.785066 0.249879 1.000000 -0.000003 -0.000001 0.000992
-0.460054 0.785063 0.249874 1.000000 0.000003 -0.000001 0.000993
-0.460053 0.785063 0.249877 1.000000 0.000003 0.000000 0.000994
-0.460052 0.785064 0.249874 1.000000 0.000001 0.000001 0.000994
-0.460052 0.785064 0.249875 1.000000 0.000002 0.000001 0.000995
-0.460052 0.785066 0.249887 1.000000 -0.000002 0.000002 0.000995
-0.460052 0.785065 0.249905 1.000000 -0.000000 0.000002 0.000996
-0.460055 0.785065 0.249919 1.000000 0.000000 -0.000003 0.000996
-0.460054 0.785065 0.249919 1.000000 -0.000000 -0.000002 0.000997
-0.460054 0.785066 0.249928 1.000000 -0.000002 -0.000002 0.000997
-0.460054 0.785065 0.249931 1.000000 0.000001 -0.000002 0.000998
-0.460054 0.785064 0.249941 1.000000 0.000001 -0.000001 0.000999
-0.460054 0.785066 0.249952 1.000000 -0.000002 -0.000001 0.000999
-0.460054 0.785064 0.249959 1.000000 0.000001 -0.000001 0.000999
-0.460054 0.785065 0.249966 1.000000 0.000000 -0.000002 0.000999
-0.460053 0.785065 0.249973 1.000000 -0.000001 -0.000000 0.001000
-0.460052 0.785065 0.249976 1.000000 -0.000001 0.000003 0.001000
-0.460054 0.785066 0.249963 1.000000 -0.000002 -0.000001 0.001000
-0.460054 0.785065 0.249948 0.999999 0.000001 -0.000002 0.001000
-0.460054 0.785065 0.249930 0.999999 -0.000001 -0.000002 0.001001
-0.460054 0.785065 0.249923 0.999999 0.000001 -0.000002 0.001001
-0.460053 0.785065 0.249917 0.999999 0.000000 0.000001 0.001002
-0.460053 0.785064 0.249902 0.999999 0.000002 0.000001 0.001002
-0.460054 0.785063 0.249893 0.999999 0.000003 -0.000002 0.001003
-0.460053 0.785064 0.249890 0.999999 0.000002 0.000000 0.001003
-0.460054 0.785067 0.249879 0.999999 -0.000005 -0.000001 0.001004
-0.460055 0.785066 0.249869 0.999999 -0.000002 -0.000003 0.001005
-0.460053 0.785067 0.249863 0.999999 -0.000003 0.000001 0.001005
-0.460054 0.785067 0.249877 0.999999 -0.000003 -0.000001 0.001006
-0.460054 0.785063 0.249880 0.999999 0.000004 -0.000001 0.001006
-0.460054 0.785062 0.249873 0.999999 0.000006 -0.000002 0.001007
-0.460055 0.785066 0.249869 0.999999 -0.000002 -0.000003 0.001008
-0.460051 0.785066 0.249860 0.999999 -0.000001 0.000004 0.001008
-0.460053 0.785065 0.249861 0.999999 0.000001 0.000001 0.001009
-0.460053 0.785065 0.249866 0.999999 0.000001 -0.000000 0.001010
-0.460054 0.785066 0.249886 0.999999 -0.000001 -0.000001 0.001011
-0.460054 0.785065 0.249914 0.999999 0.000001 -0.000001 0.001011
-0.460054 0.785065 0.249937 0.999999 0.000001 -0.000001 0.001011
-0.460054 0.785065 0.249951 0.999999 0.000001 -0.000002 0.001012
-0.460054 0.785067 0.249953 0.999999 -0.000002 -0.000002 0.001012
-0.460054 0.785065 0.249944 0.999999 0.000001 -0.000003 0.001012
-0.460054 0.785066 0.249924 0.999999 -0.000000 -0.000003 0.001013
-0.460054 0.785065 0.249908 0.999999 0.000002 -0.000001 0.001013
-0.460053 0.785065 0.249912 0.999999 0.000001 0.000001 0.001014
-0.460053 0.785065 0.249908 0.999999 0.000001 -0.000000 0.001014
-0.460055 0.785065 0.249898 0.999999 0.000001 -0.000004 0.001015
-0.460054 0.785066 0.249887 0.999999 -0.000001 -0.000001 0.001015
-0.460052 0.785067 0.249889 0.999999 -0.000002 0.000003 0.001016
-0.460055 0.785064 0.249889 0.999999 0.000003 -0.000003 0.001016
-0.460052 0.785066 0.249890 0.999999 -0.000000 0.000002 0.001016
-0.460052 0.785066 0.249893 0.999999 -0.000001 0.000002 0.001017
-0.460053 0.785065 0.249904 0.999999 0.000002 0.000000 0.001017
-0.460053 0.785065 0.249914 0.999999 0.000002 0.000002 0.001017
-0.460056 0.785065 0.249911 0.999999 0.000001 -0.000005 0.001018
-0.460053 0.785066 0.249904 0.999999 -0.000000 -0.000000 0.001018
-0.460054 0.785066 0.249908 0.999999 -0.000002 -0.000001 0.001019
-0.460053 0.785065 0.249921 0.999999 0.000001 0.000001 0.001019
-0.460053 0.785065 0.249935 0.999999 0.000001 0.000001 0.001019
-0.460054 0.785065 0.249948 0.999999 0.000001 -0.000001 0.001020
-0.460053 0.785066 0.249956 0.999999 -0.000000 -0.000000 0.001020
-0.460054 0.785065 0.249965 0.999999 0.000001 -0.000002 0.001020
-0.460054 0.785065 0.249973 0.999999 0.000002 -0.000002 0.001020
-0.460054 0.785065 0.249979 0.999999 0.000002 -0.000002 0.001020
-0.460054 0.785064 0.249983 0.999999 0.000002 -0.000002 0.001021
-0.460054 0.785066 0.249982 0.999999 -0.000000 -0.000001 0.001021
-0.460054 0.785066 0.249980 0.999999 -0.000001 -0.000001 0.001021
-0.460054 0.785065 0.249971 0.999999 0.000002 -0.000001 0.001021
-0.460055 0.785064 0.249948 0.999999 0.000003 -0.000002 0.001021
-0.460054 0.785065 0.249935 0.999999 0.000002 -0.000000 0.001022
-0.460054 0.785066 0.249920 0.999999 -0.000000 -0.000001 0.001022
-0.460056 0.785067 0.249900 0.999999 -0.000002 -0.000004 0.001022
-0.460054 0.785065 0.249869 0.999999 0.000001 -0.000002 0.001023
-0.460054 0.785064 0.249846 0.999999 0.000004 -0.000000 0.001023
-0.460055 0.785065 0.249828 0.999999 0.000002 -0.000003 0.001024
-0.460054 0.785067 0.249814 0.999999 -0.000002 -0.000002 0.001024
-0.460054 0.785066 0.249810 0.999999 0.000000 -0.000002 0.001024
-0.460054 0.785066 0.249820 0.999999 -0.000001 -0.000001 0.001025
-0.460053 0.785064 0.249842 0.999999 0.000004 0.000000 0.001026
-0.460053 0.785067 0.249853 0.999999 -0.000002 -0.000000 0.001027
-0.460055 0.785067 0.249854 0.999999 -0.000001 -0.000003 0.001028
-0.460055 0.785067 0.249845 0.999999 -0.000002 -0.000003 0.001028
-0.460053 0.785067 0.249842 0.999999 -0.000002 0.000001 0.001028
-0.460054 0.785066 0.249913 0.999999 0.000000 -0.000002 0.001031
-0.460053 0.785066 0.249962 0.999999 0.000001 -0.000000 0.001032
-0.460053 0.785065 0.249917 0.999999 0.000002 -0.000000 0.001035
-0.460053 0.785065 0.249914 0.999999 0.000001 -0.000000 0.001038
-0.460053 0.785067 0.249893 0.999999 -0.000001 0.000001 0.001040
-0.460054 0.785066 0.249924 0.999999 0.000000 -0.000002 0.001041
-0.460054 0.785066 0.249927 0.999999 -0.000001 -0.000002 0.001042
-0.460055 0.785067 0.249929 0.999999 -0.000002 -0.000003 0.001042
-0.460055 0.785066 0.249913 0.999999 -0.000000 -0.000003 0.001043
-0.460053 0.785068 0.249863 0.999999 -0.000003 0.000000 0.001043
-0.460054 0.785065 0.249860 0.999999 0.000002 -0.000002 0.001043
-0.460054 0.785065 0.249866 0.999999 0.000002 -0.000002 0.001044
-0.460054 0.785066 0.249890 0.999999 0.000001 -0.000002 0.001045
-0.460053 0.785066 0.249913 0.999999 0.000000 -0.000000 0.001045
-0.460053 0.785066 0.249923 0.999999 0.000001 0.000000 0.001046
-0.460054 0.785065 0.249927 0.999999 0.000002 -0.000002 0.001046
-0.460054 0.785068 0.249931 0.999999 -0.000002 -0.000000 0.001046
-0.460055 0.785066 0.249928 0.999999 -0.000000 -0.000003 0.001047
-0.460054 0.785067 0.249923 0.999999 -0.000002 -0.000002 0.001047
-0.460053 0.785066 0.249908 0.999999 0.000001 -0.000000 0.001049
-0.460053 0.785066 0.249919 0.999999 0.000001 -0.000001 0.001049
-0.460054 0.785066 0.249936 0.999999 0.000001 -0.000002 0.001050
-0.460055 0.785066 0.249944 0.999999 0.000001 -0.000003 0.001050
-0.460052 0.785067 0.249933 0.999999 -0.000000 0.000003 0.001051
-0.460053 0.785067 0.249916 0.999999 -0.000001 -0.000000 0.001051
-0.460054 0.785067 0.249905 0.999999 -0.000000 -0.000001 0.001052
-0.460053 0.785065 0.249903 0.999999 0.000003 0.000000 0.001053
-0.460054 0.785066 0.249903 0.999999 0.000002 -0.000001 0.001054
-0.460053 0.785066 0.249899 0.999999 0.000001 0.000001 0.001054
-0.460055 0.785068 0.249874 0.999999 -0.000003 -0.000003 0.001055
-0.460052 0.785068 0.249869 0.999999 -0.000002 0.000003 0.001060
-0.460054 0.785066 0.249954 0.999999 0.000001 -0.000002 0.001062
-0.460055 0.785067 0.249964 0.999999 0.000000 -0.000003 0.001063
-0.460054 0.785067 0.249952 0.999999 0.000000 -0.000001 0.001064
-0.460054 0.785066 0.249862 0.999999 0.000003 -0.000002 0.001069
-0.460053 0.785066 0.249893 0.999999 0.000002 -0.000000 0.001071
-0.460052 0.785067 0.249947 0.999999 0.000001 0.000002 0.001073
-0.460054 0.785067 0.249904 0.999999 0.000000 -0.000001 0.001075
-0.460053 0.785067 0.249944 0.999999 0.000002 -0.000000 0.001077
-0.460054 0.785067 0.249934 0.999999 0.000000 -0.000002 0.001079
-0.460054 0.785068 0.249953 0.999999 -0.000001 -0.000002 0.001081
-0.460054 0.785067 0.249960 0.999999 0.000001 -0.000001 0.001082
-0.460052 0.785068 0.249893 0.999999 -0.000000 0.000001 0.001085
-0.460056 0.785067 0.249787 0.999999 0.000002 -0.000005 0.001086
-0.460052 0.785066 0.249766 0.999999 0.000004 0.000003 0.001088
-0.460055 0.785067 0.249818 0.999999 0.000001 -0.000003 0.001091
-0.460053 0.785067 0.249918 0.999999 0.000003 -0.000000 0.001093
-0.460054 0.785068 0.249932 0.999999 -0.000000 -0.000002 0.001096
-0.460053 0.785067 0.249961 0.999999 0.000002 -0.000001 0.001097
-0.460052 0.785068 0.249950 0.999999 0.000000 0.000002 0.001099
-0.460053 0.785068 0.249956 0.999999 -0.000000 0.000000 0.001099
-0.460053 0.785069 0.249954 0.999999 -0.000001 0.000001 0.001100
-0.460054 0.785068 0.249952 0.999999 0.000001 -0.000002 0.001100
-0.460053 0.785069 0.249958 0.999999 -0.000001 -0.000000 0.001101
-0.460054 0.785068 0.249947 0.999999 0.000000 -0.000002 0.001101
-0.460054 0.785068 0.249940 0.999999 0.000000 -0.000002 0.001101
-0.460054 0.785070 0.249939 0.999999 -0.000003 -0.000001 0.001102
-0.460054 0.785067 0.249917 0.999999 0.000002 -0.000001 0.001103
-0.460054 0.785068 0.249923 0.999999 0.000000 -0.000001 0.001103
-0.460052 0.785069 0.249931 0.999999 -0.000001 0.000003 0.001104
-0.460053 0.785069 0.249932 0.999999 -0.000001 0.000000 0.001105
-0.460054 0.785068 0.249953 0.999999 0.000001 -0.000001 0.001105
-0.460054 0.785067 0.249957 0.999999 0.000002 -0.000002 0.001106
-0.460054 0.785069 0.249962 0.999999 -0.000000 -0.000001 0.001107
-0.460054 0.785067 0.249964 0.999999 0.000002 -0.000002 0.001107
-0.460054 0.785068 0.249966 0.999999 0.000000 -0.000002 0.001108
-0.460054 0.785068 0.249965 0.999999 0.000002 -0.000001 0.001108
-0.460053 0.785069 0.249943 0.999999 -0.000002 0.000000 0.001109
-0.460053 0.785068 0.249933 0.999999 0.000001 -0.000000 0.001109
-0.460054 0.785068 0.249951 0.999999 0.000002 -0.000002 0.001110
-0.460053 0.785069 0.249941 0.999999 -0.000000 0.000000 0.001111
-0.460052 0.785068 0.249928 0.999999 0.000000 0.000004 0.001113
-0.460054 0.785067 0.249910 0.999999 0.000003 -0.000001 0.001113
-0.460052 0.785070 0.249864 0.999999 -0.000003 0.000001 0.001117
-0.460055 0.785069 0.249865 0.999999 0.000000 -0.000004 0.001117
-0.460054 0.785070 0.249863 0.999999 -0.000002 -0.000001 0.001118
-0.460054 0.785068 0.249900 0.999999 0.000001 -0.000001 0.001121
-0.460054 0.785069 0.249918 0.999999 -0.000001 -0.000001 0.001121
-0.460054 0.785069 0.249934 0.999999 0.000001 -0.000003 0.001121
-0.460053 0.785069 0.249910 0.999999 0.000001 -0.000001 0.001124
-0.460054 0.785068 0.249915 0.999999 0.000002 -0.000001 0.001124
-0.460053 0.785068 0.249929 0.999999 0.000002 -0.000000 0.001124
-0.460053 0.785068 0.249962 0.999999 0.000002 -0.000000 0.001126
-0.460053 0.785069 0.249957 0.999999 -0.000001 0.000000 0.001126
-0.460054 0.785069 0.249936 0.999999 -0.000000 -0.000002 0.001127
-0.460054 0.785070 0.249924 0.999999 -0.000001 -0.000001 0.001129
-0.460054 0.785070 0.249913 0.999999 -0.000001 -0.000003 0.001130
-0.460054 0.785069 0.249908 0.999999 0.000000 -0.000002 0.001130
-0.460053 0.785069 0.249925 0.999999 -0.000000 0.000000 0.001133
-0.460054 0.785070 0.249932 0.999999 -0.000001 -0.000002 0.001133
-0.460054 0.785069 0.249935 0.999999 -0.000000 -0.000002 0.001135
-0.460053 0.785070 0.249950 0.999999 -0.000000 -0.000001 0.001136
-0.460053 0.785068 0.249938 0.999999 0.000003 -0.000001 0.001138
-0.460053 0.785070 0.249923 0.999999 -0.000001 0.000000 0.001139
-0.460054 0.785070 0.249939 0.999999 -0.000001 -0.000001 0.001140
-0.460054 0.785071 0.249944 0.999999 -0.000003 -0.000002 0.001141
-0.460052 0.785071 0.249908 0.999999 -0.000002 0.000003 0.001143
-0.460054 0.785069 0.249931 0.999999 0.000001 -0.000002 0.001145
-0.460055 0.785068 0.249895 0.999999 0.000004 -0.000003 0.001147
-0.460052 0.785071 0.249867 0.999999 -0.000002 0.000003 0.001149
-0.460054 0.785070 0.249950 0.999999 0.000000 -0.000002 0.001150
-0.460054 0.785069 0.249960 0.999999 0.000002 -0.000002 0.001151
-0.460054 0.785069 0.249972 0.999999 0.000002 -0.000002 0.001152
-0.460053 0.785069 0.249968 0.999999 0.000002 -0.000000 0.001153
-0.460054 0.785072 0.249907 0.999999 -0.000003 -0.000002 0.001155
-0.460053 0.785068 0.249888 0.999999 0.000003 -0.000000 0.001156
-0.460054 0.785069 0.249925 0.999999 0.000002 -0.000001 0.001159
-0.460054 0.785069 0.249919 0.999999 0.000003 -0.000001 0.001159
-0.460053 0.785070 0.249939 0.999999 0.000001 -0.000000 0.001162
-0.460054 0.785071 0.249950 0.999999 -0.000001 -0.000001 0.001162
-0.460053 0.785071 0.249912 0.999999 -0.000001 -0.000000 0.001165
-0.460052 0.785071 0.249907 0.999999 -0.000002 0.000001 0.001166
-0.460053 0.785070 0.249866 0.999999 0.000001 0.000000 0.001168
-0.460054 0.785068 0.249850 0.999999 0.000006 -0.000001 0.001169
-0.460054 0.785072 0.249888 0.999999 -0.000003 -0.000002 0.001171
-0.460056 0.785071 0.249853 0.999999 -0.000001 -0.000005 0.001173
-0.460055 0.785071 0.249836 0.999999 -0.000001 -0.000003 0.001176
-0.460053 0.785071 0.249880 0.999999 0.000001 -0.000000 0.001177
-0.460054 0.785071 0.249898 0.999999 0.000001 -0.000001 0.001177
-0.460052 0.785072 0.249917 0.999999 -0.000002 0.000002 0.001179
-0.460053 0.785071 0.249926 0.999999 0.000000 0.000001 0.001179
-0.460054 0.785070 0.249967 0.999999 0.000001 -0.000001 0.001180
-0.460052 0.785071 0.249978 0.999999 -0.000000 0.000002 0.001180
-0.460054 0.785072 0.249928 0.999999 -0.000002 -0.000001 0.001182
-0.460052 0.785071 0.249917 0.999999 0.000000 0.000002 0.001183
-0.460053 0.785071 0.249879 0.999999 0.000001 0.000001 0.001187
-0.460054 0.785072 0.249878 0.999999 -0.000001 -0.000002 0.001188
-0.460053 0.785073 0.249816 0.999999 -0.000003 0.000000 0.001190
-0.460055 0.785070 0.249840 0.999999 0.000003 -0.000003 0.001191
-0.460052 0.785070 0.249834 0.999999 0.000003 0.000003 0.001194
-0.460054 0.785069 0.249796 0.999999 0.000006 -0.000000 0.001196
-0.460055 0.785073 0.249794 0.999999 -0.000003 -0.000003 0.001199
-0.460055 0.785069 0.249769 0.999999 0.000005 -0.000003 0.001200
-0.460056 0.785072 0.249769 0.999999 -0.000001 -0.000005 0.001201
-0.460054 0.785072 0.249836 0.999999 -0.000000 -0.000000 0.001204
-0.460055 0.785071 0.249885 0.999999 0.000001 -0.000002 0.001206
-0.460054 0.785071 0.249948 0.999999 0.000001 -0.000002 0.001208
-0.460055 0.785070 0.249960 0.999999 0.000003 -0.000002 0.001208
-0.460055 0.785071 0.249895 0.999999 0.000001 -0.000002 0.001211
-0.460054 0.785074 0.249875 0.999999 -0.000003 -0.000001 0.001215
-0.460054 0.785073 0.249856 0.999999 -0.000001 -0.000001 0.001218
-0.460055 0.785072 0.249939 0.999999 0.000001 -0.000002 0.001221
-0.460055 0.785072 0.249860 0.999999 0.000001 -0.000003 0.001223
-0.460053 0.785072 0.249901 0.999999 0.000000 0.000002 0.001227
-0.460053 0.785072 0.249941 0.999999 0.000001 0.000000 0.001229
-0.460054 0.785072 0.249971 0.999999 0.000001 -0.000002 0.001231
-0.460054 0.785073 0.249952 0.999999 0.000001 0.000000 0.001233
-0.460054 0.785075 0.249897 0.999999 -0.000003 0.000000 0.001235
-0.460054 0.785073 0.249898 0.999999 0.000001 0.000000 0.001238
-0.460054 0.785071 0.249796 0.999999 0.000004 -0.000000 0.001241
-0.460054 0.785075 0.249813 0.999999 -0.000003 0.000000 0.001242
-0.460055 0.785074 0.249882 0.999999 -0.000002 -0.000001 0.001246
-0.460056 0.785073 0.249822 0.999999 0.000002 -0.000003 0.001251
-0.460054 0.785070 0.249833 0.999999 0.000007 0.000000 0.001255
-0.460054 0.785072 0.249772 0.999999 0.000004 0.000001 0.001258
-0.460055 0.785076 0.249776 0.999999 -0.000004 -0.000002 0.001259
-0.460052 0.785073 0.249787 0.999999 0.000002 0.000005 0.001260
-0.460054 0.785072 0.249797 0.999999 0.000004 0.000001 0.001261
-0.460057 0.785071 0.249803 0.999999 0.000005 -0.000004 0.001261
-0.460057 0.785070 0.249794 0.999999 0.000008 -0.000005 0.001262
-0.460056 0.785068 0.249795 0.999999 0.000011 -0.000002 0.001262
-0.460055 0.785067 0.249812 0.999999 0.000013 0.000001 0.001262
-0.460058 0.785070 0.249818 0.999999 0.000007 -0.000006 0.001262
-0.460052 0.785075 0.249807 0.999999 -0.000003 0.000005 0.001264
-0.460056 0.785072 0.249807 0.999999 0.000004 -0.000002 0.001264
-0.460055 0.785076 0.249828 0.999999 -0.000005 -0.000000 0.001266
-0.460058 0.785073 0.249828 0.999999 0.000001 -0.000005 0.001266
-0.460056 0.785073 0.249813 0.999999 0.000002 -0.000001 0.001267
-0.460055 0.785077 0.249819 0.999999 -0.000005 0.000002 0.001267
-0.460057 0.785072 0.249834 0.999999 0.000005 -0.000002 0.001267
-0.460057 0.785073 0.249828 0.999999 0.000001 -0.000003 0.001267
-0.460058 0.785074 0.249824 0.999999 0.000000 -0.000004 0.001268
-0.460057 0.785073 0.249827 0.999999 0.000002 -0.000003 0.001268
-0.460055 0.785075 0.249846 0.999999 -0.000002 0.000002 0.001269
-0.460056 0.785074 0.249857 0.999999 -0.000000 0.000001 0.001269
-0.460056 0.785075 0.249906 0.999999 -0.000001 0.000001 0.001271
-0.460055 0.785072 0.249878 0.999999 0.000004 0.000002 0.001271
-0.460057 0.785075 0.249872 0.999999 -0.000002 -0.000001 0.001273
-0.460056 0.785075 0.249872 0.999999 -0.000000 0.000002 0.001274
-0.460057 0.785074 0.249944 0.999999 0.000001 -0.000001 0.001276
-0.460057 0.785074 0.249975 0.999999 0.000002 -0.000002 0.001276
-0.460057 0.785075 0.249934 0.999999 -0.000002 -0.000000 0.001278
-0.460056 0.785076 0.249919 0.999999 -0.000003 0.000000 0.001278
-0.460057 0.785076 0.249901 0.999999 -0.000002 -0.000002 0.001281
-0.460055 0.785074 0.249888 0.999999 0.000001 0.000003 0.001282
-0.460055 0.785077 0.249849 0.999999 -0.000004 0.000003 0.001284
-0.460056 0.785076 0.249884 0.999999 -0.000003 0.000001 0.001285
-0.460058 0.785075 0.249889 0.999999 -0.000001 -0.000002 0.001288
-0.460058 0.785076 0.249849 0.999999 -0.000002 -0.000003 0.001290
-0.460052 0.785070 0.249781 0.999999 0.000009 0.000009 0.001292
-0.460056 0.785072 0.249756 0.999999 0.000006 0.000001 0.001292
-0.460057 0.785075 0.249745 0.999999 -0.000001 -0.000001 0.001293
-0.460059 0.785074 0.249753 0.999999 0.000001 -0.000003 0.001293
-0.460057 0.785074 0.249797 0.999999 0.000003 0.000000 0.001298
-0.460059 0.785073 0.249794 0.999999 0.000004 -0.000005 0.001298
-0.460057 0.785081 0.249771 0.999999 -0.000011 0.000001 0.001301
-0.460055 0.785079 0.249768 0.999999 -0.000008 0.000005 0.001301
-0.460060 0.785074 0.249821 0.999999 0.000002 -0.000005 0.001304
-0.460057 0.785072 0.249819 0.999999 0.000007 0.000000 0.001304
-0.460057 0.785077 0.249876 0.999999 -0.000002 0.000002 0.001308
-0.460056 0.785076 0.249881 0.999999 -0.000000 0.000002 0.001309
-0.460057 0.785076 0.249928 0.999999 -0.000001 0.000002 0.001310
-0.460059 0.785074 0.249932 0.999999 0.000002 -0.000003 0.001311
-0.460058 0.785077 0.249927 0.999999 -0.000002 -0.000000 0.001313
-0.460058 0.785077 0.249945 0.999999 -0.000002 -0.000001 0.001314
-0.460059 0.785076 0.249907 0.999999 -0.000000 -0.000003 0.001315
-0.460058 0.785074 0.249893 0.999999 0.000004 -0.000001 0.001317
-0.460059 0.785076 0.249867 0.999999 0.000001 -0.000001 0.001319
-0.460057 0.785076 0.249852 0.999999 0.000000 0.000001 0.001321
-0.460059 0.785075 0.249874 0.999999 0.000002 -0.000002 0.001324
-0.460057 0.785076 0.249940 0.999999 -0.000000 0.000002 0.001326
-0.460057 0.785076 0.249960 0.999999 0.000002 0.000002 0.001328
-0.460059 0.785077 0.249946 0.999999 -0.000001 -0.000002 0.001329
-0.460059 0.785076 0.249944 0.999999 0.000001 -0.000001 0.001331
-0.460058 0.785076 0.249909 0.999999 0.000001 0.000001 0.001334
-0.460059 0.785075 0.249928 0.999999 0.000003 -0.000001 0.001336
-0.460059 0.785076 0.249913 0.999999 0.000002 -0.000002 0.001339
-0.460058 0.785079 0.249923 0.999999 -0.000004 -0.000000 0.001341
-0.460059 0.785078 0.249851 0.999999 -0.000001 -0.000001 0.001344
-0.460060 0.785076 0.249884 0.999999 0.000003 -0.000003 0.001347
-0.460058 0.785076 0.249929 0.999999 0.000002 0.000000 0.001349
-0.460058 0.785077 0.249949 0.999999 -0.000000 0.000001 0.001350
-0.460058 0.785079 0.249969 0.999999 -0.000002 0.000001 0.001351
-0.460059 0.785078 0.249954 0.999999 -0.000001 -0.000000 0.001353
-0.460058 0.785077 0.249910 0.999999 0.000002 0.000000 0.001355
-0.460057 0.785078 0.249888 0.999999 -0.000000 0.000002 0.001357
-0.460058 0.785078 0.249902 0.999999 -0.000000 0.000001 0.001358
-0.460058 0.785077 0.249923 0.999999 0.000001 0.000000 0.001358
-0.460059 0.785076 0.249939 0.999999 0.000003 -0.000001 0.001358
-0.460059 0.785079 0.249938 0.999999 -0.000002 -0.000000 0.001359
-0.460058 0.785079 0.249918 0.999999 -0.000003 0.000001 0.001359
-0.460058 0.785077 0.249880 0.999999 0.000001 0.000000 0.001361
-0.460059 0.785078 0.249876 0.999999 -0.000000 -0.000002 0.001361
-0.460058 0.785078 0.249921 0.999999 -0.000001 0.000001 0.001362
-0.460060 0.785078 0.249937 0.999999 -0.000000 -0.000002 0.001362
-0.460059 0.785077 0.249949 0.999999 0.000001 -0.000002 0.001363
-0.460060 0.785077 0.249956 0.999999 0.000001 -0.000002 0.001363
-0.460059 0.785078 0.249967 0.999999 -0.000001 -0.000001 0.001363
-0.460058 0.785078 0.249966 0.999999 -0.000001 0.000001 0.001364
-0.460060 0.785076 0.249929 0.999999 0.000004 -0.000003 0.001364
-0.460058 0.785076 0.249905 0.999999 0.000003 0.000001 0.001364
-0.460058 0.785078 0.249870 0.999999 -0.000001 0.000000 0.001366
-0.460060 0.785077 0.249889 0.999999 0.000001 -0.000003 0.001366
-0.460058 0.785079 0.249907 0.999999 -0.000002 0.000001 0.001367
-0.460058 0.785078 0.249909 0.999999 -0.000000 0.000002 0.001367
-0.460060 0.785079 0.249899 0.999999 -0.000003 -0.000002 0.001369
-0.460057 0.785077 0.249885 0.999999 0.000002 0.000004 0.001370
-0.460058 0.785077 0.249850 0.999999 0.000003 0.000001 0.001371
-0.460060 0.785075 0.249841 0.999999 0.000006 -0.000002 0.001371
-0.460060 0.785079 0.249839 0.999999 -0.000002 -0.000002 0.001373
-0.460056 0.785079 0.249838 0.999999 -0.000001 0.000006 0.001374
-0.460061 0.785077 0.249823 0.999999 0.000003 -0.000003 0.001375
-0.460058 0.785077 0.249821 0.999999 0.000003 0.000002 0.001375
-0.460059 0.785080 0.249827 0.999999 -0.000003 0.000001 0.001376
-0.460060 0.785077 0.249835 0.999999 0.000003 -0.000003 0.001376
-0.460058 0.785079 0.249839 0.999999 -0.000001 0.000002 0.001376
-0.460062 0.785078 0.249838 0.999999 0.000000 -0.000005 0.001377
-0.460060 0.785081 0.249842 0.999999 -0.000005 -0.000001 0.001378
-0.460059 0.785079 0.249843 0.999999 -0.000002 0.000000 0.001379
-0.460060 0.785078 0.249853 0.999999 0.000000 -0.000001 0.001382
-0.460060 0.785080 0.249842 0.999999 -0.000003 -0.000002 0.001382
-0.460059 0.785079 0.249829 0.999999 -0.000001 -0.000000 0.001383
-0.460060 0.785077 0.249839 0.999999 0.000002 -0.000002 0.001385
-0.460059 0.785079 0.249885 0.999999 -0.000001 -0.000000 0.001386
-0.460061 0.785078 0.249888 0.999999 0.000002 -0.000004 0.001387
-0.460060 0.785078 0.249907 0.999999 0.000000 -0.000002 0.001388
-0.460060 0.785078 0.249926 0.999999 0.000002 -0.000002 0.001389
-0.460060 0.785079 0.249932 0.999999 -0.000000 -0.000002 0.001390
-0.460060 0.785079 0.249932 0.999999 -0.000000 -0.000002 0.001390
-0.460060 0.785077 0.249913 0.999999 0.000004 -0.000002 0.001391
-0.460059 0.785079 0.249899 0.999999 0.000001 -0.000000 0.001392
-0.460059 0.785078 0.249899 0.999999 0.000002 0.000000 0.001393
-0.460059 0.785078 0.249912 0.999999 0.000003 0.000000 0.001393
-0.460059 0.785079 0.249929 0.999999 -0.000000 0.000001 0.001394
-0.460059 0.785078 0.249933 0.999999 0.000001 0.000002 0.001394
-0.460060 0.785078 0.249918 0.999999 0.000002 -0.000002 0.001395
-0.460060 0.785079 0.249907 0.999999 0.000001 -0.000002 0.001395
-0.460061 0.785080 0.249874 0.999999 -0.000001 -0.000004 0.001396
-0.460060 0.785080 0.249863 0.999999 -0.000002 -0.000002 0.001397
-0.460058 0.785081 0.249849 0.999999 -0.000004 0.000002 0.001398
-0.460056 0.785081 0.249832 0.999999 -0.000004 0.000006 0.001399
-0.460058 0.785079 0.249804 0.999999 0.000001 0.000004 0.001400
-0.460062 0.785078 0.249800 0.999999 0.000002 -0.000005 0.001401
-0.460060 0.785081 0.249815 0.999999 -0.000004 -0.000000 0.001401
-0.460057 0.785078 0.249821 0.999999 0.000001 0.000005 0.001402
-0.460061 0.785081 0.249808 0.999999 -0.000003 -0.000003 0.001403
-0.460060 0.785078 0.249808 0.999999 0.000002 -0.000001 0.001404
-0.460059 0.785080 0.249816 0.999999 -0.000002 0.000001 0.001405
-0.460060 0.785081 0.249823 0.999999 -0.000004 -0.000002 0.001406
-0.460061 0.785078 0.249816 0.999999 0.000003 -0.000002 0.001407
-0.460060 0.785080 0.249834 0.999999 -0.000000 -0.000001 0.001408
-0.460059 0.785080 0.249872 0.999999 -0.000000 0.000001 0.001409
-0.460059 0.785079 0.249884 0.999999 0.000001 0.000001 0.001409
-0.460061 0.785080 0.249896 0.999999 -0.000001 -0.000002 0.001410
-0.460061 0.785080 0.249900 0.999999 -0.000002 -0.000003 0.001411
-0.460058 0.785080 0.249878 0.999999 -0.000000 0.000003 0.001412
-0.460059 0.785081 0.249858 0.999999 -0.000003 0.000001 0.001413
-0.460061 0.785083 0.249813 0.999999 -0.000006 -0.000003 0.001413
-0.460059 0.785077 0.249800 0.999999 0.000005 0.000002 0.001414
-0.460061 0.785080 0.249802 0.999999 -0.000001 -0.000002 0.001415
-0.460060 0.785080 0.249816 0.999999 -0.000001 0.000000 0.001416
-0.460060 0.785078 0.249837 0.999999 0.000003 0.000001 0.001417
-0.460060 0.785081 0.249924 0.999999 -0.000002 0.000001 0.001419
-0.460060 0.785079 0.249926 0.999999 0.000002 0.000001 0.001421
-0.460060 0.785081 0.249940 0.999999 -0.000002 0.000001 0.001423
-0.460061 0.785081 0.249916 0.999999 -0.000002 -0.000003 0.001424
-0.460059 0.785080 0.249847 0.999999 -0.000000 0.000001 0.001426
-0.460061 0.785080 0.249930 0.999999 -0.000001 -0.000002 0.001427
-0.460060 0.785083 0.249938 0.999999 -0.000005 -0.000001 0.001429
-0.460060 0.785079 0.249855 0.999999 0.000002 -0.000000 0.001431
-0.460060 0.785078 0.249858 0.999999 0.000004 -0.000001 0.001435
-0.460058 0.785080 0.249868 0.999999 0.000001 0.000004 0.001438
-0.460062 0.785080 0.249812 0.999999 0.000000 -0.000004 0.001440
-0.460061 0.785082 0.249828 0.999999 -0.000002 -0.000002 0.001444
-0.460059 0.785081 0.249777 0.999999 -0.000001 0.000002 0.001446
-0.460060 0.785081 0.249921 0.999999 -0.000001 0.000001 0.001448
-0.460060 0.785082 0.249956 0.999999 -0.000002 -0.000000 0.001449
-0.460060 0.785081 0.249936 0.999999 -0.000001 0.000001 0.001451
-0.460060 0.785080 0.249899 0.999999 0.000002 0.000001 0.001453
-0.460060 0.785080 0.249951 0.999999 0.000001 -0.000001 0.001455
