-0.080775 0.885776 0.407039
-0.080829 0.885647 0.407065
-0.080086 0.885666 0.407119
-0.079520 0.885419 0.407201
-0.078664 0.885370 0.407273
-0.077882 0.884978 0.407392
-0.078652 0.884463 0.407409
-0.078998 0.884020 0.407462
-0.077910 0.882045 0.407965
-0.077288 0.881827 0.408056
-0.075137 0.880499 0.408441
-0.073854 0.880077 0.408598
-0.072354 0.878999 0.408866
-0.070606 0.878338 0.409078
-0.069634 0.877507 0.409264
-0.067527 0.876582 0.409529
-0.066020 0.875035 0.409862
-0.065291 0.874026 0.410070
-0.065654 0.873576 0.410134
-0.065583 0.872554 0.410333
-0.065842 0.872374 0.410353
-0.066335 0.871505 0.410499
-0.066648 0.871357 0.410511
-0.067322 0.870522 0.410644
-0.067651 0.870403 0.410648
-0.068894 0.869852 0.410628
-0.070990 0.867910 0.410838
-0.071281 0.867642 0.410875
-0.072455 0.866948 0.410890
-0.074196 0.864823 0.411154
-0.074465 0.864437 0.411214
-0.075591 0.863627 0.411257
-0.076933 0.860717 0.411691
-0.077081 0.860304 0.411760
-0.078119 0.859452 0.411814
-0.079416 0.856829 0.412179
-0.079716 0.855563 0.412400
-0.079187 0.854153 0.412664
-0.079563 0.853342 0.412784
-0.079474 0.852556 0.412912
-0.080099 0.851930 0.412987
-0.080148 0.851122 0.413112
-0.080720 0.850779 0.413138
-0.081089 0.850068 0.413231
-0.081742 0.849773 0.413244
-0.082229 0.849140 0.413316
-0.082926 0.848876 0.413318
-0.083508 0.848182 0.413390
-0.083859 0.848055 0.413387
-0.084781 0.847342 0.413434
-0.085155 0.847218 0.413427
-0.086150 0.846522 0.413460
-0.086533 0.846400 0.413449
-0.087618 0.845617 0.413478
-0.087992 0.845501 0.413463
-0.089040 0.844818 0.413468
-0.089434 0.844696 0.413450
-0.090587 0.843896 0.413450
-0.090970 0.843776 0.413428
-0.092067 0.843062 0.413409
-0.092865 0.842823 0.413360
-0.093706 0.842140 0.413344
-0.094096 0.842006 0.413317
-0.095354 0.841365 0.413263
-0.097626 0.839460 0.413347
-0.098020 0.839138 0.413367
-0.099223 0.838330 0.413364
-0.101114 0.835949 0.413611
-0.101753 0.834899 0.413754
-0.101739 0.833951 0.413907
-0.102505 0.828860 0.413869
-0.102570 0.828643 0.413883
-0.103617 0.828287 0.413803
-0.103859 0.828011 0.413801
-0.104250 0.827859 0.413767
-0.107382 0.825887 0.413754
-0.107551 0.825547 0.413812
-0.107304 0.824227 0.414127
-0.106698 0.823234 0.414370
-0.106292 0.822493 0.414522
-0.105941 0.821758 0.414652
-0.105872 0.821552 0.414683
-0.106056 0.821151 0.414704
-0.106115 0.820934 0.414721
-0.106459 0.820533 0.414720
-0.106570 0.820322 0.414727
-0.106994 0.819933 0.414708
-0.107137 0.819726 0.414706
-0.107761 0.819196 0.414655
-0.107880 0.819011 0.414646
-0.108611 0.818389 0.414547
-0.108714 0.818219 0.414528
-0.109343 0.817738 0.414422
-0.109483 0.817558 0.414395
-0.110309 0.816933 0.414228
-0.110435 0.816757 0.414194
-0.110700 0.816569 0.414141
-0.111769 0.815841 0.414072
-0.112715 0.815143 0.414035
-0.113423 0.814586 0.414024
-0.114694 0.813586 0.414024
-0.116272 0.810333 0.414589
-0.115404 0.808991 0.414996
-0.114641 0.807912 0.415284
-0.114063 0.806954 0.415494
-0.113617 0.806060 0.415655
-0.113246 0.805203 0.415784
-0.112960 0.804353 0.415884
-0.112729 0.803501 0.415963
-0.112703 0.803303 0.415977
-0.113070 0.802621 0.415959
-0.113915 0.801921 0.415943
-0.114684 0.801241 0.415954
-0.115255 0.800704 0.415983
-0.116414 0.799713 0.416023
-0.117327 0.798833 0.416099
-0.117925 0.798181 0.416193
-0.119058 0.797128 0.416295
-0.119924 0.796229 0.416424
-0.120460 0.795576 0.416564
-0.121525 0.794523 0.416715
-0.122318 0.793635 0.416887
-0.122791 0.792993 0.417054
-0.123805 0.791945 0.417221
-0.124559 0.791063 0.417392
-0.125009 0.790424 0.417553
-0.126001 0.789378 0.417721
-0.126735 0.788490 0.417893
-0.127150 0.787861 0.418054
-0.128106 0.786821 0.418228
-0.128806 0.785948 0.418403
-0.129342 0.784909 0.418709
-0.129270 0.784562 0.418848
-0.129120 0.784097 0.419067
-0.128948 0.783910 0.419165
-0.128811 0.783628 0.419316
-0.128697 0.783490 0.419383
-0.128717 0.783255 0.419483
-0.128677 0.783136 0.419531
-0.128811 0.782944 0.419600
-0.128818 0.782835 0.419636
-0.129009 0.782629 0.419710
-0.129021 0.782542 0.419733
-0.129273 0.782384 0.419761
-0.129340 0.782290 0.419779
-0.130215 0.781587 0.419836
-0.131101 0.780993 0.419892
-0.132488 0.779971 0.419986
-0.134247 0.777974 0.420343
-0.133584 0.777222 0.420547
-0.132943 0.776723 0.420698
-0.132379 0.776336 0.420819
-0.131968 0.775932 0.420913
-0.131779 0.775516 0.420971
-0.131550 0.775149 0.421026
-0.131250 0.774687 0.421086
-0.130908 0.774278 0.421148
-0.130844 0.773897 0.421186
-0.130748 0.773450 0.421223
-0.130728 0.773330 0.421231
-0.130958 0.773107 0.421240
-0.131039 0.772976 0.421246
-0.131362 0.772746 0.421251
-0.131474 0.772617 0.421254
-0.132404 0.771867 0.421316
-0.133304 0.771248 0.421376
-0.134324 0.770118 0.421516
-0.134029 0.769559 0.421565
-0.133745 0.769046 0.421623
-0.133515 0.768669 0.421669
-0.133358 0.768213 0.421710
-0.133242 0.767805 0.421746
-0.133015 0.767293 0.421787
-0.132924 0.766882 0.421816
-0.132652 0.766412 0.421858
-0.132600 0.765874 0.421888
-0.132329 0.765421 0.421925
-0.132217 0.765006 0.421959
-0.132139 0.764460 0.421996
-0.132148 0.763926 0.422014
-0.132138 0.763809 0.422021
-0.132360 0.763595 0.422029
-0.132413 0.763480 0.422035
-0.132780 0.763222 0.422045
-0.132863 0.763120 0.422044
-0.133211 0.762930 0.422037
-0.133299 0.762837 0.422036
-0.133377 0.762693 0.422037
-0.133668 0.762477 0.422039
-0.133898 0.762086 0.422041
-0.133901 0.761961 0.422042
-0.134762 0.761193 0.422106
-0.135930 0.760028 0.422211
-0.136941 0.759080 0.422300
-0.138059 0.757795 0.422442
-0.139108 0.756771 0.422533
-0.139996 0.754899 0.422799
-0.139163 0.754258 0.422863
-0.138223 0.753582 0.422988
-0.137757 0.752978 0.423107
-0.137488 0.752556 0.423168
-0.137098 0.752061 0.423222
-0.136903 0.751716 0.423275
-0.136712 0.751245 0.423320
-0.136666 0.750786 0.423349
-0.136485 0.750276 0.423372
-0.136205 0.749861 0.423402
-0.135858 0.749315 0.423448
-0.135831 0.748722 0.423486
-0.135635 0.748262 0.423514
-0.135635 0.748138 0.423520
-0.135412 0.747937 0.423524
-0.135346 0.747776 0.423533
-0.134973 0.747526 0.423547
-0.134847 0.747332 0.423561
-0.134497 0.746989 0.423578
-0.134306 0.746780 0.423594
-0.133814 0.746422 0.423618
-0.133594 0.746210 0.423638
-0.133005 0.745860 0.423669
-0.132781 0.745611 0.423689
-0.133482 0.744696 0.423793
-0.133997 0.743971 0.423876
-0.134205 0.742986 0.423958
-0.134029 0.742677 0.423974
-0.133625 0.742104 0.424004
-0.133271 0.741891 0.424018
-0.132396 0.741149 0.424062
-0.132131 0.740912 0.424079
-0.131719 0.740358 0.424113
-0.131424 0.740137 0.424125
-0.130732 0.739392 0.424156
-0.130470 0.739175 0.424166
-0.130013 0.738671 0.424192
-0.129709 0.738462 0.424199
-0.129469 0.738190 0.424209
-0.130210 0.737233 0.424309
-0.130736 0.736487 0.424392
-0.130898 0.735926 0.424440
-0.131800 0.734839 0.424561
-0.132421 0.733971 0.424655
-0.132581 0.733306 0.424706
-0.133422 0.732114 0.424833
-0.134078 0.731094 0.424937
-0.134219 0.730398 0.424985
-0.134979 0.729187 0.425113
-0.135586 0.728131 0.425214
-0.135757 0.726722 0.425277
-0.135431 0.726274 0.425286
-0.134048 0.725222 0.425267
-0.133851 0.724695 0.425289
-0.133170 0.723800 0.425309
-0.132872 0.723341 0.425325
-0.131896 0.722193 0.425336
-0.131617 0.721755 0.425350
-0.130912 0.721000 0.425360
-0.130304 0.720195 0.425387
-0.129931 0.719836 0.425396
-0.130526 0.718760 0.425525
-0.131037 0.717788 0.425642
-0.130990 0.716491 0.425716
-0.130645 0.715507 0.425730
-0.130016 0.714708 0.425716
-0.129219 0.713484 0.425719
-0.128896 0.713132 0.425719
-0.128354 0.712347 0.425724
-0.127756 0.711617 0.425713
-0.127516 0.711246 0.425719
-0.126882 0.710601 0.425712
-0.126658 0.710180 0.425717
-0.125961 0.709478 0.425709
-0.125515 0.708679 0.425717
-0.125194 0.708367 0.425715
-0.124679 0.707613 0.425718
-0.124349 0.707261 0.425713
-0.123797 0.706404 0.425714
-0.123435 0.706043 0.425709
-0.122568 0.704909 0.425702
-0.122258 0.704572 0.425697
-0.121297 0.703166 0.425690
-0.122087 0.702173 0.425824
-0.122827 0.701231 0.425947
-0.123081 0.700561 0.426004
-0.124033 0.699385 0.426156
-0.124839 0.698337 0.426283
-0.125144 0.697579 0.426335
-0.126176 0.696310 0.426484
-0.127032 0.695229 0.426607
-0.127389 0.693905 0.426661
-0.127335 0.693365 0.426652
-0.126878 0.692516 0.426595
-0.126621 0.692125 0.426577
-0.125734 0.691066 0.426498
-0.125537 0.690674 0.426492
-0.124954 0.690002 0.426456
-0.124733 0.689600 0.426449
-0.124425 0.689224 0.426433
-0.123892 0.688393 0.426408
-0.123564 0.688036 0.426391
-0.123007 0.687191 0.426367
-0.122650 0.686847 0.426349
-0.122105 0.686014 0.426327
-0.121770 0.685641 0.426313
-0.120990 0.684464 0.426279
-0.120669 0.684163 0.426267
-0.120156 0.683416 0.426252
-0.119528 0.682863 0.426221
-0.119281 0.682517 0.426216
-0.118464 0.681624 0.426168
-0.118267 0.681265 0.426166
-0.117700 0.680668 0.426137
-0.117482 0.680290 0.426130
-0.118246 0.679233 0.426270
-0.118854 0.678326 0.426388
-0.119258 0.676986 0.426483
-0.119153 0.676527 0.426481
-0.118485 0.674995 0.426420
-0.117679 0.673368 0.426360
-0.117349 0.672452 0.426363
-0.117005 0.671398 0.426361
-0.116621 0.670485 0.426363
-0.116323 0.669599 0.426371
-0.116144 0.668800 0.426384
-0.115911 0.667906 0.426396
-0.115667 0.667132 0.426409
-0.115445 0.666306 0.426422
-0.115281 0.665385 0.426438
-0.115100 0.664661 0.426449
-0.114978 0.664245 0.426457
-0.114805 0.664096 0.426447
-0.114533 0.663628 0.426433
-0.114316 0.663439 0.426417
-0.113967 0.662913 0.426396
-0.113733 0.662683 0.426378
-0.113365 0.662077 0.426353
-0.113106 0.661825 0.426334
-0.112878 0.661499 0.426319
-0.113634 0.660527 0.426454
-0.114350 0.659610 0.426587
-0.114647 0.658933 0.426651
-0.115694 0.657741 0.426829
-0.116612 0.656648 0.426985
-0.118086 0.655168 0.427226
-0.119252 0.653928 0.427417
-0.120860 0.652379 0.427678
-0.122119 0.651096 0.427877
-0.123772 0.649528 0.428143
-0.125051 0.648249 0.428342
-0.126753 0.646645 0.428612
-0.127964 0.645455 0.428794
-0.128666 0.644587 0.428875
-0.130007 0.643236 0.429075
-0.132275 0.640325 0.429362
-0.132374 0.639020 0.429165
-0.132136 0.638315 0.429067
-0.131993 0.637528 0.429026
-0.131557 0.636818 0.428966
-0.131418 0.635887 0.428981
-0.131159 0.635200 0.428979
-0.130931 0.634517 0.428989
-0.130775 0.633704 0.429013
-0.130584 0.633105 0.429027
-0.130444 0.632364 0.429044
-0.130264 0.631433 0.429064
-0.130025 0.630448 0.429080
-0.129866 0.629677 0.429099
-0.129648 0.628855 0.429118
-0.129345 0.628326 0.429122
-0.129251 0.627557 0.429150
-0.129035 0.626642 0.429164
-0.128838 0.625930 0.429180
-0.128662 0.624830 0.429202
-0.128452 0.624184 0.429219
-0.128200 0.623438 0.429231
-0.127995 0.622435 0.429249
-0.127758 0.621774 0.429260
-0.127649 0.620955 0.429281
-0.127398 0.620028 0.429291
-0.127208 0.619320 0.429307
-0.126954 0.618567 0.429315
-0.126768 0.617658 0.429336
-0.126540 0.616864 0.429345
-0.126349 0.616399 0.429355
-0.126293 0.615973 0.429368
-0.126163 0.615825 0.429360
-0.126060 0.615568 0.429355
-0.125716 0.615124 0.429324
-0.125576 0.614846 0.429317
-0.125151 0.614402 0.429280
-0.125016 0.614076 0.429272
-0.124808 0.613789 0.429256
-0.125533 0.612820 0.429422
-0.126230 0.611886 0.429585
-0.126564 0.611215 0.429669
-0.127623 0.610018 0.429896
-0.128533 0.608956 0.430092
-0.128985 0.608277 0.430190
-0.129378 0.606736 0.430257
-0.129257 0.605698 0.430207
-0.129012 0.604787 0.430171
-0.128702 0.603899 0.430143
-0.128435 0.602890 0.430136
-0.128300 0.602105 0.430143
-0.128128 0.601580 0.430147
-0.127997 0.600938 0.430158
-0.127976 0.600721 0.430164
-0.127754 0.600357 0.430148
-0.127681 0.600071 0.430147
-0.127376 0.599629 0.430119
-0.128152 0.598719 0.430302
-0.128912 0.597836 0.430481
-0.129290 0.597242 0.430577
-0.130369 0.596130 0.430820
-0.131327 0.595106 0.431031
-0.131853 0.594417 0.431144
-0.133035 0.593239 0.431398
-0.134052 0.592182 0.431615
-0.135576 0.590738 0.431941
-0.136756 0.589591 0.432189
-0.138362 0.588085 0.432532
-0.141308 0.584994 0.433117
-0.141848 0.583845 0.433054
-0.141868 0.583143 0.432975
-0.141698 0.582314 0.432915
-0.141494 0.581803 0.432882
-0.141426 0.580841 0.432884
-0.141213 0.580064 0.432879
-0.141044 0.579377 0.432890
-0.140906 0.578746 0.432903
-0.140742 0.578061 0.432912
-0.140589 0.577114 0.432934
-0.140554 0.576695 0.432955
-0.140446 0.576535 0.432952
-0.140271 0.576016 0.432951
-0.140092 0.575873 0.432939
-0.139792 0.575434 0.432919
-0.140522 0.574513 0.433126
-0.141232 0.573640 0.433325
-0.141611 0.573045 0.433437
-0.142673 0.571858 0.433714
-0.143603 0.570818 0.433954
-0.144115 0.570155 0.434085
-0.145254 0.568959 0.434372
-0.146252 0.567879 0.434617
-0.146818 0.567127 0.434750
-0.147980 0.565869 0.435036
-0.150274 0.562987 0.435553
-0.150691 0.561781 0.435486
-0.150522 0.561177 0.435294
-0.150371 0.560491 0.435173
-0.150096 0.560002 0.435045
-0.149811 0.559149 0.434917
-0.149572 0.558593 0.434827
-0.149519 0.558364 0.434813
-0.149589 0.557811 0.434818
-0.149587 0.557527 0.434815
-0.149662 0.556967 0.434822
-0.149637 0.556748 0.434818
-0.149693 0.556222 0.434819
-0.149685 0.556064 0.434817
-0.149760 0.555762 0.434828
-0.149799 0.555542 0.434836
-0.149971 0.555052 0.434873
-0.150012 0.554823 0.434883
-0.150148 0.554500 0.434913
-0.150200 0.553795 0.434941
-0.150157 0.553142 0.434963
-0.150164 0.552933 0.434974
-0.150108 0.552564 0.434908
-0.150074 0.552328 0.434891
-0.149974 0.551960 0.434791
-0.149946 0.551735 0.434767
-0.149883 0.551328 0.434670
-0.149867 0.551029 0.434648
-0.149742 0.550601 0.434538
-0.149689 0.550337 0.434509
-0.149638 0.550072 0.434449
-0.149824 0.549736 0.433559
-0.149982 0.549377 0.432823
-0.150048 0.549087 0.432302
-0.150303 0.548697 0.431113
-0.150527 0.548288 0.430191
-0.150684 0.547928 0.429559
-0.150998 0.547511 0.428301
-0.151235 0.547089 0.427332
-0.151588 0.546690 0.425859
-0.151832 0.546381 0.424707
-0.152035 0.545973 0.423968
-0.152358 0.545514 0.422649
-0.152609 0.545131 0.421604
-0.152950 0.544714 0.420078
-0.153207 0.544342 0.418936
-0.153397 0.543977 0.418173
-0.153684 0.543569 0.416826
-0.153941 0.543138 0.415805
-0.154275 0.542693 0.414300
-0.154534 0.542317 0.413170
-0.154721 0.541976 0.412407
-0.154973 0.541662 0.411051
-0.155204 0.541296 0.410022
-0.155510 0.540839 0.408507
-0.155754 0.540336 0.407372
-0.155884 0.540000 0.406597
-0.156103 0.539518 0.405240
-0.156308 0.538975 0.404211
-0.156584 0.538405 0.402699
-0.156817 0.537874 0.401571
-0.156933 0.537525 0.400801
-0.157074 0.537125 0.399437
-0.157183 0.536730 0.398396
-0.157347 0.536256 0.396871
-0.157448 0.535807 0.395691
-0.157528 0.535106 0.394424
-0.157531 0.534798 0.394068
-0.157177 0.533997 0.393396
-0.156844 0.533141 0.393255
-0.156477 0.532824 0.393175
-0.156158 0.532157 0.393105
-0.155936 0.531608 0.393066
-0.155619 0.531177 0.393009
-0.155563 0.531080 0.393002
-0.155547 0.530924 0.393007
-0.155555 0.530714 0.393012
-0.155613 0.530530 0.393029
-0.156437 0.529596 0.393172
-0.157198 0.528709 0.393320
-0.157785 0.528039 0.393437
-0.158953 0.526859 0.393648
-0.159985 0.525790 0.393846
-0.160758 0.525009 0.393995
-0.162066 0.523642 0.394239
-0.163182 0.522512 0.394459
-0.163980 0.521780 0.394613
-0.165294 0.520454 0.394863
-0.167194 0.518417 0.395254
-0.168480 0.517094 0.395514
-0.171339 0.514242 0.396114
-0.171546 0.513970 0.396137
-0.171855 0.513590 0.396164
-0.171930 0.513410 0.396161
-0.172086 0.513137 0.396168
-0.172145 0.512926 0.396176
-0.172289 0.512645 0.396209
-0.172377 0.512296 0.396234
-0.172435 0.512198 0.396251
-0.172575 0.511840 0.396296
-0.172636 0.511716 0.396318
-0.172689 0.511463 0.396340
-0.172737 0.511407 0.396356
-0.172890 0.510916 0.396419
-0.172814 0.510561 0.396425
-0.172580 0.510077 0.396406
-0.172445 0.509357 0.396442
-0.172329 0.508760 0.396478
-0.172246 0.508284 0.396521
-0.172188 0.507600 0.396564
-0.172021 0.506779 0.396607
-0.171884 0.505982 0.396656
-0.171678 0.505303 0.396699
-0.171540 0.504755 0.396729
-0.171256 0.504196 0.396738
-0.171188 0.503408 0.396790
-0.171158 0.503150 0.396801
-0.171173 0.502734 0.396842
-0.171165 0.502567 0.396859
-0.171228 0.502315 0.396910
-0.171243 0.502148 0.396929
-0.171352 0.501828 0.396988
-0.171396 0.501639 0.397015
-0.171540 0.501290 0.397084
-0.171598 0.501058 0.397114
-0.171709 0.500810 0.397160
-0.172485 0.499781 0.397360
-0.173165 0.498821 0.397550
-0.174292 0.497374 0.397843
-0.175235 0.496180 0.398103
-0.175919 0.495342 0.398297
-0.177041 0.493894 0.398596
-0.178001 0.492518 0.398873
-0.179190 0.490980 0.399234
-0.179561 0.490345 0.399356
-0.179845 0.489838 0.399450
-0.180664 0.488756 0.399685
-0.181401 0.487782 0.399912
-0.182545 0.486411 0.400242
-0.183525 0.485404 0.400536
-0.184833 0.483964 0.400926
-0.185915 0.482823 0.401258
-0.186751 0.481961 0.401514
-0.187968 0.480534 0.401889
-0.190475 0.478165 0.402693
-0.191282 0.477628 0.402897
-0.191355 0.477516 0.402907
-0.191389 0.477180 0.402851
-0.191358 0.477008 0.402824
-0.191389 0.476679 0.401931
-0.191390 0.476480 0.401137
-0.191382 0.476281 0.400616
-0.191415 0.475906 0.399403
-0.191396 0.475679 0.398401
-0.191347 0.475558 0.397736
-0.191359 0.475262 0.396435
-0.191331 0.474955 0.395375
-0.191302 0.474579 0.394679
-0.191339 0.474147 0.393368
-0.191353 0.473734 0.392347
-0.191365 0.473207 0.390815
-0.191351 0.472776 0.389652
-0.191365 0.472403 0.388034
-0.191391 0.472143 0.386796
-0.191377 0.471559 0.384902
-0.191327 0.471625 0.384523
-0.191276 0.471389 0.384482
-0.191255 0.471341 0.384471
-0.191194 0.471110 0.384454
-0.191176 0.471080 0.384451
-0.191158 0.470883 0.384454
-0.191177 0.470880 0.384463
-0.191200 0.470730 0.384475
-0.191238 0.470699 0.384489
-0.191300 0.470546 0.384511
-0.191366 0.470453 0.384533
-0.191465 0.470044 0.384574
-0.191530 0.469891 0.384604
-0.191618 0.469480 0.384650
-0.191684 0.469245 0.384685
-0.191739 0.468819 0.383855
-0.191771 0.468447 0.383150
-0.191780 0.467975 0.381837
-0.191851 0.467673 0.380840
-0.191929 0.467379 0.380210
-0.191963 0.466994 0.378942
-0.191982 0.466651 0.377951
-0.192049 0.466522 0.377322
-0.192083 0.466256 0.376059
-0.192134 0.465966 0.375084
-0.192159 0.465608 0.373604
-0.192196 0.465206 0.372483
-0.192315 0.464941 0.371790
-0.192615 0.464205 0.370784
-0.192825 0.463639 0.370684
-0.192897 0.463127 0.370683
-0.192866 0.462355 0.370728
-0.192739 0.461998 0.370735
-0.192588 0.461434 0.370740
-0.192366 0.460755 0.370742
-0.192071 0.459998 0.370728
-0.192023 0.459985 0.370731
-0.191948 0.459779 0.370735
-0.191977 0.459676 0.370758
-0.192022 0.459337 0.370793
-0.192076 0.459228 0.370817
-0.192182 0.458808 0.370867
-0.192263 0.458615 0.370902
-0.192381 0.458063 0.370964
-0.192455 0.457864 0.371001
-0.193037 0.456860 0.371179
-0.193593 0.455915 0.371360
-0.194023 0.455286 0.371504
-0.194849 0.454068 0.371765
-0.195572 0.452940 0.372010
-0.196104 0.452266 0.372192
-0.196758 0.451423 0.372422
-0.196997 0.451252 0.372502
-0.197341 0.450846 0.372614
-0.197492 0.450782 0.372659
-0.197718 0.450487 0.372724
-0.197849 0.450397 0.372762
-0.198048 0.450075 0.372822
-0.198177 0.449990 0.372861
-0.198406 0.449735 0.372930
-0.198537 0.449662 0.372967
-0.198659 0.449483 0.373001
-0.199248 0.448481 0.373194
-0.199805 0.447510 0.373397
-0.200665 0.446003 0.373714
-0.201403 0.444741 0.374007
-0.201949 0.443904 0.374231
-0.202819 0.442571 0.374580
-0.203565 0.441433 0.374896
-0.204548 0.440339 0.375310
-0.204849 0.440030 0.375432
-0.205337 0.439739 0.375610
-0.205499 0.439622 0.375664
-0.205806 0.439545 0.375758
-0.205921 0.439431 0.375790
-0.206173 0.439275 0.375860
-0.206271 0.439132 0.375891
-0.206517 0.438970 0.375968
-0.206609 0.438792 0.375997
-0.206813 0.438571 0.376055
-0.206874 0.438400 0.376070
-0.207058 0.438135 0.376123
-0.207130 0.437939 0.376146
-0.207317 0.437673 0.376202
-0.207404 0.437496 0.376229
-0.207642 0.437226 0.376302
-0.207726 0.437006 0.376333
-0.207948 0.436670 0.376402
-0.208014 0.436401 0.376424
-0.208174 0.435942 0.376483
-0.208215 0.435715 0.376499
-0.208335 0.435337 0.376534
-0.208384 0.435061 0.376558
-0.208533 0.434643 0.376617
-0.208585 0.434345 0.376642
-0.208743 0.433870 0.376704
-0.208801 0.433632 0.376731
-0.208966 0.433273 0.376787
-0.209029 0.433070 0.376809
-0.209379 0.432522 0.376909
-0.209638 0.432063 0.376960
-0.210066 0.431827 0.377054
-0.210517 0.431849 0.377132
-0.211025 0.431771 0.377214
-0.211160 0.431754 0.377233
-0.211390 0.431489 0.377271
-0.211530 0.431395 0.377300
-0.211734 0.431002 0.377347
-0.211859 0.430908 0.377372
-0.212077 0.430526 0.377429
-0.212184 0.430383 0.377452
-0.212352 0.429965 0.377494
-0.212460 0.429832 0.377524
-0.212645 0.429457 0.377580
-0.212755 0.429321 0.377608
-0.212986 0.428755 0.377665
-0.213088 0.428611 0.377695
-0.213175 0.428383 0.377723
-0.213192 0.427990 0.376852
-0.213236 0.427658 0.376120
-0.213245 0.427279 0.374763
-0.213265 0.426925 0.373714
-0.213241 0.426473 0.372160
-0.213239 0.426077 0.370989
-0.213315 0.425856 0.370252
-0.213329 0.425562 0.368893
-0.213359 0.425264 0.367848
-0.213459 0.425088 0.367197
-0.213478 0.424824 0.365893
-0.213504 0.424551 0.364879
-0.213720 0.424386 0.363825
-0.213833 0.424259 0.363569
-0.214150 0.424170 0.363331
-0.214278 0.424086 0.363271
-0.214775 0.423944 0.363214
-0.215419 0.423998 0.363270
-0.215880 0.424030 0.363314
-0.216503 0.424165 0.363380
-0.217050 0.424274 0.363437
-0.217603 0.424293 0.363511
-0.218116 0.424340 0.363561
-0.218691 0.424480 0.363600
-0.219252 0.424614 0.363643
-0.219728 0.424492 0.363716
-0.220326 0.424750 0.363750
-0.220831 0.424947 0.363782
-0.221356 0.425022 0.363834
-0.221923 0.425221 0.363858
-0.222517 0.425362 0.363897
-0.223017 0.425354 0.363945
-0.223569 0.425418 0.363984
-0.224161 0.425496 0.364026
-0.224706 0.425609 0.364057
-0.225412 0.425813 0.364113
-0.226196 0.426096 0.364154
-0.226833 0.426146 0.364211
-0.227495 0.426328 0.364270
-0.228288 0.426602 0.364282
-0.228980 0.426936 0.364264
-0.229661 0.426965 0.364349
-0.230422 0.427367 0.364340
-0.231035 0.427344 0.364389
-0.231793 0.427444 0.364436
-0.232412 0.427528 0.364469
-0.233147 0.427685 0.364540
-0.233876 0.427638 0.364627
-0.234713 0.427969 0.364624
-0.235342 0.427844 0.364692
-0.235511 0.427801 0.364710
-0.235697 0.427778 0.364726
-0.235977 0.427715 0.364723
-0.236114 0.427707 0.364716
-0.236357 0.427433 0.364741
-0.236479 0.427372 0.364736
-0.236683 0.427003 0.364759
-0.236782 0.426967 0.364747
-0.236957 0.426821 0.364736
-0.237065 0.426762 0.364735
-0.237233 0.426671 0.364718
-0.237353 0.426653 0.364712
-0.237496 0.426486 0.364682
-0.237622 0.426399 0.364690
-0.237852 0.426092 0.364719
-0.237962 0.426024 0.364726
-0.238140 0.425777 0.364744
-0.238254 0.425628 0.364766
-0.238383 0.425358 0.364766
-0.238487 0.425205 0.364787
-0.238690 0.424908 0.364822
-0.238786 0.424822 0.364834
-0.238939 0.424444 0.364859
-0.238995 0.424325 0.364858
-0.239125 0.424082 0.364874
-0.239185 0.424044 0.364868
-0.239285 0.423830 0.364868
-0.239354 0.423788 0.364866
-0.239491 0.423594 0.364861
-0.239901 0.423378 0.364880
-0.240170 0.423330 0.364828
-0.240504 0.423457 0.364810
-0.240990 0.423758 0.364775
-0.241493 0.423826 0.364784
-0.242300 0.424210 0.364809
-0.242985 0.424606 0.364776
-0.243751 0.424897 0.364799
-0.244723 0.425310 0.364826
-0.245799 0.425590 0.364849
-0.246653 0.425643 0.364918
-0.247696 0.426083 0.364941
-0.248654 0.426550 0.364935
-0.249786 0.426931 0.364939
-0.251226 0.427589 0.364913
-0.252302 0.428144 0.364839
-0.253548 0.427926 0.364887
-0.254386 0.427895 0.364935
-0.255185 0.428264 0.364933
-0.256216 0.428210 0.364947
-0.257388 0.428627 0.364891
-0.257686 0.428774 0.364884
-0.258228 0.428957 0.364866
-0.258507 0.428934 0.364883
-0.259179 0.428908 0.364914
-0.259594 0.428972 0.364912
-0.260390 0.428948 0.364912
-0.260718 0.429037 0.364906
-0.261416 0.429108 0.364880
-0.261787 0.429262 0.364853
-0.262646 0.429623 0.364827
-0.263075 0.429773 0.364815
-0.263944 0.429832 0.364829
-0.264711 0.429989 0.364799
-0.265093 0.430131 0.364769
-0.265879 0.430540 0.364738
-0.266330 0.430944 0.364717
-0.267261 0.431836 0.364620
-0.267791 0.432152 0.364576
-0.269102 0.432529 0.364548
-0.269882 0.432711 0.364551
-0.271290 0.433312 0.364475
-0.272034 0.433563 0.364454
-0.273386 0.434069 0.364370
-0.274228 0.434593 0.364327
-0.275961 0.435534 0.364248
-0.276757 0.436030 0.364245
-0.278166 0.436586 0.364281
-0.278928 0.436845 0.364281
-0.280470 0.437838 0.364190
-0.281227 0.438092 0.364209
-0.282756 0.438336 0.364286
-0.283455 0.438281 0.364351
-0.284781 0.438626 0.364430
-0.285556 0.439015 0.364449
-0.287199 0.439174 0.364504
-0.288108 0.439463 0.364493
-0.289891 0.439857 0.364468
-0.290707 0.439981 0.364468
-0.292710 0.440365 0.364483
-0.293650 0.440578 0.364450
-0.295519 0.441101 0.364389
-0.296361 0.441452 0.364354
-0.297686 0.442046 0.364333
-0.298533 0.442376 0.364372
-0.300425 0.443175 0.364481
-0.301322 0.443414 0.364504
-0.304988 0.444751 0.364576
-0.309214 0.446371 0.364561
-0.314012 0.447002 0.364753
