-0.800018 1.000021 0.249927 1.000000 -0.000000 0.000000 0.000038
-0.800019 1.000021 0.249937 1.000000 0.000000 -0.000001 0.000039
-0.800019 1.000020 0.249929 1.000000 0.000002 -0.000001 0.000040
-0.800020 1.000020 0.249898 1.000000 0.000003 -0.000004 0.000043
-0.800018 1.000023 0.249895 1.000000 -0.000002 -0.000000 0.000043
-0.800017 1.000022 0.249907 1.000000 -0.000001 0.000003 0.000044
-0.800020 1.000021 0.249897 1.000000 0.000002 -0.000002 0.000045
-0.800019 1.000022 0.249898 1.000000 0.000000 -0.000001 0.000045
-0.800020 1.000022 0.249936 1.000000 -0.000001 -0.000003 0.000047
-0.800019 1.000023 0.249940 1.000000 -0.000002 -0.000001 0.000047
-0.800020 1.000024 0.249905 1.000000 -0.000003 -0.000001 0.000049
-0.800019 1.000022 0.249925 1.000000 0.000001 -0.000000 0.000049
-0.800021 1.000023 0.249950 1.000000 -0.000000 -0.000003 0.000050
-0.800020 1.000023 0.249955 1.000000 -0.000000 -0.000002 0.000051
-0.800019 1.000023 0.249938 1.000000 -0.000002 0.000001 0.000052
-0.800022 1.000024 0.249828 1.000000 -0.000002 -0.000005 0.000053
-0.800019 1.000022 0.249772 1.000000 0.000002 0.000002 0.000055
-0.800018 1.000023 0.249824 1.000000 0.000001 0.000004 0.000057
-0.800019 1.000022 0.249829 1.000000 0.000002 0.000001 0.000057
-0.800018 1.000023 0.249816 1.000000 0.000001 0.000003 0.000060
-0.800023 1.000025 0.249813 1.000000 -0.000003 -0.000005 0.000061
-0.800023 1.000022 0.249776 1.000000 0.000003 -0.000006 0.000063
-0.800019 1.000024 0.249790 1.000000 -0.000001 0.000004 0.000063
-0.800022 1.000023 0.249846 1.000000 0.000001 -0.000002 0.000066
-0.800023 1.000025 0.249847 1.000000 -0.000002 -0.000005 0.000066
-0.800020 1.000021 0.249833 1.000000 0.000006 0.000002 0.000067
-0.800019 1.000020 0.249768 1.000000 0.000008 0.000004 0.000069
-0.800025 1.000024 0.249764 1.000000 -0.000000 -0.000007 0.000069
-0.800021 1.000026 0.249761 1.000000 -0.000003 -0.000000 0.000069
-0.800021 1.000022 0.249749 1.000000 0.000004 -0.000000 0.000070
-0.800023 1.000024 0.249751 1.000000 -0.000001 -0.000003 0.000071
-0.800021 1.000023 0.249758 1.000000 0.000002 -0.000000 0.000071
-0.800022 1.000023 0.249860 1.000000 0.000002 -0.000001 0.000073
-0.800022 1.000022 0.249871 1.000000 0.000004 -0.000001 0.000073
-0.800021 1.000026 0.249877 1.000000 -0.000003 0.000002 0.000074
-0.800023 1.000022 0.249903 1.000000 0.000005 -0.000001 0.000075
-0.800021 1.000025 0.249862 1.000000 -0.000000 0.000003 0.000076
-0.800021 1.000025 0.249833 1.000000 -0.000000 0.000003 0.000078
-0.800021 1.000025 0.249849 1.000000 -0.000000 0.000004 0.000079
-0.800022 1.000025 0.249858 1.000000 -0.000000 0.000003 0.000081
-0.800024 1.000023 0.249820 1.000000 0.000005 -0.000002 0.000083
-0.800026 1.000026 0.249845 1.000000 -0.000001 -0.000004 0.000085
-0.800023 1.000027 0.249857 1.000000 -0.000003 0.000002 0.000086
-0.800025 1.000027 0.249911 1.000000 -0.000002 -0.000001 0.000087
-0.800026 1.000026 0.249902 1.000000 -0.000001 -0.000003 0.000089
-0.800025 1.000027 0.249915 1.000000 -0.000002 -0.000001 0.000090
-0.800023 1.000027 0.249919 1.000000 -0.000002 0.000003 0.000091
-0.800025 1.000025 0.249898 1.000000 0.000002 -0.000001 0.000093
-0.800024 1.000025 0.249907 1.000000 0.000003 0.000001 0.000093
-0.800025 1.000027 0.249936 1.000000 -0.000001 -0.000000 0.000095
-0.800026 1.000027 0.249943 1.000000 -0.000001 -0.000002 0.000095
-0.800025 1.000025 0.249917 1.000000 0.000003 -0.000000 0.000097
-0.800024 1.000028 0.249901 1.000000 -0.000002 0.000001 0.000098
-0.800027 1.000026 0.249887 1.000000 0.000002 -0.000003 0.000101
-0.800025 1.000027 0.249903 1.000000 0.000000 -0.000000 0.000101
-0.800026 1.000027 0.249909 1.000000 -0.000000 -0.000001 0.000103
-0.800027 1.000027 0.249919 1.000000 0.000001 -0.000002 0.000103
-0.800026 1.000027 0.249915 1.000000 0.000001 -0.000001 0.000106
-0.800027 1.000027 0.249889 1.000000 0.000000 -0.000002 0.000106
-0.800025 1.000028 0.249931 1.000000 -0.000001 0.000001 0.000107
-0.800028 1.000027 0.249903 1.000000 0.000002 -0.000004 0.000108
-0.800028 1.000026 0.249832 1.000000 0.000003 -0.000003 0.000108
-0.800028 1.000029 0.249807 1.000000 -0.000003 -0.000004 0.000108
-0.800028 1.000029 0.249790 1.000000 -0.000003 -0.000003 0.000108
-0.800028 1.000029 0.249811 1.000000 -0.000002 -0.000003 0.000110
-0.800028 1.000029 0.249823 1.000000 -0.000003 -0.000003 0.000111
-0.800027 1.000029 0.249824 1.000000 -0.000003 0.000000 0.000112
-0.800027 1.000028 0.249836 1.000000 0.000001 -0.000000 0.000114
-0.800027 1.000030 0.249893 1.000000 -0.000004 0.000000 0.000115
-0.800028 1.000025 0.249849 1.000000 0.000007 -0.000001 0.000117
-0.470036 0.685033 0.249909 1.000000 0.000000 -0.000002 0.000207
-0.470037 0.685034 0.249919 1.000000 -0.000001 -0.000003 0.000208
-0.470036 0.685034 0.249908 1.000000 -0.000000 -0.000001 0.000209
-0.470034 0.685033 0.249907 1.000000 0.000001 0.000002 0.000210
-0.470035 0.685034 0.249905 1.000000 -0.000001 0.000001 0.000210
-0.470036 0.685032 0.249911 1.000000 0.000003 -0.000001 0.000212
-0.470036 0.685033 0.249904 1.000000 0.000001 -0.000001 0.000212
-0.470036 0.685033 0.249878 1.000000 0.000003 -0.000002 0.000216
-0.470036 0.685033 0.249916 1.000000 0.000002 -0.000000 0.000219
-0.470037 0.685035 0.249933 1.000000 -0.000002 -0.000002 0.000220
-0.470037 0.685034 0.249950 1.000000 0.000001 -0.000002 0.000222
-0.470037 0.685034 0.249958 1.000000 0.000001 -0.000002 0.000222
-0.470036 0.685033 0.249956 1.000000 0.000003 -0.000001 0.000222
-0.470036 0.685035 0.249937 1.000000 -0.000001 -0.000001 0.000222
-0.470037 0.685033 0.249927 1.000000 0.000002 -0.000002 0.000224
-0.470036 0.685033 0.249932 1.000000 0.000002 -0.000001 0.000224
-0.470037 0.685034 0.249940 1.000000 0.000000 -0.000002 0.000226
-0.470037 0.685034 0.249950 1.000000 0.000001 -0.000002 0.000226
-0.470037 0.685035 0.249942 1.000000 -0.000001 -0.000002 0.000227
-0.470036 0.685033 0.249939 1.000000 0.000003 -0.000001 0.000227
-0.470037 0.685032 0.249898 1.000000 0.000004 -0.000002 0.000228
-0.470035 0.685034 0.249885 1.000000 0.000002 0.000002 0.000229
-0.470039 0.685032 0.249831 1.000000 0.000005 -0.000006 0.000231
-0.470041 0.685035 0.249816 1.000000 -0.000000 -0.000009 0.000231
-0.470034 0.685036 0.249779 1.000000 -0.000002 0.000005 0.000233
-0.470037 0.685038 0.249780 1.000000 -0.000007 -0.000001 0.000234
-0.470033 0.685035 0.249779 1.000000 -0.000000 0.000007 0.000234
-0.470037 0.685036 0.249782 1.000000 -0.000003 -0.000001 0.000235
-0.470038 0.685035 0.249798 1.000000 0.000000 -0.000004 0.000235
-0.470037 0.685034 0.249823 1.000000 0.000002 -0.000002 0.000236
-0.470037 0.685034 0.249862 1.000000 0.000001 -0.000002 0.000236
-0.470038 0.685035 0.249933 1.000000 -0.000001 -0.000003 0.000238
-0.470036 0.685035 0.249920 1.000000 -0.000000 0.000001 0.000239
-0.470036 0.685035 0.249930 1.000000 0.000001 -0.000000 0.000242
-0.470037 0.685035 0.249970 1.000000 0.000001 -0.000001 0.000243
-0.470036 0.685036 0.249944 1.000000 -0.000001 0.000000 0.000244
-0.470035 0.685033 0.249907 1.000000 0.000004 0.000002 0.000247
-0.470037 0.685034 0.249872 1.000000 0.000003 -0.000001 0.000250
-0.470035 0.685038 0.249859 1.000000 -0.000005 0.000003 0.000254
-0.470038 0.685037 0.249851 1.000000 -0.000003 -0.000004 0.000255
-0.470036 0.685034 0.249837 1.000000 0.000003 0.000002 0.000256
-0.470037 0.685039 0.249831 1.000000 -0.000006 -0.000000 0.000257
-0.470036 0.685035 0.249832 1.000000 0.000001 0.000002 0.000258
-0.470038 0.685034 0.249836 1.000000 0.000003 -0.000002 0.000259
-0.470036 0.685037 0.249850 1.000000 -0.000002 0.000001 0.000259
-0.470037 0.685035 0.249873 1.000000 0.000000 -0.000000 0.000260
-0.470037 0.685034 0.249888 1.000000 0.000002 -0.000000 0.000260
-0.470037 0.685035 0.249899 1.000000 0.000002 -0.000001 0.000261
-0.470036 0.685035 0.249907 1.000000 0.000001 0.000002 0.000261
-0.470036 0.685036 0.249916 1.000000 -0.000000 0.000001 0.000262
-0.470037 0.685037 0.249924 1.000000 -0.000002 -0.000001 0.000262
-0.470037 0.685035 0.249932 1.000000 0.000001 -0.000001 0.000262
-0.470037 0.685036 0.249944 1.000000 -0.000001 -0.000001 0.000262
-0.470037 0.685035 0.249952 1.000000 0.000001 0.000000 0.000262
-0.470036 0.685035 0.249959 1.000000 0.000001 0.000001 0.000263
-0.470037 0.685036 0.249963 1.000000 0.000000 -0.000001 0.000263
-0.470037 0.685036 0.249964 1.000000 -0.000000 -0.000000 0.000263
-0.470037 0.685036 0.249963 1.000000 0.000000 -0.000001 0.000263
-0.470036 0.685036 0.249958 1.000000 -0.000001 0.000002 0.000263
-0.470038 0.685035 0.249946 1.000000 0.000001 -0.000002 0.000263
-0.470039 0.685036 0.249933 1.000000 0.000000 -0.000003 0.000264
-0.470037 0.685035 0.249916 1.000000 0.000002 -0.000001 0.000265
-0.470037 0.685035 0.249909 1.000000 0.000002 0.000000 0.000266
-0.470037 0.685037 0.249883 1.000000 -0.000003 -0.000001 0.000268
-0.470039 0.685036 0.249875 1.000000 0.000000 -0.000004 0.000269
-0.470036 0.685038 0.249864 1.000000 -0.000003 0.000002 0.000269
-0.470038 0.685036 0.249863 1.000000 -0.000000 -0.000002 0.000270
-0.470036 0.685034 0.249852 1.000000 0.000005 0.000002 0.000272
-0.470038 0.685038 0.249838 1.000000 -0.000004 -0.000002 0.000272
-0.470036 0.685035 0.249817 1.000000 0.000002 0.000003 0.000274
-0.470040 0.685036 0.249809 1.000000 0.000001 -0.000007 0.000275
-0.470036 0.685038 0.249812 1.000000 -0.000003 0.000001 0.000277
-0.470039 0.685036 0.249826 1.000000 0.000000 -0.000004 0.000277
-0.470036 0.685036 0.249857 1.000000 -0.000000 0.000002 0.000278
-0.470037 0.685036 0.249877 1.000000 0.000001 0.000001 0.000279
-0.470038 0.685037 0.249897 1.000000 -0.000002 -0.000002 0.000279
-0.470037 0.685033 0.249902 1.000000 0.000006 -0.000001 0.000280
-0.470037 0.685037 0.249896 1.000000 -0.000001 -0.000001 0.000281
-0.470039 0.685037 0.249906 1.000000 -0.000001 -0.000003 0.000283
-0.470037 0.685036 0.249886 1.000000 0.000001 -0.000001 0.000286
-0.470038 0.685037 0.249934 1.000000 -0.000001 -0.000001 0.000288
-0.470038 0.685036 0.249891 1.000000 0.000001 -0.000002 0.000291
-0.470037 0.685037 0.249941 1.000000 -0.000000 0.000001 0.000293
-0.470037 0.685037 0.249924 1.000000 -0.000001 0.000000 0.000294
-0.470039 0.685037 0.249819 1.000000 -0.000001 -0.000004 0.000297
-0.470038 0.685035 0.249818 1.000000 0.000004 -0.000001 0.000300
-0.470039 0.685036 0.249847 1.000000 0.000002 -0.000003 0.000304
-0.470038 0.685036 0.249792 1.000000 0.000003 -0.000000 0.000306
-0.470037 0.685036 0.249873 1.000000 0.000002 0.000000 0.000310
-0.470038 0.685037 0.249888 1.000000 0.000001 -0.000000 0.000310
-0.470037 0.685037 0.249932 1.000000 0.000001 -0.000000 0.000311
-0.470038 0.685038 0.249948 1.000000 -0.000001 -0.000000 0.000311
-0.470037 0.685036 0.249948 1.000000 0.000002 0.000000 0.000312
-0.470037 0.685037 0.249939 1.000000 0.000000 -0.000000 0.000312
-0.470038 0.685038 0.249928 1.000000 -0.000002 -0.000000 0.000313
-0.470038 0.685037 0.249912 1.000000 0.000001 -0.000002 0.000314
-0.470039 0.685037 0.249883 1.000000 0.000001 -0.000003 0.000316
-0.470036 0.685039 0.249927 1.000000 -0.000003 0.000003 0.000317
-0.470039 0.685038 0.249874 1.000000 -0.000001 -0.000003 0.000319
-0.470039 0.685039 0.249910 1.000000 -0.000001 -0.000002 0.000321
-0.470037 0.685038 0.249916 1.000000 -0.000000 0.000001 0.000323
-0.470037 0.685038 0.249944 1.000000 0.000000 0.000001 0.000324
-0.470039 0.685037 0.249871 1.000000 0.000002 -0.000002 0.000326
-0.470037 0.685038 0.249882 1.000000 0.000001 0.000002 0.000330
-0.470038 0.685038 0.249948 1.000000 0.000001 -0.000000 0.000331
-0.470038 0.685038 0.249936 1.000000 0.000001 0.000001 0.000333
-0.470038 0.685039 0.249960 1.000000 0.000000 0.000000 0.000333
-0.470038 0.685038 0.249961 1.000000 0.000001 0.000000 0.000334
-0.470039 0.685038 0.249934 1.000000 0.000002 -0.000000 0.000336
-0.470039 0.685038 0.249923 1.000000 0.000001 -0.000001 0.000338
-0.470038 0.685038 0.249921 1.000000 0.000001 0.000001 0.000338
-0.470040 0.685039 0.249940 1.000000 -0.000001 -0.000002 0.000339
-0.470039 0.685040 0.249942 1.000000 -0.000001 -0.000002 0.000339
-0.470038 0.685038 0.249954 1.000000 0.000001 0.000001 0.000341
-0.470038 0.685040 0.249956 1.000000 -0.000003 0.000002 0.000341
-0.470039 0.685039 0.249946 1.000000 -0.000000 0.000000 0.000341
-0.470040 0.685039 0.249945 1.000000 0.000001 -0.000003 0.000341
-0.470040 0.685039 0.249934 1.000000 -0.000000 -0.000002 0.000342
-0.470039 0.685040 0.249903 1.000000 -0.000002 -0.000001 0.000343
-0.470038 0.685039 0.249917 1.000000 0.000000 0.000001 0.000346
-0.470040 0.685038 0.249905 1.000000 0.000002 -0.000003 0.000346
-0.470040 0.685041 0.249883 1.000000 -0.000003 -0.000003 0.000347
-0.470039 0.685036 0.249830 1.000000 0.000006 -0.000001 0.000348
-0.470039 0.685041 0.249825 1.000000 -0.000003 0.000000 0.000348
-0.470039 0.685040 0.249815 1.000000 -0.000001 -0.000000 0.000348
-0.470041 0.685037 0.249819 1.000000 0.000004 -0.000003 0.000349
-0.470040 0.685041 0.249841 1.000000 -0.000003 -0.000002 0.000353
-0.470039 0.685037 0.249869 1.000000 0.000005 0.000000 0.000356
-0.470042 0.685040 0.249809 1.000000 -0.000001 -0.000006 0.000359
-0.470039 0.685039 0.249866 1.000000 0.000001 -0.000000 0.000362
-0.470040 0.685039 0.249946 1.000000 0.000001 -0.000001 0.000363
-0.470039 0.685039 0.249957 1.000000 0.000001 -0.000001 0.000364
-0.470042 0.685038 0.249848 1.000000 0.000004 -0.000005 0.000366
-0.470039 0.685041 0.249802 1.000000 -0.000002 0.000001 0.000369
-0.470038 0.685040 0.249850 1.000000 -0.000001 0.000002 0.000371
-0.470041 0.685040 0.249923 1.000000 0.000001 -0.000002 0.000372
-0.470040 0.685040 0.249866 1.000000 -0.000000 -0.000001 0.000374
-0.470040 0.685040 0.249874 1.000000 -0.000001 -0.000002 0.000376
-0.470040 0.685039 0.249904 1.000000 0.000002 -0.000001 0.000379
-0.470042 0.685042 0.249809 1.000000 -0.000002 -0.000004 0.000382
-0.470038 0.685042 0.249806 1.000000 -0.000003 0.000003 0.000383
-0.470042 0.685039 0.249824 1.000000 0.000002 -0.000004 0.000383
-0.470039 0.685044 0.249836 1.000000 -0.000006 0.000003 0.000384
-0.470041 0.685036 0.249834 1.000000 0.000009 -0.000001 0.000384
-0.470041 0.685038 0.249838 1.000000 0.000004 -0.000002 0.000385
-0.470040 0.685042 0.249841 1.000000 -0.000003 0.000001 0.000386
-0.470041 0.685040 0.249851 1.000000 0.000000 -0.000001 0.000386
-0.470041 0.685041 0.249888 1.000000 -0.000001 -0.000001 0.000388
-0.470041 0.685039 0.249906 1.000000 0.000002 -0.000002 0.000389
-0.470042 0.685041 0.249934 1.000000 0.000000 -0.000003 0.000389
-0.470040 0.685041 0.249927 1.000000 -0.000001 0.000001 0.000390
-0.470040 0.685040 0.249923 1.000000 0.000002 0.000001 0.000390
-0.470041 0.685039 0.249916 1.000000 0.000003 -0.000000 0.000391
-0.470041 0.685040 0.249893 1.000000 0.000002 -0.000001 0.000392
-0.470042 0.685043 0.249885 1.000000 -0.000004 -0.000003 0.000392
-0.470040 0.685041 0.249878 1.000000 0.000000 -0.000000 0.000394
-0.470039 0.685043 0.249891 1.000000 -0.000004 0.000002 0.000395
-0.470040 0.685040 0.249873 1.000000 0.000002 0.000001 0.000396
-0.470041 0.685040 0.249855 1.000000 0.000001 -0.000001 0.000397
-0.470041 0.685042 0.249839 1.000000 -0.000002 -0.000002 0.000398
-0.470042 0.685042 0.249837 1.000000 -0.000002 -0.000003 0.000399
-0.470040 0.685042 0.249828 1.000000 -0.000003 -0.000000 0.000401
-0.470042 0.685042 0.249827 1.000000 -0.000002 -0.000004 0.000402
-0.470043 0.685044 0.249804 1.000000 -0.000005 -0.000005 0.000402
-0.470039 0.685040 0.249792 1.000000 0.000003 0.000002 0.000403
-0.470042 0.685039 0.249787 1.000000 0.000004 -0.000003 0.000403
-0.470040 0.685041 0.249790 1.000000 0.000001 -0.000000 0.000404
-0.470040 0.685044 0.249809 1.000000 -0.000005 0.000000 0.000405
-0.470040 0.685043 0.249819 1.000000 -0.000003 0.000001 0.000406
-0.470041 0.685039 0.249825 1.000000 0.000004 -0.000002 0.000406
-0.470041 0.685041 0.249845 1.000000 0.000001 -0.000001 0.000407
-0.470041 0.685041 0.249877 1.000000 0.000001 -0.000002 0.000407
-0.470040 0.685041 0.249905 1.000000 0.000000 0.000000 0.000407
-0.470040 0.685042 0.249909 1.000000 -0.000002 0.000002 0.000408
-0.470042 0.685042 0.249903 1.000000 -0.000001 -0.000003 0.000408
-0.470042 0.685043 0.249891 1.000000 -0.000002 -0.000003 0.000408
-0.470040 0.685039 0.249879 1.000000 0.000005 0.000000 0.000409
-0.470039 0.685042 0.249865 1.000000 -0.000001 0.000002 0.000411
-0.470040 0.685040 0.249865 1.000000 0.000002 -0.000000 0.000412
-0.470041 0.685041 0.249922 1.000000 0.000001 -0.000001 0.000413
-0.470042 0.685042 0.249926 1.000000 -0.000002 -0.000002 0.000414
-0.470039 0.685041 0.249888 1.000000 0.000001 0.000002 0.000415
-0.470040 0.685042 0.249873 1.000000 -0.000001 0.000001 0.000416
-0.470042 0.685045 0.249852 1.000000 -0.000006 -0.000002 0.000417
-0.470038 0.685042 0.249843 1.000000 -0.000001 0.000006 0.000418
-0.470039 0.685043 0.249811 1.000000 -0.000003 0.000003 0.000419
-0.470044 0.685043 0.249781 1.000000 -0.000003 -0.000008 0.000420
-0.470040 0.685039 0.249771 1.000000 0.000005 0.000001 0.000420
-0.470043 0.685040 0.249765 1.000000 0.000003 -0.000005 0.000421
-0.470040 0.685039 0.249766 1.000000 0.000005 0.000002 0.000421
-0.470040 0.685041 0.249804 1.000000 0.000002 0.000001 0.000423
-0.470040 0.685041 0.249828 1.000000 0.000001 0.000002 0.000424
-0.470042 0.685041 0.249883 1.000000 0.000002 -0.000002 0.000425
-0.470041 0.685040 0.249883 1.000000 0.000003 -0.000001 0.000427
-0.470041 0.685041 0.249885 1.000000 0.000001 -0.000001 0.000428
-0.470040 0.685041 0.249896 1.000000 0.000002 0.000002 0.000429
-0.470040 0.685042 0.249847 1.000000 0.000000 0.000002 0.000431
-0.470045 0.685043 0.249819 1.000000 -0.000002 -0.000008 0.000431
-0.470043 0.685041 0.249787 1.000000 0.000001 -0.000005 0.000431
-0.470040 0.685040 0.249779 1.000000 0.000004 0.000001 0.000432
-0.470039 0.685044 0.249779 1.000000 -0.000003 0.000004 0.000433
-0.470042 0.685043 0.249802 1.000000 -0.000002 -0.000002 0.000435
-0.470042 0.685043 0.249831 1.000000 -0.000002 -0.000002 0.000436
-0.470041 0.685040 0.249854 1.000000 0.000005 -0.000001 0.000438
-0.470043 0.685043 0.249841 1.000000 -0.000002 -0.000005 0.000439
-0.470042 0.685045 0.249803 1.000000 -0.000006 -0.000002 0.000440
-0.470044 0.685042 0.249786 1.000000 0.000001 -0.000007 0.000440
-0.470040 0.685042 0.249794 1.000000 0.000001 0.000001 0.000442
-0.470041 0.685044 0.249803 1.000000 -0.000004 0.000000 0.000443
-0.470042 0.685043 0.249909 1.000000 -0.000001 -0.000002 0.000445
-0.470042 0.685042 0.249933 1.000000 0.000001 -0.000002 0.000445
-0.470042 0.685043 0.249947 1.000000 -0.000000 -0.000002 0.000445
-0.470042 0.685042 0.249953 1.000000 0.000001 -0.000002 0.000445
-0.470042 0.685042 0.249957 1.000000 0.000000 -0.000003 0.000445
-0.470041 0.685042 0.249958 1.000000 0.000000 -0.000001 0.000446
-0.470041 0.685043 0.249957 1.000000 -0.000001 0.000000 0.000446
-0.470041 0.685044 0.249956 1.000000 -0.000003 0.000001 0.000446
-0.470041 0.685042 0.249948 1.000000 0.000002 -0.000001 0.000446
-0.470041 0.685044 0.249947 1.000000 -0.000002 -0.000001 0.000447
-0.470040 0.685043 0.249929 1.000000 -0.000001 0.000002 0.000447
-0.470042 0.685042 0.249919 1.000000 0.000001 -0.000003 0.000448
-0.470040 0.685042 0.249920 1.000000 0.000001 0.000002 0.000449
-0.470042 0.685043 0.249943 1.000000 -0.000000 -0.000002 0.000450
-0.470042 0.685043 0.249945 1.000000 -0.000000 -0.000002 0.000450
-0.470042 0.685044 0.249939 1.000000 -0.000002 -0.000001 0.000451
-0.470043 0.685042 0.249936 1.000000 0.000001 -0.000003 0.000452
-0.470042 0.685043 0.249929 1.000000 0.000000 -0.000001 0.000452
-0.470041 0.685042 0.249939 1.000000 0.000001 0.000001 0.000453
-0.470040 0.685043 0.249928 1.000000 0.000000 0.000002 0.000453
-0.470041 0.685045 0.249924 1.000000 -0.000004 -0.000000 0.000453
-0.470041 0.685042 0.249909 1.000000 0.000002 0.000000 0.000454
-0.470043 0.685042 0.249905 1.000000 0.000001 -0.000003 0.000456
-0.470043 0.685041 0.249903 1.000000 0.000004 -0.000004 0.000456
-0.470038 0.685043 0.249833 1.000000 0.000000 0.000006 0.000458
-0.470042 0.685042 0.249821 1.000000 0.000002 -0.000002 0.000458
-0.470040 0.685044 0.249833 1.000000 -0.000002 0.000003 0.000459
-0.470043 0.685042 0.249868 1.000000 0.000001 -0.000003 0.000460
-0.470043 0.685043 0.249879 1.000000 0.000001 -0.000002 0.000460
-0.470042 0.685041 0.249904 1.000000 0.000005 -0.000002 0.000462
-0.470041 0.685043 0.249899 1.000000 -0.000000 0.000000 0.000463
-0.470042 0.685043 0.249903 1.000000 0.000001 -0.000001 0.000465
-0.470041 0.685042 0.249901 1.000000 0.000002 0.000000 0.000466
-0.470043 0.685042 0.249894 1.000000 0.000003 -0.000003 0.000467
-0.470042 0.685043 0.249901 1.000000 0.000000 -0.000001 0.000467
-0.470041 0.685045 0.249921 1.000000 -0.000002 0.000001 0.000468
-0.470040 0.685043 0.249931 1.000000 0.000001 0.000002 0.000469
-0.470042 0.685043 0.249945 1.000000 0.000001 0.000000 0.000470
-0.470042 0.685043 0.249892 1.000000 0.000001 0.000000 0.000473
-0.470043 0.685041 0.249830 1.000000 0.000005 -0.000003 0.000475
-0.470042 0.685044 0.249872 1.000000 -0.000000 0.000000 0.000478
-0.470041 0.685044 0.249883 1.000000 -0.000001 0.000002 0.000480
-0.470041 0.685043 0.249910 1.000000 0.000002 0.000002 0.000483
-0.470041 0.685044 0.249907 1.000000 0.000001 0.000003 0.000485
-0.470044 0.685044 0.249877 1.000000 0.000000 -0.000003 0.000488
-0.470041 0.685044 0.249887 1.000000 0.000000 0.000002 0.000491
-0.470043 0.685047 0.249896 1.000000 -0.000004 -0.000002 0.000494
-0.470041 0.685045 0.249868 1.000000 -0.000002 0.000002 0.000498
-0.470043 0.685044 0.249945 1.000000 0.000000 -0.000002 0.000499
-0.470044 0.685044 0.249956 1.000000 0.000001 -0.000003 0.000500
-0.470043 0.685044 0.249946 1.000000 0.000001 -0.000002 0.000500
-0.470043 0.685044 0.249941 1.000000 0.000001 -0.000000 0.000501
-0.470043 0.685044 0.249945 1.000000 0.000002 -0.000001 0.000501
-0.470044 0.685045 0.249941 1.000000 -0.000001 -0.000003 0.000502
-0.470041 0.685046 0.249930 1.000000 -0.000002 0.000003 0.000503
-0.470042 0.685045 0.249918 1.000000 -0.000001 0.000002 0.000503
-0.470044 0.685044 0.249918 1.000000 0.000001 -0.000003 0.000504
-0.470043 0.685045 0.249914 1.000000 -0.000000 -0.000001 0.000504
-0.470042 0.685046 0.249912 1.000000 -0.000002 0.000001 0.000504
-0.470043 0.685044 0.249916 1.000000 0.000003 -0.000000 0.000504
-0.470043 0.685045 0.249921 1.000000 0.000001 -0.000001 0.000504
-0.470043 0.685044 0.249935 1.000000 0.000001 -0.000001 0.000505
-0.470044 0.685044 0.249944 1.000000 0.000002 -0.000001 0.000505
-0.470043 0.685045 0.249953 1.000000 0.000000 -0.000001 0.000505
-0.470043 0.685044 0.249961 1.000000 0.000001 -0.000001 0.000505
-0.470044 0.685045 0.249964 1.000000 -0.000001 -0.000002 0.000506
-0.470044 0.685046 0.249956 1.000000 -0.000002 -0.000002 0.000506
-0.470043 0.685046 0.249939 1.000000 -0.000003 -0.000000 0.000507
-0.470044 0.685045 0.249926 1.000000 -0.000001 -0.000003 0.000507
-0.470044 0.685046 0.249905 1.000000 -0.000002 -0.000001 0.000508
-0.470042 0.685045 0.249890 1.000000 0.000000 0.000001 0.000509
-0.470044 0.685044 0.249889 1.000000 0.000003 -0.000002 0.000510
-0.470043 0.685045 0.249893 1.000000 -0.000000 -0.000000 0.000510
-0.470044 0.685047 0.249868 1.000000 -0.000004 -0.000002 0.000513
-0.470043 0.685046 0.249900 1.000000 -0.000001 -0.000001 0.000516
-0.470043 0.685044 0.249891 1.000000 0.000002 0.000001 0.000518
-0.470042 0.685045 0.249881 1.000000 0.000001 0.000003 0.000520
-0.470044 0.685044 0.249867 1.000000 0.000002 -0.000002 0.000523
-0.470046 0.685047 0.249817 1.000000 -0.000002 -0.000005 0.000526
-0.470044 0.685046 0.249802 1.000000 -0.000001 -0.000002 0.000528
-0.470044 0.685046 0.249945 1.000000 0.000000 -0.000001 0.000530
-0.470044 0.685045 0.249895 1.000000 0.000002 -0.000001 0.000532
-0.470044 0.685045 0.249934 1.000000 0.000002 -0.000002 0.000534
-0.470044 0.685047 0.249951 1.000000 -0.000002 -0.000001 0.000536
-0.470044 0.685045 0.249931 1.000000 0.000002 -0.000002 0.000539
-0.470044 0.685045 0.249943 1.000000 0.000003 -0.000001 0.000541
-0.470044 0.685046 0.249919 1.000000 0.000001 -0.000001 0.000543
-0.470044 0.685045 0.249931 1.000000 0.000002 -0.000001 0.000546
-0.470044 0.685046 0.249910 1.000000 0.000000 -0.000001 0.000548
-0.470043 0.685045 0.249872 1.000000 0.000003 0.000001 0.000552
-0.470043 0.685044 0.249821 1.000000 0.000005 0.000001 0.000556
-0.470041 0.685046 0.249823 1.000000 0.000002 0.000005 0.000557
-0.470043 0.685047 0.249810 1.000000 0.000001 0.000002 0.000561
-0.470041 0.685047 0.249795 1.000000 -0.000001 0.000005 0.000563
-0.470045 0.685044 0.249803 1.000000 0.000006 -0.000002 0.000564
-0.470044 0.685047 0.249874 1.000000 -0.000001 -0.000001 0.000567
-0.470043 0.685046 0.249868 1.000000 0.000002 0.000002 0.000570
-0.470043 0.685048 0.249883 1.000000 -0.000001 0.000003 0.000572
-0.470045 0.685048 0.249894 1.000000 -0.000001 -0.000002 0.000576
-0.470043 0.685046 0.249880 1.000000 0.000002 0.000002 0.000578
-0.470045 0.685047 0.249895 1.000000 0.000002 -0.000000 0.000580
-0.470044 0.685049 0.249835 1.000000 -0.000002 0.000001 0.000582
-0.470044 0.685050 0.249809 1.000000 -0.000004 0.000000 0.000586
-0.470044 0.685047 0.249822 1.000000 0.000003 0.000001 0.000588
-0.470046 0.685049 0.249802 1.000000 -0.000003 -0.000003 0.000590
-0.470045 0.685046 0.249795 1.000000 0.000003 -0.000001 0.000590
-0.470045 0.685049 0.249804 1.000000 -0.000003 -0.000000 0.000591
-0.470045 0.685046 0.249849 1.000000 0.000004 -0.000001 0.000592
-0.470045 0.685049 0.249865 1.000000 -0.000002 -0.000000 0.000593
-0.470045 0.685046 0.249889 1.000000 0.000004 -0.000000 0.000594
-0.470044 0.685048 0.249895 1.000000 0.000001 0.000001 0.000595
-0.470046 0.685048 0.249889 1.000000 0.000001 -0.000003 0.000595
-0.470046 0.685048 0.249889 1.000000 -0.000001 -0.000002 0.000596
-0.470046 0.685048 0.249900 1.000000 -0.000000 -0.000002 0.000597
-0.470046 0.685047 0.249918 1.000000 0.000001 -0.000002 0.000597
-0.470046 0.685047 0.249931 1.000000 0.000001 -0.000002 0.000597
-0.470045 0.685048 0.249926 1.000000 0.000001 -0.000001 0.000598
-0.470044 0.685048 0.249915 1.000000 -0.000001 0.000001 0.000599
-0.470045 0.685048 0.249924 1.000000 -0.000000 -0.000001 0.000601
-0.470044 0.685048 0.249877 1.000000 0.000000 0.000001 0.000603
-0.470047 0.685048 0.249892 1.000000 0.000001 -0.000004 0.000605
-0.470046 0.685049 0.249906 1.000000 -0.000001 -0.000003 0.000608
-0.470044 0.685050 0.249879 1.000000 -0.000003 0.000003 0.000611
-0.470045 0.685049 0.249854 1.000000 -0.000001 0.000001 0.000613
-0.470044 0.685050 0.249900 1.000000 -0.000002 0.000003 0.000614
-0.470045 0.685051 0.249834 1.000000 -0.000005 0.000001 0.000616
-0.470043 0.685050 0.249816 1.000000 -0.000002 0.000004 0.000617
-0.470044 0.685048 0.249796 1.000000 0.000003 0.000003 0.000618
-0.470045 0.685048 0.249798 1.000000 0.000003 0.000000 0.000619
-0.470046 0.685047 0.249804 1.000000 0.000005 -0.000001 0.000620
-0.470047 0.685049 0.249804 1.000000 -0.000001 -0.000003 0.000621
-0.470045 0.685048 0.249795 1.000000 0.000002 0.000002 0.000621
-0.470046 0.685052 0.249795 1.000000 -0.000005 -0.000000 0.000622
-0.470044 0.685052 0.249800 1.000000 -0.000006 0.000004 0.000622
-0.470047 0.685049 0.249806 1.000000 -0.000000 -0.000002 0.000623
-0.470044 0.685047 0.249808 1.000000 0.000005 0.000003 0.000623
-0.470050 0.685049 0.249804 1.000000 -0.000000 -0.000008 0.000623
-0.470047 0.685045 0.249800 1.000000 0.000009 -0.000003 0.000624
-0.470046 0.685044 0.249791 1.000000 0.000010 -0.000001 0.000624
-0.470045 0.685050 0.249784 1.000000 -0.000001 0.000001 0.000625
-0.470046 0.685054 0.249788 1.000000 -0.000008 -0.000001 0.000625
-0.470048 0.685044 0.249830 1.000000 0.000010 -0.000003 0.000626
-0.470048 0.685048 0.249831 1.000000 0.000003 -0.000002 0.000628
-0.470047 0.685049 0.249804 1.000000 0.000001 0.000000 0.000631
-0.470045 0.685048 0.249810 1.000000 0.000002 0.000003 0.000633
-0.470047 0.685050 0.249832 1.000000 -0.000002 0.000001 0.000635
-0.470047 0.685048 0.249878 1.000000 0.000003 -0.000000 0.000638
-0.470048 0.685051 0.249826 1.000000 -0.000003 -0.000001 0.000640
-0.470047 0.685047 0.249849 1.000000 0.000007 0.000000 0.000643
-0.470047 0.685048 0.249833 1.000000 0.000004 0.000001 0.000647
-0.470045 0.685047 0.249815 1.000000 0.000006 0.000004 0.000649
-0.470046 0.685051 0.249804 1.000000 -0.000002 0.000004 0.000652
-0.470049 0.685049 0.249841 1.000000 0.000002 -0.000003 0.000653
-0.470046 0.685050 0.249853 1.000000 0.000000 0.000004 0.000654
-0.470049 0.685050 0.249868 1.000000 0.000000 -0.000004 0.000655
-0.470048 0.685051 0.249870 1.000000 -0.000000 -0.000001 0.000656
-0.470048 0.685049 0.249850 1.000000 0.000002 -0.000000 0.000657
-0.470046 0.685050 0.249837 1.000000 0.000001 0.000003 0.000658
-0.470049 0.685052 0.249837 1.000000 -0.000002 -0.000002 0.000659
-0.470049 0.685048 0.249844 1.000000 0.000005 -0.000003 0.000659
-0.470047 0.685051 0.249849 1.000000 -0.000001 0.000001 0.000660
-0.470047 0.685053 0.249851 1.000000 -0.000005 0.000001 0.000660
-0.470049 0.685051 0.249856 1.000000 -0.000001 -0.000003 0.000661
-0.470048 0.685049 0.249851 1.000000 0.000003 -0.000000 0.000662
-0.470046 0.685051 0.249850 1.000000 -0.000001 0.000002 0.000663
-0.470048 0.685051 0.249860 1.000000 -0.000001 -0.000002 0.000664
-0.470049 0.685050 0.249871 1.000000 0.000001 -0.000003 0.000664
-0.470048 0.685052 0.249907 1.000000 -0.000003 0.000000 0.000666
-0.470049 0.685051 0.249904 1.000000 0.000000 -0.000002 0.000667
-0.470048 0.685052 0.249946 1.000000 -0.000001 -0.000000 0.000669
-0.470048 0.685049 0.249906 1.000000 0.000004 0.000000 0.000672
-0.470048 0.685052 0.249847 1.000000 -0.000001 -0.000001 0.000675
-0.470048 0.685050 0.249874 1.000000 0.000002 0.000001 0.000678
-0.470047 0.685052 0.249894 1.000000 -0.000000 0.000002 0.000679
-0.470050 0.685052 0.249876 1.000000 -0.000002 -0.000004 0.000680
-0.470049 0.685050 0.249859 1.000000 0.000002 -0.000002 0.000681
-0.470049 0.685051 0.249885 1.000000 -0.000000 -0.000002 0.000681
-0.470048 0.685053 0.249894 1.000000 -0.000004 -0.000000 0.000682
-0.470049 0.685052 0.249890 1.000000 -0.000001 -0.000002 0.000682
-0.470048 0.685051 0.249912 1.000000 0.000000 -0.000000 0.000684
-0.470048 0.685051 0.249917 1.000000 0.000002 -0.000001 0.000684
-0.470049 0.685052 0.249943 1.000000 -0.000000 -0.000002 0.000685
-0.470049 0.685052 0.249947 1.000000 -0.000000 -0.000001 0.000685
-0.470049 0.685052 0.249946 1.000000 -0.000001 -0.000002 0.000687
-0.470049 0.685050 0.249952 1.000000 0.000002 -0.000002 0.000687
-0.470047 0.685053 0.249954 1.000000 -0.000002 0.000003 0.000688
-0.470050 0.685051 0.249877 1.000000 0.000001 -0.000003 0.000691
-0.470047 0.685052 0.249868 1.000000 -0.000001 0.000003 0.000693
-0.470048 0.685051 0.249866 1.000000 0.000001 0.000000 0.000694
-0.470049 0.685053 0.249874 1.000000 -0.000003 -0.000001 0.000695
-0.470049 0.685051 0.249874 1.000000 0.000001 -0.000000 0.000696
-0.470049 0.685052 0.249892 1.000000 0.000000 -0.000000 0.000697
-0.470050 0.685052 0.249894 1.000000 0.000000 -0.000002 0.000697
-0.470048 0.685051 0.249867 1.000000 0.000001 0.000001 0.000698
-0.470047 0.685053 0.249857 1.000000 -0.000001 0.000003 0.000698
-0.470049 0.685048 0.249833 1.000000 0.000008 -0.000000 0.000700
-0.470049 0.685053 0.249838 1.000000 -0.000001 -0.000001 0.000701
-0.470049 0.685051 0.249851 1.000000 0.000001 -0.000000 0.000702
-0.470049 0.685051 0.249864 1.000000 0.000003 -0.000001 0.000703
-0.470049 0.685051 0.249878 1.000000 0.000002 0.000000 0.000704
-0.470049 0.685053 0.249892 1.000000 -0.000002 -0.000000 0.000704
-0.470048 0.685052 0.249905 1.000000 -0.000001 0.000002 0.000705
-0.470048 0.685053 0.249917 1.000000 -0.000002 0.000002 0.000705
-0.470049 0.685053 0.249921 1.000000 -0.000001 -0.000001 0.000705
-0.470050 0.685052 0.249922 1.000000 0.000000 -0.000003 0.000706
-0.470049 0.685053 0.249918 1.000000 -0.000001 -0.000001 0.000706
-0.470048 0.685054 0.249912 1.000000 -0.000004 0.000000 0.000706
-0.470049 0.685052 0.249904 1.000000 0.000001 -0.000000 0.000707
-0.470049 0.685051 0.249911 1.000000 0.000002 -0.000001 0.000707
-0.470049 0.685053 0.249924 1.000000 -0.000000 -0.000001 0.000707
-0.470049 0.685052 0.249936 1.000000 0.000002 0.000000 0.000708
-0.470049 0.685051 0.249937 1.000000 0.000002 0.000000 0.000708
-0.470049 0.685054 0.249927 1.000000 -0.000003 -0.000000 0.000708
-0.470050 0.685053 0.249921 1.000000 -0.000001 -0.000002 0.000709
-0.470049 0.685052 0.249913 1.000000 0.000001 -0.000001 0.000709
-0.470049 0.685052 0.249910 1.000000 0.000002 -0.000001 0.000710
-0.470048 0.685053 0.249897 1.000000 -0.000001 0.000001 0.000711
-0.470050 0.685055 0.249885 1.000000 -0.000006 -0.000001 0.000711
-0.470047 0.685051 0.249870 1.000000 0.000002 0.000003 0.000712
-0.470049 0.685051 0.249852 1.000000 0.000003 -0.000001 0.000713
-0.470048 0.685050 0.249845 1.000000 0.000005 0.000001 0.000714
-0.470051 0.685053 0.249834 1.000000 -0.000002 -0.000003 0.000714
-0.470049 0.685055 0.249831 1.000000 -0.000004 0.000000 0.000715
-0.470050 0.685051 0.249845 1.000000 0.000002 -0.000001 0.000715
-0.470050 0.685052 0.249869 1.000000 0.000001 -0.000001 0.000716
-0.470049 0.685055 0.249886 1.000000 -0.000004 -0.000000 0.000717
-0.470049 0.685053 0.249891 1.000000 -0.000000 -0.000001 0.000718
-0.470050 0.685052 0.249900 1.000000 0.000002 -0.000001 0.000718
-0.470050 0.685052 0.249906 1.000000 0.000002 -0.000001 0.000719
-0.470050 0.685052 0.249919 1.000000 0.000001 -0.000002 0.000719
-0.470051 0.685053 0.249933 1.000000 -0.000001 -0.000003 0.000719
-0.470049 0.685053 0.249934 1.000000 0.000000 -0.000001 0.000720
-0.470049 0.685051 0.249935 1.000000 0.000003 0.000001 0.000720
-0.470050 0.685052 0.249913 1.000000 0.000002 -0.000001 0.000720
-0.470050 0.685053 0.249909 1.000000 0.000001 -0.000001 0.000721
-0.470050 0.685053 0.249935 1.000000 0.000001 -0.000001 0.000722
-0.470048 0.685055 0.249869 1.000000 -0.000004 0.000004 0.000725
-0.470049 0.685054 0.249877 1.000000 -0.000002 0.000001 0.000727
-0.470050 0.685052 0.249884 1.000000 0.000002 -0.000001 0.000730
-0.470052 0.685053 0.249852 1.000000 0.000001 -0.000004 0.000733
-0.470050 0.685054 0.249819 1.000000 -0.000002 0.000000 0.000738
-0.470048 0.685053 0.249806 1.000000 0.000001 0.000003 0.000739
-0.470051 0.685054 0.249812 1.000000 -0.000000 -0.000001 0.000740
-0.470049 0.685055 0.249834 1.000000 -0.000003 0.000002 0.000741
-0.470050 0.685054 0.249862 1.000000 -0.000001 0.000000 0.000742
-0.470050 0.685053 0.249886 1.000000 0.000002 -0.000000 0.000742
-0.470051 0.685053 0.249909 1.000000 0.000000 -0.000002 0.000742
-0.470049 0.685054 0.249923 1.000000 -0.000001 0.000001 0.000743
-0.470050 0.685056 0.249933 1.000000 -0.000004 0.000001 0.000743
-0.470050 0.685054 0.249932 1.000000 -0.000001 0.000001 0.000743
-0.470049 0.685055 0.249935 1.000000 -0.000002 0.000001 0.000743
-0.470050 0.685053 0.249932 1.000000 0.000002 -0.000000 0.000744
-0.470051 0.685053 0.249934 1.000000 0.000001 -0.000002 0.000744
-0.470051 0.685054 0.249936 1.000000 0.000001 -0.000001 0.000745
-0.470051 0.685053 0.249937 1.000000 0.000002 -0.000001 0.000745
-0.470051 0.685053 0.249935 1.000000 0.000002 -0.000001 0.000747
-0.470050 0.685053 0.249931 1.000000 0.000001 0.000001 0.000747
-0.470051 0.685054 0.249915 1.000000 -0.000001 -0.000002 0.000750
-0.470051 0.685054 0.249931 1.000000 0.000001 -0.000001 0.000750
-0.470051 0.685056 0.249917 1.000000 -0.000004 -0.000002 0.000751
-0.470049 0.685057 0.249889 1.000000 -0.000005 0.000002 0.000752
-0.470050 0.685052 0.249858 1.000000 0.000005 -0.000000 0.000753
-0.470049 0.685055 0.249849 1.000000 -0.000002 0.000003 0.000754
-0.470051 0.685053 0.249874 1.000000 0.000001 -0.000001 0.000755
-0.470050 0.685053 0.249917 1.000000 0.000002 0.000001 0.000756
-0.470051 0.685053 0.249916 1.000000 0.000001 -0.000001 0.000756
-0.470051 0.685054 0.249920 1.000000 0.000001 -0.000001 0.000757
-0.470050 0.685054 0.249934 1.000000 0.000001 0.000000 0.000758
-0.470051 0.685053 0.249937 1.000000 0.000002 -0.000001 0.000758
-0.470051 0.685054 0.249929 1.000000 0.000001 -0.000001 0.000759
-0.470051 0.685053 0.249934 1.000000 0.000003 -0.000002 0.000760
-0.470050 0.685053 0.249917 1.000000 0.000003 0.000000 0.000762
-0.470050 0.685055 0.249887 1.000000 -0.000002 0.000001 0.000765
-0.470050 0.685054 0.249923 1.000000 0.000000 0.000002 0.000768
-0.470052 0.685054 0.249905 1.000000 0.000001 -0.000002 0.000770
-0.470051 0.685054 0.249916 1.000000 0.000001 0.000000 0.000772
-0.470050 0.685055 0.249845 1.000000 -0.000001 0.000002 0.000774
-0.470052 0.685055 0.249936 1.000000 -0.000000 -0.000002 0.000776
-0.470052 0.685053 0.249879 1.000000 0.000005 -0.000002 0.000777
-0.470051 0.685055 0.249906 1.000000 -0.000000 -0.000001 0.000780
-0.470051 0.685053 0.249906 1.000000 0.000004 -0.000001 0.000782
-0.470050 0.685056 0.249875 1.000000 -0.000002 0.000001 0.000788
-0.470051 0.685056 0.249919 1.000000 -0.000001 -0.000001 0.000790
-0.470050 0.685056 0.249921 1.000000 -0.000002 0.000001 0.000790
-0.470052 0.685055 0.249906 1.000000 0.000001 -0.000003 0.000791
-0.470051 0.685055 0.249905 1.000000 0.000002 0.000000 0.000791
-0.470052 0.685055 0.249934 1.000000 0.000001 -0.000002 0.000792
-0.470051 0.685056 0.249949 1.000000 -0.000000 -0.000001 0.000792
-0.470051 0.685054 0.249938 1.000000 0.000002 0.000000 0.000793
-0.470051 0.685055 0.249922 1.000000 0.000000 0.000000 0.000793
-0.470052 0.685055 0.249925 1.000000 0.000000 -0.000001 0.000794
-0.470051 0.685055 0.249940 1.000000 0.000001 -0.000001 0.000794
-0.470051 0.685055 0.249949 1.000000 0.000001 -0.000000 0.000795
-0.470052 0.685056 0.249950 1.000000 -0.000002 -0.000001 0.000795
-0.470052 0.685054 0.249950 1.000000 0.000003 -0.000002 0.000795
-0.470051 0.685057 0.249940 1.000000 -0.000002 0.000000 0.000796
-0.470051 0.685057 0.249913 1.000000 -0.000003 -0.000001 0.000796
-0.470052 0.685054 0.249895 1.000000 0.000003 -0.000001 0.000797
-0.470052 0.685055 0.249881 1.000000 0.000001 -0.000001 0.000798
-0.470050 0.685054 0.249875 1.000000 0.000003 0.000002 0.000799
-0.470051 0.685055 0.249873 1.000000 0.000002 0.000000 0.000800
-0.470051 0.685056 0.249881 1.000000 0.000000 0.000000 0.000800
-0.470051 0.685055 0.249880 1.000000 0.000002 -0.000001 0.000801
-0.470051 0.685056 0.249867 1.000000 0.000000 -0.000000 0.000802
-0.470051 0.685055 0.249863 1.000000 0.000002 -0.000001 0.000802
-0.470052 0.685056 0.249872 1.000000 0.000000 -0.000002 0.000803
-0.470052 0.685056 0.249894 1.000000 -0.000001 -0.000002 0.000804
-0.470051 0.685056 0.249908 1.000000 0.000001 -0.000000 0.000804
-0.470051 0.685055 0.249912 1.000000 0.000001 0.000001 0.000805
-0.470053 0.685056 0.249904 1.000000 0.000000 -0.000003 0.000806
-0.470051 0.685057 0.249894 1.000000 -0.000001 -0.000000 0.000806
-0.470051 0.685052 0.249854 1.000000 0.000007 -0.000000 0.000807
-0.470052 0.685051 0.249778 1.000000 0.000010 -0.000000 0.000808
-0.470052 0.685056 0.249775 1.000000 0.000000 -0.000001 0.000809
-0.470055 0.685055 0.249802 1.000000 0.000001 -0.000006 0.000810
-0.470051 0.685056 0.249812 1.000000 -0.000001 0.000001 0.000811
-0.470051 0.685057 0.249827 1.000000 -0.000002 0.000001 0.000812
-0.470052 0.685055 0.249854 1.000000 0.000001 -0.000001 0.000813
-0.470052 0.685055 0.249868 1.000000 0.000002 -0.000001 0.000814
-0.470050 0.685056 0.249864 1.000000 0.000000 0.000003 0.000814
-0.470050 0.685057 0.249872 1.000000 -0.000002 0.000002 0.000815
-0.470052 0.685057 0.249883 1.000000 -0.000001 -0.000000 0.000815
-0.470053 0.685056 0.249893 1.000000 0.000001 -0.000004 0.000816
-0.470052 0.685053 0.249882 1.000000 0.000006 -0.000000 0.000816
-0.470053 0.685056 0.249866 1.000000 0.000001 -0.000003 0.000817
-0.470053 0.685059 0.249850 1.000000 -0.000007 -0.000003 0.000817
-0.470052 0.685056 0.249838 1.000000 0.000001 -0.000000 0.000818
-0.470053 0.685056 0.249847 1.000000 0.000001 -0.000002 0.000819
-0.470051 0.685056 0.249860 1.000000 0.000001 0.000001 0.000819
-0.470051 0.685058 0.249860 1.000000 -0.000003 0.000001 0.000820
-0.470053 0.685057 0.249852 1.000000 -0.000002 -0.000004 0.000821
-0.470052 0.685059 0.249805 1.000000 -0.000005 -0.000001 0.000823
-0.470051 0.685056 0.249886 1.000000 -0.000000 0.000002 0.000827
-0.470052 0.685057 0.249926 1.000000 -0.000002 -0.000001 0.000828
-0.470052 0.685055 0.249939 1.000000 0.000002 -0.000002 0.000828
-0.470052 0.685059 0.249939 1.000000 -0.000005 0.000000 0.000828
-0.470051 0.685055 0.249921 1.000000 0.000002 0.000002 0.000829
-0.470053 0.685057 0.249868 1.000000 -0.000001 -0.000002 0.000830
-0.470053 0.685056 0.249856 1.000000 0.000001 -0.000002 0.000831
-0.470052 0.685054 0.249862 1.000000 0.000005 -0.000001 0.000832
-0.470052 0.685056 0.249861 1.000000 0.000002 0.000000 0.000833
-0.470050 0.685056 0.249854 1.000000 0.000002 0.000003 0.000834
-0.470054 0.685056 0.249852 1.000000 0.000002 -0.000005 0.000836
-0.470051 0.685058 0.249849 1.000000 -0.000002 0.000001 0.000836
-0.470051 0.685058 0.249867 1.000000 -0.000003 0.000001 0.000837
-0.470053 0.685056 0.249891 1.000000 0.000002 -0.000002 0.000838
-0.470052 0.685056 0.249908 1.000000 0.000002 -0.000001 0.000838
-0.470052 0.685057 0.249923 1.000000 0.000000 0.000000 0.000838
-0.470052 0.685059 0.249929 1.000000 -0.000003 0.000000 0.000839
-0.470052 0.685054 0.249925 1.000000 0.000005 -0.000000 0.000839
-0.470053 0.685060 0.249909 1.000000 -0.000005 -0.000003 0.000840
-0.470050 0.685057 0.249889 1.000000 0.000001 0.000004 0.000841
-0.470052 0.685057 0.249865 1.000000 0.000000 -0.000000 0.000842
-0.470053 0.685056 0.249876 1.000000 0.000001 -0.000002 0.000843
-0.470052 0.685057 0.249893 1.000000 0.000001 0.000000 0.000843
-0.470052 0.685057 0.249898 1.000000 -0.000001 -0.000000 0.000844
-0.470054 0.685058 0.249888 1.000000 -0.000002 -0.000004 0.000845
-0.470053 0.685057 0.249872 1.000000 -0.000001 -0.000002 0.000845
-0.470052 0.685057 0.249864 1.000000 0.000001 -0.000001 0.000846
-0.470052 0.685056 0.249872 1.000000 0.000003 -0.000001 0.000847
-0.470053 0.685056 0.249914 1.000000 0.000002 -0.000002 0.000850
-0.470052 0.685056 0.249877 1.000000 0.000002 0.000001 0.000851
-0.470052 0.685056 0.249860 1.000000 0.000003 -0.000000 0.000852
-0.470053 0.685056 0.249894 1.000000 0.000003 -0.000001 0.000856
-0.470054 0.685057 0.249862 1.000000 0.000002 -0.000004 0.000859
-0.470055 0.685058 0.249795 1.000000 -0.000001 -0.000006 0.000861
-0.470055 0.685055 0.249796 1.000000 0.000005 -0.000005 0.000863
-0.470050 0.685059 0.249829 1.000000 -0.000003 0.000004 0.000867
-0.470054 0.685057 0.249841 1.000000 0.000002 -0.000003 0.000867
-0.470051 0.685058 0.249869 1.000000 -0.000000 0.000003 0.000868
-0.470053 0.685057 0.249885 1.000000 0.000002 -0.000000 0.000868
-0.470053 0.685057 0.249916 1.000000 0.000001 -0.000001 0.000869
-0.470054 0.685058 0.249932 1.000000 -0.000001 -0.000003 0.000869
-0.470053 0.685057 0.249940 1.000000 0.000002 -0.000002 0.000870
-0.470052 0.685056 0.249943 1.000000 0.000003 0.000000 0.000871
-0.470053 0.685058 0.249898 1.000000 -0.000001 -0.000001 0.000872
-0.470051 0.685058 0.249871 1.000000 -0.000001 0.000003 0.000873
-0.470053 0.685060 0.249840 1.000000 -0.000004 -0.000001 0.000874
-0.470052 0.685055 0.249831 1.000000 0.000006 0.000001 0.000874
-0.470055 0.685058 0.249825 1.000000 0.000001 -0.000006 0.000875
-0.470052 0.685061 0.249818 1.000000 -0.000005 0.000002 0.000876
-0.470053 0.685058 0.249823 1.000000 0.000001 -0.000001 0.000876
-0.470053 0.685055 0.249827 1.000000 0.000006 -0.000001 0.000877
-0.470053 0.685058 0.249847 1.000000 0.000000 -0.000000 0.000878
-0.470052 0.685058 0.249861 1.000000 0.000001 0.000002 0.000879
-0.470052 0.685057 0.249855 1.000000 0.000002 0.000000 0.000880
-0.470053 0.685057 0.249861 1.000000 0.000002 -0.000002 0.000881
-0.470052 0.685059 0.249875 1.000000 -0.000002 0.000002 0.000882
-0.470053 0.685059 0.249882 1.000000 -0.000001 0.000000 0.000882
-0.470052 0.685058 0.249922 1.000000 0.000001 0.000001 0.000883
-0.470053 0.685059 0.249937 1.000000 -0.000002 0.000000 0.000883
-0.470053 0.685058 0.249958 1.000000 -0.000000 -0.000000 0.000883
-0.470052 0.685058 0.249961 1.000000 -0.000000 0.000001 0.000884
-0.470053 0.685059 0.249962 1.000000 -0.000002 0.000000 0.000884
-0.470053 0.685057 0.249962 1.000000 0.000002 -0.000001 0.000884
-0.470054 0.685058 0.249957 1.000000 0.000002 -0.000002 0.000884
-0.470053 0.685058 0.249944 1.000000 0.000001 0.000001 0.000885
-0.470052 0.685060 0.249924 1.000000 -0.000004 0.000001 0.000885
-0.470055 0.685057 0.249910 1.000000 0.000003 -0.000003 0.000886
-0.470052 0.685059 0.249906 1.000000 -0.000001 0.000002 0.000887
-0.470053 0.685060 0.249906 1.000000 -0.000004 -0.000000 0.000887
-0.470052 0.685056 0.249872 1.000000 0.000004 0.000001 0.000889
-0.470057 0.685057 0.249849 1.000000 0.000003 -0.000007 0.000890
-0.470055 0.685058 0.249797 1.000000 0.000001 -0.000004 0.000891
-0.470052 0.685056 0.249781 1.000000 0.000006 0.000001 0.000891
-0.470054 0.685057 0.249763 1.000000 0.000004 -0.000001 0.000892
-0.470053 0.685058 0.249760 1.000000 0.000001 -0.000001 0.000892
-0.470053 0.685055 0.249759 1.000000 0.000007 -0.000000 0.000893
-0.470052 0.685055 0.249758 1.000000 0.000008 0.000001 0.000893
-0.470050 0.685059 0.249768 1.000000 0.000000 0.000006 0.000895
-0.470055 0.685061 0.249769 1.000000 -0.000005 -0.000003 0.000895
-0.470054 0.685058 0.249800 1.000000 0.000001 -0.000003 0.000896
-0.470054 0.685059 0.249820 1.000000 -0.000000 -0.000001 0.000897
-0.470053 0.685057 0.249839 1.000000 0.000003 -0.000000 0.000898
-0.470053 0.685057 0.249850 1.000000 0.000004 0.000001 0.000899
-0.470052 0.685060 0.249841 1.000000 -0.000003 0.000002 0.000900
-0.470054 0.685059 0.249852 1.000000 -0.000001 -0.000002 0.000900
-0.470053 0.685059 0.249882 1.000000 -0.000001 0.000001 0.000901
-0.470053 0.685058 0.249899 1.000000 0.000001 0.000001 0.000901
-0.470054 0.685058 0.249875 1.000000 0.000001 -0.000001 0.000902
-0.470054 0.685059 0.249859 1.000000 0.000000 -0.000001 0.000903
-0.470054 0.685060 0.249863 1.000000 -0.000002 -0.000003 0.000904
-0.470053 0.685060 0.249866 1.000000 -0.000002 0.000000 0.000905
-0.470053 0.685058 0.249901 1.000000 0.000003 -0.000001 0.000906
-0.470054 0.685059 0.249917 1.000000 -0.000000 -0.000001 0.000907
-0.470054 0.685059 0.249929 1.000000 -0.000000 -0.000001 0.000908
-0.470053 0.685056 0.249920 1.000000 0.000006 -0.000000 0.000908
-0.470051 0.685060 0.249882 1.000000 -0.000002 0.000005 0.000909
-0.470055 0.685058 0.249874 1.000000 0.000003 -0.000003 0.000910
-0.470053 0.685058 0.249895 1.000000 0.000001 0.000000 0.000911
-0.470053 0.685060 0.249892 1.000000 -0.000003 0.000001 0.000912
-0.470055 0.685058 0.249886 1.000000 0.000002 -0.000002 0.000914
-0.470053 0.685058 0.249882 1.000000 0.000002 0.000001 0.000917
-0.470053 0.685058 0.249901 1.000000 0.000002 0.000000 0.000920
-0.470053 0.685059 0.249920 1.000000 0.000001 0.000000 0.000922
-0.470053 0.685060 0.249891 1.000000 -0.000000 0.000000 0.000924
-0.470055 0.685060 0.249898 1.000000 -0.000000 -0.000003 0.000925
-0.470054 0.685058 0.249904 1.000000 0.000003 -0.000000 0.000926
-0.470052 0.685059 0.249901 1.000000 0.000001 0.000003 0.000927
-0.470053 0.685060 0.249859 1.000000 -0.000002 0.000001 0.000928
-0.470053 0.685058 0.249853 1.000000 0.000003 0.000001 0.000929
-0.470053 0.685060 0.249872 1.000000 -0.000001 0.000002 0.000930
-0.470055 0.685061 0.249879 1.000000 -0.000003 -0.000002 0.000931
-0.470054 0.685061 0.249866 1.000000 -0.000003 -0.000000 0.000932
-0.470054 0.685060 0.249871 1.000000 -0.000000 -0.000000 0.000933
-0.470054 0.685062 0.249862 1.000000 -0.000005 -0.000001 0.000934
-0.470051 0.685058 0.249836 1.000000 0.000004 0.000004 0.000935
-0.470054 0.685060 0.249826 1.000000 0.000000 -0.000002 0.000936
-0.470054 0.685060 0.249853 1.000000 -0.000001 -0.000001 0.000937
-0.470054 0.685059 0.249879 1.000000 0.000003 -0.000001 0.000938
-0.470054 0.685059 0.249891 1.000000 0.000003 -0.000002 0.000939
-0.470054 0.685060 0.249899 1.000000 -0.000000 -0.000002 0.000940
-0.470055 0.685059 0.249912 1.000000 0.000002 -0.000003 0.000940
-0.470054 0.685058 0.249912 1.000000 0.000003 -0.000001 0.000941
-0.470052 0.685061 0.249907 1.000000 -0.000002 0.000002 0.000941
-0.470054 0.685062 0.249888 1.000000 -0.000003 -0.000002 0.000942
-0.470053 0.685057 0.249868 1.000000 0.000006 0.000002 0.000943
-0.470055 0.685059 0.249847 1.000000 0.000002 -0.000004 0.000944
-0.470054 0.685061 0.249837 1.000000 -0.000002 -0.000001 0.000944
-0.470053 0.685062 0.249854 1.000000 -0.000003 0.000001 0.000945
-0.470053 0.685060 0.249874 1.000000 0.000001 0.000000 0.000945
-0.470055 0.685059 0.249890 1.000000 0.000002 -0.000002 0.000946
-0.470055 0.685061 0.249885 1.000000 -0.000002 -0.000002 0.000947
-0.470052 0.685059 0.249874 1.000000 0.000002 0.000003 0.000947
-0.470055 0.685063 0.249825 1.000000 -0.000004 -0.000003 0.000948
-0.470053 0.685058 0.249804 1.000000 0.000006 0.000001 0.000948
-0.470055 0.685061 0.249798 1.000000 -0.000001 -0.000003 0.000951
-0.470054 0.685058 0.249828 1.000000 0.000005 -0.000000 0.000954
-0.470054 0.685059 0.249834 1.000000 0.000003 0.000000 0.000957
-0.470056 0.685062 0.249780 1.000000 -0.000003 -0.000003 0.000958
-0.470054 0.685060 0.249811 1.000000 0.000002 -0.000000 0.000960
-0.470053 0.685062 0.249868 1.000000 -0.000003 0.000003 0.000962
-0.470055 0.685061 0.249882 1.000000 0.000001 -0.000000 0.000964
-0.470056 0.685059 0.249828 1.000000 0.000004 -0.000002 0.000967
-0.470054 0.685061 0.249909 1.000000 -0.000001 0.000001 0.000971
-0.470055 0.685062 0.249943 1.000000 -0.000001 -0.000001 0.000971
-0.470055 0.685060 0.249889 1.000000 0.000003 -0.000001 0.000974
-0.470056 0.685063 0.249884 1.000000 -0.000002 -0.000002 0.000976
-0.470056 0.685062 0.249909 1.000000 -0.000001 -0.000002 0.000979
-0.470056 0.685061 0.249943 1.000000 0.000001 -0.000002 0.000981
-0.470054 0.685061 0.249895 1.000000 0.000001 0.000002 0.000984
-0.470055 0.685062 0.249883 1.000000 0.000000 0.000000 0.000987
-0.470058 0.685058 0.249810 1.000000 0.000008 -0.000006 0.000990
-0.470057 0.685064 0.249787 1.000000 -0.000005 -0.000004 0.000992
-0.470056 0.685066 0.249771 1.000000 -0.000009 -0.000002 0.000993
-0.470054 0.685063 0.249799 1.000000 -0.000002 0.000003 0.000996
-0.470054 0.685063 0.249852 0.999999 -0.000003 0.000003 0.001000
-0.470056 0.685061 0.249918 0.999999 0.000002 -0.000001 0.001003
-0.470055 0.685062 0.249858 0.999999 -0.000000 0.000002 0.001006
-0.470057 0.685064 0.249804 0.999999 -0.000004 -0.000002 0.001008
-0.470054 0.685062 0.249821 0.999999 0.000001 0.000003 0.001011
-0.470056 0.685061 0.249854 0.999999 0.000002 -0.000000 0.001014
-0.470057 0.685064 0.249833 0.999999 -0.000003 -0.000002 0.001018
-0.470055 0.685063 0.249865 0.999999 0.000000 0.000002 0.001021
-0.470056 0.685061 0.249901 0.999999 0.000003 -0.000001 0.001025
-0.470056 0.685061 0.249922 0.999999 0.000003 -0.000001 0.001027
-0.470057 0.685061 0.249892 0.999999 0.000004 -0.000002 0.001031
-0.470056 0.685063 0.249880 0.999999 -0.000000 -0.000000 0.001033
-0.470054 0.685063 0.249897 0.999999 -0.000001 0.000003 0.001037
-0.470055 0.685061 0.249862 0.999999 0.000004 0.000001 0.001040
-0.470055 0.685063 0.249856 0.999999 0.000000 0.000000 0.001041
-0.470055 0.685064 0.249872 0.999999 -0.000001 0.000002 0.001041
-0.470056 0.685064 0.249884 0.999999 -0.000000 -0.000001 0.001041
-0.470057 0.685063 0.249890 0.999999 -0.000000 -0.000002 0.001042
-0.470055 0.685064 0.249901 0.999999 -0.000001 0.000002 0.001043
-0.470055 0.685063 0.249894 0.999999 -0.000000 0.000001 0.001044
-0.470057 0.685063 0.249902 0.999999 0.000001 -0.000002 0.001044
-0.470056 0.685064 0.249920 0.999999 -0.000001 -0.000001 0.001044
-0.470056 0.685062 0.249928 0.999999 0.000003 -0.000000 0.001046
-0.470056 0.685065 0.249918 0.999999 -0.000002 -0.000000 0.001046
-0.470056 0.685063 0.249922 0.999999 0.000001 -0.000001 0.001048
-0.470056 0.685063 0.249932 0.999999 0.000001 -0.000000 0.001048
-0.470056 0.685064 0.249915 0.999999 -0.000001 -0.000000 0.001049
-0.470055 0.685065 0.249902 0.999999 -0.000003 0.000002 0.001049
-0.470057 0.685063 0.249890 0.999999 0.000001 -0.000002 0.001050
-0.470057 0.685063 0.249896 0.999999 0.000001 -0.000002 0.001050
-0.470056 0.685063 0.249914 0.999999 0.000002 -0.000001 0.001051
-0.470057 0.685064 0.249927 0.999999 -0.000000 -0.000002 0.001051
-0.470058 0.685063 0.249920 0.999999 0.000002 -0.000003 0.001053
-0.470057 0.685062 0.249915 0.999999 0.000003 -0.000002 0.001053
-0.470056 0.685063 0.249917 0.999999 0.000001 0.000000 0.001054
-0.470056 0.685064 0.249919 0.999999 -0.000001 -0.000000 0.001055
-0.470055 0.685063 0.249914 0.999999 0.000001 0.000001 0.001056
-0.470056 0.685063 0.249898 0.999999 0.000002 -0.000000 0.001057
-0.470057 0.685062 0.249860 0.999999 0.000004 -0.000001 0.001058
-0.470056 0.685065 0.249861 0.999999 -0.000002 -0.000000 0.001059
-0.470057 0.685063 0.249885 0.999999 0.000002 -0.000002 0.001060
-0.470057 0.685064 0.249897 0.999999 -0.000001 -0.000001 0.001060
-0.470057 0.685064 0.249869 0.999999 -0.000001 -0.000002 0.001061
-0.470058 0.685064 0.249780 0.999999 -0.000000 -0.000003 0.001063
-0.470055 0.685065 0.249829 0.999999 -0.000001 0.000001 0.001068
-0.470058 0.685065 0.249838 0.999999 -0.000002 -0.000004 0.001070
-0.470057 0.685065 0.249903 0.999999 -0.000001 -0.000002 0.001072
-0.470056 0.685064 0.249907 0.999999 0.000001 0.000000 0.001074
-0.470056 0.685061 0.249792 0.999999 0.000007 0.000001 0.001076
-0.470054 0.685065 0.249799 0.999999 -0.000001 0.000005 0.001080
-0.470055 0.685066 0.249831 0.999999 -0.000001 0.000003 0.001082
-0.470056 0.685065 0.249935 0.999999 -0.000001 0.000001 0.001084
-0.470056 0.685066 0.249948 0.999999 -0.000001 0.000001 0.001086
-0.470058 0.685068 0.249912 0.999999 -0.000005 -0.000002 0.001088
-0.470060 0.685066 0.249811 0.999999 -0.000001 -0.000006 0.001092
-0.470056 0.685068 0.249764 0.999999 -0.000006 0.000002 0.001093
-0.470057 0.685065 0.249873 0.999999 0.000002 -0.000002 0.001096
-0.470057 0.685065 0.249954 0.999999 0.000001 -0.000001 0.001097
-0.470057 0.685067 0.249891 0.999999 -0.000004 0.000000 0.001099
-0.470057 0.685066 0.249814 0.999999 -0.000001 0.000001 0.001102
-0.470054 0.685068 0.249816 0.999999 -0.000005 0.000005 0.001105
-0.470056 0.685068 0.249828 0.999999 -0.000004 0.000003 0.001106
-0.470058 0.685064 0.249846 0.999999 0.000003 -0.000001 0.001110
-0.470057 0.685065 0.249898 0.999999 0.000002 -0.000000 0.001112
-0.470057 0.685066 0.249905 0.999999 0.000000 0.000001 0.001113
-0.470057 0.685065 0.249935 0.999999 0.000001 0.000000 0.001114
-0.470058 0.685066 0.249944 0.999999 -0.000001 -0.000001 0.001114
-0.470058 0.685065 0.249949 0.999999 0.000001 -0.000002 0.001115
-0.470058 0.685065 0.249955 0.999999 0.000001 -0.000001 0.001115
-0.470058 0.685066 0.249964 0.999999 -0.000001 -0.000002 0.001116
-0.470058 0.685067 0.249954 0.999999 -0.000003 -0.000002 0.001116
-0.470056 0.685065 0.249911 0.999999 0.000002 0.000002 0.001118
-0.470056 0.685066 0.249892 0.999999 -0.000001 0.000002 0.001119
-0.470057 0.685065 0.249907 0.999999 0.000002 0.000001 0.001120
-0.470059 0.685065 0.249916 0.999999 0.000002 -0.000003 0.001120
-0.470057 0.685065 0.249925 0.999999 0.000002 0.000001 0.001121
-0.470058 0.685067 0.249878 0.999999 -0.000003 -0.000001 0.001122
-0.470056 0.685063 0.249854 0.999999 0.000006 0.000002 0.001122
-0.470057 0.685061 0.249815 0.999999 0.000010 0.000001 0.001124
-0.470061 0.685064 0.249795 0.999999 0.000005 -0.000006 0.001124
-0.470056 0.685061 0.249771 0.999999 0.000010 0.000004 0.001125
-0.470059 0.685062 0.249761 0.999999 0.000008 -0.000003 0.001125
-0.470060 0.685067 0.249747 0.999999 -0.000002 -0.000004 0.001126
-0.470061 0.685069 0.249746 0.999999 -0.000005 -0.000006 0.001126
-0.470053 0.685064 0.249741 0.999999 0.000004 0.000009 0.001126
-0.470054 0.685067 0.249742 0.999999 -0.000001 0.000007 0.001126
-0.470055 0.685068 0.249752 0.999999 -0.000004 0.000005 0.001127
-0.470059 0.685067 0.249762 0.999999 -0.000001 -0.000002 0.001128
-0.470055 0.685066 0.249795 0.999999 -0.000000 0.000004 0.001130
-0.470058 0.685066 0.249816 0.999999 0.000000 -0.000001 0.001131
-0.470056 0.685066 0.249853 0.999999 -0.000000 0.000003 0.001133
-0.470058 0.685067 0.249875 0.999999 -0.000003 -0.000001 0.001133
-0.470059 0.685065 0.249894 0.999999 0.000002 -0.000002 0.001134
-0.470059 0.685066 0.249903 0.999999 0.000000 -0.000002 0.001134
-0.470059 0.685066 0.249925 0.999999 0.000001 -0.000002 0.001135
-0.470059 0.685065 0.249940 0.999999 0.000002 -0.000002 0.001136
-0.470059 0.685066 0.249954 0.999999 0.000000 -0.000001 0.001136
-0.470058 0.685065 0.249948 0.999999 0.000002 -0.000001 0.001137
-0.470058 0.685068 0.249907 0.999999 -0.000003 -0.000000 0.001138
-0.470060 0.685065 0.249881 0.999999 0.000003 -0.000004 0.001139
-0.470058 0.685066 0.249870 0.999999 0.000001 -0.000000 0.001139
-0.470057 0.685068 0.249891 0.999999 -0.000002 0.000001 0.001140
-0.470057 0.685065 0.249891 0.999999 0.000003 0.000002 0.001141
-0.470061 0.685063 0.249868 0.999999 0.000007 -0.000007 0.001141
-0.470063 0.685067 0.249808 0.999999 -0.000000 -0.000009 0.001142
-0.470057 0.685066 0.249784 0.999999 0.000001 0.000001 0.001142
-0.470061 0.685065 0.249767 0.999999 0.000004 -0.000006 0.001144
-0.470062 0.685065 0.249772 0.999999 0.000004 -0.000008 0.001144
-0.470058 0.685064 0.249819 0.999999 0.000006 -0.000001 0.001147
-0.470059 0.685068 0.249833 0.999999 -0.000003 -0.000001 0.001148
-0.470055 0.685069 0.249783 0.999999 -0.000004 0.000006 0.001150
-0.470060 0.685065 0.249826 0.999999 0.000003 -0.000003 0.001154
-0.470059 0.685066 0.249913 0.999999 0.000001 -0.000001 0.001157
