-0.080764 0.885867 0.407045
-0.080404 0.885908 0.407066
-0.079461 0.885705 0.407163
-0.079049 0.885704 0.407195
-0.078248 0.885506 0.407280
-0.080044 0.884193 0.407380
-0.079797 0.883922 0.407465
-0.079112 0.883345 0.407641
-0.080341 0.880994 0.408024
-0.079799 0.880610 0.408151
-0.077379 0.878697 0.408690
-0.076645 0.878398 0.408792
-0.074114 0.876700 0.409224
-0.074681 0.875955 0.409293
-0.074843 0.875294 0.409386
-0.073650 0.873086 0.409830
-0.074714 0.870644 0.410157
-0.074029 0.868773 0.410518
-0.075110 0.866127 0.410870
-0.074379 0.864114 0.411235
-0.074342 0.863538 0.411332
-0.076154 0.860906 0.411651
-0.075728 0.858987 0.411976
-0.075759 0.858449 0.412062
-0.077440 0.856617 0.412253
-0.076842 0.853117 0.412809
-0.074916 0.850467 0.413214
-0.074507 0.849776 0.413307
-0.074793 0.848701 0.413457
-0.074686 0.848167 0.413531
-0.075326 0.847369 0.413646
-0.075295 0.846766 0.413733
-0.076092 0.846200 0.413815
-0.076186 0.845862 0.413861
-0.077141 0.845372 0.413927
-0.077283 0.845066 0.413968
-0.078305 0.844627 0.414024
-0.078412 0.844478 0.414043
-0.079397 0.843823 0.414071
-0.082085 0.842115 0.414239
-0.082193 0.841252 0.414368
-0.082836 0.840623 0.414452
-0.082878 0.839817 0.414566
-0.083598 0.839376 0.414617
-0.083801 0.838868 0.414682
-0.085039 0.837343 0.414872
-0.084973 0.837315 0.414826
-0.084573 0.836879 0.414776
-0.085264 0.832758 0.415274
-0.085113 0.832761 0.415271
-0.084970 0.832708 0.415272
-0.084710 0.832664 0.415278
-0.084498 0.832564 0.415289
-0.084772 0.828010 0.415790
-0.083921 0.827792 0.415815
-0.083837 0.827691 0.415828
-0.083612 0.827601 0.415843
-0.084316 0.826967 0.415870
-0.084991 0.826355 0.415909
-0.085194 0.825876 0.415950
-0.086129 0.824927 0.416005
-0.086907 0.824047 0.416070
-0.086895 0.822293 0.416243
-0.086662 0.821823 0.416296
-0.085862 0.821036 0.416383
-0.085485 0.820647 0.416427
-0.084108 0.819706 0.416536
-0.083764 0.819363 0.416574
-0.082570 0.818492 0.416662
-0.082264 0.818175 0.416693
-0.081446 0.817605 0.416747
-0.082064 0.816797 0.416796
-0.082649 0.816008 0.416854
-0.082740 0.815377 0.416906
-0.083542 0.814305 0.416980
-0.084208 0.813323 0.417058
-0.084329 0.812539 0.417122
-0.085164 0.811305 0.417207
-0.085828 0.810179 0.417294
-0.085915 0.809277 0.417364
-0.086660 0.807962 0.417461
-0.087256 0.806731 0.417555
-0.087292 0.805743 0.417624
-0.088038 0.804304 0.417723
-0.088601 0.802976 0.417819
-0.087903 0.800224 0.417983
-0.087507 0.799463 0.418019
-0.085977 0.797684 0.418069
-0.085513 0.797123 0.418092
-0.084380 0.796181 0.418116
-0.083502 0.795304 0.418147
-0.082577 0.794637 0.418151
-0.081907 0.794020 0.418154
-0.080879 0.793363 0.418128
-0.080656 0.793118 0.418127
-0.080005 0.792738 0.418108
-0.079549 0.792325 0.418101
-0.078939 0.791999 0.418080
-0.078409 0.791414 0.418066
-0.078127 0.791294 0.418058
-0.077683 0.790967 0.418044
-0.077109 0.790719 0.418020
-0.076728 0.790382 0.418009
-0.076004 0.790017 0.417975
-0.075851 0.789859 0.417972
-0.075327 0.789599 0.417948
-0.075141 0.789414 0.417942
-0.074364 0.788990 0.417906
-0.075172 0.788321 0.417960
-0.075949 0.787680 0.418019
-0.076274 0.786571 0.418054
-0.076223 0.786281 0.418052
-0.075392 0.785546 0.417989
-0.075267 0.785355 0.417979
-0.074747 0.785049 0.417942
-0.074562 0.784859 0.417928
-0.073780 0.784418 0.417870
-0.073631 0.784223 0.417858
-0.073098 0.783916 0.417822
-0.072899 0.783714 0.417810
-0.072595 0.783538 0.417791
-0.073296 0.782816 0.417842
-0.073998 0.782135 0.417900
-0.074229 0.781637 0.417923
-0.075240 0.780689 0.418001
-0.076120 0.779840 0.418074
-0.076443 0.779219 0.418102
-0.077500 0.778167 0.418185
-0.078395 0.777249 0.418258
-0.078721 0.776579 0.418284
-0.078794 0.776014 0.418283
-0.078391 0.775198 0.418226
-0.078175 0.774816 0.418195
-0.077240 0.773990 0.418074
-0.077007 0.773718 0.418047
-0.077789 0.772904 0.418113
-0.078391 0.772223 0.418169
-0.078666 0.771653 0.418190
-0.079744 0.770645 0.418290
-0.080687 0.769744 0.418379
-0.081193 0.768591 0.418406
-0.081210 0.768132 0.418393
-0.080594 0.767251 0.418288
-0.080431 0.766981 0.418260
-0.079868 0.766577 0.418184
-0.079456 0.766118 0.418129
-0.078876 0.765816 0.418060
-0.078667 0.765616 0.418037
-0.078101 0.765259 0.417972
-0.077881 0.765036 0.417949
-0.077067 0.764546 0.417861
-0.076893 0.764333 0.417845
-0.076146 0.763838 0.417772
-0.075996 0.763626 0.417759
-0.075494 0.763291 0.417711
-0.075308 0.763090 0.417696
-0.074753 0.762745 0.417644
-0.074554 0.762522 0.417627
-0.073995 0.762170 0.417576
-0.073626 0.761749 0.417545
-0.072907 0.761318 0.417476
-0.072766 0.761131 0.417466
-0.072273 0.760816 0.417419
-0.071957 0.760411 0.417389
-0.071461 0.760129 0.417342
-0.071292 0.759928 0.417326
-0.070591 0.759485 0.417255
-0.070450 0.759279 0.417243
-0.069947 0.758942 0.417194
-0.069764 0.758733 0.417177
-0.069222 0.758411 0.417125
-0.068891 0.758003 0.417094
-0.068627 0.757845 0.417068
-0.069387 0.757139 0.417155
-0.070149 0.756462 0.417247
-0.070450 0.755979 0.417284
-0.070556 0.755539 0.417295
-0.070266 0.754905 0.417253
-0.070119 0.754605 0.417230
-0.069400 0.753943 0.417124
-0.069242 0.753685 0.417100
-0.068714 0.753286 0.417029
-0.068522 0.753053 0.417005
-0.067759 0.752508 0.416907
-0.067606 0.752284 0.416888
-0.066918 0.751774 0.416803
-0.066782 0.751565 0.416787
-0.066300 0.751228 0.416731
-0.066131 0.751001 0.416711
-0.065418 0.750479 0.416628
-0.065276 0.750269 0.416612
-0.066172 0.749522 0.416718
-0.066878 0.748913 0.416807
-0.067250 0.748392 0.416852
-0.069464 0.746657 0.417117
-0.070082 0.746038 0.417184
-0.072555 0.744196 0.417475
-0.073245 0.743555 0.417546
-0.074111 0.742678 0.417614
-0.074395 0.742000 0.417611
-0.074694 0.741353 0.417604
-0.074624 0.740664 0.417563
-0.074451 0.740013 0.417530
-0.074403 0.739817 0.417526
-0.074543 0.739468 0.417549
-0.074579 0.739273 0.417559
-0.074819 0.738937 0.417602
-0.074891 0.738737 0.417618
-0.075242 0.738274 0.417686
-0.075270 0.737720 0.417722
-0.075160 0.737141 0.417736
-0.075243 0.737030 0.417753
-0.075391 0.736440 0.417812
-0.075276 0.735855 0.417830
-0.075099 0.735231 0.417840
-0.074860 0.734488 0.417848
-0.075825 0.733822 0.417986
-0.077276 0.732682 0.418206
-0.078606 0.731737 0.418394
-0.081071 0.729114 0.418732
-0.081154 0.728810 0.418726
-0.081427 0.728303 0.418734
-0.081489 0.727845 0.418729
-0.081683 0.727496 0.418747
-0.081677 0.726735 0.418746
-0.081550 0.726187 0.418735
-0.081289 0.725379 0.418723
-0.081124 0.724825 0.418722
-0.080899 0.724155 0.418724
-0.080742 0.723559 0.418731
-0.080522 0.722792 0.418738
-0.080429 0.722470 0.418743
-0.080256 0.722339 0.418728
-0.079969 0.721947 0.418705
-0.079732 0.721771 0.418681
-0.080512 0.721019 0.418808
-0.081301 0.720280 0.418939
-0.081774 0.719299 0.419023
-0.081833 0.718866 0.419033
-0.081416 0.717926 0.418967
-0.081290 0.717615 0.418950
-0.080802 0.717096 0.418886
-0.080215 0.716006 0.418814
-0.079725 0.714886 0.418776
-0.079459 0.714102 0.418768
-0.079225 0.713323 0.418764
-0.079008 0.712554 0.418765
-0.078916 0.712116 0.418770
-0.079062 0.711847 0.417967
-0.079230 0.711279 0.416892
-0.079553 0.710732 0.414985
-0.079627 0.710470 0.414452
-0.079980 0.709871 0.412421
-0.080050 0.709596 0.411854
-0.080437 0.708775 0.409205
-0.080466 0.708537 0.408827
-0.080743 0.707972 0.406951
-0.080840 0.707478 0.406068
-0.081032 0.707145 0.405709
-0.081091 0.706953 0.405611
-0.081347 0.706638 0.405518
-0.081431 0.705969 0.405389
-0.081283 0.705331 0.405292
-0.081260 0.705162 0.405275
-0.081158 0.704871 0.405159
-0.081113 0.704668 0.405118
-0.081046 0.704472 0.405038
-0.081974 0.703714 0.405073
-0.082851 0.702991 0.405126
-0.083367 0.702458 0.405099
-0.083822 0.701623 0.405013
-0.083872 0.701319 0.404922
-0.083843 0.700698 0.404771
-0.083776 0.700472 0.404667
-0.083555 0.699765 0.404448
-0.083460 0.699590 0.404354
-0.083296 0.699143 0.404210
-0.083190 0.698953 0.404111
-0.082921 0.698294 0.403912
-0.082820 0.698136 0.403825
-0.082658 0.697698 0.403692
-0.082545 0.697525 0.403599
-0.082361 0.697062 0.403461
-0.082263 0.696858 0.403367
-0.082021 0.696133 0.403183
-0.081917 0.695953 0.403099
-0.082811 0.695219 0.403132
-0.083668 0.694506 0.403188
-0.085182 0.693377 0.403316
-0.086429 0.692388 0.403428
-0.087173 0.691677 0.403433
-0.087850 0.690576 0.403362
-0.087943 0.690202 0.403268
-0.087826 0.689053 0.402964
-0.087518 0.688147 0.402769
-0.087180 0.687230 0.402617
-0.086933 0.686529 0.402540
-0.086684 0.685695 0.402479
-0.086505 0.685062 0.402450
-0.086342 0.684395 0.402434
-0.086148 0.683589 0.402424
-0.085996 0.682885 0.402424
-0.085830 0.682168 0.402428
-0.085794 0.681950 0.402431
-0.085917 0.681566 0.402477
-0.085936 0.680828 0.402531
-0.085898 0.680427 0.402550
-0.085974 0.680240 0.402576
-0.086093 0.679784 0.402626
-0.086214 0.679588 0.402663
-0.086413 0.678784 0.402770
-0.086347 0.678092 0.402829
-0.086320 0.677896 0.402842
-0.086470 0.677535 0.402903
-0.086521 0.677306 0.402928
-0.086810 0.676782 0.403037
-0.086860 0.676584 0.403063
-0.087096 0.676258 0.403144
-0.087173 0.676039 0.403175
-0.087442 0.675657 0.403260
-0.087520 0.675431 0.403294
-0.087795 0.675037 0.403383
-0.087870 0.674812 0.403418
-0.088131 0.674448 0.403510
-0.088206 0.674230 0.403547
-0.088473 0.673867 0.403641
-0.088563 0.673641 0.403679
-0.088854 0.673249 0.403776
-0.088947 0.673023 0.403815
-0.089147 0.672699 0.403057
-0.089389 0.672424 0.402455
-0.089763 0.671737 0.401627
-0.089803 0.671250 0.401536
-0.089765 0.671130 0.401483
-0.089659 0.670631 0.401404
-0.089606 0.670509 0.401349
-0.089525 0.670115 0.401274
-0.089465 0.669948 0.401207
-0.089364 0.669497 0.401116
-0.089283 0.669326 0.401044
-0.089069 0.668692 0.400911
-0.088982 0.668542 0.400843
-0.089883 0.667811 0.400891
-0.090739 0.667108 0.400960
-0.091244 0.666594 0.400947
-0.092511 0.665624 0.401026
-0.093606 0.664732 0.401108
-0.094641 0.663611 0.401061
-0.094868 0.663175 0.401016
-0.094985 0.662549 0.400834
-0.094977 0.662234 0.400760
-0.094735 0.661594 0.400471
-0.094451 0.660814 0.400260
-0.094186 0.660091 0.400136
-0.093881 0.659199 0.400043
-0.093702 0.658594 0.400003
-0.093538 0.657940 0.399980
-0.093339 0.657093 0.399968
-0.093141 0.656397 0.399965
-0.093119 0.656214 0.399966
-0.093259 0.655881 0.400010
-0.093310 0.655657 0.400028
-0.093534 0.655287 0.400094
-0.093637 0.654883 0.400141
-0.093747 0.654722 0.400178
-0.094812 0.653984 0.400328
-0.095792 0.653259 0.400479
-0.096513 0.652725 0.400594
-0.097957 0.651728 0.400792
-0.099165 0.650840 0.400967
-0.100577 0.649770 0.401168
-0.101349 0.648450 0.401198
-0.101260 0.647796 0.401131
-0.101136 0.647246 0.401089
-0.101021 0.646680 0.401067
-0.100960 0.646328 0.401061
-0.100903 0.646187 0.401013
-0.100812 0.645754 0.400945
-0.100739 0.645583 0.400879
-0.100640 0.645096 0.400789
-0.100554 0.644907 0.400715
-0.100408 0.644437 0.400612
-0.100310 0.644258 0.400533
-0.100226 0.643997 0.400468
-0.101105 0.643133 0.400548
-0.101904 0.642393 0.400601
-0.103337 0.641255 0.400745
-0.106038 0.638471 0.400939
-0.106159 0.637478 0.400761
-0.105999 0.636900 0.400636
-0.106083 0.636665 0.399819
-0.106174 0.636204 0.398707
-0.106390 0.635658 0.396790
-0.106472 0.635211 0.395890
-0.106653 0.634731 0.394066
-0.106625 0.634130 0.392717
-0.106507 0.633725 0.392509
-0.106360 0.633160 0.392409
-0.106071 0.632401 0.392301
-0.105931 0.631757 0.392243
-0.105752 0.631147 0.392200
-0.105488 0.630508 0.392155
-0.105436 0.630126 0.392145
-0.105489 0.629951 0.392161
-0.105586 0.629489 0.392195
-0.105684 0.629309 0.392228
-0.105838 0.628870 0.392286
-0.105969 0.628666 0.392329
-0.106996 0.627882 0.392477
-0.107933 0.627131 0.392628
-0.108621 0.626573 0.392745
-0.109632 0.625383 0.392917
-0.109742 0.624653 0.392924
-0.109615 0.623828 0.392908
-0.109397 0.623005 0.392896
-0.109286 0.622404 0.392900
-0.109181 0.621742 0.392915
-0.109075 0.620953 0.392938
-0.108931 0.620109 0.392973
-0.108804 0.619481 0.393000
-0.108658 0.618652 0.393037
-0.108554 0.617994 0.393071
-0.108479 0.617264 0.393111
-0.108390 0.616504 0.393155
-0.108258 0.615680 0.393211
-0.108172 0.615004 0.393253
-0.108082 0.614262 0.393294
-0.107988 0.613513 0.393340
-0.107883 0.612652 0.393401
-0.107769 0.611865 0.393459
-0.107723 0.611310 0.393494
-0.107785 0.611168 0.393526
-0.107860 0.610950 0.393560
-0.108103 0.610583 0.393655
-0.108188 0.610353 0.393694
-0.108439 0.609974 0.393797
-0.108527 0.609744 0.393840
-0.108673 0.609525 0.393897
-0.109707 0.608719 0.394065
-0.110650 0.607942 0.394235
-0.111344 0.607376 0.394369
-0.112721 0.606352 0.394584
-0.115330 0.604145 0.395012
-0.115699 0.603370 0.395019
-0.115681 0.602736 0.394975
-0.115594 0.602063 0.394942
-0.115444 0.601249 0.394926
-0.115320 0.600585 0.394926
-0.115178 0.599808 0.394940
-0.115019 0.598942 0.394967
-0.114916 0.598205 0.394997
-0.114854 0.597550 0.395027
-0.114782 0.596828 0.395061
-0.114670 0.596003 0.395107
-0.114567 0.595144 0.395155
-0.114490 0.594486 0.395195
-0.114420 0.593749 0.395238
-0.114323 0.592880 0.395294
-0.114212 0.592097 0.395346
-0.114207 0.591893 0.395357
-0.114336 0.591533 0.395420
-0.114389 0.591302 0.395448
-0.114595 0.590899 0.395535
-0.114669 0.590652 0.395571
-0.114900 0.590245 0.395671
-0.114984 0.589996 0.395713
-0.115228 0.589584 0.395821
-0.115315 0.589333 0.395866
-0.115565 0.588903 0.395980
-0.115756 0.588002 0.396166
-0.115769 0.587322 0.396263
-0.115727 0.586439 0.396362
-0.115678 0.585732 0.396431
-0.115604 0.584902 0.396508
-0.115552 0.584194 0.396565
-0.115474 0.583321 0.396633
-0.115420 0.582603 0.396685
-0.115414 0.582375 0.396699
-0.115542 0.581969 0.396764
-0.115592 0.581716 0.396792
-0.116510 0.580849 0.396947
-0.117423 0.580101 0.397124
-0.118047 0.579496 0.397249
-0.119328 0.578421 0.397466
-0.120476 0.577556 0.397682
-0.122108 0.576346 0.397965
-0.123421 0.575333 0.398204
-0.125132 0.574012 0.398498
-0.126552 0.573005 0.398757
-0.127505 0.572271 0.398922
-0.128967 0.571117 0.399168
-0.130216 0.570233 0.399393
-0.131888 0.569004 0.399689
-0.133212 0.568003 0.399930
-0.134734 0.566976 0.400171
-0.135140 0.566628 0.400209
-0.135682 0.566251 0.400234
-0.135825 0.566073 0.400220
-0.136084 0.565847 0.400202
-0.136155 0.565695 0.400183
-0.136338 0.565470 0.400170
-0.136390 0.565310 0.400159
-0.136553 0.565059 0.400164
-0.136605 0.564878 0.400163
-0.136827 0.564458 0.400192
-0.137058 0.564328 0.400242
-0.137367 0.564345 0.400315
-0.137707 0.564414 0.400400
-0.138041 0.564445 0.400489
-0.138412 0.564476 0.400593
-0.138796 0.564527 0.400707
-0.139204 0.564578 0.400832
-0.139674 0.564657 0.400982
-0.140122 0.564741 0.401127
-0.140519 0.564778 0.401253
-0.140653 0.564775 0.401294
-0.140900 0.564575 0.401370
-0.141047 0.564488 0.401417
-0.141293 0.564171 0.401504
-0.141435 0.564046 0.401555
-0.141668 0.563677 0.401648
-0.141810 0.563540 0.401704
-0.142043 0.563124 0.401803
-0.142178 0.562966 0.401860
-0.142401 0.562549 0.401964
-0.142534 0.562386 0.402023
-0.142666 0.562144 0.402081
-0.143565 0.561228 0.402299
-0.144452 0.560438 0.402536
-0.145855 0.559211 0.402878
-0.147001 0.558172 0.403175
-0.148553 0.556734 0.403554
-0.149839 0.555682 0.403886
-0.150712 0.554911 0.404109
-0.152046 0.553714 0.404435
-0.153192 0.552756 0.404730
-0.154717 0.551420 0.405114
-0.155938 0.550289 0.405435
-0.156775 0.549577 0.405651
-0.158077 0.548383 0.405984
-0.159114 0.547427 0.406260
-0.160494 0.546104 0.406625
-0.161622 0.545088 0.406935
-0.162757 0.543944 0.407211
-0.163051 0.543697 0.407258
-0.163313 0.543314 0.407242
-0.163371 0.543262 0.407210
-0.163281 0.543104 0.407033
-0.163248 0.543119 0.406974
-0.163142 0.543027 0.406848
-0.163114 0.543018 0.406796
-0.163035 0.542864 0.406690
-0.163023 0.542829 0.406651
-0.162965 0.542659 0.406567
-0.162968 0.542581 0.406514
-0.162905 0.542409 0.406443
-0.162909 0.542361 0.406423
-0.162918 0.542233 0.406405
-0.163601 0.541354 0.406602
-0.164233 0.540509 0.406809
-0.164677 0.539937 0.406954
-0.165653 0.538804 0.407271
-0.166456 0.537848 0.407553
-0.166990 0.537246 0.407737
-0.167325 0.536775 0.407848
-0.167701 0.536289 0.407953
-0.167772 0.536098 0.407960
-0.167870 0.535906 0.407954
-0.167856 0.535801 0.407927
-0.167868 0.535691 0.407890
-0.167849 0.535579 0.407863
-0.167880 0.535441 0.407839
-0.167874 0.535309 0.407821
-0.167909 0.535190 0.407821
-0.168589 0.534357 0.408052
-0.169202 0.533552 0.408285
-0.169642 0.533016 0.408454
-0.170564 0.531923 0.408797
-0.171319 0.530979 0.409101
-0.171824 0.530396 0.409304
-0.172760 0.529302 0.409669
-0.173507 0.528381 0.409982
-0.173988 0.527839 0.410183
-0.174882 0.526789 0.410546
-0.175583 0.525891 0.410854
-0.176577 0.524602 0.411283
-0.177322 0.523597 0.411631
-0.177764 0.523051 0.411841
-0.178561 0.522018 0.412203
-0.179143 0.521214 0.412493
-0.179976 0.520043 0.412900
-0.180558 0.519155 0.413214
-0.180930 0.518622 0.413438
-0.180847 0.518600 0.413405
-0.180513 0.518932 0.413230
-0.180264 0.519097 0.413096
-0.179548 0.519841 0.412689
-0.179275 0.520043 0.412534
-0.178817 0.520523 0.412269
-0.178576 0.520681 0.412132
-0.178180 0.521060 0.411903
-0.177073 0.521857 0.411297
-0.176212 0.522294 0.410839
-0.175408 0.522470 0.410429
-0.174878 0.522450 0.410169
-0.174634 0.522513 0.410050
-0.174194 0.522423 0.409836
-0.173930 0.522420 0.409710
-0.173458 0.522255 0.409484
-0.173186 0.522215 0.409357
-0.172487 0.521915 0.409033
-0.172223 0.521878 0.408911
-0.171763 0.521617 0.408699
-0.171498 0.521527 0.408578
-0.171034 0.521203 0.408367
-0.170770 0.521093 0.408247
-0.170309 0.520722 0.408040
-0.170047 0.520598 0.407923
-0.169597 0.520201 0.407723
-0.169334 0.520072 0.407606
-0.168882 0.519677 0.407404
-0.168622 0.519539 0.407288
-0.168181 0.519105 0.407093
-0.168478 0.518183 0.407288
-0.168759 0.517304 0.407499
-0.168805 0.516748 0.407578
-0.169210 0.515649 0.407865
-0.169527 0.514707 0.408122
-0.169564 0.514154 0.408214
-0.169470 0.513739 0.408220
-0.168965 0.513404 0.408027
-0.168685 0.513272 0.407904
-0.167989 0.513220 0.407571
-0.167672 0.513135 0.407416
-0.166954 0.513099 0.407060
-0.166636 0.513009 0.406902
-0.165931 0.512943 0.406552
-0.165624 0.512831 0.406402
-0.164944 0.512712 0.406069
-0.164652 0.512575 0.405929
-0.163999 0.512410 0.405615
-0.162992 0.512012 0.405152
-0.162614 0.511756 0.404988
-0.162504 0.511669 0.404950
-0.162329 0.511354 0.404896
-0.162301 0.511243 0.404902
-0.162262 0.510885 0.404921
-0.162288 0.510756 0.404954
-0.162343 0.510357 0.405020
-0.162413 0.510210 0.405076
-0.162544 0.509777 0.405180
-0.162648 0.509610 0.405251
-0.162839 0.509138 0.405384
-0.162971 0.508952 0.405469
-0.163220 0.508442 0.405629
-0.163376 0.508234 0.405726
-0.163669 0.507689 0.405906
-0.163845 0.507465 0.406012
-0.164177 0.506880 0.406211
-0.164558 0.506439 0.406436
-0.164880 0.505880 0.406623
-0.165077 0.505641 0.406736
-0.165411 0.505231 0.406113
-0.165721 0.504778 0.405594
-0.166338 0.504156 0.405189
-0.166604 0.503828 0.405144
-0.167173 0.503297 0.405251
-0.167423 0.502972 0.405337
-0.167975 0.502406 0.405585
-0.168435 0.501750 0.405817
-0.168689 0.501468 0.405951
-0.169159 0.500770 0.406206
-0.169418 0.500471 0.406347
-0.169898 0.499746 0.406610
-0.170161 0.499437 0.406754
-0.170653 0.498690 0.407023
-0.170920 0.498374 0.407168
-0.171307 0.497895 0.406551
-0.171670 0.497375 0.406039
-0.172111 0.496768 0.404985
-0.172512 0.496175 0.404190
-0.172975 0.495527 0.402951
-0.173393 0.494917 0.402037
-0.173817 0.494457 0.401515
-0.174308 0.493913 0.400461
-0.174757 0.493371 0.399670
-0.175212 0.492956 0.399231
-0.175635 0.492523 0.399004
-0.176472 0.491853 0.398941
-0.176835 0.491476 0.398994
-0.177577 0.490823 0.399218
-0.177902 0.490436 0.399339
-0.178583 0.489753 0.399625
-0.178886 0.489344 0.399758
-0.179533 0.488620 0.400052
-0.179820 0.488201 0.400184
-0.180707 0.487168 0.400592
-0.180960 0.486775 0.400707
-0.181253 0.486399 0.400841
-0.181537 0.485945 0.400970
-0.182141 0.485171 0.401246
-0.182411 0.484730 0.401369
-0.183001 0.483965 0.401636
-0.183267 0.483528 0.401756
-0.183851 0.482771 0.402017
-0.184952 0.481014 0.402510
-0.185632 0.479651 0.402818
-0.186340 0.478024 0.403150
-0.186948 0.476519 0.403440
-0.187485 0.475089 0.403700
-0.187690 0.474440 0.403800
-0.187841 0.474166 0.403869
-0.188140 0.473462 0.404008
-0.188323 0.473174 0.404091
-0.188667 0.472459 0.404247
-0.188868 0.472165 0.404335
-0.189242 0.471444 0.404502
-0.189452 0.471152 0.404593
-0.189841 0.470433 0.404762
-0.190061 0.470138 0.404855
-0.190276 0.469753 0.404947
-0.190446 0.469411 0.404980
-0.190651 0.469113 0.405031
-0.190854 0.468727 0.405094
-0.191092 0.468373 0.405177
-0.191319 0.467946 0.405262
-0.191500 0.467571 0.405292
-0.191712 0.467250 0.405340
-0.191922 0.466844 0.405402
-0.192090 0.466483 0.405415
-0.192245 0.466049 0.405436
-0.192441 0.465656 0.405488
-0.192612 0.465325 0.405499
-0.192768 0.464912 0.405518
-0.192967 0.464535 0.405568
-0.193163 0.464084 0.405629
-0.193392 0.463681 0.405709
-0.193588 0.463343 0.405738
-0.193766 0.462926 0.405770
-0.193983 0.462546 0.405829
-0.194192 0.462096 0.405895
-0.194363 0.461700 0.405911
-0.194518 0.461234 0.405934
-0.194714 0.460817 0.405984
-0.194904 0.460335 0.406044
-0.195128 0.459907 0.406120
-0.195341 0.459418 0.406198
-0.195514 0.458990 0.406221
-0.195719 0.458628 0.406261
-0.195920 0.458187 0.406313
-0.196238 0.457463 0.406330
-0.196808 0.456676 0.406469
-0.197145 0.456018 0.406572
-0.197281 0.455744 0.406573
-0.197810 0.455083 0.406665
-0.198267 0.454231 0.406792
-0.198386 0.454011 0.406785
-0.198719 0.453629 0.406823
-0.199290 0.452621 0.406962
-0.199399 0.452438 0.406949
-0.199555 0.452270 0.406955
-0.200113 0.451315 0.407068
-0.200212 0.451150 0.407056
-0.200491 0.450870 0.407086
-0.200917 0.450054 0.407214
-0.200987 0.449919 0.407197
-0.201100 0.449799 0.407199
-0.201472 0.449040 0.407286
-0.201528 0.448921 0.407263
-0.201629 0.448818 0.407259
-0.201956 0.448117 0.407326
-0.202003 0.448010 0.407299
-0.202187 0.447842 0.407294
-0.202399 0.447332 0.407341
-0.202439 0.447219 0.407311
-0.202609 0.447050 0.407300
-0.202798 0.446549 0.407339
-0.202861 0.446352 0.407281
-0.202938 0.446277 0.407280
-0.203175 0.445678 0.407331
-0.203204 0.445594 0.407298
-0.203352 0.445470 0.407279
-0.203513 0.445019 0.407305
-0.203539 0.444925 0.407268
-0.203744 0.444746 0.407247
-0.203905 0.444219 0.407286
-0.204053 0.444088 0.407326
-0.204235 0.443547 0.407393
-0.204386 0.443419 0.407436
-0.204595 0.442812 0.407515
-0.204668 0.442754 0.407535
-0.204904 0.442150 0.407617
-0.204978 0.442095 0.407638
-0.205269 0.441404 0.407738
-0.205323 0.440723 0.407790
-0.205292 0.439985 0.407830
-0.205278 0.439928 0.407787
-0.205179 0.439213 0.407713
-0.205158 0.439159 0.407667
-0.205048 0.438519 0.407584
-0.204996 0.438403 0.407494
-0.204878 0.437769 0.407443
-0.204757 0.437513 0.407298
-0.204685 0.437411 0.407145
-0.204632 0.437367 0.406989
-0.204609 0.437361 0.406894
-0.204908 0.436890 0.404210
-0.204933 0.436907 0.404035
-0.205305 0.436576 0.401115
-0.205341 0.436617 0.400930
-0.205715 0.436373 0.397989
-0.205755 0.436427 0.397802
-0.206099 0.436230 0.394856
-0.206137 0.436291 0.394669
-0.206440 0.436125 0.391719
-0.206613 0.436546 0.391184
-0.206613 0.436779 0.390995
-0.206545 0.436908 0.390823
-0.206475 0.436973 0.390668
-0.206484 0.436779 0.389769
-0.206547 0.436609 0.387758
-0.206598 0.436321 0.385975
-0.206735 0.436461 0.384555
-0.206785 0.436245 0.384403
-0.206724 0.436268 0.384238
-0.206639 0.436325 0.384069
-0.206562 0.436372 0.383912
-0.206486 0.436416 0.383751
-0.206405 0.436462 0.383584
-0.206350 0.436488 0.383448
-0.206438 0.436509 0.383451
-0.206522 0.436585 0.383331
-0.206712 0.436652 0.383342
-0.206834 0.436751 0.383224
-0.206983 0.436799 0.383231
-0.207153 0.436906 0.383117
-0.207389 0.436985 0.383130
-0.207520 0.437067 0.383028
-0.207766 0.437149 0.383030
-0.207945 0.437254 0.382911
-0.208190 0.437327 0.382924
-0.208369 0.437424 0.382808
-0.208615 0.437494 0.382820
-0.208757 0.437567 0.382719
-0.209016 0.437643 0.382719
-0.209168 0.437721 0.382614
-0.209435 0.437799 0.382614
-0.209638 0.437900 0.382494
-0.209822 0.437946 0.382500
-0.210097 0.438068 0.382376
-0.210189 0.438089 0.382382
-0.210509 0.438212 0.382266
-0.210607 0.438236 0.382272
-0.211039 0.438405 0.382148
-0.211190 0.438474 0.382002
-0.211267 0.438505 0.381845
-0.211291 0.438517 0.381692
-0.211285 0.438526 0.381542
-0.211267 0.438538 0.381387
-0.211242 0.438553 0.381228
-0.211211 0.438569 0.381072
-0.211178 0.438586 0.380921
-0.211141 0.438605 0.380766
-0.211102 0.438628 0.380606
-0.211064 0.438649 0.380454
-0.211022 0.438673 0.380294
-0.210981 0.438697 0.380138
-0.210969 0.438701 0.380089
-0.211200 0.438788 0.380018
-0.211214 0.438805 0.379969
-0.211512 0.438921 0.379902
-0.211543 0.438945 0.379853
-0.211956 0.439109 0.379780
-0.211991 0.439133 0.379732
-0.212426 0.439295 0.379660
-0.212464 0.439318 0.379612
-0.212643 0.439371 0.379564
-0.212875 0.439073 0.379548
-0.212901 0.439044 0.379501
-0.212978 0.439030 0.379473
-0.213207 0.438634 0.379446
-0.213233 0.438592 0.379399
-0.213310 0.438566 0.379369
-0.213540 0.438141 0.379342
-0.213592 0.438058 0.379255
-0.213671 0.438036 0.379240
-0.213905 0.437612 0.379234
-0.213933 0.437565 0.379187
-0.214012 0.437534 0.379158
-0.214291 0.437045 0.379130
-0.214317 0.437007 0.379082
-0.214401 0.436350 0.378994
-0.214388 0.435694 0.379009
-0.214313 0.434994 0.379030
-0.214186 0.434226 0.379057
-0.214062 0.433538 0.379080
-0.213899 0.432776 0.379107
-0.213754 0.432093 0.379130
-0.213573 0.431336 0.379158
-0.213547 0.431163 0.379163
-0.213644 0.430719 0.379207
-0.213644 0.430407 0.379218
-0.213805 0.430137 0.379255
-0.213840 0.429839 0.379265
-0.214088 0.429568 0.379304
-0.214114 0.429421 0.379308
-0.214469 0.429037 0.379347
-0.214931 0.429076 0.379368
-0.215404 0.429197 0.379383
-0.215925 0.429362 0.379394
-0.216240 0.429458 0.379406
-0.216481 0.429174 0.379410
-0.216741 0.429147 0.379426
-0.216894 0.428837 0.379432
-0.217065 0.428761 0.379448
-0.217101 0.428536 0.378545
-0.217254 0.427935 0.377009
-0.217586 0.427881 0.376629
-0.217631 0.427690 0.375672
-0.217751 0.427257 0.374382
-0.218348 0.427230 0.373604
-0.218433 0.427139 0.373568
-0.218952 0.427008 0.373520
-0.219066 0.426780 0.373513
-0.219404 0.426636 0.373520
-0.219457 0.426503 0.373520
-0.219436 0.426172 0.372612
-0.219826 0.425755 0.370756
-0.219900 0.425649 0.370676
-0.219889 0.425348 0.369716
-0.220249 0.425020 0.367906
-0.220498 0.424799 0.367633
-0.220929 0.424824 0.367552
-0.221061 0.424623 0.367536
-0.221495 0.424522 0.367525
-0.221545 0.424399 0.367522
-0.222032 0.424145 0.367510
-0.222573 0.424259 0.367483
-0.223096 0.424426 0.367456
-0.223661 0.424631 0.367425
-0.224247 0.424855 0.367389
-0.224914 0.425120 0.367341
-0.225247 0.425236 0.367328
-0.225385 0.424896 0.364828
-0.226198 0.425306 0.364255
-0.226871 0.425627 0.364180
-0.227520 0.425908 0.364124
-0.228231 0.426205 0.364057
-0.228836 0.426443 0.364003
-0.229526 0.426718 0.363934
-0.230195 0.426980 0.363866
-0.230787 0.427206 0.363809
-0.231478 0.427477 0.363734
-0.232083 0.427709 0.363671
-0.232786 0.427984 0.363590
-0.233401 0.428217 0.363522
-0.234041 0.428462 0.363449
-0.234697 0.428713 0.363371
-0.235439 0.429002 0.363274
-0.236003 0.429223 0.363250
-0.236513 0.429410 0.363200
-0.237191 0.429669 0.363120
-0.237763 0.429884 0.363053
-0.238378 0.430117 0.362978
-0.239020 0.430356 0.362896
-0.239811 0.430661 0.362784
-0.240448 0.430898 0.362695
-0.241240 0.431195 0.362577
-0.241883 0.431432 0.362484
-0.242682 0.431726 0.362360
-0.243457 0.432012 0.362236
-0.244097 0.432238 0.362139
-0.244767 0.432477 0.362036
-0.245596 0.432779 0.361898
-0.246266 0.433012 0.361790
-0.247101 0.433315 0.361645
-0.247779 0.433554 0.361532
-0.248622 0.433855 0.361381
-0.249443 0.434149 0.361231
-0.250248 0.434431 0.361082
-0.250911 0.434653 0.360965
-0.251752 0.434948 0.360807
-0.252442 0.435176 0.360684
-0.253158 0.435414 0.360553
-0.254049 0.435718 0.360380
-0.254767 0.435957 0.360245
-0.255514 0.436205 0.360103
-0.256281 0.436460 0.359955
-0.257214 0.436779 0.359763
-0.258107 0.437076 0.359576
-0.258829 0.437291 0.359432
-0.259736 0.437578 0.359243
-0.260474 0.437814 0.359094
-0.260689 0.437878 0.359058
-0.260484 0.438944 0.358844
-0.260261 0.440483 0.358519
-0.259845 0.441865 0.358252
-0.259206 0.444350 0.357682
-0.259536 0.444759 0.357488
-0.260116 0.444898 0.357328
-0.260486 0.444975 0.357248
-0.261078 0.444011 0.357372
-0.263257 0.442287 0.357479
-0.264324 0.442455 0.357297
-0.265473 0.442836 0.357049
-0.265646 0.442778 0.357012
-0.266079 0.442718 0.356934
-0.266256 0.442612 0.356894
-0.266681 0.442493 0.356808
-0.266852 0.442367 0.356764
-0.267268 0.442232 0.356668
-0.267437 0.442099 0.356620
-0.267864 0.441948 0.356518
-0.268036 0.441810 0.356466
-0.268464 0.441642 0.356359
-0.268639 0.441496 0.356303
-0.269075 0.441326 0.356174
-0.269251 0.441173 0.356107
-0.269685 0.440987 0.355957
-0.269862 0.440825 0.355881
-0.270306 0.440632 0.355717
-0.270491 0.440468 0.355632
-0.270949 0.440260 0.355453
-0.271146 0.440093 0.355362
-0.271626 0.439891 0.355166
-0.271830 0.439732 0.355066
-0.272322 0.439536 0.354854
-0.272530 0.439366 0.354747
-0.273034 0.439140 0.354524
-0.273252 0.438966 0.354412
-0.273768 0.438741 0.354178
-0.273987 0.438568 0.354059
-0.274516 0.438347 0.353810
-0.274746 0.438175 0.353686
-0.275751 0.437869 0.353160
-0.277012 0.437846 0.352485
-0.278262 0.437894 0.351846
-0.279533 0.437985 0.351230
-0.280763 0.438078 0.350636
-0.281941 0.438196 0.350064
-0.283156 0.438325 0.349515
-0.284316 0.438466 0.348980
-0.285292 0.438578 0.348568
-0.286296 0.438722 0.348146
-0.287538 0.438886 0.347621
-0.288535 0.439017 0.347211
-0.289605 0.439202 0.346788
-0.290646 0.439345 0.346380
-0.291715 0.439513 0.345961
-0.292957 0.439716 0.345439
-0.293944 0.439841 0.345067
-0.294954 0.440006 0.344687
-0.296199 0.440200 0.344221
-0.297187 0.440331 0.343859
-0.298397 0.440446 0.343401
-0.299421 0.440570 0.343058
-0.300645 0.440727 0.342620
