-0.800020 1.000020 0.249898 1.000000 0.000003 -0.000004 0.000043
-0.800017 1.000023 0.249891 1.000000 -0.000002 0.000003 0.000043
-0.800020 1.000021 0.249897 1.000000 0.000002 -0.000002 0.000045
-0.800019 1.000022 0.249898 1.000000 0.000000 -0.000001 0.000045
-0.800020 1.000021 0.249908 1.000000 0.000002 -0.000002 0.000046
-0.800020 1.000022 0.249936 1.000000 -0.000001 -0.000003 0.000047
-0.800019 1.000023 0.249940 1.000000 -0.000002 -0.000001 0.000047
-0.800019 1.000021 0.249913 1.000000 0.000002 -0.000000 0.000048
-0.800020 1.000022 0.249912 1.000000 -0.000000 -0.000002 0.000049
-0.800019 1.000022 0.249925 1.000000 0.000001 -0.000000 0.000049
-0.800019 1.000022 0.249953 1.000000 0.000001 -0.000000 0.000050
-0.800020 1.000023 0.249954 1.000000 -0.000001 -0.000002 0.000050
-0.800021 1.000023 0.249913 1.000000 -0.000001 -0.000003 0.000052
-0.800020 1.000022 0.249886 1.000000 0.000002 -0.000001 0.000053
-0.800020 1.000021 0.249855 1.000000 0.000004 -0.000000 0.000053
-0.800017 1.000022 0.249781 1.000000 0.000003 0.000005 0.000054
-0.800019 1.000022 0.249772 1.000000 0.000002 0.000002 0.000055
-0.800019 1.000024 0.249820 1.000000 -0.000001 0.000001 0.000057
-0.800019 1.000022 0.249829 1.000000 0.000002 0.000001 0.000057
-0.800021 1.000024 0.249841 1.000000 -0.000003 -0.000002 0.000059
-0.800020 1.000024 0.249826 1.000000 -0.000002 0.000000 0.000060
-0.800018 1.000021 0.249803 1.000000 0.000004 0.000004 0.000061
-0.800022 1.000021 0.249773 1.000000 0.000004 -0.000004 0.000062
-0.800023 1.000022 0.249776 1.000000 0.000003 -0.000006 0.000063
-0.800022 1.000023 0.249817 1.000000 0.000002 -0.000003 0.000064
-0.800023 1.000025 0.249847 1.000000 -0.000002 -0.000005 0.000066
-0.800025 1.000024 0.249764 1.000000 -0.000000 -0.000007 0.000069
-0.800017 1.000022 0.249757 1.000000 0.000004 0.000008 0.000070
-0.800023 1.000024 0.249751 1.000000 -0.000001 -0.000003 0.000071
-0.800021 1.000026 0.249776 1.000000 -0.000004 0.000002 0.000071
-0.800022 1.000023 0.249860 1.000000 0.000002 -0.000001 0.000073
-0.800021 1.000025 0.249885 1.000000 -0.000002 0.000002 0.000074
-0.800023 1.000023 0.249888 1.000000 0.000004 -0.000002 0.000075
-0.800021 1.000025 0.249862 1.000000 -0.000000 0.000003 0.000076
-0.800021 1.000025 0.249833 1.000000 -0.000000 0.000003 0.000078
-0.800024 1.000026 0.249837 1.000000 -0.000002 -0.000003 0.000079
-0.800022 1.000025 0.249858 1.000000 -0.000000 0.000003 0.000081
-0.800022 1.000027 0.249839 1.000000 -0.000004 0.000003 0.000082
-0.800024 1.000028 0.249826 1.000000 -0.000005 -0.000001 0.000082
-0.800024 1.000025 0.249846 1.000000 0.000001 -0.000001 0.000084
-0.800023 1.000027 0.249857 1.000000 -0.000003 0.000002 0.000086
-0.800025 1.000026 0.249898 1.000000 -0.000000 -0.000002 0.000087
-0.800025 1.000026 0.249893 1.000000 -0.000000 -0.000003 0.000089
-0.800025 1.000027 0.249915 1.000000 -0.000002 -0.000001 0.000090
-0.800025 1.000026 0.249912 1.000000 -0.000001 -0.000001 0.000091
-0.430031 0.790034 0.249955 1.000000 -0.000000 0.000001 0.000246
-0.430031 0.790035 0.249961 1.000000 -0.000002 0.000000 0.000246
-0.430031 0.790033 0.249924 1.000000 0.000003 0.000000 0.000248
-0.430032 0.790034 0.249934 1.000000 0.000002 0.000000 0.000277
-0.430031 0.790036 0.249929 1.000000 -0.000001 0.000003 0.000277
-0.430034 0.790035 0.249914 1.000000 0.000000 -0.000005 0.000278
-0.430033 0.790036 0.249890 1.000000 -0.000001 -0.000002 0.000278
-0.430033 0.790035 0.249875 1.000000 0.000001 -0.000001 0.000278
-0.430033 0.790036 0.249975 1.000000 -0.000001 -0.000002 0.000290
-0.430033 0.790034 0.249906 1.000000 0.000003 -0.000002 0.000292
-0.430033 0.790035 0.249912 1.000000 0.000001 -0.000002 0.000293
-0.430031 0.790035 0.249920 1.000000 0.000001 0.000001 0.000293
-0.430033 0.790036 0.249927 1.000000 -0.000000 -0.000002 0.000293
-0.430034 0.790036 0.249930 1.000000 0.000000 -0.000003 0.000294
-0.430032 0.790038 0.249918 1.000000 -0.000003 -0.000000 0.000294
-0.430032 0.790036 0.249902 1.000000 0.000000 -0.000000 0.000295
-0.430033 0.790034 0.249889 1.000000 0.000004 -0.000002 0.000295
-0.430034 0.790036 0.249835 1.000000 -0.000001 -0.000003 0.000297
-0.430032 0.790032 0.249819 1.000000 0.000007 -0.000000 0.000297
-0.430031 0.790035 0.249794 1.000000 0.000002 0.000001 0.000298
-0.430033 0.790039 0.249796 1.000000 -0.000005 -0.000001 0.000299
-0.430032 0.790034 0.249863 1.000000 0.000004 -0.000001 0.000301
-0.430032 0.790037 0.249875 1.000000 -0.000003 0.000000 0.000302
-0.430033 0.790034 0.249856 1.000000 0.000003 -0.000002 0.000304
-0.430031 0.790037 0.249847 1.000000 -0.000003 0.000003 0.000304
-0.430032 0.790036 0.249841 1.000000 -0.000000 0.000000 0.000306
-0.430033 0.790035 0.249851 1.000000 0.000002 -0.000002 0.000306
-0.430033 0.790036 0.249877 1.000000 0.000001 -0.000003 0.000306
-0.430033 0.790036 0.249905 1.000000 0.000001 -0.000001 0.000307
-0.430033 0.790035 0.249920 1.000000 0.000002 -0.000001 0.000307
-0.430032 0.790036 0.249930 1.000000 -0.000000 0.000001 0.000307
-0.430032 0.790036 0.249936 1.000000 0.000001 0.000000 0.000308
-0.430032 0.790037 0.249946 1.000000 -0.000002 -0.000000 0.000308
-0.430033 0.790036 0.249952 1.000000 0.000001 -0.000001 0.000308
-0.430033 0.790036 0.249955 1.000000 0.000000 -0.000002 0.000309
-0.430033 0.790036 0.249961 1.000000 0.000001 -0.000002 0.000309
-0.430033 0.790036 0.249966 1.000000 0.000000 -0.000002 0.000309
-0.430033 0.790036 0.249963 1.000000 0.000001 -0.000002 0.000309
-0.430033 0.790035 0.249959 1.000000 0.000002 -0.000002 0.000310
-0.430033 0.790037 0.249954 1.000000 -0.000001 -0.000002 0.000310
-0.430032 0.790036 0.249946 1.000000 0.000001 0.000001 0.000312
-0.430033 0.790035 0.249938 1.000000 0.000002 -0.000002 0.000313
-0.430034 0.790037 0.249940 1.000000 -0.000000 -0.000004 0.000314
-0.430032 0.790038 0.249929 1.000000 -0.000004 0.000001 0.000314
-0.430032 0.790036 0.249892 1.000000 0.000002 -0.000001 0.000315
-0.430031 0.790037 0.249842 1.000000 0.000000 0.000001 0.000316
-0.430033 0.790037 0.249824 1.000000 -0.000001 -0.000003 0.000317
-0.430033 0.790040 0.249803 1.000000 -0.000006 -0.000003 0.000317
-0.430028 0.790035 0.249779 1.000000 0.000003 0.000008 0.000318
-0.430034 0.790035 0.249772 1.000000 0.000004 -0.000004 0.000318
-0.430032 0.790033 0.249767 1.000000 0.000007 -0.000000 0.000319
-0.430032 0.790038 0.249802 1.000000 -0.000002 0.000000 0.000320
-0.430032 0.790037 0.249865 1.000000 -0.000001 0.000000 0.000321
-0.430032 0.790039 0.249912 1.000000 -0.000004 0.000000 0.000323
-0.430034 0.790037 0.249910 1.000000 -0.000001 -0.000003 0.000323
-0.430030 0.790038 0.249877 1.000000 -0.000001 0.000004 0.000324
-0.430030 0.790036 0.249859 1.000000 0.000003 0.000003 0.000326
-0.430032 0.790033 0.249831 1.000000 0.000009 -0.000001 0.000327
-0.430033 0.790036 0.249826 1.000000 0.000003 -0.000002 0.000329
-0.430033 0.790037 0.249835 1.000000 0.000000 -0.000002 0.000330
-0.430033 0.790038 0.249841 1.000000 -0.000001 -0.000003 0.000331
-0.430032 0.790038 0.249844 1.000000 -0.000002 -0.000000 0.000332
-0.430033 0.790039 0.249897 1.000000 -0.000004 -0.000002 0.000334
-0.430031 0.790035 0.249892 1.000000 0.000004 0.000002 0.000335
-0.430032 0.790037 0.249873 1.000000 0.000002 -0.000002 0.000336
-0.430031 0.790039 0.249849 1.000000 -0.000002 0.000001 0.000337
-0.430031 0.790038 0.249864 1.000000 -0.000000 0.000001 0.000338
-0.430032 0.790038 0.249934 1.000000 -0.000002 0.000000 0.000339
-0.430032 0.790039 0.249947 1.000000 -0.000002 -0.000001 0.000339
-0.430032 0.790037 0.249968 1.000000 0.000002 -0.000002 0.000340
-0.430033 0.790038 0.249968 1.000000 0.000000 -0.000003 0.000340
-0.430031 0.790038 0.249932 1.000000 0.000000 0.000001 0.000341
-0.430032 0.790039 0.249934 1.000000 -0.000003 0.000000 0.000341
-0.430033 0.790038 0.249943 1.000000 -0.000000 -0.000002 0.000342
-0.430033 0.790037 0.249949 1.000000 0.000001 -0.000003 0.000342
-0.430033 0.790038 0.249948 1.000000 -0.000000 -0.000003 0.000343
-0.430032 0.790038 0.249940 1.000000 -0.000000 -0.000002 0.000343
-0.430032 0.790040 0.249932 1.000000 -0.000003 -0.000000 0.000344
-0.430032 0.790036 0.249928 1.000000 0.000004 -0.000001 0.000344
-0.430031 0.790037 0.249911 1.000000 0.000001 0.000001 0.000345
-0.430030 0.790039 0.249895 1.000000 -0.000001 0.000003 0.000346
-0.430031 0.790038 0.249900 1.000000 -0.000001 0.000002 0.000347
-0.430032 0.790037 0.249911 1.000000 0.000002 -0.000001 0.000347
-0.430032 0.790036 0.249911 1.000000 0.000004 -0.000002 0.000348
-0.430032 0.790039 0.249902 1.000000 -0.000002 0.000000 0.000348
-0.430030 0.790040 0.249902 1.000000 -0.000003 0.000002 0.000349
-0.430032 0.790038 0.249891 1.000000 0.000001 -0.000001 0.000350
-0.430030 0.790039 0.249889 1.000000 -0.000001 0.000002 0.000351
-0.430032 0.790038 0.249933 1.000000 0.000000 0.000000 0.000351
-0.430032 0.790038 0.249948 1.000000 0.000000 0.000000 0.000352
-0.430032 0.790038 0.249960 1.000000 -0.000001 -0.000001 0.000352
-0.430032 0.790038 0.249970 1.000000 0.000001 -0.000001 0.000352
-0.430032 0.790037 0.249976 1.000000 0.000001 -0.000001 0.000352
-0.430032 0.790038 0.249980 1.000000 0.000001 -0.000000 0.000352
-0.430032 0.790038 0.249982 1.000000 0.000001 -0.000001 0.000352
-0.430033 0.790038 0.249984 1.000000 0.000000 -0.000002 0.000352
-0.430032 0.790037 0.249980 1.000000 0.000002 -0.000001 0.000353
-0.430031 0.790040 0.249949 1.000000 -0.000003 0.000001 0.000354
-0.430032 0.790040 0.249935 1.000000 -0.000003 -0.000000 0.000354
-0.430032 0.790038 0.249943 1.000000 -0.000000 -0.000001 0.000354
-0.430030 0.790038 0.249953 1.000000 -0.000000 0.000003 0.000355
-0.430031 0.790039 0.249956 1.000000 -0.000001 0.000002 0.000356
-0.430032 0.790037 0.249949 1.000000 0.000002 -0.000000 0.000356
-0.430032 0.790038 0.249941 1.000000 0.000000 -0.000001 0.000357
-0.430033 0.790038 0.249951 1.000000 0.000001 -0.000002 0.000357
-0.430031 0.790037 0.249943 1.000000 0.000003 0.000001 0.000358
-0.430031 0.790037 0.249924 1.000000 0.000002 0.000000 0.000358
-0.430032 0.790038 0.249898 1.000000 0.000001 -0.000001 0.000360
-0.430031 0.790037 0.249900 1.000000 0.000003 0.000000 0.000361
-0.430033 0.790040 0.249861 1.000000 -0.000003 -0.000003 0.000361
-0.430030 0.790036 0.249837 1.000000 0.000005 0.000003 0.000362
-0.430031 0.790036 0.249800 1.000000 0.000005 0.000000 0.000363
-0.430032 0.790036 0.249797 1.000000 0.000006 -0.000001 0.000363
-0.430028 0.790040 0.249793 1.000000 -0.000003 0.000006 0.000365
-0.430027 0.790038 0.249777 1.000000 0.000000 0.000009 0.000366
-0.430028 0.790040 0.249788 1.000000 -0.000003 0.000008 0.000369
-0.430032 0.790038 0.249797 1.000000 0.000001 -0.000000 0.000370
-0.430033 0.790037 0.249805 1.000000 0.000002 -0.000004 0.000372
-0.430028 0.790039 0.249807 1.000000 -0.000000 0.000007 0.000374
-0.430033 0.790038 0.249801 1.000000 0.000001 -0.000003 0.000375
-0.430032 0.790039 0.249817 1.000000 -0.000002 -0.000002 0.000376
-0.430033 0.790038 0.249869 1.000000 0.000001 -0.000003 0.000378
-0.430032 0.790039 0.249856 1.000000 -0.000002 -0.000001 0.000378
-0.430028 0.790037 0.249845 1.000000 0.000003 0.000007 0.000380
-0.430030 0.790042 0.249824 1.000000 -0.000006 0.000002 0.000381
-0.430032 0.790037 0.249797 1.000000 0.000003 -0.000001 0.000382
-0.430033 0.790034 0.249800 1.000000 0.000009 -0.000003 0.000383
-0.430030 0.790036 0.249804 1.000000 0.000005 0.000002 0.000384
-0.430033 0.790040 0.249801 1.000000 -0.000002 -0.000002 0.000384
-0.430029 0.790037 0.249805 1.000000 0.000003 0.000005 0.000385
-0.430032 0.790041 0.249801 1.000000 -0.000004 -0.000001 0.000385
-0.430033 0.790039 0.249811 1.000000 -0.000001 -0.000002 0.000386
-0.430033 0.790039 0.249885 1.000000 -0.000001 -0.000002 0.000387
-0.430032 0.790038 0.249911 1.000000 0.000002 -0.000001 0.000387
-0.430031 0.790038 0.249907 1.000000 0.000002 0.000001 0.000389
-0.430031 0.790039 0.249901 1.000000 -0.000000 0.000000 0.000389
-0.430033 0.790038 0.249934 1.000000 0.000001 -0.000002 0.000390
-0.430032 0.790039 0.249950 1.000000 -0.000001 -0.000002 0.000390
-0.430032 0.790038 0.249927 1.000000 0.000001 -0.000001 0.000392
-0.430030 0.790041 0.249915 1.000000 -0.000005 0.000003 0.000392
-0.430033 0.790038 0.249912 1.000000 0.000002 -0.000002 0.000394
-0.430033 0.790039 0.249928 1.000000 -0.000001 -0.000003 0.000394
-0.430030 0.790038 0.249908 1.000000 0.000002 0.000002 0.000395
-0.430032 0.790038 0.249891 1.000000 0.000003 -0.000001 0.000395
-0.430032 0.790038 0.249895 1.000000 0.000003 -0.000001 0.000396
-0.430032 0.790039 0.249898 1.000000 0.000001 -0.000002 0.000397
-0.430032 0.790039 0.249915 1.000000 0.000001 -0.000002 0.000397
-0.430032 0.790039 0.249936 1.000000 0.000001 -0.000001 0.000398
-0.430032 0.790038 0.249948 1.000000 0.000002 -0.000001 0.000398
-0.430032 0.790038 0.249947 1.000000 0.000003 -0.000000 0.000399
-0.430032 0.790039 0.249922 1.000000 0.000000 -0.000000 0.000399
-0.430032 0.790040 0.249910 1.000000 -0.000002 -0.000001 0.000400
-0.430032 0.790040 0.249907 1.000000 -0.000001 -0.000001 0.000401
-0.430034 0.790040 0.249882 1.000000 -0.000001 -0.000006 0.000403
-0.430032 0.790041 0.249830 1.000000 -0.000004 -0.000002 0.000404
-0.430028 0.790043 0.249781 1.000000 -0.000007 0.000007 0.000405
-0.430030 0.790044 0.249767 1.000000 -0.000009 0.000004 0.000406
-0.430031 0.790038 0.249794 1.000000 0.000003 0.000002 0.000408
-0.430033 0.790038 0.249800 1.000000 0.000003 -0.000002 0.000408
-0.430032 0.790039 0.249810 1.000000 0.000001 0.000000 0.000410
-0.430033 0.790039 0.249822 1.000000 0.000001 -0.000001 0.000410
-0.430031 0.790040 0.249880 1.000000 -0.000002 0.000001 0.000411
-0.430031 0.790041 0.249895 1.000000 -0.000002 0.000002 0.000411
-0.430032 0.790039 0.249892 1.000000 0.000001 -0.000000 0.000413
-0.430033 0.790040 0.249941 1.000000 -0.000002 -0.000002 0.000415
-0.430032 0.790040 0.249923 1.000000 -0.000001 0.000001 0.000417
-0.430032 0.790040 0.249914 1.000000 -0.000001 0.000001 0.000417
-0.430031 0.790041 0.249916 1.000000 -0.000003 0.000002 0.000419
-0.430032 0.790040 0.249948 1.000000 -0.000001 -0.000001 0.000420
-0.430033 0.790038 0.249865 1.000000 0.000003 -0.000002 0.000423
-0.430032 0.790040 0.249849 1.000000 0.000001 0.000001 0.000428
-0.430031 0.790039 0.249852 1.000000 0.000002 0.000001 0.000428
-0.430033 0.790040 0.249865 1.000000 0.000000 -0.000003 0.000429
-0.430031 0.790043 0.249865 1.000000 -0.000006 0.000002 0.000430
-0.430032 0.790040 0.249925 1.000000 -0.000000 -0.000001 0.000434
-0.430032 0.790040 0.249940 1.000000 0.000001 -0.000001 0.000434
-0.430033 0.790040 0.249950 1.000000 0.000001 -0.000003 0.000434
-0.430033 0.790040 0.249959 1.000000 0.000001 -0.000002 0.000435
-0.430033 0.790039 0.249965 1.000000 0.000002 -0.000003 0.000436
-0.430033 0.790040 0.249955 1.000000 0.000001 -0.000001 0.000437
-0.430031 0.790039 0.249887 1.000000 0.000003 0.000001 0.000439
-0.430033 0.790040 0.249833 1.000000 0.000001 -0.000002 0.000442
-0.430034 0.790040 0.249832 1.000000 0.000001 -0.000003 0.000446
-0.430032 0.790039 0.249872 1.000000 0.000004 -0.000001 0.000449
-0.430032 0.790041 0.249924 1.000000 -0.000001 -0.000001 0.000450
-0.430033 0.790042 0.249921 1.000000 -0.000002 -0.000002 0.000452
-0.430033 0.790042 0.249868 1.000000 -0.000002 -0.000003 0.000453
-0.430033 0.790041 0.249850 1.000000 0.000000 -0.000003 0.000453
-0.430033 0.790040 0.249865 1.000000 0.000001 -0.000002 0.000454
-0.430032 0.790041 0.249900 1.000000 0.000001 -0.000001 0.000455
-0.430032 0.790040 0.249930 1.000000 0.000001 -0.000001 0.000455
-0.430033 0.790041 0.249951 1.000000 0.000001 -0.000002 0.000455
-0.430032 0.790041 0.249974 1.000000 0.000001 -0.000001 0.000455
-0.430032 0.790041 0.249979 1.000000 0.000000 -0.000001 0.000455
-0.430032 0.790040 0.249985 1.000000 0.000001 -0.000001 0.000456
-0.430033 0.790040 0.249985 1.000000 0.000001 -0.000002 0.000456
-0.430033 0.790040 0.249986 1.000000 0.000001 -0.000002 0.000456
-0.430030 0.790041 0.249972 1.000000 -0.000000 0.000003 0.000457
-0.430032 0.790041 0.249930 1.000000 -0.000001 -0.000000 0.000459
-0.430032 0.790041 0.249927 1.000000 -0.000001 -0.000001 0.000461
-0.430032 0.790040 0.249918 1.000000 0.000002 -0.000001 0.000462
-0.430033 0.790042 0.249913 1.000000 -0.000002 -0.000002 0.000465
-0.430032 0.790042 0.249898 1.000000 -0.000001 0.000000 0.000466
-0.430031 0.790042 0.249897 1.000000 -0.000001 0.000001 0.000466
-0.430033 0.790042 0.249933 1.000000 -0.000001 -0.000002 0.000467
-0.430032 0.790040 0.249939 1.000000 0.000002 -0.000001 0.000468
-0.430032 0.790041 0.249933 1.000000 0.000001 -0.000001 0.000468
-0.430033 0.790041 0.249938 1.000000 -0.000000 -0.000003 0.000468
-0.430032 0.790043 0.249918 1.000000 -0.000004 -0.000001 0.000469
-0.430031 0.790042 0.249897 1.000000 -0.000001 0.000001 0.000471
-0.430032 0.790041 0.249890 1.000000 0.000000 -0.000000 0.000471
-0.430031 0.790043 0.249880 1.000000 -0.000003 0.000001 0.000472
-0.430032 0.790041 0.249886 1.000000 0.000001 -0.000000 0.000473
-0.430032 0.790042 0.249907 1.000000 -0.000000 -0.000000 0.000474
-0.430033 0.790041 0.249913 1.000000 0.000001 -0.000002 0.000474
-0.430033 0.790042 0.249937 1.000000 -0.000000 -0.000002 0.000475
-0.430032 0.790042 0.249960 1.000000 0.000000 -0.000001 0.000476
-0.430031 0.790041 0.249893 1.000000 0.000001 0.000002 0.000478
-0.430033 0.790045 0.249871 1.000000 -0.000007 -0.000002 0.000479
-0.430034 0.790045 0.249829 1.000000 -0.000006 -0.000004 0.000480
-0.430030 0.790042 0.249804 1.000000 -0.000000 0.000004 0.000481
-0.430030 0.790040 0.249787 1.000000 0.000005 0.000004 0.000481
-0.430031 0.790045 0.249773 1.000000 -0.000006 0.000001 0.000482
-0.430034 0.790040 0.249765 1.000000 0.000003 -0.000005 0.000482
-0.430030 0.790039 0.249760 1.000000 0.000006 0.000004 0.000482
-0.430034 0.790039 0.249759 1.000000 0.000006 -0.000005 0.000483
-0.430030 0.790042 0.249760 1.000000 0.000001 0.000003 0.000483
-0.430029 0.790043 0.249780 1.000000 -0.000002 0.000005 0.000484
-0.430031 0.790043 0.249780 1.000000 -0.000002 0.000002 0.000485
-0.430031 0.790045 0.249788 1.000000 -0.000006 0.000001 0.000487
-0.430031 0.790044 0.249793 1.000000 -0.000005 0.000001 0.000487
-0.430033 0.790039 0.249804 1.000000 0.000005 -0.000002 0.000489
-0.430032 0.790045 0.249816 1.000000 -0.000005 0.000000 0.000489
-0.430031 0.790044 0.249836 1.000000 -0.000004 0.000002 0.000490
-0.430031 0.790042 0.249844 1.000000 0.000000 0.000002 0.000491
-0.430032 0.790041 0.249896 1.000000 0.000001 -0.000000 0.000492
-0.430031 0.790043 0.249922 1.000000 -0.000001 0.000002 0.000492
-0.430032 0.790042 0.249948 1.000000 0.000000 -0.000000 0.000493
-0.430033 0.790042 0.249953 1.000000 -0.000000 -0.000002 0.000493
-0.430033 0.790043 0.249962 1.000000 -0.000001 -0.000001 0.000494
-0.430033 0.790041 0.249960 1.000000 0.000001 -0.000001 0.000494
-0.430033 0.790040 0.249961 1.000000 0.000003 -0.000002 0.000494
-0.430032 0.790041 0.249954 1.000000 0.000002 -0.000000 0.000495
-0.430031 0.790044 0.249941 1.000000 -0.000003 0.000002 0.000495
-0.430032 0.790042 0.249932 1.000000 -0.000000 0.000001 0.000495
-0.430033 0.790041 0.249928 1.000000 0.000002 -0.000002 0.000496
-0.430031 0.790042 0.249915 1.000000 -0.000000 0.000002 0.000497
-0.430031 0.790044 0.249904 1.000000 -0.000002 0.000002 0.000497
-0.430033 0.790042 0.249951 1.000000 0.000000 -0.000001 0.000498
-0.430032 0.790043 0.249959 1.000000 -0.000001 0.000000 0.000499
-0.430033 0.790044 0.249906 1.000000 -0.000003 -0.000001 0.000502
-0.430033 0.790044 0.249907 1.000000 -0.000003 -0.000000 0.000504
-0.430031 0.790044 0.249889 1.000000 -0.000003 0.000002 0.000508
-0.430032 0.790044 0.249906 1.000000 -0.000003 0.000000 0.000509
-0.430032 0.790042 0.249886 1.000000 0.000002 0.000002 0.000511
-0.430033 0.790041 0.249837 1.000000 0.000004 -0.000001 0.000513
-0.430033 0.790042 0.249909 1.000000 0.000002 -0.000001 0.000515
-0.430034 0.790043 0.249902 1.000000 -0.000000 -0.000002 0.000517
-0.430034 0.790042 0.249914 1.000000 0.000002 -0.000002 0.000518
-0.430033 0.790044 0.249931 1.000000 -0.000001 -0.000000 0.000519
-0.430033 0.790044 0.249892 1.000000 -0.000001 -0.000000 0.000520
-0.430034 0.790042 0.249903 1.000000 0.000002 -0.000002 0.000521
-0.430034 0.790043 0.249916 1.000000 0.000001 -0.000003 0.000522
-0.430032 0.790047 0.249905 1.000000 -0.000008 0.000001 0.000523
-0.430032 0.790042 0.249885 1.000000 0.000002 0.000000 0.000523
-0.430033 0.790043 0.249877 1.000000 0.000001 -0.000001 0.000525
-0.430033 0.790044 0.249916 1.000000 -0.000001 0.000000 0.000527
-0.430033 0.790043 0.249917 1.000000 0.000001 -0.000000 0.000527
-0.430033 0.790044 0.249940 1.000000 -0.000002 -0.000001 0.000528
-0.430033 0.790043 0.249946 1.000000 0.000002 -0.000001 0.000528
-0.430034 0.790044 0.249928 1.000000 -0.000001 -0.000002 0.000529
-0.430034 0.790044 0.249920 1.000000 -0.000000 -0.000002 0.000530
-0.430031 0.790042 0.249892 1.000000 0.000003 0.000003 0.000531
-0.430032 0.790042 0.249864 1.000000 0.000003 0.000001 0.000531
-0.430034 0.790043 0.249846 1.000000 0.000001 -0.000004 0.000532
-0.430031 0.790044 0.249843 1.000000 -0.000001 0.000003 0.000533
-0.430033 0.790044 0.249881 1.000000 -0.000000 -0.000002 0.000534
-0.430034 0.790043 0.249894 1.000000 0.000001 -0.000003 0.000535
-0.430032 0.790043 0.249903 1.000000 0.000002 0.000000 0.000536
-0.430033 0.790044 0.249910 1.000000 0.000000 -0.000001 0.000537
-0.430033 0.790043 0.249919 1.000000 0.000002 -0.000001 0.000538
-0.430033 0.790043 0.249918 1.000000 0.000002 -0.000001 0.000538
-0.430033 0.790044 0.249945 1.000000 -0.000001 -0.000002 0.000539
-0.430032 0.790044 0.249957 1.000000 -0.000001 0.000001 0.000539
-0.430033 0.790045 0.249963 1.000000 -0.000002 -0.000001 0.000539
-0.430033 0.790043 0.249960 1.000000 0.000002 -0.000002 0.000540
-0.430033 0.790043 0.249965 1.000000 0.000001 -0.000002 0.000541
-0.430033 0.790043 0.249933 1.000000 0.000002 -0.000001 0.000542
-0.430032 0.790044 0.249916 1.000000 0.000001 0.000001 0.000542
-0.430033 0.790045 0.249921 1.000000 -0.000001 -0.000001 0.000543
-0.430033 0.790044 0.249930 1.000000 -0.000001 -0.000001 0.000544
-0.430032 0.790042 0.249913 1.000000 0.000003 0.000000 0.000544
-0.430032 0.790044 0.249885 1.000000 0.000001 0.000001 0.000545
-0.430032 0.790043 0.249898 1.000000 0.000002 0.000000 0.000545
-0.430032 0.790043 0.249895 1.000000 0.000001 0.000001 0.000546
-0.430032 0.790044 0.249884 1.000000 -0.000000 0.000001 0.000548
-0.430032 0.790044 0.249887 1.000000 -0.000000 0.000002 0.000548
-0.430032 0.790045 0.249902 1.000000 -0.000001 0.000001 0.000549
-0.430032 0.790044 0.249915 1.000000 0.000001 -0.000000 0.000549
-0.430033 0.790045 0.249933 1.000000 -0.000000 -0.000002 0.000549
-0.430033 0.790044 0.249950 1.000000 0.000001 -0.000001 0.000549
-0.430033 0.790044 0.249963 1.000000 0.000001 -0.000002 0.000549
-0.430033 0.790044 0.249978 1.000000 0.000001 -0.000001 0.000549
-0.430033 0.790044 0.249981 1.000000 0.000001 -0.000001 0.000550
-0.430032 0.790045 0.249980 1.000000 -0.000001 0.000000 0.000550
-0.430033 0.790045 0.249977 1.000000 -0.000000 -0.000001 0.000550
-0.430032 0.790043 0.249958 1.000000 0.000002 0.000000 0.000551
-0.430031 0.790045 0.249881 1.000000 -0.000000 0.000002 0.000553
-0.430033 0.790046 0.249879 1.000000 -0.000002 -0.000001 0.000555
-0.430031 0.790045 0.249912 1.000000 -0.000000 0.000002 0.000557
-0.430033 0.790045 0.249926 1.000000 -0.000000 -0.000001 0.000559
-0.430032 0.790044 0.249948 1.000000 0.000002 0.000000 0.000561
-0.430033 0.790043 0.249904 1.000000 0.000003 -0.000002 0.000564
-0.430033 0.790044 0.249849 1.000000 0.000001 -0.000003 0.000567
-0.430034 0.790046 0.249827 1.000000 -0.000003 -0.000004 0.000567
-0.430033 0.790043 0.249824 1.000000 0.000003 -0.000001 0.000568
-0.430031 0.790044 0.249836 1.000000 0.000002 0.000002 0.000569
-0.430033 0.790045 0.249853 1.000000 -0.000000 -0.000002 0.000570
-0.430033 0.790045 0.249894 1.000000 -0.000000 -0.000001 0.000571
-0.430033 0.790046 0.249903 1.000000 -0.000002 -0.000001 0.000572
-0.430031 0.790047 0.249911 1.000000 -0.000003 0.000002 0.000573
-0.430031 0.790046 0.249914 1.000000 -0.000002 0.000003 0.000573
-0.430031 0.790047 0.249914 1.000000 -0.000003 0.000001 0.000573
-0.430034 0.790044 0.249901 1.000000 0.000003 -0.000005 0.000574
-0.430032 0.790045 0.249892 1.000000 0.000001 0.000001 0.000575
-0.430033 0.790045 0.249885 1.000000 0.000001 -0.000002 0.000576
-0.430033 0.790046 0.249931 1.000000 -0.000001 -0.000001 0.000578
-0.430033 0.790045 0.249915 1.000000 0.000000 -0.000002 0.000581
-0.430033 0.790045 0.249897 1.000000 0.000001 -0.000003 0.000583
-0.430031 0.790046 0.249913 1.000000 -0.000000 0.000001 0.000585
-0.430033 0.790045 0.249921 1.000000 0.000002 -0.000002 0.000585
-0.430031 0.790044 0.249905 1.000000 0.000004 0.000002 0.000586
-0.430033 0.790046 0.249892 1.000000 0.000000 -0.000002 0.000586
-0.430032 0.790045 0.249913 1.000000 0.000002 -0.000000 0.000586
-0.430033 0.790045 0.249924 1.000000 0.000001 -0.000002 0.000587
-0.430033 0.790047 0.249923 1.000000 -0.000001 -0.000002 0.000587
-0.430034 0.790047 0.249881 1.000000 -0.000002 -0.000005 0.000588
-0.430033 0.790045 0.249862 1.000000 0.000003 -0.000002 0.000588
-0.430031 0.790045 0.249851 1.000000 0.000002 0.000002 0.000589
-0.430030 0.790047 0.249846 1.000000 -0.000002 0.000003 0.000589
-0.430032 0.790046 0.249861 1.000000 -0.000001 -0.000000 0.000590
-0.430034 0.790045 0.249887 1.000000 0.000003 -0.000003 0.000590
-0.430033 0.790046 0.249957 1.000000 0.000001 -0.000002 0.000592
-0.430033 0.790046 0.249948 1.000000 0.000001 -0.000002 0.000594
-0.430032 0.790046 0.249942 1.000000 0.000001 0.000001 0.000594
-0.430032 0.790046 0.249934 1.000000 0.000000 -0.000000 0.000595
-0.430032 0.790046 0.249947 1.000000 -0.000000 0.000001 0.000595
-0.430032 0.790046 0.249958 1.000000 -0.000000 0.000000 0.000596
-0.430033 0.790045 0.249966 1.000000 0.000002 -0.000001 0.000596
-0.430033 0.790045 0.249974 1.000000 0.000003 -0.000002 0.000597
-0.430033 0.790046 0.249862 1.000000 0.000000 -0.000001 0.000600
-0.430031 0.790046 0.249866 1.000000 0.000000 0.000001 0.000602
-0.430031 0.790048 0.249889 1.000000 -0.000003 0.000003 0.000604
-0.430032 0.790049 0.249845 1.000000 -0.000006 0.000000 0.000607
-0.430033 0.790048 0.249859 1.000000 -0.000003 -0.000001 0.000610
-0.430031 0.790046 0.249876 1.000000 0.000001 0.000001 0.000613
-0.430032 0.790045 0.249919 1.000000 0.000003 0.000001 0.000615
-0.430031 0.790046 0.249883 1.000000 0.000002 0.000001 0.000616
-0.430032 0.790046 0.249877 1.000000 0.000002 0.000000 0.000616
-0.430033 0.790046 0.249866 1.000000 0.000002 -0.000001 0.000617
-0.430033 0.790048 0.249847 1.000000 -0.000002 -0.000001 0.000618
-0.430033 0.790046 0.249862 1.000000 0.000002 -0.000003 0.000620
-0.430033 0.790046 0.249887 1.000000 0.000001 -0.000002 0.000620
-0.430032 0.790048 0.249907 1.000000 -0.000002 0.000001 0.000621
-0.430030 0.790047 0.249919 1.000000 -0.000000 0.000003 0.000621
-0.430033 0.790047 0.249930 1.000000 0.000001 -0.000001 0.000622
-0.430033 0.790048 0.249961 1.000000 -0.000001 -0.000001 0.000623
-0.430031 0.790048 0.249946 1.000000 -0.000002 0.000002 0.000624
-0.430031 0.790047 0.249954 1.000000 -0.000000 0.000001 0.000626
-0.430031 0.790048 0.249921 1.000000 -0.000001 0.000002 0.000628
-0.430033 0.790047 0.249931 1.000000 0.000000 -0.000001 0.000630
-0.430032 0.790047 0.249920 1.000000 0.000000 -0.000001 0.000632
-0.430031 0.790046 0.249839 1.000000 0.000003 0.000003 0.000633
-0.430031 0.790048 0.249874 1.000000 -0.000001 0.000002 0.000636
-0.430032 0.790048 0.249950 1.000000 -0.000000 0.000000 0.000638
-0.430032 0.790049 0.249957 1.000000 -0.000003 0.000000 0.000639
-0.430032 0.790047 0.249873 1.000000 0.000002 0.000000 0.000641
-0.430032 0.790046 0.249874 1.000000 0.000003 -0.000000 0.000642
-0.430034 0.790049 0.249839 1.000000 -0.000002 -0.000003 0.000645
-0.430030 0.790048 0.249844 1.000000 -0.000000 0.000004 0.000647
-0.430031 0.790049 0.249921 1.000000 -0.000002 0.000002 0.000649
-0.430031 0.790047 0.249913 1.000000 0.000003 0.000002 0.000650
-0.430032 0.790049 0.249884 1.000000 -0.000001 -0.000001 0.000652
-0.430032 0.790048 0.249952 1.000000 -0.000000 -0.000000 0.000653
-0.430032 0.790048 0.249978 1.000000 -0.000000 -0.000000 0.000654
-0.430031 0.790048 0.249945 1.000000 -0.000000 0.000001 0.000655
-0.430031 0.790050 0.249947 1.000000 -0.000003 0.000001 0.000655
-0.430032 0.790047 0.249944 1.000000 0.000003 0.000000 0.000655
-0.430033 0.790048 0.249922 1.000000 -0.000000 -0.000002 0.000656
-0.430033 0.790048 0.249930 1.000000 0.000001 -0.000001 0.000656
-0.430031 0.790049 0.249951 1.000000 -0.000002 0.000001 0.000657
-0.430033 0.790048 0.249940 1.000000 -0.000000 -0.000002 0.000657
-0.430033 0.790049 0.249919 1.000000 -0.000001 -0.000002 0.000657
-0.430031 0.790049 0.249909 1.000000 -0.000001 0.000002 0.000658
-0.430033 0.790049 0.249922 1.000000 -0.000000 -0.000003 0.000658
-0.430033 0.790049 0.249938 1.000000 -0.000001 -0.000002 0.000658
-0.430032 0.790048 0.249950 1.000000 0.000002 -0.000000 0.000659
-0.430033 0.790047 0.249933 1.000000 0.000003 -0.000002 0.000660
-0.430034 0.790050 0.249925 1.000000 -0.000002 -0.000003 0.000662
-0.430032 0.790047 0.249930 1.000000 0.000004 -0.000001 0.000664
-0.430034 0.790049 0.249895 1.000000 -0.000001 -0.000004 0.000666
-0.430032 0.790048 0.249942 1.000000 0.000001 0.000001 0.000668
-0.430033 0.790051 0.249951 1.000000 -0.000003 -0.000001 0.000669
-0.430033 0.790049 0.249916 1.000000 0.000001 -0.000002 0.000671
-0.430032 0.790051 0.249945 1.000000 -0.000003 0.000000 0.000672
-0.430033 0.790049 0.249926 1.000000 0.000001 -0.000002 0.000674
-0.430034 0.790050 0.249941 1.000000 -0.000002 -0.000003 0.000675
-0.430032 0.790048 0.249855 1.000000 0.000003 0.000000 0.000677
-0.430033 0.790050 0.249888 1.000000 -0.000000 -0.000001 0.000680
-0.430032 0.790050 0.249862 1.000000 0.000000 0.000001 0.000682
-0.430033 0.790050 0.249908 1.000000 -0.000001 -0.000002 0.000684
-0.430031 0.790052 0.249892 1.000000 -0.000004 0.000002 0.000686
-0.430032 0.790050 0.249873 1.000000 0.000000 0.000000 0.000689
-0.430031 0.790049 0.249871 1.000000 0.000001 0.000002 0.000693
-0.430033 0.790050 0.249857 1.000000 -0.000000 -0.000001 0.000693
-0.430031 0.790051 0.249855 1.000000 -0.000001 0.000003 0.000695
-0.430031 0.790050 0.249852 1.000000 0.000000 0.000003 0.000696
-0.430033 0.790049 0.249859 1.000000 0.000003 -0.000001 0.000697
-0.430032 0.790051 0.249877 1.000000 -0.000002 0.000002 0.000697
-0.430034 0.790051 0.249903 1.000000 -0.000001 -0.000002 0.000698
-0.430033 0.790051 0.249899 1.000000 -0.000002 -0.000001 0.000699
-0.430033 0.790049 0.249871 1.000000 0.000002 -0.000002 0.000700
-0.430032 0.790050 0.249874 1.000000 0.000001 0.000001 0.000701
-0.430032 0.790052 0.249894 1.000000 -0.000003 0.000000 0.000702
-0.430033 0.790050 0.249951 1.000000 0.000001 -0.000001 0.000704
-0.430033 0.790049 0.249964 1.000000 0.000003 -0.000002 0.000705
-0.430033 0.790050 0.249905 1.000000 0.000002 -0.000002 0.000708
-0.430033 0.790050 0.249918 1.000000 0.000002 -0.000002 0.000710
-0.430033 0.790050 0.249966 1.000000 0.000001 -0.000002 0.000711
-0.430033 0.790050 0.249960 1.000000 0.000002 -0.000001 0.000712
-0.430031 0.790053 0.249917 1.000000 -0.000004 0.000002 0.000714
-0.430031 0.790050 0.249876 1.000000 0.000001 0.000002 0.000716
-0.430031 0.790051 0.249872 1.000000 -0.000001 0.000003 0.000716
-0.430034 0.790050 0.249895 1.000000 0.000002 -0.000003 0.000718
-0.430031 0.790053 0.249905 1.000000 -0.000003 0.000003 0.000719
-0.430032 0.790049 0.249903 1.000000 0.000004 0.000001 0.000719
-0.430033 0.790050 0.249892 1.000000 0.000001 -0.000002 0.000720
-0.430032 0.790053 0.249890 1.000000 -0.000004 0.000000 0.000721
-0.430032 0.790050 0.249889 1.000000 0.000001 -0.000000 0.000721
-0.430031 0.790051 0.249896 1.000000 0.000000 0.000002 0.000722
-0.430032 0.790051 0.249910 1.000000 0.000000 0.000001 0.000722
-0.430031 0.790051 0.249927 1.000000 -0.000001 0.000003 0.000723
-0.430031 0.790052 0.249938 1.000000 -0.000002 0.000002 0.000723
-0.430033 0.790050 0.249935 1.000000 0.000001 -0.000002 0.000723
-0.430032 0.790051 0.249930 1.000000 -0.000001 0.000001 0.000724
-0.430033 0.790050 0.249931 1.000000 0.000002 -0.000001 0.000724
-0.430033 0.790051 0.249936 1.000000 0.000001 -0.000002 0.000725
-0.430033 0.790051 0.249947 1.000000 -0.000000 -0.000001 0.000725
-0.430033 0.790050 0.249952 1.000000 0.000002 -0.000001 0.000725
-0.430033 0.790050 0.249947 1.000000 0.000001 -0.000002 0.000726
-0.430033 0.790050 0.249955 1.000000 0.000002 -0.000002 0.000726
-0.430032 0.790051 0.249967 1.000000 0.000000 0.000000 0.000726
-0.430032 0.790051 0.249970 1.000000 -0.000001 0.000001 0.000726
-0.430034 0.790051 0.249971 1.000000 0.000000 -0.000004 0.000727
-0.430033 0.790050 0.249962 1.000000 0.000002 -0.000001 0.000727
-0.430032 0.790053 0.249927 1.000000 -0.000003 0.000000 0.000728
-0.430032 0.790052 0.249905 1.000000 -0.000002 0.000001 0.000729
-0.430035 0.790051 0.249872 1.000000 0.000001 -0.000004 0.000730
-0.430032 0.790053 0.249867 1.000000 -0.000004 0.000000 0.000730
-0.430032 0.790051 0.249881 1.000000 0.000001 0.000001 0.000732
-0.430032 0.790051 0.249907 1.000000 0.000001 -0.000000 0.000734
-0.430033 0.790049 0.249891 1.000000 0.000005 -0.000001 0.000737
-0.430032 0.790052 0.249888 1.000000 -0.000000 0.000000 0.000740
-0.430032 0.790052 0.249908 1.000000 -0.000001 0.000001 0.000742
-0.430031 0.790052 0.249890 1.000000 -0.000002 0.000002 0.000744
-0.430032 0.790053 0.249833 1.000000 -0.000003 0.000000 0.000746
-0.430033 0.790052 0.249846 1.000000 -0.000000 -0.000002 0.000748
-0.430032 0.790051 0.249912 1.000000 0.000002 0.000000 0.000751
-0.430032 0.790052 0.249911 1.000000 0.000001 0.000000 0.000753
-0.430034 0.790053 0.249915 1.000000 -0.000002 -0.000004 0.000755
-0.430033 0.790052 0.249884 1.000000 0.000001 -0.000001 0.000755
-0.430034 0.790050 0.249844 1.000000 0.000005 -0.000004 0.000757
-0.430030 0.790052 0.249830 1.000000 0.000000 0.000004 0.000757
-0.430033 0.790050 0.249826 1.000000 0.000004 -0.000001 0.000758
-0.430033 0.790052 0.249826 1.000000 0.000001 -0.000002 0.000759
-0.430032 0.790052 0.249849 1.000000 0.000001 0.000000 0.000761
-0.430032 0.790053 0.249866 1.000000 -0.000001 0.000001 0.000761
-0.430033 0.790053 0.249918 1.000000 -0.000001 -0.000002 0.000762
-0.430033 0.790052 0.249937 1.000000 0.000001 -0.000001 0.000762
-0.430033 0.790051 0.249964 1.000000 0.000002 -0.000002 0.000763
-0.430033 0.790052 0.249972 1.000000 0.000001 -0.000001 0.000763
-0.430033 0.790052 0.249978 1.000000 0.000001 -0.000001 0.000763
-0.430033 0.790052 0.249981 1.000000 0.000001 -0.000002 0.000763
-0.430033 0.790052 0.249981 1.000000 0.000001 -0.000001 0.000763
-0.430033 0.790052 0.249981 1.000000 0.000001 -0.000001 0.000763
-0.430033 0.790052 0.249982 1.000000 0.000001 -0.000002 0.000763
-0.430033 0.790053 0.249983 1.000000 -0.000001 -0.000002 0.000764
-0.430034 0.790053 0.249969 1.000000 -0.000000 -0.000003 0.000764
-0.430033 0.790052 0.249956 1.000000 0.000000 -0.000000 0.000764
-0.430033 0.790051 0.249953 1.000000 0.000002 -0.000002 0.000765
-0.430034 0.790052 0.249952 1.000000 0.000001 -0.000003 0.000765
-0.430032 0.790052 0.249947 1.000000 0.000000 0.000000 0.000766
-0.430031 0.790052 0.249936 1.000000 0.000001 0.000002 0.000766
-0.430032 0.790052 0.249921 1.000000 0.000000 0.000001 0.000766
-0.430033 0.790052 0.249906 1.000000 0.000001 -0.000001 0.000767
-0.430034 0.790053 0.249901 1.000000 -0.000000 -0.000003 0.000767
-0.430033 0.790052 0.249913 1.000000 0.000000 -0.000002 0.000768
-0.430033 0.790053 0.249923 1.000000 -0.000001 -0.000002 0.000768
-0.430033 0.790053 0.249945 1.000000 0.000000 -0.000002 0.000769
-0.430033 0.790053 0.249954 1.000000 -0.000000 -0.000002 0.000769
-0.430034 0.790053 0.249958 1.000000 0.000000 -0.000004 0.000770
-0.430033 0.790053 0.249941 1.000000 -0.000002 -0.000002 0.000770
-0.430033 0.790052 0.249929 1.000000 0.000002 -0.000001 0.000771
-0.430032 0.790054 0.249923 1.000000 -0.000002 0.000000 0.000772
-0.430033 0.790053 0.249930 1.000000 -0.000001 -0.000000 0.000772
-0.430033 0.790053 0.249939 1.000000 0.000000 -0.000001 0.000773
-0.430032 0.790053 0.249943 1.000000 -0.000001 0.000000 0.000774
-0.430032 0.790054 0.249939 1.000000 -0.000003 0.000001 0.000774
-0.430033 0.790052 0.249924 1.000000 0.000002 -0.000002 0.000775
-0.430031 0.790054 0.249920 1.000000 -0.000002 0.000002 0.000776
-0.430032 0.790053 0.249913 1.000000 -0.000001 0.000000 0.000777
-0.430034 0.790052 0.249909 1.000000 0.000001 -0.000003 0.000777
-0.430034 0.790053 0.249915 1.000000 0.000000 -0.000003 0.000777
-0.430034 0.790052 0.249920 1.000000 0.000002 -0.000002 0.000778
-0.430033 0.790052 0.249927 1.000000 0.000002 -0.000001 0.000778
-0.430032 0.790054 0.249913 1.000000 -0.000002 0.000001 0.000778
-0.430035 0.790052 0.249901 1.000000 0.000002 -0.000005 0.000779
-0.430033 0.790053 0.249892 1.000000 -0.000000 -0.000002 0.000780
-0.430031 0.790053 0.249885 1.000000 0.000000 0.000003 0.000780
-0.430032 0.790055 0.249874 1.000000 -0.000003 0.000000 0.000780
-0.430031 0.790053 0.249856 1.000000 -0.000000 0.000003 0.000781
-0.430035 0.790054 0.249840 1.000000 -0.000001 -0.000005 0.000782
-0.430032 0.790053 0.249833 1.000000 0.000001 0.000002 0.000783
-0.430031 0.790053 0.249849 1.000000 -0.000000 0.000003 0.000784
-0.430034 0.790053 0.249877 1.000000 -0.000000 -0.000002 0.000785
-0.430033 0.790053 0.249901 1.000000 0.000001 -0.000001 0.000785
-0.430033 0.790054 0.249928 1.000000 -0.000001 0.000000 0.000786
-0.430033 0.790053 0.249940 1.000000 -0.000000 -0.000001 0.000787
-0.430033 0.790053 0.249952 1.000000 0.000000 -0.000000 0.000787
-0.430032 0.790053 0.249953 1.000000 0.000001 0.000002 0.000787
-0.430033 0.790054 0.249943 1.000000 -0.000000 -0.000001 0.000787
-0.430034 0.790052 0.249942 1.000000 0.000002 -0.000002 0.000788
-0.430033 0.790053 0.249945 1.000000 0.000000 -0.000001 0.000788
-0.430034 0.790054 0.249955 1.000000 -0.000001 -0.000002 0.000789
-0.430033 0.790052 0.249961 1.000000 0.000002 -0.000001 0.000789
-0.430033 0.790052 0.249959 1.000000 0.000003 0.000000 0.000789
-0.430032 0.790053 0.249940 1.000000 0.000001 0.000001 0.000790
-0.430034 0.790053 0.249906 1.000000 0.000001 -0.000003 0.000790
-0.430034 0.790053 0.249881 1.000000 0.000001 -0.000003 0.000791
-0.430030 0.790054 0.249858 1.000000 -0.000001 0.000005 0.000792
-0.430034 0.790055 0.249843 1.000000 -0.000002 -0.000002 0.000792
-0.430033 0.790050 0.249839 1.000000 0.000006 -0.000001 0.000793
-0.430036 0.790054 0.249842 1.000000 -0.000002 -0.000006 0.000793
-0.430031 0.790052 0.249828 1.000000 0.000004 0.000003 0.000794
-0.430034 0.790055 0.249817 1.000000 -0.000004 -0.000002 0.000794
-0.430031 0.790055 0.249813 1.000000 -0.000003 0.000005 0.000795
-0.430035 0.790053 0.249813 1.000000 0.000002 -0.000005 0.000795
-0.430032 0.790054 0.249839 1.000000 -0.000001 0.000001 0.000797
-0.430033 0.790052 0.249849 1.000000 0.000004 -0.000001 0.000798
-0.430033 0.790055 0.249878 1.000000 -0.000002 0.000001 0.000799
-0.430032 0.790054 0.249899 1.000000 -0.000000 0.000002 0.000799
-0.430034 0.790054 0.249888 1.000000 -0.000000 -0.000001 0.000801
-0.430035 0.790056 0.249868 1.000000 -0.000004 -0.000003 0.000801
-0.430033 0.790053 0.249836 1.000000 0.000002 -0.000000 0.000803
-0.430033 0.790053 0.249843 1.000000 0.000001 -0.000000 0.000803
-0.430034 0.790055 0.249851 1.000000 -0.000001 -0.000001 0.000804
-0.430035 0.790054 0.249930 1.000000 -0.000000 -0.000003 0.000806
-0.430033 0.790053 0.249904 1.000000 0.000002 -0.000000 0.000808
-0.430034 0.790054 0.249909 1.000000 0.000000 -0.000001 0.000811
-0.430033 0.790053 0.249886 1.000000 0.000003 -0.000001 0.000813
-0.430032 0.790053 0.249888 1.000000 0.000002 0.000001 0.000813
-0.430033 0.790053 0.249892 1.000000 0.000002 0.000001 0.000814
-0.430034 0.790054 0.249896 1.000000 0.000001 -0.000002 0.000815
-0.430032 0.790055 0.249907 1.000000 -0.000002 0.000003 0.000817
-0.430034 0.790054 0.249903 1.000000 0.000001 -0.000002 0.000817
-0.430034 0.790055 0.249893 1.000000 -0.000002 -0.000001 0.000818
-0.430033 0.790053 0.249889 1.000000 0.000004 0.000000 0.000819
-0.430033 0.790056 0.249864 1.000000 -0.000003 -0.000000 0.000820
-0.430034 0.790055 0.249863 1.000000 -0.000001 -0.000001 0.000820
-0.430033 0.790052 0.249877 1.000000 0.000005 0.000000 0.000821
-0.430034 0.790056 0.249866 1.000000 -0.000003 -0.000002 0.000821
-0.430034 0.790056 0.249839 1.000000 -0.000003 -0.000000 0.000822
-0.430034 0.790053 0.249837 1.000000 0.000004 -0.000001 0.000822
-0.430032 0.790056 0.249845 1.000000 -0.000003 0.000003 0.000823
-0.430036 0.790054 0.249848 1.000000 0.000002 -0.000005 0.000824
-0.430033 0.790056 0.249879 1.000000 -0.000002 0.000002 0.000825
-0.430034 0.790055 0.249896 1.000000 0.000000 -0.000001 0.000826
-0.430034 0.790056 0.249929 1.000000 -0.000002 -0.000001 0.000827
-0.430033 0.790055 0.249933 1.000000 -0.000001 0.000000 0.000827
-0.430035 0.790054 0.249939 1.000000 0.000003 -0.000002 0.000827
-0.430034 0.790054 0.249947 1.000000 0.000001 -0.000002 0.000828
-0.430035 0.790054 0.249958 1.000000 0.000001 -0.000002 0.000828
-0.430035 0.790055 0.249962 1.000000 -0.000001 -0.000002 0.000828
-0.430034 0.790054 0.249964 1.000000 0.000002 -0.000001 0.000828
-0.430034 0.790055 0.249965 1.000000 0.000000 -0.000000 0.000829
-0.430035 0.790054 0.249967 1.000000 0.000003 -0.000002 0.000829
-0.430034 0.790056 0.249966 1.000000 -0.000002 -0.000001 0.000830
-0.430035 0.790055 0.249946 1.000000 0.000001 -0.000002 0.000830
-0.430035 0.790054 0.249948 1.000000 0.000002 -0.000002 0.000831
-0.430033 0.790054 0.249933 1.000000 0.000001 0.000000 0.000832
-0.430032 0.790055 0.249921 1.000000 0.000000 0.000002 0.000832
-0.430033 0.790055 0.249916 1.000000 -0.000000 0.000001 0.000833
-0.430034 0.790055 0.249924 1.000000 -0.000000 -0.000002 0.000833
-0.430034 0.790056 0.249943 1.000000 -0.000001 -0.000001 0.000833
-0.430034 0.790054 0.249949 1.000000 0.000001 -0.000001 0.000834
-0.430035 0.790054 0.249960 1.000000 0.000001 -0.000003 0.000834
-0.430033 0.790057 0.249948 1.000000 -0.000003 0.000002 0.000835
-0.430036 0.790055 0.249913 1.000000 0.000000 -0.000005 0.000836
-0.430034 0.790052 0.249881 1.000000 0.000007 0.000000 0.000836
-0.430032 0.790054 0.249842 1.000000 0.000002 0.000004 0.000837
-0.430035 0.790055 0.249826 1.000000 0.000000 -0.000003 0.000838
-0.430036 0.790057 0.249800 1.000000 -0.000004 -0.000004 0.000839
-0.430032 0.790055 0.249789 1.000000 0.000001 0.000003 0.000839
-0.430034 0.790054 0.249804 1.000000 0.000003 -0.000001 0.000840
-0.430033 0.790056 0.249824 1.000000 -0.000001 0.000002 0.000841
-0.430034 0.790054 0.249851 1.000000 0.000003 -0.000001 0.000842
-0.430034 0.790055 0.249860 1.000000 0.000002 0.000000 0.000842
-0.430034 0.790055 0.249883 1.000000 0.000001 -0.000001 0.000844
-0.430034 0.790056 0.249886 1.000000 -0.000000 -0.000001 0.000844
-0.430035 0.790055 0.249883 1.000000 0.000001 -0.000002 0.000845
-0.430033 0.790056 0.249878 1.000000 0.000000 0.000001 0.000846
-0.430036 0.790056 0.249855 1.000000 -0.000001 -0.000004 0.000847
-0.430035 0.790052 0.249844 1.000000 0.000007 -0.000002 0.000848
-0.430032 0.790057 0.249821 1.000000 -0.000002 0.000005 0.000849
-0.430036 0.790055 0.249818 1.000000 0.000001 -0.000004 0.000850
-0.430034 0.790055 0.249853 1.000000 0.000001 -0.000000 0.000852
-0.430036 0.790054 0.249870 1.000000 0.000002 -0.000004 0.000852
-0.430032 0.790057 0.249882 1.000000 -0.000002 0.000003 0.000853
-0.430033 0.790055 0.249888 1.000000 0.000001 0.000002 0.000853
-0.430036 0.790055 0.249863 1.000000 0.000001 -0.000004 0.000854
-0.430033 0.790053 0.249851 1.000000 0.000005 0.000001 0.000855
-0.430035 0.790055 0.249849 1.000000 0.000001 -0.000003 0.000856
-0.430034 0.790055 0.249857 1.000000 0.000001 0.000001 0.000856
-0.430033 0.790057 0.249858 1.000000 -0.000002 0.000002 0.000857
-0.430033 0.790056 0.249909 1.000000 0.000000 0.000002 0.000858
-0.430034 0.790057 0.249927 1.000000 -0.000003 0.000000 0.000858
-0.430034 0.790056 0.249945 1.000000 0.000001 -0.000000 0.000859
-0.430034 0.790056 0.249957 1.000000 0.000000 0.000001 0.000859
-0.430035 0.790056 0.249968 1.000000 0.000001 -0.000002 0.000859
-0.430035 0.790056 0.249971 1.000000 -0.000000 -0.000003 0.000859
-0.430035 0.790055 0.249972 1.000000 0.000001 -0.000002 0.000860
-0.430034 0.790055 0.249976 1.000000 0.000001 -0.000001 0.000860
-0.430035 0.790057 0.249977 1.000000 -0.000001 -0.000001 0.000860
-0.430035 0.790056 0.249971 1.000000 -0.000000 -0.000001 0.000860
-0.430034 0.790056 0.249963 1.000000 0.000000 -0.000000 0.000861
-0.430034 0.790056 0.249965 1.000000 0.000001 -0.000001 0.000861
-0.430035 0.790055 0.249970 1.000000 0.000001 -0.000002 0.000861
-0.430034 0.790056 0.249975 1.000000 -0.000000 -0.000001 0.000861
-0.430034 0.790055 0.249977 1.000000 0.000002 -0.000001 0.000862
-0.430035 0.790055 0.249968 1.000000 0.000002 -0.000001 0.000862
-0.430034 0.790055 0.249956 1.000000 0.000001 -0.000001 0.000862
-0.430035 0.790056 0.249953 1.000000 0.000001 -0.000002 0.000863
-0.430034 0.790055 0.249955 1.000000 0.000001 -0.000001 0.000863
-0.430034 0.790055 0.249958 1.000000 0.000002 -0.000001 0.000864
-0.430034 0.790055 0.249950 1.000000 0.000001 -0.000000 0.000864
-0.430035 0.790056 0.249944 1.000000 0.000001 -0.000002 0.000865
-0.430035 0.790057 0.249944 1.000000 -0.000002 -0.000002 0.000865
-0.430034 0.790055 0.249931 1.000000 0.000001 0.000000 0.000866
-0.430034 0.790056 0.249928 1.000000 -0.000001 0.000000 0.000867
-0.430034 0.790057 0.249929 1.000000 -0.000002 -0.000000 0.000867
-0.430032 0.790057 0.249926 1.000000 -0.000002 0.000003 0.000868
-0.430035 0.790056 0.249948 1.000000 0.000000 -0.000002 0.000869
-0.430034 0.790057 0.249944 1.000000 -0.000001 -0.000000 0.000869
-0.430033 0.790056 0.249926 1.000000 -0.000000 0.000002 0.000870
-0.430035 0.790055 0.249916 1.000000 0.000002 -0.000003 0.000870
-0.430034 0.790058 0.249891 1.000000 -0.000003 0.000001 0.000871
-0.430034 0.790056 0.249885 1.000000 0.000001 -0.000000 0.000871
-0.430035 0.790057 0.249919 1.000000 -0.000001 -0.000001 0.000872
-0.430035 0.790056 0.249937 1.000000 0.000001 -0.000002 0.000872
-0.430034 0.790056 0.249960 1.000000 0.000001 -0.000001 0.000872
-0.430035 0.790057 0.249972 1.000000 -0.000001 -0.000002 0.000873
-0.430033 0.790057 0.249895 1.000000 -0.000000 0.000003 0.000875
-0.430034 0.790058 0.249914 1.000000 -0.000003 -0.000001 0.000877
-0.430034 0.790057 0.249889 1.000000 -0.000000 0.000000 0.000879
-0.430032 0.790057 0.249863 1.000000 -0.000001 0.000003 0.000882
-0.430033 0.790057 0.249899 1.000000 -0.000001 0.000002 0.000882
-0.430034 0.790057 0.249920 1.000000 0.000000 -0.000001 0.000882
-0.430035 0.790056 0.249940 1.000000 0.000001 -0.000003 0.000883
-0.430034 0.790057 0.249932 1.000000 -0.000001 -0.000001 0.000883
-0.430035 0.790056 0.249945 1.000000 0.000002 -0.000002 0.000884
-0.430035 0.790057 0.249954 1.000000 -0.000000 -0.000003 0.000884
-0.430035 0.790057 0.249938 1.000000 -0.000001 -0.000002 0.000885
-0.430033 0.790057 0.249918 1.000000 -0.000001 0.000001 0.000886
-0.430035 0.790057 0.249929 1.000000 -0.000001 -0.000002 0.000886
-0.430034 0.790056 0.249934 1.000000 0.000002 -0.000001 0.000886
-0.430034 0.790057 0.249928 1.000000 -0.000001 0.000000 0.000887
-0.430034 0.790057 0.249927 1.000000 -0.000001 -0.000000 0.000887
-0.430035 0.790056 0.249930 1.000000 0.000002 -0.000002 0.000887
-0.430034 0.790057 0.249932 1.000000 0.000001 0.000001 0.000888
-0.430035 0.790055 0.249925 1.000000 0.000003 -0.000002 0.000888
-0.430034 0.790056 0.249917 1.000000 0.000002 -0.000001 0.000889
-0.430034 0.790056 0.249917 1.000000 0.000001 -0.000001 0.000889
-0.430034 0.790058 0.249918 1.000000 -0.000002 -0.000000 0.000890
-0.430034 0.790058 0.249923 1.000000 -0.000001 -0.000001 0.000890
-0.430035 0.790057 0.249922 1.000000 0.000000 -0.000003 0.000891
-0.430034 0.790056 0.249918 1.000000 0.000001 -0.000000 0.000891
-0.430033 0.790057 0.249924 1.000000 -0.000000 0.000001 0.000891
-0.430033 0.790058 0.249931 1.000000 -0.000003 0.000002 0.000892
-0.430034 0.790057 0.249935 1.000000 -0.000000 -0.000001 0.000892
-0.430034 0.790055 0.249919 1.000000 0.000003 -0.000001 0.000893
-0.430034 0.790056 0.249904 1.000000 0.000001 0.000001 0.000893
-0.430035 0.790056 0.249907 1.000000 0.000001 -0.000002 0.000894
-0.430035 0.790056 0.249921 1.000000 0.000002 -0.000002 0.000894
-0.430034 0.790056 0.249936 1.000000 0.000002 -0.000001 0.000894
-0.430034 0.790057 0.249948 1.000000 0.000000 -0.000001 0.000895
-0.430034 0.790057 0.249958 1.000000 0.000001 -0.000000 0.000895
-0.430035 0.790057 0.249967 1.000000 0.000001 -0.000002 0.000895
-0.430035 0.790057 0.249972 1.000000 0.000001 -0.000002 0.000895
-0.430034 0.790056 0.249966 1.000000 0.000002 -0.000000 0.000896
-0.430034 0.790056 0.249956 1.000000 0.000002 -0.000001 0.000896
-0.430035 0.790057 0.249948 1.000000 -0.000000 -0.000002 0.000897
-0.430034 0.790058 0.249948 1.000000 -0.000001 -0.000001 0.000897
-0.430032 0.790057 0.249946 1.000000 -0.000000 0.000003 0.000898
-0.430033 0.790058 0.249935 1.000000 -0.000001 0.000002 0.000898
-0.430035 0.790057 0.249926 1.000000 0.000001 -0.000002 0.000899
-0.430034 0.790057 0.249947 1.000000 -0.000001 -0.000001 0.000899
-0.430035 0.790057 0.249941 1.000000 -0.000000 -0.000003 0.000900
-0.430034 0.790057 0.249888 1.000000 0.000001 0.000001 0.000901
-0.430033 0.790058 0.249887 1.000000 -0.000000 0.000002 0.000901
-0.430034 0.790058 0.249881 1.000000 -0.000002 -0.000001 0.000903
-0.430034 0.790057 0.249913 1.000000 0.000000 -0.000001 0.000905
-0.430034 0.790058 0.249932 1.000000 -0.000002 -0.000001 0.000905
-0.430034 0.790057 0.249949 1.000000 0.000001 -0.000001 0.000906
-0.430035 0.790057 0.249969 1.000000 -0.000000 -0.000002 0.000907
-0.430035 0.790057 0.249962 1.000000 0.000001 -0.000002 0.000907
-0.430035 0.790056 0.249958 1.000000 0.000002 -0.000002 0.000908
-0.430034 0.790057 0.249980 1.000000 0.000001 -0.000001 0.000908
-0.430035 0.790057 0.249982 1.000000 0.000001 -0.000002 0.000908
-0.430034 0.790057 0.249985 1.000000 -0.000000 -0.000000 0.000908
-0.430034 0.790056 0.249921 1.000000 0.000002 -0.000000 0.000910
-0.430035 0.790058 0.249904 1.000000 -0.000000 -0.000003 0.000911
-0.430034 0.790059 0.249897 1.000000 -0.000003 -0.000001 0.000911
-0.430034 0.790055 0.249871 1.000000 0.000005 -0.000000 0.000914
-0.430034 0.790059 0.249867 1.000000 -0.000002 -0.000002 0.000915
-0.430035 0.790058 0.249867 1.000000 -0.000001 -0.000003 0.000916
-0.430033 0.790059 0.249912 1.000000 -0.000003 0.000000 0.000918
-0.430033 0.790056 0.249911 1.000000 0.000003 0.000001 0.000918
-0.430033 0.790057 0.249894 1.000000 0.000001 0.000001 0.000919
-0.430033 0.790059 0.249900 1.000000 -0.000003 0.000001 0.000921
-0.430032 0.790057 0.249888 1.000000 0.000002 0.000003 0.000922
-0.430035 0.790059 0.249861 1.000000 -0.000001 -0.000004 0.000923
-0.430032 0.790058 0.249841 1.000000 -0.000001 0.000002 0.000924
-0.430033 0.790059 0.249873 1.000000 -0.000002 0.000000 0.000925
-0.430034 0.790059 0.249901 1.000000 -0.000001 -0.000001 0.000925
-0.430034 0.790058 0.249941 1.000000 -0.000001 -0.000002 0.000926
-0.430033 0.790057 0.249929 1.000000 0.000002 -0.000000 0.000927
-0.430033 0.790058 0.249912 1.000000 -0.000000 0.000001 0.000928
-0.430035 0.790058 0.249941 1.000000 0.000001 -0.000002 0.000929
-0.430034 0.790058 0.249956 1.000000 0.000001 -0.000001 0.000929
-0.430035 0.790058 0.249974 1.000000 0.000000 -0.000002 0.000930
-0.430034 0.790057 0.249961 1.000000 0.000002 -0.000001 0.000931
-0.430034 0.790058 0.249931 1.000000 -0.000000 -0.000002 0.000933
-0.430034 0.790058 0.249953 1.000000 0.000002 -0.000001 0.000934
-0.430034 0.790058 0.249966 1.000000 0.000001 -0.000001 0.000935
-0.430034 0.790058 0.249962 1.000000 0.000002 -0.000002 0.000936
-0.430034 0.790058 0.249968 1.000000 0.000000 -0.000002 0.000936
-0.430033 0.790057 0.249909 1.000000 0.000002 0.000000 0.000938
-0.430032 0.790060 0.249886 1.000000 -0.000003 0.000002 0.000939
-0.430033 0.790058 0.249955 1.000000 0.000001 -0.000001 0.000942
-0.430034 0.790059 0.249855 1.000000 -0.000001 -0.000002 0.000944
-0.430033 0.790061 0.249939 1.000000 -0.000004 0.000000 0.000946
-0.430033 0.790060 0.249920 1.000000 -0.000002 -0.000000 0.000947
-0.430034 0.790058 0.249941 1.000000 0.000002 -0.000001 0.000949
-0.430032 0.790059 0.249936 1.000000 0.000000 0.000001 0.000949
-0.430033 0.790060 0.249886 1.000000 -0.000002 -0.000000 0.000953
-0.430032 0.790058 0.249911 1.000000 0.000002 0.000002 0.000954
-0.430034 0.790058 0.249886 1.000000 0.000003 -0.000002 0.000957
-0.430034 0.790059 0.249930 1.000000 -0.000000 -0.000001 0.000959
-0.430034 0.790058 0.249899 1.000000 0.000004 -0.000001 0.000962
-0.430033 0.790061 0.249868 1.000000 -0.000002 -0.000000 0.000966
-0.430033 0.790059 0.249908 1.000000 0.000001 0.000000 0.000967
-0.430034 0.790062 0.249851 1.000000 -0.000004 -0.000002 0.000971
-0.430033 0.790057 0.249840 1.000000 0.000006 -0.000000 0.000972
-0.430033 0.790058 0.249828 1.000000 0.000003 0.000001 0.000975
-0.430034 0.790058 0.249835 1.000000 0.000003 -0.000002 0.000975
-0.430035 0.790061 0.249864 1.000000 -0.000002 -0.000004 0.000977
-0.430031 0.790059 0.249840 1.000000 0.000001 0.000004 0.000978
-0.430033 0.790059 0.249829 1.000000 0.000001 0.000001 0.000980
-0.430033 0.790061 0.249848 1.000000 -0.000002 0.000001 0.000981
-0.430035 0.790060 0.249896 1.000000 -0.000000 -0.000004 0.000984
-0.430034 0.790057 0.249799 1.000000 0.000005 -0.000002 0.000986
-0.430034 0.790059 0.249851 1.000000 0.000003 -0.000001 0.000989
-0.430033 0.790059 0.249904 1.000000 0.000002 0.000002 0.000992
-0.430034 0.790060 0.249860 1.000000 0.000000 -0.000002 0.000994
-0.430034 0.790058 0.249871 1.000000 0.000004 -0.000001 0.000994
-0.430032 0.790061 0.249916 1.000000 -0.000000 0.000003 0.000996
-0.430034 0.790058 0.249894 1.000000 0.000004 -0.000001 0.000997
-0.430031 0.790057 0.249800 0.999999 0.000008 0.000005 0.001000
-0.430034 0.790060 0.249806 0.999999 0.000000 -0.000001 0.001002
-0.430035 0.790060 0.249913 0.999999 0.000001 -0.000002 0.001006
-0.430034 0.790061 0.249959 0.999999 -0.000001 -0.000001 0.001008
-0.430034 0.790062 0.249972 0.999999 -0.000003 -0.000000 0.001010
-0.430033 0.790062 0.249924 0.999999 -0.000002 0.000001 0.001013
-0.430033 0.790060 0.249896 0.999999 0.000001 0.000001 0.001016
-0.430033 0.790061 0.249922 0.999999 0.000000 0.000001 0.001017
-0.430035 0.790062 0.249914 0.999999 -0.000002 -0.000003 0.001018
-0.430034 0.790060 0.249817 0.999999 0.000003 -0.000001 0.001020
-0.430034 0.790062 0.249814 0.999999 -0.000001 -0.000000 0.001021
-0.430034 0.790061 0.249933 0.999999 0.000001 -0.000001 0.001023
-0.430034 0.790062 0.249947 0.999999 -0.000002 -0.000001 0.001024
-0.430033 0.790062 0.249914 0.999999 -0.000001 0.000001 0.001026
-0.430032 0.790062 0.249937 0.999999 -0.000000 0.000002 0.001027
-0.430033 0.790062 0.249954 0.999999 -0.000001 0.000001 0.001028
-0.430035 0.790061 0.249957 0.999999 0.000000 -0.000004 0.001028
-0.430034 0.790061 0.249944 0.999999 0.000001 -0.000001 0.001030
-0.430033 0.790061 0.249965 0.999999 0.000002 0.000000 0.001031
-0.430034 0.790061 0.249963 0.999999 0.000000 -0.000001 0.001032
-0.430034 0.790059 0.249961 0.999999 0.000004 -0.000001 0.001033
-0.430033 0.790063 0.249886 0.999999 -0.000002 0.000001 0.001034
-0.430034 0.790061 0.249912 0.999999 0.000002 -0.000001 0.001036
-0.430033 0.790061 0.249932 0.999999 0.000002 -0.000000 0.001037
-0.430034 0.790062 0.249941 0.999999 -0.000000 -0.000001 0.001038
-0.430034 0.790062 0.249889 0.999999 -0.000001 -0.000001 0.001040
-0.430034 0.790062 0.249898 0.999999 -0.000000 -0.000001 0.001040
-0.430035 0.790062 0.249888 0.999999 0.000001 -0.000004 0.001044
-0.430033 0.790063 0.249884 0.999999 -0.000002 0.000000 0.001044
-0.430033 0.790061 0.249928 0.999999 0.000001 0.000001 0.001047
-0.430034 0.790061 0.249930 0.999999 0.000001 -0.000000 0.001047
-0.430034 0.790063 0.249873 0.999999 -0.000002 -0.000001 0.001052
-0.430034 0.790061 0.249910 0.999999 0.000003 -0.000001 0.001056
-0.430031 0.790061 0.249898 0.999999 0.000002 0.000004 0.001059
-0.430034 0.790062 0.249910 0.999999 0.000001 -0.000002 0.001062
-0.430035 0.790062 0.249944 0.999999 0.000001 -0.000003 0.001063
-0.430034 0.790062 0.249919 0.999999 0.000001 -0.000001 0.001066
-0.430034 0.790064 0.249907 0.999999 -0.000002 -0.000002 0.001068
-0.430033 0.790062 0.249863 0.999999 0.000001 0.000001 0.001073
-0.430034 0.790062 0.249932 0.999999 0.000002 -0.000002 0.001075
-0.430035 0.790063 0.249926 0.999999 -0.000000 -0.000002 0.001077
-0.430034 0.790063 0.249851 0.999999 0.000001 -0.000000 0.001081
-0.430033 0.790064 0.249768 0.999999 -0.000003 0.000000 0.001084
-0.430036 0.790063 0.249811 0.999999 0.000001 -0.000004 0.001087
-0.430035 0.790062 0.249857 0.999999 0.000003 -0.000001 0.001092
-0.430033 0.790063 0.249864 0.999999 -0.000000 0.000003 0.001092
-0.430035 0.790062 0.249954 0.999999 0.000002 -0.000002 0.001094
-0.430034 0.790064 0.249959 0.999999 -0.000001 -0.000000 0.001094
-0.430035 0.790063 0.249918 0.999999 -0.000000 -0.000002 0.001097
-0.430035 0.790063 0.249926 0.999999 0.000001 -0.000002 0.001097
-0.430033 0.790063 0.249909 0.999999 0.000000 0.000001 0.001100
-0.430033 0.790064 0.249924 0.999999 -0.000000 0.000002 0.001101
-0.430034 0.790063 0.249927 0.999999 0.000001 -0.000000 0.001102
-0.430035 0.790063 0.249935 0.999999 0.000001 -0.000002 0.001102
-0.430034 0.790066 0.249925 0.999999 -0.000004 -0.000000 0.001103
-0.430035 0.790063 0.249849 0.999999 0.000000 -0.000001 0.001105
-0.430034 0.790065 0.249846 0.999999 -0.000001 0.000000 0.001106
-0.430034 0.790064 0.249855 0.999999 -0.000001 0.000000 0.001107
-0.430035 0.790066 0.249861 0.999999 -0.000004 -0.000002 0.001109
-0.430034 0.790062 0.249858 0.999999 0.000003 -0.000001 0.001109
-0.430034 0.790063 0.249861 0.999999 0.000003 0.000000 0.001110
-0.430034 0.790064 0.249876 0.999999 0.000001 0.000000 0.001114
-0.430035 0.790064 0.249891 0.999999 0.000000 -0.000001 0.001114
-0.430036 0.790064 0.249900 0.999999 -0.000000 -0.000003 0.001115
-0.430034 0.790062 0.249874 0.999999 0.000004 0.000001 0.001117
-0.430034 0.790062 0.249851 0.999999 0.000004 0.000000 0.001118
-0.430036 0.790065 0.249830 0.999999 -0.000001 -0.000005 0.001118
-0.430033 0.790065 0.249907 0.999999 -0.000002 0.000001 0.001120
-0.430034 0.790064 0.249928 0.999999 -0.000000 -0.000000 0.001121
-0.430034 0.790064 0.249959 0.999999 0.000001 -0.000000 0.001123
-0.430035 0.790064 0.249930 0.999999 0.000001 -0.000003 0.001125
-0.430034 0.790065 0.249909 0.999999 -0.000001 0.000000 0.001128
-0.430033 0.790065 0.249894 0.999999 -0.000000 0.000001 0.001131
-0.430033 0.790066 0.249940 0.999999 -0.000003 0.000001 0.001133
-0.430034 0.790067 0.249910 0.999999 -0.000003 -0.000001 0.001136
-0.430033 0.790066 0.249863 0.999999 -0.000001 0.000001 0.001140
-0.430033 0.790066 0.249964 0.999999 -0.000001 0.000001 0.001142
-0.430034 0.790064 0.249968 0.999999 0.000002 -0.000001 0.001142
-0.430033 0.790067 0.249953 0.999999 -0.000003 0.000002 0.001144
-0.430035 0.790065 0.249918 0.999999 0.000000 -0.000001 0.001145
-0.430034 0.790065 0.249939 0.999999 0.000000 -0.000001 0.001146
-0.430034 0.790064 0.249949 0.999999 0.000003 0.000000 0.001146
-0.430034 0.790065 0.249880 0.999999 0.000002 -0.000001 0.001150
-0.430034 0.790065 0.249889 0.999999 0.000001 0.000000 0.001151
-0.430032 0.790065 0.249841 0.999999 0.000001 0.000004 0.001153
-0.430034 0.790064 0.249759 0.999999 0.000003 -0.000001 0.001155
-0.430034 0.790065 0.249851 0.999999 0.000001 -0.000001 0.001158
-0.430035 0.790066 0.249833 0.999999 0.000001 -0.000003 0.001161
-0.430034 0.790065 0.249858 0.999999 0.000001 0.000000 0.001163
-0.430033 0.790066 0.249907 0.999999 0.000001 0.000001 0.001165
-0.430033 0.790066 0.249931 0.999999 0.000001 0.000002 0.001166
-0.430036 0.790066 0.249917 0.999999 -0.000000 -0.000004 0.001167
-0.430032 0.790067 0.249892 0.999999 -0.000002 0.000004 0.001168
-0.430035 0.790064 0.249881 0.999999 0.000004 -0.000002 0.001169
-0.430034 0.790064 0.249868 0.999999 0.000004 -0.000000 0.001171
-0.430034 0.790065 0.249832 0.999999 0.000002 -0.000001 0.001173
-0.430032 0.790067 0.249835 0.999999 -0.000000 0.000002 0.001174
-0.430035 0.790065 0.249842 0.999999 0.000004 -0.000002 0.001175
-0.430035 0.790068 0.249822 0.999999 -0.000003 -0.000002 0.001178
-0.430035 0.790067 0.249821 0.999999 -0.000001 -0.000003 0.001178
-0.430033 0.790067 0.249877 0.999999 -0.000001 0.000001 0.001182
-0.430034 0.790067 0.249911 0.999999 0.000000 -0.000000 0.001183
-0.430035 0.790066 0.249946 0.999999 0.000002 -0.000002 0.001184
-0.430033 0.790067 0.249953 0.999999 -0.000001 0.000000 0.001184
-0.430034 0.790067 0.249959 0.999999 0.000000 -0.000001 0.001184
-0.430034 0.790067 0.249974 0.999999 -0.000000 -0.000001 0.001186
-0.430033 0.790068 0.249976 0.999999 -0.000002 0.000002 0.001186
-0.430034 0.790066 0.249973 0.999999 0.000001 -0.000001 0.001186
-0.430034 0.790067 0.249979 0.999999 -0.000001 -0.000000 0.001187
-0.430035 0.790066 0.249980 0.999999 0.000002 -0.000002 0.001187
-0.430034 0.790066 0.249954 0.999999 0.000002 -0.000001 0.001188
-0.430033 0.790067 0.249941 0.999999 -0.000001 0.000001 0.001189
-0.430033 0.790068 0.249845 0.999999 -0.000003 0.000001 0.001192
-0.430033 0.790065 0.249836 0.999999 0.000004 0.000002 0.001193
-0.430034 0.790068 0.249852 0.999999 -0.000003 -0.000001 0.001196
-0.430035 0.790067 0.249950 0.999999 -0.000000 -0.000002 0.001199
-0.430033 0.790065 0.249859 0.999999 0.000004 0.000002 0.001201
-0.430036 0.790066 0.249825 0.999999 0.000003 -0.000004 0.001205
-0.430034 0.790067 0.249842 0.999999 0.000001 0.000001 0.001207
-0.430035 0.790067 0.249922 0.999999 0.000000 -0.000001 0.001210
-0.430034 0.790067 0.249906 0.999999 0.000002 -0.000000 0.001212
-0.430034 0.790067 0.249931 0.999999 0.000001 -0.000000 0.001214
-0.430035 0.790068 0.249967 0.999999 -0.000000 -0.000002 0.001216
-0.430034 0.790069 0.249963 0.999999 -0.000002 -0.000000 0.001218
-0.430034 0.790068 0.249975 0.999999 -0.000001 0.000000 0.001219
-0.430033 0.790066 0.249873 0.999999 0.000005 0.000001 0.001223
-0.430033 0.790069 0.249812 0.999999 -0.000002 0.000001 0.001226
-0.430034 0.790067 0.249837 0.999999 0.000002 0.000000 0.001228
-0.430032 0.790067 0.249803 0.999999 0.000002 0.000003 0.001232
-0.430035 0.790072 0.249812 0.999999 -0.000006 -0.000002 0.001235
-0.430034 0.790068 0.249886 0.999999 0.000001 0.000000 0.001239
-0.430034 0.790067 0.249894 0.999999 0.000003 -0.000001 0.001242
-0.430034 0.790068 0.249929 0.999999 0.000001 0.000000 0.001247
-0.430033 0.790069 0.249933 0.999999 -0.000001 0.000003 0.001249
-0.430034 0.790069 0.249965 0.999999 0.000001 -0.000001 0.001251
-0.430034 0.790069 0.249951 0.999999 0.000000 0.000001 0.001252
-0.430034 0.790070 0.249895 0.999999 -0.000002 -0.000000 0.001255
-0.430035 0.790070 0.249929 0.999999 -0.000001 -0.000002 0.001257
-0.430034 0.790069 0.249912 0.999999 0.000002 -0.000001 0.001259
-0.430035 0.790067 0.249868 0.999999 0.000004 -0.000002 0.001262
-0.430034 0.790070 0.249902 0.999999 -0.000002 0.000000 0.001264
-0.430035 0.790069 0.249962 0.999999 0.000001 -0.000002 0.001265
-0.430035 0.790069 0.249977 0.999999 0.000001 -0.000002 0.001265
-0.430033 0.790068 0.249916 0.999999 0.000003 0.000001 0.001267
-0.430035 0.790070 0.249878 0.999999 -0.000001 -0.000002 0.001269
-0.430034 0.790068 0.249912 0.999999 0.000003 -0.000000 0.001272
-0.430035 0.790071 0.249870 0.999999 -0.000002 -0.000002 0.001275
-0.430034 0.790070 0.249925 0.999999 -0.000001 -0.000001 0.001277
-0.430032 0.790072 0.249851 0.999999 -0.000003 0.000003 0.001280
-0.430033 0.790070 0.249897 0.999999 0.000001 0.000001 0.001282
-0.430032 0.790071 0.249875 0.999999 -0.000000 0.000004 0.001284
-0.430033 0.790070 0.249813 0.999999 0.000001 0.000001 0.001287
-0.430034 0.790071 0.249913 0.999999 -0.000001 0.000000 0.001289
-0.430034 0.790072 0.249886 0.999999 -0.000003 0.000001 0.001291
-0.430034 0.790071 0.249885 0.999999 0.000000 -0.000000 0.001293
-0.430034 0.790071 0.249905 0.999999 -0.000000 -0.000001 0.001296
-0.430035 0.790071 0.249940 0.999999 -0.000000 -0.000003 0.001298
-0.430034 0.790071 0.249940 0.999999 0.000001 0.000000 0.001300
-0.430033 0.790072 0.249902 0.999999 -0.000002 0.000002 0.001301
-0.430033 0.790072 0.249914 0.999999 -0.000003 0.000002 0.001303
-0.430034 0.790074 0.249895 0.999999 -0.000005 -0.000001 0.001305
-0.430034 0.790071 0.249837 0.999999 0.000000 -0.000001 0.001308
-0.430034 0.790071 0.249869 0.999999 0.000001 -0.000001 0.001311
-0.430035 0.790072 0.249911 0.999999 -0.000001 -0.000002 0.001313
-0.430034 0.790071 0.249949 0.999999 0.000002 -0.000000 0.001315
-0.430034 0.790071 0.249954 0.999999 0.000001 -0.000002 0.001316
-0.430034 0.790071 0.249964 0.999999 0.000002 -0.000001 0.001317
-0.430033 0.790073 0.249958 0.999999 -0.000002 0.000002 0.001319
-0.430034 0.790074 0.249924 0.999999 -0.000004 -0.000000 0.001321
-0.430035 0.790070 0.249875 0.999999 0.000003 -0.000003 0.001324
-0.430034 0.790073 0.249885 0.999999 -0.000003 -0.000001 0.001326
-0.430033 0.790072 0.249886 0.999999 -0.000001 0.000001 0.001327
-0.430033 0.790073 0.249904 0.999999 -0.000002 0.000001 0.001327
-0.430034 0.790071 0.249941 0.999999 0.000001 -0.000002 0.001328
-0.430034 0.790071 0.249956 0.999999 0.000001 -0.000001 0.001328
-0.430034 0.790072 0.249982 0.999999 -0.000001 -0.000001 0.001328
-0.430034 0.790072 0.249963 0.999999 0.000000 -0.000000 0.001329
-0.430034 0.790071 0.249958 0.999999 0.000001 -0.000002 0.001331
-0.430034 0.790071 0.249966 0.999999 0.000002 -0.000001 0.001331
-0.430033 0.790071 0.249957 0.999999 0.000001 0.000001 0.001331
-0.430032 0.790071 0.249889 0.999999 0.000002 0.000003 0.001334
-0.430033 0.790071 0.249851 0.999999 0.000003 0.000002 0.001336
-0.430031 0.790071 0.249823 0.999999 0.000002 0.000005 0.001338
-0.430034 0.790074 0.249806 0.999999 -0.000004 -0.000001 0.001339
-0.430034 0.790075 0.249785 0.999999 -0.000005 -0.000001 0.001340
-0.430031 0.790074 0.249780 0.999999 -0.000004 0.000005 0.001340
-0.430032 0.790072 0.249778 0.999999 0.000001 0.000004 0.001341
-0.430036 0.790071 0.249780 0.999999 0.000002 -0.000004 0.001342
-0.430036 0.790067 0.249789 0.999999 0.000011 -0.000004 0.001343
-0.430034 0.790067 0.249796 0.999999 0.000011 -0.000001 0.001343
-0.430034 0.790072 0.249807 0.999999 0.000002 0.000000 0.001344
-0.430031 0.790074 0.249808 0.999999 -0.000003 0.000006 0.001345
-0.430037 0.790071 0.249811 0.999999 0.000002 -0.000006 0.001347
-0.430034 0.790069 0.249818 0.999999 0.000006 -0.000001 0.001347
-0.430035 0.790073 0.249843 0.999999 -0.000001 -0.000003 0.001348
-0.430035 0.790073 0.249860 0.999999 -0.000001 -0.000003 0.001349
-0.430034 0.790072 0.249877 0.999999 0.000000 0.000000 0.001350
-0.430034 0.790072 0.249887 0.999999 0.000000 0.000000 0.001350
-0.430034 0.790071 0.249927 0.999999 0.000002 0.000001 0.001351
-0.430034 0.790072 0.249918 0.999999 0.000002 0.000000 0.001351
-0.430035 0.790074 0.249896 0.999999 -0.000002 -0.000002 0.001353
-0.430034 0.790074 0.249887 0.999999 -0.000003 -0.000001 0.001354
-0.430034 0.790073 0.249901 0.999999 0.000000 -0.000001 0.001355
-0.430034 0.790073 0.249895 0.999999 -0.000001 0.000000 0.001355
-0.430033 0.790072 0.249913 0.999999 0.000001 0.000001 0.001356
-0.430033 0.790074 0.249921 0.999999 -0.000002 0.000001 0.001357
-0.430033 0.790073 0.249932 0.999999 0.000000 0.000001 0.001357
-0.430033 0.790074 0.249944 0.999999 -0.000002 0.000002 0.001357
-0.430034 0.790072 0.249938 0.999999 0.000002 -0.000000 0.001358
-0.430034 0.790073 0.249936 0.999999 -0.000001 -0.000000 0.001358
-0.430034 0.790073 0.249937 0.999999 0.000001 -0.000001 0.001359
-0.430034 0.790072 0.249932 0.999999 0.000003 -0.000001 0.001359
-0.430035 0.790073 0.249961 0.999999 0.000001 -0.000002 0.001361
-0.430034 0.790072 0.249879 0.999999 0.000001 0.000000 0.001363
-0.430035 0.790072 0.249858 0.999999 0.000003 -0.000002 0.001366
-0.430035 0.790073 0.249937 0.999999 0.000001 -0.000002 0.001369
-0.430034 0.790073 0.249938 0.999999 0.000001 -0.000001 0.001370
-0.430034 0.790073 0.249957 0.999999 0.000002 -0.000001 0.001371
-0.430035 0.790073 0.249921 0.999999 0.000001 -0.000003 0.001373
-0.430034 0.790073 0.249930 0.999999 0.000000 -0.000000 0.001375
-0.430033 0.790073 0.249908 0.999999 0.000001 0.000000 0.001377
-0.430034 0.790073 0.249959 0.999999 0.000002 -0.000001 0.001378
-0.430033 0.790073 0.249979 0.999999 0.000001 0.000001 0.001379
-0.430035 0.790073 0.249982 0.999999 0.000001 -0.000002 0.001380
-0.430034 0.790073 0.249984 0.999999 0.000001 0.000000 0.001380
-0.430033 0.790073 0.249975 0.999999 0.000001 0.000000 0.001381
-0.430033 0.790076 0.249882 0.999999 -0.000004 0.000002 0.001384
-0.430035 0.790073 0.249935 0.999999 0.000002 -0.000002 0.001385
-0.430034 0.790074 0.249913 0.999999 -0.000001 -0.000002 0.001387
-0.430035 0.790073 0.249858 0.999999 0.000002 -0.000002 0.001389
-0.430035 0.790074 0.249896 0.999999 0.000000 -0.000002 0.001392
-0.430034 0.790076 0.249953 0.999999 -0.000003 0.000000 0.001393
-0.430036 0.790074 0.249888 0.999999 0.000001 -0.000004 0.001395
-0.430033 0.790073 0.249928 0.999999 0.000002 0.000002 0.001396
-0.430034 0.790075 0.249927 0.999999 -0.000001 -0.000001 0.001399
