-0.800020 1.000022 0.249936 1.000000 -0.000001 -0.000003 0.000047
-0.800020 1.000022 0.249912 1.000000 -0.000000 -0.000002 0.000049
-0.800019 1.000022 0.249953 1.000000 0.000001 -0.000000 0.000050
-0.800021 1.000023 0.249913 1.000000 -0.000001 -0.000003 0.000052
-0.800020 1.000022 0.249886 1.000000 0.000002 -0.000001 0.000053
-0.800017 1.000022 0.249781 1.000000 0.000003 0.000005 0.000054
-0.800021 1.000026 0.249775 1.000000 -0.000006 -0.000003 0.000054
-0.800018 1.000023 0.249824 1.000000 0.000001 0.000004 0.000057
-0.800020 1.000022 0.249824 1.000000 0.000003 -0.000000 0.000057
-0.800018 1.000023 0.249816 1.000000 0.000001 0.000003 0.000060
-0.800019 1.000024 0.249790 1.000000 -0.000001 0.000004 0.000063
-0.800022 1.000023 0.249846 1.000000 0.000001 -0.000002 0.000066
-0.800025 1.000025 0.249772 1.000000 -0.000001 -0.000008 0.000068
-0.800021 1.000027 0.249755 1.000000 -0.000005 -0.000000 0.000070
-0.800026 1.000026 0.249753 1.000000 -0.000005 -0.000010 0.000070
-0.800022 1.000024 0.249829 1.000000 0.000001 -0.000001 0.000072
-0.800021 1.000024 0.249848 1.000000 0.000000 0.000001 0.000072
-0.800022 1.000026 0.249903 1.000000 -0.000003 0.000001 0.000074
-0.800023 1.000022 0.249903 1.000000 0.000005 -0.000001 0.000075
-0.800026 1.000025 0.249844 1.000000 -0.000000 -0.000007 0.000077
-0.800023 1.000027 0.249832 1.000000 -0.000004 -0.000000 0.000077
-0.800025 1.000025 0.249863 1.000000 0.000000 -0.000003 0.000080
-0.800025 1.000026 0.249867 1.000000 -0.000001 -0.000003 0.000081
-0.800024 1.000023 0.249820 1.000000 0.000005 -0.000002 0.000083
-0.800023 1.000025 0.249830 1.000000 -0.000000 0.000001 0.000083
-0.800024 1.000027 0.249845 1.000000 -0.000003 0.000000 0.000084
-0.800023 1.000027 0.249857 1.000000 -0.000003 0.000002 0.000086
-0.800025 1.000024 0.249867 1.000000 0.000003 -0.000003 0.000086
-0.800025 1.000026 0.249898 1.000000 -0.000000 -0.000002 0.000087
-0.800026 1.000026 0.249902 1.000000 -0.000001 -0.000003 0.000089
-0.800025 1.000026 0.249893 1.000000 -0.000000 -0.000003 0.000089
-0.800024 1.000026 0.249906 1.000000 -0.000001 0.000000 0.000090
-0.800025 1.000026 0.249912 1.000000 -0.000001 -0.000001 0.000091
-0.800027 1.000026 0.249893 1.000000 -0.000000 -0.000005 0.000092
-0.800024 1.000026 0.249877 1.000000 -0.000001 0.000001 0.000092
-0.800026 1.000025 0.249910 1.000000 0.000001 -0.000002 0.000094
-0.800026 1.000027 0.249925 1.000000 -0.000001 -0.000002 0.000094
-0.800025 1.000027 0.249939 1.000000 -0.000001 0.000000 0.000096
-0.800026 1.000025 0.249924 1.000000 0.000003 -0.000003 0.000097
-0.800024 1.000026 0.249870 1.000000 0.000001 0.000003 0.000100
-0.800024 1.000027 0.249853 1.000000 -0.000001 0.000002 0.000101
-0.800026 1.000027 0.249913 1.000000 -0.000000 -0.000001 0.000102
-0.800027 1.000026 0.249904 1.000000 0.000002 -0.000002 0.000103
-0.800024 1.000028 0.249939 1.000000 -0.000002 0.000002 0.000105
-0.800026 1.000027 0.249931 1.000000 0.000000 0.000000 0.000105
-0.800025 1.000028 0.249924 1.000000 -0.000001 0.000001 0.000107
-0.800025 1.000028 0.249931 1.000000 -0.000001 0.000001 0.000107
-0.800028 1.000025 0.249861 1.000000 0.000005 -0.000003 0.000108
-0.800028 1.000026 0.249832 1.000000 0.000003 -0.000003 0.000108
-0.800028 1.000029 0.249811 1.000000 -0.000002 -0.000003 0.000110
-0.800028 1.000029 0.249823 1.000000 -0.000003 -0.000003 0.000111
-0.790028 1.000026 0.249860 1.000000 0.000004 -0.000003 0.000115
-0.760027 1.000027 0.249823 1.000000 0.000003 0.000001 0.000119
-0.750030 1.000028 0.249890 1.000000 0.000001 -0.000005 0.000122
-0.750028 1.000029 0.249893 1.000000 0.000001 0.000000 0.000124
-0.750030 1.000030 0.249838 1.000000 -0.000001 -0.000004 0.000127
-0.465034 0.710032 0.249868 1.000000 0.000003 -0.000001 0.000219
-0.465033 0.710034 0.249875 1.000000 -0.000000 0.000000 0.000223
-0.465033 0.710035 0.249895 1.000000 -0.000002 0.000001 0.000223
-0.465033 0.710035 0.249911 1.000000 -0.000002 0.000002 0.000225
-0.465033 0.710034 0.249919 1.000000 -0.000000 0.000000 0.000226
-0.465035 0.710033 0.249932 1.000000 0.000001 -0.000002 0.000226
-0.465035 0.710035 0.249896 1.000000 -0.000001 -0.000003 0.000227
-0.465032 0.710035 0.249870 1.000000 -0.000002 0.000003 0.000228
-0.465033 0.710033 0.249861 1.000000 0.000002 0.000001 0.000228
-0.465034 0.710033 0.249907 1.000000 0.000004 0.000000 0.000230
-0.465034 0.710034 0.249903 1.000000 0.000001 0.000000 0.000231
-0.465035 0.710033 0.249890 1.000000 0.000004 -0.000002 0.000233
-0.465035 0.710034 0.249912 1.000000 0.000002 -0.000002 0.000234
-0.465034 0.710033 0.249943 1.000000 0.000003 0.000000 0.000236
-0.465033 0.710034 0.249907 1.000000 0.000001 0.000002 0.000237
-0.465035 0.710035 0.249887 1.000000 -0.000001 -0.000001 0.000239
-0.465035 0.710036 0.249855 1.000000 -0.000002 -0.000002 0.000241
-0.465036 0.710035 0.249912 1.000000 -0.000000 -0.000003 0.000243
-0.465034 0.710034 0.249914 1.000000 0.000002 0.000000 0.000244
-0.465035 0.710036 0.249894 1.000000 -0.000003 -0.000002 0.000247
-0.465034 0.710034 0.249888 1.000000 0.000003 -0.000000 0.000248
-0.465034 0.710036 0.249894 1.000000 -0.000002 -0.000001 0.000254
-0.465035 0.710036 0.249911 1.000000 -0.000001 -0.000002 0.000255
-0.465035 0.710036 0.249915 1.000000 -0.000001 -0.000002 0.000257
-0.465034 0.710035 0.249921 1.000000 -0.000000 -0.000000 0.000257
-0.465035 0.710035 0.249934 1.000000 0.000000 -0.000002 0.000258
-0.465034 0.710035 0.249956 1.000000 0.000000 0.000000 0.000259
-0.465035 0.710035 0.249960 1.000000 0.000000 -0.000002 0.000260
-0.465035 0.710035 0.249962 1.000000 -0.000000 -0.000001 0.000260
-0.465036 0.710035 0.249931 1.000000 0.000001 -0.000004 0.000261
-0.465035 0.710036 0.249922 1.000000 -0.000000 -0.000002 0.000263
-0.465034 0.710035 0.249882 1.000000 0.000001 0.000001 0.000265
-0.465035 0.710036 0.249875 1.000000 -0.000000 -0.000001 0.000268
-0.465034 0.710035 0.249896 1.000000 0.000002 -0.000001 0.000269
-0.465035 0.710037 0.249904 1.000000 -0.000003 -0.000002 0.000272
-0.465034 0.710036 0.249928 1.000000 0.000000 0.000001 0.000274
-0.465034 0.710037 0.249898 1.000000 -0.000001 0.000000 0.000276
-0.465035 0.710035 0.249930 1.000000 0.000002 -0.000001 0.000277
-0.465035 0.710035 0.249881 1.000000 0.000003 -0.000003 0.000279
-0.465034 0.710037 0.249852 1.000000 -0.000001 0.000001 0.000281
-0.465034 0.710037 0.249832 1.000000 -0.000002 0.000001 0.000284
-0.465035 0.710036 0.249838 1.000000 0.000001 -0.000001 0.000285
-0.465034 0.710041 0.249789 1.000000 -0.000009 0.000002 0.000288
-0.465035 0.710041 0.249779 1.000000 -0.000010 -0.000000 0.000288
-0.465032 0.710035 0.249795 1.000000 0.000002 0.000006 0.000291
-0.465037 0.710038 0.249783 1.000000 -0.000004 -0.000004 0.000291
-0.465033 0.710037 0.249826 1.000000 -0.000002 0.000002 0.000293
-0.465036 0.710035 0.249849 1.000000 0.000002 -0.000003 0.000294
-0.465035 0.710035 0.249870 1.000000 0.000002 -0.000002 0.000294
-0.465035 0.710036 0.249914 1.000000 0.000000 -0.000001 0.000297
-0.465034 0.710036 0.249879 1.000000 0.000001 0.000001 0.000299
-0.465036 0.710036 0.249854 1.000000 0.000002 -0.000002 0.000301
-0.465034 0.710038 0.249873 1.000000 -0.000002 0.000001 0.000305
-0.465033 0.710037 0.249873 1.000000 -0.000000 0.000003 0.000305
-0.465035 0.710036 0.249880 1.000000 0.000001 0.000001 0.000306
-0.465035 0.710036 0.249888 1.000000 0.000002 -0.000000 0.000307
-0.465036 0.710038 0.249916 1.000000 -0.000002 -0.000001 0.000308
-0.465035 0.710037 0.249920 1.000000 0.000000 -0.000001 0.000308
-0.465035 0.710038 0.249933 1.000000 -0.000002 -0.000001 0.000309
-0.465035 0.710038 0.249922 1.000000 -0.000002 0.000000 0.000310
-0.465036 0.710036 0.249898 1.000000 0.000002 -0.000002 0.000311
-0.465033 0.710037 0.249893 1.000000 0.000001 0.000003 0.000313
-0.465035 0.710038 0.249870 1.000000 -0.000003 -0.000000 0.000316
-0.465035 0.710038 0.249898 1.000000 -0.000001 -0.000001 0.000318
-0.465036 0.710042 0.249830 1.000000 -0.000009 -0.000001 0.000322
-0.465034 0.710037 0.249800 1.000000 0.000001 0.000002 0.000327
-0.465034 0.710035 0.249805 1.000000 0.000004 0.000001 0.000331
-0.465034 0.710036 0.249844 1.000000 0.000002 0.000002 0.000334
-0.465036 0.710036 0.249936 1.000000 0.000002 -0.000002 0.000337
-0.465035 0.710037 0.249916 1.000000 0.000001 -0.000000 0.000338
-0.465036 0.710038 0.249899 1.000000 -0.000000 -0.000002 0.000341
-0.465036 0.710036 0.249923 1.000000 0.000003 -0.000001 0.000343
-0.465037 0.710038 0.249945 1.000000 0.000000 -0.000002 0.000345
-0.465036 0.710038 0.249926 1.000000 0.000000 -0.000002 0.000346
-0.465035 0.710038 0.249938 1.000000 -0.000000 0.000001 0.000348
-0.465037 0.710038 0.249870 1.000000 0.000000 -0.000003 0.000350
-0.465037 0.710037 0.249892 1.000000 0.000001 -0.000003 0.000352
-0.465035 0.710038 0.249874 1.000000 0.000001 -0.000000 0.000355
-0.465036 0.710038 0.249940 1.000000 0.000001 -0.000001 0.000356
-0.465036 0.710039 0.249901 1.000000 -0.000002 -0.000002 0.000358
-0.465035 0.710039 0.249855 1.000000 -0.000002 0.000002 0.000362
-0.465037 0.710042 0.249785 1.000000 -0.000007 -0.000003 0.000364
-0.465035 0.710042 0.249782 1.000000 -0.000006 0.000002 0.000366
-0.465035 0.710038 0.249809 1.000000 0.000000 0.000002 0.000369
-0.465037 0.710040 0.249809 1.000000 -0.000003 -0.000002 0.000371
-0.465036 0.710042 0.249873 1.000000 -0.000006 -0.000000 0.000375
-0.465036 0.710040 0.249883 1.000000 -0.000003 0.000000 0.000377
-0.465036 0.710037 0.249888 1.000000 0.000003 0.000000 0.000380
-0.465036 0.710037 0.249874 1.000000 0.000003 0.000001 0.000381
-0.465036 0.710037 0.249849 1.000000 0.000003 -0.000001 0.000381
-0.465036 0.710040 0.249855 1.000000 -0.000002 -0.000001 0.000382
-0.465036 0.710040 0.249869 1.000000 -0.000002 -0.000000 0.000383
-0.465038 0.710035 0.249806 1.000000 0.000008 -0.000005 0.000385
-0.465037 0.710040 0.249779 1.000000 -0.000001 -0.000002 0.000387
-0.465032 0.710039 0.249777 1.000000 -0.000001 0.000007 0.000387
-0.465035 0.710042 0.249773 1.000000 -0.000005 0.000002 0.000388
-0.465034 0.710039 0.249776 1.000000 0.000001 0.000004 0.000389
-0.465036 0.710040 0.249795 1.000000 -0.000001 0.000001 0.000391
-0.465037 0.710040 0.249840 1.000000 -0.000001 -0.000003 0.000393
-0.465036 0.710040 0.249884 1.000000 -0.000001 0.000001 0.000396
-0.465036 0.710038 0.249907 1.000000 0.000003 -0.000000 0.000399
-0.465036 0.710039 0.249880 1.000000 0.000002 -0.000001 0.000403
-0.465036 0.710039 0.249911 1.000000 0.000001 -0.000000 0.000405
-0.465038 0.710039 0.249852 1.000000 0.000002 -0.000003 0.000409
-0.465037 0.710036 0.249807 1.000000 0.000007 -0.000001 0.000410
-0.465034 0.710040 0.249790 1.000000 0.000000 0.000005 0.000412
-0.465036 0.710040 0.249813 1.000000 0.000000 0.000002 0.000413
-0.465036 0.710043 0.249828 1.000000 -0.000006 0.000001 0.000414
-0.465037 0.710042 0.249836 1.000000 -0.000004 -0.000001 0.000416
-0.465036 0.710043 0.249826 1.000000 -0.000005 0.000002 0.000417
-0.465037 0.710041 0.249834 1.000000 -0.000001 -0.000000 0.000419
-0.465039 0.710039 0.249840 1.000000 0.000003 -0.000004 0.000420
-0.465036 0.710040 0.249847 1.000000 0.000000 0.000001 0.000420
-0.465037 0.710041 0.249876 1.000000 -0.000001 -0.000001 0.000421
-0.465038 0.710038 0.249906 1.000000 0.000004 -0.000001 0.000421
-0.465036 0.710039 0.249913 1.000000 0.000002 0.000001 0.000422
-0.465038 0.710041 0.249897 1.000000 -0.000001 -0.000001 0.000422
-0.465038 0.710039 0.249878 1.000000 0.000002 -0.000002 0.000422
-0.465037 0.710039 0.249887 1.000000 0.000002 0.000001 0.000423
-0.465037 0.710039 0.249896 1.000000 0.000003 -0.000001 0.000424
-0.465038 0.710039 0.249907 1.000000 0.000003 -0.000002 0.000426
-0.465036 0.710040 0.249824 1.000000 0.000000 0.000002 0.000430
-0.465036 0.710042 0.249812 1.000000 -0.000002 0.000003 0.000432
-0.465037 0.710042 0.249906 1.000000 -0.000003 0.000001 0.000436
-0.465038 0.710040 0.249851 1.000000 0.000001 -0.000002 0.000439
-0.465037 0.710040 0.249879 1.000000 0.000002 0.000001 0.000441
-0.465038 0.710038 0.249854 1.000000 0.000007 -0.000002 0.000444
-0.465039 0.710041 0.249895 1.000000 0.000001 -0.000003 0.000447
-0.465038 0.710042 0.249893 1.000000 -0.000001 -0.000001 0.000450
-0.465036 0.710041 0.249854 1.000000 0.000001 0.000003 0.000453
-0.465038 0.710041 0.249878 1.000000 0.000001 -0.000001 0.000456
-0.465039 0.710041 0.249936 1.000000 0.000000 -0.000002 0.000457
-0.465040 0.710042 0.249928 1.000000 -0.000000 -0.000005 0.000457
-0.465034 0.710040 0.249818 1.000000 0.000003 0.000007 0.000460
-0.465042 0.710043 0.249743 1.000000 -0.000002 -0.000008 0.000461
-0.465038 0.710044 0.249754 1.000000 -0.000005 0.000000 0.000462
-0.465039 0.710041 0.249787 1.000000 0.000001 -0.000002 0.000464
-0.465038 0.710043 0.249867 1.000000 -0.000002 0.000000 0.000465
-0.465037 0.710043 0.249877 1.000000 -0.000002 0.000001 0.000468
-0.465038 0.710041 0.249908 1.000000 0.000002 0.000001 0.000471
-0.465040 0.710043 0.249836 1.000000 -0.000002 -0.000004 0.000472
-0.465039 0.710041 0.249813 1.000000 0.000002 -0.000001 0.000472
-0.465040 0.710042 0.249827 1.000000 -0.000001 -0.000004 0.000474
-0.465039 0.710041 0.249834 1.000000 0.000003 -0.000001 0.000475
-0.465039 0.710045 0.249848 1.000000 -0.000005 -0.000001 0.000476
-0.465039 0.710042 0.249850 1.000000 0.000000 -0.000001 0.000477
-0.465038 0.710042 0.249869 1.000000 0.000001 0.000001 0.000479
-0.465038 0.710044 0.249885 1.000000 -0.000002 0.000001 0.000479
-0.465037 0.710042 0.249898 1.000000 -0.000000 0.000002 0.000479
-0.465037 0.710042 0.249913 1.000000 0.000000 0.000001 0.000480
-0.465038 0.710042 0.249926 1.000000 0.000001 0.000001 0.000480
-0.465039 0.710042 0.249944 1.000000 0.000001 -0.000002 0.000481
-0.465039 0.710042 0.249885 1.000000 0.000002 -0.000003 0.000484
-0.465039 0.710040 0.249901 1.000000 0.000005 -0.000002 0.000486
-0.465038 0.710043 0.249869 1.000000 0.000000 0.000000 0.000489
-0.465039 0.710042 0.249940 1.000000 0.000001 -0.000002 0.000491
-0.465039 0.710045 0.249947 1.000000 -0.000004 -0.000001 0.000493
-0.465039 0.710042 0.249885 1.000000 0.000002 -0.000001 0.000496
-0.465040 0.710043 0.249889 1.000000 -0.000000 -0.000003 0.000498
-0.465038 0.710045 0.249926 1.000000 -0.000004 0.000002 0.000500
-0.465040 0.710043 0.249894 1.000000 0.000002 -0.000002 0.000502
-0.465040 0.710042 0.249934 1.000000 0.000003 -0.000002 0.000504
-0.465038 0.710044 0.249930 1.000000 -0.000001 0.000000 0.000506
-0.465039 0.710042 0.249947 1.000000 0.000003 0.000000 0.000508
-0.465038 0.710042 0.249910 1.000000 0.000003 0.000001 0.000510
-0.465042 0.710044 0.249806 1.000000 0.000001 -0.000007 0.000513
-0.465039 0.710042 0.249791 1.000000 0.000004 -0.000000 0.000516
-0.465038 0.710045 0.249885 1.000000 -0.000001 0.000001 0.000519
-0.465039 0.710044 0.249939 1.000000 0.000001 -0.000001 0.000521
-0.465039 0.710044 0.249948 1.000000 0.000001 -0.000000 0.000521
-0.465039 0.710043 0.249954 1.000000 0.000002 -0.000002 0.000522
-0.465039 0.710045 0.249960 1.000000 -0.000001 -0.000000 0.000523
-0.465039 0.710045 0.249971 1.000000 -0.000000 -0.000001 0.000524
-0.465040 0.710045 0.249957 1.000000 -0.000002 -0.000003 0.000525
-0.465038 0.710045 0.249933 1.000000 -0.000001 0.000001 0.000526
-0.465039 0.710045 0.249934 1.000000 -0.000002 -0.000000 0.000527
-0.465040 0.710045 0.249949 1.000000 -0.000001 -0.000001 0.000527
-0.465039 0.710044 0.249955 1.000000 0.000001 0.000001 0.000528
-0.465039 0.710044 0.249961 1.000000 0.000001 0.000000 0.000528
-0.465039 0.710044 0.249963 1.000000 0.000001 -0.000001 0.000528
-0.465039 0.710044 0.249968 1.000000 0.000000 -0.000001 0.000528
-0.465039 0.710044 0.249972 1.000000 0.000000 -0.000000 0.000528
-0.465040 0.710044 0.249947 1.000000 0.000000 -0.000001 0.000530
-0.465040 0.710045 0.249899 1.000000 -0.000002 -0.000002 0.000534
-0.465038 0.710046 0.249901 1.000000 -0.000003 0.000001 0.000537
-0.465040 0.710046 0.249889 1.000000 -0.000003 -0.000001 0.000539
-0.465039 0.710046 0.249925 1.000000 -0.000002 -0.000001 0.000542
-0.465039 0.710047 0.249910 1.000000 -0.000005 0.000000 0.000545
-0.465039 0.710046 0.249923 1.000000 -0.000001 -0.000000 0.000547
-0.465039 0.710044 0.249948 1.000000 0.000002 -0.000000 0.000549
-0.465040 0.710046 0.249917 1.000000 -0.000002 -0.000002 0.000551
-0.465039 0.710042 0.249810 1.000000 0.000006 0.000000 0.000555
-0.465038 0.710047 0.249818 1.000000 -0.000002 0.000002 0.000558
-0.465040 0.710045 0.249918 1.000000 0.000002 -0.000002 0.000560
-0.465040 0.710045 0.249932 1.000000 0.000001 -0.000003 0.000562
-0.465040 0.710046 0.249934 1.000000 -0.000001 -0.000001 0.000562
-0.465040 0.710044 0.249940 1.000000 0.000003 -0.000002 0.000563
-0.465039 0.710045 0.249934 1.000000 0.000002 -0.000001 0.000563
-0.465038 0.710045 0.249894 1.000000 0.000002 0.000002 0.000564
-0.465037 0.710047 0.249830 1.000000 -0.000002 0.000005 0.000566
-0.465042 0.710045 0.249835 1.000000 0.000002 -0.000005 0.000571
-0.465041 0.710051 0.249793 1.000000 -0.000009 -0.000002 0.000573
-0.465036 0.710048 0.249763 1.000000 -0.000005 0.000008 0.000575
-0.465036 0.710046 0.249804 1.000000 -0.000000 0.000007 0.000579
-0.465040 0.710050 0.249757 1.000000 -0.000008 -0.000000 0.000580
-0.465041 0.710046 0.249744 1.000000 -0.000000 -0.000003 0.000580
-0.465041 0.710046 0.249853 1.000000 -0.000000 -0.000002 0.000581
-0.465040 0.710046 0.249893 1.000000 -0.000000 -0.000001 0.000581
-0.465040 0.710047 0.249941 1.000000 -0.000002 -0.000001 0.000582
-0.465041 0.710046 0.249946 1.000000 0.000000 -0.000002 0.000582
-0.465039 0.710047 0.249932 1.000000 -0.000001 0.000001 0.000584
-0.465040 0.710047 0.249924 1.000000 -0.000002 -0.000000 0.000584
-0.465040 0.710045 0.249918 1.000000 0.000002 -0.000001 0.000585
-0.465039 0.710046 0.249905 1.000000 0.000000 0.000001 0.000585
-0.465039 0.710048 0.249923 1.000000 -0.000003 0.000001 0.000586
-0.465040 0.710047 0.249919 1.000000 -0.000001 -0.000001 0.000586
-0.465040 0.710046 0.249905 1.000000 0.000001 0.000001 0.000588
-0.465040 0.710046 0.249902 1.000000 0.000001 -0.000000 0.000588
-0.465041 0.710047 0.249905 1.000000 -0.000001 -0.000002 0.000590
-0.465040 0.710047 0.249910 1.000000 -0.000001 0.000001 0.000590
-0.465039 0.710047 0.249910 1.000000 -0.000000 0.000001 0.000591
-0.465038 0.710046 0.249899 1.000000 0.000001 0.000003 0.000591
-0.465041 0.710046 0.249887 1.000000 0.000002 -0.000001 0.000592
-0.465041 0.710046 0.249898 1.000000 0.000002 -0.000002 0.000592
-0.465041 0.710047 0.249920 1.000000 -0.000001 -0.000002 0.000592
-0.465041 0.710047 0.249936 1.000000 -0.000000 -0.000002 0.000593
-0.465040 0.710045 0.249945 1.000000 0.000002 -0.000000 0.000593
-0.465040 0.710047 0.249936 1.000000 -0.000001 -0.000001 0.000593
-0.465040 0.710045 0.249881 1.000000 0.000004 0.000000 0.000597
-0.465040 0.710046 0.249940 1.000000 0.000001 -0.000001 0.000599
-0.465041 0.710047 0.249954 1.000000 0.000000 -0.000003 0.000600
-0.465042 0.710047 0.249856 1.000000 -0.000000 -0.000003 0.000602
-0.465041 0.710046 0.249869 1.000000 0.000001 -0.000003 0.000605
-0.465041 0.710047 0.249896 1.000000 -0.000000 -0.000002 0.000606
-0.465041 0.710046 0.249880 1.000000 0.000002 -0.000002 0.000609
-0.465041 0.710048 0.249895 1.000000 -0.000001 -0.000001 0.000613
-0.465037 0.710046 0.249831 1.000000 0.000002 0.000007 0.000616
-0.465040 0.710048 0.249820 1.000000 -0.000000 0.000000 0.000618
-0.465044 0.710048 0.249794 1.000000 -0.000001 -0.000008 0.000623
-0.465039 0.710051 0.249788 1.000000 -0.000007 0.000003 0.000624
-0.465043 0.710049 0.249797 1.000000 -0.000002 -0.000005 0.000628
-0.465041 0.710048 0.249854 1.000000 -0.000001 -0.000000 0.000632
-0.465041 0.710049 0.249907 1.000000 -0.000002 0.000000 0.000634
-0.465042 0.710049 0.249890 1.000000 -0.000001 -0.000002 0.000637
-0.465039 0.710049 0.249869 1.000000 -0.000001 0.000003 0.000641
-0.465043 0.710046 0.249872 1.000000 0.000004 -0.000005 0.000644
-0.465039 0.710048 0.249878 1.000000 -0.000000 0.000002 0.000648
-0.465041 0.710047 0.249916 1.000000 0.000003 -0.000001 0.000649
-0.465042 0.710050 0.249868 1.000000 -0.000003 -0.000002 0.000653
-0.465041 0.710049 0.249882 1.000000 -0.000002 -0.000001 0.000656
-0.465042 0.710046 0.249881 1.000000 0.000005 -0.000003 0.000659
-0.465042 0.710049 0.249898 1.000000 0.000000 -0.000002 0.000661
-0.465041 0.710049 0.249917 1.000000 0.000001 0.000000 0.000664
-0.465041 0.710048 0.249932 1.000000 0.000003 -0.000000 0.000665
-0.465042 0.710047 0.249896 1.000000 0.000003 -0.000000 0.000669
-0.465042 0.710048 0.249928 1.000000 0.000001 -0.000002 0.000672
-0.465042 0.710049 0.249940 1.000000 0.000000 -0.000001 0.000674
-0.465040 0.710049 0.249900 1.000000 -0.000000 0.000002 0.000675
-0.465041 0.710048 0.249911 1.000000 0.000003 -0.000000 0.000677
-0.465041 0.710051 0.249896 1.000000 -0.000003 0.000001 0.000678
-0.465043 0.710049 0.249884 1.000000 -0.000000 -0.000003 0.000679
-0.465043 0.710050 0.249882 1.000000 -0.000000 -0.000004 0.000679
-0.465043 0.710049 0.249919 1.000000 0.000001 -0.000002 0.000682
-0.465043 0.710049 0.249893 1.000000 0.000002 -0.000003 0.000684
-0.465043 0.710051 0.249863 1.000000 -0.000002 -0.000004 0.000684
-0.465040 0.710048 0.249824 1.000000 0.000003 0.000002 0.000685
-0.465041 0.710054 0.249819 1.000000 -0.000009 0.000001 0.000685
-0.465043 0.710048 0.249820 1.000000 0.000002 -0.000003 0.000686
-0.465043 0.710052 0.249812 1.000000 -0.000005 -0.000002 0.000689
-0.465043 0.710048 0.249823 1.000000 0.000003 -0.000002 0.000692
-0.465041 0.710051 0.249867 1.000000 -0.000003 0.000001 0.000696
-0.465042 0.710052 0.249871 1.000000 -0.000004 -0.000001 0.000699
-0.465042 0.710049 0.249884 1.000000 0.000003 -0.000001 0.000703
-0.465042 0.710052 0.249870 1.000000 -0.000003 -0.000000 0.000706
-0.465042 0.710051 0.249870 1.000000 -0.000002 -0.000001 0.000708
-0.465042 0.710050 0.249859 1.000000 0.000001 -0.000000 0.000708
-0.465042 0.710052 0.249846 1.000000 -0.000003 -0.000000 0.000709
-0.465041 0.710050 0.249855 1.000000 0.000000 0.000000 0.000710
-0.465042 0.710049 0.249893 1.000000 0.000002 -0.000000 0.000710
-0.465041 0.710051 0.249902 1.000000 -0.000001 0.000001 0.000711
-0.465043 0.710050 0.249904 1.000000 0.000000 -0.000002 0.000712
-0.465042 0.710050 0.249916 1.000000 0.000001 -0.000001 0.000713
-0.465042 0.710051 0.249929 1.000000 -0.000000 -0.000001 0.000713
-0.465042 0.710053 0.249924 1.000000 -0.000004 -0.000001 0.000714
-0.465043 0.710052 0.249910 1.000000 -0.000003 -0.000003 0.000715
-0.465042 0.710051 0.249887 1.000000 0.000000 -0.000000 0.000717
-0.465042 0.710052 0.249892 1.000000 -0.000003 -0.000002 0.000719
-0.465041 0.710050 0.249897 1.000000 0.000001 0.000000 0.000722
-0.465042 0.710051 0.249912 1.000000 0.000001 -0.000002 0.000725
-0.465042 0.710050 0.249925 1.000000 0.000002 -0.000001 0.000727
-0.465041 0.710051 0.249905 1.000000 0.000001 0.000002 0.000730
-0.465041 0.710050 0.249887 1.000000 0.000003 0.000000 0.000733
-0.465042 0.710052 0.249877 1.000000 -0.000001 -0.000001 0.000736
-0.465040 0.710053 0.249899 1.000000 -0.000003 0.000003 0.000740
-0.465040 0.710052 0.249892 1.000000 -0.000000 0.000004 0.000743
-0.465042 0.710051 0.249893 1.000000 0.000002 0.000000 0.000744
-0.465043 0.710052 0.249895 1.000000 -0.000001 -0.000003 0.000745
-0.465040 0.710053 0.249900 1.000000 -0.000002 0.000003 0.000746
-0.465042 0.710051 0.249948 1.000000 0.000001 -0.000001 0.000747
-0.465041 0.710052 0.249955 1.000000 -0.000001 0.000001 0.000747
-0.465042 0.710052 0.249957 1.000000 0.000000 -0.000001 0.000747
-0.465042 0.710051 0.249960 1.000000 0.000001 -0.000000 0.000747
-0.465042 0.710053 0.249955 1.000000 -0.000002 0.000000 0.000748
-0.465044 0.710053 0.249935 1.000000 -0.000002 -0.000004 0.000749
-0.465043 0.710053 0.249897 1.000000 -0.000002 -0.000002 0.000749
-0.465043 0.710050 0.249870 1.000000 0.000003 -0.000002 0.000749
-0.465041 0.710051 0.249864 1.000000 0.000002 0.000002 0.000750
-0.465042 0.710053 0.249859 1.000000 -0.000002 -0.000001 0.000751
-0.465042 0.710054 0.249869 1.000000 -0.000004 -0.000000 0.000752
-0.465042 0.710050 0.249871 1.000000 0.000005 0.000001 0.000754
-0.465045 0.710053 0.249851 1.000000 -0.000003 -0.000006 0.000755
-0.465043 0.710050 0.249814 1.000000 0.000004 -0.000003 0.000755
-0.465041 0.710053 0.249882 1.000000 -0.000002 0.000001 0.000758
-0.465042 0.710051 0.249879 1.000000 0.000002 0.000001 0.000760
-0.465043 0.710052 0.249896 1.000000 0.000001 -0.000002 0.000763
-0.465041 0.710052 0.249917 1.000000 0.000001 0.000003 0.000765
-0.465042 0.710052 0.249937 1.000000 0.000001 0.000000 0.000767
-0.465042 0.710050 0.249906 1.000000 0.000005 0.000001 0.000769
-0.465043 0.710051 0.249916 1.000000 0.000003 -0.000002 0.000772
-0.465041 0.710054 0.249927 1.000000 -0.000001 0.000003 0.000775
-0.465041 0.710052 0.249902 1.000000 0.000002 0.000002 0.000777
-0.465043 0.710053 0.249870 1.000000 -0.000000 -0.000001 0.000779
-0.465043 0.710053 0.249903 1.000000 -0.000001 -0.000000 0.000779
-0.465043 0.710054 0.249949 1.000000 -0.000001 -0.000002 0.000780
-0.465043 0.710054 0.249952 1.000000 -0.000001 -0.000001 0.000780
-0.465043 0.710052 0.249898 1.000000 0.000002 -0.000001 0.000782
-0.465042 0.710052 0.249870 1.000000 0.000002 -0.000000 0.000782
-0.465042 0.710051 0.249848 1.000000 0.000004 0.000001 0.000783
-0.465042 0.710054 0.249832 1.000000 -0.000001 0.000001 0.000783
-0.465044 0.710055 0.249823 1.000000 -0.000004 -0.000002 0.000784
-0.465043 0.710053 0.249826 1.000000 -0.000000 -0.000001 0.000785
-0.465042 0.710053 0.249848 1.000000 0.000000 0.000001 0.000785
-0.465041 0.710054 0.249903 1.000000 -0.000002 0.000002 0.000786
-0.465042 0.710054 0.249932 1.000000 -0.000001 0.000001 0.000787
-0.465043 0.710052 0.249939 1.000000 0.000003 -0.000000 0.000787
-0.465043 0.710053 0.249925 1.000000 0.000001 -0.000001 0.000788
-0.465044 0.710052 0.249899 1.000000 0.000002 -0.000003 0.000789
-0.465043 0.710054 0.249953 1.000000 -0.000000 -0.000002 0.000791
-0.465044 0.710054 0.249945 1.000000 -0.000002 -0.000003 0.000792
-0.465043 0.710054 0.249942 1.000000 -0.000000 -0.000001 0.000794
-0.465043 0.710053 0.249943 1.000000 0.000001 -0.000002 0.000797
-0.465044 0.710052 0.249925 1.000000 0.000003 -0.000002 0.000799
-0.465044 0.710055 0.249919 1.000000 -0.000001 -0.000002 0.000801
-0.465043 0.710057 0.249839 1.000000 -0.000006 -0.000000 0.000804
-0.465043 0.710053 0.249779 1.000000 0.000002 -0.000002 0.000806
-0.465042 0.710055 0.249831 1.000000 -0.000001 0.000002 0.000808
-0.465040 0.710054 0.249804 1.000000 0.000000 0.000006 0.000811
-0.465042 0.710055 0.249802 1.000000 -0.000001 0.000002 0.000812
-0.465041 0.710055 0.249820 1.000000 -0.000002 0.000004 0.000814
-0.465041 0.710056 0.249809 1.000000 -0.000004 0.000003 0.000815
-0.465044 0.710052 0.249813 1.000000 0.000004 -0.000002 0.000816
-0.465043 0.710056 0.249843 1.000000 -0.000004 -0.000001 0.000817
-0.465043 0.710054 0.249856 1.000000 0.000000 -0.000000 0.000818
-0.465043 0.710055 0.249882 1.000000 -0.000001 0.000000 0.000819
-0.465044 0.710054 0.249906 1.000000 0.000001 -0.000003 0.000819
-0.465044 0.710054 0.249910 1.000000 0.000000 -0.000003 0.000819
-0.465044 0.710056 0.249906 1.000000 -0.000003 -0.000002 0.000820
-0.465042 0.710054 0.249893 1.000000 0.000000 0.000001 0.000821
-0.465044 0.710052 0.249879 1.000000 0.000005 -0.000003 0.000822
-0.465041 0.710057 0.249879 1.000000 -0.000004 0.000003 0.000825
-0.465042 0.710051 0.249824 1.000000 0.000006 0.000002 0.000826
-0.465042 0.710057 0.249762 1.000000 -0.000004 0.000002 0.000828
-0.465045 0.710054 0.249847 1.000000 0.000002 -0.000004 0.000830
-0.465043 0.710054 0.249886 1.000000 0.000002 0.000001 0.000832
-0.465043 0.710056 0.249851 1.000000 -0.000003 0.000000 0.000834
-0.465045 0.710056 0.249842 1.000000 -0.000003 -0.000002 0.000837
-0.465044 0.710056 0.249812 1.000000 -0.000002 -0.000000 0.000838
-0.465042 0.710056 0.249815 1.000000 -0.000002 0.000004 0.000840
-0.465045 0.710057 0.249809 1.000000 -0.000004 -0.000002 0.000841
-0.465045 0.710054 0.249807 1.000000 0.000002 -0.000001 0.000842
-0.465044 0.710056 0.249826 1.000000 -0.000002 -0.000001 0.000842
-0.465043 0.710055 0.249879 1.000000 -0.000000 0.000001 0.000843
-0.465045 0.710054 0.249891 1.000000 0.000002 -0.000001 0.000844
-0.465044 0.710055 0.249894 1.000000 0.000000 0.000001 0.000844
-0.465045 0.710056 0.249913 1.000000 -0.000000 -0.000001 0.000845
-0.465045 0.710056 0.249932 1.000000 -0.000000 -0.000002 0.000845
-0.465045 0.710055 0.249945 1.000000 0.000002 -0.000002 0.000845
-0.465045 0.710055 0.249950 1.000000 0.000002 -0.000002 0.000846
-0.465045 0.710055 0.249938 1.000000 0.000001 -0.000001 0.000846
-0.465045 0.710055 0.249932 1.000000 0.000000 -0.000002 0.000847
-0.465045 0.710055 0.249932 1.000000 0.000001 -0.000002 0.000848
-0.465045 0.710055 0.249950 1.000000 0.000001 -0.000002 0.000848
-0.465045 0.710055 0.249959 1.000000 0.000000 -0.000002 0.000848
-0.465045 0.710058 0.249930 1.000000 -0.000004 -0.000001 0.000849
-0.465045 0.710055 0.249835 1.000000 0.000002 -0.000001 0.000853
-0.465045 0.710056 0.249882 1.000000 0.000000 -0.000001 0.000856
-0.465044 0.710057 0.249940 1.000000 -0.000002 -0.000001 0.000858
-0.465044 0.710057 0.249934 1.000000 -0.000002 -0.000001 0.000861
-0.465045 0.710054 0.249904 1.000000 0.000004 -0.000002 0.000863
-0.465044 0.710056 0.249914 1.000000 0.000001 0.000001 0.000864
-0.465044 0.710058 0.249928 1.000000 -0.000003 0.000000 0.000866
-0.465044 0.710057 0.249896 1.000000 -0.000002 0.000001 0.000870
-0.465044 0.710059 0.249862 1.000000 -0.000005 0.000000 0.000873
-0.465045 0.710056 0.249874 1.000000 0.000001 -0.000002 0.000876
-0.465045 0.710057 0.249941 1.000000 -0.000000 -0.000001 0.000877
-0.465045 0.710056 0.249948 1.000000 0.000001 -0.000000 0.000878
-0.465045 0.710057 0.249958 1.000000 -0.000001 -0.000002 0.000880
-0.465045 0.710057 0.249943 1.000000 0.000000 -0.000002 0.000882
-0.465045 0.710055 0.249906 1.000000 0.000003 -0.000000 0.000885
-0.465046 0.710057 0.249859 1.000000 -0.000000 -0.000003 0.000887
-0.465044 0.710055 0.249807 1.000000 0.000004 0.000002 0.000889
-0.465045 0.710055 0.249809 1.000000 0.000003 -0.000000 0.000891
-0.465045 0.710058 0.249828 1.000000 -0.000001 -0.000000 0.000892
-0.465045 0.710058 0.249872 1.000000 -0.000002 -0.000001 0.000894
-0.465046 0.710057 0.249884 1.000000 -0.000001 -0.000002 0.000895
-0.465046 0.710057 0.249892 1.000000 0.000001 -0.000002 0.000896
-0.465045 0.710055 0.249882 1.000000 0.000004 0.000000 0.000896
-0.465046 0.710057 0.249861 1.000000 0.000000 -0.000003 0.000897
-0.465044 0.710056 0.249816 1.000000 0.000003 0.000003 0.000897
-0.465045 0.710056 0.249804 1.000000 0.000002 0.000000 0.000898
-0.465045 0.710060 0.249807 1.000000 -0.000006 -0.000001 0.000899
-0.465045 0.710057 0.249817 1.000000 -0.000001 -0.000000 0.000900
-0.465047 0.710056 0.249828 1.000000 0.000003 -0.000004 0.000901
-0.465044 0.710055 0.249820 1.000000 0.000004 0.000001 0.000901
-0.465046 0.710058 0.249819 1.000000 -0.000003 -0.000001 0.000902
-0.465043 0.710057 0.249828 1.000000 0.000001 0.000004 0.000903
-0.465045 0.710057 0.249839 1.000000 -0.000000 0.000000 0.000904
-0.465046 0.710057 0.249858 1.000000 0.000000 -0.000002 0.000905
-0.465046 0.710058 0.249871 1.000000 -0.000001 -0.000002 0.000905
-0.465046 0.710059 0.249870 1.000000 -0.000003 -0.000003 0.000906
-0.465046 0.710056 0.249865 1.000000 0.000002 -0.000003 0.000907
-0.465043 0.710056 0.249860 1.000000 0.000002 0.000003 0.000908
-0.465041 0.710059 0.249830 1.000000 -0.000002 0.000007 0.000909
-0.465043 0.710061 0.249810 1.000000 -0.000006 0.000004 0.000910
-0.465046 0.710063 0.249778 1.000000 -0.000010 -0.000001 0.000910
-0.465045 0.710056 0.249768 1.000000 0.000003 0.000000 0.000911
-0.465043 0.710054 0.249759 1.000000 0.000007 0.000004 0.000911
-0.465047 0.710055 0.249756 1.000000 0.000005 -0.000004 0.000911
-0.465043 0.710059 0.249757 1.000000 -0.000003 0.000003 0.000911
-0.465045 0.710055 0.249777 1.000000 0.000006 0.000001 0.000913
-0.465046 0.710056 0.249791 1.000000 0.000002 -0.000002 0.000914
-0.465043 0.710061 0.249812 1.000000 -0.000007 0.000003 0.000915
-0.465045 0.710060 0.249826 1.000000 -0.000005 0.000001 0.000915
-0.465045 0.710057 0.249829 1.000000 0.000001 0.000000 0.000916
-0.465046 0.710055 0.249830 1.000000 0.000005 -0.000002 0.000917
-0.465046 0.710058 0.249831 1.000000 0.000000 -0.000003 0.000917
-0.465043 0.710060 0.249829 1.000000 -0.000005 0.000004 0.000918
-0.465047 0.710059 0.249821 1.000000 -0.000002 -0.000003 0.000919
-0.465045 0.710054 0.249813 1.000000 0.000007 -0.000000 0.000919
-0.465048 0.710057 0.249806 1.000000 0.000002 -0.000006 0.000920
-0.465045 0.710055 0.249797 1.000000 0.000005 0.000000 0.000921
-0.465045 0.710053 0.249784 1.000000 0.000009 0.000000 0.000921
-0.465049 0.710059 0.249776 1.000000 -0.000003 -0.000007 0.000921
-0.465049 0.710054 0.249770 1.000000 0.000007 -0.000007 0.000922
-0.465045 0.710053 0.249762 1.000000 0.000010 0.000001 0.000922
-0.465048 0.710057 0.249764 1.000000 0.000001 -0.000006 0.000922
-0.465043 0.710058 0.249770 1.000000 -0.000000 0.000004 0.000923
-0.465045 0.710057 0.249782 1.000000 0.000001 0.000001 0.000924
-0.465046 0.710056 0.249791 1.000000 0.000004 -0.000002 0.000925
-0.465046 0.710060 0.249810 1.000000 -0.000004 -0.000001 0.000926
-0.465047 0.710057 0.249844 1.000000 0.000002 -0.000004 0.000927
-0.465045 0.710058 0.249856 1.000000 0.000000 0.000001 0.000928
-0.465046 0.710056 0.249868 1.000000 0.000003 -0.000001 0.000930
-0.465047 0.710058 0.249878 1.000000 0.000000 -0.000003 0.000930
-0.465047 0.710058 0.249907 1.000000 0.000001 -0.000003 0.000931
-0.465046 0.710058 0.249905 1.000000 0.000000 -0.000001 0.000932
-0.465047 0.710056 0.249878 1.000000 0.000003 -0.000002 0.000933
-0.465047 0.710058 0.249886 1.000000 0.000001 -0.000003 0.000933
-0.465046 0.710058 0.249911 1.000000 -0.000001 -0.000002 0.000934
-0.465046 0.710057 0.249927 1.000000 0.000001 -0.000001 0.000935
-0.465044 0.710058 0.249907 1.000000 0.000001 0.000004 0.000936
-0.465046 0.710058 0.249880 1.000000 0.000000 -0.000001 0.000936
-0.465044 0.710054 0.249840 1.000000 0.000009 0.000004 0.000937
-0.465047 0.710055 0.249814 1.000000 0.000006 -0.000002 0.000937
-0.465045 0.710060 0.249790 1.000000 -0.000003 0.000001 0.000938
-0.465046 0.710059 0.249806 1.000000 -0.000002 0.000001 0.000938
-0.465047 0.710059 0.249873 1.000000 -0.000000 -0.000001 0.000939
-0.465048 0.710059 0.249896 1.000000 -0.000001 -0.000004 0.000939
-0.465044 0.710059 0.249875 1.000000 -0.000002 0.000003 0.000940
-0.465047 0.710058 0.249877 1.000000 -0.000000 -0.000003 0.000941
-0.465047 0.710059 0.249869 1.000000 -0.000000 -0.000002 0.000943
-0.465045 0.710059 0.249858 1.000000 -0.000001 0.000001 0.000943
-0.465047 0.710057 0.249920 1.000000 0.000003 -0.000001 0.000945
-0.465046 0.710059 0.249930 1.000000 -0.000001 -0.000001 0.000945
-0.465047 0.710057 0.249941 1.000000 0.000003 -0.000002 0.000946
-0.465047 0.710057 0.249938 1.000000 0.000002 -0.000001 0.000947
-0.465047 0.710060 0.249935 1.000000 -0.000002 -0.000003 0.000948
-0.465047 0.710058 0.249926 1.000000 0.000001 -0.000001 0.000948
-0.465048 0.710058 0.249902 1.000000 0.000001 -0.000003 0.000950
-0.465045 0.710060 0.249890 1.000000 -0.000003 0.000002 0.000951
-0.465047 0.710058 0.249905 1.000000 0.000001 -0.000001 0.000952
-0.465047 0.710058 0.249921 1.000000 0.000000 -0.000002 0.000952
-0.465046 0.710059 0.249939 1.000000 -0.000001 -0.000001 0.000953
-0.465046 0.710058 0.249944 1.000000 0.000001 -0.000000 0.000953
-0.465047 0.710059 0.249946 1.000000 -0.000001 -0.000002 0.000954
-0.465048 0.710059 0.249943 1.000000 -0.000001 -0.000003 0.000954
-0.465047 0.710059 0.249916 1.000000 -0.000000 -0.000002 0.000955
-0.465046 0.710056 0.249888 1.000000 0.000005 0.000000 0.000955
-0.465046 0.710061 0.249871 1.000000 -0.000004 0.000001 0.000956
-0.465046 0.710060 0.249857 1.000000 -0.000002 0.000001 0.000957
-0.465045 0.710058 0.249848 1.000000 0.000002 0.000002 0.000957
-0.465047 0.710058 0.249837 1.000000 0.000002 -0.000001 0.000958
-0.465047 0.710059 0.249839 1.000000 -0.000001 -0.000002 0.000958
-0.465047 0.710060 0.249855 1.000000 -0.000002 -0.000001 0.000959
-0.465047 0.710060 0.249867 1.000000 -0.000002 -0.000002 0.000960
-0.465047 0.710059 0.249877 1.000000 -0.000000 -0.000002 0.000960
-0.465047 0.710058 0.249897 1.000000 0.000002 -0.000001 0.000962
-0.465046 0.710058 0.249911 1.000000 0.000002 -0.000001 0.000962
-0.465048 0.710059 0.249932 1.000000 -0.000001 -0.000003 0.000963
-0.465047 0.710059 0.249934 1.000000 0.000001 -0.000002 0.000964
-0.465048 0.710059 0.249920 1.000000 0.000000 -0.000003 0.000965
-0.465046 0.710059 0.249916 1.000000 -0.000000 0.000001 0.000966
-0.465047 0.710060 0.249918 1.000000 -0.000002 -0.000001 0.000967
-0.465047 0.710058 0.249912 1.000000 0.000002 -0.000002 0.000967
-0.465046 0.710060 0.249896 1.000000 -0.000001 -0.000001 0.000968
-0.465047 0.710058 0.249896 1.000000 0.000002 -0.000002 0.000969
-0.465047 0.710059 0.249924 1.000000 -0.000000 -0.000002 0.000970
-0.465047 0.710059 0.249942 1.000000 0.000001 -0.000001 0.000971
-0.465047 0.710056 0.249938 1.000000 0.000005 -0.000001 0.000972
-0.465047 0.710060 0.249918 1.000000 -0.000001 -0.000002 0.000973
-0.465047 0.710058 0.249888 1.000000 0.000002 -0.000001 0.000975
-0.465046 0.710059 0.249900 1.000000 0.000001 -0.000000 0.000975
-0.465047 0.710060 0.249913 1.000000 -0.000001 -0.000002 0.000976
-0.465048 0.710060 0.249894 1.000000 -0.000001 -0.000004 0.000977
-0.465047 0.710061 0.249868 1.000000 -0.000002 -0.000002 0.000978
-0.465047 0.710059 0.249874 1.000000 0.000001 -0.000002 0.000979
-0.465047 0.710059 0.249912 1.000000 0.000002 -0.000003 0.000979
-0.465047 0.710060 0.249922 1.000000 -0.000001 -0.000003 0.000979
-0.465045 0.710059 0.249875 1.000000 0.000002 0.000002 0.000980
-0.465047 0.710061 0.249860 1.000000 -0.000003 -0.000001 0.000980
-0.465045 0.710062 0.249833 1.000000 -0.000005 0.000002 0.000982
-0.465048 0.710058 0.249820 1.000000 0.000003 -0.000004 0.000982
-0.465046 0.710060 0.249841 1.000000 -0.000000 0.000000 0.000984
-0.465047 0.710059 0.249869 1.000000 0.000001 -0.000001 0.000984
-0.465046 0.710058 0.249914 1.000000 0.000002 -0.000001 0.000985
-0.465046 0.710059 0.249913 1.000000 0.000002 -0.000000 0.000986
-0.465047 0.710059 0.249926 1.000000 0.000001 -0.000001 0.000987
-0.465046 0.710059 0.249943 1.000000 0.000002 -0.000000 0.000989
-0.465047 0.710060 0.249909 1.000000 -0.000000 -0.000002 0.000992
-0.465046 0.710060 0.249856 1.000000 0.000000 0.000001 0.000995
-0.465046 0.710061 0.249810 1.000000 -0.000003 0.000000 0.000998
-0.465047 0.710059 0.249923 0.999999 0.000002 -0.000001 0.001001
-0.465046 0.710059 0.249913 0.999999 0.000002 0.000000 0.001002
-0.465046 0.710061 0.249866 0.999999 -0.000002 0.000002 0.001003
-0.465048 0.710059 0.249900 0.999999 0.000002 -0.000002 0.001005
-0.465048 0.710060 0.249959 0.999999 0.000001 -0.000002 0.001007
-0.465047 0.710060 0.249928 0.999999 0.000000 -0.000001 0.001009
-0.465047 0.710061 0.249891 0.999999 -0.000001 -0.000000 0.001012
-0.465048 0.710058 0.249895 0.999999 0.000004 -0.000003 0.001013
-0.465047 0.710059 0.249891 0.999999 0.000003 -0.000001 0.001014
-0.465047 0.710062 0.249889 0.999999 -0.000003 -0.000001 0.001015
-0.465047 0.710062 0.249892 0.999999 -0.000003 -0.000001 0.001015
-0.465047 0.710059 0.249880 0.999999 0.000003 -0.000001 0.001017
-0.465047 0.710059 0.249870 0.999999 0.000003 0.000000 0.001019
-0.465047 0.710061 0.249894 0.999999 0.000000 -0.000001 0.001021
-0.465047 0.710062 0.249901 0.999999 -0.000001 -0.000001 0.001021
-0.465049 0.710061 0.249896 0.999999 -0.000001 -0.000005 0.001023
-0.465046 0.710063 0.249812 0.999999 -0.000005 0.000000 0.001025
-0.465048 0.710065 0.249790 0.999999 -0.000008 -0.000003 0.001027
-0.465045 0.710061 0.249789 0.999999 0.000000 0.000004 0.001027
-0.465049 0.710056 0.249804 0.999999 0.000010 -0.000004 0.001028
-0.465047 0.710054 0.249812 0.999999 0.000014 -0.000001 0.001028
-0.465049 0.710056 0.249816 0.999999 0.000011 -0.000005 0.001028
-0.465050 0.710055 0.249809 0.999999 0.000012 -0.000005 0.001029
-0.465045 0.710059 0.249792 0.999999 0.000004 0.000005 0.001029
-0.465044 0.710059 0.249777 0.999999 0.000004 0.000006 0.001029
-0.465045 0.710061 0.249767 0.999999 -0.000000 0.000003 0.001030
-0.465049 0.710063 0.249759 0.999999 -0.000004 -0.000005 0.001030
-0.465047 0.710060 0.249758 0.999999 0.000003 0.000001 0.001030
-0.465048 0.710062 0.249781 0.999999 -0.000001 -0.000001 0.001031
-0.465045 0.710062 0.249796 0.999999 -0.000002 0.000005 0.001031
-0.465049 0.710060 0.249825 0.999999 0.000002 -0.000004 0.001032
-0.465046 0.710062 0.249834 0.999999 -0.000002 0.000003 0.001033
-0.465049 0.710058 0.249862 0.999999 0.000006 -0.000003 0.001034
-0.465049 0.710060 0.249859 0.999999 0.000002 -0.000003 0.001034
-0.465051 0.710061 0.249847 0.999999 0.000002 -0.000006 0.001035
-0.465047 0.710062 0.249843 0.999999 -0.000000 0.000002 0.001035
-0.465047 0.710061 0.249854 0.999999 0.000001 0.000002 0.001036
-0.465049 0.710059 0.249862 0.999999 0.000005 -0.000002 0.001036
-0.465046 0.710062 0.249855 0.999999 -0.000001 0.000003 0.001038
-0.465047 0.710061 0.249847 0.999999 0.000001 0.000002 0.001038
-0.465049 0.710061 0.249850 0.999999 0.000001 -0.000002 0.001039
-0.465050 0.710064 0.249865 0.999999 -0.000004 -0.000003 0.001040
-0.465047 0.710063 0.249858 0.999999 -0.000003 0.000002 0.001040
-0.465048 0.710062 0.249860 0.999999 -0.000000 -0.000001 0.001041
-0.465049 0.710061 0.249873 0.999999 0.000002 -0.000001 0.001042
-0.465049 0.710061 0.249891 0.999999 0.000002 -0.000002 0.001042
-0.465049 0.710061 0.249904 0.999999 0.000003 -0.000001 0.001043
-0.465048 0.710061 0.249911 0.999999 0.000001 0.000000 0.001044
-0.465049 0.710061 0.249909 0.999999 0.000002 -0.000002 0.001044
-0.465050 0.710062 0.249880 0.999999 0.000000 -0.000003 0.001045
-0.465049 0.710062 0.249870 0.999999 0.000000 -0.000002 0.001046
-0.465049 0.710062 0.249897 0.999999 -0.000001 -0.000001 0.001047
-0.465049 0.710061 0.249915 0.999999 0.000001 -0.000002 0.001047
-0.465048 0.710062 0.249934 0.999999 0.000000 0.000000 0.001048
-0.465047 0.710064 0.249948 0.999999 -0.000004 0.000002 0.001048
-0.465048 0.710064 0.249933 0.999999 -0.000004 0.000000 0.001048
-0.465048 0.710060 0.249908 0.999999 0.000004 -0.000001 0.001049
-0.465049 0.710061 0.249896 0.999999 0.000003 -0.000001 0.001049
-0.465046 0.710063 0.249892 0.999999 -0.000001 0.000005 0.001050
-0.465049 0.710063 0.249888 0.999999 -0.000002 -0.000002 0.001051
-0.465048 0.710059 0.249878 0.999999 0.000007 -0.000000 0.001052
-0.465051 0.710062 0.249863 0.999999 -0.000000 -0.000006 0.001053
-0.465047 0.710062 0.249847 0.999999 0.000000 0.000002 0.001054
-0.465046 0.710062 0.249831 0.999999 0.000000 0.000003 0.001055
-0.465050 0.710061 0.249833 0.999999 0.000003 -0.000003 0.001056
-0.465047 0.710064 0.249842 0.999999 -0.000004 0.000002 0.001056
-0.465050 0.710063 0.249848 0.999999 -0.000002 -0.000003 0.001056
-0.465049 0.710060 0.249845 0.999999 0.000004 -0.000003 0.001057
-0.465048 0.710060 0.249838 0.999999 0.000003 -0.000000 0.001058
-0.465048 0.710066 0.249829 0.999999 -0.000008 -0.000001 0.001059
-0.465047 0.710065 0.249830 0.999999 -0.000006 0.000002 0.001059
-0.465045 0.710061 0.249827 0.999999 0.000003 0.000006 0.001059
-0.465047 0.710065 0.249810 0.999999 -0.000006 0.000003 0.001060
-0.465049 0.710063 0.249797 0.999999 -0.000001 -0.000002 0.001060
-0.465048 0.710059 0.249804 0.999999 0.000006 0.000001 0.001060
-0.465052 0.710061 0.249803 0.999999 0.000002 -0.000007 0.001060
-0.465047 0.710062 0.249794 0.999999 0.000000 0.000003 0.001061
-0.465047 0.710064 0.249798 0.999999 -0.000002 0.000002 0.001061
-0.465051 0.710061 0.249819 0.999999 0.000002 -0.000004 0.001061
-0.465048 0.710064 0.249838 0.999999 -0.000003 0.000001 0.001062
-0.465048 0.710062 0.249855 0.999999 0.000001 0.000001 0.001062
-0.465049 0.710061 0.249865 0.999999 0.000003 -0.000001 0.001063
-0.465049 0.710063 0.249868 0.999999 -0.000001 0.000000 0.001064
-0.465049 0.710063 0.249878 0.999999 -0.000002 -0.000001 0.001064
-0.465050 0.710062 0.249886 0.999999 0.000002 -0.000002 0.001065
-0.465050 0.710061 0.249891 0.999999 0.000003 -0.000003 0.001066
-0.465049 0.710061 0.249900 0.999999 0.000003 -0.000001 0.001066
-0.465050 0.710063 0.249896 0.999999 -0.000000 -0.000003 0.001068
-0.465048 0.710063 0.249895 0.999999 0.000000 0.000001 0.001070
-0.465049 0.710061 0.249886 0.999999 0.000003 -0.000001 0.001071
-0.465049 0.710061 0.249862 0.999999 0.000004 -0.000001 0.001072
-0.465049 0.710063 0.249857 0.999999 0.000000 -0.000001 0.001072
-0.465048 0.710065 0.249853 0.999999 -0.000004 0.000002 0.001074
-0.465049 0.710063 0.249862 0.999999 0.000001 0.000001 0.001074
-0.465051 0.710062 0.249904 0.999999 0.000001 -0.000004 0.001075
-0.465050 0.710064 0.249902 0.999999 -0.000001 -0.000001 0.001075
-0.465047 0.710062 0.249875 0.999999 0.000002 0.000003 0.001076
-0.465049 0.710066 0.249854 0.999999 -0.000006 0.000000 0.001077
-0.465051 0.710066 0.249811 0.999999 -0.000006 -0.000004 0.001078
-0.465049 0.710063 0.249782 0.999999 0.000001 -0.000000 0.001079
-0.465048 0.710060 0.249771 0.999999 0.000006 0.000002 0.001080
-0.465051 0.710064 0.249773 0.999999 -0.000002 -0.000004 0.001080
-0.465048 0.710063 0.249781 0.999999 0.000001 0.000002 0.001081
-0.465049 0.710063 0.249784 0.999999 0.000000 0.000000 0.001082
-0.465051 0.710064 0.249826 0.999999 -0.000001 -0.000003 0.001083
-0.465048 0.710065 0.249843 0.999999 -0.000004 0.000001 0.001084
-0.465049 0.710063 0.249876 0.999999 -0.000000 0.000001 0.001085
-0.465049 0.710066 0.249877 0.999999 -0.000005 0.000000 0.001086
-0.465051 0.710063 0.249880 0.999999 0.000000 -0.000004 0.001087
-0.465050 0.710065 0.249871 0.999999 -0.000002 -0.000002 0.001088
-0.465050 0.710064 0.249860 0.999999 -0.000001 -0.000003 0.001088
-0.465048 0.710064 0.249856 0.999999 -0.000001 0.000002 0.001089
-0.465048 0.710064 0.249895 0.999999 -0.000002 0.000002 0.001089
-0.465049 0.710062 0.249911 0.999999 0.000002 0.000000 0.001089
-0.465048 0.710064 0.249891 0.999999 -0.000000 0.000001 0.001090
-0.465051 0.710064 0.249878 0.999999 -0.000001 -0.000003 0.001091
-0.465050 0.710064 0.249890 0.999999 -0.000001 -0.000003 0.001092
-0.465049 0.710064 0.249898 0.999999 -0.000002 -0.000000 0.001093
-0.465049 0.710063 0.249892 0.999999 0.000001 0.000000 0.001094
-0.465050 0.710062 0.249891 0.999999 0.000003 -0.000001 0.001094
-0.465049 0.710063 0.249886 0.999999 0.000000 -0.000000 0.001096
-0.465050 0.710064 0.249896 0.999999 0.000000 -0.000001 0.001097
-0.465049 0.710063 0.249937 0.999999 0.000001 0.000000 0.001098
-0.465050 0.710063 0.249929 0.999999 0.000001 -0.000002 0.001099
-0.465050 0.710060 0.249911 0.999999 0.000007 -0.000002 0.001099
-0.465049 0.710066 0.249875 0.999999 -0.000005 0.000000 0.001101
-0.465049 0.710066 0.249860 0.999999 -0.000004 0.000001 0.001101
-0.465051 0.710062 0.249863 0.999999 0.000004 -0.000002 0.001102
-0.465050 0.710063 0.249871 0.999999 0.000002 -0.000000 0.001102
-0.465049 0.710064 0.249900 0.999999 0.000001 0.000001 0.001103
-0.465049 0.710065 0.249920 0.999999 -0.000003 0.000001 0.001103
-0.465051 0.710063 0.249913 0.999999 0.000003 -0.000002 0.001104
-0.465049 0.710064 0.249904 0.999999 -0.000001 0.000002 0.001104
-0.465050 0.710063 0.249906 0.999999 0.000001 -0.000001 0.001106
-0.465051 0.710063 0.249918 0.999999 0.000002 -0.000002 0.001106
-0.465051 0.710064 0.249943 0.999999 -0.000001 -0.000002 0.001106
-0.465051 0.710065 0.249937 0.999999 -0.000001 -0.000002 0.001107
-0.465049 0.710063 0.249887 0.999999 0.000002 0.000001 0.001108
-0.465049 0.710063 0.249855 0.999999 0.000003 0.000001 0.001108
-0.465051 0.710065 0.249828 0.999999 -0.000002 -0.000003 0.001108
-0.465052 0.710063 0.249815 0.999999 0.000002 -0.000004 0.001109
-0.465049 0.710061 0.249808 0.999999 0.000006 0.000001 0.001109
-0.465052 0.710063 0.249801 0.999999 0.000002 -0.000004 0.001110
-0.465051 0.710065 0.249801 0.999999 -0.000001 -0.000002 0.001110
-0.465052 0.710065 0.249806 0.999999 -0.000001 -0.000004 0.001111
-0.465051 0.710065 0.249819 0.999999 -0.000001 -0.000002 0.001111
-0.465049 0.710065 0.249848 0.999999 -0.000001 0.000001 0.001112
-0.465050 0.710064 0.249879 0.999999 0.000001 -0.000001 0.001112
-0.465050 0.710064 0.249903 0.999999 -0.000000 -0.000001 0.001113
-0.465051 0.710065 0.249924 0.999999 -0.000002 -0.000001 0.001113
-0.465050 0.710064 0.249932 0.999999 0.000000 -0.000001 0.001113
-0.465050 0.710063 0.249930 0.999999 0.000003 0.000000 0.001114
-0.465051 0.710063 0.249921 0.999999 0.000003 -0.000003 0.001115
-0.465051 0.710065 0.249909 0.999999 -0.000001 -0.000002 0.001115
-0.465048 0.710066 0.249898 0.999999 -0.000002 0.000003 0.001116
-0.465049 0.710064 0.249896 0.999999 0.000001 0.000002 0.001116
-0.465049 0.710063 0.249882 0.999999 0.000003 0.000001 0.001117
-0.465052 0.710066 0.249860 0.999999 -0.000003 -0.000004 0.001117
-0.465051 0.710065 0.249842 0.999999 -0.000001 -0.000003 0.001117
-0.465049 0.710064 0.249817 0.999999 0.000001 0.000001 0.001118
-0.465049 0.710065 0.249812 0.999999 -0.000000 0.000001 0.001119
-0.465052 0.710064 0.249791 0.999999 0.000002 -0.000005 0.001120
-0.465046 0.710064 0.249776 0.999999 0.000002 0.000007 0.001120
-0.465051 0.710069 0.249756 0.999999 -0.000008 -0.000003 0.001121
-0.465052 0.710067 0.249749 0.999999 -0.000005 -0.000005 0.001122
-0.465048 0.710062 0.249754 0.999999 0.000006 0.000004 0.001124
-0.465051 0.710060 0.249757 0.999999 0.000009 -0.000001 0.001124
-0.465052 0.710062 0.249770 0.999999 0.000006 -0.000003 0.001125
-0.465049 0.710068 0.249786 0.999999 -0.000007 0.000002 0.001127
-0.465049 0.710066 0.249797 0.999999 -0.000003 0.000003 0.001127
-0.465053 0.710062 0.249800 0.999999 0.000006 -0.000005 0.001128
-0.465050 0.710066 0.249800 0.999999 -0.000003 0.000001 0.001128
-0.465052 0.710062 0.249808 0.999999 0.000006 -0.000003 0.001129
-0.465052 0.710065 0.249819 0.999999 0.000000 -0.000002 0.001129
-0.465051 0.710066 0.249821 0.999999 -0.000003 -0.000001 0.001130
-0.465051 0.710066 0.249823 0.999999 -0.000003 -0.000001 0.001131
-0.465050 0.710063 0.249819 0.999999 0.000004 -0.000000 0.001133
-0.465050 0.710067 0.249828 0.999999 -0.000003 0.000000 0.001133
-0.465051 0.710065 0.249882 0.999999 0.000001 -0.000002 0.001136
-0.465051 0.710064 0.249945 0.999999 0.000002 -0.000000 0.001137
-0.465050 0.710066 0.249941 0.999999 -0.000001 0.000001 0.001138
-0.465051 0.710065 0.249932 0.999999 0.000001 -0.000001 0.001138
-0.465050 0.710064 0.249900 0.999999 0.000004 0.000002 0.001141
-0.465051 0.710064 0.249818 0.999999 0.000003 -0.000002 0.001143
-0.465049 0.710066 0.249816 0.999999 -0.000001 0.000004 0.001146
-0.465052 0.710065 0.249832 0.999999 0.000002 -0.000002 0.001149
-0.465052 0.710063 0.249857 0.999999 0.000005 -0.000003 0.001152
-0.465052 0.710066 0.249888 0.999999 0.000001 -0.000002 0.001155
-0.465052 0.710066 0.249865 0.999999 -0.000000 -0.000003 0.001156
-0.465052 0.710065 0.249836 0.999999 0.000002 -0.000002 0.001159
-0.465052 0.710065 0.249852 0.999999 0.000003 -0.000001 0.001162
-0.465051 0.710065 0.249877 0.999999 0.000002 -0.000000 0.001165
-0.465053 0.710066 0.249907 0.999999 0.000001 -0.000003 0.001167
-0.465052 0.710065 0.249929 0.999999 0.000002 -0.000002 0.001169
-0.465051 0.710066 0.249950 0.999999 0.000001 0.000000 0.001170
-0.465052 0.710067 0.249937 0.999999 -0.000001 -0.000001 0.001172
-0.465052 0.710070 0.249869 0.999999 -0.000007 -0.000001 0.001175
-0.465053 0.710066 0.249821 0.999999 0.000001 -0.000003 0.001178
-0.465052 0.710067 0.249846 0.999999 0.000000 -0.000001 0.001180
-0.465053 0.710065 0.249903 0.999999 0.000003 -0.000003 0.001182
-0.465052 0.710066 0.249874 0.999999 0.000001 -0.000000 0.001184
-0.465052 0.710066 0.249915 0.999999 0.000001 0.000000 0.001186
-0.465052 0.710067 0.249891 0.999999 -0.000000 -0.000000 0.001188
-0.465052 0.710067 0.249906 0.999999 0.000001 -0.000001 0.001191
-0.465051 0.710067 0.249898 0.999999 -0.000001 0.000001 0.001193
-0.465052 0.710067 0.249945 0.999999 0.000001 -0.000001 0.001194
-0.465052 0.710067 0.249958 0.999999 0.000001 -0.000000 0.001195
-0.465053 0.710068 0.249854 0.999999 -0.000001 -0.000002 0.001198
-0.465052 0.710067 0.249885 0.999999 -0.000000 -0.000000 0.001202
-0.465052 0.710067 0.249910 0.999999 0.000001 -0.000000 0.001205
-0.465052 0.710068 0.249915 0.999999 -0.000001 -0.000001 0.001207
-0.465053 0.710067 0.249947 0.999999 0.000001 -0.000002 0.001208
-0.465051 0.710065 0.249927 0.999999 0.000005 0.000001 0.001210
-0.465053 0.710068 0.249906 0.999999 0.000001 -0.000001 0.001212
-0.465052 0.710068 0.249967 0.999999 0.000000 0.000001 0.001213
-0.465051 0.710068 0.249923 0.999999 0.000000 0.000002 0.001214
-0.465053 0.710068 0.249853 0.999999 -0.000001 -0.000002 0.001217
-0.465052 0.710070 0.249802 0.999999 -0.000004 -0.000000 0.001219
-0.465052 0.710069 0.249867 0.999999 -0.000002 0.000000 0.001222
-0.465052 0.710067 0.249891 0.999999 0.000002 -0.000001 0.001224
-0.465053 0.710070 0.249882 0.999999 -0.000003 -0.000002 0.001225
-0.465050 0.710070 0.249845 0.999999 -0.000003 0.000004 0.001230
-0.465053 0.710067 0.249846 0.999999 0.000003 -0.000002 0.001233
-0.465052 0.710071 0.249823 0.999999 -0.000004 0.000000 0.001236
-0.465052 0.710068 0.249886 0.999999 0.000002 0.000000 0.001239
-0.465053 0.710070 0.249901 0.999999 -0.000002 0.000000 0.001240
-0.465052 0.710072 0.249905 0.999999 -0.000005 0.000002 0.001242
-0.465051 0.710070 0.249903 0.999999 -0.000002 0.000003 0.001245
-0.465056 0.710065 0.249827 0.999999 0.000008 -0.000005 0.001248
-0.465053 0.710071 0.249849 0.999999 -0.000003 0.000000 0.001251
-0.465054 0.710068 0.249830 0.999999 0.000003 -0.000001 0.001252
-0.465056 0.710071 0.249871 0.999999 -0.000004 -0.000004 0.001254
-0.465054 0.710069 0.249853 0.999999 0.000002 0.000000 0.001256
-0.465055 0.710070 0.249910 0.999999 -0.000000 -0.000002 0.001258
-0.465056 0.710069 0.249962 0.999999 0.000001 -0.000004 0.001259
-0.465054 0.710067 0.249885 0.999999 0.000005 -0.000001 0.001260
-0.465053 0.710071 0.249803 0.999999 -0.000002 0.000003 0.001262
-0.465054 0.710070 0.249836 0.999999 -0.000001 -0.000000 0.001265
-0.465056 0.710071 0.249897 0.999999 -0.000001 -0.000003 0.001268
-0.465054 0.710071 0.249877 0.999999 -0.000001 0.000000 0.001271
-0.465055 0.710069 0.249890 0.999999 0.000002 -0.000002 0.001276
-0.465056 0.710071 0.249883 0.999999 -0.000000 -0.000003 0.001278
-0.465054 0.710072 0.249912 0.999999 -0.000002 0.000000 0.001280
-0.465054 0.710072 0.249897 0.999999 -0.000003 0.000002 0.001281
-0.465056 0.710071 0.249928 0.999999 0.000000 -0.000002 0.001283
-0.465055 0.710071 0.249910 0.999999 -0.000001 -0.000000 0.001285
-0.465056 0.710073 0.249891 0.999999 -0.000005 -0.000002 0.001288
-0.465054 0.710071 0.249872 0.999999 0.000000 0.000001 0.001292
-0.465057 0.710071 0.249879 0.999999 0.000001 -0.000004 0.001293
-0.465056 0.710073 0.249809 0.999999 -0.000004 -0.000003 0.001295
-0.465055 0.710072 0.249841 0.999999 -0.000002 -0.000001 0.001299
-0.465055 0.710072 0.249877 0.999999 -0.000002 -0.000001 0.001302
-0.465055 0.710072 0.249923 0.999999 -0.000002 -0.000001 0.001304
-0.465057 0.710071 0.249930 0.999999 0.000001 -0.000005 0.001305
-0.465057 0.710071 0.249930 0.999999 0.000001 -0.000003 0.001307
-0.465056 0.710072 0.249925 0.999999 -0.000001 -0.000001 0.001309
-0.465056 0.710071 0.249916 0.999999 0.000001 -0.000001 0.001311
-0.465055 0.710072 0.249943 0.999999 0.000001 0.000000 0.001313
-0.465057 0.710073 0.249872 0.999999 -0.000003 -0.000003 0.001317
-0.465055 0.710072 0.249792 0.999999 0.000000 -0.000000 0.001318
-0.465054 0.710071 0.249823 0.999999 0.000002 0.000003 0.001321
-0.465057 0.710071 0.249869 0.999999 0.000002 -0.000003 0.001322
-0.465056 0.710073 0.249859 0.999999 -0.000002 -0.000002 0.001325
-0.465056 0.710073 0.249907 0.999999 -0.000001 -0.000001 0.001328
-0.465055 0.710073 0.249949 0.999999 -0.000002 0.000001 0.001329
-0.465056 0.710074 0.249878 0.999999 -0.000003 -0.000001 0.001331
-0.465056 0.710072 0.249910 0.999999 0.000002 -0.000001 0.001334
-0.465056 0.710073 0.249926 0.999999 0.000000 -0.000002 0.001336
-0.465057 0.710071 0.249856 0.999999 0.000004 -0.000003 0.001339
-0.465055 0.710072 0.249883 0.999999 0.000001 0.000000 0.001340
-0.465056 0.710072 0.249914 0.999999 0.000002 -0.000000 0.001342
-0.465057 0.710072 0.249953 0.999999 0.000001 -0.000002 0.001344
-0.465057 0.710073 0.249976 0.999999 0.000000 -0.000003 0.001344
-0.465056 0.710073 0.249906 0.999999 -0.000000 -0.000001 0.001346
-0.465057 0.710073 0.249901 0.999999 0.000001 -0.000002 0.001348
-0.465055 0.710073 0.249878 0.999999 0.000001 0.000001 0.001350
