-0.135678 -0.291587 -0.729657 -0.974016 -0.107711 -0.228957 0.976219 -0.000244 -0.000000 0.000000 0.000021 0.000000 0.000016 1.003337
-0.529339 -0.441886 -0.397780 -0.559510 -0.369667 -0.302656 0.974631 -0.000261 -0.000008 0.000006 0.002543 0.000003 -0.002500 1.003337
-0.530208 -0.442055 -0.397600 -0.559978 -0.369923 -0.301439 0.974778 -0.000261 -0.000008 0.000006 0.002639 0.000002 -0.002595 1.003337
-0.530435 -0.442163 -0.397438 -0.559862 -0.370004 -0.301389 0.974971 -0.000261 -0.000008 0.000006 0.002713 0.000002 -0.002670 1.003337
-0.530331 -0.442357 -0.397321 -0.559904 -0.369784 -0.301421 0.975030 -0.000261 -0.000007 0.000006 0.002753 0.000002 -0.002709 1.003337
-0.529422 -0.442606 -0.397013 -0.559334 -0.369496 -0.302950 0.975187 -0.000261 -0.000006 0.000004 0.003008 0.000003 -0.002964 1.003337
-0.527409 -0.442549 -0.397303 -0.558816 -0.368640 -0.305334 0.975310 -0.000260 -0.000005 0.000001 0.003219 0.000004 -0.003175 1.003337
-0.528828 -0.443238 -0.396482 -0.559361 -0.369014 -0.303461 0.975377 -0.000260 -0.000006 0.000004 0.003258 0.000002 -0.003215 1.003337
-0.528659 -0.443317 -0.396437 -0.559152 -0.368864 -0.303874 0.975661 -0.000261 -0.000004 0.000003 0.003382 0.000002 -0.003338 1.003337
-0.524402 -0.443571 -0.396552 -0.558158 -0.367105 -0.308881 0.975784 -0.000260 -0.000003 -0.000004 0.003851 0.000007 -0.003807 1.003337
-0.524616 -0.444053 -0.396017 -0.558511 -0.367130 -0.308369 0.975872 -0.000260 -0.000002 -0.000005 0.003977 0.000007 -0.003933 1.003337
-0.519348 -0.444116 -0.396670 -0.557408 -0.364699 -0.314249 0.975873 -0.000260 -0.000001 -0.000009 0.004351 0.000011 -0.004307 1.003337
-0.519238 -0.444553 -0.396110 -0.557676 -0.364754 -0.314153 0.975984 -0.000259 0.000000 -0.000010 0.004598 0.000011 -0.004554 1.003337
-0.516016 -0.445452 -0.395652 -0.557566 -0.363142 -0.317180 0.976105 -0.000259 0.000000 -0.000012 0.004829 0.000012 -0.004785 1.003337
-0.515467 -0.446064 -0.395006 -0.557875 -0.362927 -0.317366 0.976132 -0.000259 -0.000000 -0.000011 0.004932 0.000011 -0.004888 1.003337
-0.509866 -0.447024 -0.394822 -0.557427 -0.360241 -0.322964 0.976138 -0.000258 0.000000 -0.000013 0.005563 0.000013 -0.005520 1.003337
-0.509104 -0.446578 -0.395516 -0.557455 -0.359828 -0.323599 0.976136 -0.000258 0.000001 -0.000013 0.005694 0.000013 -0.005650 1.003337
-0.506172 -0.448108 -0.394137 -0.557349 -0.358498 -0.326406 0.976139 -0.000258 0.000001 -0.000014 0.006021 0.000013 -0.005977 1.003337
-0.498137 -0.449735 -0.393946 -0.558505 -0.354333 -0.332644 0.976142 -0.000258 -0.000000 -0.000019 0.006757 0.000020 -0.006713 1.003337
-0.498494 -0.449242 -0.394285 -0.557283 -0.354613 -0.333428 0.976135 -0.000258 0.000000 -0.000018 0.006900 0.000018 -0.006855 1.003337
-0.497969 -0.450161 -0.393262 -0.557313 -0.354367 -0.333874 0.976137 -0.000258 -0.000000 -0.000016 0.006996 0.000017 -0.006951 1.003337
-0.494532 -0.451449 -0.392689 -0.558518 -0.352402 -0.335819 0.976141 -0.000257 0.000000 -0.000019 0.007415 0.000020 -0.007371 1.003337
-0.494070 -0.453104 -0.390732 -0.558699 -0.352224 -0.336084 0.976139 -0.000257 -0.000000 -0.000018 0.007647 0.000018 -0.007603 1.003337
-0.493149 -0.453235 -0.390848 -0.558675 -0.351606 -0.336886 0.976137 -0.000257 0.000001 -0.000021 0.007906 0.000020 -0.007861 1.003337
-0.488481 -0.455940 -0.389027 -0.560750 -0.348846 -0.339177 0.976143 -0.000257 -0.000000 -0.000019 0.008381 0.000020 -0.008337 1.003337
-0.488156 -0.455978 -0.388911 -0.560584 -0.348831 -0.339564 0.976138 -0.000257 0.000001 -0.000020 0.008489 0.000020 -0.008445 1.003337
-0.487866 -0.457318 -0.387833 -0.561718 -0.348192 -0.338716 0.976139 -0.000256 -0.000000 -0.000019 0.008676 0.000020 -0.008632 1.003337
-0.484502 -0.458820 -0.386901 -0.562897 -0.346297 -0.340557 0.976142 -0.000257 0.000001 -0.000020 0.009092 0.000019 -0.009048 1.003336
-0.483431 -0.459925 -0.385456 -0.562237 -0.346132 -0.342230 0.976139 -0.000256 0.000001 -0.000020 0.009355 0.000020 -0.009309 1.003335
-0.481076 -0.461390 -0.384512 -0.563746 -0.344704 -0.342907 0.976142 -0.000256 0.000001 -0.000021 0.009531 0.000020 -0.009487 1.003335
-0.480819 -0.463039 -0.383213 -0.565849 -0.343948 -0.341008 0.976143 -0.000256 0.000001 -0.000019 0.009725 0.000019 -0.009681 1.003335
-0.479610 -0.464019 -0.381707 -0.564903 -0.343953 -0.343096 0.976140 -0.000256 0.000001 -0.000020 0.009818 0.000019 -0.009773 1.003335
-0.479787 -0.465289 -0.380532 -0.565977 -0.343610 -0.341838 0.976141 -0.000256 0.000001 -0.000017 0.009955 0.000016 -0.009910 1.003335
-0.478238 -0.466431 -0.379594 -0.566491 -0.342743 -0.342755 0.976142 -0.000256 0.000000 -0.000017 0.010202 0.000017 -0.010158 1.003335
-0.480550 -0.468477 -0.376913 -0.567715 -0.343673 -0.339477 0.976142 -0.000256 0.000001 -0.000016 0.010166 0.000014 -0.010121 1.003335
-0.479478 -0.469547 -0.376050 -0.568676 -0.342977 -0.339479 0.976142 -0.000256 0.000000 -0.000015 0.010343 0.000014 -0.010299 1.003335
-0.479439 -0.471599 -0.372896 -0.567339 -0.343693 -0.340859 0.976142 -0.000256 0.000004 -0.000023 0.010490 0.000019 -0.010445 1.003334
-0.481286 -0.473009 -0.371241 -0.568946 -0.344305 -0.337596 0.976143 -0.000256 0.000001 -0.000017 0.010495 0.000016 -0.010451 1.003334
-0.480153 -0.473689 -0.371401 -0.570740 -0.342888 -0.336841 0.976143 -0.000256 -0.000002 -0.000010 0.010626 0.000011 -0.010581 1.003335
-0.479914 -0.476588 -0.366762 -0.569008 -0.344114 -0.338840 0.976143 -0.000256 0.000001 -0.000018 0.010667 0.000017 -0.010623 1.003334
-0.481466 -0.477189 -0.365661 -0.568832 -0.344911 -0.337613 0.976141 -0.000256 0.000001 -0.000017 0.010745 0.000016 -0.010701 1.003334
-0.481824 -0.477968 -0.364744 -0.569027 -0.344967 -0.337096 0.976141 -0.000256 0.000001 -0.000014 0.010716 0.000012 -0.010672 1.003335
-0.483200 -0.479012 -0.363062 -0.569050 -0.345814 -0.335844 0.976141 -0.000256 0.000001 -0.000016 0.010673 0.000014 -0.010629 1.003335
-0.482017 -0.481976 -0.359171 -0.568897 -0.345981 -0.337127 0.976146 -0.000256 0.000001 -0.000018 0.010764 0.000017 -0.010720 1.003334
-0.486043 -0.482933 -0.357472 -0.569416 -0.347725 -0.333034 0.976142 -0.000256 -0.000001 -0.000014 0.010612 0.000014 -0.010568 1.003335
-0.486898 -0.485887 -0.353338 -0.569206 -0.348597 -0.332478 0.976146 -0.000256 0.000000 -0.000016 0.010653 0.000015 -0.010609 1.003335
-0.486995 -0.485469 -0.354740 -0.572186 -0.347843 -0.329367 0.976144 -0.000256 0.000000 -0.000014 0.010629 0.000013 -0.010585 1.003335
-0.490704 -0.488669 -0.349079 -0.569789 -0.350777 -0.328518 0.976144 -0.000256 0.000001 -0.000017 0.010544 0.000015 -0.010501 1.003335
-0.492173 -0.490858 -0.345981 -0.569965 -0.351719 -0.327117 0.976145 -0.000257 -0.000002 -0.000012 0.010503 0.000013 -0.010460 1.003335
-0.492125 -0.491704 -0.344236 -0.568461 -0.352463 -0.328703 0.976143 -0.000256 -0.000000 -0.000015 0.010383 0.000015 -0.010340 1.003335
-0.493271 -0.495319 -0.338609 -0.566923 -0.354092 -0.329392 0.976146 -0.000256 -0.000001 -0.000010 0.010148 0.000010 -0.010106 1.003335
-0.496268 -0.498030 -0.332756 -0.562427 -0.357640 -0.331332 0.976143 -0.000256 -0.000002 -0.000013 0.010004 0.000013 -0.009962 1.003335
-0.498379 -0.498708 -0.332909 -0.566269 -0.357490 -0.325472 0.976147 -0.000256 -0.000000 -0.000017 0.009959 0.000017 -0.009916 1.003335
-0.501282 -0.501583 -0.328273 -0.565388 -0.359529 -0.323890 0.976146 -0.000256 -0.000001 -0.000015 0.009802 0.000016 -0.009760 1.003335
-0.500184 -0.499556 -0.330119 -0.562920 -0.359674 -0.327371 0.976137 -0.000257 0.000000 -0.000016 0.009590 0.000015 -0.009547 1.003336
-0.506521 -0.504137 -0.322406 -0.562094 -0.363999 -0.322604 0.976146 -0.000257 -0.000000 -0.000017 0.009182 0.000017 -0.009139 1.003336
-0.508086 -0.506039 -0.319963 -0.562597 -0.364581 -0.320710 0.976146 -0.000257 -0.000001 -0.000015 0.009073 0.000015 -0.009031 1.003336
-0.511690 -0.509333 -0.313119 -0.558477 -0.368650 -0.321840 0.976144 -0.000257 -0.000002 -0.000016 0.008662 0.000017 -0.008619 1.003336
-0.515331 -0.512901 -0.308308 -0.559629 -0.370422 -0.317382 0.976150 -0.000256 -0.000003 -0.000015 0.008651 0.000017 -0.008610 1.003335
-0.517910 -0.516744 -0.301569 -0.556968 -0.373501 -0.317953 0.976147 -0.000256 -0.000004 -0.000013 0.008292 0.000017 -0.008251 1.003335
-0.523379 -0.515321 -0.303328 -0.558971 -0.374946 -0.310827 0.976142 -0.000257 -0.000005 -0.000014 0.007897 0.000019 -0.007856 1.003336
-0.524833 -0.517834 -0.300723 -0.561676 -0.375255 -0.306758 0.976151 -0.000257 -0.000003 -0.000018 0.007698 0.000021 -0.007657 1.003336
-0.523355 -0.518848 -0.298880 -0.559997 -0.375386 -0.310003 0.976146 -0.000257 -0.000004 -0.000012 0.007490 0.000016 -0.007448 1.003336
-0.531865 -0.521597 -0.292820 -0.557773 -0.380817 -0.304507 0.976146 -0.000257 -0.000005 -0.000015 0.007141 0.000020 -0.007099 1.003337
-0.535271 -0.525374 -0.287348 -0.558524 -0.382959 -0.300798 0.976152 -0.000257 -0.000006 -0.000012 0.006630 0.000017 -0.006589 1.003337
-0.538716 -0.531017 -0.278370 -0.556432 -0.386403 -0.300053 0.976152 -0.000256 -0.000005 -0.000014 0.006257 0.000020 -0.006217 1.003336
-0.542373 -0.528477 -0.282900 -0.560917 -0.385841 -0.292033 0.976146 -0.000258 -0.000010 0.000000 0.005713 0.000009 -0.005672 1.003337
-0.553026 -0.535003 -0.273449 -0.562638 -0.391008 -0.280565 0.976159 -0.000258 -0.000012 -0.000002 0.005542 0.000015 -0.005502 1.003337
-0.548422 -0.535510 -0.270562 -0.555628 -0.391732 -0.292237 0.976144 -0.000257 -0.000012 0.000001 0.005379 0.000010 -0.005340 1.003337
-0.558348 -0.539353 -0.267091 -0.563063 -0.393783 -0.275441 0.976159 -0.000259 -0.000015 0.000010 0.004461 0.000004 -0.004421 1.003337
-0.555008 -0.542606 -0.259247 -0.553875 -0.396846 -0.288367 0.976147 -0.000257 -0.000007 -0.000002 0.004421 0.000008 -0.004383 1.003337
-0.554371 -0.546517 -0.253994 -0.553404 -0.397337 -0.289710 0.976153 -0.000256 -0.000005 -0.000003 0.004070 0.000006 -0.004032 1.003337
-0.563133 -0.549273 -0.250505 -0.557161 -0.400285 -0.277777 0.976156 -0.000258 -0.000010 0.000004 0.003548 0.000005 -0.003510 1.003336
-0.563923 -0.550132 -0.249469 -0.557465 -0.400529 -0.276840 0.976150 -0.000258 -0.000010 0.000004 0.003357 0.000005 -0.003320 1.003336
-0.566656 -0.553386 -0.246198 -0.560452 -0.400949 -0.271314 0.976156 -0.000258 -0.000008 0.000003 0.002938 0.000004 -0.002900 1.003337
-0.569227 -0.557021 -0.240166 -0.559029 -0.403388 -0.270660 0.976154 -0.000259 -0.000008 0.000001 0.002656 0.000006 -0.002618 1.003336
-0.570435 -0.558723 -0.237859 -0.559004 -0.404257 -0.269668 0.976152 -0.000257 -0.000002 -0.000003 0.002341 0.000005 -0.002303 1.003337
-0.572246 -0.564954 -0.229413 -0.558609 -0.405843 -0.268609 0.976157 -0.000258 -0.000002 -0.000007 0.002298 0.000009 -0.002263 1.003336
-0.574438 -0.566165 -0.229863 -0.564111 -0.404706 -0.261021 0.976158 -0.000259 -0.000007 0.000006 0.001694 -0.000001 -0.001656 1.003336
-0.577920 -0.568897 -0.224524 -0.561113 -0.408023 -0.261070 0.976152 -0.000257 -0.000002 0.000000 0.001567 -0.000000 -0.001532 1.003336
-0.580012 -0.573208 -0.219761 -0.563382 -0.408371 -0.256860 0.976160 -0.000258 -0.000003 -0.000001 0.001338 0.000002 -0.001304 1.003335
-0.581031 -0.574321 -0.218899 -0.565038 -0.408309 -0.254427 0.976155 -0.000258 -0.000002 -0.000001 0.001047 0.000002 -0.001011 1.003335
-0.580054 -0.577775 -0.215253 -0.566411 -0.407688 -0.254013 0.976157 -0.000257 -0.000000 -0.000001 0.000818 -0.000000 -0.000782 1.003335
-0.582369 -0.579237 -0.213060 -0.566439 -0.408777 -0.251944 0.976154 -0.000258 -0.000000 -0.000003 0.000823 0.000002 -0.000789 1.003335
-0.587015 -0.582768 -0.212227 -0.574904 -0.407082 -0.238829 0.976164 -0.000259 -0.000005 0.000006 0.000350 -0.000003 -0.000314 1.003336
-0.588211 -0.584117 -0.209694 -0.573591 -0.408535 -0.239148 0.976155 -0.000258 -0.000000 -0.000006 0.000384 0.000005 -0.000348 1.003334
-0.584460 -0.585567 -0.207976 -0.572054 -0.407392 -0.244287 0.976153 -0.000257 0.000001 -0.000000 0.000363 -0.000003 -0.000328 1.003336
-0.584910 -0.586246 -0.206731 -0.571276 -0.407998 -0.244738 0.976152 -0.000257 0.000002 -0.000003 0.000152 -0.000001 -0.000117 1.003336
-0.588063 -0.586672 -0.206721 -0.573335 -0.408525 -0.239784 0.976154 -0.000258 0.000002 -0.000006 0.000085 0.000002 -0.000049 1.003336
-0.590174 -0.588359 -0.206576 -0.577445 -0.407484 -0.233462 0.976159 -0.000257 0.000003 -0.000012 0.000116 0.000008 -0.000082 1.003336
-0.591032 -0.590917 -0.205940 -0.581797 -0.405469 -0.228158 0.976163 -0.000257 0.000000 -0.000005 -0.000024 0.000004 0.000059 1.003336
-0.588901 -0.590928 -0.205808 -0.580839 -0.404923 -0.231075 0.976154 -0.000257 0.000002 -0.000010 0.000091 0.000007 -0.000057 1.003336
-0.590209 -0.592761 -0.205093 -0.584037 -0.404025 -0.226661 0.976158 -0.000257 0.000003 -0.000011 0.000197 0.000007 -0.000164 1.003336
-0.586186 -0.593069 -0.205576 -0.584365 -0.401956 -0.229952 0.976155 -0.000256 0.000003 -0.000010 0.000341 0.000006 -0.000309 1.003335
-0.589398 -0.594380 -0.204972 -0.586865 -0.402043 -0.224435 0.976157 -0.000257 0.000001 -0.000010 0.000286 0.000008 -0.000252 1.003336
-0.588580 -0.595525 -0.204698 -0.588750 -0.400848 -0.223129 0.976157 -0.000257 0.000003 -0.000014 0.000422 0.000011 -0.000389 1.003335
-0.586871 -0.595951 -0.204255 -0.588275 -0.400258 -0.225315 0.976153 -0.000256 0.000001 -0.000007 0.000554 0.000005 -0.000522 1.003335
-0.586908 -0.598677 -0.204106 -0.594170 -0.397447 -0.219023 0.976165 -0.000257 0.000000 -0.000008 0.000551 0.000007 -0.000518 1.003334
-0.584594 -0.600036 -0.204321 -0.596779 -0.394990 -0.218395 0.976160 -0.000257 -0.000001 -0.000003 0.000709 0.000003 -0.000677 1.003334
-0.588005 -0.600814 -0.204431 -0.599707 -0.395062 -0.212240 0.976158 -0.000257 -0.000003 -0.000005 0.000775 0.000008 -0.000742 1.003334
-0.588681 -0.601719 -0.205417 -0.603730 -0.393256 -0.207349 0.976161 -0.000257 -0.000005 -0.000002 0.000819 0.000006 -0.000786 1.003335
-0.521678 -0.470085 -0.357732 -0.551328 -0.374456 -0.319095 0.975868 -0.000260 0.000002 -0.000009 0.004523 0.000007 -0.004484 1.003337
-0.518496 -0.469696 -0.359156 -0.551795 -0.372542 -0.321466 0.976082 -0.000260 0.000003 -0.000010 0.004740 0.000007 -0.004699 1.003337
-0.518771 -0.469909 -0.358697 -0.551323 -0.372831 -0.321718 0.976128 -0.000260 0.000004 -0.000011 0.004822 0.000007 -0.004780 1.003337
-0.517778 -0.470443 -0.357824 -0.550327 -0.372695 -0.323627 0.976138 -0.000260 0.000005 -0.000013 0.004904 0.000008 -0.004862 1.003337
-0.516100 -0.471061 -0.357136 -0.549574 -0.372133 -0.325966 0.976141 -0.000260 0.000006 -0.000016 0.005219 0.000010 -0.005177 1.003337
-0.513640 -0.471517 -0.356702 -0.548556 -0.371259 -0.329248 0.976141 -0.000260 0.000007 -0.000019 0.005534 0.000011 -0.005491 1.003337
-0.515005 -0.472609 -0.355050 -0.548609 -0.371990 -0.327990 0.976142 -0.000260 0.000008 -0.000019 0.005456 0.000011 -0.005414 1.003337
