-0.555369 -0.430193 -0.448594 -0.530258 -0.317594 -0.317784 0.998492 -0.000333 -0.000015 0.000020 0.002597 0.000025 -0.002444 1.000083
-0.556568 -0.430718 -0.448416 -0.531802 -0.318024 -0.317288 0.998670 -0.000332 -0.000015 0.000019 0.002700 0.000022 -0.002536 1.000083
-0.557423 -0.431142 -0.448418 -0.532074 -0.317623 -0.318057 0.998888 -0.000331 -0.000014 0.000018 0.002775 0.000020 -0.002612 1.000082
-0.557578 -0.431146 -0.447655 -0.531756 -0.315551 -0.317878 0.998904 -0.000332 -0.000012 0.000019 0.002815 0.000021 -0.002647 1.000085
-0.558214 -0.432120 -0.447749 -0.532687 -0.314516 -0.321584 0.999081 -0.000326 -0.000012 0.000012 0.003077 0.000017 -0.002904 1.000080
-0.556800 -0.432193 -0.448280 -0.532424 -0.312848 -0.324658 0.999207 -0.000324 -0.000012 0.000006 0.003294 0.000016 -0.003114 1.000077
-0.558143 -0.433290 -0.446445 -0.532634 -0.311520 -0.321921 0.999252 -0.000327 -0.000010 0.000013 0.003318 0.000014 -0.003155 1.000081
-0.558944 -0.433617 -0.446542 -0.532909 -0.310218 -0.323506 0.999606 -0.000329 -0.000008 0.000009 0.003453 0.000009 -0.003275 1.000082
-0.556213 -0.434192 -0.446477 -0.533658 -0.306314 -0.330613 0.999681 -0.000318 -0.000011 -0.000008 0.003942 0.000013 -0.003750 1.000071
-0.556679 -0.434989 -0.445265 -0.534979 -0.305877 -0.330114 0.999753 -0.000319 -0.000007 -0.000008 0.004056 0.000010 -0.003859 1.000073
-0.552104 -0.435107 -0.445662 -0.533057 -0.300017 -0.335910 0.999736 -0.000315 -0.000009 -0.000017 0.004430 0.000015 -0.004243 1.000065
-0.552055 -0.435844 -0.444542 -0.534911 -0.300664 -0.336158 0.999871 -0.000312 -0.000008 -0.000021 0.004683 0.000011 -0.004479 1.000063
-0.548613 -0.437963 -0.443372 -0.534834 -0.296654 -0.338480 1.000078 -0.000306 -0.000010 -0.000024 0.004909 0.000013 -0.004722 1.000054
-0.547417 -0.438895 -0.441783 -0.535564 -0.296327 -0.337637 1.000264 -0.000307 -0.000011 -0.000021 0.005007 0.000012 -0.004817 1.000055
-0.542307 -0.441341 -0.440963 -0.536256 -0.290396 -0.343653 1.000457 -0.000297 -0.000011 -0.000026 0.005654 0.000012 -0.005476 1.000044
-0.541649 -0.440047 -0.441519 -0.536077 -0.289937 -0.343849 1.000681 -0.000298 -0.000010 -0.000027 0.005781 0.000010 -0.005568 1.000044
-0.538411 -0.443253 -0.438712 -0.536723 -0.286119 -0.345973 1.000813 -0.000294 -0.000010 -0.000029 0.006106 0.000010 -0.005917 1.000040
-0.529971 -0.445552 -0.435151 -0.542033 -0.277604 -0.351709 1.001807 -0.000290 -0.000022 -0.000044 0.006858 0.000016 -0.006644 1.000033
-0.530734 -0.445211 -0.436831 -0.537393 -0.277331 -0.351493 1.002023 -0.000289 -0.000020 -0.000042 0.006993 0.000012 -0.006770 1.000030
-0.529902 -0.446937 -0.434817 -0.537393 -0.275591 -0.351175 1.001910 -0.000289 -0.000021 -0.000039 0.007083 0.000009 -0.006870 1.000029
-0.525611 -0.449124 -0.432117 -0.540932 -0.271399 -0.352332 1.001965 -0.000282 -0.000021 -0.000043 0.007510 0.000015 -0.007309 1.000021
-0.524822 -0.451860 -0.427988 -0.541659 -0.268778 -0.351482 1.002099 -0.000281 -0.000022 -0.000042 0.007737 0.000010 -0.007524 1.000020
-0.523798 -0.451875 -0.427608 -0.540713 -0.266264 -0.351480 1.002346 -0.000280 -0.000016 -0.000045 0.008009 0.000016 -0.007779 1.000015
-0.518520 -0.456750 -0.421915 -0.547661 -0.259379 -0.353414 1.002693 -0.000275 -0.000021 -0.000041 0.008473 0.000015 -0.008269 1.000002
-0.517252 -0.456452 -0.421379 -0.546225 -0.259600 -0.352151 1.002633 -0.000276 -0.000017 -0.000043 0.008586 0.000015 -0.008355 1.000003
-0.517075 -0.459227 -0.418844 -0.548737 -0.256262 -0.351137 1.002721 -0.000273 -0.000019 -0.000040 0.008761 0.000017 -0.008557 1.000001
-0.512146 -0.460698 -0.414337 -0.551101 -0.250766 -0.350757 1.002835 -0.000279 -0.000012 -0.000040 0.009203 0.000014 -0.008972 0.999999
-0.511028 -0.463143 -0.412262 -0.550504 -0.249844 -0.351981 1.003548 -0.000269 -0.000015 -0.000041 0.009465 0.000016 -0.009213 0.999989
-0.507673 -0.465916 -0.409317 -0.554711 -0.247258 -0.351982 1.003254 -0.000272 -0.000014 -0.000041 0.009634 0.000017 -0.009401 0.999987
-0.506249 -0.468183 -0.404840 -0.558422 -0.243710 -0.348238 1.003295 -0.000276 -0.000012 -0.000036 0.009823 0.000017 -0.009601 0.999988
-0.504498 -0.469636 -0.402122 -0.557432 -0.243191 -0.349645 1.003295 -0.000275 -0.000011 -0.000038 0.009918 0.000017 -0.009682 0.999986
-0.504304 -0.471555 -0.398832 -0.559074 -0.239944 -0.347267 1.003376 -0.000278 -0.000009 -0.000031 0.010056 0.000016 -0.009822 0.999987
-0.502364 -0.473880 -0.396660 -0.560625 -0.237486 -0.347771 1.003665 -0.000275 -0.000010 -0.000031 0.010308 0.000017 -0.010075 0.999982
-0.504051 -0.476949 -0.390940 -0.563423 -0.236442 -0.343438 1.003311 -0.000279 -0.000005 -0.000026 0.010251 0.000013 -0.010039 0.999985
-0.501876 -0.478709 -0.388411 -0.565341 -0.234669 -0.342291 1.003436 -0.000276 -0.000007 -0.000025 0.010438 0.000011 -0.010221 0.999984
-0.500864 -0.482517 -0.383384 -0.562649 -0.233881 -0.341684 1.004292 -0.000266 0.000000 -0.000038 0.010596 0.000018 -0.010355 0.999975
-0.501663 -0.485193 -0.380151 -0.566037 -0.234789 -0.337411 1.003878 -0.000267 -0.000006 -0.000031 0.010573 0.000012 -0.010378 0.999977
-0.500935 -0.485708 -0.378207 -0.569795 -0.229325 -0.337024 1.003993 -0.000281 -0.000007 -0.000012 0.010717 0.000013 -0.010504 0.999989
-0.498479 -0.490467 -0.370290 -0.567268 -0.230294 -0.335980 1.004354 -0.000269 -0.000007 -0.000029 0.010752 0.000020 -0.010546 0.999977
-0.500182 -0.491144 -0.368289 -0.566815 -0.229784 -0.334425 1.004009 -0.000278 -0.000003 -0.000027 0.010831 0.000017 -0.010623 0.999981
-0.500545 -0.492484 -0.366382 -0.567081 -0.228125 -0.333563 1.003871 -0.000279 -0.000003 -0.000021 0.010796 0.000010 -0.010595 0.999983
-0.501406 -0.493786 -0.363017 -0.567320 -0.228192 -0.331484 1.004183 -0.000278 -0.000003 -0.000025 0.010762 0.000014 -0.010544 0.999986
-0.497858 -0.499275 -0.355915 -0.568183 -0.228132 -0.330224 1.004058 -0.000271 -0.000005 -0.000029 0.010843 0.000018 -0.010653 0.999980
-0.502798 -0.501398 -0.353816 -0.569915 -0.229390 -0.327095 1.004482 -0.000273 -0.000010 -0.000024 0.010685 0.000013 -0.010494 0.999982
-0.501964 -0.505928 -0.345507 -0.569505 -0.227268 -0.323762 1.004446 -0.000276 -0.000009 -0.000027 0.010728 0.000014 -0.010541 0.999984
-0.500415 -0.504584 -0.346210 -0.575150 -0.228837 -0.319911 1.003789 -0.000275 -0.000005 -0.000023 0.010703 0.000010 -0.010516 0.999988
-0.504309 -0.510688 -0.338025 -0.571571 -0.229293 -0.318174 1.004333 -0.000274 -0.000010 -0.000031 0.010610 0.000009 -0.010437 0.999983
-0.505496 -0.514230 -0.332084 -0.573544 -0.228351 -0.316422 1.004406 -0.000283 -0.000015 -0.000024 0.010582 0.000007 -0.010383 0.999989
-0.505036 -0.515634 -0.329708 -0.571208 -0.228920 -0.317397 1.004407 -0.000275 -0.000012 -0.000029 0.010451 0.000009 -0.010271 0.999986
-0.506077 -0.520875 -0.318892 -0.571065 -0.226483 -0.317260 1.003836 -0.000274 -0.000013 -0.000023 0.010189 -0.000003 -0.010052 0.999986
-0.509463 -0.526358 -0.311898 -0.564030 -0.229372 -0.318699 1.004691 -0.000269 -0.000018 -0.000028 0.010054 0.000005 -0.009906 0.999983
-0.509079 -0.528333 -0.311520 -0.570340 -0.231777 -0.310670 1.004813 -0.000277 -0.000017 -0.000036 0.010021 0.000011 -0.009856 0.999987
-0.512351 -0.532788 -0.303045 -0.570827 -0.230625 -0.309246 1.004806 -0.000280 -0.000022 -0.000036 0.009861 0.000005 -0.009699 0.999987
-0.512753 -0.528760 -0.307546 -0.566138 -0.231421 -0.314586 1.003859 -0.000281 -0.000019 -0.000041 0.009650 -0.000004 -0.009475 0.999992
-0.517158 -0.537015 -0.295004 -0.566329 -0.236107 -0.307033 1.004530 -0.000279 -0.000023 -0.000044 0.009241 -0.000000 -0.009067 0.999993
-0.518482 -0.539920 -0.289744 -0.567588 -0.233220 -0.304343 1.003966 -0.000280 -0.000027 -0.000042 0.009115 -0.000004 -0.008988 0.999994
-0.522464 -0.545619 -0.279985 -0.563118 -0.236828 -0.305649 1.004486 -0.000276 -0.000033 -0.000048 0.008710 -0.000003 -0.008556 0.999992
-0.523865 -0.552601 -0.271373 -0.565102 -0.237490 -0.297836 1.004720 -0.000274 -0.000034 -0.000043 0.008678 0.000001 -0.008586 0.999990
-0.525839 -0.559957 -0.261344 -0.563312 -0.240142 -0.297938 1.005149 -0.000259 -0.000038 -0.000044 0.008308 -0.000002 -0.008223 0.999985
-0.531362 -0.556296 -0.263595 -0.564243 -0.241636 -0.289981 1.004238 -0.000288 -0.000049 -0.000052 0.007923 -0.000003 -0.007804 0.999999
-0.529129 -0.561613 -0.258120 -0.569420 -0.244219 -0.282518 1.004419 -0.000274 -0.000042 -0.000055 0.007728 0.000002 -0.007615 0.999997
-0.529220 -0.562520 -0.254416 -0.569706 -0.241817 -0.288094 1.003661 -0.000276 -0.000046 -0.000050 0.007525 -0.000013 -0.007406 0.999999
-0.536308 -0.568058 -0.246568 -0.563828 -0.248553 -0.279319 1.004762 -0.000282 -0.000049 -0.000053 0.007176 -0.000000 -0.007052 1.000000
-0.537533 -0.574114 -0.235586 -0.567613 -0.249923 -0.273225 1.004233 -0.000275 -0.000048 -0.000046 0.006635 -0.000002 -0.006547 1.000003
-0.539820 -0.584387 -0.220358 -0.567569 -0.250787 -0.270845 1.004895 -0.000263 -0.000049 -0.000053 0.006259 -0.000000 -0.006200 0.999999
-0.543121 -0.577568 -0.224999 -0.573709 -0.250157 -0.262256 1.003583 -0.000287 -0.000055 -0.000028 0.005723 -0.000015 -0.005623 1.000007
-0.549143 -0.591054 -0.208769 -0.574991 -0.255570 -0.243370 1.005280 -0.000293 -0.000063 -0.000030 0.005544 0.000004 -0.005487 1.000000
-0.549393 -0.591672 -0.206669 -0.567566 -0.251901 -0.262014 1.004181 -0.000280 -0.000064 -0.000030 0.005363 -0.000015 -0.005350 1.000001
-0.553464 -0.597684 -0.195840 -0.577886 -0.253847 -0.235929 1.003761 -0.000305 -0.000059 -0.000005 0.004421 -0.000007 -0.004393 1.000008
-0.554220 -0.605234 -0.187731 -0.568945 -0.255620 -0.255806 1.004289 -0.000265 -0.000047 -0.000032 0.004403 -0.000019 -0.004399 1.000005
-0.553891 -0.612162 -0.177346 -0.573085 -0.252848 -0.257595 1.003879 -0.000257 -0.000041 -0.000035 0.004030 -0.000028 -0.004045 1.000004
-0.558617 -0.616171 -0.168669 -0.577367 -0.256092 -0.238914 1.004311 -0.000284 -0.000054 -0.000022 0.003485 -0.000020 -0.003534 0.999998
-0.559693 -0.617909 -0.166734 -0.579237 -0.255029 -0.239165 1.003893 -0.000289 -0.000055 -0.000023 0.003311 -0.000020 -0.003357 0.999999
-0.559536 -0.624890 -0.159735 -0.585016 -0.255589 -0.229963 1.003767 -0.000284 -0.000046 -0.000023 0.002900 -0.000023 -0.002919 1.000005
-0.562128 -0.629050 -0.146526 -0.586084 -0.253587 -0.228643 1.004027 -0.000298 -0.000047 -0.000025 0.002600 -0.000016 -0.002651 0.999995
-0.562603 -0.634817 -0.145117 -0.587260 -0.257030 -0.227581 1.004418 -0.000269 -0.000029 -0.000029 0.002304 -0.000022 -0.002324 1.000001
-0.563201 -0.645014 -0.127121 -0.589538 -0.251207 -0.223377 1.004919 -0.000280 -0.000034 -0.000041 0.002215 -0.000021 -0.002342 0.999996
-0.563122 -0.646282 -0.123914 -0.600928 -0.250190 -0.213430 1.003283 -0.000297 -0.000040 -0.000014 0.001627 -0.000028 -0.001676 0.999992
-0.566940 -0.653759 -0.118326 -0.596975 -0.254883 -0.214066 1.004559 -0.000274 -0.000027 -0.000027 0.001475 -0.000035 -0.001615 0.999990
-0.566334 -0.661201 -0.106770 -0.601720 -0.251450 -0.205315 1.004585 -0.000283 -0.000032 -0.000030 0.001234 -0.000032 -0.001388 0.999990
-0.567789 -0.663814 -0.104842 -0.607973 -0.251841 -0.204593 1.004318 -0.000278 -0.000030 -0.000029 0.000969 -0.000031 -0.001073 0.999986
-0.565166 -0.670452 -0.096484 -0.612686 -0.249151 -0.202181 1.004423 -0.000269 -0.000022 -0.000029 0.000741 -0.000036 -0.000846 0.999987
-0.567858 -0.672223 -0.091330 -0.613588 -0.247523 -0.199673 1.004279 -0.000277 -0.000024 -0.000031 0.000733 -0.000033 -0.000875 0.999988
-0.567547 -0.681564 -0.079529 -0.625563 -0.246227 -0.179479 1.003878 -0.000296 -0.000037 -0.000018 0.000277 -0.000036 -0.000364 0.999994
-0.568115 -0.685651 -0.076040 -0.623981 -0.249874 -0.179659 1.005554 -0.000280 -0.000030 -0.000040 0.000314 -0.000028 -0.000416 0.999981
-0.566182 -0.689815 -0.072285 -0.623595 -0.245866 -0.187434 1.004801 -0.000261 -0.000015 -0.000024 0.000273 -0.000039 -0.000413 0.999998
-0.567211 -0.691722 -0.070160 -0.623107 -0.246453 -0.188501 1.004922 -0.000263 -0.000014 -0.000030 0.000066 -0.000038 -0.000190 0.999996
-0.570103 -0.693228 -0.067429 -0.627131 -0.248230 -0.183186 1.005052 -0.000269 -0.000015 -0.000033 0.000006 -0.000029 -0.000119 0.999998
-0.569369 -0.699167 -0.059719 -0.631259 -0.248232 -0.172864 1.006398 -0.000266 -0.000018 -0.000045 0.000026 -0.000020 -0.000169 0.999993
-0.569616 -0.707873 -0.048614 -0.637501 -0.244396 -0.166134 1.005486 -0.000267 -0.000027 -0.000038 -0.000121 -0.000031 -0.000024 0.999992
-0.567572 -0.707850 -0.048643 -0.635699 -0.243119 -0.169370 1.005827 -0.000266 -0.000026 -0.000047 -0.000003 -0.000027 -0.000151 0.999991
-0.568633 -0.714027 -0.041578 -0.642088 -0.242822 -0.164796 1.006211 -0.000256 -0.000020 -0.000048 0.000082 -0.000028 -0.000279 0.999992
-0.564267 -0.715074 -0.040150 -0.642207 -0.239128 -0.167970 1.006092 -0.000254 -0.000023 -0.000049 0.000223 -0.000033 -0.000434 0.999986
-0.567513 -0.719606 -0.035935 -0.645610 -0.238951 -0.161522 1.005626 -0.000262 -0.000033 -0.000051 0.000180 -0.000030 -0.000352 0.999993
-0.564697 -0.723489 -0.029621 -0.647005 -0.238439 -0.157644 1.006615 -0.000258 -0.000026 -0.000055 0.000304 -0.000023 -0.000509 0.999984
-0.564529 -0.724774 -0.030547 -0.648417 -0.236755 -0.162334 1.005927 -0.000256 -0.000026 -0.000043 0.000433 -0.000033 -0.000645 0.999982
-0.561518 -0.734125 -0.017379 -0.655022 -0.234161 -0.151261 1.007186 -0.000262 -0.000030 -0.000045 0.000428 -0.000029 -0.000636 0.999973
-0.558758 -0.738929 -0.013112 -0.658094 -0.229991 -0.149884 1.006683 -0.000260 -0.000031 -0.000037 0.000576 -0.000035 -0.000814 0.999975
-0.561821 -0.741832 -0.008066 -0.662053 -0.230478 -0.142643 1.006765 -0.000266 -0.000042 -0.000044 0.000652 -0.000028 -0.000864 0.999977
-0.561383 -0.745218 -0.004914 -0.666165 -0.227238 -0.135464 1.006097 -0.000266 -0.000046 -0.000039 0.000695 -0.000031 -0.000910 0.999984
-0.534522 -0.479473 -0.382980 -0.535488 -0.304702 -0.323779 1.001127 -0.000321 0.000011 -0.000006 0.004673 0.000017 -0.004604 1.000072
-0.535262 -0.480357 -0.382066 -0.535381 -0.304887 -0.323840 1.001233 -0.000322 0.000011 -0.000010 0.004774 0.000014 -0.004681 1.000072
-0.536120 -0.481218 -0.381953 -0.534702 -0.305232 -0.324493 1.001494 -0.000322 0.000011 -0.000013 0.004860 0.000011 -0.004748 1.000073
-0.535351 -0.481634 -0.380051 -0.532817 -0.302962 -0.326045 1.001548 -0.000325 0.000016 -0.000015 0.004940 0.000014 -0.004831 1.000073
-0.534367 -0.483311 -0.379364 -0.532370 -0.301206 -0.328984 1.001747 -0.000326 0.000014 -0.000022 0.005271 0.000010 -0.005138 1.000068
-0.532419 -0.484514 -0.378893 -0.530988 -0.298856 -0.332447 1.002138 -0.000328 0.000014 -0.000031 0.005596 0.000006 -0.005443 1.000065
-0.533814 -0.486113 -0.375650 -0.531362 -0.298145 -0.330697 1.002228 -0.000331 0.000018 -0.000027 0.005502 0.000010 -0.005362 1.000068
-0.532711 -0.487335 -0.374574 -0.529085 -0.295548 -0.334993 1.002570 -0.000336 0.000020 -0.000034 0.005788 0.000005 -0.005622 1.000068
