-0.080729 0.886056 0.407063
-0.080762 0.885833 0.407100
-0.080691 0.885455 0.407178
-0.080574 0.885014 0.407269
-0.080460 0.884578 0.407356
-0.079002 0.882603 0.407768
-0.080414 0.882586 0.407680
-0.081893 0.882660 0.407565
-0.084498 0.880678 0.407818
-0.084772 0.880388 0.407876
-0.084783 0.880313 0.407892
-0.085115 0.880155 0.407903
-0.085223 0.880071 0.407913
-0.085665 0.879911 0.407917
-0.085806 0.879829 0.407924
-0.086067 0.879743 0.407923
-0.087185 0.879229 0.407917
-0.088159 0.878744 0.407932
-0.089319 0.878038 0.408012
-0.089549 0.877759 0.408067
-0.089983 0.877289 0.408158
-0.090060 0.877078 0.408205
-0.090372 0.876699 0.408273
-0.090258 0.875978 0.408437
-0.089949 0.875472 0.408546
-0.089631 0.874973 0.408649
-0.089319 0.874472 0.408748
-0.088928 0.873862 0.408868
-0.088558 0.873270 0.408981
-0.088284 0.872791 0.409070
-0.088090 0.872410 0.409138
-0.088191 0.872281 0.409149
-0.089188 0.871697 0.409152
-0.090072 0.871139 0.409176
-0.091301 0.869734 0.409389
-0.091272 0.869471 0.409449
-0.091425 0.868789 0.409581
-0.091388 0.868578 0.409624
-0.091603 0.868017 0.409712
-0.091598 0.867838 0.409744
-0.091857 0.867495 0.409782
-0.091925 0.867322 0.409805
-0.092280 0.867000 0.409830
-0.092380 0.866839 0.409847
-0.092786 0.866540 0.409863
-0.092907 0.866390 0.409876
-0.093147 0.866239 0.409878
-0.094233 0.865622 0.409877
-0.095182 0.865038 0.409897
-0.095877 0.864559 0.409933
-0.096316 0.864138 0.409984
-0.096939 0.863465 0.410080
-0.097070 0.862914 0.410182
-0.097296 0.862449 0.410253
-0.097337 0.862223 0.410289
-0.097682 0.861638 0.410358
-0.097706 0.861452 0.410384
-0.098008 0.861097 0.410410
-0.098096 0.860917 0.410427
-0.098482 0.860579 0.410441
-0.098599 0.860409 0.410453
-0.099031 0.860091 0.410456
-0.099166 0.859930 0.410464
-0.099630 0.859629 0.410459
-0.099779 0.859475 0.410464
-0.100407 0.859078 0.410450
-0.100514 0.858945 0.410452
-0.100966 0.858684 0.410434
-0.101122 0.858545 0.410431
-0.101396 0.858402 0.410418
-0.102503 0.857769 0.410401
-0.103475 0.857169 0.410408
-0.104644 0.856291 0.410470
-0.104989 0.855638 0.410570
-0.105167 0.855358 0.410607
-0.105371 0.854824 0.410682
-0.105664 0.854375 0.410726
-0.105740 0.853775 0.410800
-0.105870 0.853591 0.410810
-0.106089 0.853201 0.410833
-0.106287 0.853019 0.410834
-0.106649 0.852489 0.410853
-0.106841 0.852331 0.410848
-0.107160 0.851990 0.410846
-0.107610 0.851692 0.410824
-0.107866 0.851393 0.410818
-0.108095 0.851246 0.410804
-0.108474 0.850927 0.410785
-0.108738 0.850778 0.410766
-0.109268 0.850330 0.410734
-0.109506 0.850194 0.410713
-0.109911 0.849891 0.410683
-0.110189 0.849747 0.410657
-0.110640 0.849436 0.410620
-0.110932 0.849289 0.410592
-0.111403 0.848974 0.410550
-0.111701 0.848827 0.410520
-0.112315 0.848381 0.410457
-0.112577 0.848245 0.410424
-0.113028 0.847936 0.410362
-0.113598 0.847657 0.410272
-0.113814 0.847503 0.410232
-0.114144 0.847341 0.410177
-0.115272 0.846665 0.410118
-0.116267 0.846021 0.410090
-0.117497 0.845082 0.410099
-0.117779 0.844703 0.410129
-0.118309 0.844062 0.410158
-0.118442 0.843766 0.410177
-0.118854 0.843226 0.410174
-0.118975 0.842962 0.410175
-0.119402 0.842465 0.410137
-0.119542 0.842216 0.410122
-0.120011 0.841742 0.410053
-0.120173 0.841500 0.410024
-0.120844 0.840847 0.409885
-0.120975 0.840627 0.409844
-0.121474 0.840188 0.409723
-0.121662 0.839956 0.409668
-0.122232 0.839502 0.409522
-0.122445 0.839264 0.409457
-0.123256 0.838604 0.409212
-0.123430 0.838378 0.409140
-0.124006 0.837918 0.408953
-0.124230 0.837672 0.408868
-0.124865 0.837185 0.408659
-0.125108 0.836928 0.408565
-0.125770 0.836422 0.408337
-0.126617 0.835033 0.407764
-0.126877 0.834048 0.407416
-0.127060 0.832718 0.407015
-0.127153 0.831315 0.406642
-0.127189 0.829856 0.406292
-0.127199 0.828639 0.406027
-0.127161 0.827086 0.405716
-0.127121 0.825815 0.405479
-0.127034 0.824218 0.405200
-0.126928 0.822634 0.404935
-0.126850 0.821354 0.404734
-0.126842 0.821008 0.404685
-0.128217 0.819359 0.404653
-0.128463 0.816818 0.405080
-0.127890 0.815383 0.405366
-0.127389 0.814082 0.405542
-0.126992 0.812852 0.405644
-0.126595 0.811407 0.405700
-0.126360 0.810286 0.405703
-0.126106 0.808929 0.405680
-0.125946 0.807855 0.405644
-0.125753 0.806538 0.405590
-0.125579 0.805284 0.405523
-0.125565 0.805037 0.405505
-0.125521 0.804091 0.405434
-0.125470 0.803309 0.405360
-0.125447 0.802619 0.405285
-0.125425 0.801873 0.405200
-0.125430 0.801319 0.405138
-0.125427 0.800678 0.405074
-0.125422 0.800091 0.405021
-0.125429 0.799616 0.404986
-0.125434 0.799126 0.404959
-0.125446 0.798977 0.404953
-0.126817 0.797762 0.405040
-0.127162 0.797327 0.405147
-0.128699 0.795820 0.405512
-0.128451 0.794742 0.406678
-0.127941 0.794408 0.407223
-0.128514 0.793774 0.407421
-0.129147 0.792641 0.408085
-0.129656 0.792072 0.408324
-0.129528 0.791428 0.409327
-0.128238 0.791264 0.410493
-0.127779 0.790231 0.411559
-0.126988 0.789643 0.412276
-0.126590 0.789128 0.412696
-0.126170 0.788675 0.413031
-0.125804 0.788237 0.413299
-0.125412 0.787733 0.413561
-0.125117 0.787252 0.413757
-0.124879 0.786784 0.413908
-0.124692 0.786313 0.414026
-0.124574 0.785905 0.414104
-0.124429 0.785393 0.414187
-0.124338 0.784961 0.414242
-0.124314 0.784695 0.414268
-0.125065 0.784011 0.414288
-0.126105 0.782919 0.414412
-0.126994 0.782049 0.414519
-0.127842 0.780358 0.415158
-0.126593 0.780319 0.415673
-0.125959 0.779424 0.416365
-0.126592 0.778716 0.416489
-0.127294 0.777701 0.416775
-0.127964 0.776937 0.416927
-0.127318 0.776006 0.417783
-0.126097 0.775232 0.418664
-0.125597 0.774293 0.419188
-0.124856 0.773656 0.419525
-0.124709 0.773470 0.419595
-0.126007 0.772033 0.419750
-0.125626 0.770805 0.420145
-0.124778 0.770143 0.420425
-0.124341 0.769593 0.420601
-0.123802 0.769026 0.420763
-0.124558 0.768328 0.420804
-0.125661 0.766541 0.421085
-0.124683 0.766168 0.421241
-0.124367 0.765508 0.421397
-0.124055 0.765054 0.421492
-0.123996 0.764905 0.421515
-0.125519 0.763488 0.421615
-0.125684 0.762420 0.421788
-0.125090 0.761905 0.421899
-0.124794 0.761249 0.422023
-0.124667 0.760897 0.422079
-0.125455 0.760117 0.422135
-0.126446 0.758466 0.422336
-0.125062 0.758459 0.422354
-0.125479 0.757295 0.422543
-0.124991 0.756802 0.422617
-0.124977 0.756584 0.422644
-0.126598 0.755043 0.422778
-0.125602 0.754698 0.422791
-0.126135 0.753463 0.422985
-0.125147 0.753154 0.423018
-0.125489 0.751991 0.423183
-0.124124 0.751154 0.423274
-0.124662 0.750475 0.423366
-0.124560 0.750086 0.423395
-0.124480 0.749608 0.423431
-0.124364 0.749104 0.423469
-0.124214 0.748478 0.423515
-0.124088 0.747886 0.423559
-0.124953 0.747153 0.423615
-0.126376 0.745432 0.423796
-0.124976 0.745904 0.423665
-0.125681 0.744667 0.423834
-0.125039 0.744294 0.423847
-0.125153 0.743515 0.423933
-0.124920 0.742970 0.423974
-0.124898 0.742594 0.424005
-0.125762 0.741784 0.424074
-0.126395 0.741178 0.424125
-0.127327 0.740334 0.424187
-0.126669 0.740289 0.424044
-0.127562 0.738727 0.424265
-0.125062 0.740073 0.423915
-0.128137 0.736512 0.424527
-0.127203 0.737208 0.424338
-0.127892 0.735826 0.424448
-0.125575 0.737083 0.424118
-0.129359 0.732226 0.424944
-0.118906 0.741077 0.423069
-0.128440 0.732674 0.424686
-0.127601 0.733232 0.424533
-0.127786 0.731499 0.424712
-0.127307 0.730614 0.424703
-0.127983 0.728344 0.425030
-0.126243 0.728717 0.424806
-0.128869 0.724489 0.425480
-0.123446 0.728473 0.424466
-0.128860 0.722203 0.425649
-0.122992 0.726359 0.424605
-0.127898 0.721038 0.425620
-0.125773 0.721266 0.425441
-0.127246 0.718456 0.425859
-0.126309 0.717692 0.425863
-0.126470 0.715770 0.426068
-0.127310 0.714846 0.426178
-0.128352 0.712866 0.426382
-0.126911 0.712792 0.426208
-0.127911 0.710502 0.426507
-0.127196 0.709946 0.426480
-0.127214 0.708490 0.426619
-0.127017 0.707513 0.426684
-0.126819 0.706525 0.426753
-0.126609 0.705548 0.426818
-0.127469 0.704664 0.426920
-0.128907 0.702535 0.427163
-0.127989 0.702033 0.427073
-0.128144 0.700796 0.427190
-0.127805 0.699711 0.427246
-0.127786 0.699427 0.427265
-0.129470 0.697655 0.427486
-0.129730 0.697197 0.427521
-0.131412 0.695446 0.427715
-0.129744 0.696473 0.427237
-0.131569 0.693405 0.427745
-0.129469 0.694455 0.427331
-0.131140 0.691296 0.427847
-0.129863 0.691023 0.427697
-0.130423 0.689252 0.427938
-0.130015 0.688031 0.428003
-0.129852 0.686738 0.428105
-0.129662 0.685775 0.428168
-0.129362 0.684677 0.428229
-0.129079 0.683665 0.428281
-0.129937 0.682823 0.428394
-0.131547 0.680726 0.428669
-0.131300 0.679938 0.428669
-0.130993 0.678938 0.428695
-0.130696 0.677976 0.428729
-0.130411 0.677051 0.428760
-0.130182 0.676295 0.428786
-0.129942 0.675511 0.428811
-0.129618 0.674575 0.428839
-0.129568 0.674351 0.428846
-0.130425 0.673443 0.428961
-0.132019 0.671161 0.429247
-0.131793 0.669956 0.429288
-0.131407 0.668995 0.429297
-0.131125 0.668231 0.429306
-0.130770 0.667314 0.429319
-0.130442 0.666444 0.429333
-0.130201 0.665723 0.429347
-0.129956 0.664965 0.429364
-0.129631 0.664051 0.429383
-0.130475 0.663230 0.429496
-0.132136 0.661166 0.429779
-0.132117 0.660214 0.429826
-0.131772 0.659286 0.429829
-0.131421 0.658432 0.429828
-0.131099 0.657601 0.429832
-0.130863 0.656899 0.429840
-0.130552 0.656025 0.429852
-0.130319 0.655304 0.429864
-0.130079 0.654544 0.429878
-0.129761 0.653627 0.429894
-0.129711 0.653405 0.429899
-0.130565 0.652498 0.430019
-0.131832 0.651002 0.430227
-0.132987 0.649851 0.430400
-0.134994 0.647239 0.430768
-0.134953 0.646147 0.430810
-0.134633 0.645301 0.430797
-0.135442 0.644446 0.430919
-0.137016 0.642328 0.431206
-0.136903 0.641247 0.431231
-0.136632 0.640530 0.431217
-0.136352 0.639793 0.431206
-0.136001 0.638910 0.431196
-0.135682 0.638071 0.431192
-0.135451 0.637367 0.431193
-0.135218 0.636622 0.431198
-0.135168 0.636391 0.431201
-0.136782 0.634675 0.431475
-0.137707 0.632996 0.431684
-0.137604 0.632088 0.431710
-0.137275 0.631163 0.431701
-0.136955 0.630311 0.431691
-0.136725 0.629602 0.431689
-0.137555 0.628761 0.431828
-0.139235 0.626698 0.432156
-0.139253 0.625677 0.432202
-0.139054 0.624990 0.432196
-0.138828 0.624270 0.432190
-0.138592 0.623522 0.432186
-0.138285 0.622629 0.432183
-0.138062 0.621902 0.432183
-0.137837 0.621142 0.432186
-0.137543 0.620235 0.432188
-0.137447 0.619811 0.432192
-0.138276 0.618917 0.432337
-0.139530 0.617445 0.432582
-0.140680 0.616298 0.432792
-0.142787 0.613780 0.433229
-0.142904 0.612815 0.433284
-0.142641 0.611947 0.433266
-0.142349 0.611146 0.433245
-0.142136 0.610465 0.433235
-0.141920 0.609737 0.433230
-0.141697 0.608982 0.433227
-0.141409 0.608086 0.433223
-0.141198 0.607359 0.433223
-0.140985 0.606599 0.433224
-0.140706 0.605694 0.433224
-0.140501 0.604961 0.433225
-0.140293 0.604196 0.433228
-0.141108 0.603337 0.433381
-0.142359 0.601918 0.433637
-0.143506 0.600788 0.433860
-0.145665 0.598353 0.434324
-0.145858 0.597465 0.434388
-0.145664 0.596660 0.434376
-0.145417 0.595896 0.434357
-0.145228 0.595230 0.434348
-0.144975 0.594396 0.434339
-0.144784 0.593699 0.434335
-0.144587 0.592959 0.434334
-0.144324 0.592074 0.434330
-0.144130 0.591352 0.434329
-0.143875 0.590473 0.434327
-0.143837 0.590253 0.434329
-0.145400 0.588518 0.434654
-0.146438 0.586744 0.434917
-0.146396 0.586025 0.434936
-0.146236 0.585321 0.434931
-0.145990 0.584474 0.434921
-0.145803 0.583771 0.434916
-0.146599 0.582909 0.435081
-0.147828 0.581489 0.435355
-0.148954 0.580353 0.435596
-0.151120 0.577944 0.436102
-0.151377 0.577114 0.436179
-0.151287 0.576460 0.436179
-0.151122 0.575781 0.436169
-0.150879 0.574956 0.436154
-0.150696 0.574267 0.436147
-0.150509 0.573535 0.436142
-0.150260 0.572663 0.436135
-0.150025 0.571837 0.436129
-0.149854 0.571140 0.436126
-0.149623 0.570284 0.436122
-0.149400 0.569464 0.436118
-0.149235 0.568768 0.436116
-0.150015 0.567899 0.436289
-0.151227 0.566468 0.436578
-0.152334 0.565324 0.436830
-0.154501 0.562921 0.437364
-0.154797 0.562037 0.437456
-0.154726 0.561459 0.437456
-0.154547 0.560716 0.437445
-0.154349 0.559966 0.437435
-0.154195 0.559306 0.437430
-0.154079 0.558725 0.437430
-0.154838 0.557821 0.437611
-0.156015 0.556335 0.437911
-0.157093 0.555161 0.438176
-0.158614 0.553423 0.438569
-0.159776 0.552195 0.438861
-0.161391 0.550418 0.439286
-0.162573 0.549183 0.439590
-0.164212 0.547408 0.440031
-0.165393 0.546172 0.440343
-0.167034 0.544400 0.440795
-0.168209 0.543159 0.441114
-0.169841 0.541382 0.441577
-0.171006 0.540134 0.441904
-0.173304 0.537649 0.442582
-0.173700 0.536951 0.442710
-0.173705 0.536419 0.442728
-0.173568 0.535754 0.442722
-0.173437 0.535157 0.442716
-0.172896 0.533855 0.442673
-0.172875 0.533409 0.442682
-0.172785 0.532810 0.442685
-0.172769 0.532626 0.442687
-0.174145 0.530793 0.443103
-0.174582 0.530131 0.443243
-0.176436 0.527815 0.443818
-0.177824 0.525830 0.444289
-0.177921 0.525152 0.444346
-0.177852 0.524602 0.444349
-0.177700 0.523891 0.444342
-0.177570 0.523272 0.444336
-0.177426 0.522602 0.444330
-0.177315 0.522032 0.444327
-0.177980 0.521068 0.444539
-0.179022 0.519472 0.444889
-0.179977 0.518203 0.445199
-0.181910 0.515521 0.445866
-0.182231 0.514680 0.446000
-0.182217 0.514067 0.446023
-0.182878 0.513133 0.446243
-0.183919 0.511581 0.446604
-0.184857 0.510316 0.446923
-0.186201 0.508431 0.447399
-0.187212 0.507086 0.447752
-0.188639 0.505124 0.448268
-0.189664 0.503759 0.448635
-0.191740 0.500981 0.449411
-0.192158 0.500129 0.449590
-0.192148 0.499629 0.449612
-0.192020 0.498985 0.449605
-0.191894 0.498408 0.449594
-0.191713 0.497687 0.449576
-0.191682 0.497491 0.449574
-0.192841 0.495525 0.450023
-0.193207 0.494812 0.450176
-0.194791 0.492320 0.450807
-0.195973 0.490178 0.451345
-0.196028 0.489569 0.451407
-0.196615 0.488610 0.451644
-0.197904 0.486330 0.452213
-0.198062 0.485562 0.452325
-0.197928 0.484920 0.452324
-0.197723 0.484308 0.452292
-0.197507 0.483679 0.452254
-0.197335 0.483111 0.452224
-0.197109 0.482409 0.452184
-0.196893 0.481734 0.452146
-0.196689 0.481064 0.452110
-0.196532 0.480474 0.452083
-0.196327 0.479751 0.452050
-0.196171 0.479142 0.452025
-0.196011 0.478493 0.452001
-0.195808 0.477736 0.451971
-0.195620 0.477026 0.451943
-0.195218 0.475897 0.451875
-0.195193 0.475495 0.451879
-0.195164 0.475156 0.451880
-0.195718 0.474137 0.452113
-0.196241 0.473130 0.452343
-0.197909 0.470311 0.453079
-0.199203 0.468008 0.453718
-0.199306 0.467420 0.453801
-0.199196 0.466818 0.453801
-0.199058 0.466279 0.453781
-0.199020 0.466082 0.453776
-0.199044 0.465783 0.453773
-0.199043 0.465565 0.453773
-0.199117 0.465248 0.453778
-0.199134 0.465028 0.453781
-0.199234 0.464714 0.453791
-0.199262 0.464495 0.453796
-0.199380 0.464184 0.453810
-0.199414 0.463967 0.453816
-0.199545 0.463657 0.453833
-0.199585 0.463441 0.453840
-0.199726 0.463132 0.453859
-0.199771 0.462916 0.453867
-0.199920 0.462607 0.453887
-0.199969 0.462391 0.453896
-0.200125 0.462081 0.453917
-0.200177 0.461864 0.453928
-0.200339 0.461554 0.453950
-0.200394 0.461336 0.453960
-0.200563 0.461025 0.453983
-0.200621 0.460807 0.453994
-0.200794 0.460494 0.454017
-0.200855 0.460276 0.454029
-0.201034 0.459963 0.454053
-0.201096 0.459744 0.454064
-0.201280 0.459430 0.454088
-0.201345 0.459211 0.454100
-0.201533 0.458897 0.454124
-0.201600 0.458677 0.454136
-0.201792 0.458363 0.454160
-0.201861 0.458143 0.454171
-0.202057 0.457830 0.454195
-0.202128 0.457610 0.454206
-0.202329 0.457296 0.454230
-0.202401 0.457077 0.454241
-0.202605 0.456764 0.454263
-0.202679 0.456545 0.454275
-0.202887 0.456233 0.454296
-0.202963 0.456014 0.454307
-0.203173 0.455703 0.454328
-0.203251 0.455484 0.454339
-0.203464 0.455174 0.454359
-0.203541 0.454957 0.454371
-0.203651 0.454778 0.454385
-0.203811 0.454320 0.454417
-0.203911 0.454176 0.454431
-0.204059 0.453762 0.454461
-0.204155 0.453632 0.454474
-0.204299 0.453238 0.454503
-0.204394 0.453115 0.454515
-0.204534 0.452732 0.454541
-0.204628 0.452613 0.454553
-0.204766 0.452236 0.454577
-0.204859 0.452121 0.454588
-0.204994 0.451748 0.454611
-0.205086 0.451634 0.454620
-0.205220 0.451265 0.454642
-0.205311 0.451152 0.454651
-0.205444 0.450785 0.454672
-0.205534 0.450674 0.454680
-0.205665 0.450308 0.454699
-0.205755 0.450198 0.454707
-0.205885 0.449834 0.454725
-0.205975 0.449724 0.454733
-0.206104 0.449361 0.454750
-0.206193 0.449252 0.454757
-0.206322 0.448890 0.454774
-0.206411 0.448782 0.454780
-0.206539 0.448421 0.454796
-0.206628 0.448313 0.454802
-0.206756 0.447953 0.454818
-0.206845 0.447845 0.454824
-0.206973 0.447486 0.454838
-0.207061 0.447379 0.454844
-0.207189 0.447021 0.454858
-0.207723 0.445976 0.455069
-0.208222 0.444962 0.455271
-0.208915 0.443888 0.455508
-0.209126 0.443514 0.455578
-0.209495 0.443106 0.455664
-0.209616 0.442892 0.455692
-0.209877 0.442640 0.455729
-0.209965 0.442460 0.455744
-0.210185 0.442235 0.455765
-0.210259 0.442057 0.455775
-0.210457 0.441830 0.455789
-0.210524 0.441649 0.455797
-0.210712 0.441414 0.455808
-0.210774 0.441229 0.455815
-0.210955 0.440989 0.455824
-0.211279 0.440206 0.455857
-0.211499 0.440277 0.455863
-0.211781 0.440393 0.455875
-0.212195 0.440593 0.455899
-0.212565 0.440772 0.455920
-0.213048 0.441017 0.455951
-0.213455 0.441216 0.455975
-0.213969 0.441478 0.456007
-0.214394 0.441685 0.456031
-0.214845 0.441903 0.456056
-0.215397 0.442182 0.456088
-0.215925 0.442447 0.456118
-0.216444 0.442704 0.456146
-0.216881 0.442908 0.456167
-0.217348 0.443127 0.456189
-0.217923 0.443409 0.456217
-0.218390 0.443629 0.456238
-0.218970 0.443911 0.456264
-0.219443 0.444131 0.456283
-0.220032 0.444413 0.456307
-0.220601 0.444684 0.456330
-0.221075 0.444899 0.456345
-0.221671 0.445178 0.456366
-0.222250 0.445449 0.456385
-0.222824 0.445714 0.456403
-0.223307 0.445926 0.456415
-0.223918 0.446206 0.456431
-0.224422 0.446428 0.456442
-0.224955 0.446661 0.456453
-0.225610 0.446960 0.456467
-0.226238 0.447244 0.456479
-0.226855 0.447518 0.456489
-0.227372 0.447737 0.456495
-0.228025 0.448023 0.456502
-0.228662 0.448301 0.456509
-0.229292 0.448573 0.456513
-0.229823 0.448792 0.456514
-0.230495 0.449078 0.456516
-0.231049 0.449306 0.456515
-0.231634 0.449546 0.456514
-0.232354 0.449851 0.456512
-0.232937 0.450088 0.456508
-0.233662 0.450390 0.456503
-0.234250 0.450625 0.456496
-0.234985 0.450925 0.456487
-0.235582 0.451160 0.456477
-0.236209 0.451404 0.456465
-0.236979 0.451715 0.456451
-0.237718 0.452009 0.456435
-0.238441 0.452292 0.456416
-0.239044 0.452517 0.456398
-0.239806 0.452809 0.456376
-0.240549 0.453094 0.456352
-0.241168 0.453320 0.456329
-0.241824 0.453558 0.456304
-0.242635 0.453864 0.456274
-0.243292 0.454102 0.456246
-0.244111 0.454404 0.456211
-0.244902 0.454693 0.456174
-0.245556 0.454921 0.456140
-0.247710 0.455717 0.455982
-0.248026 0.455792 0.455963
-0.248353 0.455880 0.455945
-0.248433 0.455790 0.455943
-0.248696 0.455679 0.455928
-0.248797 0.455541 0.455923
-0.249088 0.455378 0.455902
-0.249198 0.455225 0.455894
-0.249506 0.455044 0.455869
-0.249624 0.454886 0.455859
-0.249945 0.454697 0.455829
-0.250068 0.454536 0.455817
-0.250401 0.454343 0.455783
-0.250530 0.454181 0.455770
-0.250872 0.453986 0.455733
-0.251006 0.453823 0.455718
-0.251357 0.453627 0.455679
-0.251495 0.453464 0.455663
-0.251855 0.453266 0.455621
-0.251997 0.453103 0.455604
-0.252365 0.452905 0.455560
-0.252510 0.452741 0.455542
-0.252885 0.452543 0.455495
-0.253034 0.452379 0.455476
-0.253416 0.452180 0.455428
-0.253568 0.452016 0.455408
-0.253956 0.451818 0.455358
-0.254111 0.451653 0.455337
-0.254505 0.451455 0.455285
-0.254663 0.451291 0.455264
-0.255063 0.451092 0.455210
-0.255224 0.450928 0.455188
-0.255629 0.450729 0.455132
-0.255793 0.450564 0.455109
-0.256204 0.450366 0.455052
-0.256370 0.450201 0.455028
-0.256787 0.450003 0.454969
-0.256955 0.449838 0.454944
-0.257377 0.449639 0.454884
-0.257549 0.449475 0.454858
-0.257976 0.449276 0.454795
-0.258150 0.449111 0.454769
-0.258583 0.448912 0.454705
-0.258760 0.448747 0.454677
-0.259198 0.448548 0.454611
-0.259377 0.448383 0.454583
-0.259821 0.448184 0.454515
-0.260003 0.448019 0.454486
-0.260452 0.447819 0.454416
-0.260637 0.447654 0.454386
-0.261092 0.447455 0.454314
-0.261279 0.447289 0.454283
-0.261739 0.447089 0.454209
-0.261929 0.446924 0.454177
-0.262395 0.446724 0.454101
-0.262588 0.446558 0.454069
-0.263060 0.446357 0.453991
-0.263255 0.446192 0.453957
-0.263733 0.445990 0.453877
-0.263931 0.445824 0.453842
-0.264415 0.445623 0.453760
-0.264616 0.445457 0.453724
-0.265105 0.445255 0.453640
-0.265309 0.445088 0.453603
-0.265805 0.444885 0.453516
-0.266011 0.444719 0.453478
-0.266513 0.444515 0.453389
-0.266723 0.444348 0.453351
-0.267230 0.444145 0.453259
-0.267443 0.443977 0.453219
-0.267957 0.443773 0.453126
-0.268173 0.443605 0.453084
-0.268693 0.443399 0.452988
-0.268912 0.443231 0.452946
-0.269438 0.443025 0.452847
-0.269660 0.442857 0.452804
-0.270193 0.442650 0.452703
-0.270418 0.442480 0.452658
-0.270958 0.442273 0.452555
-0.271186 0.442103 0.452509
-0.271732 0.441894 0.452402
-0.271963 0.441724 0.452355
-0.272516 0.441514 0.452246
-0.272751 0.441344 0.452198
-0.273310 0.441133 0.452086
-0.273548 0.440961 0.452037
-0.274114 0.440749 0.451922
-0.274356 0.440578 0.451871
-0.274929 0.440364 0.451754
-0.275173 0.440192 0.451702
-0.275753 0.439977 0.451582
-0.276001 0.439804 0.451528
-0.276588 0.439588 0.451406
-0.276839 0.439414 0.451351
-0.277433 0.439197 0.451225
-0.277688 0.439022 0.451168
-0.278804 0.438716 0.450926
-0.279930 0.438714 0.450690
-0.281082 0.438798 0.450460
-0.282494 0.438950 0.450189
-0.283609 0.439085 0.449976
-0.284748 0.439237 0.449762
-0.285900 0.439401 0.449547
-0.287302 0.439609 0.449284
-0.288635 0.439806 0.449028
-0.289924 0.439995 0.448778
-0.290968 0.440144 0.448574
-0.292276 0.440337 0.448319
-0.293548 0.440522 0.448067
-0.293827 0.440561 0.448011
-0.294910 0.438697 0.448231
-0.296908 0.437764 0.448260
-0.298174 0.437993 0.448093
-0.299385 0.438278 0.447885
-0.300574 0.438540 0.447663
-0.301753 0.438773 0.447432
-0.303169 0.439029 0.447146
-0.304278 0.439207 0.446916
-0.305639 0.439412 0.446630
-0.305835 0.439430 0.446569
-0.306821 0.439545 0.446378
-0.307896 0.439729 0.446176
-0.308098 0.439761 0.446116
-0.309101 0.439932 0.445927
-0.310184 0.440162 0.445727
-0.311519 0.440451 0.445456
-0.312584 0.440653 0.445228
-0.312783 0.440684 0.445161
-0.313305 0.440758 0.445044
-0.313533 0.440785 0.444979
-0.314113 0.440868 0.444869
-0.314368 0.440907 0.444805
-0.315553 0.441164 0.444614
-0.316765 0.441501 0.444406
-0.317095 0.441589 0.444341
-0.317797 0.441719 0.442487
-0.318128 0.441815 0.441941
-0.318753 0.441980 0.439645
-0.319035 0.442096 0.439015
-0.319541 0.442296 0.436665
-0.319771 0.442431 0.436030
-0.320171 0.442673 0.433688
-0.320806 0.443372 0.432336
-0.321554 0.443975 0.431936
-0.322365 0.444510 0.431072
-0.323646 0.445285 0.429368
-0.326139 0.446547 0.425754
-0.328593 0.449120 0.421958
-0.332782 0.451284 0.419252
-0.337995 0.454113 0.417119
-0.344729 0.455847 0.414378
-0.351880 0.456590 0.412778
-0.360917 0.456650 0.411314
-0.371083 0.456496 0.409236
-0.380554 0.455355 0.407300
-0.387741 0.453236 0.406641
-0.396873 0.451839 0.405494
-0.403574 0.450891 0.405459
-0.410110 0.449735 0.406563
-0.413808 0.447665 0.407278
-0.416033 0.447366 0.408529
-0.417020 0.447689 0.408658
-0.418345 0.448057 0.408661
-0.420716 0.448021 0.408455
-0.422656 0.448060 0.408573
