-0.080727 0.886065 0.407064
-0.082307 0.886208 0.406922
-0.083725 0.886351 0.406806
-0.083808 0.886269 0.406807
-0.083824 0.886235 0.406810
-0.084008 0.886187 0.406805
-0.084318 0.886075 0.406804
-0.084558 0.886021 0.406799
-0.084789 0.885954 0.406795
-0.085368 0.885836 0.406780
-0.086433 0.885377 0.406774
-0.087378 0.884944 0.406787
-0.088077 0.884594 0.406817
-0.089414 0.883886 0.406860
-0.090481 0.883248 0.406925
-0.091620 0.882314 0.407098
-0.091811 0.881952 0.407190
-0.092127 0.881358 0.407345
-0.092165 0.881101 0.407415
-0.092419 0.880652 0.407519
-0.092447 0.880455 0.407570
-0.092709 0.880102 0.407642
-0.092792 0.879797 0.407707
-0.092936 0.879658 0.407728
-0.093152 0.879387 0.407771
-0.093344 0.879265 0.407783
-0.093662 0.878930 0.407825
-0.093829 0.878833 0.407831
-0.094003 0.878721 0.407838
-0.095007 0.878168 0.407852
-0.095896 0.877646 0.407885
-0.096913 0.876876 0.407985
-0.097079 0.876572 0.408046
-0.095416 0.873393 0.408727
-0.095392 0.873105 0.408752
-0.095249 0.872791 0.408802
-0.095118 0.872430 0.408853
-0.095063 0.872259 0.408878
-0.095916 0.871705 0.408896
-0.097187 0.869869 0.409188
-0.096526 0.868794 0.409449
-0.095933 0.868067 0.409617
-0.095326 0.867232 0.409787
-0.094906 0.866614 0.409907
-0.094549 0.866009 0.410014
-0.094115 0.865298 0.410140
-0.093723 0.864617 0.410254
-0.093364 0.863972 0.410361
-0.093059 0.863456 0.410448
-0.092770 0.862915 0.410536
-0.092396 0.862260 0.410647
-0.092275 0.861981 0.410690
-0.092375 0.861836 0.410701
-0.092547 0.861525 0.410730
-0.092726 0.861381 0.410736
-0.092995 0.861084 0.410757
-0.093200 0.860949 0.410760
-0.093500 0.860671 0.410775
-0.093891 0.860437 0.410776
-0.094084 0.860207 0.410789
-0.094287 0.860096 0.410786
-0.094613 0.859852 0.410788
-0.094848 0.859742 0.410781
-0.095218 0.859508 0.410778
-0.095458 0.859404 0.410770
-0.095819 0.859180 0.410764
-0.096068 0.859078 0.410753
-0.096301 0.858958 0.410746
-0.097326 0.858355 0.410736
-0.098391 0.857803 0.410731
-0.099068 0.857350 0.410755
-0.099584 0.856981 0.410783
-0.099927 0.856652 0.410819
-0.100447 0.856120 0.410880
-0.100488 0.855166 0.411033
-0.100143 0.854400 0.411156
-0.099881 0.853799 0.411246
-0.099444 0.852934 0.411376
-0.099150 0.852230 0.411476
-0.098895 0.851646 0.411560
-0.098543 0.850915 0.411670
-0.098257 0.850333 0.411761
-0.097940 0.849595 0.411869
-0.097562 0.848858 0.411983
-0.097325 0.848272 0.412069
-0.097025 0.847513 0.412176
-0.096699 0.846745 0.412290
-0.096398 0.845966 0.412397
-0.096060 0.845225 0.412511
-0.095878 0.844590 0.412593
-0.095775 0.844238 0.412639
-0.095866 0.844060 0.412649
-0.096044 0.843674 0.412673
-0.096220 0.843497 0.412676
-0.096396 0.843300 0.412680
-0.096517 0.843086 0.412690
-0.096904 0.842693 0.412693
-0.097005 0.842497 0.412704
-0.097381 0.842132 0.412702
-0.097522 0.841942 0.412705
-0.097947 0.841601 0.412691
-0.098076 0.841421 0.412692
-0.099012 0.840729 0.412668
-0.099990 0.840109 0.412647
-0.100939 0.839166 0.412700
-0.101219 0.838806 0.412733
-0.101470 0.838167 0.412812
-0.101600 0.837892 0.412842
-0.101746 0.837367 0.412906
-0.101902 0.837119 0.412920
-0.102089 0.836261 0.412994
-0.101882 0.835498 0.413065
-0.101592 0.834732 0.413135
-0.101234 0.833796 0.413213
-0.101086 0.832980 0.413249
-0.100891 0.832002 0.413286
-0.100779 0.830994 0.413298
-0.100798 0.829952 0.413279
-0.100672 0.829166 0.413279
-0.100666 0.828119 0.413245
-0.100636 0.827028 0.413207
-0.100712 0.825865 0.413144
-0.100619 0.824980 0.413115
-0.100656 0.824716 0.413097
-0.102203 0.823223 0.413025
-0.102692 0.821342 0.413236
-0.102073 0.819766 0.413529
-0.101914 0.819460 0.413588
-0.101911 0.818874 0.413647
-0.101844 0.818577 0.413687
-0.101974 0.818016 0.413713
-0.101994 0.817731 0.413731
-0.102312 0.817187 0.413708
-0.102363 0.816948 0.413711
-0.102928 0.816071 0.413619
-0.103767 0.815250 0.413397
-0.104318 0.814932 0.413188
-0.105240 0.814567 0.412884
-0.106031 0.814335 0.412546
-0.107501 0.813939 0.412042
-0.108547 0.813804 0.411512
-0.108637 0.813632 0.411342
-0.108784 0.813298 0.411209
-0.109695 0.812644 0.411130
-0.111418 0.810920 0.411178
-0.110613 0.810237 0.411588
-0.110605 0.810009 0.411634
-0.110854 0.809532 0.411660
-0.110855 0.809302 0.411697
-0.111068 0.808878 0.411714
-0.111098 0.808683 0.411736
-0.111488 0.808270 0.411691
-0.111553 0.807566 0.411717
-0.111535 0.806727 0.411730
-0.111694 0.806175 0.411687
-0.112430 0.805504 0.411674
-0.113358 0.803733 0.411977
-0.112912 0.803127 0.412309
-0.112581 0.802477 0.412555
-0.112401 0.801882 0.412724
-0.112234 0.801419 0.412857
-0.111881 0.800965 0.413021
-0.111569 0.800527 0.413169
-0.111179 0.800270 0.413304
-0.110855 0.799785 0.413453
-0.110577 0.799350 0.413584
-0.110285 0.798989 0.413699
-0.109997 0.798545 0.413818
-0.109892 0.798063 0.413893
-0.109857 0.797507 0.413942
-0.109780 0.797121 0.413981
-0.109774 0.796771 0.414003
-0.110594 0.796126 0.413975
-0.111685 0.795174 0.414022
-0.112481 0.794429 0.414104
-0.113518 0.792816 0.414630
-0.113026 0.792267 0.415117
-0.112474 0.792092 0.415386
-0.112935 0.791485 0.415510
-0.113175 0.790604 0.415857
-0.113973 0.789709 0.415994
-0.114955 0.788424 0.416313
-0.115677 0.787534 0.416501
-0.116184 0.786337 0.416943
-0.116817 0.785430 0.417162
-0.117190 0.784200 0.417646
-0.117864 0.783246 0.417867
-0.117824 0.781359 0.418651
-0.114525 0.780797 0.419360
-0.111854 0.779763 0.419880
-0.110798 0.778812 0.420144
-0.109800 0.777905 0.420337
-0.108663 0.777430 0.420492
-0.108316 0.776868 0.420578
-0.108217 0.776716 0.420600
-0.108266 0.776436 0.420629
-0.108253 0.776292 0.420645
-0.108381 0.776067 0.420670
-0.108381 0.775966 0.420684
-0.108466 0.775880 0.420693
-0.109437 0.775186 0.420718
-0.110232 0.774605 0.420751
-0.110743 0.774228 0.420776
-0.111121 0.773750 0.420821
-0.111233 0.773609 0.420835
-0.111233 0.773194 0.420882
-0.110924 0.772907 0.420926
-0.110767 0.772530 0.420957
-0.110565 0.772035 0.420993
-0.110317 0.771754 0.421029
-0.109950 0.771353 0.421080
-0.109888 0.770940 0.421120
-0.109714 0.770388 0.421161
-0.109520 0.769920 0.421203
-0.109355 0.769450 0.421239
-0.109047 0.769104 0.421280
-0.109062 0.768960 0.421288
-0.109146 0.768715 0.421314
-0.109198 0.768573 0.421322
-0.109413 0.768349 0.421337
-0.110390 0.767647 0.421369
-0.112042 0.766310 0.421487
-0.111824 0.765909 0.421485
-0.111566 0.765562 0.421511
-0.111293 0.765226 0.421543
-0.111252 0.764784 0.421570
-0.110855 0.764473 0.421615
-0.110692 0.763976 0.421656
-0.110439 0.763517 0.421697
-0.110338 0.762960 0.421725
-0.110217 0.762574 0.421757
-0.109961 0.762019 0.421795
-0.109701 0.761480 0.421843
-0.109683 0.761043 0.421872
-0.109751 0.760495 0.421889
-0.109584 0.759950 0.421926
-0.109195 0.759564 0.421973
-0.109334 0.758967 0.422014
-0.109307 0.758835 0.422020
-0.109498 0.758583 0.422029
-0.109542 0.758478 0.422036
-0.109784 0.758314 0.422048
-0.109863 0.758200 0.422053
-0.110817 0.757491 0.422092
-0.111770 0.756942 0.422125
-0.113184 0.756026 0.422188
-0.114203 0.755335 0.422241
-0.115261 0.754655 0.422283
-0.115347 0.754503 0.422290
-0.115308 0.754365 0.422300
-0.115168 0.754150 0.422306
-0.114782 0.753872 0.422320
-0.114608 0.753517 0.422340
-0.114644 0.753090 0.422353
-0.114439 0.752726 0.422366
-0.114424 0.752205 0.422387
-0.113866 0.751781 0.422425
-0.113739 0.751041 0.422472
-0.113488 0.750505 0.422505
-0.113157 0.749993 0.422542
-0.113216 0.749272 0.422575
-0.113078 0.748732 0.422604
-0.113012 0.748499 0.422623
-0.113076 0.748388 0.422631
-0.113109 0.748103 0.422655
-0.113187 0.748016 0.422665
-0.113386 0.747793 0.422680
-0.113504 0.747706 0.422685
-0.113719 0.747468 0.422696
-0.114706 0.746750 0.422750
-0.115448 0.746164 0.422806
-0.115879 0.745784 0.422838
-0.116153 0.745505 0.422856
-0.116428 0.745214 0.422876
-0.116457 0.745092 0.422880
-0.116702 0.744877 0.422881
-0.116759 0.744792 0.422883
-0.117093 0.744669 0.422881
-0.117152 0.744613 0.422881
-0.117401 0.744491 0.422880
-0.117447 0.744465 0.422883
-0.118366 0.743787 0.422946
-0.119215 0.743308 0.423000
-0.119797 0.742982 0.423050
-0.119971 0.742952 0.423051
-0.120137 0.742877 0.423045
-0.120257 0.742864 0.423039
-0.120354 0.742740 0.423030
-0.120263 0.742638 0.423023
-0.120152 0.742483 0.423030
-0.120260 0.742097 0.423038
-0.119647 0.741721 0.423057
-0.119567 0.741321 0.423100
-0.119591 0.741183 0.423107
-0.121370 0.739759 0.423263
-0.121994 0.738757 0.423311
-0.121416 0.738637 0.423290
-0.121390 0.738115 0.423312
-0.120829 0.737638 0.423340
-0.120508 0.736854 0.423383
-0.120057 0.735665 0.423435
-0.120044 0.735454 0.423454
-0.121825 0.733855 0.423648
-0.122174 0.732412 0.423744
-0.121514 0.731532 0.423749
-0.121535 0.731153 0.423761
-0.121711 0.729974 0.423813
-0.121227 0.729504 0.423853
-0.121101 0.729118 0.423903
-0.121171 0.728677 0.423944
-0.121539 0.728332 0.423967
-0.121838 0.728421 0.423973
-0.122153 0.728707 0.423973
-0.122626 0.729151 0.423963
-0.123062 0.729334 0.423942
-0.123054 0.729572 0.423923
-0.123014 0.729315 0.423935
-0.122992 0.729263 0.423941
-0.124798 0.727885 0.424123
-0.125690 0.726972 0.424180
-0.125751 0.726955 0.424123
-0.125672 0.726856 0.424104
-0.125254 0.726512 0.424117
-0.125000 0.726177 0.424148
-0.124998 0.726000 0.424155
-0.126885 0.724274 0.424354
-0.127130 0.723193 0.424434
-0.126980 0.722391 0.424422
-0.126280 0.721884 0.424443
-0.126190 0.720925 0.424481
-0.125758 0.719848 0.424518
-0.125520 0.718832 0.424570
-0.124835 0.717801 0.424613
-0.124491 0.716397 0.424705
-0.124542 0.715804 0.424737
-0.125411 0.714904 0.424849
-0.126826 0.713002 0.425077
-0.126079 0.712277 0.425027
-0.126232 0.711471 0.425070
-0.126042 0.710541 0.425094
-0.125810 0.709714 0.425128
-0.125731 0.708749 0.425169
-0.125652 0.708198 0.425201
-0.125173 0.707615 0.425227
-0.125061 0.706387 0.425279
-0.125144 0.705524 0.425325
-0.125928 0.704587 0.425441
-0.126853 0.703147 0.425609
-0.127880 0.701946 0.425743
-0.129481 0.699592 0.425984
-0.129466 0.698809 0.425907
-0.129318 0.698429 0.425898
-0.130166 0.697538 0.426011
-0.131356 0.696048 0.426169
-0.132349 0.695018 0.426303
-0.133652 0.693653 0.426467
-0.134654 0.692694 0.426602
-0.136337 0.690783 0.426808
-0.135803 0.690598 0.426659
-0.135170 0.690349 0.426615
-0.134619 0.689166 0.426617
-0.134209 0.687861 0.426659
-0.133987 0.686495 0.426705
-0.133827 0.684757 0.426753
-0.133389 0.682773 0.426808
-0.133627 0.680631 0.426914
-0.133470 0.679338 0.426950
-0.132984 0.678388 0.427000
-0.132986 0.677936 0.427024
-0.134643 0.675939 0.427332
-0.135562 0.673675 0.427494
-0.135753 0.672649 0.427480
-0.135386 0.671976 0.427468
-0.134853 0.670703 0.427507
-0.134912 0.669728 0.427563
-0.134700 0.668824 0.427596
-0.134783 0.667630 0.427665
-0.134458 0.666868 0.427693
-0.134358 0.666536 0.427713
-0.135910 0.664507 0.428017
-0.136346 0.663653 0.428091
-0.138203 0.661106 0.428420
-0.138974 0.658301 0.428538
-0.139117 0.656391 0.428549
-0.138221 0.654738 0.428543
-0.137729 0.652618 0.428600
-0.137370 0.650868 0.428704
-0.137235 0.649564 0.428797
-0.137448 0.649047 0.428852
-0.138372 0.648131 0.429010
-0.139541 0.646831 0.429235
-0.140551 0.645811 0.429416
-0.142096 0.644140 0.429660
-0.143298 0.642968 0.429846
-0.144999 0.641242 0.430084
-0.146093 0.640084 0.430270
-0.148091 0.637615 0.430595
-0.147722 0.636333 0.430507
-0.147654 0.634629 0.430508
-0.147172 0.634009 0.430523
-0.146974 0.633661 0.430564
-0.146534 0.632583 0.430573
-0.146572 0.631579 0.430625
-0.147044 0.630199 0.430704
-0.147317 0.629543 0.430732
-0.148147 0.628751 0.430903
-0.149319 0.627326 0.431160
-0.150447 0.626320 0.431374
-0.151998 0.624831 0.431658
-0.153114 0.623779 0.431880
-0.154788 0.622002 0.432171
-0.155940 0.620960 0.432395
-0.157863 0.618795 0.432795
-0.158534 0.617344 0.432791
-0.157846 0.617245 0.432709
-0.157733 0.616686 0.432733
-0.157444 0.616334 0.432737
-0.157298 0.615404 0.432763
-0.156751 0.614203 0.432776
-0.157560 0.612276 0.432914
-0.157658 0.610805 0.432967
-0.157477 0.610517 0.432983
-0.158821 0.608554 0.433375
-0.159206 0.607746 0.433494
-0.161340 0.604889 0.433993
-0.161942 0.603994 0.434127
-0.164180 0.601181 0.434639
-0.165857 0.598638 0.434976
-0.165413 0.597627 0.434935
-0.164980 0.596131 0.434958
-0.164845 0.594056 0.435041
-0.164667 0.591570 0.435139
-0.164209 0.590477 0.435222
-0.164030 0.589770 0.435289
-0.164781 0.588880 0.435500
-0.165894 0.587769 0.435820
-0.167141 0.586374 0.436097
-0.168872 0.584300 0.436496
-0.170113 0.582838 0.436782
-0.171770 0.580750 0.437176
-0.172881 0.579460 0.437467
-0.175134 0.576580 0.438055
-0.175695 0.574937 0.438131
-0.175636 0.573263 0.438185
-0.175559 0.571746 0.438255
-0.174991 0.571020 0.438301
-0.174994 0.570148 0.438376
-0.175055 0.569466 0.438437
-0.174890 0.569235 0.438461
-0.174811 0.568704 0.438488
-0.174598 0.567712 0.438519
-0.174475 0.566940 0.438569
-0.174208 0.566259 0.438595
-0.174345 0.565745 0.438623
-0.176125 0.562990 0.439098
-0.176745 0.562052 0.439251
-0.178889 0.559148 0.439839
-0.179527 0.557862 0.440026
-0.181665 0.554430 0.440655
-0.182145 0.553370 0.440842
-0.183972 0.550340 0.441474
-0.184681 0.548725 0.441692
-0.186743 0.544757 0.442376
-0.187819 0.540300 0.442924
-0.187779 0.538308 0.443097
-0.187597 0.536638 0.443223
-0.187265 0.535353 0.443310
-0.187108 0.535302 0.443365
-0.186904 0.535017 0.443378
-0.186763 0.534631 0.443402
-0.186573 0.534117 0.443416
-0.186319 0.533717 0.443435
-0.186230 0.532396 0.443482
-0.185967 0.531978 0.443520
-0.185829 0.531508 0.443548
-0.185818 0.531071 0.443573
-0.186567 0.529993 0.443801
-0.188227 0.527889 0.444330
-0.188626 0.526362 0.444457
-0.188465 0.525807 0.444502
-0.189121 0.524926 0.444728
-0.190171 0.523307 0.445098
-0.191184 0.521730 0.445425
-0.193328 0.518477 0.446139
-0.193634 0.517261 0.446318
-0.193874 0.516501 0.446384
-0.193942 0.515939 0.446422
-0.193896 0.515089 0.446463
-0.193622 0.514238 0.446491
-0.193393 0.513648 0.446519
-0.193191 0.513035 0.446543
-0.193001 0.512509 0.446560
-0.192990 0.512320 0.446571
-0.193022 0.512133 0.446595
-0.193038 0.512039 0.446604
-0.193148 0.511907 0.446626
-0.193247 0.511510 0.446657
-0.193272 0.510891 0.446684
-0.193226 0.510249 0.446714
-0.193032 0.509508 0.446733
-0.193054 0.509110 0.446758
-0.193102 0.508996 0.446774
-0.193202 0.508576 0.446808
-0.193244 0.508433 0.446824
-0.193344 0.508060 0.446853
-0.193391 0.507996 0.446864
-0.193498 0.507692 0.446890
-0.193573 0.507607 0.446903
-0.193717 0.507253 0.446933
-0.193797 0.507158 0.446947
-0.193909 0.506809 0.446977
-0.193994 0.506706 0.446989
-0.194152 0.506336 0.447016
-0.194554 0.505837 0.447075
-0.194834 0.505850 0.447115
-0.195167 0.506020 0.447139
-0.195522 0.506333 0.447165
-0.195818 0.506371 0.447187
-0.196161 0.506248 0.447212
-0.196572 0.506163 0.447249
-0.196684 0.506223 0.447251
-0.198141 0.504693 0.447664
-0.198669 0.504289 0.447803
-0.200546 0.502306 0.448379
-0.201298 0.501622 0.448571
-0.203485 0.499394 0.449213
-0.205458 0.498099 0.449744
-0.206607 0.497943 0.449916
-0.207271 0.498154 0.449952
-0.207740 0.498369 0.449970
-0.207872 0.498460 0.449965
-0.209263 0.496881 0.450382
-0.209782 0.496444 0.450525
-0.211610 0.494279 0.451113
-0.213641 0.492413 0.451674
-0.214332 0.492595 0.451773
-0.214850 0.492458 0.451800
-0.215533 0.491530 0.452018
-0.216829 0.490117 0.452384
-0.217804 0.488670 0.452717
-0.220137 0.486273 0.453449
-0.221338 0.486121 0.453664
-0.222336 0.486666 0.453688
-0.222974 0.486662 0.453662
-0.223494 0.486692 0.453652
-0.224081 0.486663 0.453646
-0.224588 0.486799 0.453635
-0.225004 0.486481 0.453634
-0.225423 0.486319 0.453640
-0.225899 0.486260 0.453634
-0.226190 0.486238 0.453622
-0.226640 0.486543 0.453604
-0.227302 0.485593 0.453807
-0.228594 0.484180 0.454142
-0.229545 0.482893 0.454458
-0.232119 0.480686 0.455151
-0.233496 0.480599 0.455291
-0.234536 0.480645 0.455283
-0.235455 0.480555 0.455229
-0.236185 0.480829 0.455180
-0.236953 0.480841 0.455112
-0.237584 0.481003 0.455060
-0.238357 0.481338 0.454988
-0.238479 0.481191 0.454970
-0.239727 0.478885 0.455357
-0.240156 0.478363 0.455493
-0.241683 0.476055 0.456042
-0.243902 0.475185 0.456504
-0.245282 0.475272 0.456485
-0.246099 0.475689 0.456374
-0.246966 0.475345 0.456260
-0.247451 0.475102 0.456212
-0.247920 0.475162 0.456145
-0.248390 0.475181 0.456077
-0.248737 0.474713 0.456040
-0.249379 0.474614 0.455973
-0.250311 0.474844 0.455855
-0.250827 0.474918 0.455750
-0.251364 0.474742 0.455657
-0.252154 0.474173 0.455590
-0.252763 0.474445 0.455502
-0.253450 0.474301 0.455402
-0.254224 0.474779 0.455282
-0.255010 0.475101 0.455157
-0.255751 0.475125 0.455053
-0.256568 0.475328 0.454898
-0.257298 0.475023 0.454793
-0.257727 0.474832 0.454718
-0.258407 0.474696 0.454610
-0.258789 0.474843 0.454515
-0.259319 0.474981 0.454435
-0.259959 0.474513 0.454310
-0.260510 0.474373 0.454223
-0.261386 0.474875 0.454074
-0.262012 0.474593 0.453990
-0.262399 0.474831 0.453893
-0.263232 0.474842 0.453742
-0.263800 0.474696 0.453591
-0.264797 0.475547 0.453405
-0.265149 0.475052 0.453222
-0.265487 0.475372 0.453131
-0.265838 0.475476 0.453033
-0.266407 0.475724 0.452922
-0.267002 0.475533 0.452753
-0.268155 0.476454 0.452590
-0.268627 0.475682 0.452358
-0.269375 0.476214 0.452282
-0.270368 0.476739 0.451965
-0.271480 0.476513 0.451706
-0.272983 0.477593 0.451481
-0.274693 0.477390 0.451038
-0.275770 0.477272 0.450729
-0.276594 0.476595 0.450469
-0.277559 0.476145 0.450307
-0.278930 0.476698 0.449998
-0.280428 0.477924 0.449520
-0.282139 0.478391 0.448945
-0.283054 0.477756 0.448644
-0.284327 0.477148 0.448346
-0.285602 0.477494 0.447960
-0.287520 0.477815 0.447400
-0.289622 0.477544 0.446719
-0.290132 0.477453 0.446567
-0.290623 0.477243 0.446410
-0.291602 0.477202 0.446172
-0.292049 0.477148 0.446032
-0.292523 0.476806 0.445903
-0.294308 0.474362 0.445903
-0.296865 0.473200 0.445567
-0.299215 0.473327 0.444942
-0.301133 0.473788 0.444235
-0.303759 0.474346 0.443396
-0.307066 0.474485 0.442295
-0.310327 0.474620 0.441123
-0.313253 0.475215 0.439985
-0.317530 0.476466 0.438528
-0.321958 0.476163 0.436719
-0.326893 0.475219 0.435020
-0.328098 0.474457 0.434636
-0.330717 0.471445 0.434138
-0.334944 0.466424 0.433011
-0.337095 0.465040 0.432906
-0.339490 0.464614 0.432197
-0.341691 0.464565 0.431643
-0.345328 0.465609 0.430487
-0.348976 0.464666 0.429520
-0.353483 0.464215 0.428461
-0.357425 0.462774 0.427255
-0.363453 0.458558 0.426389
-0.366004 0.457360 0.426221
-0.367514 0.455376 0.426375
-0.371312 0.451317 0.426910
-0.373912 0.451451 0.426811
-0.375995 0.451350 0.426475
-0.377558 0.451722 0.426093
-0.378969 0.451632 0.425814
-0.381679 0.451621 0.425576
-0.383919 0.451434 0.424956
-0.385919 0.450593 0.424456
-0.388177 0.450655 0.423875
-0.388924 0.450486 0.423904
-0.390705 0.447981 0.424243
-0.391270 0.447550 0.424390
-0.392399 0.445306 0.425074
-0.392351 0.444001 0.425620
-0.391113 0.444233 0.426004
-0.390659 0.444860 0.426357
-0.391124 0.444696 0.426399
-0.391619 0.444997 0.426354
-0.392775 0.444459 0.425965
-0.393531 0.444299 0.425939
-0.393491 0.444094 0.425563
-0.393353 0.444153 0.425728
-0.393778 0.444163 0.425488
-0.393738 0.444236 0.425464
-0.394177 0.443762 0.425311
-0.394202 0.444642 0.425247
-0.395459 0.444261 0.425389
-0.396280 0.443400 0.425596
