-0.080742 0.885991 0.407056
-0.080759 0.885758 0.407102
-0.080777 0.885689 0.407112
-0.081923 0.885390 0.407102
-0.082005 0.885318 0.407110
-0.083440 0.884869 0.407078
-0.083477 0.884764 0.407087
-0.083493 0.884642 0.407104
-0.084383 0.884182 0.407103
-0.085216 0.883738 0.407120
-0.087608 0.882282 0.407228
-0.088097 0.880223 0.407746
-0.087894 0.879915 0.407838
-0.087784 0.879336 0.407986
-0.087680 0.879061 0.408057
-0.087722 0.878551 0.408169
-0.087678 0.878309 0.408225
-0.087822 0.877862 0.408311
-0.087821 0.877649 0.408355
-0.088040 0.877255 0.408421
-0.088074 0.877067 0.408456
-0.088233 0.876880 0.408481
-0.089253 0.876258 0.408508
-0.090136 0.875672 0.408553
-0.091118 0.874788 0.408679
-0.091269 0.874428 0.408751
-0.091560 0.873811 0.408872
-0.091575 0.873531 0.408930
-0.091771 0.873028 0.409022
-0.091782 0.872791 0.409067
-0.092010 0.872357 0.409134
-0.092044 0.872150 0.409169
-0.092330 0.871356 0.409288
-0.092665 0.870852 0.409339
-0.093194 0.870495 0.409343
-0.093819 0.870321 0.409308
-0.094496 0.870245 0.409257
-0.095499 0.870271 0.409153
-0.095709 0.870203 0.409122
-0.095782 0.870053 0.409121
-0.095751 0.869738 0.409151
-0.095630 0.869361 0.409200
-0.095537 0.869057 0.409241
-0.095327 0.868563 0.409318
-0.095130 0.868125 0.409387
-0.094971 0.867739 0.409448
-0.094723 0.867234 0.409533
-0.094413 0.866617 0.409634
-0.094281 0.866282 0.409686
-0.094052 0.866202 0.409715
-0.093664 0.865967 0.409773
-0.093348 0.865865 0.409811
-0.093065 0.865725 0.409849
-0.093729 0.865090 0.409874
-0.094375 0.864468 0.409915
-0.094381 0.863562 0.410087
-0.093984 0.862783 0.410271
-0.093121 0.862155 0.410462
-0.092757 0.861823 0.410550
-0.091362 0.860943 0.410807
-0.091028 0.860627 0.410883
-0.090098 0.860063 0.411043
-0.089732 0.859751 0.411117
-0.088769 0.859186 0.411274
-0.088395 0.858872 0.411347
-0.087035 0.858024 0.411570
-0.086719 0.857713 0.411637
-0.085149 0.856625 0.411907
-0.084894 0.856333 0.411966
-0.084488 0.856068 0.412033
-0.084984 0.855315 0.412079
-0.085490 0.854574 0.412139
-0.085291 0.853440 0.412333
-0.085033 0.852924 0.412436
-0.084077 0.852040 0.412648
-0.083653 0.851593 0.412746
-0.081691 0.850056 0.413104
-0.081351 0.849670 0.413181
-0.080398 0.848983 0.413339
-0.080017 0.848613 0.413412
-0.079029 0.847944 0.413564
-0.077731 0.846591 0.413824
-0.076842 0.845365 0.414048
-0.075979 0.844039 0.414289
-0.075426 0.843090 0.414456
-0.074838 0.842008 0.414646
-0.074254 0.840872 0.414844
-0.073941 0.840160 0.414964
-0.073642 0.839439 0.415084
-0.073349 0.838713 0.415204
-0.073059 0.837982 0.415326
-0.072773 0.837249 0.415448
-0.072492 0.836511 0.415571
-0.072587 0.836345 0.415589
-0.072759 0.835969 0.415634
-0.072944 0.835799 0.415648
-0.073224 0.835428 0.415689
-0.073634 0.835124 0.415716
-0.073765 0.834956 0.415735
-0.074741 0.834291 0.415712
-0.075773 0.833687 0.415697
-0.076429 0.833169 0.415719
-0.077676 0.832230 0.415720
-0.078665 0.831368 0.415752
-0.079330 0.830663 0.415807
-0.079700 0.830040 0.415880
-0.079993 0.829501 0.415950
-0.080165 0.828555 0.416097
-0.080254 0.828159 0.416158
-0.080191 0.827097 0.416334
-0.080242 0.826804 0.416377
-0.080289 0.826213 0.416463
-0.080402 0.825953 0.416496
-0.080544 0.825422 0.416566
-0.080695 0.825188 0.416592
-0.080873 0.824165 0.416738
-0.080637 0.823280 0.416875
-0.080494 0.822727 0.416955
-0.081329 0.822037 0.416941
-0.082500 0.820824 0.416986
-0.083552 0.819848 0.417001
-0.084717 0.816708 0.417351
-0.084314 0.815888 0.417492
-0.083919 0.815553 0.417563
-0.083199 0.814832 0.417693
-0.082734 0.814519 0.417757
-0.081951 0.813823 0.417875
-0.081476 0.813515 0.417935
-0.080686 0.812824 0.418046
-0.080211 0.812517 0.418103
-0.079428 0.811823 0.418210
-0.078956 0.811515 0.418265
-0.078531 0.811159 0.418320
-0.077356 0.809714 0.418521
-0.077139 0.809354 0.418568
-0.078480 0.807689 0.418605
-0.078598 0.805503 0.418836
-0.077787 0.803993 0.419041
-0.077023 0.802760 0.419204
-0.076860 0.802452 0.419242
-0.076862 0.801893 0.419302
-0.076833 0.801602 0.419336
-0.076587 0.799570 0.419630
-0.076745 0.799555 0.419625
-0.077032 0.799432 0.419627
-0.077262 0.799382 0.419625
-0.077624 0.799218 0.419634
-0.077875 0.799154 0.419634
-0.078263 0.798974 0.419646
-0.078521 0.798907 0.419649
-0.079029 0.798656 0.419672
-0.079258 0.798599 0.419674
-0.079481 0.798499 0.419680
-0.080542 0.797872 0.419653
-0.081485 0.797290 0.419645
-0.082624 0.796555 0.419669
-0.082872 0.796280 0.419693
-0.083348 0.795880 0.419728
-0.083466 0.795690 0.419748
-0.083846 0.795395 0.419773
-0.083954 0.795239 0.419788
-0.084339 0.794990 0.419807
-0.084459 0.794853 0.419819
-0.085435 0.794182 0.419805
-0.086445 0.793613 0.419800
-0.087977 0.792663 0.419790
-0.089158 0.791864 0.419806
-0.090405 0.790880 0.419869
-0.090699 0.790276 0.419938
-0.090930 0.789902 0.419979
-0.090930 0.789584 0.420017
-0.091020 0.789459 0.420028
-0.091139 0.789172 0.420054
-0.091278 0.789062 0.420062
-0.091487 0.788724 0.420094
-0.091630 0.788646 0.420099
-0.091892 0.788370 0.420124
-0.092191 0.788259 0.420131
-0.092384 0.787968 0.420165
-0.092318 0.787624 0.420201
-0.092218 0.787212 0.420239
-0.092097 0.786848 0.420276
-0.092083 0.786721 0.420286
-0.093790 0.785447 0.420303
-0.094212 0.784995 0.420330
-0.096196 0.783343 0.420391
-0.096639 0.781621 0.420552
-0.096512 0.781404 0.420570
-0.097964 0.779983 0.420625
-0.098231 0.778556 0.420733
-0.097654 0.777804 0.420777
-0.096959 0.777137 0.420812
-0.095538 0.776204 0.420816
-0.095558 0.775885 0.420840
-0.095470 0.775544 0.420862
-0.095337 0.775137 0.420888
-0.096242 0.774474 0.420919
-0.097861 0.772908 0.421039
-0.097557 0.772146 0.421068
-0.097196 0.771589 0.421083
-0.096951 0.771135 0.421100
-0.096827 0.770762 0.421115
-0.096641 0.770686 0.421116
-0.096329 0.770404 0.421123
-0.096070 0.770291 0.421125
-0.095652 0.769941 0.421133
-0.095356 0.769803 0.421136
-0.094895 0.769409 0.421145
-0.094587 0.769242 0.421147
-0.094093 0.768811 0.421155
-0.093762 0.768631 0.421157
-0.092847 0.767801 0.421171
-0.092352 0.767050 0.421196
-0.092018 0.766370 0.421221
-0.091662 0.765686 0.421250
-0.091417 0.765158 0.421275
-0.091204 0.764627 0.421301
-0.090979 0.764119 0.421329
-0.090791 0.763585 0.421357
-0.090556 0.762959 0.421390
-0.090324 0.762374 0.421422
-0.090177 0.761904 0.421448
-0.089989 0.761328 0.421481
-0.089773 0.760773 0.421514
-0.089741 0.760628 0.421522
-0.089938 0.760374 0.421545
-0.090008 0.760220 0.421557
-0.090989 0.759495 0.421600
-0.092004 0.758893 0.421649
-0.093585 0.757896 0.421722
-0.094809 0.757080 0.421792
-0.095622 0.756529 0.421842
-0.096108 0.756092 0.421878
-0.096740 0.755560 0.421921
-0.096859 0.755348 0.421932
-0.097148 0.755048 0.421948
-0.097211 0.754892 0.421953
-0.097471 0.754660 0.421966
-0.097545 0.754523 0.421972
-0.097858 0.754324 0.421988
-0.097947 0.754201 0.421995
-0.098280 0.754010 0.422014
-0.098368 0.753894 0.422024
-0.098685 0.753716 0.422047
-0.099707 0.753061 0.422105
-0.100608 0.752473 0.422164
-0.101223 0.752097 0.422207
-0.102539 0.751241 0.422288
-0.103577 0.750538 0.422359
-0.105046 0.749464 0.422460
-0.106247 0.748697 0.422544
-0.107847 0.747584 0.422655
-0.109033 0.746760 0.422738
-0.109743 0.746259 0.422781
-0.110102 0.745902 0.422799
-0.110353 0.745660 0.422805
-0.110538 0.745069 0.422772
-0.110200 0.744767 0.422718
-0.109957 0.744334 0.422688
-0.109617 0.743853 0.422682
-0.109285 0.743399 0.422690
-0.109114 0.742792 0.422703
-0.108917 0.742261 0.422711
-0.108802 0.741783 0.422724
-0.109682 0.741084 0.422818
-0.110960 0.740002 0.422957
-0.112048 0.739116 0.423068
-0.113813 0.737249 0.423257
-0.113412 0.736749 0.423175
-0.113063 0.736198 0.423151
-0.112857 0.735409 0.423153
-0.112608 0.734615 0.423163
-0.112119 0.733812 0.423181
-0.111783 0.732777 0.423213
-0.111588 0.731948 0.423242
-0.111135 0.731127 0.423277
-0.110972 0.730268 0.423316
-0.110640 0.729451 0.423346
-0.110351 0.728454 0.423393
-0.110071 0.727642 0.423430
-0.109808 0.726861 0.423465
-0.109571 0.725875 0.423508
-0.109384 0.725213 0.423548
-0.109163 0.724385 0.423586
-0.108848 0.723476 0.423623
-0.108589 0.722513 0.423668
-0.108351 0.721678 0.423707
-0.107972 0.720683 0.423748
-0.107821 0.719820 0.423790
-0.107592 0.719001 0.423828
-0.107356 0.718210 0.423865
-0.107125 0.717319 0.423907
-0.106885 0.716316 0.423952
-0.106848 0.716059 0.423966
-0.106904 0.715617 0.424007
-0.106923 0.715342 0.424026
-0.107114 0.714874 0.424071
-0.107163 0.714639 0.424089
-0.107391 0.714256 0.424133
-0.107419 0.714063 0.424152
-0.107649 0.713701 0.424195
-0.107706 0.713500 0.424215
-0.107926 0.713196 0.424260
-0.107993 0.713009 0.424278
-0.108273 0.712692 0.424322
-0.108360 0.712508 0.424340
-0.108500 0.712365 0.424362
-0.109560 0.711596 0.424477
-0.110466 0.710952 0.424580
-0.111456 0.710289 0.424685
-0.111609 0.710094 0.424702
-0.111888 0.709814 0.424725
-0.111942 0.709669 0.424730
-0.112157 0.709439 0.424748
-0.112213 0.709311 0.424755
-0.112424 0.709107 0.424779
-0.112495 0.708970 0.424787
-0.112735 0.708728 0.424813
-0.112803 0.708603 0.424823
-0.112936 0.708481 0.424838
-0.113986 0.707722 0.424949
-0.114874 0.707055 0.425047
-0.115396 0.706696 0.425102
-0.116616 0.705843 0.425230
-0.117600 0.705176 0.425326
-0.119056 0.704127 0.425472
-0.120116 0.703370 0.425569
-0.120723 0.702996 0.425606
-0.121068 0.702787 0.425610
-0.121549 0.702594 0.425589
-0.121637 0.702538 0.425564
-0.121780 0.702495 0.425527
-0.121814 0.702441 0.425510
-0.121999 0.702356 0.425495
-0.122034 0.702298 0.425485
-0.122183 0.702252 0.425478
-0.122232 0.702176 0.425473
-0.122430 0.702039 0.425476
-0.122468 0.701966 0.425473
-0.122644 0.701873 0.425483
-0.122707 0.701792 0.425484
-0.122832 0.701713 0.425497
-0.122871 0.701678 0.425502
-0.123045 0.701608 0.425520
-0.123131 0.701525 0.425524
-0.123346 0.701427 0.425541
-0.123403 0.701374 0.425544
-0.123519 0.701314 0.425551
-0.124527 0.700590 0.425680
-0.125364 0.700011 0.425781
-0.125856 0.699706 0.425825
-0.127028 0.698881 0.425961
-0.127952 0.698290 0.426057
-0.129384 0.697299 0.426215
-0.130574 0.696672 0.426318
-0.131850 0.696394 0.426314
-0.132446 0.696641 0.426178
-0.131929 0.697316 0.426013
-0.132457 0.697040 0.426017
-0.132093 0.697108 0.425962
-0.131945 0.696830 0.425978
-0.132311 0.696503 0.426012
-0.132155 0.696447 0.425991
-0.131948 0.696071 0.426000
-0.131751 0.695683 0.426026
-0.131837 0.695290 0.426047
-0.131710 0.695167 0.426048
-0.131580 0.694763 0.426055
-0.131356 0.694568 0.426055
-0.130902 0.694069 0.426066
-0.130734 0.693723 0.426077
-0.130380 0.692871 0.426104
-0.130123 0.692459 0.426123
-0.129618 0.691567 0.426152
-0.129455 0.691008 0.426172
-0.129371 0.690393 0.426199
-0.130271 0.689093 0.426376
-0.131049 0.687924 0.426520
-0.131333 0.687002 0.426582
-0.132251 0.685574 0.426752
-0.132972 0.684258 0.426884
-0.133300 0.683407 0.426939
-0.134286 0.682075 0.427108
-0.135152 0.681065 0.427236
-0.135813 0.679863 0.427292
-0.135796 0.679408 0.427284
-0.135100 0.679000 0.427232
-0.134849 0.678740 0.427231
-0.134382 0.677918 0.427225
-0.134309 0.677329 0.427235
-0.134005 0.676029 0.427234
-0.133862 0.675284 0.427249
-0.133686 0.674002 0.427272
-0.133626 0.673255 0.427288
-0.132897 0.672156 0.427278
-0.133538 0.670811 0.427460
-0.134286 0.669437 0.427630
-0.134473 0.668467 0.427710
-0.135492 0.666719 0.427919
-0.136268 0.665304 0.428091
-0.136587 0.663329 0.428195
-0.136726 0.662457 0.428213
-0.136313 0.661147 0.428188
-0.137116 0.659742 0.428364
-0.137903 0.658451 0.428523
-0.138368 0.656569 0.428629
-0.138376 0.655887 0.428644
-0.138075 0.654753 0.428640
-0.136839 0.652515 0.428580
-0.137046 0.649787 0.428754
-0.136604 0.648336 0.428804
-0.135929 0.646993 0.428852
-0.135812 0.645495 0.428956
-0.135470 0.644044 0.429018
-0.135326 0.642737 0.429095
-0.135360 0.642398 0.429126
-0.135528 0.641531 0.429187
-0.135606 0.641152 0.429220
-0.135692 0.640352 0.429274
-0.135792 0.640074 0.429308
-0.135840 0.639408 0.429361
-0.135881 0.639141 0.429387
-0.135863 0.638226 0.429452
-0.135860 0.637370 0.429532
-0.135722 0.636592 0.429585
-0.135364 0.635908 0.429621
-0.135217 0.634930 0.429680
-0.135244 0.634557 0.429700
-0.135014 0.633955 0.429707
-0.134908 0.633612 0.429718
-0.134629 0.632955 0.429721
-0.134551 0.632581 0.429734
-0.134290 0.631886 0.429739
-0.134174 0.631514 0.429751
-0.133752 0.630847 0.429755
-0.133587 0.630471 0.429768
-0.133181 0.629774 0.429772
-0.133079 0.629282 0.429786
-0.132710 0.628377 0.429791
-0.132543 0.627898 0.429804
-0.132127 0.626949 0.429809
-0.131455 0.625249 0.429829
-0.130887 0.622999 0.429888
-0.130250 0.621182 0.429949
-0.129853 0.620132 0.430008
-0.129616 0.619136 0.430058
-0.129586 0.618858 0.430074
-0.131233 0.617076 0.430422
-0.131727 0.616438 0.430522
-0.133906 0.614291 0.430949
-0.134545 0.613504 0.431061
-0.136814 0.611208 0.431494
-0.137376 0.610548 0.431598
-0.139517 0.608406 0.432021
-0.140147 0.607663 0.432128
-0.142387 0.605350 0.432564
-0.143994 0.603282 0.432780
-0.143945 0.602626 0.432702
-0.143807 0.601997 0.432671
-0.143578 0.601223 0.432660
-0.143415 0.600719 0.432677
-0.143166 0.600114 0.432680
-0.143181 0.599337 0.432722
-0.143061 0.598223 0.432759
-0.142859 0.597381 0.432791
-0.142848 0.597048 0.432808
-0.144478 0.595150 0.433208
-0.144952 0.594476 0.433325
-0.147045 0.592270 0.433816
-0.148523 0.590417 0.434119
-0.148483 0.589802 0.434108
-0.148466 0.589275 0.434117
-0.148401 0.588388 0.434129
-0.148376 0.587540 0.434159
-0.148220 0.586531 0.434194
-0.148164 0.585761 0.434237
-0.148162 0.585506 0.434253
-0.149718 0.583780 0.434661
-0.150193 0.583151 0.434784
-0.152255 0.581022 0.435298
-0.152869 0.580284 0.435444
-0.155168 0.577973 0.435992
-0.155854 0.577148 0.436144
-0.158236 0.574603 0.436707
-0.159817 0.572748 0.437069
-0.160134 0.572017 0.437075
-0.160184 0.571160 0.437080
-0.159584 0.569691 0.437030
-0.159553 0.569234 0.437096
-0.159477 0.569104 0.437103
-0.159310 0.568772 0.437110
-0.159148 0.568678 0.437104
-0.158819 0.568440 0.437090
-0.159526 0.567467 0.437303
-0.160274 0.566461 0.437515
-0.160666 0.565805 0.437644
-0.161685 0.564505 0.437937
-0.162597 0.563270 0.438197
-0.163119 0.562462 0.438354
-0.163431 0.561770 0.438454
-0.163506 0.561286 0.438510
-0.163480 0.560388 0.438563
-0.163376 0.560051 0.438568
-0.162741 0.559244 0.438525
-0.162530 0.557862 0.438542
-0.161723 0.555572 0.438507
-0.161602 0.555297 0.438582
-0.161509 0.554573 0.438614
-0.161479 0.554368 0.438624
-0.161265 0.554021 0.438619
-0.161169 0.553841 0.438620
-0.160894 0.553490 0.438605
-0.160787 0.553239 0.438603
-0.160452 0.552844 0.438580
-0.160318 0.552591 0.438575
-0.159984 0.552062 0.438553
-0.159407 0.550837 0.438516
-0.159322 0.550557 0.438522
-0.159312 0.550102 0.438548
-0.159304 0.549823 0.438561
-0.159407 0.549301 0.438599
-0.159406 0.549088 0.438614
-0.159487 0.548741 0.438649
-0.159521 0.548490 0.438666
-0.159642 0.548105 0.438707
-0.159692 0.547831 0.438729
-0.160496 0.546826 0.438961
-0.161310 0.545931 0.439191
-0.162633 0.544562 0.439564
-0.163747 0.543364 0.439883
-0.164543 0.542574 0.440103
-0.165115 0.541941 0.440256
-0.165873 0.541229 0.440445
-0.166094 0.540919 0.440501
-0.166298 0.540691 0.440546
-0.167216 0.539709 0.440802
-0.168051 0.538787 0.441044
-0.169354 0.537340 0.441429
-0.170514 0.536105 0.441764
-0.171855 0.534525 0.442153
-0.172260 0.534127 0.442263
-0.172730 0.533542 0.442395
-0.172943 0.533295 0.442441
-0.173230 0.532769 0.442509
-0.173367 0.532557 0.442538
-0.173560 0.532125 0.442585
-0.173679 0.531929 0.442610
-0.173886 0.531403 0.442660
-0.173975 0.531254 0.442681
-0.174081 0.530870 0.442719
-0.174172 0.530718 0.442741
-0.174296 0.530359 0.442781
-0.174388 0.530239 0.442801
-0.174552 0.529809 0.442845
-0.174653 0.529648 0.442868
-0.174809 0.529219 0.442913
-0.174899 0.529072 0.442936
-0.175045 0.528645 0.442981
-0.175135 0.528492 0.443005
-0.175285 0.528053 0.443052
-0.175369 0.527891 0.443075
-0.175497 0.527500 0.443118
-0.175581 0.527351 0.443141
-0.175693 0.526951 0.443185
-0.175780 0.526777 0.443209
-0.175914 0.526354 0.443253
-0.176011 0.526227 0.443275
-0.176103 0.526048 0.443299
-0.176892 0.525059 0.443539
-0.177638 0.524046 0.443774
-0.178191 0.523365 0.443942
-0.179270 0.522087 0.444280
-0.180189 0.520940 0.444578
-0.181516 0.519287 0.445005
-0.182591 0.517937 0.445363
-0.183379 0.517021 0.445612
-0.184601 0.515604 0.446009
-0.185623 0.514395 0.446349
-0.186371 0.513578 0.446586
-0.187561 0.512217 0.446978
-0.188570 0.510962 0.447319
-0.189899 0.509276 0.447783
-0.191033 0.508013 0.448176
-0.191824 0.507112 0.448452
-0.193020 0.505610 0.448878
-0.193999 0.504330 0.449242
-0.195229 0.502876 0.449686
-0.195576 0.502410 0.449813
-0.196071 0.501956 0.449971
-0.196222 0.501731 0.450018
-0.196504 0.501507 0.450084
-0.196602 0.501333 0.450107
-0.196836 0.501107 0.450149
-0.196908 0.500959 0.450164
-0.197093 0.500769 0.450192
-0.197162 0.500591 0.450205
-0.197352 0.500351 0.450233
-0.197416 0.500159 0.450247
-0.197598 0.499898 0.450275
-0.197651 0.499694 0.450288
-0.197824 0.499390 0.450316
-0.197888 0.499173 0.450329
-0.198068 0.498899 0.450357
-0.198123 0.498693 0.450370
-0.198287 0.498395 0.450399
-0.198350 0.498175 0.450413
-0.198546 0.497817 0.450446
-0.198612 0.497629 0.450460
-0.198792 0.497427 0.450486
-0.198864 0.497246 0.450498
-0.199078 0.496961 0.450528
-0.199156 0.496745 0.450543
-0.199270 0.496550 0.450560
-0.199367 0.496308 0.450577
-0.199490 0.496113 0.450595
-0.199683 0.495662 0.450630
-0.199799 0.495532 0.450648
-0.199976 0.495113 0.450687
-0.200083 0.494963 0.450708
-0.200244 0.494519 0.450747
-0.200344 0.494372 0.450766
-0.200500 0.493989 0.450802
-0.200605 0.493869 0.450820
-0.200767 0.493493 0.450857
-0.200865 0.493364 0.450876
-0.201079 0.492754 0.450933
-0.201137 0.492212 0.450971
-0.201084 0.491709 0.450994
-0.201068 0.491496 0.451003
-0.201141 0.491099 0.451027
-0.201152 0.490872 0.451038
-0.201256 0.490571 0.451060
-0.201287 0.490373 0.451071
-0.201505 0.489940 0.451110
-0.201765 0.489810 0.451148
-0.202075 0.489857 0.451182
-0.202441 0.489988 0.451216
-0.202838 0.490116 0.451251
-0.203289 0.490240 0.451287
-0.203805 0.490454 0.451330
-0.204228 0.490536 0.451358
-0.204706 0.490840 0.451394
-0.205166 0.490977 0.451423
-0.205572 0.491040 0.451453
-0.205968 0.491097 0.451482
-0.206258 0.491214 0.451497
-0.206924 0.490357 0.451716
-0.208108 0.489103 0.452081
-0.209080 0.487855 0.452406
-0.211451 0.485782 0.453142
-0.212283 0.485678 0.453308
-0.213037 0.484732 0.453556
-0.215051 0.483047 0.454154
-0.215988 0.482984 0.454320
-0.216593 0.483209 0.454370
-0.217276 0.483529 0.454400
-0.217889 0.483633 0.454414
-0.218289 0.483712 0.454420
-0.218676 0.483742 0.454428
-0.219096 0.483888 0.454437
-0.219542 0.483988 0.454444
-0.219578 0.484131 0.454399
-0.219865 0.484514 0.454327
-0.220226 0.484738 0.454299
-0.220600 0.484830 0.454291
-0.221000 0.484920 0.454285
-0.221560 0.485085 0.454284
-0.222157 0.485481 0.454277
-0.222764 0.485600 0.454255
-0.223153 0.485492 0.454246
-0.223599 0.485404 0.454248
-0.224080 0.485562 0.454248
-0.224506 0.485331 0.454241
-0.224902 0.485460 0.454232
-0.225362 0.485547 0.454218
-0.225778 0.485556 0.454205
-0.226201 0.485723 0.454193
-0.226718 0.485782 0.454177
-0.227238 0.485649 0.454164
-0.227818 0.485905 0.454142
-0.228261 0.486053 0.454108
-0.228803 0.486249 0.454068
-0.229223 0.486293 0.454032
-0.229767 0.486424 0.453998
-0.230135 0.486427 0.453968
-0.230538 0.486524 0.453942
-0.230953 0.486349 0.453917
-0.231323 0.486073 0.452983
-0.231923 0.485725 0.451699
-0.232301 0.485432 0.450450
-0.232955 0.485203 0.448838
-0.233423 0.484917 0.447490
-0.234586 0.484459 0.445094
-0.235125 0.484370 0.444668
-0.235413 0.484108 0.444568
-0.235811 0.483736 0.444561
-0.236145 0.483824 0.444556
-0.236609 0.483820 0.444532
-0.237058 0.484075 0.444483
-0.237724 0.484218 0.444430
-0.237861 0.484217 0.444407
-0.237744 0.484349 0.446091
-0.237811 0.484450 0.446583
-0.237611 0.485003 0.448804
-0.238003 0.485607 0.450272
-0.238334 0.485580 0.450334
-0.238508 0.485395 0.450372
-0.238820 0.485385 0.450403
-0.238984 0.485266 0.450431
-0.239418 0.485110 0.450463
-0.239662 0.485153 0.450493
-0.240246 0.485386 0.450505
-0.240555 0.485480 0.450510
-0.241287 0.485646 0.450487
-0.241651 0.485726 0.450483
-0.242791 0.486234 0.450425
-0.243995 0.486454 0.450262
-0.244961 0.487105 0.450067
-0.246188 0.487948 0.449794
-0.247490 0.487862 0.449484
-0.248585 0.487962 0.449243
-0.249440 0.487110 0.449048
-0.250041 0.486762 0.448960
-0.250361 0.486133 0.448918
-0.250722 0.485984 0.448866
-0.250996 0.485235 0.448837
-0.251275 0.485398 0.448833
-0.251742 0.485393 0.448743
-0.252284 0.485377 0.448671
-0.252997 0.485559 0.448560
-0.253158 0.485611 0.448500
-0.253452 0.485505 0.448456
-0.253595 0.485482 0.448439
-0.253852 0.485394 0.448460
-0.253986 0.485413 0.448465
-0.254221 0.485410 0.448500
-0.254363 0.485476 0.448505
-0.254717 0.485542 0.448516
-0.254861 0.485686 0.448499
-0.255094 0.485858 0.448496
-0.255258 0.485769 0.448478
-0.255531 0.485828 0.448485
-0.255694 0.485815 0.448469
-0.256071 0.485831 0.448474
-0.256230 0.485865 0.448454
-0.256563 0.486094 0.448442
-0.256768 0.486220 0.448387
-0.257162 0.486504 0.448329
-0.257397 0.486456 0.448298
-0.257821 0.485991 0.448304
-0.257993 0.485833 0.448296
-0.258178 0.485667 0.448332
-0.258833 0.485457 0.448299
-0.259178 0.485253 0.448239
-0.259213 0.485256 0.448226
-0.259721 0.484240 0.448332
-0.260903 0.482673 0.448494
-0.261832 0.481261 0.448674
-0.264524 0.479046 0.449074
-0.265953 0.479651 0.449011
-0.267169 0.480848 0.448661
-0.268581 0.481080 0.448181
-0.270309 0.481676 0.447680
-0.271447 0.481316 0.447267
-0.272724 0.481953 0.446866
-0.274634 0.481932 0.446201
-0.275587 0.482318 0.445722
-0.276249 0.481852 0.445412
-0.276608 0.481605 0.445260
-0.277592 0.482231 0.445014
-0.278317 0.482924 0.444685
-0.278553 0.483002 0.444559
-0.280083 0.481219 0.444497
-0.282488 0.480039 0.444314
-0.284522 0.479271 0.443875
-0.286332 0.478472 0.443445
-0.288664 0.480169 0.442740
-0.290663 0.479677 0.441872
-0.293149 0.480504 0.441037
-0.296289 0.479762 0.439783
-0.300188 0.480462 0.438549
-0.301385 0.480859 0.438125
-0.304450 0.478967 0.437427
-0.305936 0.477962 0.437098
-0.309189 0.475339 0.436548
-0.310758 0.474210 0.436263
-0.314456 0.471441 0.435747
-0.316090 0.469896 0.435531
-0.319823 0.465056 0.435303
-0.324740 0.461696 0.434930
-0.328755 0.460012 0.433816
-0.331858 0.458786 0.432870
-0.334993 0.457698 0.431951
-0.338490 0.456514 0.431034
-0.342474 0.455694 0.430044
-0.345501 0.454734 0.429383
-0.349185 0.454083 0.428561
-0.351407 0.454147 0.427806
-0.352335 0.454917 0.427369
-0.355833 0.456692 0.425726
-0.360593 0.455907 0.424374
-0.366731 0.453831 0.423098
-0.375208 0.452240 0.421846
-0.382998 0.451178 0.420409
-0.387978 0.449656 0.420012
-0.392740 0.448262 0.419383
-0.397053 0.447564 0.419536
-0.399934 0.446164 0.419646
-0.401253 0.445822 0.420571
-0.402134 0.445216 0.421035
-0.403275 0.444750 0.422016
-0.404204 0.444381 0.422061
-0.404866 0.444338 0.422032
-0.405970 0.443663 0.422404
-0.405975 0.444238 0.422865
-0.406557 0.443936 0.422816
-0.407050 0.443796 0.422753
-0.406642 0.443946 0.422551
-0.407117 0.443753 0.422280
-0.406937 0.443802 0.422069
-0.407015 0.443801 0.421957
