-0.080727 0.886065 0.407064
-0.082054 0.886044 0.406988
-0.083385 0.886057 0.406899
-0.083706 0.885966 0.406886
-0.084329 0.885912 0.406850
-0.084976 0.885891 0.406806
-0.085219 0.885881 0.406789
-0.085625 0.885834 0.406766
-0.085912 0.885807 0.406749
-0.086178 0.885766 0.406736
-0.087254 0.885312 0.406725
-0.088369 0.884889 0.406722
-0.089090 0.884545 0.406749
-0.090385 0.883846 0.406793
-0.091423 0.883214 0.406860
-0.092554 0.882283 0.407032
-0.092742 0.881921 0.407125
-0.091810 0.879311 0.407872
-0.092282 0.879137 0.407872
-0.092940 0.879061 0.407841
-0.093705 0.879062 0.407786
-0.094496 0.879110 0.407716
-0.095446 0.878673 0.407714
-0.097682 0.877545 0.407825
-0.097925 0.877386 0.407857
-0.098271 0.876905 0.407976
-0.098120 0.876534 0.408074
-0.097838 0.876094 0.408176
-0.097610 0.875739 0.408253
-0.097310 0.875292 0.408345
-0.097098 0.874921 0.408415
-0.097056 0.874813 0.408433
-0.098653 0.873718 0.408506
-0.099086 0.872341 0.408788
-0.098457 0.871386 0.409031
-0.097452 0.870242 0.409308
-0.096949 0.869571 0.409447
-0.096381 0.868807 0.409599
-0.095896 0.868107 0.409729
-0.095569 0.867565 0.409823
-0.095167 0.866919 0.409936
-0.094882 0.866406 0.410020
-0.094611 0.865885 0.410104
-0.094335 0.865362 0.410189
-0.093984 0.864720 0.410294
-0.093650 0.864096 0.410394
-0.094469 0.863498 0.410414
-0.095613 0.862455 0.410508
-0.096645 0.861574 0.410580
-0.097842 0.860103 0.410779
-0.098809 0.859046 0.410901
-0.099590 0.856022 0.411469
-0.097940 0.853708 0.412012
-0.096703 0.852270 0.412319
-0.095668 0.851058 0.412561
-0.094666 0.849779 0.412798
-0.093899 0.848708 0.412985
-0.093409 0.847943 0.413112
-0.092854 0.847066 0.413254
-0.092490 0.846407 0.413355
-0.092157 0.845759 0.413452
-0.091758 0.844992 0.413568
-0.091399 0.844268 0.413675
-0.091144 0.843690 0.413757
-0.090884 0.843096 0.413842
-0.090547 0.842364 0.413949
-0.090233 0.841663 0.414051
-0.089997 0.841091 0.414132
-0.089690 0.840378 0.414235
-0.089391 0.839675 0.414336
-0.089164 0.839099 0.414418
-0.088937 0.838497 0.414503
-0.088683 0.837882 0.414593
-0.088365 0.837121 0.414704
-0.088130 0.836504 0.414792
-0.087887 0.835870 0.414883
-0.087567 0.835082 0.414999
-0.087458 0.834740 0.415046
-0.088290 0.834052 0.415053
-0.089448 0.832856 0.415128
-0.090488 0.831884 0.415174
-0.091703 0.830275 0.415327
-0.092689 0.829141 0.415412
-0.093583 0.825977 0.415849
-0.092400 0.824042 0.416203
-0.090990 0.822258 0.416506
-0.090140 0.821089 0.416686
-0.089484 0.820061 0.416834
-0.088917 0.819150 0.416965
-0.088428 0.818314 0.417082
-0.087800 0.817229 0.417235
-0.087396 0.816426 0.417344
-0.087128 0.815786 0.417428
-0.086794 0.815010 0.417531
-0.086556 0.814394 0.417610
-0.086311 0.813757 0.417693
-0.086002 0.812957 0.417798
-0.085767 0.812320 0.417880
-0.085523 0.811658 0.417967
-0.085277 0.810964 0.418056
-0.084950 0.810120 0.418169
-0.084714 0.809437 0.418257
-0.084469 0.808728 0.418349
-0.084159 0.807857 0.418464
-0.083926 0.807167 0.418555
-0.083694 0.806459 0.418647
-0.083396 0.805592 0.418763
-0.084248 0.804896 0.418761
-0.085443 0.803685 0.418813
-0.086519 0.802699 0.418838
-0.087817 0.801083 0.418944
-0.088856 0.799944 0.418997
-0.089657 0.798915 0.419066
-0.089514 0.796015 0.419396
-0.088586 0.794840 0.419524
-0.087865 0.793999 0.419600
-0.087207 0.793234 0.419662
-0.086814 0.792719 0.419702
-0.086499 0.792235 0.419739
-0.086108 0.791619 0.419786
-0.085916 0.791230 0.419816
-0.085733 0.790811 0.419849
-0.085541 0.790377 0.419885
-0.085360 0.789928 0.419922
-0.085126 0.789405 0.419968
-0.084964 0.788972 0.420005
-0.084804 0.788516 0.420043
-0.084547 0.787913 0.420097
-0.084335 0.787378 0.420145
-0.084222 0.786995 0.420177
-0.084059 0.786500 0.420220
-0.083881 0.786009 0.420265
-0.083712 0.785528 0.420308
-0.083542 0.785035 0.420352
-0.083417 0.784613 0.420388
-0.083237 0.784089 0.420435
-0.083071 0.783583 0.420480
-0.082949 0.783155 0.420517
-0.083847 0.782513 0.420517
-0.085146 0.781476 0.420551
-0.086301 0.780593 0.420569
-0.087752 0.779254 0.420630
-0.088898 0.778276 0.420661
-0.090460 0.776032 0.420787
-0.089758 0.774949 0.420809
-0.089221 0.774305 0.420798
-0.088773 0.773736 0.420792
-0.088384 0.773215 0.420794
-0.087983 0.772621 0.420801
-0.087650 0.772079 0.420811
-0.087426 0.771635 0.420825
-0.087156 0.771093 0.420844
-0.086966 0.770632 0.420863
-0.086761 0.770157 0.420886
-0.086493 0.769589 0.420916
-0.086321 0.769132 0.420939
-0.086096 0.768586 0.420970
-0.085896 0.768042 0.421000
-0.085743 0.767591 0.421025
-0.085572 0.767112 0.421053
-0.085345 0.766544 0.421088
-0.085316 0.766393 0.421096
-0.085536 0.766133 0.421117
-0.085603 0.765978 0.421130
-0.085923 0.765728 0.421160
-0.086021 0.765578 0.421176
-0.086387 0.765342 0.421210
-0.086501 0.765205 0.421227
-0.087512 0.764504 0.421266
-0.088555 0.763918 0.421313
-0.089221 0.763463 0.421353
-0.090540 0.762554 0.421412
-0.091745 0.761834 0.421472
-0.092491 0.761289 0.421518
-0.093372 0.760634 0.421579
-0.093547 0.760393 0.421597
-0.093920 0.760057 0.421621
-0.093967 0.759509 0.421639
-0.093761 0.759117 0.421644
-0.093525 0.758599 0.421653
-0.093334 0.758136 0.421666
-0.093117 0.757569 0.421686
-0.092897 0.757036 0.421707
-0.092695 0.756534 0.421730
-0.092538 0.756086 0.421752
-0.092380 0.755590 0.421775
-0.092204 0.755084 0.421800
-0.091962 0.754487 0.421830
-0.091753 0.753947 0.421859
-0.091730 0.753807 0.421866
-0.093503 0.752462 0.421964
-0.094316 0.751063 0.422048
-0.093996 0.750394 0.422032
-0.093659 0.749817 0.422025
-0.093455 0.749320 0.422030
-0.093145 0.748639 0.422041
-0.092930 0.748175 0.422056
-0.092788 0.747652 0.422072
-0.092585 0.747139 0.422090
-0.092369 0.746504 0.422113
-0.092206 0.745979 0.422132
-0.091989 0.745448 0.422155
-0.091762 0.744809 0.422181
-0.091568 0.744158 0.422210
-0.091355 0.743552 0.422244
-0.091062 0.742749 0.422292
-0.090830 0.742059 0.422333
-0.090621 0.741305 0.422376
-0.090569 0.741077 0.422389
-0.092286 0.739533 0.422511
-0.092729 0.738967 0.422557
-0.094857 0.737031 0.422716
-0.095503 0.734789 0.422830
-0.094814 0.733592 0.422812
-0.094136 0.732366 0.422804
-0.095015 0.731582 0.422864
-0.096288 0.730298 0.422977
-0.097450 0.729277 0.423065
-0.098897 0.727705 0.423198
-0.100043 0.726615 0.423292
-0.101378 0.724942 0.423423
-0.103419 0.722890 0.423602
-0.103826 0.722211 0.423640
-0.105809 0.720137 0.423822
-0.106198 0.719471 0.423855
-0.108130 0.717397 0.424041
-0.108543 0.716681 0.424074
-0.110564 0.714508 0.424270
-0.110844 0.712298 0.424238
-0.110160 0.711164 0.424102
-0.109895 0.710242 0.424062
-0.109805 0.709965 0.424059
-0.109815 0.709459 0.424071
-0.109776 0.709192 0.424077
-0.109863 0.708732 0.424103
-0.109868 0.708499 0.424114
-0.110001 0.708069 0.424146
-0.110050 0.707827 0.424158
-0.110222 0.707431 0.424195
-0.110254 0.707222 0.424209
-0.110421 0.706875 0.424248
-0.110457 0.706699 0.424263
-0.110687 0.706374 0.424303
-0.110752 0.706183 0.424318
-0.111738 0.705354 0.424452
-0.112690 0.704692 0.424581
-0.114164 0.703623 0.424779
-0.115342 0.702771 0.424930
-0.116973 0.701589 0.425134
-0.118186 0.700680 0.425280
-0.119336 0.699776 0.425392
-0.119545 0.699514 0.425389
-0.119815 0.699145 0.425369
-0.119990 0.698804 0.425341
-0.120095 0.698627 0.425328
-0.120120 0.698507 0.425321
-0.120271 0.698316 0.425322
-0.120291 0.698194 0.425321
-0.120466 0.698042 0.425333
-0.120524 0.697940 0.425336
-0.120711 0.697766 0.425354
-0.120795 0.697635 0.425359
-0.121006 0.697510 0.425382
-0.121060 0.697422 0.425389
-0.121278 0.697279 0.425414
-0.121356 0.697216 0.425421
-0.121642 0.697053 0.425448
-0.121753 0.696984 0.425453
-0.122027 0.696866 0.425475
-0.122096 0.696799 0.425481
-0.122328 0.696690 0.425507
-0.122395 0.696589 0.425514
-0.122650 0.696412 0.425540
-0.122742 0.696288 0.425548
-0.122938 0.696075 0.425571
-0.123037 0.695855 0.425589
-0.123294 0.695680 0.425616
-0.123384 0.695539 0.425631
-0.123472 0.695483 0.425644
-0.123613 0.695345 0.425666
-0.123705 0.695285 0.425677
-0.123837 0.695024 0.425708
-0.123801 0.694617 0.425724
-0.123876 0.694241 0.425749
-0.123839 0.693761 0.425760
-0.123740 0.693434 0.425783
-0.124669 0.692658 0.425930
-0.126028 0.691599 0.426135
-0.127135 0.690692 0.426295
-0.128671 0.689344 0.426478
-0.129828 0.688442 0.426625
-0.130724 0.687687 0.426727
-0.133272 0.685433 0.427064
-0.133760 0.684965 0.427097
-0.135693 0.683314 0.427367
-0.136910 0.682836 0.427367
-0.136763 0.682557 0.427159
-0.136454 0.682632 0.427077
-0.136568 0.682205 0.427078
-0.136292 0.681427 0.427040
-0.135792 0.680876 0.427032
-0.135180 0.679929 0.427060
-0.135049 0.679137 0.427130
-0.134831 0.678325 0.427161
-0.135201 0.676932 0.427230
-0.135238 0.676219 0.427252
-0.135158 0.675375 0.427282
-0.134592 0.674482 0.427291
-0.134919 0.673263 0.427378
-0.134974 0.673009 0.427395
-0.135027 0.672401 0.427421
-0.135065 0.672150 0.427439
-0.135319 0.671533 0.427475
-0.135301 0.671324 0.427490
-0.135403 0.670710 0.427521
-0.135425 0.670447 0.427540
-0.135252 0.670028 0.427563
-0.135221 0.669829 0.427582
-0.135268 0.669561 0.427604
-0.136185 0.668614 0.427793
-0.137119 0.667728 0.427961
-0.137618 0.667197 0.428039
-0.138767 0.666147 0.428239
-0.140057 0.665140 0.428409
-0.140799 0.664537 0.428486
-0.142078 0.663482 0.428677
-0.143262 0.662556 0.428830
-0.144742 0.661376 0.428947
-0.145096 0.661260 0.428932
-0.145384 0.661273 0.428879
-0.145397 0.661355 0.428849
-0.145502 0.661305 0.428808
-0.145537 0.661346 0.428795
-0.145425 0.661475 0.428767
-0.145436 0.661438 0.428766
-0.145550 0.661241 0.428773
-0.145664 0.661205 0.428776
-0.145669 0.661235 0.428767
-0.145745 0.661212 0.428770
-0.145857 0.661165 0.428778
-0.146757 0.660467 0.428958
-0.147615 0.659875 0.429113
-0.148267 0.659558 0.429199
-0.148915 0.659611 0.429234
-0.149082 0.660483 0.429163
-0.149557 0.661300 0.429143
-0.150190 0.662480 0.429114
-0.150811 0.663517 0.429096
-0.151004 0.663832 0.429052
-0.150941 0.664291 0.429008
-0.151126 0.664524 0.429000
-0.151164 0.664724 0.428994
-0.152881 0.663723 0.429356
-0.153377 0.663316 0.429430
-0.155351 0.661697 0.429840
-0.155750 0.661338 0.429910
-0.158135 0.659654 0.430341
-0.158825 0.659572 0.430427
-0.161419 0.658362 0.430871
-0.165042 0.658448 0.431185
-0.165753 0.661155 0.431001
-0.164334 0.663091 0.430817
-0.163574 0.664889 0.430755
-0.163481 0.665076 0.430734
-0.163545 0.665209 0.430714
-0.163532 0.665321 0.430706
-0.163048 0.665684 0.430644
-0.162979 0.665635 0.430638
-0.163173 0.665463 0.430656
-0.163306 0.665284 0.430659
-0.163754 0.664804 0.430681
-0.163761 0.664868 0.430671
-0.163859 0.664901 0.430651
-0.163834 0.664940 0.430638
-0.163881 0.664866 0.430626
-0.163851 0.664824 0.430617
-0.163860 0.664711 0.430616
-0.163949 0.664674 0.430625
-0.164164 0.664489 0.430651
-0.164227 0.664402 0.430652
-0.164091 0.664338 0.430638
-0.164171 0.664239 0.430643
-0.164067 0.664194 0.430642
-0.164108 0.664008 0.430643
-0.163937 0.663962 0.430638
-0.163939 0.664002 0.430642
-0.163958 0.664032 0.430653
-0.164052 0.663910 0.430660
-0.164086 0.663862 0.430663
-0.164209 0.663854 0.430675
-0.164455 0.663255 0.430694
-0.163654 0.663528 0.430622
-0.163865 0.663173 0.430669
-0.164309 0.662046 0.430707
-0.164053 0.662077 0.430679
-0.164481 0.661789 0.430732
-0.164394 0.661551 0.430722
-0.164122 0.661547 0.430699
-0.163935 0.661657 0.430688
-0.163246 0.661946 0.430636
-0.163222 0.661820 0.430635
-0.163154 0.661471 0.430644
-0.163314 0.661293 0.430657
-0.163357 0.661051 0.430660
-0.163406 0.660825 0.430661
-0.163369 0.660594 0.430667
-0.163495 0.660295 0.430677
-0.164010 0.659575 0.430718
-0.164098 0.659321 0.430718
-0.164100 0.658785 0.430711
-0.163902 0.658655 0.430686
-0.163320 0.658577 0.430637
-0.164054 0.657586 0.430850
-0.164758 0.656722 0.431048
-0.165321 0.655850 0.431169
-0.166060 0.654384 0.431294
-0.166173 0.653918 0.431312
-0.166243 0.652973 0.431323
-0.166087 0.652656 0.431310
-0.165923 0.651785 0.431295
-0.165715 0.651467 0.431286
-0.166121 0.650220 0.431333
-0.166043 0.649910 0.431335
-0.166046 0.649389 0.431361
-0.166071 0.648947 0.431369
-0.165854 0.648169 0.431355
-0.165863 0.647538 0.431362
-0.166032 0.646193 0.431395
-0.166074 0.645667 0.431427
-0.165748 0.644775 0.431429
-0.165606 0.644037 0.431437
-0.165739 0.642414 0.431505
-0.165582 0.641826 0.431513
-0.164983 0.640835 0.431517
-0.164561 0.640205 0.431529
-0.163841 0.639207 0.431544
-0.163334 0.638698 0.431553
-0.162306 0.637381 0.431542
-0.162080 0.636133 0.431573
-0.160350 0.632687 0.431587
-0.158186 0.628644 0.431661
-0.157776 0.623681 0.431964
-0.157985 0.617806 0.432295
-0.157568 0.611503 0.432622
-0.156866 0.604715 0.433020
-0.155617 0.599098 0.433382
-0.155469 0.597379 0.433540
-0.155227 0.594174 0.433822
-0.155129 0.592603 0.433959
-0.154742 0.590203 0.434179
-0.154591 0.588981 0.434288
-0.154335 0.586802 0.434479
-0.153716 0.583444 0.434724
-0.153329 0.580519 0.434964
-0.152867 0.577557 0.435175
-0.152443 0.575464 0.435345
-0.152344 0.573934 0.435474
-0.152232 0.572266 0.435576
-0.151940 0.570912 0.435662
-0.151702 0.570002 0.435724
-0.151540 0.569010 0.435778
-0.151331 0.567786 0.435830
-0.151093 0.566977 0.435867
-0.150975 0.565971 0.435906
-0.150817 0.565013 0.435942
-0.151571 0.564087 0.436134
-0.152268 0.563255 0.436318
-0.154562 0.560867 0.436880
-0.156034 0.558986 0.437259
-0.156293 0.557959 0.437314
-0.156172 0.557455 0.437318
-0.155945 0.556863 0.437318
-0.155801 0.556232 0.437329
-0.155651 0.555416 0.437344
-0.155477 0.554518 0.437362
-0.155358 0.553667 0.437390
-0.154745 0.551999 0.437377
-0.154835 0.551930 0.437402
-0.154931 0.551766 0.437429
-0.155180 0.551508 0.437479
-0.155255 0.551349 0.437500
-0.155374 0.551198 0.437523
-0.156268 0.550327 0.437731
-0.157111 0.549437 0.437932
-0.157739 0.548860 0.438074
-0.158960 0.547700 0.438361
-0.159990 0.546715 0.438612
-0.160746 0.546035 0.438787
-0.161262 0.545532 0.438907
-0.161952 0.545011 0.439054
-0.162168 0.544760 0.439099
-0.162526 0.544436 0.439168
-0.162641 0.544243 0.439192
-0.162898 0.543942 0.439239
-0.162994 0.543721 0.439261
-0.163232 0.543350 0.439306
-0.163320 0.543110 0.439326
-0.163552 0.542733 0.439372
-0.163616 0.542555 0.439392
-0.163806 0.542271 0.439436
-0.163874 0.542069 0.439456
-0.164048 0.541831 0.439496
-0.164100 0.541652 0.439515
-0.164293 0.541295 0.439560
-0.164351 0.541069 0.439581
-0.164519 0.540741 0.439624
-0.164579 0.540535 0.439644
-0.164762 0.540233 0.439688
-0.164832 0.540046 0.439707
-0.165036 0.539760 0.439750
-0.165097 0.539573 0.439771
-0.165300 0.539286 0.439814
-0.165366 0.539087 0.439835
-0.165574 0.538710 0.439880
-0.165721 0.537846 0.439954
-0.165720 0.537144 0.439998
-0.165590 0.536406 0.440033
-0.165501 0.535579 0.440069
-0.165479 0.535378 0.440080
-0.166893 0.533545 0.440462
-0.167353 0.532838 0.440591
-0.169265 0.530456 0.441108
-0.169875 0.529595 0.441273
-0.171947 0.527067 0.441835
-0.173537 0.525008 0.442292
-0.173679 0.524326 0.442356
-0.173663 0.523995 0.442372
-0.174360 0.523056 0.442572
-0.175898 0.520852 0.443041
-0.176164 0.519968 0.443148
-0.176103 0.519273 0.443178
-0.176006 0.518642 0.443195
-0.175884 0.517938 0.443212
-0.175670 0.517090 0.443222
-0.175510 0.516417 0.443236
-0.175319 0.515692 0.443244
-0.175181 0.515007 0.443259
-0.175028 0.514199 0.443273
-0.174864 0.513455 0.443284
-0.174676 0.512710 0.443293
-0.174444 0.511848 0.443299
-0.174268 0.511215 0.443305
-0.173681 0.509793 0.443266
-0.173654 0.509312 0.443297
-0.173649 0.509131 0.443303
-0.174334 0.508145 0.443501
-0.175397 0.506553 0.443826
-0.176358 0.505273 0.444111
-0.177734 0.503385 0.444536
-0.178769 0.502063 0.444850
-0.180231 0.500224 0.445308
-0.181291 0.498929 0.445634
-0.182800 0.497124 0.446110
-0.183870 0.495831 0.446445
-0.186102 0.493296 0.447166
-0.186631 0.492677 0.447336
-0.186741 0.492301 0.447381
-0.186675 0.491696 0.447398
-0.186561 0.491142 0.447406
-0.186381 0.490420 0.447408
-0.186195 0.489633 0.447410
-0.186043 0.488975 0.447414
-0.185833 0.488216 0.447412
-0.185802 0.488012 0.447414
-0.186967 0.486069 0.447819
-0.187337 0.485383 0.447957
-0.188942 0.482971 0.448521
-0.190235 0.481007 0.449011
-0.190402 0.480426 0.449088
-0.190352 0.479826 0.449109
-0.190224 0.479172 0.449113
-0.190092 0.478576 0.449114
-0.189936 0.477957 0.449112
-0.189778 0.477268 0.449109
-0.189555 0.476528 0.449100
-0.189395 0.475873 0.449095
-0.189218 0.475207 0.449090
-0.189036 0.474507 0.449084
-0.188849 0.473788 0.449077
-0.188658 0.473070 0.449069
-0.188471 0.472354 0.449060
-0.188229 0.471545 0.449047
-0.188057 0.470875 0.449040
-0.187875 0.470173 0.449032
-0.187636 0.469361 0.449019
-0.187104 0.468086 0.448965
-0.187290 0.468107 0.448982
-0.187533 0.468182 0.449005
-0.187833 0.468304 0.449036
-0.188227 0.468498 0.449082
-0.188561 0.468653 0.449120
-0.188924 0.468835 0.449160
-0.189369 0.469063 0.449214
-0.189793 0.469266 0.449265
-0.190210 0.469473 0.449315
-0.190623 0.469667 0.449363
-0.190979 0.469841 0.449401
-0.191424 0.470066 0.449452
-0.191531 0.470115 0.449461
-0.192861 0.468568 0.449871
-0.194286 0.467842 0.450248
-0.195140 0.468176 0.450394
-0.195652 0.468482 0.450455
-0.196128 0.468764 0.450504
-0.196679 0.469082 0.450562
-0.197096 0.469275 0.450603
-0.197600 0.469510 0.450655
-0.198064 0.469748 0.450700
-0.198530 0.469967 0.450743
-0.198923 0.470142 0.450777
-0.199425 0.470405 0.450821
-0.199828 0.470601 0.450855
-0.200324 0.470856 0.450898
-0.200740 0.471026 0.450931
-0.201169 0.471195 0.450965
-0.201612 0.471382 0.450999
-0.202147 0.471684 0.451040
-0.202584 0.471889 0.451070
-0.203126 0.472149 0.451110
-0.203580 0.472330 0.451139
-0.204121 0.472565 0.451177
-0.204557 0.472759 0.451203
-0.205100 0.473010 0.451238
-0.205617 0.473270 0.451268
-0.206037 0.473456 0.451291
-0.206499 0.473642 0.451315
-0.207131 0.472772 0.451512
-0.207795 0.472024 0.451702
-0.209736 0.469638 0.452311
-0.212011 0.468603 0.452874
-0.212925 0.468988 0.452982
-0.213760 0.469450 0.453040
-0.214319 0.469752 0.453063
-0.214479 0.469827 0.453064
-0.215803 0.468230 0.453455
-0.216329 0.467814 0.453590
-0.218093 0.465718 0.454142
-0.218774 0.465178 0.454323
-0.220711 0.462977 0.454936
-0.221452 0.462449 0.455134
-0.223482 0.460316 0.455767
-0.225775 0.459516 0.456301
-0.227090 0.459882 0.456443
-0.228189 0.460411 0.456488
-0.228912 0.460811 0.456487
-0.229664 0.461241 0.456483
-0.230123 0.461405 0.456470
-0.230731 0.460491 0.456666
-0.231874 0.459272 0.456981
-0.232720 0.458001 0.457274
-0.235001 0.455853 0.457918
-0.236183 0.455916 0.458071
-0.237059 0.456177 0.458089
-0.237823 0.456478 0.458071
-0.238645 0.456870 0.458035
-0.239298 0.457148 0.457991
-0.239939 0.457427 0.457950
-0.240535 0.457509 0.457920
-0.241244 0.457727 0.457881
-0.241763 0.457882 0.457840
-0.242353 0.458047 0.457794
-0.242994 0.458258 0.457745
-0.243571 0.458504 0.457696
-0.244208 0.458758 0.457643
-0.244859 0.458955 0.457590
-0.245675 0.459129 0.457525
-0.246372 0.459509 0.457450
-0.247112 0.459903 0.457374
-0.248048 0.460404 0.457274
-0.248700 0.460659 0.457180
-0.249362 0.460799 0.457096
-0.249936 0.460810 0.457022
-0.250536 0.460739 0.456948
-0.251195 0.460847 0.456872
-0.251808 0.461025 0.456787
-0.252373 0.461149 0.456700
-0.252915 0.460128 0.456871
-0.253536 0.459259 0.457029
-0.255271 0.456599 0.457584
-0.255949 0.455886 0.457769
-0.256895 0.454401 0.458095
-0.258527 0.452492 0.458549
-0.259526 0.451077 0.458865
-0.262281 0.448814 0.459484
-0.263835 0.448674 0.459544
-0.265078 0.448973 0.459411
-0.266334 0.449391 0.459188
-0.267316 0.449433 0.458970
-0.268202 0.449576 0.458770
-0.268970 0.449738 0.458601
-0.269680 0.449749 0.458448
-0.270546 0.449838 0.458246
-0.271206 0.449947 0.458071
-0.272089 0.450028 0.457901
-0.272920 0.450166 0.457710
-0.273717 0.450437 0.457531
-0.273932 0.450466 0.457471
-0.274326 0.450362 0.457368
-0.274566 0.450294 0.457317
-0.274974 0.450034 0.457233
-0.275160 0.449993 0.457191
-0.275456 0.449613 0.457124
-0.275637 0.449513 0.457087
-0.275914 0.449264 0.457018
-0.276111 0.449202 0.456974
-0.276508 0.449023 0.456884
-0.276722 0.448982 0.456845
-0.277129 0.448712 0.456772
-0.277399 0.448628 0.456716
-0.277820 0.448317 0.456621
-0.278079 0.448254 0.456581
-0.278520 0.447995 0.456506
-0.278742 0.447936 0.456457
-0.279140 0.447689 0.456362
-0.279342 0.447618 0.456321
-0.279714 0.447368 0.456241
-0.279550 0.448419 0.456017
-0.279314 0.449183 0.455802
-0.279239 0.449578 0.455620
-0.278881 0.450922 0.455293
-0.278537 0.451956 0.454981
-0.278390 0.452550 0.454717
-0.278292 0.452732 0.454517
-0.278266 0.452739 0.454264
-0.278291 0.452632 0.454178
-0.278448 0.452441 0.454052
-0.278545 0.452317 0.454000
-0.278819 0.452081 0.453920
-0.278925 0.451969 0.453887
-0.279214 0.451782 0.453816
-0.279363 0.451637 0.453780
-0.279679 0.451363 0.453715
-0.279819 0.451172 0.453691
-0.280151 0.450954 0.453638
-0.280334 0.450830 0.453598
-0.280810 0.449664 0.453736
-0.281325 0.448730 0.453889
-0.282104 0.447726 0.454076
-0.282461 0.447507 0.454112
-0.283011 0.446921 0.454126
-0.283305 0.446762 0.454120
-0.283761 0.446409 0.454094
-0.283988 0.446297 0.454069
-0.284376 0.446136 0.454018
-0.284597 0.446100 0.453981
-0.285048 0.445811 0.453895
-0.285272 0.445748 0.453843
-0.285739 0.445631 0.453721
-0.286017 0.445594 0.453656
-0.286458 0.445406 0.453541
-0.286688 0.445363 0.453488
-0.287097 0.445127 0.453389
-0.287375 0.445043 0.453329
-0.287871 0.444759 0.453216
-0.288110 0.444695 0.453151
-0.288543 0.444458 0.453028
-0.288804 0.444384 0.452976
-0.289327 0.444179 0.452857
-0.289571 0.444125 0.452803
-0.289824 0.444125 0.452731
-0.290037 0.444042 0.452648
-0.290316 0.443974 0.452562
-0.290790 0.443636 0.452405
-0.291051 0.443585 0.452333
-0.291508 0.443250 0.452207
-0.291737 0.443210 0.452145
-0.292197 0.443119 0.452012
-0.292480 0.443121 0.451937
-0.292956 0.442917 0.451807
-0.293257 0.442843 0.451737
-0.293783 0.442544 0.451613
-0.294063 0.442433 0.451539
-0.294686 0.442168 0.451388
-0.294955 0.442052 0.451325
-0.295434 0.441746 0.451196
-0.295710 0.441709 0.451124
-0.296099 0.441548 0.450116
-0.296459 0.441329 0.449238
-0.296822 0.441154 0.448655
-0.297182 0.441019 0.448275
-0.297857 0.440862 0.447829
-0.298120 0.440746 0.447693
-0.298784 0.440622 0.447459
-0.299086 0.440506 0.447377
-0.299747 0.440239 0.447214
-0.300072 0.440157 0.447141
-0.300757 0.440003 0.446988
-0.301024 0.439845 0.446916
-0.301646 0.439613 0.446770
-0.301968 0.439460 0.446703
-0.302675 0.439177 0.446527
-0.302945 0.439093 0.446450
-0.303598 0.439033 0.446278
-0.303934 0.438921 0.446189
-0.304659 0.438786 0.446018
-0.305023 0.438727 0.445932
-0.305253 0.438812 0.446779
-0.305503 0.438793 0.447472
-0.305809 0.438618 0.447832
-0.306187 0.438574 0.448012
-0.306985 0.438467 0.448043
-0.307428 0.438521 0.447959
-0.308262 0.438362 0.447723
-0.308760 0.438174 0.446667
-0.309229 0.437896 0.445766
-0.309715 0.437623 0.445156
-0.310380 0.437003 0.444512
-0.310734 0.436923 0.444317
-0.311373 0.436658 0.444054
-0.311704 0.436483 0.443955
-0.312298 0.436177 0.443800
-0.312613 0.436219 0.443724
-0.313188 0.436123 0.443564
-0.313500 0.436132 0.443475
-0.314076 0.435976 0.443277
-0.314373 0.435884 0.443194
-0.314926 0.435630 0.443019
-0.315253 0.435499 0.442933
-0.315807 0.435134 0.442754
-0.316130 0.435007 0.442673
-0.316747 0.434831 0.442501
-0.317081 0.434756 0.442427
-0.317750 0.434535 0.442250
-0.318104 0.434503 0.442158
-0.318720 0.434336 0.441961
-0.319070 0.434298 0.441848
-0.319797 0.434131 0.441649
-0.320169 0.433929 0.441567
-0.320831 0.433553 0.441395
-0.321241 0.433400 0.441313
-0.322000 0.433027 0.441155
-0.322338 0.432898 0.441054
-0.322938 0.432536 0.440840
-0.323244 0.432335 0.440764
-0.323753 0.431975 0.440615
-0.324040 0.431911 0.440522
-0.324633 0.431764 0.440339
-0.324975 0.431685 0.440242
-0.325653 0.431528 0.440037
-0.326020 0.431436 0.439919
-0.326755 0.431183 0.439698
-0.327113 0.431131 0.439598
-0.327809 0.430849 0.439380
-0.328161 0.430737 0.439268
-0.328847 0.430390 0.439038
-0.329241 0.430313 0.438915
-0.329994 0.429917 0.438681
-0.330390 0.429846 0.438574
-0.331176 0.429688 0.438364
-0.331569 0.429609 0.438275
-0.332293 0.429252 0.438067
-0.332705 0.429123 0.437949
-0.333452 0.428686 0.437726
-0.333899 0.428555 0.437624
-0.334830 0.428125 0.437396
-0.335282 0.428064 0.437276
-0.335946 0.427736 0.437064
-0.336291 0.427611 0.436976
-0.336819 0.427334 0.436807
-0.337141 0.427333 0.436726
-0.337639 0.426999 0.436585
-0.337876 0.426923 0.436535
-0.338351 0.426669 0.436413
-0.338627 0.426725 0.436342
-0.338773 0.427792 0.436079
-0.338919 0.428610 0.435767
-0.339206 0.429041 0.435488
-0.339493 0.429297 0.435221
-0.340226 0.429748 0.434693
-0.340630 0.429712 0.434477
-0.341428 0.429632 0.434109
-0.341728 0.429527 0.433958
-0.342096 0.429433 0.433837
-0.342478 0.429348 0.433725
-0.342882 0.429306 0.433615
-0.343240 0.429274 0.433458
-0.343843 0.429285 0.433182
-0.344310 0.429210 0.433042
-0.345222 0.429173 0.432712
-0.345714 0.429176 0.432539
-0.346581 0.429087 0.432213
-0.346957 0.428917 0.432070
-0.347735 0.428399 0.431837
-0.348184 0.428079 0.431770
-0.348976 0.427570 0.431615
-0.349399 0.427439 0.431513
-0.350219 0.427291 0.431318
-0.350567 0.427018 0.431222
-0.351276 0.426687 0.431010
-0.351538 0.426489 0.430938
-0.352020 0.426043 0.430824
-0.352189 0.425702 0.430773
-0.352521 0.425255 0.430674
-0.352671 0.424917 0.430669
-0.353078 0.424364 0.430688
-0.353243 0.424079 0.430722
-0.353639 0.423723 0.430752
-0.353806 0.423476 0.430770
-0.354328 0.422974 0.430695
-0.354458 0.422697 0.430665
-0.354580 0.422298 0.430618
-0.354778 0.421873 0.430643
-0.355190 0.421235 0.430673
-0.355295 0.420972 0.430707
-0.355450 0.420673 0.430752
-0.355498 0.420520 0.430753
-0.355624 0.420292 0.430734
-0.355600 0.420184 0.430729
-0.355691 0.419881 0.430715
-0.355764 0.419611 0.430715
-0.356073 0.419213 0.430662
-0.356139 0.419051 0.430638
-0.356334 0.418771 0.430547
-0.356412 0.418503 0.430565
-0.356658 0.417906 0.430619
-0.356722 0.417724 0.430599
-0.356981 0.417473 0.430538
-0.357072 0.417247 0.430513
-0.357301 0.416937 0.430463
-0.357396 0.416711 0.430461
-0.357638 0.416422 0.430409
-0.357712 0.416269 0.430388
-0.357975 0.416037 0.430340
-0.358103 0.415846 0.430318
-0.358448 0.415452 0.430283
-0.358640 0.415168 0.430268
-0.359086 0.414751 0.430219
-0.359207 0.414589 0.430197
-0.359550 0.414208 0.430121
-0.359635 0.413982 0.430094
-0.359860 0.413615 0.430082
-0.359995 0.413375 0.430104
-0.360336 0.413009 0.430130
-0.361146 0.411896 0.429928
-0.361201 0.411452 0.429986
-0.361415 0.411523 0.429935
-0.361838 0.411520 0.429881
-0.362455 0.411444 0.429782
-0.363426 0.411347 0.429660
-0.364020 0.411496 0.429523
-0.364490 0.411550 0.429484
-0.365297 0.411635 0.429378
-0.365997 0.411726 0.429186
-0.366279 0.411702 0.429167
-0.366926 0.409656 0.429619
-0.367129 0.409051 0.429803
-0.367506 0.406506 0.430546
-0.367686 0.405809 0.430777
-0.368002 0.403259 0.431587
-0.368703 0.402411 0.432483
-0.369339 0.402748 0.432657
-0.370179 0.403278 0.432598
-0.370943 0.403619 0.432506
-0.371965 0.403830 0.432266
-0.372856 0.404082 0.432073
-0.373783 0.404140 0.431863
-0.374278 0.404193 0.431798
-0.374451 0.405279 0.431523
-0.374945 0.406800 0.430984
-0.375185 0.408144 0.430520
-0.375893 0.409687 0.429740
-0.376231 0.411157 0.429198
-0.377017 0.413034 0.428266
-0.377504 0.414458 0.427662
-0.378470 0.416390 0.426593
-0.378890 0.417911 0.425881
-0.380742 0.420553 0.423974
-0.383092 0.420791 0.422551
-0.385415 0.420641 0.421662
-0.387502 0.420333 0.420923
-0.389583 0.420235 0.420613
-0.390564 0.420264 0.420477
-0.392017 0.420283 0.420169
-0.393105 0.420657 0.419984
-0.394574 0.421085 0.419820
-0.395878 0.421462 0.419558
-0.397045 0.421461 0.419489
-0.398450 0.421019 0.419434
-0.398864 0.421317 0.419515
-0.399616 0.421544 0.419368
-0.400587 0.421186 0.419318
-0.401260 0.421542 0.419513
-0.402111 0.421660 0.419217
-0.402900 0.421877 0.418970
-0.403901 0.421942 0.418679
-0.404674 0.421704 0.418670
-0.405615 0.421528 0.418582
