-0.080731 0.886043 0.407062
-0.080911 0.886027 0.407052
-0.081393 0.885931 0.407042
-0.081781 0.885892 0.407025
-0.082108 0.885809 0.407021
-0.082626 0.885752 0.406998
-0.082832 0.885684 0.406996
-0.083354 0.885614 0.406972
-0.083584 0.885520 0.406972
-0.084085 0.885448 0.406948
-0.084310 0.885348 0.406947
-0.084810 0.885273 0.406922
-0.084973 0.885210 0.406919
-0.085911 0.884760 0.406914
-0.088096 0.883558 0.407034
-0.088175 0.883368 0.407083
-0.089879 0.882230 0.407188
-0.090926 0.881132 0.407410
-0.090962 0.880859 0.407486
-0.092567 0.879563 0.407647
-0.093391 0.878267 0.407933
-0.093333 0.877929 0.408027
-0.094958 0.875904 0.408354
-0.095039 0.874591 0.408678
-0.094870 0.874225 0.408776
-0.096123 0.872684 0.408997
-0.096380 0.870681 0.409445
-0.096166 0.870292 0.409543
-0.096814 0.869451 0.409655
-0.097828 0.867023 0.410112
-0.097640 0.866581 0.410216
-0.098295 0.865683 0.410338
-0.099043 0.862683 0.410918
-0.098520 0.861875 0.411100
-0.097942 0.860614 0.411359
-0.097579 0.860076 0.411464
-0.097291 0.859062 0.411645
-0.097199 0.858878 0.411676
-0.097230 0.858055 0.411800
-0.097189 0.857926 0.411818
-0.097483 0.857355 0.411886
-0.097478 0.857258 0.411897
-0.097928 0.856876 0.411927
-0.097951 0.856793 0.411935
-0.098508 0.856439 0.411953
-0.098534 0.856369 0.411959
-0.099135 0.856072 0.411963
-0.099169 0.856009 0.411967
-0.099774 0.855765 0.411964
-0.099822 0.855702 0.411967
-0.100749 0.855122 0.411997
-0.102870 0.853428 0.412219
-0.102863 0.853217 0.412260
-0.103710 0.852498 0.412329
-0.105422 0.850592 0.412622
-0.105164 0.849744 0.412799
-0.105153 0.849117 0.412916
-0.104930 0.848577 0.413012
-0.105085 0.848154 0.413073
-0.104970 0.847664 0.413148
-0.105254 0.847382 0.413176
-0.105299 0.847276 0.413188
-0.107021 0.846064 0.413293
-0.108125 0.844989 0.413458
-0.108104 0.844294 0.413590
-0.108259 0.843799 0.413672
-0.109128 0.843127 0.413736
-0.110319 0.841983 0.413886
-0.110737 0.840541 0.414157
-0.110652 0.840323 0.414196
-0.111444 0.839561 0.414279
-0.113049 0.837572 0.414591
-0.112779 0.836709 0.414756
-0.112696 0.835940 0.414891
-0.112467 0.835452 0.414968
-0.112640 0.835074 0.415019
-0.112611 0.834715 0.415066
-0.112919 0.834441 0.415094
-0.112988 0.834161 0.415125
-0.113371 0.833948 0.415140
-0.113498 0.833714 0.415161
-0.114129 0.833275 0.415152
-0.114583 0.833235 0.415142
-0.114799 0.833127 0.415145
-0.115387 0.833043 0.415137
-0.115559 0.832921 0.415141
-0.116126 0.832813 0.415132
-0.116205 0.832760 0.415133
-0.117148 0.832130 0.415187
-0.119324 0.830412 0.415439
-0.119337 0.830212 0.415476
-0.120195 0.829447 0.415565
-0.121929 0.827271 0.415933
-0.121869 0.827007 0.415984
-0.122659 0.826176 0.416091
-0.123876 0.823325 0.416608
-0.123681 0.822495 0.416769
-0.123922 0.822138 0.416833
-0.124469 0.822043 0.416852
-0.125033 0.822045 0.416846
-0.125983 0.821454 0.416916
-0.126861 0.820878 0.416996
-0.128214 0.819710 0.417207
-0.129116 0.818955 0.417317
-0.130425 0.816707 0.417728
-0.131867 0.815116 0.417984
-0.132091 0.813297 0.418324
-0.133429 0.811593 0.418604
-0.133504 0.809622 0.418960
-0.135028 0.807229 0.419368
-0.134612 0.805531 0.419661
-0.136120 0.803189 0.420057
-0.135750 0.801537 0.420327
-0.137046 0.799816 0.420615
-0.136775 0.797306 0.421016
-0.135802 0.796053 0.421156
-0.135070 0.795083 0.421245
-0.134675 0.794425 0.421298
-0.135123 0.794232 0.420015
-0.134854 0.794804 0.419455
-0.134337 0.795721 0.418593
-0.133583 0.796956 0.417456
-0.132881 0.798090 0.416416
-0.132110 0.799301 0.415314
-0.131179 0.800699 0.414053
-0.130270 0.802040 0.412851
-0.129366 0.803349 0.411683
-0.128569 0.804501 0.410657
-0.127714 0.805706 0.409590
-0.126821 0.806936 0.408509
-0.125776 0.808325 0.407301
-0.124891 0.809500 0.406281
-0.123966 0.810705 0.405243
-0.123011 0.811922 0.404200
-0.121904 0.813290 0.403045
-0.120969 0.814443 0.402072
-0.119863 0.815764 0.400972
-0.118919 0.816891 0.400035
-0.117796 0.818189 0.398972
-0.116834 0.819299 0.398064
-0.115824 0.820442 0.397137
-0.114781 0.821602 0.396208
-0.113716 0.822766 0.395283
-0.112491 0.824068 0.394267
-0.111460 0.825164 0.393413
-0.110389 0.826283 0.392549
-0.109145 0.827547 0.391594
-0.108092 0.828616 0.390785
-0.104640 0.825094 0.389529
-0.103379 0.824478 0.388898
-0.102662 0.824590 0.388453
-0.102142 0.824894 0.388242
-0.101677 0.825295 0.388198
-0.101235 0.825520 0.388224
-0.100741 0.825789 0.388305
-0.100239 0.825991 0.388406
-0.099900 0.826090 0.388484
-0.099454 0.826169 0.388592
-0.099156 0.826164 0.388669
-0.098916 0.826050 0.388717
-0.098716 0.825841 0.388751
-0.098527 0.825592 0.388778
-0.098368 0.825274 0.388792
-0.098264 0.824885 0.388788
-0.098164 0.824491 0.388780
-0.098124 0.823988 0.388744
-0.098146 0.823560 0.388695
-0.098149 0.823097 0.388644
-0.098215 0.822516 0.388568
-0.098274 0.821986 0.388490
-0.098324 0.821454 0.388415
-0.098374 0.820891 0.388334
-0.098437 0.820241 0.388239
-0.098508 0.819613 0.388142
-0.098551 0.819070 0.388068
-0.098604 0.818490 0.387990
-0.098652 0.817799 0.387909
-0.098715 0.817146 0.387823
-0.098789 0.816564 0.387741
-0.098929 0.815864 0.387625
-0.099030 0.815278 0.387538
-0.099202 0.814576 0.387414
-0.099368 0.813920 0.387298
-0.099501 0.813278 0.387197
-0.099591 0.812724 0.387120
-0.099708 0.812063 0.387028
-0.099827 0.811500 0.386946
-0.099941 0.810850 0.386857
-0.100069 0.810302 0.386773
-0.100215 0.809672 0.386676
-0.100328 0.809151 0.386601
-0.100422 0.808632 0.386533
-0.100530 0.808030 0.386456
-0.100638 0.807462 0.386382
-0.100716 0.806993 0.386328
-0.100782 0.806504 0.386276
-0.100867 0.805926 0.386215
-0.100921 0.805440 0.386166
-0.100999 0.804864 0.386108
-0.101086 0.804314 0.386045
-0.101130 0.803865 0.386005
-0.101171 0.803390 0.385963
-0.101188 0.802920 0.385930
-0.101194 0.802373 0.385898
-0.101182 0.801918 0.385876
-0.101174 0.801452 0.385852
-0.101169 0.800902 0.385819
-0.101157 0.800465 0.385798
-0.101121 0.799962 0.385780
-0.101103 0.799544 0.385764
-0.101070 0.799030 0.385741
-0.101057 0.798536 0.385716
-0.101032 0.798126 0.385699
-0.100975 0.797702 0.385691
-0.100919 0.797261 0.385680
-0.100873 0.796809 0.385663
-0.100830 0.796286 0.385640
-0.100771 0.795849 0.385623
-0.100782 0.795735 0.385628
-0.100708 0.795476 0.385640
-0.100611 0.795120 0.385645
-0.100518 0.794757 0.385644
-0.100417 0.794348 0.385640
-0.100305 0.793847 0.385628
-0.100216 0.793349 0.385606
-0.100137 0.792856 0.385579
-0.100058 0.792433 0.385557
-0.099955 0.791913 0.385528
-0.099860 0.791463 0.385502
-0.099745 0.790991 0.385477
-0.099622 0.790512 0.385451
-0.099509 0.790017 0.385419
-0.099392 0.789509 0.385384
-0.099252 0.788919 0.385343
-0.099136 0.788429 0.385308
-0.099004 0.787922 0.385273
-0.098860 0.787312 0.385225
-0.098732 0.786715 0.385174
-0.098605 0.786212 0.385133
-0.098463 0.785690 0.385094
-0.098298 0.785067 0.385042
-0.098170 0.784537 0.384995
-0.098009 0.783916 0.384941
-0.097865 0.783399 0.384898
-0.097707 0.782866 0.384855
-0.097529 0.782230 0.384800
-0.097372 0.781617 0.384740
-0.097232 0.781016 0.384676
-0.097050 0.780535 0.384646
-0.096866 0.780196 0.384642
-0.096640 0.779839 0.384651
-0.096428 0.779512 0.384662
-0.096249 0.779235 0.384670
-0.096030 0.778901 0.384682
-0.095846 0.778603 0.384689
-0.095637 0.778236 0.384693
-0.095478 0.777911 0.384690
-0.095303 0.777512 0.384681
-0.095143 0.777117 0.384667
-0.094997 0.776770 0.384657
-0.094826 0.776406 0.384651
-0.094634 0.775970 0.384641
-0.094458 0.775540 0.384626
-0.094300 0.775166 0.384614
-0.094105 0.774720 0.384601
-0.093931 0.774337 0.384591
-0.093712 0.773876 0.384580
-0.093535 0.773481 0.384568
-0.093343 0.773072 0.384557
-0.093127 0.772596 0.384541
-0.092951 0.772196 0.384528
-0.092740 0.771725 0.384514
-0.092569 0.771261 0.384491
-0.092422 0.770866 0.384470
-0.092251 0.770399 0.384445
-0.092119 0.770001 0.384419
-0.091973 0.769591 0.384396
-0.091796 0.769104 0.384368
-0.091625 0.768642 0.384342
-0.091466 0.768241 0.384322
-0.091282 0.767818 0.384305
-0.091056 0.767327 0.384288
-0.090854 0.766853 0.384267
-0.090671 0.766385 0.384241
-0.090501 0.765926 0.384213
-0.090329 0.765469 0.384186
-0.090167 0.765070 0.384166
-0.089978 0.764648 0.384150
-0.089781 0.764211 0.384133
-0.089559 0.763694 0.384111
-0.089360 0.763194 0.384085
-0.089183 0.762758 0.384065
-0.088989 0.762296 0.384045
-0.088782 0.761823 0.384026
-0.088540 0.761264 0.384003
-0.088347 0.760795 0.383983
-0.088135 0.760314 0.383965
-0.087908 0.759821 0.383949
-0.087676 0.759320 0.383933
-0.087441 0.758809 0.383917
-0.087181 0.758203 0.383896
-0.086949 0.757619 0.383872
-0.086755 0.757113 0.383851
-0.086514 0.756516 0.383828
-0.086313 0.756004 0.383809
-0.086082 0.755381 0.383786
-0.085899 0.754849 0.383762
-0.085675 0.754220 0.383734
-0.085487 0.753684 0.383710
-0.085251 0.753038 0.383682
-0.085055 0.752504 0.383659
-0.084805 0.751875 0.383635
-0.084599 0.751341 0.383614
-0.084375 0.750788 0.383594
-0.084148 0.750221 0.383573
-0.083882 0.749563 0.383550
-0.083636 0.748933 0.383528
-0.083402 0.748309 0.383506
-0.083200 0.747769 0.383487
-0.082969 0.747195 0.383472
-0.082721 0.746600 0.383459
-0.082448 0.745902 0.383441
-0.082237 0.745318 0.383421
-0.081989 0.744617 0.383398
-0.081751 0.743937 0.383376
-0.081541 0.743345 0.383360
-0.081287 0.742617 0.383341
-0.081084 0.741986 0.383322
-0.080842 0.741222 0.383302
-0.080627 0.740468 0.383279
-0.080425 0.739722 0.383256
-0.080239 0.739080 0.383237
-0.080013 0.738310 0.383219
-0.079818 0.737651 0.383205
-0.079601 0.736965 0.383196
-0.079359 0.736162 0.383185
-0.079152 0.735388 0.383170
-0.078970 0.734726 0.383159
-0.078753 0.733936 0.383147
-0.078571 0.733261 0.383137
-0.078374 0.732562 0.383127
-0.078148 0.731751 0.383115
-0.077969 0.731066 0.383104
-0.077786 0.730368 0.383092
-0.077608 0.729646 0.383079
-0.077407 0.728817 0.383063
-0.077240 0.728130 0.383053
-0.077028 0.727316 0.383045
-0.076848 0.726636 0.383041
-0.076653 0.725943 0.383040
-0.076441 0.725236 0.383043
-0.076199 0.724416 0.383044
-0.076003 0.723742 0.383045
-0.075764 0.722951 0.383049
-0.075573 0.722287 0.383053
-0.075358 0.721597 0.383061
-0.075129 0.720892 0.383074
-0.074897 0.720173 0.383090
-0.074670 0.719446 0.383105
-0.074443 0.718728 0.383120
-0.074222 0.718002 0.383132
-0.073971 0.717162 0.383143
-0.073776 0.716461 0.383149
-0.073558 0.715637 0.383152
-0.073388 0.714939 0.383153
-0.073185 0.714103 0.383154
-0.073001 0.713278 0.383151
-0.072818 0.712477 0.383149
-0.072641 0.711682 0.383146
-0.072487 0.710989 0.383143
-0.072325 0.710255 0.383142
-0.072156 0.709375 0.383136
-0.072014 0.708526 0.383127
-0.071892 0.707804 0.383118
-0.071745 0.706937 0.383108
-0.071626 0.706201 0.383098
-0.071500 0.705427 0.383088
-0.071378 0.704642 0.383074
-0.071261 0.703850 0.383058
-0.071141 0.703061 0.383041
-0.071013 0.702156 0.383019
-0.070900 0.701281 0.382996
-0.070798 0.700544 0.382980
-0.070666 0.699789 0.382971
-0.070511 0.698890 0.382962
-0.070378 0.698028 0.382951
-0.070261 0.697302 0.382945
-0.070116 0.696439 0.382938
-0.069988 0.695597 0.382925
-0.069879 0.694868 0.382914
-0.069753 0.693987 0.382899
-0.069654 0.693242 0.382884
-0.069540 0.692348 0.382866
-0.069456 0.691598 0.382848
-0.069359 0.690712 0.382825
-0.069269 0.689960 0.382807
-0.069165 0.689185 0.382790
-0.069059 0.688281 0.382767
-0.068967 0.687423 0.382745
-0.068884 0.686699 0.382729
-0.068787 0.685834 0.382711
-0.068710 0.684995 0.382690
-0.068635 0.684172 0.382671
-0.068563 0.683348 0.382649
-0.068500 0.682625 0.382629
-0.068428 0.681856 0.382607
-0.068356 0.681066 0.382584
-0.068292 0.680133 0.382549
-0.068246 0.679238 0.382512
-0.068208 0.678356 0.382472
-0.068169 0.677473 0.382432
-0.068133 0.676708 0.382399
-0.068095 0.675893 0.382363
-0.068070 0.674921 0.382314
-0.068057 0.673991 0.382266
-0.068039 0.673207 0.382227
-0.068021 0.672391 0.382188
-0.068002 0.671546 0.382147
-0.067985 0.670698 0.382106
-0.067972 0.669844 0.382062
-0.067969 0.668867 0.382007
-0.067974 0.667928 0.381949
-0.067975 0.667131 0.381900
-0.067979 0.666181 0.381842
-0.067990 0.665276 0.381786
-0.067995 0.664401 0.381734
-0.067992 0.663645 0.381690
-0.067990 0.662723 0.381634
-0.068002 0.661825 0.381576
-0.068009 0.661058 0.381526
-0.068025 0.660117 0.381462
-0.068039 0.659305 0.381407
-0.068044 0.658462 0.381351
-0.068057 0.657590 0.381293
-0.068093 0.656567 0.381218
-0.068134 0.655589 0.381144
-0.068161 0.654759 0.381083
-0.068199 0.653766 0.381007
-0.068244 0.652805 0.380931
-0.068283 0.651993 0.380866
-0.068322 0.651145 0.380799
-0.068368 0.650260 0.380728
-0.068436 0.649220 0.380640
-0.068498 0.648228 0.380556
-0.068540 0.647392 0.380489
-0.068607 0.646375 0.380403
-0.068659 0.645518 0.380332
-0.068728 0.644493 0.380245
-0.068782 0.643635 0.380174
-0.068851 0.642594 0.380085
-0.068907 0.641711 0.380010
-0.068967 0.640785 0.379932
-0.069033 0.639827 0.379850
-0.069127 0.638705 0.379750
-0.069204 0.637770 0.379667
-0.069280 0.636809 0.379584
-0.069379 0.635678 0.379483
-0.069458 0.634729 0.379399
-0.069560 0.633588 0.379298
-0.069666 0.632477 0.379196
-0.069742 0.631531 0.379113
-0.069839 0.630397 0.379011
-0.069915 0.629436 0.378927
-0.070013 0.628285 0.378823
-0.070112 0.627162 0.378721
-0.070213 0.626055 0.378622
-0.070298 0.625095 0.378539
-0.070414 0.623920 0.378435
-0.070513 0.622929 0.378347
-0.070613 0.621897 0.378257
-0.070720 0.620846 0.378163
-0.070863 0.619620 0.378049
-0.070977 0.618611 0.377957
-0.071091 0.617571 0.377863
-0.071211 0.616498 0.377765
-0.071338 0.615411 0.377665
-0.071499 0.614145 0.377545
-0.071626 0.613109 0.377448
-0.071750 0.612041 0.377351
-0.071906 0.610768 0.377232
-0.072027 0.609714 0.377136
-0.072154 0.608644 0.377037
-0.072321 0.607400 0.376918
-0.072454 0.606372 0.376821
-0.072614 0.605165 0.376706
-0.072744 0.604149 0.376611
-0.072875 0.603083 0.376512
-0.073013 0.601986 0.376410
-0.073194 0.600711 0.376289
-0.073373 0.599511 0.376173
-0.073512 0.598503 0.376080
-0.073686 0.597293 0.375967
-0.073868 0.596113 0.375855
-0.074016 0.595106 0.375763
-0.074170 0.594050 0.375666
-0.074338 0.592963 0.375566
-0.074550 0.591685 0.375444
-0.074756 0.590473 0.375328
-0.074920 0.589445 0.375232
-0.075125 0.588204 0.375117
-0.075322 0.587018 0.375006
-0.075508 0.585853 0.374902
-0.075664 0.584856 0.374813
-0.075864 0.583649 0.374704
-0.076059 0.582483 0.374599
-0.076213 0.581490 0.374515
-0.076415 0.580268 0.374410
-0.076616 0.579077 0.374309
-0.076782 0.578056 0.374224
-0.076955 0.576984 0.374137
-0.077135 0.575883 0.374047
-0.077323 0.574750 0.373954
-0.077566 0.573427 0.373839
-0.077807 0.572168 0.373730
-0.078041 0.570942 0.373624
-0.078271 0.569726 0.373520
-0.078451 0.568677 0.373434
-0.078679 0.567401 0.373328
-0.078911 0.566168 0.373224
-0.079142 0.564960 0.373124
-0.079373 0.563754 0.373025
-0.079561 0.562728 0.372942
-0.079756 0.561643 0.372857
-0.079958 0.560525 0.372768
-0.080211 0.559209 0.372661
-0.080456 0.557960 0.372557
-0.080693 0.556742 0.372457
-0.080924 0.555557 0.372361
-0.081109 0.554536 0.372284
-0.081339 0.553289 0.372187
-0.081561 0.552082 0.372093
-0.081740 0.551062 0.372018
-0.081961 0.549834 0.371925
-0.082176 0.548640 0.371835
-0.082389 0.547467 0.371747
-0.082565 0.546461 0.371673
-0.082748 0.545412 0.371598
-0.082934 0.544332 0.371523
-0.083159 0.543072 0.371435
-0.083338 0.542021 0.371365
-0.083559 0.540763 0.371281
-0.083777 0.539555 0.371201
-0.083954 0.538524 0.371136
-0.084182 0.537267 0.371055
-0.084407 0.536037 0.370974
-0.084626 0.534835 0.370896
-0.084840 0.533652 0.370819
-0.085020 0.532622 0.370754
-0.085259 0.531355 0.370671
-0.085492 0.530128 0.370590
-0.085686 0.529073 0.370525
-0.085891 0.527967 0.370456
-0.086153 0.526646 0.370371
-0.086369 0.525549 0.370303
-0.086593 0.524410 0.370235
-0.086876 0.523066 0.370151
-0.087110 0.521947 0.370083
-0.087395 0.520627 0.370002
-0.087674 0.519365 0.369924
-0.087901 0.518305 0.369862
-0.088179 0.517017 0.369786
-0.088456 0.515759 0.369713
-0.088688 0.514671 0.369652
-0.088980 0.513349 0.369578
-0.089226 0.512238 0.369517
-0.089531 0.510917 0.369443
-0.089837 0.509643 0.369372
-0.090095 0.508556 0.369315
-0.090363 0.507423 0.369256
-0.090645 0.506250 0.369197
-0.090990 0.504865 0.369126
-0.091326 0.503541 0.369059
-0.091601 0.502436 0.369007
-0.091887 0.501284 0.368955
-0.092185 0.500097 0.368902
-0.092553 0.498698 0.368839
-0.092857 0.497539 0.368791
-0.093175 0.496341 0.368742
-0.093563 0.494938 0.368683
-0.093942 0.493598 0.368629
-0.094316 0.492295 0.368577
-0.094630 0.491169 0.368535
-0.095023 0.489792 0.368482
-0.095352 0.488634 0.368441
-0.095769 0.487225 0.368391
-0.096121 0.486045 0.368352
-0.096494 0.484809 0.368313
-0.096885 0.483549 0.368275
-0.097289 0.482270 0.368238
-0.097775 0.480785 0.368195
-0.098255 0.479379 0.368157
-0.098739 0.478006 0.368123
-0.099150 0.476843 0.368098
-0.099597 0.475612 0.368073
-0.100150 0.474136 0.368041
-0.100618 0.472908 0.368020
-0.101119 0.471632 0.367999
-0.101651 0.470314 0.367979
-0.102298 0.468758 0.367954
-0.102838 0.467479 0.367938
-0.103499 0.465961 0.367918
-0.104062 0.464711 0.367906
-0.104659 0.463423 0.367896
-0.105392 0.461902 0.367885
-0.106010 0.460658 0.367880
-0.106749 0.459179 0.367873
-0.107386 0.457946 0.367872
-0.108202 0.456449 0.367872
-0.108906 0.455205 0.367876
-0.109662 0.453912 0.367881
-0.110455 0.452591 0.367888
-0.111415 0.451043 0.367894
-0.112172 0.449803 0.367902
-0.113110 0.448326 0.367910
-0.114022 0.446909 0.367918
-0.114822 0.445714 0.367929
-0.115811 0.444261 0.367938
-0.116774 0.442874 0.367949
-0.117729 0.441516 0.367961
-0.118565 0.440351 0.367975
-0.119620 0.438915 0.367987
-0.120648 0.437528 0.368000
-0.121656 0.436174 0.368014
-0.122642 0.434843 0.368028
-0.123481 0.433718 0.368041
-0.124383 0.432536 0.368052
-0.125335 0.431322 0.368062
-0.126305 0.430098 0.368071
-0.127283 0.428886 0.368080
-0.128246 0.427696 0.368089
-0.129349 0.426347 0.368097
-0.130238 0.425291 0.368107
-0.131287 0.424051 0.368115
-0.132145 0.423050 0.368124
-0.133154 0.421860 0.368131
-0.133703 0.421591 0.368188
-0.134265 0.421505 0.368283
-0.134768 0.421513 0.368377
-0.135206 0.421543 0.368455
-0.135715 0.421609 0.368544
-0.136189 0.421700 0.368631
-0.136608 0.421768 0.368700
-0.137053 0.421827 0.368768
-0.137576 0.421900 0.368844
-0.138071 0.421973 0.368915
-0.138542 0.422040 0.368980
-0.138967 0.422082 0.369031
-0.139476 0.422118 0.369087
-0.139915 0.422137 0.369131
-0.140442 0.422146 0.369179
-0.140944 0.422153 0.369225
-0.141385 0.422143 0.369261
-0.141858 0.422112 0.369292
-0.142417 0.422069 0.369325
-0.142891 0.422026 0.369350
-0.143472 0.421952 0.369374
-0.143958 0.421885 0.369392
-0.144547 0.421784 0.369409
-0.145057 0.421692 0.369421
-0.145603 0.421577 0.369431
-0.146243 0.421437 0.369440
-0.146773 0.421323 0.369448
-0.147385 0.421176 0.369454
-0.147897 0.421052 0.369459
-0.148497 0.420893 0.369461
-0.149001 0.420755 0.369462
-0.149525 0.420602 0.369460
-0.150143 0.420416 0.369455
-0.150663 0.420263 0.369451
-0.151280 0.420067 0.369445
-0.151884 0.419874 0.369438
-0.152404 0.419706 0.369431
-0.152962 0.419518 0.369421
-0.153548 0.419317 0.369410
-0.154227 0.419083 0.369395
-0.154797 0.418887 0.369383
-0.155375 0.418677 0.369368
-0.155960 0.418461 0.369353
-0.156562 0.418237 0.369335
-0.157161 0.418008 0.369317
-0.157840 0.417744 0.369297
-0.158396 0.417532 0.369282
-0.159058 0.417267 0.369263
-0.159696 0.417013 0.369244
-0.160330 0.416758 0.369225
-0.160953 0.416502 0.369205
-0.161566 0.416244 0.369185
-0.162162 0.415990 0.369166
-0.162699 0.415763 0.369150
-0.163294 0.415503 0.369130
-0.163899 0.415235 0.369108
-0.164580 0.414928 0.369087
-0.165240 0.414637 0.369067
-0.165814 0.414384 0.369050
-0.166510 0.414066 0.369027
-0.167109 0.413801 0.369009
-0.167741 0.413514 0.368987
-0.168395 0.413217 0.368962
-0.169152 0.412866 0.368933
-0.169859 0.412545 0.368908
-0.170553 0.412230 0.368882
-0.171155 0.411954 0.368862
-0.171890 0.411605 0.368836
-0.172514 0.411311 0.368814
-0.173170 0.410993 0.368791
-0.173937 0.410615 0.368765
-0.174654 0.410266 0.368742
-0.175338 0.409934 0.368721
-0.176020 0.409596 0.368699
-0.176620 0.409298 0.368678
-0.177352 0.408920 0.368650
-0.177967 0.408606 0.368626
-0.178721 0.408210 0.368596
-0.179361 0.407879 0.368570
-0.180037 0.407525 0.368542
-0.180822 0.407103 0.368510
-0.181574 0.406706 0.368481
-0.182315 0.406311 0.368451
-0.183043 0.405921 0.368420
-0.183672 0.405585 0.368392
-0.184439 0.405160 0.368357
-0.185169 0.404755 0.368322
-0.185900 0.404344 0.368286
-0.186539 0.403984 0.368252
-0.187223 0.403590 0.368215
-0.188030 0.403116 0.368171
-0.188793 0.402675 0.368129
-0.189442 0.402301 0.368093
-0.190230 0.401828 0.368048
-0.190990 0.401374 0.368003
-0.191740 0.400921 0.367956
-0.192487 0.400460 0.367909
-0.193155 0.400047 0.367868
-0.193981 0.399515 0.367814
-0.194775 0.399003 0.367762
-0.195445 0.398576 0.367719
-0.196157 0.398112 0.367672
-0.196888 0.397630 0.367625
-0.197737 0.397061 0.367571
-0.198441 0.396601 0.367529
-0.199278 0.396039 0.367479
-0.199982 0.395579 0.367437
-0.200723 0.395091 0.367391
-0.201483 0.394591 0.367345
-0.202255 0.394086 0.367299
-0.203155 0.393492 0.367248
-0.203900 0.393017 0.367210
-0.204787 0.392454 0.367168
-0.205532 0.392000 0.367131
-0.206309 0.391521 0.367092
-0.207106 0.391036 0.367054
-0.208028 0.390591 0.367010
-0.208892 0.390376 0.366975
-0.209737 0.390279 0.366943
-0.210569 0.390238 0.366913
-0.211296 0.390227 0.366886
-0.212184 0.390216 0.366851
-0.212945 0.390230 0.366821
-0.213745 0.390238 0.366789
-0.214684 0.390255 0.366751
-0.215479 0.390285 0.366720
-0.216427 0.390317 0.366683
-0.217228 0.390361 0.366653
-0.218196 0.390406 0.366619
-0.218883 0.390455 0.366594
-0.219922 0.390495 0.366559
-0.220887 0.390574 0.366530
-0.221708 0.390640 0.366507
-0.222577 0.390688 0.366482
-0.223477 0.390730 0.366456
-0.224404 0.390768 0.366432
-0.225479 0.390835 0.366407
-0.226361 0.390915 0.366385
-0.227283 0.390987 0.366362
-0.228230 0.391053 0.366339
-0.229321 0.391141 0.366313
-0.230366 0.391242 0.366290
-0.231265 0.391324 0.366271
-0.232337 0.391402 0.366250
-0.233244 0.391481 0.366235
-0.234337 0.391562 0.366218
-0.235267 0.391633 0.366204
-0.236394 0.391700 0.366187
-0.237342 0.391776 0.366172
-0.238476 0.391853 0.366157
-0.239561 0.391948 0.366145
-0.240509 0.392032 0.366132
-0.241508 0.392101 0.366119
-0.242549 0.392162 0.366106
-0.243772 0.392240 0.366095
-0.244934 0.392341 0.366090
-0.245932 0.392423 0.366086
-0.247127 0.392498 0.366084
-0.248147 0.392575 0.366083
-0.249370 0.392662 0.366086
-0.250405 0.392756 0.366088
-0.251500 0.392836 0.366092
-0.252786 0.392925 0.366099
-0.254017 0.393033 0.366107
-0.255072 0.393126 0.366114
-0.256194 0.393200 0.366123
-0.257351 0.393269 0.366134
-0.258533 0.393346 0.366146
-0.259900 0.393452 0.366165
-0.261035 0.393560 0.366180
-0.262212 0.393663 0.366194
-0.263418 0.393758 0.366212
-0.264819 0.393864 0.366236
-0.265985 0.393954 0.366259
-0.267196 0.394016 0.366286
-0.268609 0.394073 0.366324
-0.269768 0.394122 0.366359
-0.270968 0.394143 0.366397
-0.272198 0.394148 0.366439
-0.273625 0.394162 0.366490
-0.274815 0.394186 0.366534
-0.276230 0.394195 0.366589
-0.277426 0.394217 0.366635
-0.278854 0.394223 0.366693
-0.280053 0.394233 0.366744
-0.281308 0.394214 0.366799
-0.282769 0.394186 0.366867
-0.284162 0.394184 0.366935
-0.285508 0.394185 0.367006
-0.286657 0.394182 0.367066
-0.287858 0.394162 0.367132
-0.289095 0.394136 0.367204
-0.290524 0.394107 0.367296
-0.291708 0.394097 0.367373
-0.293123 0.394050 0.367474
-0.294477 0.394010 0.367579
-0.295642 0.393974 0.367670
-0.296865 0.393905 0.367768
-0.298292 0.393819 0.367893
-0.299660 0.393761 0.368019
-0.300841 0.393712 0.368126
-0.302081 0.393628 0.368238
-0.303552 0.393517 0.368376
-0.304942 0.393438 0.368509
-0.306123 0.393381 0.368621
-0.307359 0.393290 0.368741
-0.308805 0.393181 0.368886
-0.310010 0.393112 0.369010
-0.311259 0.393024 0.369140
-0.312540 0.392939 0.369273
-0.314013 0.392852 0.369431
-0.315229 0.392807 0.369557
-0.316482 0.392729 0.369690
-0.317935 0.392621 0.369851
-0.319140 0.392549 0.369988
-0.320538 0.392448 0.370152
-0.321700 0.392374 0.370286
-0.322897 0.392280 0.370425
-0.324111 0.392182 0.370565
-0.325514 0.392071 0.370733
-0.326675 0.391989 0.370873
-0.327878 0.391872 0.371023
-0.329265 0.391725 0.371204
-0.330409 0.391616 0.371355
-0.331593 0.391483 0.371513
-0.332966 0.391319 0.371703
-0.334258 0.391181 0.371884
-0.335350 0.391060 0.372036
-0.336649 0.390879 0.372221
-0.337889 0.390723 0.372401
-0.339097 0.390571 0.372581
-0.340141 0.390423 0.372736
-0.341401 0.390226 0.372924
-0.342466 0.390075 0.373083
-0.343584 0.389902 0.373251
-0.344884 0.389704 0.373447
-0.346129 0.389529 0.373638
-0.347191 0.389380 0.373803
-0.348460 0.389172 0.374006
-0.349678 0.388993 0.374203
-0.350865 0.388817 0.374401
-0.351889 0.388669 0.374570
-0.352973 0.388492 0.374749
-0.354240 0.388280 0.374959
-0.355126 0.388153 0.375102
-0.356288 0.387937 0.375296
-0.357444 0.387738 0.375490
-0.358586 0.387548 0.375685
-0.359713 0.387364 0.375879
-0.360838 0.387181 0.376071
-0.361964 0.387003 0.376260
-0.363087 0.386830 0.376450
-0.364211 0.386657 0.376643
-0.365332 0.386491 0.376839
-0.366448 0.386327 0.377036
-0.367707 0.386140 0.377262
-0.368569 0.386031 0.377412
-0.369701 0.385843 0.377609
-0.370972 0.385646 0.377833
-0.372016 0.385498 0.378016
-0.372914 0.385353 0.378173
-0.374069 0.385130 0.378379
-0.375013 0.384969 0.378544
-0.376361 0.384727 0.378787
-0.377418 0.384580 0.378976
-0.378636 0.384397 0.379198
-0.379481 0.384286 0.379347
-0.380593 0.384087 0.379545
-0.381845 0.383873 0.379768
-0.383020 0.383687 0.379978
-0.383860 0.383548 0.380127
-0.385126 0.383258 0.380362
-0.386164 0.383045 0.380553
-0.387376 0.382783 0.380781
-0.388387 0.382575 0.380969
-0.389436 0.382340 0.381162
-0.390502 0.382093 0.381361
-0.391585 0.381846 0.381564
-0.392828 0.381566 0.381799
-0.394003 0.381309 0.382026
-0.395000 0.381082 0.382217
-0.396186 0.380773 0.382448
-0.397189 0.380520 0.382645
-0.398235 0.380227 0.382855
-0.399135 0.379976 0.383032
-0.400467 0.379561 0.383306
-0.401541 0.379270 0.383524
-0.402787 0.378908 0.383786
-0.403663 0.378674 0.383967
-0.404814 0.378300 0.384213
-0.405771 0.377998 0.384417
-0.406976 0.377573 0.384684
-0.408139 0.377179 0.384945
-0.409277 0.376793 0.385208
-0.410553 0.376358 0.385512
-0.411740 0.375979 0.385792
-0.412734 0.375659 0.386026
-0.413757 0.375294 0.386271
-0.414940 0.374852 0.386556
-0.415761 0.374575 0.386744
-0.416835 0.374146 0.386994
-0.417896 0.373731 0.387243
-0.419078 0.373275 0.387527
-0.419883 0.372989 0.387715
-0.420920 0.372551 0.387968
-0.421929 0.372137 0.388217
-0.423069 0.371669 0.388503
-0.423848 0.371375 0.388695
-0.424992 0.370873 0.388983
-0.425764 0.370563 0.389169
-0.426893 0.370038 0.389448
-0.427643 0.369718 0.389627
-0.428734 0.369170 0.389895
-0.429468 0.368826 0.390069
-0.430406 0.368331 0.390299
-0.431168 0.367947 0.390483
-0.432255 0.367382 0.390755
-0.432972 0.367060 0.390929
-0.434013 0.366567 0.391193
-0.434836 0.366245 0.391402
-0.435648 0.365944 0.391610
-0.436449 0.365658 0.391818
-0.437352 0.365345 0.392056
-0.438081 0.365114 0.392247
-0.438930 0.364839 0.392473
-0.439724 0.364593 0.392681
-0.440283 0.364422 0.392819
-0.441114 0.364120 0.393028
-0.441682 0.363937 0.393162
-0.442405 0.363669 0.393333
-0.443102 0.363435 0.393491
-0.443872 0.363208 0.393659
-0.444485 0.363047 0.393787
-0.445189 0.362862 0.393928
-0.445774 0.362724 0.394039
-0.446363 0.362565 0.394154
