-0.080751 0.885943 0.407052
-0.081410 0.885960 0.407016
-0.082114 0.885997 0.406968
-0.082864 0.886054 0.406910
-0.083517 0.886084 0.406861
-0.085845 0.885041 0.406884
-0.086560 0.884628 0.406953
-0.086721 0.884459 0.406993
-0.088953 0.882978 0.407163
-0.089596 0.882130 0.407374
-0.089397 0.881410 0.407604
-0.089590 0.881029 0.407700
-0.089538 0.880714 0.407784
-0.089832 0.880451 0.407829
-0.089826 0.880153 0.407893
-0.090106 0.880014 0.407903
-0.090278 0.879765 0.407940
-0.090606 0.879651 0.407939
-0.090849 0.879411 0.407965
-0.091020 0.879361 0.407961
-0.091464 0.879131 0.407967
-0.091835 0.879051 0.407954
-0.092155 0.878900 0.407952
-0.092542 0.878825 0.407935
-0.092884 0.878684 0.407929
-0.093279 0.878613 0.407909
-0.093659 0.878459 0.407897
-0.093853 0.878423 0.407887
-0.094415 0.878230 0.407864
-0.094608 0.878196 0.407852
-0.095197 0.877999 0.407824
-0.095239 0.877795 0.407832
-0.095152 0.877482 0.407868
-0.095720 0.877275 0.407847
-0.096470 0.877203 0.407785
-0.097278 0.877212 0.407706
-0.098157 0.877275 0.407610
-0.098752 0.877287 0.407551
-0.101391 0.875916 0.407625
-0.101896 0.875555 0.407695
-0.104337 0.873689 0.407959
-0.104362 0.872463 0.408331
-0.104321 0.871800 0.408510
-0.104602 0.871394 0.408585
-0.104757 0.871341 0.408583
-0.107518 0.869500 0.408795
-0.107686 0.869297 0.408841
-0.110082 0.866922 0.409253
-0.110163 0.866643 0.409326
-0.111080 0.865895 0.409420
-0.112228 0.863819 0.409864
-0.112105 0.862904 0.410112
-0.111466 0.861981 0.410362
-0.111462 0.861598 0.410442
-0.111192 0.860944 0.410583
-0.111334 0.860669 0.410624
-0.111243 0.860101 0.410721
-0.111356 0.859999 0.410729
-0.111585 0.859536 0.410779
-0.111734 0.859455 0.410780
-0.112091 0.859080 0.410802
-0.112258 0.859013 0.410798
-0.112699 0.858657 0.410802
-0.112871 0.858602 0.410795
-0.113361 0.858296 0.410783
-0.113541 0.858247 0.410774
-0.114047 0.857995 0.410756
-0.114240 0.857946 0.410745
-0.114801 0.857676 0.410718
-0.114989 0.857632 0.410706
-0.115553 0.857374 0.410675
-0.115742 0.857331 0.410662
-0.115953 0.857257 0.410652
-0.118669 0.855223 0.410882
-0.118837 0.855004 0.410923
-0.118981 0.854780 0.410963
-0.121206 0.852516 0.411305
-0.121362 0.852170 0.411381
-0.121462 0.851837 0.411452
-0.123328 0.848848 0.412006
-0.123336 0.848494 0.412090
-0.123331 0.848145 0.412168
-0.125066 0.845432 0.412649
-0.125123 0.845004 0.412746
-0.125132 0.844596 0.412836
-0.126807 0.841709 0.413362
-0.126807 0.840870 0.413555
-0.125946 0.839412 0.413894
-0.125913 0.839185 0.413937
-0.125567 0.838227 0.414112
-0.125623 0.838074 0.414133
-0.125633 0.837402 0.414227
-0.125744 0.837293 0.414236
-0.125946 0.836731 0.414291
-0.126086 0.836654 0.414292
-0.126443 0.836270 0.414311
-0.126609 0.836204 0.414308
-0.127049 0.835868 0.414311
-0.127225 0.835810 0.414306
-0.127634 0.835583 0.414302
-0.129822 0.833975 0.414492
-0.130197 0.833642 0.414546
-0.130606 0.832892 0.414683
-0.132184 0.831458 0.414884
-0.132704 0.830929 0.414974
-0.133128 0.829813 0.415199
-0.134893 0.827643 0.415565
-0.135122 0.827172 0.415662
-0.135236 0.826386 0.415825
-0.136936 0.824073 0.416230
-0.137136 0.823571 0.416334
-0.137233 0.823112 0.416427
-0.139040 0.820064 0.416997
-0.139074 0.819249 0.417175
-0.138995 0.818891 0.417249
-0.140607 0.816505 0.417672
-0.140791 0.815249 0.417938
-0.140388 0.814392 0.418111
-0.140311 0.813793 0.418221
-0.139997 0.813153 0.418326
-0.140129 0.812904 0.418361
-0.140133 0.812446 0.418421
-0.140434 0.812213 0.418446
-0.140519 0.811900 0.418477
-0.140802 0.811769 0.418484
-0.141036 0.811484 0.418504
-0.141356 0.811370 0.418506
-0.141649 0.811076 0.418518
-0.141813 0.811022 0.418517
-0.142265 0.810712 0.418524
-0.142439 0.810661 0.418521
-0.142941 0.810337 0.418521
-0.143113 0.810292 0.418518
-0.143623 0.809984 0.418513
-0.143796 0.809940 0.418508
-0.144317 0.809637 0.418500
-0.144491 0.809594 0.418496
-0.145019 0.809292 0.418485
-0.145194 0.809248 0.418480
-0.145726 0.808946 0.418468
-0.145902 0.808902 0.418462
-0.146513 0.808294 0.418374
-0.147091 0.808269 0.418359
-0.147162 0.808223 0.418359
-0.147851 0.808074 0.418347
-0.147923 0.808016 0.418347
-0.148833 0.807308 0.418439
-0.150876 0.805653 0.418726
-0.150953 0.805416 0.418772
-0.152566 0.803815 0.419040
-0.153480 0.802510 0.419309
-0.153461 0.801949 0.419426
-0.154225 0.801070 0.419574
-0.155736 0.798943 0.420004
-0.155706 0.798623 0.420072
-0.156475 0.797677 0.420236
-0.157910 0.795400 0.420707
-0.157754 0.794771 0.420839
-0.158465 0.793849 0.421004
-0.159824 0.791958 0.421388
-0.159856 0.791550 0.421473
-0.161308 0.789647 0.421838
-0.161970 0.788091 0.422176
-0.161823 0.787422 0.422313
-0.162531 0.786474 0.422489
-0.163881 0.784205 0.422969
-0.163831 0.783867 0.423037
-0.164581 0.782880 0.423223
-0.165977 0.780547 0.423719
-0.165929 0.780204 0.423786
-0.167321 0.778344 0.424156
-0.167950 0.776573 0.424541
-0.167876 0.776281 0.424594
-0.168621 0.775324 0.424780
-0.170134 0.773062 0.425307
-0.170100 0.772845 0.425354
-0.170889 0.771952 0.425540
-0.172577 0.770062 0.426013
-0.172616 0.769822 0.426070
-0.173449 0.768911 0.426269
-0.175207 0.767010 0.426766
-0.175254 0.766772 0.426826
-0.176091 0.765857 0.427032
-0.177862 0.763954 0.427542
-0.177869 0.763405 0.427684
-0.177836 0.763016 0.427923
-0.178413 0.763011 0.427945
-0.178462 0.762948 0.427950
-0.179074 0.762754 0.427974
-0.179126 0.762681 0.427978
-0.179850 0.762472 0.427978
-0.179364 0.762642 0.427931
-0.178567 0.763944 0.425128
-0.177719 0.765001 0.423769
-0.176561 0.766311 0.422313
-0.174941 0.768056 0.420482
-0.173467 0.769633 0.418850
-0.171855 0.771312 0.417147
-0.169944 0.773248 0.415220
-0.168310 0.774889 0.413588
-0.166574 0.776586 0.411928
-0.164775 0.778307 0.410269
-0.162929 0.780034 0.408626
-0.160807 0.781969 0.406821
-0.158788 0.783781 0.405143
-0.157026 0.785342 0.403707
-0.155141 0.786966 0.402246
-0.153184 0.788618 0.400788
-0.151180 0.790277 0.399347
-0.149142 0.791933 0.397932
-0.147073 0.793583 0.396547
-0.144713 0.795422 0.395046
-0.142732 0.796952 0.393797
-0.140656 0.798519 0.392554
-0.138524 0.800099 0.391330
-0.136078 0.801870 0.390005
-0.134022 0.803348 0.388899
-0.131868 0.804862 0.387804
-0.129378 0.806575 0.386616
-0.127007 0.808184 0.385517
-0.124943 0.809569 0.384582
-0.121601 0.806997 0.382890
-0.121190 0.806876 0.381744
-0.121530 0.807291 0.380838
-0.121960 0.807914 0.380116
-0.122481 0.808597 0.379609
-0.122772 0.809065 0.379322
-0.123110 0.809446 0.379049
-0.123269 0.809851 0.378889
-0.123461 0.810092 0.378758
-0.123744 0.810247 0.378588
-0.124108 0.810307 0.378406
-0.124409 0.810252 0.378248
-0.124729 0.810128 0.378081
-0.124924 0.810068 0.377977
-0.125108 0.809947 0.377872
-0.125372 0.809782 0.377730
-0.125550 0.809643 0.377629
-0.125778 0.809403 0.377499
-0.126009 0.809166 0.377374
-0.126249 0.808892 0.377245
-0.126571 0.808573 0.377082
-0.126833 0.808297 0.376949
-0.127109 0.808032 0.376818
-0.127385 0.807750 0.376687
-0.127724 0.807435 0.376536
-0.128029 0.807134 0.376400
-0.128303 0.806847 0.376277
-0.128556 0.806577 0.376170
-0.128811 0.806287 0.376066
-0.129109 0.805946 0.375948
-0.129403 0.805614 0.375831
-0.129681 0.805324 0.375724
-0.130009 0.804955 0.375603
-0.130305 0.804633 0.375497
-0.130620 0.804300 0.375384
-0.130993 0.803907 0.375254
-0.131315 0.803529 0.375143
-0.131583 0.803225 0.375057
-0.131917 0.802835 0.374949
-0.132214 0.802465 0.374856
-0.132490 0.802143 0.374768
-0.132764 0.801814 0.374682
-0.133043 0.801475 0.374599
-0.133309 0.801144 0.374525
-0.133575 0.800794 0.374453
-0.133857 0.800437 0.374375
-0.134174 0.800032 0.374291
-0.134406 0.799694 0.374231
-0.134679 0.799284 0.374163
-0.134890 0.798894 0.374113
-0.135067 0.798563 0.374073
-0.135305 0.798153 0.374016
-0.135504 0.797805 0.373971
-0.135713 0.797422 0.373921
-0.135905 0.797047 0.373881
-0.136079 0.796675 0.373849
-0.136236 0.796291 0.373823
-0.136410 0.795896 0.373790
-0.136616 0.795422 0.373747
-0.136767 0.795041 0.373722
-0.136941 0.794592 0.373696
-0.137093 0.794216 0.373672
-0.137240 0.793822 0.373649
-0.137416 0.793352 0.373622
-0.137574 0.792916 0.373599
-0.137711 0.792494 0.373584
-0.137831 0.792126 0.373569
-0.137959 0.791728 0.373552
-0.138091 0.791311 0.373534
-0.138208 0.790882 0.373521
-0.138761 0.790837 0.373393
-0.139078 0.790611 0.373328
-0.139224 0.790330 0.373311
-0.139351 0.789922 0.373302
-0.139469 0.789483 0.373293
-0.139581 0.789025 0.373284
-0.139671 0.788619 0.373278
-0.139764 0.788184 0.373271
-0.139887 0.787658 0.373258
-0.139983 0.787204 0.373246
-0.140097 0.786645 0.373231
-0.140184 0.786177 0.373220
-0.140264 0.785694 0.373212
-0.140350 0.785193 0.373202
-0.140452 0.784605 0.373186
-0.140515 0.784118 0.373179
-0.140568 0.783618 0.373173
-0.140619 0.783106 0.373168
-0.140661 0.782576 0.373162
-0.140716 0.781952 0.373153
-0.140748 0.781445 0.373148
-0.140785 0.780845 0.373142
-0.140808 0.780337 0.373137
-0.140831 0.779801 0.373131
-0.140849 0.779251 0.373126
-0.140862 0.778695 0.373121
-0.140885 0.778129 0.373112
-0.140915 0.777544 0.373099
-0.140957 0.776872 0.373080
-0.140984 0.776315 0.373064
-0.141151 0.775885 0.373020
-0.141441 0.775489 0.372947
-0.141701 0.775225 0.372884
-0.142011 0.774944 0.372809
-0.142226 0.774728 0.372759
-0.142419 0.774507 0.372715
-0.142613 0.774250 0.372673
-0.142767 0.774021 0.372640
-0.142921 0.773776 0.372607
-0.143050 0.773528 0.372580
-0.143148 0.773276 0.372562
-0.143244 0.773016 0.372545
-0.143351 0.772706 0.372526
-0.143437 0.772435 0.372511
-0.143542 0.772099 0.372489
-0.143640 0.771763 0.372467
-0.143715 0.771475 0.372451
-0.143802 0.771127 0.372431
-0.143869 0.770835 0.372417
-0.143929 0.770541 0.372406
-0.143991 0.770184 0.372395
-0.144050 0.769826 0.372382
-0.144081 0.769513 0.372375
-0.144111 0.769132 0.372368
-0.144126 0.768811 0.372363
-0.144137 0.768474 0.372359
-0.144154 0.768120 0.372353
-0.144170 0.767753 0.372346
-0.144186 0.767327 0.372337
-0.144188 0.766924 0.372331
-0.144189 0.766577 0.372326
-0.144171 0.766162 0.372323
-0.144129 0.765759 0.372324
-0.144072 0.765365 0.372328
-0.144008 0.765023 0.372335
-0.143915 0.764608 0.372346
-0.143834 0.764249 0.372354
-0.143731 0.763803 0.372364
-0.143632 0.763359 0.372371
-0.143537 0.762975 0.372379
-0.143427 0.762570 0.372389
-0.143316 0.762084 0.372396
-0.143219 0.761674 0.372400
-0.143095 0.761187 0.372406
-0.142977 0.760782 0.372413
-0.142817 0.760301 0.372425
-0.142666 0.759829 0.372435
-0.142534 0.759360 0.372441
-0.142417 0.758955 0.372447
-0.142310 0.758514 0.372449
-0.142198 0.758047 0.372450
-0.142065 0.757491 0.372451
-0.141932 0.756966 0.372452
-0.141810 0.756451 0.372451
-0.141707 0.756001 0.372450
-0.141557 0.755462 0.372454
-0.141427 0.754933 0.372455
-0.141320 0.754469 0.372454
-0.141192 0.753974 0.372456
-0.141061 0.753374 0.372453
-0.140960 0.752790 0.372442
-0.140866 0.752287 0.372434
-0.140742 0.751677 0.372428
-0.140615 0.751083 0.372421
-0.140492 0.750488 0.372413
-0.140370 0.749966 0.372408
-0.140213 0.749333 0.372406
-0.140085 0.748807 0.372403
-0.139948 0.748260 0.372402
-0.139809 0.747608 0.372395
-0.139702 0.746969 0.372381
-0.139585 0.746432 0.372374
-0.139442 0.745876 0.372372
-0.139289 0.745214 0.372365
-0.139163 0.744643 0.372357
-0.139025 0.744053 0.372351
-0.138873 0.743347 0.372338
-0.138746 0.742652 0.372320
-0.138636 0.741970 0.372299
-0.138545 0.741382 0.372282
-0.138428 0.740675 0.372262
-0.138333 0.740082 0.372242
-0.138223 0.739376 0.372217
-0.138130 0.738682 0.372189
-0.138053 0.738086 0.372165
-0.137982 0.737559 0.372144
-0.137881 0.736776 0.372110
-0.137791 0.736035 0.372074
-0.137732 0.735417 0.372042
-0.137674 0.734759 0.372007
-0.137609 0.734074 0.371970
-0.137550 0.733373 0.371931
-0.137509 0.732566 0.371879
-0.137472 0.731903 0.371838
-0.137427 0.731237 0.371798
-0.137377 0.730462 0.371751
-0.137303 0.729738 0.371711
-0.137220 0.729143 0.371681
-0.137132 0.728434 0.371646
-0.137062 0.727833 0.371616
-0.136986 0.727119 0.371582
-0.136928 0.726515 0.371554
-0.136867 0.725888 0.371526
-0.136804 0.725249 0.371496
-0.136746 0.724602 0.371466
-0.136687 0.723837 0.371428
-0.136635 0.723106 0.371389
-0.136570 0.722484 0.371360
-0.136482 0.721731 0.371326
-0.136403 0.721083 0.371297
-0.136304 0.720303 0.371263
-0.136212 0.719650 0.371237
-0.136106 0.718865 0.371204
-0.136010 0.718198 0.371179
-0.135897 0.717393 0.371149
-0.135797 0.716610 0.371117
-0.135713 0.715942 0.371091
-0.135615 0.715231 0.371065
-0.135513 0.714371 0.371031
-0.135439 0.713635 0.371001
-0.135361 0.712868 0.370968
-0.135275 0.712102 0.370936
-0.135186 0.711216 0.370897
-0.135109 0.710482 0.370865
-0.135018 0.709724 0.370835
-0.134916 0.708842 0.370799
-0.134820 0.707997 0.370763
-0.134713 0.707166 0.370730
-0.134610 0.706430 0.370703
-0.134504 0.705521 0.370666
-0.134409 0.704617 0.370628
-0.134324 0.703713 0.370588
-0.134246 0.702821 0.370549
-0.134165 0.702047 0.370518
-0.134074 0.701221 0.370487
-0.133986 0.700234 0.370445
-0.133920 0.699277 0.370400
-0.133843 0.698484 0.370368
-0.133744 0.697544 0.370333
-0.133662 0.696769 0.370305
-0.133570 0.695963 0.370278
-0.133467 0.695138 0.370252
-0.133370 0.694152 0.370216
-0.133293 0.693317 0.370186
-0.133215 0.692436 0.370155
-0.133132 0.691545 0.370123
-0.133065 0.690630 0.370088
-0.133016 0.689685 0.370048
-0.133002 0.688551 0.369989
-0.133002 0.687470 0.369932
-0.132995 0.686552 0.369886
-0.133000 0.685439 0.369826
-0.133011 0.684362 0.369768
-0.133018 0.683297 0.369712
-0.133031 0.682232 0.369654
-0.133057 0.681298 0.369604
-0.133087 0.680315 0.369550
-0.133119 0.679299 0.369494
-0.133159 0.678268 0.369435
-0.133220 0.677079 0.369363
-0.133265 0.676101 0.369306
-0.133327 0.674953 0.369238
-0.133377 0.673999 0.369183
-0.133461 0.672842 0.369110
-0.133544 0.671876 0.369046
-0.133647 0.670878 0.368977
-0.133749 0.669866 0.368908
-0.133894 0.668664 0.368822
-0.134006 0.667667 0.368753
-0.134099 0.666658 0.368688
-0.134215 0.665469 0.368612
-0.134316 0.664468 0.368550
-0.134426 0.663431 0.368485
-0.134535 0.662376 0.368421
-0.134670 0.661167 0.368344
-0.134776 0.660161 0.368283
-0.134880 0.659115 0.368221
-0.134985 0.658063 0.368158
-0.135105 0.656846 0.368082
-0.135201 0.655849 0.368022
-0.135330 0.654654 0.367947
-0.135472 0.653493 0.367875
-0.135620 0.652367 0.367805
-0.135767 0.651264 0.367737
-0.135878 0.650314 0.367682
-0.136015 0.649166 0.367616
-0.136164 0.648045 0.367550
-0.136280 0.647091 0.367496
-0.136417 0.645944 0.367431
-0.136518 0.644994 0.367380
-0.136638 0.644000 0.367326
-0.136815 0.642810 0.367254
-0.136961 0.641816 0.367196
-0.137138 0.640635 0.367124
-0.137279 0.639637 0.367067
-0.137454 0.638438 0.366997
-0.137608 0.637424 0.366938
-0.137761 0.636364 0.366877
-0.137952 0.635114 0.366801
-0.138136 0.633942 0.366730
-0.138296 0.632948 0.366673
-0.138499 0.631729 0.366600
-0.138685 0.630556 0.366533
-0.138823 0.629558 0.366481
-0.138986 0.628336 0.366416
-0.139114 0.627308 0.366363
-0.139275 0.626072 0.366299
-0.139401 0.625045 0.366249
-0.139536 0.623978 0.366196
-0.139697 0.622885 0.366139
-0.139860 0.621768 0.366081
-0.140035 0.620632 0.366021
-0.140212 0.619494 0.365961
-0.140381 0.618344 0.365901
-0.140595 0.617017 0.365829
-0.140765 0.615925 0.365772
-0.140948 0.614772 0.365712
-0.141187 0.613403 0.365638
-0.141373 0.612282 0.365580
-0.141551 0.611136 0.365525
-0.141729 0.609972 0.365471
-0.141914 0.608777 0.365416
-0.142098 0.607566 0.365361
-0.142256 0.606540 0.365317
-0.142524 0.605006 0.365241
-0.142736 0.603774 0.365184
-0.143009 0.602317 0.365112
-0.143272 0.600939 0.365045
-0.143476 0.599799 0.364996
-0.143683 0.598611 0.364947
-0.143889 0.597401 0.364898
-0.144161 0.595983 0.364836
-0.144425 0.594639 0.364778
-0.144637 0.593523 0.364735
-0.144867 0.592359 0.364690
-0.145148 0.590973 0.364636
-0.145369 0.589820 0.364596
-0.145658 0.588427 0.364543
-0.145891 0.587276 0.364502
-0.146138 0.586084 0.364459
-0.146440 0.584690 0.364405
-0.146687 0.583546 0.364363
-0.146980 0.582188 0.364313
-0.147264 0.580894 0.364266
-0.147507 0.579793 0.364230
-0.147838 0.578427 0.364181
-0.148147 0.577120 0.364137
-0.148442 0.575844 0.364096
-0.148696 0.574612 0.364063
-0.148953 0.573406 0.364030
-0.149204 0.572220 0.363999
-0.149400 0.571202 0.363977
-0.149657 0.569937 0.363946
-0.149860 0.568869 0.363924
-0.150116 0.567590 0.363895
-0.150365 0.566364 0.363867
-0.150578 0.565297 0.363846
-0.150850 0.563993 0.363817
-0.151063 0.562907 0.363797
-0.151328 0.561598 0.363771
-0.151549 0.560506 0.363752
-0.151776 0.559364 0.363732
-0.152008 0.558190 0.363712
-0.152300 0.556822 0.363688
-0.152585 0.555508 0.363667
-0.152841 0.554253 0.363651
-0.153104 0.553022 0.363636
-0.153320 0.551972 0.363627
-0.153558 0.550852 0.363618
-0.153816 0.549680 0.363608
-0.154132 0.548299 0.363592
-0.154387 0.547169 0.363583
-0.154662 0.545998 0.363573
-0.154949 0.544791 0.363563
-0.155293 0.543364 0.363549
-0.155579 0.542188 0.363542
-0.155926 0.540789 0.363532
-0.156215 0.539619 0.363527
-0.156565 0.538223 0.363519
-0.156830 0.537078 0.363516
-0.157101 0.535904 0.363515
-0.157447 0.534499 0.363508
-0.157740 0.533334 0.363505
-0.158046 0.532121 0.363502
-0.158416 0.530687 0.363497
-0.158710 0.529511 0.363496
-0.158952 0.528507 0.363498
-0.159296 0.527187 0.363497
-0.159720 0.525675 0.363492
-0.160068 0.524462 0.363490
-0.160500 0.523023 0.363485
-0.160853 0.521839 0.363485
-0.161287 0.520423 0.363482
-0.161652 0.519242 0.363482
-0.162102 0.517826 0.363479
-0.162533 0.516480 0.363478
-0.162898 0.515353 0.363480
-0.163284 0.514181 0.363481
-0.163676 0.512978 0.363482
-0.164088 0.511742 0.363484
-0.164590 0.510293 0.363483
-0.165065 0.508945 0.363483
-0.165480 0.507804 0.363486
-0.165940 0.506587 0.363487
-0.166424 0.505330 0.363486
-0.166918 0.504062 0.363486
-0.167509 0.502574 0.363483
-0.168073 0.501174 0.363482
-0.168535 0.500024 0.363485
-0.169009 0.498831 0.363487
-0.169514 0.497604 0.363489
-0.170129 0.496156 0.363488
-0.170646 0.494962 0.363491
-0.171215 0.493710 0.363491
-0.171815 0.492435 0.363490
-0.173256 0.489302 0.363500
-0.173532 0.488732 0.363502
-0.173937 0.487926 0.363499
-0.174471 0.486885 0.363492
-0.175173 0.485526 0.363481
-0.175762 0.484379 0.363477
-0.176385 0.483164 0.363474
-0.177032 0.481927 0.363471
-0.177702 0.480680 0.363470
-0.178486 0.479237 0.363466
-0.179142 0.478070 0.363466
-0.179838 0.476859 0.363464
-0.180648 0.475441 0.363458
-0.181318 0.474303 0.363453
-0.182037 0.473132 0.363444
-0.182789 0.471939 0.363432
-0.183662 0.470559 0.363415
-0.184378 0.469452 0.363403
-0.185133 0.468301 0.363388
-0.185903 0.467130 0.363372
-0.186817 0.465758 0.363350
-0.187538 0.464685 0.363337
-0.188400 0.463400 0.363318
-0.189235 0.462170 0.363299
-0.189964 0.461133 0.363281
-0.190744 0.460043 0.363257
-0.191648 0.458770 0.363228
-0.192378 0.457753 0.363207
-0.193147 0.456701 0.363183
-0.194064 0.455455 0.363150
-0.194846 0.454438 0.363123
-0.195782 0.453219 0.363087
-0.196554 0.452239 0.363059
-0.197371 0.451214 0.363029
-0.198313 0.450021 0.362994
-0.199098 0.449071 0.362967
-0.199927 0.448100 0.362935
-0.200899 0.446971 0.362894
-0.201680 0.446076 0.362864
-0.202636 0.444986 0.362822
-0.203407 0.444114 0.362791
-0.205086 0.442206 0.362755
-0.205347 0.440861 0.363579
-0.205608 0.440671 0.363607
-0.205951 0.440644 0.363574
-0.206322 0.440664 0.363532
-0.206734 0.440705 0.363482
-0.207126 0.440748 0.363436
-0.207513 0.440792 0.363390
-0.207869 0.440832 0.363350
-0.208244 0.440878 0.363306
-0.208542 0.440910 0.363274
-0.208652 0.440604 0.363260
-0.208910 0.440468 0.363237
-0.208981 0.440200 0.363229
-0.209193 0.440002 0.363212
-0.209525 0.439646 0.363898
-0.210019 0.438966 0.364879
-0.210514 0.438642 0.365482
-0.210843 0.438307 0.366225
-0.211134 0.437918 0.366855
-0.211821 0.437411 0.367915
-0.212129 0.437085 0.368668
-0.212403 0.436703 0.369305
-0.213079 0.436223 0.370433
-0.213106 0.436101 0.370468
-0.213370 0.435842 0.370514
-0.213394 0.435700 0.370516
-0.213669 0.435362 0.370503
-0.213697 0.435210 0.370502
-0.213985 0.434841 0.370481
-0.214036 0.434548 0.370477
-0.214276 0.434297 0.370460
-0.214338 0.434004 0.370455
-0.214414 0.433907 0.370451
-0.215292 0.431932 0.369407
-0.215366 0.431744 0.369323
-0.215557 0.431573 0.369231
-0.216270 0.429900 0.368282
-0.216432 0.429517 0.368062
-0.216523 0.429467 0.368006
-0.217341 0.427750 0.366898
-0.217404 0.427620 0.366811
-0.217576 0.427543 0.366719
-0.218217 0.425960 0.365778
-0.218355 0.425621 0.365561
-0.218606 0.425680 0.365434
-0.218649 0.425525 0.365421
-0.218871 0.425463 0.365404
-0.218921 0.425227 0.365401
-0.219196 0.425037 0.365382
-0.219223 0.424897 0.365380
-0.219544 0.424544 0.365354
-0.219566 0.424397 0.365352
-0.219874 0.424022 0.365327
-0.219895 0.423873 0.365325
-0.220171 0.423518 0.365304
-0.220196 0.423363 0.365302
-0.220484 0.422997 0.365279
-0.220511 0.422841 0.365276
-0.220803 0.422472 0.365253
-0.220851 0.422179 0.365248
-0.221339 0.421785 0.365185
-0.221621 0.421836 0.365163
-0.221770 0.421857 0.365153
-0.221926 0.421517 0.365140
-0.222077 0.421468 0.365130
-0.222235 0.421059 0.365116
-0.222388 0.420992 0.365106
-0.222570 0.420515 0.365087
-0.222644 0.420483 0.365083
-0.222884 0.419963 0.365061
-0.222958 0.419941 0.365056
-0.223178 0.419478 0.365037
-0.223256 0.419449 0.365032
-0.223509 0.418939 0.365008
-0.223584 0.418918 0.365003
-0.223806 0.418460 0.364983
-0.223884 0.418432 0.364978
-0.224113 0.417962 0.364958
-0.224269 0.417914 0.364946
-0.224433 0.417504 0.364929
-0.224587 0.417439 0.364918
-0.224768 0.416968 0.364899
-0.224842 0.416939 0.364894
-0.225057 0.416466 0.364875
-0.225134 0.416438 0.364870
-0.225359 0.415970 0.364849
-0.225514 0.415925 0.364838
-0.225696 0.415474 0.364818
-0.225770 0.415448 0.364812
-0.226005 0.414951 0.364790
-0.226079 0.414932 0.364785
-0.226292 0.414488 0.364766
-0.226369 0.414464 0.364761
-0.226591 0.414009 0.364741
-0.226745 0.413968 0.364729
-0.226925 0.413526 0.364709
-0.226999 0.413502 0.364704
-0.227210 0.413047 0.364685
-0.227362 0.413008 0.364674
-0.227517 0.412611 0.364658
-0.227668 0.412555 0.364646
-0.227842 0.412102 0.364627
-0.227915 0.412077 0.364622
-0.228123 0.411624 0.364604
-0.228274 0.411586 0.364592
-0.228449 0.411151 0.364573
-0.228522 0.411128 0.364567
-0.228728 0.410683 0.364549
-0.228880 0.410647 0.364537
-0.229032 0.410258 0.364522
-0.229184 0.410207 0.364510
-0.229355 0.409762 0.364491
-0.229720 0.409710 0.364449
-0.229881 0.409731 0.364435
-0.230044 0.409400 0.364418
-0.230198 0.409365 0.364406
-0.230352 0.408983 0.364390
-0.230504 0.408936 0.364378
-0.230654 0.408542 0.364363
-0.230868 0.408481 0.364344
-0.230967 0.408150 0.364333
-0.231178 0.408056 0.364315
-0.231292 0.407654 0.364301
-0.231493 0.407590 0.364284
-0.231601 0.407200 0.364271
-0.231740 0.407151 0.364261
-0.231874 0.406755 0.364248
-0.232021 0.406707 0.364237
-0.232185 0.406272 0.364219
-0.232257 0.406253 0.364213
-0.232457 0.405824 0.364195
-0.232534 0.405807 0.364189
-0.232747 0.405384 0.364169
-0.232902 0.405359 0.364156
-0.233077 0.404950 0.364135
-0.233151 0.404935 0.364129
-0.233356 0.404517 0.364110
-0.233433 0.404502 0.364104
-0.233670 0.404059 0.364079
-0.233745 0.404051 0.364073
-0.233954 0.403653 0.364053
-0.234032 0.403640 0.364047
-0.234271 0.403206 0.364022
-0.234346 0.403199 0.364016
-0.234578 0.402780 0.363992
-0.234652 0.402774 0.363986
-0.234881 0.402360 0.363962
-0.234955 0.402354 0.363956
-0.235161 0.401967 0.363937
-0.235239 0.401956 0.363931
-0.235477 0.401532 0.363905
-0.235553 0.401527 0.363899
-0.235761 0.401141 0.363879
-0.235917 0.401128 0.363866
-0.236091 0.400740 0.363845
-0.236166 0.400728 0.363839
-0.236370 0.400331 0.363819
-0.236448 0.400320 0.363813
-0.236687 0.399901 0.363787
-0.236763 0.399896 0.363781
-0.236973 0.399517 0.363760
-0.237052 0.399508 0.363754
-0.237270 0.399120 0.363732
-0.237429 0.399109 0.363718
-0.237607 0.398728 0.363696
-0.237683 0.398718 0.363690
-0.237890 0.398330 0.363669
-0.237969 0.398321 0.363663
-0.238187 0.397936 0.363641
-0.238347 0.397926 0.363626
-0.238526 0.397549 0.363604
-0.238602 0.397540 0.363598
-0.238833 0.397134 0.363573
-0.238909 0.397133 0.363566
-0.239119 0.396765 0.363546
-0.239198 0.396759 0.363539
-0.239418 0.396384 0.363516
-0.239499 0.396378 0.363509
-0.239724 0.396004 0.363486
-0.239887 0.395998 0.363471
-0.240070 0.395630 0.363448
-0.240147 0.395624 0.363441
-0.240208 0.395500 0.363438
-0.240404 0.395245 0.363260
-0.240485 0.395247 0.363245
-0.240551 0.395129 0.363236
-0.240763 0.394890 0.363047
-0.240847 0.394894 0.363031
-0.240914 0.394778 0.363022
-0.241133 0.394544 0.362830
-0.241218 0.394549 0.362814
-0.241286 0.394434 0.362804
-0.241508 0.394203 0.362611
-0.241594 0.394208 0.362595
-0.241663 0.394093 0.362585
-0.241854 0.393880 0.362409
-0.241944 0.393881 0.362388
-0.242170 0.393085 0.361995
-0.242364 0.392334 0.361669
-0.242789 0.391625 0.361043
-0.242908 0.391654 0.360991
-0.243146 0.390895 0.360580
-0.243348 0.390183 0.360243
-0.243723 0.389592 0.359677
-0.244097 0.389726 0.359504
-0.244171 0.389664 0.359481
-0.244330 0.389597 0.359313
-0.244603 0.389671 0.359241
-0.244654 0.389571 0.359230
-0.244737 0.389440 0.359115
-0.245065 0.389437 0.359006
-0.245105 0.389321 0.358996
-0.245140 0.389226 0.358934
-0.245460 0.389147 0.358787
-0.245499 0.389023 0.358773
-0.245534 0.388922 0.358709
-0.245912 0.388827 0.358539
-0.245944 0.388703 0.358529
-0.246028 0.388616 0.358519
-0.246359 0.388514 0.358306
-0.246384 0.388389 0.358294
-0.246463 0.388300 0.358282
-0.246613 0.388224 0.358160
-0.246463 0.389958 0.358954
-0.246419 0.389971 0.359066
-0.246444 0.389925 0.359133
-0.246614 0.389674 0.359042
-0.246623 0.389516 0.359035
-0.246688 0.389399 0.359027
-0.246923 0.389223 0.358841
-0.246948 0.389085 0.358824
-0.247026 0.388985 0.358809
-0.247347 0.388854 0.358587
-0.247373 0.388727 0.358575
-0.247451 0.388637 0.358562
-0.247722 0.388535 0.358367
-0.247777 0.388301 0.358337
-0.247856 0.388248 0.358324
-0.248134 0.388205 0.358127
-0.248166 0.388083 0.358110
-0.248334 0.387949 0.358079
-0.248535 0.387908 0.357910
-0.248596 0.387679 0.357866
-0.248679 0.387629 0.357850
-0.248909 0.387592 0.357677
-0.248984 0.387367 0.357631
-0.249072 0.387319 0.357613
-0.249378 0.387287 0.357404
-0.249414 0.387168 0.357385
-0.249592 0.387038 0.357352
-0.249671 0.387017 0.357281
-0.250157 0.385226 0.356260
-0.250251 0.384965 0.356117
-0.250387 0.384837 0.356023
-0.250806 0.384855 0.355700
-0.250858 0.384767 0.355673
-0.250962 0.384713 0.355650
-0.251245 0.384702 0.355461
-0.251371 0.384498 0.355404
-0.251947 0.384446 0.355286
-0.252026 0.384332 0.355269
-0.252553 0.384183 0.355178
-0.252673 0.384185 0.355097
-0.252769 0.384071 0.355030
-0.253513 0.383924 0.354818
-0.253645 0.383932 0.354729
-0.253753 0.383821 0.354656
-0.254690 0.383686 0.354391
-0.254800 0.383571 0.354364
-0.255591 0.383421 0.354209
-0.255706 0.383302 0.354183
-0.256516 0.383144 0.354028
-0.256746 0.382926 0.353976
-0.257551 0.382855 0.353821
-0.257778 0.382644 0.353770
-0.258579 0.382577 0.353617
-0.258695 0.382462 0.353591
-0.259658 0.382308 0.353402
-0.259770 0.382191 0.353377
-0.260581 0.382030 0.353222
-0.260810 0.381809 0.353170
-0.261626 0.381729 0.353013
-0.261744 0.381613 0.352987
-0.262729 0.381449 0.352794
-0.262845 0.381331 0.352768
-0.263676 0.381162 0.352608
-0.263798 0.381041 0.352581
-0.264659 0.380865 0.352415
-0.264786 0.380744 0.352387
-0.265671 0.380565 0.352215
-0.265926 0.380341 0.352158
-0.266806 0.380249 0.351987
-0.266935 0.380130 0.351958
-0.267835 0.379955 0.351784
-0.268095 0.379730 0.351726
-0.268828 0.379637 0.351587
-0.269103 0.379413 0.351527
-0.270029 0.379316 0.351347
-0.270165 0.379197 0.351316
-0.271105 0.379013 0.351134
-0.271244 0.378890 0.351103
-0.272362 0.378687 0.350881
-0.272495 0.378565 0.350851
-0.273427 0.378368 0.350670
-0.273698 0.378137 0.350609
-0.274628 0.378021 0.350428
-0.274765 0.377899 0.350398
-0.275718 0.377698 0.350214
-0.275860 0.377571 0.350183
-0.276836 0.377360 0.349994
-0.277121 0.377123 0.349930
-0.278088 0.376995 0.349742
-0.278232 0.376870 0.349711
-0.279219 0.376657 0.349520
-0.279366 0.376528 0.349488
-0.280544 0.376288 0.349255
-0.280686 0.376161 0.349224
-0.281669 0.375934 0.349034
-0.281817 0.375803 0.349002
-0.282827 0.375566 0.348807
-0.283125 0.375322 0.348741
-0.284128 0.375169 0.348548
-0.284278 0.375040 0.348516
-0.285476 0.374784 0.348282
-0.285620 0.374654 0.348250
-0.286623 0.374408 0.348059
-0.286774 0.374273 0.348026
-0.287983 0.373996 0.347791
-0.288129 0.373863 0.347759
-0.289479 0.373567 0.347493
-0.290865 0.373545 0.347224
-0.292079 0.373556 0.346995
-0.293492 0.373566 0.346726
-0.293721 0.373577 0.346689
-0.294762 0.373925 0.346490
-0.295000 0.373958 0.346452
-0.296226 0.374369 0.346218
-0.296454 0.374398 0.346182
-0.297469 0.374787 0.345993
-0.297930 0.374846 0.345920
-0.298879 0.375222 0.345736
-0.299102 0.375257 0.345702
-0.300083 0.375657 0.345523
-0.300309 0.375692 0.345488
-0.301450 0.376114 0.345279
-0.301665 0.376142 0.345246
-0.302755 0.376547 0.345048
-0.302964 0.376574 0.345017
-0.304020 0.376976 0.344826
-0.304225 0.377002 0.344797
-0.305257 0.377404 0.344612
-0.305459 0.377430 0.344584
-0.306342 0.377814 0.344430
-0.306552 0.377847 0.344400
-0.307596 0.378263 0.344217
-0.307799 0.378289 0.344188
-0.308677 0.378673 0.344038
-0.309093 0.378725 0.343978
-0.309918 0.379096 0.343829
-0.310120 0.379127 0.343801
-0.311114 0.379539 0.343631
-0.311310 0.379564 0.343604
-0.312153 0.379946 0.343464
-0.312558 0.379996 0.343408
-0.313224 0.380341 0.343292
-0.313823 0.380420 0.343205
-0.314310 0.380717 0.343118
-0.314916 0.380826 0.343031
-0.315536 0.381175 0.342919
-0.316108 0.381254 0.342839
-0.316571 0.381552 0.342757
-0.317322 0.381673 0.342648
-0.317751 0.381967 0.342570
-0.318313 0.382075 0.342493
-0.318763 0.382383 0.342415
-0.319498 0.382508 0.342311
-0.319914 0.382804 0.342236
-0.320619 0.382924 0.342138
-0.320901 0.383154 0.342088
-0.321629 0.383329 0.341986
-0.321917 0.383567 0.341936
-0.322796 0.383758 0.341810
-0.322936 0.383883 0.341785
-0.323954 0.384171 0.341635
-0.324082 0.384294 0.341611
-0.324924 0.384572 0.341493
-0.325172 0.384810 0.341449
-0.325980 0.385002 0.341339
-0.326108 0.385128 0.341317
-0.326947 0.385410 0.341201
-0.327079 0.385540 0.341179
-0.327930 0.385830 0.341063
-0.328191 0.386085 0.341017
-0.329108 0.386360 0.340887
-0.329265 0.386505 0.340860
-0.330299 0.386906 0.340709
-0.330474 0.387061 0.340679
-0.331754 0.387521 0.340485
-0.331926 0.387671 0.340455
-0.333191 0.388120 0.340263
-0.333360 0.388271 0.340233
-0.334614 0.388716 0.340046
-0.334781 0.388866 0.340016
-0.335855 0.389276 0.339861
-0.336033 0.389433 0.339830
-0.337151 0.389859 0.339670
-0.337502 0.390158 0.339609
-0.338587 0.390482 0.339454
-0.338766 0.390636 0.339424
-0.339885 0.391051 0.339265
-0.340069 0.391210 0.339234
-0.341385 0.391673 0.339042
-0.341556 0.391826 0.339013
-0.342974 0.392301 0.338805
-0.344340 0.392418 0.338601
-0.345530 0.392464 0.338429
-0.346765 0.392491 0.338250
-0.348186 0.392509 0.338040
-0.349554 0.392518 0.337840
-0.350893 0.392523 0.337648
-0.352068 0.392525 0.337484
-0.353290 0.392524 0.337315
-0.354541 0.392521 0.337142
-0.355807 0.392514 0.336967
-0.357082 0.392504 0.336792
-0.358519 0.392489 0.336591
-0.359887 0.392470 0.336403
-0.361068 0.392452 0.336247
-0.362439 0.392428 0.336062
-0.363620 0.392405 0.335908
-0.363711 0.391563 0.335526
-0.364598 0.390350 0.334726
-0.364681 0.389550 0.334331
-0.365703 0.388669 0.333491
-0.365766 0.387917 0.333109
-0.366856 0.387244 0.332265
-0.367940 0.387651 0.332142
-0.369226 0.387829 0.331985
-0.370346 0.387870 0.331848
-0.370572 0.387875 0.331826
-0.371885 0.389870 0.332712
-0.372114 0.389826 0.332706
-0.373267 0.391563 0.333590
-0.373753 0.391417 0.333586
-0.374874 0.393036 0.334453
-0.376276 0.392420 0.334314
-0.377457 0.392127 0.334161
-0.378665 0.391978 0.334015
-0.378740 0.391132 0.333640
-0.379695 0.389930 0.332834
-0.379740 0.389147 0.332457
-0.380707 0.388337 0.331652
-0.381856 0.388715 0.331537
-0.382914 0.388814 0.331426
-0.384173 0.388820 0.331280
-0.385274 0.388789 0.331158
-0.386419 0.388742 0.331031
-0.387589 0.388687 0.330902
-0.388771 0.388628 0.330773
-0.390103 0.388560 0.330623
-0.391369 0.388493 0.330484
-0.392468 0.388432 0.330369
-0.393743 0.388359 0.330232
-0.394844 0.388295 0.330119
-0.395982 0.388226 0.330002
-0.396433 0.388199 0.329967
-0.397260 0.388158 0.330207
-0.397469 0.388150 0.330211
-0.398429 0.388099 0.330508
-0.398628 0.388090 0.330511
-0.399547 0.388037 0.330816
-0.399741 0.388027 0.330821
-0.400640 0.387972 0.331134
-0.400832 0.387962 0.331139
-0.401612 0.387912 0.331449
-0.402013 0.387884 0.331463
-0.402750 0.387839 0.331770
-0.402945 0.387828 0.331782
-0.403737 0.387775 0.332108
-0.403940 0.387763 0.332120
-0.404879 0.387697 0.332459
-0.405075 0.387686 0.332466
-0.405874 0.387628 0.332788
-0.406079 0.387615 0.332801
-0.407024 0.387546 0.333144
-0.407222 0.387533 0.333152
-0.408140 0.387464 0.333491
-0.408334 0.387451 0.333499
-0.409126 0.387390 0.333829
-0.409531 0.387356 0.333850
-0.410278 0.387301 0.334177
-0.410475 0.387288 0.334192
-0.411277 0.387223 0.334539
-0.411482 0.387209 0.334555
-0.412314 0.387140 0.334904
-0.412523 0.387125 0.334920
-0.413493 0.387043 0.335284
-0.415855 0.386861 0.335184
