-0.080727 0.886065 0.407064
-0.081390 0.886055 0.407026
-0.082129 0.886086 0.406973
-0.082332 0.886080 0.406959
-0.082913 0.886026 0.406928
-0.083112 0.886010 0.406916
-0.083644 0.885918 0.406896
-0.084042 0.885879 0.406874
-0.084410 0.885785 0.406863
-0.084605 0.885759 0.406853
-0.085122 0.885627 0.406837
-0.085322 0.885598 0.406826
-0.085869 0.885445 0.406810
-0.086063 0.885416 0.406798
-0.086579 0.885271 0.406781
-0.086780 0.885239 0.406769
-0.087309 0.885086 0.406751
-0.087510 0.885053 0.406739
-0.088065 0.884880 0.406718
-0.088258 0.884848 0.406705
-0.088804 0.884673 0.406682
-0.088997 0.884640 0.406670
-0.089544 0.884461 0.406645
-0.089738 0.884428 0.406632
-0.090264 0.884262 0.406607
-0.090661 0.884197 0.406581
-0.091105 0.883835 0.406532
-0.091784 0.883769 0.406475
-0.092509 0.883746 0.406406
-0.093281 0.883751 0.406325
-0.094113 0.883787 0.406228
-0.094929 0.883827 0.406129
-0.095704 0.883855 0.406040
-0.096546 0.883904 0.405936
-0.097327 0.883937 0.405843
-0.098130 0.883974 0.405747
-0.098193 0.883963 0.405739
-0.098636 0.883908 0.405701
-0.098973 0.883901 0.405564
-0.099047 0.883882 0.405540
-0.099499 0.883813 0.405484
-0.099893 0.883793 0.405307
-0.099954 0.883771 0.405287
-0.100181 0.883728 0.405259
-0.100732 0.883663 0.405066
-0.100805 0.883636 0.405045
-0.101039 0.883589 0.405015
-0.101604 0.883510 0.404817
-0.101678 0.883480 0.404795
-0.102131 0.883389 0.404736
-0.102531 0.883332 0.404548
-0.103444 0.882884 0.404515
-0.104300 0.882450 0.404506
-0.104961 0.882094 0.404519
-0.105727 0.881429 0.404529
-0.106624 0.880833 0.404551
-0.107432 0.880270 0.404594
-0.108375 0.879429 0.404730
-0.108451 0.878485 0.404904
-0.108380 0.878295 0.404954
-0.108475 0.878101 0.404987
-0.108574 0.877567 0.404981
-0.108532 0.877336 0.405011
-0.108671 0.877215 0.405013
-0.108972 0.876896 0.404903
-0.109001 0.876815 0.404897
-0.109195 0.876717 0.404880
-0.109667 0.876444 0.404698
-0.109710 0.876382 0.404686
-0.109918 0.876302 0.404662
-0.110421 0.876114 0.404473
-0.110487 0.876058 0.404452
-0.110923 0.875918 0.404392
-0.111256 0.875809 0.404228
-0.111391 0.875709 0.404174
-0.111606 0.875642 0.404140
-0.112155 0.875493 0.403916
-0.112234 0.875444 0.403889
-0.112692 0.875312 0.403815
-0.113117 0.875192 0.403597
-0.113188 0.875144 0.403568
-0.113422 0.875073 0.403528
-0.114020 0.874912 0.403270
-0.114938 0.874414 0.403227
-0.115797 0.873930 0.403211
-0.116460 0.873535 0.403218
-0.117269 0.872496 0.403256
-0.117264 0.872344 0.403280
-0.117419 0.872181 0.403285
-0.117738 0.871668 0.403148
-0.117761 0.871568 0.403137
-0.117952 0.871449 0.403108
-0.118427 0.871133 0.402870
-0.118494 0.871047 0.402832
-0.118935 0.870847 0.402728
-0.119302 0.870658 0.402481
-0.119395 0.870577 0.402420
-0.119879 0.870384 0.402275
-0.120303 0.870197 0.401975
-0.120504 0.870038 0.401828
-0.120750 0.869940 0.401742
-0.121449 0.869660 0.401292
-0.121568 0.869574 0.401206
-0.121844 0.869464 0.401103
-0.122720 0.869084 0.400491
-0.123855 0.867611 0.398981
-0.124114 0.867177 0.398668
-0.124333 0.867049 0.398564
-0.124579 0.866928 0.398407
-0.125185 0.866434 0.397914
-0.125437 0.866301 0.397783
-0.125711 0.866174 0.397601
-0.126484 0.865548 0.396905
-0.126737 0.865411 0.396757
-0.127016 0.865278 0.396558
-0.127825 0.864609 0.395780
-0.128083 0.864461 0.395617
-0.128366 0.864282 0.395454
-0.129087 0.863698 0.394724
-0.129983 0.863084 0.394565
-0.130825 0.862481 0.394437
-0.131491 0.861973 0.394342
-0.132516 0.860455 0.393995
-0.132558 0.860213 0.393952
-0.132750 0.859957 0.393873
-0.133276 0.859156 0.393396
-0.133356 0.858958 0.393299
-0.133804 0.858533 0.393043
-0.134326 0.857885 0.392431
-0.134426 0.857706 0.392304
-0.134679 0.857502 0.392145
-0.135435 0.856833 0.391402
-0.135562 0.856653 0.391253
-0.135834 0.856447 0.391072
-0.136748 0.855626 0.390096
-0.136867 0.855446 0.389941
-0.137135 0.855237 0.389752
-0.137943 0.854542 0.388901
-0.138079 0.854353 0.388730
-0.138951 0.853682 0.388584
-0.139887 0.853035 0.388433
-0.141238 0.851524 0.388130
-0.141316 0.851244 0.388107
-0.142110 0.850495 0.388108
-0.142959 0.849790 0.388096
-0.143985 0.848174 0.388237
-0.143979 0.847884 0.388309
-0.144175 0.847329 0.388363
-0.144228 0.846722 0.388286
-0.144200 0.846319 0.388266
-0.144320 0.846107 0.388220
-0.144682 0.845444 0.387857
-0.144730 0.845270 0.387794
-0.144924 0.845071 0.387695
-0.145497 0.844459 0.387160
-0.145653 0.844138 0.386973
-0.145856 0.843960 0.386849
-0.146503 0.843397 0.386216
-0.146610 0.843240 0.386096
-0.147083 0.842887 0.385795
-0.147668 0.842374 0.385121
-0.147776 0.842221 0.384990
-0.148024 0.842040 0.384824
-0.148991 0.841367 0.384711
-0.150774 0.839718 0.384551
-0.150845 0.839450 0.384591
-0.151195 0.838441 0.384625
-0.150446 0.836085 0.384554
-0.150583 0.835984 0.384497
-0.151058 0.835440 0.384270
-0.151232 0.835331 0.384198
-0.151693 0.834943 0.383998
-0.153183 0.833793 0.384054
-0.154039 0.833047 0.384206
-0.154318 0.832348 0.384544
-0.155006 0.831673 0.384718
-0.156168 0.830582 0.385057
-0.156133 0.829320 0.386142
-0.156132 0.829154 0.386286
-0.155857 0.828369 0.386963
-0.155922 0.828260 0.387013
-0.156032 0.828108 0.387047
-0.156236 0.827716 0.386995
-0.156383 0.827619 0.386962
-0.156565 0.827479 0.386923
-0.156992 0.827119 0.386635
-0.157369 0.826944 0.386474
-0.157538 0.826827 0.386405
-0.157934 0.826560 0.386067
-0.158373 0.826374 0.385829
-0.158715 0.826146 0.385639
-0.158987 0.825971 0.385357
-0.159810 0.825359 0.385312
-0.160686 0.824780 0.385262
-0.161619 0.823963 0.385322
-0.161948 0.823218 0.385415
-0.162064 0.823076 0.385414
-0.162211 0.822898 0.385403
-0.162503 0.822357 0.385162
-0.162653 0.822253 0.385097
-0.162842 0.822103 0.385026
-0.163310 0.821701 0.384609
-0.163508 0.821597 0.384498
-0.163739 0.821448 0.384386
-0.164402 0.820976 0.383737
-0.164610 0.820876 0.383607
-0.164852 0.820727 0.383475
-0.165493 0.820318 0.382848
-0.166297 0.819697 0.382820
-0.167040 0.819087 0.382817
-0.167613 0.818606 0.382833
-0.168360 0.817776 0.382818
-0.169757 0.816443 0.383078
-0.170100 0.815947 0.383264
-0.170381 0.815540 0.383427
-0.170568 0.814672 0.383830
-0.170517 0.814500 0.383932
-0.171177 0.813780 0.384115
-0.171886 0.813113 0.384272
-0.172576 0.812041 0.384709
-0.172397 0.811449 0.385202
-0.172419 0.811287 0.385313
-0.172486 0.810958 0.385405
-0.172435 0.810636 0.385540
-0.172537 0.810524 0.385548
-0.172786 0.810346 0.385416
-0.173015 0.809978 0.385302
-0.173171 0.809882 0.385250
-0.173368 0.809792 0.385123
-0.173701 0.809557 0.384911
-0.175626 0.807890 0.385066
-0.175952 0.807565 0.385147
-0.176198 0.807262 0.385227
-0.176390 0.806526 0.385391
-0.176488 0.806418 0.385395
-0.177318 0.805729 0.385484
-0.178061 0.805071 0.385591
-0.178770 0.804038 0.385908
-0.178990 0.803551 0.386183
-0.178998 0.803403 0.386270
-0.178982 0.803096 0.386321
-0.179195 0.802911 0.386304
-0.179293 0.802787 0.386300
-0.179533 0.802477 0.386094
-0.179693 0.802395 0.386031
-0.180037 0.802150 0.385908
-0.180812 0.801349 0.384772
-0.180857 0.801266 0.384745
-0.181494 0.800884 0.384474
-0.181578 0.800784 0.384433
-0.182358 0.800308 0.384055
-0.182439 0.800205 0.384007
-0.183169 0.799751 0.383644
-0.183264 0.799638 0.383587
-0.183489 0.799496 0.383494
-0.185941 0.797208 0.383865
-0.185983 0.796988 0.383976
-0.186121 0.796773 0.384041
-0.186945 0.795985 0.384204
-0.188195 0.794310 0.384800
-0.188169 0.794084 0.384971
-0.188242 0.793866 0.385097
-0.188281 0.793401 0.385297
-0.188229 0.793175 0.385413
-0.188325 0.793052 0.385433
-0.188603 0.792814 0.385290
-0.188718 0.792610 0.385249
-0.188885 0.792497 0.385201
-0.189420 0.792234 0.384811
-0.189518 0.792136 0.384746
-0.190321 0.791417 0.384797
-0.192051 0.789422 0.385392
-0.191924 0.789158 0.386037
-0.191955 0.789093 0.386043
-0.192555 0.788781 0.385908
-0.192618 0.788698 0.385893
-0.192815 0.788585 0.385842
-0.193488 0.788314 0.385372
-0.193584 0.788225 0.385310
-0.193810 0.788104 0.385217
-0.194602 0.787797 0.384571
-0.194718 0.787700 0.384480
-0.195536 0.786969 0.384510
-0.196392 0.786291 0.384522
-0.197554 0.785127 0.384549
-0.197613 0.784948 0.384583
-0.197778 0.784763 0.384580
-0.198137 0.784424 0.384372
-0.198895 0.783715 0.384448
-0.199595 0.783026 0.384536
-0.200115 0.782507 0.384622
-0.199771 0.781199 0.385681
-0.199832 0.780902 0.385703
-0.199858 0.780803 0.385705
-0.201633 0.778261 0.386602
-0.201574 0.778079 0.386747
-0.202957 0.775675 0.388028
-0.201900 0.775079 0.389425
-0.201309 0.774820 0.390125
-0.200869 0.774534 0.390678
-0.201505 0.773833 0.390888
-0.202358 0.772101 0.391987
-0.202951 0.771332 0.392303
-0.202987 0.769370 0.394349
-0.201768 0.769072 0.395648
-0.202317 0.768368 0.395942
-0.202308 0.766530 0.397892
-0.201676 0.766298 0.398576
-0.202763 0.764252 0.399837
-0.201398 0.763585 0.401456
-0.201884 0.762846 0.401799
-0.201359 0.760899 0.403964
-0.201077 0.760790 0.404227
-0.201670 0.758353 0.405960
-0.199341 0.757724 0.407823
-0.199048 0.757628 0.408016
-0.199853 0.755113 0.409247
-0.198415 0.754362 0.410141
-0.197101 0.753861 0.410782
-0.196357 0.753458 0.411142
-0.195826 0.753052 0.411396
-0.195371 0.752613 0.411604
-0.195052 0.752191 0.411750
-0.194819 0.751773 0.411856
-0.194674 0.751383 0.411928
-0.194640 0.751110 0.411961
-0.194564 0.750954 0.411844
-0.194583 0.750764 0.411836
-0.194561 0.750554 0.411676
-0.194569 0.750173 0.411663
-0.194585 0.750067 0.411665
-0.194601 0.749753 0.411498
-0.194621 0.749363 0.411486
-0.194649 0.749089 0.411491
-0.194643 0.748931 0.411343
-0.194691 0.748739 0.411322
-0.194727 0.748552 0.411154
-0.194795 0.748284 0.411120
-0.194826 0.748158 0.410973
-0.195629 0.747376 0.411065
-0.196836 0.746109 0.411231
-0.197145 0.745169 0.411292
-0.197126 0.745024 0.411313
-0.196942 0.744652 0.411239
-0.196912 0.744438 0.411255
-0.196818 0.744229 0.411141
-0.196711 0.743788 0.411156
-0.196615 0.743360 0.411197
-0.196623 0.743255 0.411204
-0.196610 0.742973 0.411064
-0.196627 0.742865 0.411060
-0.197434 0.742007 0.411178
-0.198877 0.740261 0.411351
-0.198877 0.739715 0.411454
-0.198657 0.739442 0.411406
-0.198631 0.739323 0.411415
-0.199396 0.738451 0.411550
-0.200704 0.736674 0.411774
-0.200631 0.736119 0.411906
-0.200560 0.736021 0.411890
-0.202273 0.733962 0.412217
-0.202494 0.733269 0.412375
-0.202228 0.732736 0.412443
-0.202000 0.732376 0.412537
-0.201697 0.732176 0.412498
-0.201660 0.732064 0.412510
-0.202417 0.731184 0.412656
-0.203702 0.729243 0.412939
-0.203682 0.729050 0.412982
-0.203296 0.728549 0.413001
-0.203257 0.728432 0.413021
-0.203042 0.728123 0.412948
-0.203026 0.728010 0.412956
-0.202905 0.727713 0.412843
-0.202904 0.727602 0.412845
-0.202829 0.727282 0.412702
-0.202840 0.727175 0.412702
-0.202836 0.726896 0.412549
-0.202868 0.726689 0.412541
-0.202869 0.726495 0.412389
-0.202911 0.726287 0.412370
-0.202932 0.726066 0.412190
-0.202961 0.725959 0.412181
-0.203035 0.725681 0.411993
-0.203092 0.725475 0.411975
-0.203140 0.725281 0.411805
-0.203202 0.725073 0.411778
-0.203268 0.724852 0.411581
-0.203304 0.724746 0.411569
-0.203414 0.724468 0.411368
-0.203484 0.724261 0.411345
-0.204009 0.723943 0.410921
-0.204040 0.723623 0.410936
-0.203992 0.723197 0.410966
-0.204002 0.723088 0.410971
-0.203989 0.722773 0.410820
-0.204008 0.722665 0.410818
-0.204043 0.722355 0.410641
-0.204068 0.722248 0.410636
-0.204138 0.721941 0.410445
-0.204168 0.721834 0.410438
-0.204258 0.721552 0.410251
-0.204320 0.721343 0.410231
-0.204384 0.721146 0.410056
-0.204453 0.720935 0.410026
-0.204480 0.720863 0.409962
-0.204731 0.720537 0.409808
-0.204810 0.720402 0.409798
-0.205043 0.720057 0.409589
-0.205087 0.719952 0.409579
-0.205245 0.719671 0.409362
-0.205287 0.719568 0.409350
-0.205434 0.719305 0.409143
-0.205478 0.719197 0.409128
-0.205528 0.719104 0.409061
-0.205811 0.718749 0.408892
-0.205963 0.718496 0.408869
-0.206143 0.718261 0.408669
-0.206191 0.718158 0.408655
-0.206360 0.717902 0.408438
-0.206407 0.717795 0.408421
-0.206578 0.717525 0.408197
-0.206645 0.717366 0.407264
-0.206726 0.717145 0.406486
-0.206793 0.716697 0.405070
-0.206807 0.716589 0.405038
-0.206812 0.716280 0.404826
-0.206831 0.716172 0.404822
-0.206878 0.715856 0.404639
-0.206904 0.715746 0.404633
-0.206994 0.715431 0.404434
-0.207027 0.715322 0.404425
-0.207153 0.715009 0.404210
-0.207192 0.714900 0.404199
-0.207333 0.714614 0.403988
-0.207376 0.714501 0.403972
-0.207558 0.714180 0.403728
-0.207610 0.714014 0.402798
-0.207679 0.713784 0.402022
-0.207734 0.713323 0.400605
-0.207747 0.713214 0.400572
-0.207779 0.713048 0.400440
-0.207774 0.712497 0.397903
-0.207767 0.712363 0.397714
-0.207623 0.712016 0.397296
-0.207617 0.711905 0.397295
-0.207557 0.711600 0.397159
-0.207564 0.711379 0.397159
-0.207533 0.711132 0.397008
-0.207551 0.711019 0.397002
-0.207578 0.710919 0.396942
-0.209738 0.708404 0.397097
-0.209855 0.708063 0.397135
-0.209743 0.707223 0.397126
-0.209701 0.707048 0.397144
-0.210435 0.706075 0.397252
-0.211643 0.703939 0.397420
-0.211487 0.703172 0.397560
-0.211178 0.702772 0.397555
-0.211019 0.702422 0.397597
-0.211706 0.701465 0.397716
-0.212796 0.699645 0.397861
-0.212607 0.698541 0.398070
-0.212372 0.698270 0.398065
-0.211963 0.697640 0.398163
-0.211766 0.697458 0.398125
-0.211381 0.696838 0.398197
-0.211308 0.696767 0.398166
-0.210967 0.696124 0.398174
-0.209957 0.695561 0.398325
-0.209975 0.695215 0.398339
-0.209846 0.694643 0.398389
-0.209690 0.694090 0.398446
-0.209489 0.693495 0.398515
-0.209203 0.692820 0.398607
-0.209180 0.692676 0.398620
-0.211185 0.689421 0.399059
-0.210679 0.688429 0.399296
-0.210003 0.687599 0.399520
-0.209500 0.686924 0.399688
-0.209027 0.686247 0.399845
-0.208490 0.685507 0.400015
-0.207992 0.684798 0.400172
-0.207595 0.684160 0.400299
-0.207197 0.683499 0.400423
-0.206725 0.682766 0.400564
-0.206678 0.682613 0.400583
-0.205708 0.682055 0.400769
-0.205611 0.681886 0.400800
-0.204412 0.681238 0.401041
-0.204283 0.681057 0.401079
-0.203109 0.680448 0.401313
-0.202945 0.680252 0.401358
-0.203580 0.679243 0.401495
-0.203835 0.676776 0.401996
-0.203463 0.676208 0.402134
-0.202157 0.675545 0.402405
-0.201658 0.675093 0.402529
-0.199988 0.674372 0.402842
-0.199743 0.674152 0.402899
-0.200307 0.673121 0.403052
-0.200500 0.670836 0.403505
-0.199806 0.669898 0.403726
-0.198657 0.669374 0.403920
-0.198343 0.669121 0.403981
-0.199452 0.666475 0.404408
-0.199043 0.665687 0.404589
-0.197876 0.664492 0.404858
-0.196655 0.664000 0.405022
-0.195411 0.663133 0.405216
-0.194607 0.662864 0.405300
-0.192544 0.661617 0.405563
-0.191007 0.660539 0.405750
-0.189762 0.659583 0.405885
-0.188867 0.658780 0.405974
-0.188616 0.658429 0.406002
-0.189301 0.657472 0.406131
-0.190798 0.655393 0.406428
-0.190752 0.654683 0.406496
-0.190806 0.654304 0.406541
-0.190731 0.653864 0.406568
-0.190883 0.653604 0.406595
-0.190921 0.653233 0.406612
-0.191222 0.652992 0.406632
-0.191311 0.652761 0.406637
-0.191443 0.652661 0.406643
-0.194068 0.650182 0.406997
-0.194281 0.649868 0.407026
-0.194985 0.649173 0.407081
-0.195099 0.648903 0.407086
-0.195628 0.648599 0.407092
-0.195705 0.648482 0.407091
-0.196047 0.648272 0.407095
-0.198353 0.646129 0.407394
-0.198931 0.645403 0.407463
-0.199713 0.644793 0.407500
-0.200016 0.644296 0.407492
-0.200344 0.643561 0.407470
-0.200381 0.643118 0.407478
-0.200345 0.642646 0.407494
-0.201116 0.641752 0.407621
-0.202691 0.639201 0.407941
-0.203460 0.638237 0.408082
-0.204877 0.635375 0.408456
-0.204845 0.635168 0.408472
-0.206903 0.631751 0.408961
-0.206588 0.630792 0.409058
-0.207290 0.629858 0.409203
-0.208549 0.627048 0.409593
-0.208312 0.626413 0.409647
-0.210013 0.624066 0.410019
-0.210336 0.622976 0.410151
-0.212300 0.619999 0.410620
-0.212284 0.618791 0.410756
-0.212967 0.617813 0.410914
-0.214161 0.614888 0.411331
-0.213693 0.614018 0.411409
-0.213323 0.613357 0.411457
-0.214011 0.612425 0.411613
-0.215321 0.609653 0.412011
-0.214941 0.608840 0.412072
-0.214617 0.608204 0.412111
-0.214303 0.607561 0.412147
-0.214992 0.606628 0.412304
-0.216339 0.603867 0.412700
-0.216054 0.603125 0.412748
-0.215734 0.602464 0.412782
-0.215424 0.601816 0.412814
-0.215124 0.601171 0.412844
-0.214778 0.600478 0.412877
-0.215465 0.599550 0.413036
-0.216848 0.596821 0.413433
-0.216703 0.596238 0.413465
-0.218369 0.593864 0.413876
-0.218672 0.592385 0.414045
-0.218600 0.592030 0.414062
-0.220431 0.589144 0.414546
-0.220395 0.587852 0.414670
-0.220017 0.587143 0.414704
-0.219716 0.586535 0.414729
-0.219368 0.585865 0.414755
-0.219090 0.585264 0.414777
-0.218762 0.584597 0.414801
-0.218452 0.583953 0.414823
-0.218387 0.583663 0.414832
-0.218515 0.583078 0.414932
-0.218511 0.582236 0.414957
-0.218442 0.581615 0.414977
-0.218343 0.580944 0.415000
-0.218266 0.580346 0.415018
-0.218195 0.579782 0.415035
-0.218269 0.579593 0.414104
-0.218513 0.578796 0.412072
-0.218438 0.578271 0.411994
-0.218361 0.577830 0.411999
-0.218468 0.577480 0.410287
-0.218544 0.576867 0.409031
-0.218526 0.576608 0.408981
-0.218659 0.576044 0.406432
-0.218583 0.575581 0.405921
-0.218610 0.575423 0.404974
-0.218614 0.574795 0.402912
-0.218321 0.574356 0.402829
-0.217991 0.573849 0.402835
-0.217628 0.573275 0.402849
-0.217393 0.572789 0.402861
-0.217368 0.572425 0.401158
-0.217202 0.571810 0.399882
-0.216884 0.571313 0.399837
-0.216578 0.570782 0.399846
-0.216202 0.570153 0.399861
-0.216118 0.569867 0.399867
-0.216079 0.569266 0.397372
-0.215930 0.568776 0.396865
-0.215668 0.568255 0.396851
-0.214414 0.567560 0.396862
-0.214363 0.567108 0.396871
-0.214249 0.566532 0.396884
-0.214080 0.565861 0.396902
-0.213942 0.565245 0.396919
-0.213797 0.564599 0.396937
-0.213624 0.563891 0.396958
-0.213492 0.563259 0.396976
-0.213332 0.562554 0.396997
-0.213184 0.561873 0.397018
-0.213044 0.561198 0.397039
-0.212929 0.560573 0.397057
-0.212802 0.559919 0.397077
-0.212668 0.559254 0.397097
-0.212506 0.558535 0.397120
-0.212381 0.557895 0.397139
-0.212223 0.557184 0.397162
-0.212097 0.556547 0.397181
-0.211961 0.555887 0.397201
-0.211793 0.555168 0.397224
-0.211660 0.554528 0.397244
-0.211492 0.553816 0.397267
-0.211356 0.553177 0.397286
-0.211184 0.552466 0.397309
-0.211044 0.551827 0.397328
-0.210865 0.551115 0.397351
-0.210695 0.550428 0.397373
-0.210552 0.549795 0.397392
-0.210396 0.549135 0.397412
-0.210377 0.548965 0.397416
-0.210591 0.548451 0.397458
-0.210612 0.548304 0.397462
-0.210960 0.547906 0.397497
-0.211041 0.547633 0.397504
-0.211456 0.547348 0.397535
-0.211517 0.547214 0.397538
-0.211954 0.546894 0.397565
-0.212710 0.545973 0.397689
-0.213425 0.545059 0.397810
-0.215115 0.543530 0.398017
-0.215218 0.543381 0.398021
-0.215384 0.543246 0.398031
-0.218052 0.540369 0.398440
-0.218238 0.540132 0.398457
-0.218901 0.539708 0.398491
-0.219660 0.538772 0.398619
-0.220376 0.537844 0.398741
-0.222112 0.536314 0.398934
-0.222223 0.536167 0.398934
-0.222876 0.535843 0.398935
-0.223043 0.535597 0.398928
-0.223633 0.535371 0.398919
-0.223723 0.535244 0.398915
-0.224359 0.534933 0.398902
-0.224453 0.534800 0.398896
-0.225107 0.534476 0.398877
-0.225205 0.534343 0.398871
-0.225877 0.534017 0.398846
-0.226067 0.533765 0.398831
-0.226719 0.533534 0.398799
-0.226821 0.533407 0.398791
-0.227517 0.533103 0.398752
-0.227622 0.532972 0.398743
-0.228430 0.532654 0.398685
-0.228530 0.532529 0.398674
-0.229325 0.532223 0.398609
-0.229424 0.532099 0.398597
-0.230215 0.531799 0.398525
-0.230313 0.531676 0.398513
-0.230642 0.531479 0.398493
-0.232628 0.529108 0.398757
-0.232983 0.528661 0.398788
-0.234123 0.527915 0.398777
-0.234255 0.527775 0.398763
-0.234992 0.526705 0.398874
-0.237214 0.524510 0.399065
-0.237550 0.524166 0.399045
-0.238361 0.523942 0.398955
-0.238480 0.523824 0.398935
-0.239357 0.523571 0.398806
-0.239465 0.523453 0.398785
-0.240198 0.523194 0.398675
-0.240310 0.523070 0.398653
-0.241051 0.522801 0.398535
-0.241164 0.522677 0.398511
-0.241910 0.522411 0.398386
-0.242125 0.522179 0.398337
-0.242838 0.522008 0.398208
-0.242950 0.521891 0.398183
-0.243805 0.521647 0.398017
-0.243912 0.521531 0.397991
-0.244640 0.521287 0.397850
-0.244750 0.521167 0.397823
-0.245490 0.520918 0.397675
-0.245701 0.520691 0.397619
-0.246028 0.520567 0.397561
-0.246319 0.520257 0.395743
-0.246586 0.519943 0.394858
-0.247385 0.519839 0.394213
-0.247505 0.519741 0.394164
-0.248260 0.519566 0.393979
-0.248467 0.519357 0.393921
-0.249148 0.519225 0.393767
-0.249252 0.519113 0.393738
-0.249956 0.518887 0.393579
-0.250060 0.518769 0.393549
-0.250765 0.518531 0.393382
-0.250963 0.518308 0.393321
-0.251634 0.518158 0.393152
-0.251737 0.518044 0.393121
-0.252546 0.517820 0.392910
-0.252644 0.517706 0.392878
-0.253435 0.517479 0.392664
-0.253861 0.517097 0.392495
-0.254109 0.516593 0.392362
-0.254187 0.516172 0.392311
-0.255690 0.513644 0.392534
-0.256212 0.512599 0.392574
-0.258086 0.509475 0.392846
-0.258579 0.508487 0.392841
-0.259162 0.507433 0.392944
-0.260743 0.504600 0.393101
-0.260907 0.504014 0.393026
-0.260932 0.503511 0.392975
-0.260886 0.502941 0.392940
-0.260800 0.502376 0.392925
-0.260680 0.501804 0.392926
-0.260553 0.501259 0.392940
-0.260366 0.500650 0.392968
-0.260194 0.500090 0.393000
-0.259999 0.499506 0.393040
-0.259785 0.498913 0.393086
-0.259523 0.498276 0.393145
-0.259300 0.497700 0.393198
-0.259025 0.497064 0.393265
-0.258754 0.496448 0.393332
-0.258560 0.495919 0.393382
-0.259051 0.494864 0.393503
-0.260259 0.491970 0.393779
-0.260199 0.491334 0.393804
-0.260063 0.490795 0.393826
-0.260558 0.489749 0.393943
-0.261844 0.486894 0.394184
-0.261864 0.486284 0.394173
-0.261782 0.485763 0.394170
-0.261631 0.485175 0.394181
-0.261481 0.484627 0.394201
-0.261275 0.484019 0.394236
-0.261058 0.483424 0.394278
-0.260861 0.482865 0.394320
-0.260642 0.482280 0.394368
-0.259832 0.481386 0.394618
-0.259757 0.480936 0.394634
-0.259605 0.480393 0.394664
-0.259380 0.479783 0.394708
-0.259142 0.479182 0.394759
-0.258894 0.478581 0.394815
-0.258636 0.477977 0.394875
-0.258565 0.477687 0.394893
-0.258680 0.477447 0.394896
-0.258698 0.477179 0.394894
-0.258944 0.476985 0.394859
-0.259032 0.476654 0.394832
-0.259350 0.476546 0.394768
-0.259453 0.476315 0.394737
-0.259841 0.476172 0.394649
-0.259970 0.475941 0.394607
-0.260402 0.475803 0.394499
-0.260606 0.475504 0.394425
-0.261054 0.475429 0.394305
-0.261277 0.475145 0.394222
-0.261645 0.475077 0.394124
-0.261903 0.474788 0.394033
-0.262409 0.474729 0.393887
-0.262592 0.474518 0.393820
-0.263124 0.474410 0.393662
-0.263394 0.474128 0.393556
-0.263535 0.474089 0.393517
-0.264746 0.472144 0.393637
-0.265730 0.470743 0.393622
-0.266427 0.470450 0.393487
-0.266993 0.470114 0.393289
-0.267508 0.470119 0.393122
-0.267891 0.469881 0.392966
-0.268396 0.469856 0.392795
-0.268771 0.469603 0.392637
-0.269414 0.469584 0.392406
-0.269760 0.469334 0.392250
-0.270241 0.469297 0.392080
-0.270695 0.468997 0.391873
-0.271166 0.468988 0.391705
-0.271520 0.468732 0.391548
-0.272142 0.468704 0.391317
-0.272475 0.468448 0.391161
-0.272947 0.468404 0.390988
-0.273297 0.468134 0.390829
-0.273779 0.468088 0.390651
-0.274233 0.467781 0.390435
-0.274705 0.467767 0.390257
-0.275060 0.467506 0.390092
-0.275552 0.467458 0.389887
-0.275932 0.467179 0.389669
-0.276621 0.467122 0.389318
-0.277029 0.466842 0.389047
-0.277773 0.466778 0.388626
-0.278229 0.466495 0.388303
-0.278852 0.466427 0.387936
-0.279378 0.466134 0.387559
-0.280063 0.466066 0.387136
-0.280648 0.465775 0.386704
-0.281389 0.465709 0.386222
-0.282028 0.465419 0.385731
-0.283067 0.465357 0.385005
-0.283737 0.465078 0.384452
-0.284568 0.465012 0.383849
-0.285520 0.464679 0.383031
-0.286136 0.463603 0.382926
-0.286820 0.462666 0.382789
-0.289139 0.460928 0.381546
-0.289481 0.460913 0.381300
-0.290419 0.460654 0.380538
-0.291717 0.458639 0.380200
-0.292811 0.457728 0.379724
-0.294596 0.457019 0.378325
-0.294958 0.457025 0.378017
-0.296543 0.456797 0.376436
-0.296897 0.456814 0.376101
-0.298479 0.456572 0.374400
-0.298835 0.456583 0.374043
-0.299519 0.456391 0.373321
-0.301335 0.453729 0.372442
-0.301847 0.453378 0.372087
-0.302713 0.452844 0.371333
-0.305064 0.449707 0.369986
-0.305534 0.449518 0.369579
-0.305964 0.449307 0.369158
-0.308321 0.446154 0.367634
-0.309229 0.445904 0.366712
-0.310638 0.445696 0.364788
-0.311218 0.444671 0.364392
-0.311865 0.443781 0.363950
-0.313627 0.442413 0.361946
-0.314214 0.441322 0.361510
-0.315404 0.439855 0.360498
-0.317232 0.439089 0.357673
-0.317584 0.439152 0.357078
-0.319076 0.439231 0.354088
-0.319717 0.439390 0.352871
-0.321021 0.439414 0.349888
-0.321313 0.439471 0.349289
-0.322555 0.439385 0.346361
-0.322831 0.439424 0.345778
-0.323984 0.439263 0.342948
-0.324241 0.439289 0.342389
-0.324678 0.438278 0.341914
-0.325959 0.435962 0.339402
-0.326123 0.435947 0.338912
-0.326608 0.437294 0.328688
-0.326599 0.437201 0.328519
-0.326839 0.437023 0.327548
-0.326850 0.436907 0.327409
-0.327128 0.436648 0.326735
-0.327150 0.436517 0.326620
-0.327487 0.436190 0.325978
-0.327506 0.436056 0.325892
-0.327647 0.434924 0.325889
-0.328133 0.432774 0.325655
-0.328192 0.432291 0.325418
-0.328424 0.432251 0.325062
-0.328498 0.432002 0.324822
-0.328578 0.431970 0.324737
-0.328940 0.430046 0.324708
-0.329137 0.428706 0.324541
-0.329393 0.428506 0.324208
-0.329449 0.428328 0.324043
-0.329560 0.427280 0.324045
-0.329997 0.425366 0.323801
-0.330053 0.424995 0.323540
-0.330293 0.425062 0.323150
-0.330351 0.424906 0.322969
-0.330638 0.424860 0.322612
-0.330730 0.424583 0.322391
-0.331012 0.424499 0.322118
-0.331082 0.424258 0.322004
-0.331385 0.424066 0.321788
-0.331484 0.423706 0.321670
-0.331773 0.423538 0.321524
-0.331871 0.423170 0.321450
-0.332110 0.423015 0.321372
-0.332236 0.422624 0.321320
-0.332548 0.422427 0.321256
-0.332656 0.422042 0.321236
-0.332959 0.421843 0.321205
-0.333038 0.421555 0.321202
-0.333407 0.421258 0.321189
-0.333443 0.421108 0.321193
-0.333822 0.420704 0.321192
-0.333858 0.420548 0.321199
-0.334276 0.420092 0.321226
-0.334305 0.419940 0.321239
-0.334702 0.419492 0.321284
-0.334729 0.419339 0.321299
-0.335123 0.418893 0.321352
-0.335150 0.418740 0.321367
-0.335572 0.418268 0.321443
-0.335991 0.418189 0.321507
-0.336493 0.418180 0.321567
-0.336950 0.418200 0.321601
-0.337471 0.418246 0.321627
-0.337934 0.418290 0.321634
-0.338153 0.418306 0.321624
-0.338618 0.415576 0.321841
-0.339092 0.415458 0.321725
-0.339540 0.415730 0.321531
-0.340065 0.415958 0.321314
-0.340570 0.416111 0.321136
-0.341031 0.416211 0.321006
-0.341517 0.416299 0.320895
-0.342053 0.416391 0.320794
-0.342564 0.416470 0.320718
-0.343071 0.416542 0.320656
-0.343538 0.416600 0.320605
-0.344033 0.416661 0.320555
-0.344579 0.416733 0.320509
-0.345060 0.416790 0.320471
-0.345562 0.416849 0.320432
-0.345958 0.416888 0.320398
-0.345946 0.419386 0.320187
-0.346525 0.419985 0.320196
-0.347030 0.419820 0.320325
-0.347537 0.419729 0.320446
-0.348093 0.419699 0.320561
-0.348583 0.419705 0.320626
-0.349139 0.419738 0.320674
-0.349632 0.419774 0.320692
-0.350148 0.419820 0.320690
-0.350554 0.419851 0.320673
-0.350594 0.420034 0.320765
-0.351177 0.420169 0.320684
-0.351745 0.420292 0.320544
-0.352288 0.420395 0.320428
-0.352824 0.420481 0.320331
-0.353316 0.420544 0.320254
-0.353836 0.420607 0.320181
-0.354074 0.420625 0.320150
-0.353881 0.420395 0.317968
-0.354311 0.420402 0.318342
-0.354853 0.420421 0.318795
-0.355458 0.420442 0.319152
-0.356027 0.420463 0.319374
-0.356583 0.420491 0.319507
-0.357091 0.420520 0.319566
-0.357671 0.420565 0.319598
-0.358454 0.420656 0.319772
-0.358848 0.420672 0.319718
-0.359139 0.420683 0.319681
-0.359716 0.420936 0.321561
-0.360459 0.421079 0.321378
-0.361005 0.421176 0.320703
-0.361226 0.421201 0.320542
-0.361944 0.421520 0.322347
-0.362248 0.421575 0.322260
-0.363087 0.421953 0.323692
-0.363230 0.421982 0.323528
-0.364160 0.422405 0.324338
-0.364675 0.422585 0.322773
-0.365170 0.422769 0.321567
-0.365403 0.422823 0.321247
-0.365694 0.422547 0.320706
-0.366018 0.422520 0.320382
-0.366254 0.422169 0.320032
-0.366557 0.422102 0.319824
-0.366743 0.421763 0.319645
-0.367134 0.421618 0.319459
-0.367378 0.421108 0.319258
-0.367416 0.420573 0.319164
-0.367401 0.419990 0.319110
-0.367356 0.419348 0.319086
-0.367315 0.418752 0.319081
-0.367260 0.418096 0.319093
-0.367207 0.417457 0.319115
-0.367164 0.416858 0.319134
-0.367117 0.416237 0.319154
-0.367057 0.415572 0.319184
-0.367010 0.414966 0.319209
-0.366950 0.414305 0.319242
-0.366903 0.413701 0.319266
-0.366852 0.413079 0.319290
-0.366800 0.412453 0.319313
-0.366708 0.411704 0.319372
-0.367073 0.411611 0.319391
-0.367537 0.411594 0.319386
-0.368069 0.411610 0.319367
-0.368626 0.411643 0.319339
-0.369243 0.411695 0.319303
-0.369831 0.411747 0.319266
-0.369872 0.411626 0.319257
-0.370374 0.411303 0.319193
-0.370416 0.411164 0.319183
-0.370953 0.410768 0.319118
-0.371455 0.410727 0.319090
-0.372295 0.410796 0.319101
-0.372706 0.410800 0.319061
-0.373239 0.410828 0.319011
-0.373807 0.410868 0.318960
-0.374341 0.410905 0.318913
-0.374960 0.410957 0.318859
-0.375509 0.410999 0.318811
-0.376135 0.411053 0.318756
-0.376736 0.411104 0.318704
-0.377283 0.411145 0.318656
-0.377911 0.411197 0.318601
-0.378515 0.411248 0.318548
-0.378938 0.411269 0.318513
-0.379124 0.410958 0.318469
-0.379458 0.410840 0.318431
-0.379666 0.410473 0.318382
-0.380010 0.410328 0.318343
-0.380266 0.409879 0.318288
-0.380589 0.409762 0.318260
-0.380791 0.409383 0.318221
-0.381130 0.409226 0.318191
-0.381213 0.409070 0.318177
-0.381689 0.408921 0.319950
-0.382002 0.408838 0.320101
-0.382349 0.408348 0.319727
-0.382695 0.408216 0.319390
-0.383015 0.407692 0.318865
-0.383105 0.407120 0.318505
-0.383100 0.406520 0.318284
-0.383495 0.406437 0.318186
-0.383987 0.406425 0.318124
-0.384551 0.406439 0.318069
-0.385195 0.406476 0.318012
-0.385338 0.406558 0.318807
-0.386228 0.406651 0.319669
-0.386743 0.406661 0.319108
-0.386893 0.406743 0.319810
-0.387762 0.406852 0.320350
-0.388045 0.406855 0.320022
-0.388757 0.407048 0.321210
-0.389332 0.407080 0.320231
-0.389468 0.407166 0.320832
-0.390388 0.407313 0.320684
-0.390769 0.407342 0.320061
-0.391282 0.407544 0.321265
-0.392002 0.407632 0.319932
-0.392607 0.407733 0.319032
-0.393297 0.407853 0.318411
-0.393901 0.407931 0.318096
-0.394581 0.408007 0.317869
-0.395174 0.408054 0.317744
-0.395845 0.408102 0.317645
-0.396432 0.408133 0.317583
-0.397098 0.408169 0.317527
-0.397685 0.408193 0.317486
-0.398350 0.408224 0.317444
-0.398987 0.408253 0.317406
-0.399566 0.408271 0.317375
-0.400230 0.408298 0.317339
-0.400594 0.408296 0.317325
-0.400868 0.408368 0.317749
-0.401121 0.408372 0.317858
-0.401491 0.408454 0.318518
-0.401618 0.408456 0.318590
-0.402054 0.408518 0.319340
-0.402317 0.408514 0.319500
-0.402645 0.408569 0.320160
-0.403018 0.408566 0.320429
-0.403292 0.408625 0.321098
-0.403543 0.408621 0.321294
-0.403854 0.408672 0.321998
-0.404115 0.408667 0.322205
-0.404486 0.408726 0.323039
-0.404613 0.408724 0.323137
-0.405040 0.408767 0.323982
-0.405173 0.408765 0.324081
-0.405666 0.408814 0.325030
-0.405792 0.408810 0.325117
-0.406217 0.408849 0.325929
-0.406350 0.408846 0.326024
-0.406841 0.408894 0.326954
-0.406967 0.408891 0.327039
-0.407392 0.408929 0.327841
-0.408023 0.408924 0.328294
-0.408639 0.408909 0.328488
-0.409208 0.408898 0.328559
-0.409869 0.408900 0.328583
-0.410510 0.408909 0.328573
-0.411096 0.408913 0.328550
-0.411715 0.408921 0.328519
-0.412403 0.408939 0.328475
-0.413059 0.408957 0.328429
-0.413653 0.408965 0.328389
-0.414333 0.408982 0.328341
-0.414988 0.408998 0.328293
-0.415635 0.409012 0.328245
-0.416281 0.409025 0.328199
-0.416927 0.409037 0.328153
-0.417519 0.409041 0.328115
-0.418145 0.409045 0.328076
-0.418288 0.409042 0.328070
-0.418842 0.409114 0.328597
-0.418976 0.409114 0.328635
-0.419441 0.409176 0.329264
-0.419580 0.409176 0.329330
-0.420108 0.409246 0.330129
-0.420238 0.409244 0.330195
-0.420736 0.409302 0.331010
-0.420863 0.409298 0.331079
-0.421349 0.409349 0.331905
-0.421475 0.409345 0.331976
-0.421956 0.409391 0.332808
-0.422081 0.409387 0.332880
-0.422560 0.409431 0.333715
-0.422685 0.409426 0.333786
-0.423116 0.409463 0.334540
-0.423376 0.409449 0.334695
-0.423705 0.409493 0.335347
-0.423971 0.409483 0.335529
-0.424305 0.409531 0.336211
-0.424680 0.409520 0.336475
-0.424959 0.409574 0.337135
-0.425211 0.409564 0.337319
-0.425528 0.409611 0.338004
