[-0.03101745  0.87761993  0.44277932]
[-0.00546598  0.87461697  0.4590403 ]
[0.00663375 0.86934031 0.46630759]
[-1.01427694e-04  8.63105529e-01  4.67553647e-01]
[-0.01414655  0.85746286  0.46405779]
[-0.02650546  0.85358106  0.4588121 ]
[-0.03554258  0.85152339  0.45315963]
[-0.04197844  0.85009334  0.44799317]
[-0.04805202  0.84863328  0.44242489]
[-0.05327815  0.84761946  0.4359278 ]
[-0.05635752  0.8463514   0.43183232]
[-0.05758141  0.8459993   0.429787  ]
[-0.05886417  0.84512851  0.42823479]
[-0.05911707  0.84468272  0.4272351 ]
[-0.05964525  0.84416564  0.42693688]
[-0.06007138  0.84384482  0.42676745]
[-0.06011109  0.84370172  0.42639605]
[-0.0607502   0.84306844  0.42605471]
[-0.06108311  0.8426485   0.42619617]
[-0.0614177   0.84220017  0.42612497]
[-0.06180649  0.84149388  0.42647498]
[-0.06209164  0.84144754  0.42626486]
[-0.0623266   0.84094793  0.42631141]
[-0.06244346  0.84076378  0.42629753]
[-0.0623803   0.84065137  0.42658111]
[-0.06251914  0.84039118  0.42682502]
[-0.06260313  0.83983814  0.42702718]
[-0.06265012  0.83939103  0.42740253]
[-0.06293734  0.83894212  0.42768626]
[-0.0632163   0.8384585   0.42775354]
[-0.06343944  0.83797003  0.42784144]
[-0.06349829  0.8379064   0.42755188]
[-0.06356105  0.83747083  0.42751175]
[-0.06375594  0.837141    0.42765954]
[-0.06423906  0.83673675  0.42770282]
[-0.06437248  0.83662311  0.42777424]
[-0.06453562  0.83615721  0.42768613]
[-0.06500228  0.83534829  0.42790264]
[-0.06513408  0.83496639  0.42811443]
[-0.06537809  0.83489454  0.42787295]
[-0.06555954  0.8343975   0.42795101]
[-0.06548065  0.83402141  0.42852474]
[-0.06506856  0.833491    0.42914455]
[-0.06511698  0.83315588  0.42976535]
[-0.06516177  0.83271463  0.42967595]
[-0.06533751  0.83244549  0.42957966]
[-0.0656136   0.83190752  0.42966611]
[-0.06580858  0.83165553  0.42954803]
[-0.06617935  0.83106129  0.42980463]
[-0.06627482  0.83037094  0.43007579]
[-0.06660268  0.82964501  0.43028753]
[-0.06646759  0.82930294  0.43038753]
[-0.0668253   0.82850527  0.43075608]
[-0.06685872  0.82808438  0.43096338]
[-0.06712554  0.82749839  0.4309603 ]
[-0.06798945  0.8266866   0.43065867]
[-0.06831709  0.82637078  0.43070146]
[-0.06792191  0.82627059  0.43107431]
[-0.06782291  0.8256301   0.43142693]
[-0.06786673  0.82499895  0.43178515]
[-0.06781575  0.82459886  0.4319044 ]
[-0.06792551  0.82441432  0.43185976]
[-0.06835722  0.82341338  0.43218988]
[-0.06872115  0.82260127  0.4326365 ]
[-0.06864302  0.82208464  0.4327524 ]
[-0.06914806  0.82136618  0.43283113]
[-0.06948801  0.82058235  0.43269921]
[-0.06964325  0.82000325  0.43307492]
[-0.06961897  0.81943684  0.43352611]
[-0.06954231  0.81910397  0.43378064]
[-0.06949365  0.81844593  0.43378409]
[-0.06976381  0.81785687  0.43385027]
[-0.06987886  0.81709245  0.43396415]
[-0.07020907  0.81621625  0.43394005]
[-0.07031375  0.81581748  0.43389139]
[-0.07057418  0.81494548  0.43446893]
[-0.07072937  0.8146196   0.43469557]
[-0.07066472  0.8140407   0.43496809]
[-0.07088147  0.81327338  0.43517803]
[-0.07127057  0.81280629  0.4354265 ]
[-0.07094626  0.81239079  0.43572043]
[-0.07104211  0.81201106  0.4361251 ]
[-0.07067859  0.81143035  0.43652742]
[-0.07093002  0.8106752   0.43668317]
[-0.07145368  0.80975598  0.4367368 ]
[-0.07179094  0.80943878  0.43650687]
[-0.07245091  0.80862119  0.4364787 ]
[-0.072695    0.80749815  0.43656991]
[-0.07302514  0.80689791  0.43640417]
[-0.07318911  0.80635553  0.43677363]
[-0.07321696  0.80597663  0.43712483]
[-0.07283247  0.80562353  0.43748205]
[-0.07275427  0.80484352  0.43791976]
[-0.07320305  0.80426219  0.4377832 ]
[-0.07378159  0.80344024  0.43785234]
[-0.07420328  0.80283131  0.43770483]
[-0.07423114  0.80224613  0.43771636]
[-0.07418332  0.80188372  0.43787239]
[-0.07455508  0.80092965  0.4380029 ]
[-0.07501427  0.80013613  0.43755989]
[-0.07495762  0.79946631  0.43784591]
[-0.07460496  0.79338352  0.43832531]
[-0.07530532  0.78908049  0.43777521]
[-0.07620674  0.78624542  0.437024  ]
[-0.07675346  0.78424853  0.43650419]
[-0.07763017  0.78284675  0.43571937]
[-0.07777551  0.78209073  0.4352855 ]
[-0.07759625  0.78123841  0.43541822]
[-0.0777118   0.78065175  0.43542718]
[-0.07798308  0.77995516  0.43493826]
[-0.07807222  0.77909192  0.43490966]
[-0.07777492  0.7787538   0.43529619]
[-0.07781215  0.77815503  0.43554425]
[-0.07740114  0.77763613  0.43555798]
[-0.07745262  0.77709193  0.43564646]
[-0.07735502  0.77662026  0.43592392]
[-0.07720589  0.7760424   0.43596186]
[-0.07721631  0.77552367  0.43586149]
[-0.07681279  0.774889    0.43629132]
[-0.0767138   0.77442527  0.43609999]
[-0.07702653  0.77375692  0.43647982]
[-0.07712138  0.77336937  0.43638467]
[-0.07712574  0.77285522  0.43649249]
[-0.07674211  0.77253564  0.43655343]
[-0.07666681  0.77218182  0.43656392]
[-0.07651972  0.77166423  0.43649805]
[-0.07639005  0.77125179  0.43684527]
[-0.07625654  0.77082803  0.43721526]
[-0.07620097  0.77017311  0.43752516]
[-0.07599744  0.76966001  0.43750191]
[-0.0759798   0.76909055  0.43736849]
[-0.07590108  0.76869008  0.43715137]
[-0.07608869  0.76797237  0.43716167]
[-0.07600476  0.76749772  0.43719566]
[-0.07603798  0.76726642  0.43718431]
[-0.07624778  0.76705757  0.4374097 ]
[-0.07615962  0.76644039  0.43714242]
[-0.07605683  0.76561875  0.43747372]
[-0.07567631  0.76500907  0.43758312]
[-0.07578833  0.76496489  0.43721642]
[-0.07559345  0.76443248  0.43723764]
[-0.07558149  0.7638372   0.43764198]
[-0.07521012  0.76338433  0.437823  ]
[-0.07514936  0.76296694  0.43819409]
[-0.07493846  0.7625333   0.43809226]
[-0.07497583  0.76209886  0.43789836]
[-0.07499079  0.76139189  0.43793784]
[-0.07515703  0.76111346  0.43808108]
[-0.07524331  0.76069584  0.43819327]
[-0.07519558  0.7601172   0.43811874]
[-0.07514391  0.75944227  0.43816531]
[-0.07481977  0.75930314  0.43838703]
[-0.07498569  0.75849615  0.43857295]
[-0.07483457  0.75782574  0.43871537]
[-0.0749321   0.75729119  0.43863292]
[-0.07543073  0.75658892  0.43848496]
[-0.07542493  0.75632698  0.43840972]
[-0.07490346  0.75615997  0.43849861]
[-0.07473404  0.75542653  0.43864641]
[-0.07464776  0.75463555  0.43868976]
[-0.07457829  0.7541124   0.43874877]
[-0.07444987  0.75417243  0.43873931]
[-0.0745982   0.75341205  0.43909136]
[-0.07474988  0.75286624  0.43949686]
[-0.07450392  0.75235814  0.43958939]
[-0.0747232   0.75152987  0.4397744 ]
[-0.07492773  0.75096183  0.4396963 ]
[-0.07512627  0.75056392  0.43993242]
[-0.07519839  0.74987161  0.43998467]
[-0.07494672  0.749672    0.44022253]
[-0.07460058  0.74904411  0.44002823]
[-0.07458524  0.74855625  0.43991822]
[-0.07453228  0.74799612  0.44003922]
[-0.07473063  0.74725353  0.4402068 ]
[-0.074448    0.74680247  0.43998525]
[-0.07486     0.74614901  0.4405488 ]
[-0.07490885  0.74580992  0.44096313]
[-0.07465512  0.74544027  0.44114193]
[-0.07476088  0.7446239   0.44160052]
[-0.07492782  0.74429512  0.44189157]
[-0.07447904  0.74397205  0.44209896]
[-0.07473319  0.74355647  0.44238386]
[-0.07440352  0.74315278  0.44238102]
[-0.07445176  0.74255997  0.44247664]
[-0.07484652  0.74174221  0.44281518]
[-0.0749656   0.74140141  0.44287556]
[-0.07533759  0.74052249  0.44308954]
[-0.07533434  0.7394895   0.44301744]
[-0.0756555   0.73891029  0.44282752]
[-0.07575397  0.73848212  0.44306967]
[-0.07562263  0.73799229  0.44352359]
[-0.07527064  0.73784336  0.44367933]
[-0.075045    0.73710344  0.44399633]
[-0.07531396  0.73652737  0.44401428]
[-0.07567914  0.73588     0.44413799]
[-0.07581573  0.73514484  0.44402989]
[-0.07585682  0.73470805  0.44393218]
[-0.07601212  0.73426351  0.44409511]
[-0.07638854  0.73332223  0.44416279]
[-0.07660057  0.73244805  0.44378094]
[-0.07676521  0.73170186  0.44396493]
[-0.07431243  0.72737294  0.43936086]
[-0.0735078   0.72446731  0.4355775 ]
[-0.07293295  0.7224198   0.43351389]
[-0.07220774  0.72099929  0.43258813]
[-0.07236771  0.72007093  0.43173489]
[-0.0717726   0.71951392  0.43141735]
[-0.07123965  0.7186762   0.43162282]
[-0.07109786  0.71838761  0.43152908]
[-0.07103282  0.7177512   0.4313216 ]
[-0.07102538  0.71737317  0.43130434]
[-0.07072049  0.71697849  0.43155322]
[-0.07035102  0.71653652  0.43173757]
[-0.07008222  0.7161041   0.43190129]
[-0.0701729   0.71545609  0.43207228]
[-0.07028056  0.71504004  0.43237183]
[-0.07012646  0.71466054  0.43245313]
[-0.06990088  0.71428883  0.43250335]
[-0.06937961  0.71370618  0.43303226]
[-0.06936007  0.71330044  0.43295227]
[-0.06959609  0.7127708   0.43318024]
[-0.06956481  0.71242909  0.43317563]
[-0.06972666  0.71185517  0.43343176]
[-0.06925856  0.71154375  0.43372615]
[-0.06913417  0.71115476  0.43376883]
[-0.06903838  0.7106942   0.43391325]
[-0.0689882   0.7105033   0.43421892]
[-0.06888959  0.71017455  0.43444812]
[-0.06887257  0.70949777  0.43472188]
[-0.06871029  0.7089734   0.43478697]
[-0.06852602  0.70844225  0.43471411]
[-0.06848333  0.70815971  0.43467739]
[-0.06888375  0.70765137  0.43480534]
[-0.06872912  0.70702079  0.43505667]
[-0.06860725  0.70689008  0.43515922]
[-0.06889049  0.70654032  0.43528688]
[-0.0690106   0.70608141  0.43516832]
[-0.06876404  0.70548438  0.43552853]
[-0.06826065  0.70503491  0.43563816]
[-0.06840808  0.70479038  0.43540143]
[-0.06842583  0.70443161  0.43540834]
[-0.06856577  0.70381908  0.43573922]
[-0.06826419  0.70347146  0.43584725]
[-0.06833027  0.70290508  0.43618204]
[-0.06817948  0.7025933   0.43605428]
[-0.0682418   0.70211048  0.43608901]
[-0.06812859  0.70133261  0.43635549]
[-0.06843745  0.70096958  0.43667513]
[-0.06877805  0.70066804  0.43663849]
[-0.06867989  0.70034694  0.4365313 ]
[-0.0684945   0.69971748  0.43676692]
[-0.06816762  0.69957201  0.43701036]
[-0.06855121  0.69860462  0.4372804 ]
[-0.06844449  0.69801377  0.43727299]
[-0.0686295   0.6975764   0.43730255]
[-0.06911083  0.69705021  0.43731128]
[-0.06895999  0.69691488  0.43728191]
[-0.06857688  0.69674698  0.4373884 ]
[-0.06837775  0.6957576   0.43764259]
[-0.06840407  0.69491804  0.43767613]
[-0.06829105  0.69446081  0.43783825]
[-0.06832524  0.6945115   0.43781884]
[-0.06858374  0.69392198  0.43796789]
[-0.06868198  0.69337144  0.43838971]
[-0.0684965   0.69291978  0.43845774]
[-0.06852037  0.69224039  0.43878534]
[-0.06858     0.69175895  0.43878722]
[-0.06869049  0.69146027  0.43896535]
[-0.06893399  0.69074395  0.43888506]
[-0.06877661  0.69065885  0.43909241]
[-0.06843007  0.68997708  0.43893002]
[-0.06846287  0.68955037  0.4388006 ]
[-0.06842876  0.68918768  0.43889026]
[-0.06863942  0.68838776  0.4389745 ]
[-0.06836245  0.68777495  0.43884557]
[-0.06864564  0.68726467  0.4393419 ]
[-0.06868039  0.68686952  0.43969467]
[-0.0687105   0.6865394   0.43973202]
[-0.06877269  0.68589143  0.43996757]
[-0.06880962  0.68546499  0.44019763]
[-0.06838628  0.68538333  0.44039403]
[-0.06848247  0.68499324  0.44062442]
[-0.06826458  0.68441289  0.44060332]
[-0.0683222   0.68383365  0.44072009]
[-0.06863147  0.68335318  0.4409145 ]
[-0.06874225  0.68291765  0.44091385]
[-0.06906293  0.68211352  0.44100982]
[-0.06910647  0.6811314   0.44082289]
[-0.06940667  0.68051726  0.44067684]
[-0.0693593   0.68027086  0.44093961]
[-0.06887793  0.6799679   0.44139871]
[-0.06856423  0.67982594  0.44148506]
[-0.06823354  0.67914048  0.44161723]
[-0.06848388  0.67835648  0.44158287]
[-0.06884447  0.67785812  0.44161823]
[-0.06884415  0.67710277  0.44139187]
[-0.06879475  0.67687909  0.44136298]
[-0.06905696  0.67628517  0.44134414]
[-0.06934038  0.67544313  0.44133073]
[-0.06935441  0.67463324  0.44104141]
[-0.06953425  0.67396093  0.44111218]
[-0.06181249  0.66889728  0.44082752]
[-0.05852093  0.66452969  0.43931502]
[-0.05748422  0.66138014  0.4378278 ]
[-0.05672038  0.65919211  0.43689668]
[-0.05675029  0.65786314  0.43620091]
[-0.05621423  0.65715941  0.4358097 ]
[-0.05603158  0.65606281  0.4358419 ]
[-0.05647221  0.65543377  0.43564003]
[-0.05629906  0.65477478  0.43558143]
[-0.05655247  0.6545129   0.43543006]
[-0.05659582  0.65417842  0.43539729]
[-0.05630794  0.65368608  0.43544142]
[-0.05632451  0.65325017  0.43564574]
[-0.05643841  0.6523463   0.43585414]
[-0.05668877  0.65195666  0.43591869]
[-0.05672379  0.65172692  0.43585458]
[-0.05658972  0.65126074  0.43597518]
[-0.05610109  0.6503854   0.43628639]
[-0.0563323   0.64989419  0.43633202]
[-0.05668394  0.64953782  0.43629147]
[-0.05660384  0.64928766  0.43627967]
[-0.05682881  0.6485787   0.43653613]
[-0.05650007  0.64781295  0.43683456]
[-0.05661733  0.64755578  0.43676925]
[-0.05658537  0.64709861  0.43685621]
[-0.05677033  0.64702824  0.43687267]
[-0.05676387  0.64655258  0.43692276]
[-0.0570402   0.64570809  0.43703339]
[-0.05707198  0.64500674  0.43711974]
[-0.05687378  0.64459829  0.43717294]
[-0.05677855  0.64450421  0.43708997]
[-0.05715282  0.64412784  0.4371856 ]
[-0.05709551  0.64350035  0.43737047]
[-0.05707303  0.6433204   0.43740389]
[-0.05728092  0.64289197  0.4374213 ]
[-0.05732938  0.6423766   0.43747649]
[-0.05731035  0.64211083  0.43748393]
[-0.05699626  0.64154609  0.43751236]
[-0.05714369  0.64115796  0.43753961]
[-0.05734994  0.64080801  0.43753798]
[-0.0575696   0.64025194  0.43753968]
[-0.05754752  0.639768    0.43757383]
[-0.05779217  0.63907044  0.43778012]
[-0.05786939  0.63874717  0.43766596]
[-0.05804469  0.63836639  0.4377334 ]
[-0.05792893  0.63753735  0.43788571]
[-0.05822869  0.6372787   0.43802485]
[-0.05863097  0.63692533  0.43801156]
[-0.05860182  0.63666232  0.43785765]
[-0.0586424   0.63597458  0.43794633]
[-0.0584259   0.63567879  0.43805434]
[-0.05890244  0.63491717  0.43816716]
[-0.05891702  0.63443269  0.43798623]
[-0.05910454  0.63394444  0.43807928]
[-0.05954542  0.63358394  0.43808308]
[-0.05955089  0.63345899  0.43794241]
[-0.0592629   0.63300774  0.43807598]
[-0.05924586  0.63194606  0.43823198]
[-0.05935087  0.63128439  0.43814024]
[-0.05941843  0.63081097  0.4382152 ]
[-0.05967556  0.63076112  0.4381567 ]
[-0.06000713  0.63022859  0.43809403]
[-0.06009082  0.62952298  0.43822917]
[-0.06007862  0.62918116  0.43824476]
[-0.06021388  0.62851005  0.43845048]
[-0.06029035  0.62808002  0.43833054]
[-0.06051556  0.62766826  0.43837289]
[-0.06075335  0.62703488  0.43832095]
[-0.06083234  0.62694232  0.43841745]
[-0.0604486   0.62631079  0.4383984 ]
[-0.06057838  0.62583196  0.4382403 ]
[-0.06061671  0.62538498  0.43826626]
[-0.06078611  0.62471565  0.43833543]
[-0.06054364  0.62411551  0.43822036]
[-0.06099848  0.623651    0.43844407]
[-0.06122551  0.62321686  0.43854221]
[-0.06137936  0.62283784  0.43858555]
[-0.06143861  0.62227969  0.4386091 ]
[-0.06168327  0.62192894  0.43862068]
[-0.06151976  0.62170861  0.43871826]
[-0.06166435  0.62135981  0.43882733]
[-0.06143206  0.62081299  0.43880812]
[-0.06153197  0.62033901  0.43895066]
[-0.06179264  0.62005479  0.43898993]
[-0.06189469  0.61970929  0.43885657]
[-0.06212534  0.6190892   0.43891966]
[-0.06232127  0.61822782  0.43881301]
[-0.06255151  0.61777239  0.43873029]
[-0.06255945  0.61754752  0.43894312]
[-0.06223178  0.61718116  0.43910409]
[-0.06220806  0.61695159  0.43913195]
[-0.06220702  0.61632567  0.43910808]
[-0.06257199  0.61567826  0.43901115]
[-0.06288883  0.61518063  0.43902591]
[-0.06289716  0.61465034  0.43885467]
[-0.06300137  0.61435129  0.43886227]
[-0.06325266  0.61392851  0.43875478]
[-0.06349958  0.61328294  0.43876396]
[-0.06331713  0.61268408  0.43868751]
[-0.06352357  0.61206735  0.43876675]
[-0.05689859  0.6060958   0.43804652]
[-0.05319074  0.60227011  0.43737215]
[-0.05164143  0.5996655   0.43649394]
[-0.05069026  0.59756709  0.43577017]
[-0.05054487  0.59629744  0.43525193]
[-0.05005033  0.59552922  0.4348763 ]
[-0.05000145  0.59449984  0.43473223]
[-0.05042081  0.59398427  0.4345407 ]
[-0.05008726  0.59308301  0.43455627]
[-0.05042671  0.59271197  0.43440065]
[-0.05059727  0.59241603  0.4342924 ]
[-0.0503238   0.59172679  0.43426286]
[-0.05035016  0.59114748  0.43441094]
[-0.05047127  0.59050046  0.43443782]
[-0.05059479  0.59010903  0.43442489]
[-0.05073609  0.58990442  0.43428507]
[-0.05055858  0.58912728  0.43439876]
[-0.05004338  0.58800636  0.43454689]
[-0.05033657  0.5874157   0.43460789]
[-0.05071967  0.58727966  0.43448425]
[-0.05061423  0.58684023  0.43448091]
[-0.05072462  0.5858071   0.43471067]
[-0.05033904  0.58453569  0.43495974]
[-0.05050142  0.58430554  0.43485963]
[-0.05045594  0.58385953  0.43490287]
[-0.05082376  0.58388849  0.4347916 ]
[-0.05078306  0.58315671  0.43483598]
[-0.05102608  0.58231746  0.43496352]
[-0.05104572  0.58126237  0.43510404]
[-0.05078227  0.5806054   0.4351847 ]
[-0.05094578  0.58065422  0.43493207]
[-0.0512608   0.5802288   0.43502054]
[-0.05116807  0.57969445  0.43516177]
[-0.05121918  0.57925636  0.43521276]
[-0.05130479  0.57862101  0.43530522]
[-0.05138279  0.57793151  0.43535112]
[-0.05148772  0.57797248  0.43518966]
[-0.05126174  0.57726322  0.43516511]
[-0.05134702  0.57685655  0.43523799]
[-0.05168122  0.57636177  0.43527293]
[-0.0518755   0.57567409  0.4352458 ]
[-0.05195576  0.57505852  0.43518379]
[-0.05209718  0.57402645  0.4354448 ]
[-0.05229921  0.57369476  0.43539332]
[-0.05252588  0.57322586  0.43550616]
[-0.05233034  0.57213967  0.43562918]
[-0.05269253  0.57202708  0.43564683]
[-0.05299705  0.57168041  0.43568672]
[-0.05315157  0.57140413  0.43552509]
[-0.05330396  0.57070815  0.43554173]
[-0.05299152  0.57019561  0.43562165]
[-0.05354362  0.56952264  0.4357546 ]
[-0.05360249  0.56894473  0.43560241]
[-0.0538862   0.56851343  0.43564454]
[-0.05437679  0.56823926  0.4356806 ]
[-0.05451758  0.56804906  0.43553498]
[-0.05419212  0.56738137  0.43565171]
[-0.05423247  0.56624515  0.43583449]
[-0.05441887  0.56557926  0.43569187]
[-0.05467884  0.56508061  0.43572124]
[-0.05504161  0.56490284  0.43568411]
[-0.05549039  0.5643377   0.43559553]
[-0.05563676  0.56342371  0.43560239]
[-0.05577407  0.56302404  0.43564548]
[-0.056022    0.56232954  0.43581601]
[-0.05635094  0.56185115  0.43562233]
[-0.05658352  0.56131599  0.4356491 ]
[-0.05694548  0.56082714  0.43564593]
[-0.05714044  0.56070681  0.43565119]
[-0.05686642  0.55975062  0.43566819]
[-0.05698296  0.55926038  0.43559671]
[-0.05718586  0.55871559  0.43552165]
[-0.05761098  0.55779438  0.43556295]
[-0.05751133  0.55705906  0.43548697]
[-0.05819468  0.55650088  0.43561621]
[-0.05849348  0.55605549  0.43561706]
[-0.05871576  0.55564041  0.43569384]
[-0.05890628  0.5550295   0.43566273]
[-0.05934112  0.55482154  0.43566066]
[-0.05929477  0.55448625  0.43566295]
[-0.05957256  0.55406444  0.43571294]
[-0.05950835  0.55340768  0.43565791]
[-0.05971137  0.55285835  0.43581535]
[-0.06005079  0.55265572  0.43581113]
[-0.06031887  0.55233862  0.4356478 ]
[-0.06063646  0.55173708  0.4357356 ]
[-0.06091189  0.55098184  0.43570054]
[-0.06122337  0.5506605   0.43565781]
[-0.06138313  0.55037026  0.43582146]
[-0.06135903  0.54979497  0.43587529]
[-0.06142237  0.54963888  0.43589491]
[-0.06160436  0.54901286  0.43597852]
[-0.06215651  0.5484777   0.43589466]
[-0.06261456  0.54805128  0.43594558]
[-0.06277528  0.54770353  0.43585907]
[-0.0629795   0.54733853  0.43591026]
[-0.06339215  0.54691876  0.43584898]
[-0.06372294  0.54635759  0.43594914]
[-0.06365335  0.54592563  0.43592717]
[-0.0640313   0.54533379  0.43604808]
[-0.06300405  0.53872312  0.43388043]
[-0.06336881  0.53400827  0.43238731]
[-0.06398841  0.53096779  0.43137367]
[-0.06400692  0.52886357  0.4306737 ]
[-0.06474591  0.52766047  0.43022737]
[-0.06440962  0.52691634  0.42988857]
[-0.06479851  0.5260348   0.42976904]
[-0.06563519  0.52543572  0.429649  ]
[-0.06576726  0.52453596  0.42962025]
[-0.06647023  0.52424214  0.42956312]
[-0.06673439  0.5238177   0.42952866]
[-0.06702371  0.5232041   0.42946901]
[-0.06742525  0.52245558  0.42962209]
[-0.06776318  0.52190298  0.42961598]
[-0.06830154  0.5216437   0.42957879]
[-0.06847893  0.52152184  0.4294875 ]
[-0.06896576  0.52096853  0.42947784]
[-0.06905708  0.52016502  0.42945085]
[-0.06969795  0.51945478  0.42943835]
[-0.07045604  0.51913771  0.4294223 ]
[-0.07087564  0.5188791   0.42933973]
[-0.07138478  0.51781356  0.42950564]
[-0.07146675  0.51687756  0.42965956]
[-0.07208726  0.51659237  0.42957577]
[-0.07233914  0.5163421   0.42951868]
[-0.07306765  0.51599472  0.42942141]
[-0.07357853  0.51521759  0.42947129]
[-0.07440311  0.51477949  0.42941954]
[-0.07505755  0.51382252  0.42942694]
[-0.07522504  0.51333943  0.42939635]
[-0.07555978  0.51337993  0.42924665]
[-0.07637186  0.51301644  0.42932272]
[-0.07667835  0.51261671  0.42941357]
[-0.07727027  0.51231093  0.42934469]
[-0.07757176  0.51146551  0.42958653]
[-0.07829361  0.51083087  0.42947818]
[-0.07879812  0.51074206  0.42927114]
[-0.07912154  0.51040679  0.42917314]
[-0.07945403  0.50995924  0.42916616]
[-0.08035735  0.509518    0.42910881]
[-0.08134556  0.50870529  0.42894854]
[-0.08186802  0.50832888  0.42881394]
[-0.08266802  0.50748331  0.42914791]
[-0.08363296  0.50722215  0.42911445]
[-0.08437567  0.5066005   0.42919946]
[-0.0849031   0.50586534  0.42919561]
[-0.08551382  0.50544434  0.42908109]
[-0.0863093   0.50477743  0.42905158]
[-0.08676983  0.50473477  0.42892826]
[-0.08805987  0.50422066  0.42868573]
[-0.08829219  0.50391955  0.42875171]
[-0.089667    0.50320479  0.42871206]
[-0.09039751  0.50258582  0.42857223]
[-0.09117238  0.50214513  0.42871595]
[-0.09259368  0.5018286   0.42853678]
[-0.09326519  0.50170792  0.42853991]
[-0.09290918  0.50132111  0.42869589]
[-0.09375667  0.50073099  0.42877599]
[-0.09474723  0.50004863  0.42830258]
[-0.09602557  0.49937839  0.42833354]
[-0.09680126  0.4990998   0.42843327]
[-0.09770322  0.49868269  0.42838563]
[-0.09868064  0.49815951  0.42831032]
[-0.09922573  0.49767412  0.42851212]
[-0.10025676  0.49715795  0.42842592]
[-0.10150993  0.49668892  0.42811016]
[-0.10273643  0.49607405  0.42804517]
[-0.1037626   0.49548143  0.42796255]
[-0.10495424  0.49534648  0.42784894]
[-0.10550334  0.49478412  0.42774562]
[-0.10608531  0.49450167  0.42779145]
[-0.10686497  0.49415728  0.42764079]
[-0.1082495   0.49315329  0.42784878]
[-0.1090918   0.49268625  0.42764614]
[-0.10999332  0.49231107  0.42811305]
[-0.11086143  0.49178676  0.42827936]
[-0.11207202  0.49130415  0.42825069]
[-0.11318492  0.49062674  0.42825104]
[-0.11431471  0.49040514  0.4285394 ]
[-0.11465889  0.49018589  0.42856126]
[-0.11548419  0.48981279  0.42877563]
[-0.11672896  0.48921977  0.42885954]
[-0.11756662  0.48869736  0.4290635 ]
[-0.11840929  0.48849081  0.42928781]
[-0.11964169  0.4881289   0.42928646]
[-0.12060375  0.48776303  0.42965995]
[-0.12155468  0.48721649  0.42983506]
[-0.12256184  0.48682256  0.42977108]
[-0.12342122  0.48651035  0.43003128]
[-0.12410422  0.48612154  0.43036378]
[-0.12497794  0.48602184  0.43051222]
[-0.12592805  0.48564428  0.43080219]
[-0.12689735  0.4852302   0.43084535]
[-0.12773148  0.48503371  0.43107684]
[-0.12869178  0.48483359  0.43105377]
[-0.12942437  0.48478088  0.43120322]
[-0.13017326  0.48449153  0.43136091]
[-0.13094293  0.48414511  0.43147753]
[-0.13143865  0.48384157  0.43150519]
[-0.13212183  0.48354431  0.43174523]
[-0.13942098  0.48019397  0.4219129 ]
[-0.14456892  0.47628027  0.41563751]
[-0.14754702  0.47388503  0.41226286]
[-0.14883912  0.47287417  0.41022802]
[-0.15017238  0.47192542  0.40884741]
[-0.15054651  0.47209335  0.40809084]
[-0.15146005  0.47144137  0.40752893]
[-0.15244539  0.4707869   0.4072693 ]
[-0.15301896  0.47046836  0.40681285]
[-0.15393965  0.46984475  0.40698316]
[-0.15470013  0.46950805  0.40682638]
[-0.1557299   0.46894141  0.40668122]
[-0.15683358  0.46840609  0.40696639]
[-0.15752151  0.46801953  0.4065357 ]
[-0.15866635  0.46772226  0.40632557]
[-0.15928751  0.467751    0.40621411]
[-0.16024828  0.46732361  0.40592661]
[-0.16113631  0.46684068  0.40592851]
[-0.16217257  0.46578592  0.40565261]
[-0.16326997  0.4648279   0.40571773]
[-0.16399503  0.46487783  0.40515094]
[-0.16531187  0.46375992  0.40540991]
[-0.16596896  0.46353914  0.40530619]
[-0.16745148  0.46335692  0.40488075]
[-0.16866639  0.46276614  0.40471119]
[-0.16962094  0.46251035  0.40426932]
[-0.17029325  0.4622541   0.40442042]
[-0.17114922  0.46199075  0.40437642]
[-0.1720379   0.46175158  0.4041442 ]
[-0.17303392  0.46188975  0.40400496]
[-0.17393238  0.46161245  0.40362856]
[-0.17500043  0.4610004   0.40378447]
[-0.17533777  0.46055575  0.40405579]
[-0.17608821  0.46046859  0.40391413]
[-0.17677637  0.46027988  0.40408358]
[-0.17791291  0.45992047  0.40428627]
[-0.1787011   0.4594588   0.40391557]
[-0.17948619  0.45930203  0.40338156]
[-0.18014978  0.45913204  0.40306443]
[-0.18065741  0.45916151  0.40290485]
[-0.18148771  0.45842383  0.40283178]
[-0.18235392  0.45826995  0.40200478]
[-0.18332188  0.45826909  0.40232799]
[-0.1845672   0.45796752  0.40231716]
[-0.18511534  0.45825456  0.40237391]
[-0.18620407  0.45775271  0.40245126]
[-0.18697641  0.45688588  0.40267647]
[-0.18769921  0.45729381  0.40259476]
[-0.18836802  0.45710802  0.40221806]
[-0.18926071  0.4562921   0.40238775]
[-0.18984133  0.45647112  0.40224768]
[-0.1911523   0.45616088  0.40231781]
[-0.19203774  0.45568012  0.40195013]
[-0.19253418  0.45478059  0.40198237]
[-0.19341908  0.4541914   0.40154253]
[-0.19413714  0.45483837  0.40164924]
[-0.1944409   0.45493311  0.4018954 ]
[-0.19525193  0.45495176  0.40146573]
[-0.19569624  0.45439153  0.40133332]
[-0.19649973  0.45456657  0.4011687 ]
[-0.19706104  0.45436093  0.40128525]
[-0.19791875  0.45358877  0.40135214]
[-0.19882723  0.45366311  0.40139027]
[-0.19938823  0.45341699  0.40150424]
[-0.20007006  0.45383081  0.4016087 ]
[-0.2006762   0.45351186  0.40147524]
[-0.20143822  0.45366841  0.40159628]
[-0.20207777  0.45288944  0.40164085]
[-0.20307286  0.45333352  0.40117181]
[-0.20354306  0.45377051  0.40143712]
[-0.20398499  0.45382046  0.40107321]
[-0.204523    0.45291096  0.40109995]
[-0.20521546  0.45198461  0.40153921]
[-0.20580674  0.45217804  0.40126269]
[-0.20610301  0.45317837  0.40186799]
[-0.20676546  0.45277861  0.40215056]
[-0.20762959  0.4526772   0.40209807]
[-0.2081651   0.45298388  0.40179552]
[-0.20856098  0.45399114  0.40249429]
[-0.20904024  0.4548468   0.40241973]
[-0.20945987  0.45540174  0.40276141]
[-0.21018584  0.45595396  0.40288702]
[-0.21055278  0.4564237   0.40270027]
[-0.21087512  0.45707066  0.40292468]
[-0.21136302  0.45765283  0.4029117 ]
[-0.21162972  0.45802519  0.40323027]
[-0.21208736  0.45848864  0.40334446]
[-0.21247861  0.45887503  0.40314978]
[-0.21284769  0.46011015  0.40321649]
[-0.21317127  0.46039745  0.40373849]
[-0.21345894  0.4621602   0.40358349]
[-0.21378151  0.46314335  0.40396469]
[-0.21408501  0.46387308  0.40405149]
[-0.2143115   0.4648076   0.40423214]
[-0.21453964  0.46582021  0.40393946]
[-0.21470745  0.46678255  0.40408708]
[-0.21487918  0.46733388  0.4043102 ]
[-0.21501796  0.46793407  0.40463558]
[-0.21509162  0.4687507   0.40450963]
[-0.21519477  0.46921958  0.40468328]
[-0.21780265  0.45860547  0.41412195]
[-0.21867269  0.45405195  0.41426852]
[-0.21924266  0.45290807  0.40882438]
[-0.2194944   0.45269293  0.40063169]
[-0.21941669  0.45352844  0.39531681]
[-0.21941443  0.45418934  0.39275719]
[-0.21951329  0.45459779  0.39108088]
[-0.21968071  0.45553537  0.39002024]
[-0.2198561   0.45656744  0.38950266]
[-0.22013231  0.45681822  0.38930821]
[-0.22029075  0.45727884  0.38901193]
[-0.22054779  0.4579718   0.38895281]
[-0.22069224  0.45857218  0.38901866]
[-0.22094351  0.4591738   0.38880643]
[-0.22138291  0.45946332  0.38862373]
[-0.22167123  0.45947166  0.38819211]
[-0.22202746  0.46035182  0.38823185]
[-0.22258973  0.46066995  0.38804032]
[-0.22265776  0.46125975  0.38760451]
[-0.22312545  0.46171053  0.38822935]
[-0.22321973  0.46178524  0.38785977]
[-0.22335121  0.46233165  0.38795853]
[-0.22384356  0.46234364  0.38817093]
[-0.22436745  0.4628812   0.38775422]
[-0.22469947  0.46345238  0.38770465]
[-0.22514262  0.46376986  0.38796313]
[-0.22583796  0.46359589  0.38855008]
[-0.22624163  0.46377262  0.3886121 ]
[-0.22667376  0.46405089  0.38834977]
[-0.22700813  0.46410273  0.38830551]
[-0.2273358   0.46421033  0.38804447]
[-0.22763809  0.46459257  0.38805977]
[-0.22801905  0.46430547  0.38817595]
[-0.22856997  0.46432033  0.38873986]
[-0.22885522  0.46462439  0.38916573]
[-0.22909866  0.46487258  0.38913565]
[-0.22947121  0.46478064  0.38935658]
[-0.2300565   0.46489305  0.38847364]
[-0.23019576  0.46529898  0.38809603]
[-0.23027883  0.46579853  0.38772103]
[-0.23057252  0.46622679  0.38735697]
[-0.23064797  0.46659923  0.38673105]
[-0.23106869  0.46689708  0.38650956]
[-0.23128617  0.46738491  0.38557194]
[-0.23149051  0.46765901  0.38528084]
[-0.23188557  0.46812173  0.38446604]
[-0.23196251  0.46834061  0.38404224]
[-0.23224743  0.46865892  0.38377144]
[-0.23259577  0.46831222  0.38357375]
[-0.23276157  0.46840768  0.38281439]
[-0.23302407  0.46884515  0.38237052]
[-0.23330916  0.46901021  0.38201892]
[-0.23357249  0.46943436  0.38151226]
[-0.23370674  0.46966232  0.38159757]
[-0.23379712  0.46990718  0.3811543 ]
[-0.23388271  0.47019738  0.38096131]
[-0.23422881  0.47023425  0.3806685 ]
[-0.23458125  0.47027299  0.38067122]
[-0.23478739  0.47044205  0.38046217]
[-0.23497032  0.47073205  0.3804213 ]
[-0.23506441  0.47094992  0.37987849]
[-0.23533808  0.47077266  0.38006208]
[-0.235711    0.47085668  0.38024496]
[-0.23578717  0.47134024  0.38022264]
[-0.23587066  0.4715583   0.38039746]
[-0.23593508  0.47159729  0.380094  ]
[-0.23608587  0.47176549  0.37994987]
[-0.2362596   0.47184016  0.37988474]
[-0.23616153  0.47242066  0.37974624]
[-0.23653051  0.47247825  0.37956512]
[-0.23676898  0.47244513  0.37946388]
[-0.23679416  0.47269494  0.37975187]
[-0.23655316  0.47278648  0.3795252 ]
[-0.2368244   0.4727718   0.37949533]
[-0.23673487  0.47295339  0.37979382]
[-0.23650995  0.47357234  0.3799391 ]
[-0.23668116  0.47394321  0.37967669]
[-0.23658379  0.47449358  0.37956934]
[-0.23645502  0.47487926  0.37990275]
[-0.23645739  0.47498971  0.37989656]
[-0.23644671  0.47528886  0.38026761]
[-0.23664864  0.4757996   0.38054734]
[-0.23661415  0.47617832  0.38064529]
[-0.23655153  0.47650247  0.38061723]
[-0.23632632  0.47717481  0.38057776]
[-0.23639366  0.47735737  0.38108322]
[-0.2364951   0.47783512  0.38110253]
[-0.23634472  0.4783638   0.38098211]
[-0.23626382  0.47894177  0.38114902]
[-0.23621407  0.47932287  0.38139176]
[-0.23631547  0.47982241  0.38141932]
[-0.23624576  0.48023593  0.38166591]
[-0.23615308  0.48074687  0.38168195]
[-0.23616437  0.48120479  0.38212078]
[-0.23604206  0.48183039  0.3821247 ]
[-0.23596416  0.48226714  0.38238446]
[-0.23589879  0.48268161  0.38234837]
[-0.2356196   0.48306732  0.38243802]
[-0.23559376  0.48340015  0.38245285]
[-0.23554418  0.48365527  0.38251764]
[-0.24342801  0.477345    0.383901  ]
[-0.24820542  0.47326619  0.38467467]
[-0.25079017  0.47136351  0.38427571]
[-0.25209519  0.47047487  0.38366331]
[-0.25304292  0.47018457  0.38381861]
[-0.25388835  0.47057998  0.3838484 ]
[-0.25430964  0.47056832  0.3832814 ]
[-0.25457438  0.47094228  0.38265736]
[-0.25519047  0.47138026  0.38243311]
[-0.25579806  0.47103576  0.38221917]
[-0.25607263  0.4709724   0.38250531]
[-0.25646519  0.47107574  0.38233374]
[-0.25670633  0.47114299  0.3820089 ]
[-0.25713507  0.47124785  0.38199048]
[-0.25754334  0.47115671  0.38217799]
[-0.25791862  0.47141484  0.38169148]
[-0.25847756  0.47142486  0.38144867]
[-0.25901304  0.47118239  0.38163005]
[-0.25919795  0.47115613  0.38110159]
[-0.25953244  0.47112087  0.38166683]
[-0.25981117  0.47123639  0.38148891]
[-0.26009893  0.47100006  0.38165986]
[-0.26069776  0.47075449  0.38168493]
[-0.26135211  0.47065072  0.38154601]
[-0.2616965   0.47090093  0.38159439]
[-0.26206567  0.47072484  0.38186659]
[-0.26254611  0.4704106   0.38201884]
[-0.26275913  0.47060709  0.38218228]
[-0.26345423  0.47029176  0.38186504]
[-0.26381087  0.47000656  0.38193489]
[-0.26420584  0.46971288  0.38162168]
[-0.26428746  0.46993816  0.38186529]
[-0.26472223  0.46967102  0.38188632]
[-0.26500912  0.46927441  0.38207589]
[-0.26522031  0.46912142  0.38218605]
[-0.26557726  0.46907364  0.38202487]
[-0.26587069  0.46873853  0.38215333]
[-0.26631004  0.46852787  0.3820322 ]
[-0.26658115  0.46826108  0.3819431 ]
[-0.26680532  0.4684809   0.38210237]
[-0.26698417  0.46815747  0.38200134]
[-0.26726677  0.46791749  0.38198255]
[-0.26787794  0.46724514  0.38244374]
[-0.26805454  0.46713986  0.38229533]
[-0.26865147  0.46662569  0.38241596]
[-0.26907814  0.46640469  0.38267575]
[-0.26932928  0.466151    0.382683  ]
[-0.26958395  0.46591269  0.38258532]
[-0.26971109  0.46521629  0.38224262]
[-0.26995175  0.46464016  0.38196735]
[-0.27036197  0.46450641  0.38237491]
[-0.27069105  0.46406773  0.38241905]
[-0.27100032  0.46371689  0.38226097]
[-0.2711504  0.4635972  0.3825956]
[-0.27127482  0.46328442  0.38228725]
[-0.2712964   0.46332646  0.38202805]
[-0.27167105  0.46285041  0.38216537]
[-0.27203464  0.46241884  0.3825038 ]
[-0.27231463  0.46196816  0.38240015]
[-0.27246052  0.46171289  0.38262192]
[-0.27265724  0.46143725  0.38244808]
[-0.27292018  0.46068216  0.38250072]
[-0.27317854  0.46022062  0.38249843]
[-0.27330351  0.46034623  0.38277525]
[-0.27344477  0.4600935   0.38293837]
[-0.27350754  0.45981249  0.38272915]
[-0.27367888  0.45935355  0.38251936]
[-0.27396978  0.45896427  0.38267274]
[-0.27383427  0.45892497  0.38245477]
[-0.27423056  0.45844331  0.38241219]
[-0.27452545  0.45816207  0.38259566]
[-0.27458726  0.45770989  0.38257562]
[-0.27430802  0.45759352  0.38229573]
[-0.27456427  0.45711794  0.38221059]
[-0.27456065  0.45682812  0.38253396]
[-0.27446832  0.45680547  0.38257417]
[-0.27487734  0.45666164  0.3825886 ]
[-0.27477277  0.45671396  0.38236401]
[-0.27472116  0.45645562  0.38241515]
[-0.27463093  0.45628614  0.38219645]
[-0.2746461   0.45600972  0.382389  ]
[-0.27500588  0.45573581  0.38272161]
[-0.27518441  0.45556273  0.38290536]
[-0.27513208  0.4554322   0.38270162]
[-0.27501811  0.45551525  0.38259387]
[-0.27512259  0.45523608  0.38293286]
[-0.27535845  0.4550849   0.38302736]
[-0.27533539  0.45517866  0.38289314]
[-0.27536131  0.45519795  0.38302793]
[-0.27541533  0.45485106  0.38313979]
[-0.27561724  0.45470541  0.38325361]
[-0.27577656  0.45457201  0.38351855]
[-0.27580705  0.45433477  0.38338498]
[-0.27594321  0.45400131  0.38378214]
[-0.27600517  0.45397234  0.38390866]
[-0.27600508  0.4539152   0.38410176]
[-0.27594063  0.45373133  0.38390965]
[-0.27575934  0.45365589  0.38394716]
[-0.27586993  0.45341885  0.38412209]
[-0.27596483  0.45329805  0.38429715]
[-0.2805573   0.45286177  0.38928889]
[-0.2831656   0.452306    0.39285651]
[-0.28492298  0.45190304  0.39523125]
[-0.28592456  0.45141586  0.39643061]
[-0.28674424  0.45110119  0.39735619]
[-0.28754541  0.45079596  0.39813543]
[-0.28790728  0.45034924  0.39829691]
[-0.28821208  0.45021338  0.39828714]
[-0.288797    0.44983536  0.39862065]
[-0.28942697  0.4491203   0.39897231]
[-0.28972158  0.44871668  0.39930687]
[-0.28998788  0.44840538  0.39941653]
[-0.29025928  0.448096    0.39941678]
[-0.29071062  0.44765797  0.39951819]
[-0.29115638  0.44722252  0.39990835]
[-0.29154581  0.44690243  0.39983647]
[-0.29219098  0.44618257  0.39994239]
[-0.29258375  0.4456395   0.39999681]
[-0.29278023  0.44542267  0.39990264]
[-0.29294679  0.44517066  0.40019196]
[-0.29326782  0.44477673  0.40034592]
[-0.29351082  0.44428769  0.40041877]
[-0.2939371   0.44372198  0.40060698]
[-0.29443378  0.44311063  0.40073176]
[-0.29480105  0.44272637  0.40070855]
[-0.2951092   0.44234638  0.40098556]
[-0.29552477  0.44164779  0.4010634 ]
[-0.2957303   0.4414358   0.40122602]
[-0.29617981  0.44070538  0.40108297]
[-0.2964349   0.4402407   0.40121693]
[-0.29679286  0.43964582  0.40125124]
[-0.29687425  0.43962874  0.40151814]
[-0.29718909  0.43913804  0.40153633]
[-0.29736299  0.43864644  0.40151139]
[-0.29751293  0.43834279  0.40162629]
[-0.29779133  0.43785329  0.40147374]
[-0.29810715  0.43731446  0.40160628]
[-0.29840625  0.43676659  0.4016923 ]
[-0.2985674   0.43624756  0.40160237]
[-0.29886633  0.43601606  0.40192897]
[-0.29898864  0.43564406  0.40177826]
[-0.29922024  0.43534805  0.40200278]
[-0.29968897  0.43434476  0.4023297 ]
[-0.29984266  0.43391976  0.4023078 ]
[-0.3002523   0.43313781  0.40240964]
[-0.30057166  0.43269051  0.40274216]
[-0.30073551  0.43224634  0.40277042]
[-0.30089705  0.43182535  0.402812  ]
[-0.30089973  0.43130611  0.40238732]
[-0.30104007  0.43058786  0.40207686]
[-0.30143681  0.4300613   0.40248538]
[-0.30162416  0.42949285  0.40241661]
[-0.30180862  0.42908161  0.40221668]
[-0.30190321  0.42893459  0.40261258]
[-0.30204103  0.42846643  0.40239809]
[-0.30207219  0.4282391   0.4021241 ]
[-0.30227896  0.42774385  0.40222715]
[-0.30244417  0.4273346   0.40251958]
[-0.3025988   0.42669791  0.40230479]
[-0.30270955  0.42645293  0.40256854]
[-0.30286319  0.42600857  0.40254192]
[-0.30299669  0.42534738  0.40246209]
[-0.30311271  0.42487852  0.40221705]
[-0.30330122  0.42462553  0.40255649]
[-0.30336884  0.42437061  0.4026378 ]
[-0.30344946  0.42402895  0.4025214 ]
[-0.3036046   0.42353902  0.40237281]
[-0.30375985  0.42309693  0.40242862]
[-0.30368659  0.42294699  0.40221187]
[-0.30392921  0.42230591  0.40219558]
[-0.30409253  0.42195935  0.40235933]
[-0.3041266   0.42143619  0.40215765]
[-0.3040074   0.42127151  0.40196419]
[-0.30415729  0.42074473  0.40186144]
[-0.30414177  0.42043885  0.40203921]
[-0.30412326  0.42027599  0.40200002]
[-0.30440198  0.41987532  0.40212305]
[-0.30439903  0.41976305  0.40199419]
[-0.30427602  0.41955548  0.40190339]
[-0.30426629  0.41925327  0.40175169]
[-0.30424628  0.418969    0.40185485]
[-0.30445903  0.41858615  0.40215451]
[-0.30460717  0.41822603  0.402373  ]
[-0.30462311  0.41802963  0.40225093]
[-0.30461462  0.41794008  0.40216674]
[-0.30462324  0.41762817  0.40241081]
[-0.30479854  0.41728788  0.40256609]
[-0.30479678  0.41720576  0.40251142]
[-0.30479564  0.41708588  0.40262771]
[-0.30479932  0.41674855  0.40272922]
[-0.3049565   0.41660583  0.40286891]
[-0.30508519  0.41632998  0.40306152]
[-0.30504345  0.41606331  0.40303302]
[-0.30503233  0.41579165  0.40331346]
[-0.30504203  0.41568397  0.40343365]
[-0.30502711  0.41559205  0.40350003]
[-0.30494587  0.4153966   0.40339976]
[-0.30477765  0.41537806  0.40338766]
[-0.30479584  0.4151977   0.40342527]
