[-0.03101745  0.87761993  0.44277932]
[-0.02740857  0.87661636  0.45570771]
[-0.02477316  0.87577981  0.45593437]
[-0.02355787  0.8752831   0.45244771]
[-0.02450443  0.87471355  0.44904244]
[-0.02694491  0.87415207  0.44573821]
[-0.03023344  0.87375916  0.44223507]
[-0.03368582  0.87333205  0.43862605]
[-0.03747667  0.87288211  0.43469306]
[-0.04060252  0.87249844  0.43081459]
[-0.04251539  0.87210681  0.42829613]
[-0.04370158  0.87175957  0.4268881 ]
[-0.04437912  0.8713805   0.42603017]
[-0.04466775  0.87110267  0.42541464]
[-0.04496199  0.87081881  0.42536034]
[-0.04537177  0.87048926  0.42520297]
[-0.04594064  0.87013642  0.42487268]
[-0.04630075  0.86979364  0.42457882]
[-0.04653535  0.86941493  0.42452196]
[-0.04706279  0.86903633  0.42456322]
[-0.04734817  0.86871749  0.42469432]
[-0.04779524  0.86819809  0.42478105]
[-0.04813928  0.86769291  0.42494525]
[-0.04859135  0.86718676  0.42496777]
[-0.04874417  0.86698582  0.42527347]
[-0.04897821  0.86663655  0.42544649]
[-0.0492778   0.8661599   0.42527919]
[-0.04949348  0.86565415  0.4256126 ]
[-0.04974815  0.86526477  0.42552737]
[-0.05036142  0.86464203  0.42556517]
[-0.05057557  0.86406466  0.42600996]
[-0.05104316  0.86340148  0.42615653]
[-0.0509347   0.86302596  0.42625567]
[-0.05137248  0.86257271  0.42616432]
[-0.05220585  0.86176006  0.42605284]
[-0.05204932  0.86163585  0.42618792]
[-0.05214343  0.86086939  0.42661222]
[-0.05236395  0.86024673  0.42664289]
[-0.05298754  0.85960085  0.42656954]
[-0.05380619  0.85894901  0.42618029]
[-0.05430923  0.85827819  0.42614781]
[-0.05437998  0.85769939  0.42636557]
[-0.0541863   0.85686539  0.42708413]
[-0.05441296  0.8562634   0.4273402 ]
[-0.05466371  0.85569911  0.42728691]
[-0.05496576  0.85528141  0.42705479]
[-0.05505587  0.85446648  0.42736492]
[-0.05475022  0.85402916  0.42763323]
[-0.05473344  0.85320542  0.42789692]
[-0.05523876  0.85214581  0.42798051]
[-0.0555188   0.85135975  0.42800359]
[-0.05555666  0.85071676  0.42807693]
[-0.0558171   0.85009077  0.42797193]
[-0.05594831  0.84934577  0.4283084 ]
[-0.05614904  0.84843722  0.4284218 ]
[-0.05646953  0.84774469  0.42818447]
[-0.05663697  0.84711978  0.42815218]
[-0.05688171  0.84606397  0.42840738]
[-0.0567343   0.84528247  0.42863969]
[-0.05645176  0.84437166  0.42894294]
[-0.05684589  0.84338464  0.42889293]
[-0.05735534  0.84265331  0.42862546]
[-0.05747486  0.84169164  0.4285804 ]
[-0.05726223  0.84087991  0.42858768]
[-0.05722596  0.83964224  0.42882102]
[-0.05740249  0.83876613  0.42878623]
[-0.05758993  0.83764276  0.42888547]
[-0.05762263  0.83673897  0.42899053]
[-0.05754799  0.83584563  0.4292708 ]
[-0.05769826  0.83467276  0.4295575 ]
[-0.05736377  0.833835    0.42958086]
[-0.05758298  0.83294103  0.42972039]
[-0.05785085  0.83200842  0.42954272]
[-0.0579723   0.83102686  0.42967651]
[-0.0579734   0.83031501  0.42967656]
[-0.05818916  0.82894006  0.42980804]
[-0.05836319  0.82803204  0.42981149]
[-0.05853972  0.82706112  0.42987142]
[-0.05855809  0.82595812  0.43002423]
[-0.05872393  0.82528173  0.43010043]
[-0.05870049  0.82418148  0.43028096]
[-0.05878154  0.82345752  0.43036435]
[-0.058459    0.82232729  0.43057913]
[-0.05858259  0.82132308  0.43070241]
[-0.05929446  0.82012861  0.43058457]
[-0.05919908  0.81953341  0.4305029 ]
[-0.05935966  0.81879592  0.43060942]
[-0.0591717   0.81775745  0.43081139]
[-0.059221    0.81669712  0.43084966]
[-0.05950471  0.8157505   0.43067412]
[-0.0599149   0.81472295  0.43069389]
[-0.05983829  0.81363646  0.43084009]
[-0.05970048  0.81255216  0.43111542]
[-0.05978409  0.81176781  0.43100392]
[-0.06005116  0.81072399  0.43103135]
[-0.060215    0.80974611  0.43115819]
[-0.05991509  0.80878816  0.43123394]
[-0.05974439  0.80786915  0.43120219]
[-0.05950334  0.80668679  0.43136424]
[-0.05977089  0.80582927  0.43130317]
[-0.05990484  0.80476225  0.43116885]
[-0.0588965   0.80583211  0.43186036]
[-0.05775126  0.80631426  0.43260949]
[-0.05679858  0.80657247  0.43303477]
[-0.05616311  0.8066289   0.43341016]
[-0.05571658  0.80632959  0.43359879]
[-0.05553527  0.80594695  0.43366421]
[-0.0553257   0.80543814  0.43375975]
[-0.0552324   0.80489407  0.43388608]
[-0.05504987  0.80427451  0.43389862]
[-0.05501026  0.80364738  0.43397713]
[-0.05462651  0.80276739  0.43447581]
[-0.0544466   0.80217582  0.43467018]
[-0.05452193  0.80145744  0.43444539]
[-0.05449143  0.80053089  0.4344691 ]
[-0.05440062  0.79964882  0.43452176]
[-0.05435224  0.79878556  0.4346367 ]
[-0.05399418  0.79812212  0.43476546]
[-0.05383702  0.79714887  0.43482789]
[-0.05393838  0.79609858  0.43478138]
[-0.05371752  0.79530514  0.43502631]
[-0.05357869  0.7943999   0.43520599]
[-0.0534316   0.79348056  0.43529727]
[-0.0536082   0.79261909  0.43512383]
[-0.05363547  0.79206917  0.43515419]
[-0.05350223  0.79084424  0.43511249]
[-0.05331051  0.78990068  0.43533551]
[-0.05305154  0.78909942  0.43545452]
[-0.05339889  0.78765259  0.43537013]
[-0.05351875  0.78649522  0.43527369]
[-0.0535804   0.78575434  0.43529108]
[-0.05355315  0.78469207  0.43528543]
[-0.05342458  0.78393723  0.43521289]
[-0.05373648  0.78293021  0.43494529]
[-0.05366229  0.7819198   0.43498588]
[-0.05352269  0.78115787  0.43501932]
[-0.05338299  0.780129    0.43477295]
[-0.05315878  0.77903421  0.4347191 ]
[-0.05331019  0.7777367   0.43470725]
[-0.05355474  0.77689664  0.43463968]
[-0.05343495  0.77594636  0.43464745]
[-0.05306051  0.77499644  0.43484246]
[-0.05254936  0.7743837   0.4350674 ]
[-0.05232034  0.77347322  0.43512782]
[-0.05220219  0.77273515  0.43503585]
[-0.05226049  0.77179029  0.43488855]
[-0.05230043  0.77091892  0.43488126]
[-0.05184301  0.77031915  0.43503082]
[-0.0517965   0.7688946   0.43501818]
[-0.05176155  0.76773944  0.43477956]
[-0.05184594  0.76668286  0.43462878]
[-0.05160699  0.76606342  0.43471751]
[-0.0515028   0.76540188  0.43461935]
[-0.05138843  0.76463615  0.43488891]
[-0.05107494  0.76372981  0.43494975]
[-0.05090413  0.76291126  0.43491863]
[-0.05085791  0.76186009  0.43483527]
[-0.05082196  0.76096308  0.43474703]
[-0.05047765  0.76002809  0.43491356]
[-0.05002727  0.75913124  0.43512048]
[-0.04981553  0.75802709  0.43524514]
[-0.04978335  0.75733936  0.43502162]
[-0.049234    0.75630506  0.43507863]
[-0.04891455  0.75547441  0.43512596]
[-0.04844537  0.75446745  0.4353524 ]
[-0.04820184  0.75352613  0.43546299]
[-0.04815519  0.75268234  0.43553256]
[-0.04821136  0.75178495  0.4355381 ]
[-0.04795137  0.75106068  0.43560572]
[-0.04760389  0.7501278   0.43589742]
[-0.04706666  0.74942305  0.4357974 ]
[-0.04695256  0.74850192  0.43588309]
[-0.04675335  0.74781885  0.43593743]
[-0.04684648  0.74714669  0.4359549 ]
[-0.04661389  0.74629626  0.43584024]
[-0.04638452  0.74538253  0.43600273]
[-0.04615563  0.74445612  0.43626752]
[-0.04608456  0.7434574   0.43639521]
[-0.04562968  0.74258531  0.43680106]
[-0.04544733  0.74176921  0.43721122]
[-0.04535919  0.74096124  0.43732583]
[-0.04511182  0.74016164  0.43750035]
[-0.04443957  0.73926117  0.43768189]
[-0.04439907  0.7386446   0.43764293]
[-0.0442473   0.73745766  0.43810124]
[-0.04413168  0.73684345  0.43815222]
[-0.04366109  0.73602156  0.43847176]
[-0.04338214  0.73518521  0.43863715]
[-0.04313889  0.7344868   0.43870272]
[-0.04312405  0.733617    0.43872856]
[-0.04276273  0.7327526   0.43906563]
[-0.04256408  0.73199957  0.43905589]
[-0.04218114  0.73128459  0.43925574]
[-0.04187911  0.73040543  0.43942904]
[-0.04183345  0.72963737  0.4395985 ]
[-0.04169313  0.7287205   0.43983154]
[-0.04126658  0.72810022  0.43996448]
[-0.04106198  0.72729801  0.44009084]
[-0.0409481   0.72660832  0.44024117]
[-0.04108562  0.72576863  0.44026433]
[-0.04129634  0.72500933  0.44023733]
[-0.04397602  0.72319893  0.4388842 ]
[-0.04583987  0.72155806  0.43790057]
[-0.04673106  0.72033404  0.4374494 ]
[-0.04687624  0.71931498  0.43735622]
[-0.04692505  0.71851391  0.4373097 ]
[-0.04685878  0.71772678  0.4372291 ]
[-0.04667756  0.71695243  0.43738834]
[-0.04652392  0.71593584  0.43758711]
[-0.04618697  0.71504504  0.43767763]
[-0.04621516  0.71413267  0.43772326]
[-0.04598141  0.71339205  0.43774898]
[-0.04570488  0.71242925  0.43800885]
[-0.04559436  0.71145554  0.43803538]
[-0.04557551  0.71026823  0.4381791 ]
[-0.04556376  0.7095116   0.43826894]
[-0.04533646  0.70874165  0.4383402 ]
[-0.04487429  0.70794517  0.43847595]
[-0.04460712  0.70667475  0.43849482]
[-0.04474041  0.70574974  0.43860201]
[-0.04469989  0.70472536  0.43870777]
[-0.04427204  0.70416288  0.43876086]
[-0.04413876  0.7033465   0.43893816]
[-0.04423586  0.70236057  0.43900156]
[-0.04429342  0.70144414  0.43911038]
[-0.04446832  0.700342    0.43907583]
[-0.04420085  0.69927752  0.43930145]
[-0.04394786  0.69859974  0.43943077]
[-0.0440514   0.69745424  0.43944252]
[-0.044181    0.69628225  0.43950738]
[-0.04408761  0.69555914  0.43950362]
[-0.04407241  0.69477836  0.43954349]
[-0.04409935  0.69394637  0.43960681]
[-0.04422423  0.69301194  0.43973405]
[-0.04399223  0.69198046  0.4399078 ]
[-0.04390297  0.69125907  0.43987628]
[-0.04383571  0.69029566  0.43992583]
[-0.04381915  0.68900971  0.44008405]
[-0.04413487  0.68800297  0.43991515]
[-0.0443021   0.68726923  0.44000108]
[-0.0442048   0.68651647  0.44001515]
[-0.04401123  0.68579719  0.44004195]
[-0.04391656  0.68514068  0.44011583]
[-0.04397098  0.68435574  0.44002937]
[-0.0438475   0.68341372  0.44000684]
[-0.04397642  0.68257105  0.43991382]
[-0.04405292  0.68172852  0.44008453]
[-0.04391831  0.68073443  0.44029998]
[-0.04422999  0.67964607  0.44034976]
[-0.04407535  0.67860402  0.44041728]
[-0.04415826  0.67761401  0.44043553]
[-0.04421253  0.67688205  0.44045901]
[-0.0441586   0.67604831  0.44042829]
[-0.04412188  0.67541806  0.44035833]
[-0.0439612   0.67457252  0.44049596]
[-0.04388782  0.67351938  0.44063361]
[-0.04396578  0.67256144  0.44065075]
[-0.04400308  0.67176208  0.44057717]
[-0.04373732  0.67067874  0.44063304]
[-0.04360972  0.66961025  0.44048751]
[-0.04357514  0.66871776  0.44050987]
[-0.04379147  0.66812707  0.44032797]
[-0.04371828  0.66730048  0.44025362]
[-0.04361734  0.66624438  0.44039722]
[-0.04345732  0.66528359  0.44048   ]
[-0.04334536  0.66435368  0.44055331]
[-0.0431196   0.66354978  0.44044583]
[-0.04317929  0.66266434  0.44045796]
[-0.04299131  0.66168772  0.44038854]
[-0.0428556   0.66078023  0.44044257]
[-0.04291361  0.66011422  0.44016877]
[-0.04301594  0.65934497  0.43996175]
[-0.04300241  0.65857168  0.44004142]
[-0.04280052  0.65771682  0.44000835]
[-0.04262675  0.65702647  0.43967871]
[-0.04244161  0.65585024  0.4397386 ]
[-0.04219544  0.65479546  0.43963747]
[-0.04233283  0.65380298  0.43968914]
[-0.04204499  0.65302277  0.43969183]
[-0.04182589  0.65205603  0.43965987]
[-0.04195747  0.65131415  0.43963606]
[-0.04193256  0.65059682  0.43952016]
[-0.04173233  0.64974657  0.43929005]
[-0.0417498   0.64899528  0.43926776]
[-0.04162821  0.64800866  0.43922834]
[-0.0413567   0.64738101  0.43898115]
[-0.0411124   0.64661314  0.43892003]
[-0.04106832  0.64576548  0.43872999]
[-0.04096008  0.64501881  0.43866569]
[-0.04101294  0.64416755  0.43851108]
[-0.04086963  0.64324652  0.43843622]
[-0.04084769  0.64247123  0.4382375 ]
[-0.04067636  0.6417186   0.43802307]
[-0.04047661  0.64091569  0.4378171 ]
[-0.04052656  0.64003297  0.43769271]
[-0.04036209  0.63935637  0.43751372]
[-0.04019595  0.63869837  0.43736642]
[-0.04017733  0.63786741  0.43718905]
[-0.0402439   0.63697568  0.43700048]
[-0.04030927  0.63619403  0.43678298]
[-0.04043047  0.63538614  0.43660409]
[-0.04068139  0.63429931  0.43718876]
[-0.04048361  0.63342532  0.43751366]
[-0.04042086  0.63245826  0.43760773]
[-0.04016741  0.63137141  0.43761091]
[-0.04005177  0.63049131  0.43752335]
[-0.03965557  0.62974778  0.43742197]
[-0.03961145  0.62894655  0.43736142]
[-0.03949045  0.62802431  0.43736671]
[-0.03926023  0.6272624   0.43726433]
[-0.03939062  0.6264709   0.43709585]
[-0.03934092  0.62599498  0.43688217]
[-0.03907277  0.62486872  0.4369171 ]
[-0.03892401  0.62413104  0.43688541]
[-0.03892462  0.62313755  0.43677545]
[-0.03887914  0.62251113  0.43672583]
[-0.03879982  0.62168871  0.43659781]
[-0.0387637   0.62082416  0.43649082]
[-0.03836812  0.61989286  0.43647041]
[-0.03854698  0.61924934  0.43639453]
[-0.03853463  0.61846323  0.43630988]
[-0.03821637  0.61766891  0.43633864]
[-0.03818896  0.61673014  0.43641665]
[-0.03799344  0.61550666  0.43649976]
[-0.03808425  0.61471411  0.43641246]
[-0.03807371  0.61402063  0.4364052 ]
[-0.03800537  0.61317671  0.43622849]
[-0.03780533  0.61213191  0.43620227]
[-0.03763685  0.61126653  0.43625833]
[-0.0375616   0.61021705  0.43632485]
[-0.03750316  0.6093971   0.43616967]
[-0.03751437  0.60834272  0.43613815]
[-0.03744132  0.60725002  0.43614547]
[-0.03740635  0.60641986  0.4362599 ]
[-0.03720101  0.6051155   0.43631416]
[-0.03709506  0.60462251  0.4361788 ]
[-0.037003    0.60374734  0.43622295]
[-0.03700205  0.60277288  0.43618607]
[-0.03709303  0.60200286  0.43607954]
[-0.037092    0.60098232  0.43612485]
[-0.03706695  0.59985353  0.43619249]
[-0.0370633   0.59899333  0.43602562]
[-0.03697952  0.59752911  0.4359795 ]
[-0.03709574  0.59657692  0.43590539]
[-0.03700859  0.59554868  0.43577699]
[-0.03700331  0.59480205  0.43577782]
[-0.03693983  0.5935467   0.43588679]
[-0.03686031  0.59229176  0.4359654 ]
[-0.03694491  0.59123755  0.43602096]
[-0.03691361  0.59025582  0.43595085]
[-0.03710151  0.58967299  0.43579971]
[-0.0370404   0.58853261  0.43582688]
[-0.03709782  0.58790942  0.43573769]
[-0.03706697  0.58684342  0.43560468]
[-0.03698725  0.58539833  0.43558131]
[-0.03698056  0.58419937  0.43569687]
[-0.03710682  0.58327081  0.43556445]
[-0.03707509  0.58183238  0.43551843]
[-0.03708302  0.58062059  0.4353937 ]
[-0.03707203  0.57980999  0.43512163]
[-0.03717671  0.57878848  0.43512777]
[-0.03724636  0.57780693  0.43506547]
[-0.03724587  0.57682557  0.4350241 ]
[-0.03726326  0.57538026  0.43499824]
[-0.03728262  0.5742266   0.43495728]
[-0.03733773  0.57310335  0.43497204]
[-0.03736824  0.5720854   0.4347019 ]
[-0.03745181  0.57095752  0.43465072]
[-0.03732785  0.57011144  0.43449833]
[-0.03732282  0.5689755   0.43449767]
[-0.03741112  0.56803168  0.43432953]
[-0.03739596  0.56693479  0.43406511]
[-0.03762417  0.56586836  0.43407956]
[-0.03764213  0.56478891  0.43400687]
[-0.03752812  0.56397471  0.43379634]
[-0.03743281  0.56244456  0.43375244]
[-0.03733299  0.56127115  0.43353282]
[-0.03759011  0.56036089  0.43351896]
[-0.03755666  0.55925395  0.43340355]
[-0.03760621  0.55849752  0.4332378 ]
[-0.03769705  0.5578667   0.43311828]
[-0.03776742  0.55713565  0.43305997]
[-0.03779962  0.55615645  0.43290281]
[-0.03781008  0.55514379  0.43283564]
[-0.03783497  0.55434143  0.43270368]
[-0.03774484  0.55365529  0.43247176]
[-0.03763309  0.55272394  0.43239438]
[-0.03779844  0.5519257   0.43226097]
[-0.03784389  0.5511566   0.43220813]
[-0.03782444  0.55061125  0.43211117]
[-0.03778045  0.54983102  0.43195787]
[-0.0376906   0.54900874  0.43180168]
[-0.03759492  0.54812149  0.43154106]
[-0.03767388  0.54764225  0.43134383]
[-0.03775257  0.5470336   0.43124752]
[-0.0377359   0.54649925  0.43114453]
[-0.0377359   0.54580451  0.43100913]
[-0.03768805  0.54533841  0.43082453]
[-0.03770209  0.54470004  0.43071779]
[-0.03778339  0.54434972  0.43066379]
[-0.03781416  0.54374899  0.43056916]
[-0.03538914  0.54286331  0.43054177]
[-0.0338502   0.54220464  0.43040824]
[-0.03310949  0.54143433  0.43015298]
[-0.03276418  0.54053437  0.42978665]
[-0.03287326  0.53969375  0.42925028]
[-0.03264632  0.53886022  0.42873717]
[-0.03275099  0.53793977  0.42838723]
[-0.03313042  0.53709227  0.42795601]
[-0.03336209  0.53622736  0.42746575]
[-0.03377282  0.53527722  0.42703424]
[-0.03395543  0.53437939  0.42662443]
[-0.03444372  0.53339547  0.42615968]
[-0.03478315  0.53220702  0.42572286]
[-0.03512246  0.5310808   0.42536693]
[-0.03565049  0.5304462   0.42502999]
[-0.03584019  0.52969758  0.42469056]
[-0.03665449  0.52910867  0.42439985]
[-0.03688478  0.52790643  0.42406531]
[-0.0375405   0.52719199  0.42381628]
[-0.03812909  0.52645002  0.42348946]
[-0.03862831  0.52565544  0.42314687]
[-0.03920642  0.52473558  0.42289261]
[-0.03975308  0.52362729  0.42252423]
[-0.04021882  0.52286676  0.42221921]
[-0.04085977  0.52192032  0.42187747]
[-0.04175567  0.52091542  0.42142895]
[-0.04255276  0.51985591  0.42105038]
[-0.04332343  0.51889335  0.42056827]
[-0.04405784  0.51803933  0.42033907]
[-0.0445498   0.51733426  0.42000975]
[-0.04538258  0.51658282  0.41992003]
[-0.04618105  0.5156817   0.41957098]
[-0.04691598  0.51472536  0.41932614]
[-0.04795198  0.51384679  0.41895125]
[-0.04809778  0.51308957  0.41866803]
[-0.04908731  0.51231551  0.41834826]
[-0.04999735  0.51145184  0.41802528]
[-0.05088855  0.51073635  0.41788506]
[-0.05171424  0.51010387  0.41777132]
[-0.05303441  0.50902136  0.41746184]
[-0.05420629  0.50836033  0.41689501]
[-0.05542975  0.50741653  0.4167521 ]
[-0.05661571  0.50668451  0.41657508]
[-0.05737584  0.50613099  0.41630728]
[-0.05843839  0.50520464  0.41586836]
[-0.05927961  0.50447952  0.41570191]
[-0.06035472  0.50384565  0.41532797]
[-0.06149039  0.50275564  0.41468088]
[-0.06248109  0.50222741  0.41454611]
[-0.06438986  0.50162955  0.41400299]
[-0.06542288  0.5011427   0.41402648]
[-0.06651239  0.50095955  0.41379211]
[-0.06752909  0.50045081  0.41367197]
[-0.06850394  0.49961781  0.41353475]
[-0.0702666   0.49910465  0.41301782]
[-0.07099781  0.49878741  0.41289317]
[-0.07147975  0.49820374  0.41286783]
[-0.07269161  0.49758003  0.41264669]
[-0.07427883  0.49695057  0.41207828]
[-0.07598827  0.49635987  0.41194093]
[-0.0771839   0.49607277  0.41179894]
[-0.07826317  0.49604786  0.41161432]
[-0.07935667  0.49581535  0.41110911]
[-0.0802387   0.49513975  0.41104659]
[-0.08149637  0.4948859   0.41055766]
[-0.0832062   0.49450867  0.41033642]
[-0.08450257  0.49405933  0.40970882]
[-0.08592598  0.49376199  0.40951473]
[-0.08742856  0.49341325  0.40910989]
[-0.08852695  0.49309279  0.4088185 ]
[-0.08935456  0.49242217  0.40884629]
[-0.09067192  0.49230176  0.40870906]
[-0.09205951  0.49195743  0.40850062]
[-0.09277968  0.49157726  0.40829971]
[-0.0940889   0.49136599  0.4082198 ]
[-0.09535819  0.49085639  0.408006  ]
[-0.09691879  0.49010532  0.40778177]
[-0.09815     0.48957828  0.40759342]
[-0.09930129  0.48924299  0.40759633]
[-0.10020607  0.48876922  0.40752133]
[-0.10142139  0.48835601  0.4073512 ]
[-0.10291986  0.48780347  0.40717457]
[-0.10381622  0.48731976  0.40699589]
[-0.10491     0.48653119  0.40708862]
[-0.10619798  0.48598923  0.40692754]
[-0.10756349  0.48511009  0.4068714 ]
[-0.10888588  0.48461987  0.4067017 ]
[-0.10990593  0.48396707  0.40654516]
[-0.11110455  0.48334433  0.40634376]
[-0.11218456  0.48276679  0.40629454]
[-0.11340375  0.48196024  0.40622156]
[-0.11444035  0.48129935  0.40617086]
[-0.11550646  0.4807883   0.40601884]
[-0.11663786  0.48023447  0.40594288]
[-0.11772035  0.47952291  0.40586005]
[-0.1186745   0.47901569  0.4057793 ]
[-0.11967386  0.47851835  0.40569318]
[-0.12053063  0.47779997  0.40565404]
[-0.1211538   0.47735637  0.40561261]
[-0.12205193  0.4768476   0.40556307]
[-0.11792051  0.47378885  0.40112538]
[-0.11587727  0.47202031  0.3983305 ]
[-0.11484907  0.47083204  0.39676221]
[-0.11455679  0.46992612  0.39574523]
[-0.11490225  0.46920989  0.39507466]
[-0.11526851  0.46876474  0.39458728]
[-0.11580152  0.46840659  0.39430525]
[-0.1164562   0.46771866  0.39412102]
[-0.11715657  0.46736716  0.39394093]
[-0.11792525  0.46687881  0.3939135 ]
[-0.11876096  0.46660375  0.39377745]
[-0.12002658  0.4661344   0.39367702]
[-0.1207012   0.46584343  0.39377601]
[-0.12170961  0.4655818   0.39370304]
[-0.12292536  0.46514692  0.3936627 ]
[-0.1239195   0.46472132  0.39363583]
[-0.12482898  0.46427822  0.39344101]
[-0.12615205  0.46378945  0.3936578 ]
[-0.12739152  0.46335447  0.39360408]
[-0.12869471  0.46273149  0.39362878]
[-0.12983941  0.46254807  0.39337428]
[-0.13110885  0.4618785   0.39334825]
[-0.13183119  0.46171283  0.39303137]
[-0.13325035  0.46128246  0.39308474]
[-0.13516953  0.46026477  0.39325461]
[-0.13664101  0.46000482  0.3930988 ]
[-0.13828932  0.45933722  0.39319422]
[-0.13955647  0.45862702  0.3929432 ]
[-0.14087096  0.45808242  0.39256667]
[-0.14219592  0.45783288  0.39252843]
[-0.14403675  0.45688429  0.3924895 ]
[-0.14487961  0.45647309  0.3925692 ]
[-0.14644294  0.45546833  0.39302539]
[-0.1474612   0.45520384  0.39306689]
[-0.14843733  0.45496627  0.39292251]
[-0.15004031  0.45390765  0.39304697]
[-0.15157671  0.45267725  0.39262057]
[-0.15276649  0.45207884  0.39240708]
[-0.15378753  0.45144897  0.39239408]
[-0.1551298   0.45094611  0.39220797]
[-0.15620849  0.45009302  0.39174279]
[-0.15749781  0.45011548  0.39131022]
[-0.15941105  0.44893238  0.39119238]
[-0.16066899  0.44754513  0.39095266]
[-0.16169269  0.44721378  0.39103568]
[-0.16335105  0.44621499  0.39098007]
[-0.16484648  0.44479248  0.39084239]
[-0.16629361  0.44394049  0.3902699 ]
[-0.16725467  0.44333498  0.39025172]
[-0.16911621  0.44154481  0.39018569]
[-0.17016973  0.44061017  0.38975305]
[-0.17173304  0.44005646  0.38947157]
[-0.17292197  0.4388498   0.38938803]
[-0.17389508  0.43775535  0.38937346]
[-0.17509821  0.43697306  0.38864227]
[-0.17655586  0.43647947  0.38837615]
[-0.17704323  0.43636063  0.38863774]
[-0.17843836  0.43574714  0.38784864]
[-0.17922996  0.43480966  0.38741428]
[-0.18058355  0.43391857  0.3870738 ]
[-0.18103635  0.43340592  0.38701809]
[-0.18261559  0.43161076  0.38716921]
[-0.18405453  0.43015166  0.38690194]
[-0.18505103  0.4291408   0.38627467]
[-0.18617603  0.42816903  0.38617642]
[-0.18722552  0.42719209  0.38613099]
[-0.18867235  0.42573937  0.38642716]
[-0.18996513  0.424738    0.38642692]
[-0.19117209  0.42375838  0.38599571]
[-0.19221601  0.42426029  0.38562131]
[-0.19317482  0.4240272   0.38542572]
[-0.19391357  0.42314911  0.3854333 ]
[-0.19484387  0.42231021  0.38589509]
[-0.19554058  0.42170918  0.3854989 ]
[-0.19649111  0.42220285  0.38595201]
[-0.19741337  0.42164309  0.38608336]
[-0.1987012   0.42085568  0.38635771]
[-0.19932292  0.42059409  0.38628984]
[-0.20005942  0.42127351  0.38681514]
[-0.2008935   0.42162149  0.38630343]
[-0.20179887  0.4220669   0.3867963 ]
[-0.20276027  0.42239341  0.38700518]
[-0.20347804  0.42343109  0.38646763]
[-0.20426893  0.42420552  0.38701659]
[-0.20519191  0.42471328  0.38747925]
[-0.20610193  0.42530042  0.38801373]
[-0.20666471  0.42620978  0.38793463]
[-0.20724125  0.42735542  0.3880164 ]
[-0.20782499  0.42868655  0.38762959]
[-0.20861117  0.42979161  0.38818804]
[-0.20933517  0.43154127  0.38802239]
[-0.20990781  0.43302039  0.38828661]
[-0.21054392  0.43459992  0.38861305]
[-0.21095899  0.43642775  0.38887273]
[-0.21138721  0.43784967  0.38895344]
[-0.211793    0.43932895  0.38910318]
[-0.21207348  0.4405214   0.38924363]
[-0.21237257  0.44174878  0.3893286 ]
[-0.21252681  0.44260004  0.38939571]
[-0.21269974  0.44356057  0.38955133]
[-0.21117741  0.41856462  0.3892002 ]
[-0.20944928  0.39934141  0.38820604]
[-0.20832246  0.38854781  0.38758254]
[-0.20784142  0.38153201  0.38710392]
[-0.20773074  0.37780255  0.38673364]
[-0.20795716  0.37540717  0.38619407]
[-0.20807686  0.37403602  0.38578402]
[-0.2083319   0.37266254  0.38574644]
[-0.20854766  0.37242609  0.38550931]
[-0.20903763  0.37248479  0.38532736]
[-0.20966074  0.37274233  0.38495553]
[-0.21059365  0.37311151  0.38441293]
[-0.21094392  0.37308077  0.38423438]
[-0.21144523  0.37346872  0.38367845]
[-0.21187648  0.37392647  0.38326423]
[-0.21202862  0.37327896  0.38310907]
[-0.21261813  0.37439622  0.38276895]
[-0.21261836  0.37501625  0.38322293]
[-0.21324533  0.37568498  0.38253176]
[-0.21368122  0.37676542  0.38227336]
[-0.21417296  0.37751631  0.38167701]
[-0.21452696  0.37806682  0.3816716 ]
[-0.21464208  0.37824758  0.38165443]
[-0.21492922  0.37927223  0.38105161]
[-0.21534329  0.38122094  0.38080406]
[-0.21562571  0.38215067  0.38044575]
[-0.21569494  0.38270641  0.38048579]
[-0.21588107  0.38361814  0.38038361]
[-0.21606734  0.38484127  0.37987344]
[-0.21605428  0.38509715  0.37960198]
[-0.21616757  0.38558286  0.37937165]
[-0.21629121  0.38722195  0.37887874]
[-0.21625808  0.38761015  0.37898055]
[-0.21624918  0.38890562  0.37886018]
[-0.21626166  0.38987313  0.37847228]
[-0.21632217  0.39110108  0.37834445]
[-0.21628608  0.39235866  0.37807536]
[-0.21621388  0.39358188  0.37787291]
[-0.21620994  0.39470377  0.37744715]
[-0.21611744  0.39762194  0.37674816]
[-0.21606133  0.39974602  0.37668663]
[-0.21593738  0.40128532  0.37637562]
[-0.215739    0.40358207  0.3759924 ]
[-0.21562193  0.40402276  0.3762422 ]
[-0.21546873  0.40606153  0.37611023]
[-0.21519399  0.40797826  0.37599626]
[-0.21496273  0.40952174  0.37585198]
[-0.21476355  0.41119502  0.37578395]
[-0.21476683  0.41124476  0.37618673]
[-0.21444434  0.41355612  0.37648751]
[-0.21418328  0.41560427  0.37625685]
[-0.21411567  0.41664887  0.37699613]
[-0.21370008  0.41973668  0.37686185]
[-0.21358946  0.42057973  0.37696957]
[-0.21345997  0.42219699  0.37765989]
[-0.2133353   0.42284832  0.37739251]
[-0.2130983   0.42498702  0.37792028]
[-0.21290367  0.42671326  0.3784152 ]
[-0.21267093  0.42795027  0.37826354]
[-0.21247765  0.42977842  0.37860568]
[-0.21217707  0.4315942   0.37850556]
[-0.21217544  0.43272329  0.37904313]
[-0.21201453  0.43427532  0.37945661]
[-0.21181279  0.43602589  0.3796434 ]
[-0.21173386  0.43715145  0.38025111]
[-0.21158086  0.4384198   0.38051939]
[-0.21134356  0.44032248  0.38085993]
[-0.21128227  0.44140598  0.38125205]
[-0.2109518   0.44330198  0.3811891 ]
[-0.21085522  0.4443961   0.38187892]
[-0.21079407  0.44491215  0.38207984]
[-0.21059083  0.44632784  0.38190659]
[-0.21049733  0.44721211  0.3819092 ]
[-0.21037559  0.448235    0.38200212]
[-0.21017035  0.44939183  0.38201649]
[-0.20992791  0.45081312  0.38205922]
[-0.20963165  0.45250877  0.38215927]
[-0.20944278  0.45364095  0.38205179]
[-0.2092097   0.45519511  0.38179809]
[-0.20909041  0.45596052  0.38152203]
[-0.20888973  0.45725344  0.38136525]
[-0.20871008  0.45851028  0.38160547]
[-0.20854452  0.45950319  0.38169574]
[-0.20834034  0.46062885  0.38142384]
[-0.20809822  0.46190052  0.38121931]
[-0.20808807  0.46253709  0.38126719]
[-0.20796155  0.46344639  0.38131193]
[-0.20780873  0.4642462   0.38143248]
[-0.20759874  0.4652255   0.38126094]
[-0.20758462  0.46564564  0.38137969]
[-0.20753385  0.46630865  0.38151808]
[-0.20743751  0.46689367  0.38166377]
[-0.20740096  0.46743225  0.38188443]
[-0.20737398  0.46790731  0.38204841]
[-0.20733297  0.46820272  0.38217235]
[-0.20731831  0.46852358  0.38234696]
[-0.20733576  0.46869332  0.38259677]
[-0.20739209  0.46866868  0.38280316]
[-0.20751065  0.46851568  0.38299323]
[-0.20755256  0.46859462  0.38317686]
[-0.21208689  0.44940723  0.39114406]
[-0.21402868  0.43503203  0.39533816]
[-0.21445483  0.42725229  0.39672445]
[-0.2144512   0.42296077  0.39697441]
[-0.21450825  0.42075067  0.39645357]
[-0.21444675  0.41948505  0.39573438]
[-0.21443975  0.41918003  0.39475044]
[-0.21452334  0.4190014   0.39339941]
[-0.21465819  0.41904205  0.39239612]
[-0.21476934  0.41927369  0.3910996 ]
[-0.21495316  0.41918093  0.3906083 ]
[-0.21513521  0.41961236  0.38838958]
[-0.21520471  0.42016555  0.38708331]
[-0.21536569  0.42055819  0.38634476]
[-0.21571326  0.42094044  0.38488372]
[-0.21586779  0.42103461  0.38365541]
[-0.21598473  0.42126385  0.3824023 ]
[-0.216416    0.4214508   0.38153371]
[-0.21651848  0.42206726  0.38025111]
[-0.21672808  0.42275069  0.37959412]
[-0.21670178  0.42341847  0.37837138]
[-0.21682334  0.42388561  0.3775685 ]
[-0.21716077  0.42371155  0.37638606]
[-0.21729682  0.42435969  0.37528768]
[-0.21747282  0.42504283  0.37478469]
[-0.21775707  0.42534571  0.37369785]
[-0.21814743  0.42532986  0.37336791]
[-0.21856821  0.42530862  0.3731496 ]
[-0.21880291  0.42550869  0.37230799]
[-0.21910282  0.42535652  0.37190635]
[-0.21925728  0.42560765  0.37129317]
[-0.21939834  0.42650518  0.37056178]
[-0.21974513  0.42661947  0.37000481]
[-0.22003048  0.42661615  0.36993549]
[-0.22011532  0.42686509  0.3698111 ]
[-0.22028376  0.42717584  0.36938991]
[-0.22063154  0.42693291  0.36966484]
[-0.22118869  0.42697924  0.36924598]
[-0.22146131  0.42708237  0.36933105]
[-0.2216563   0.42789999  0.36901454]
[-0.22187094  0.4284309   0.36846266]
[-0.22223983  0.42882198  0.36839902]
[-0.22271342  0.4287917   0.36836424]
[-0.22272923  0.4288658   0.36802351]
[-0.22302131  0.42889262  0.36835684]
[-0.22338045  0.42895209  0.36832054]
[-0.22357928  0.42924209  0.36809113]
[-0.22419657  0.42882862  0.36859126]
[-0.22464599  0.42822543  0.36891687]
[-0.22508986  0.42806363  0.36890532]
[-0.22511179  0.42847303  0.36880341]
[-0.22540614  0.42855811  0.36876983]
[-0.22568815  0.42863176  0.36889323]
[-0.2258674   0.42866433  0.36923546]
[-0.22620289  0.42844154  0.36969087]
[-0.22636912  0.42838336  0.36995327]
[-0.22682501  0.42813852  0.37036038]
[-0.22722863  0.42790782  0.37073356]
[-0.22756817  0.42765748  0.37107568]
[-0.22784798  0.42762423  0.37161679]
[-0.22804631  0.42780431  0.37178707]
[-0.22836157  0.42714737  0.37242316]
[-0.22860129  0.42684961  0.37280514]
[-0.22876841  0.42662371  0.37350694]
[-0.22904144  0.42633701  0.37419682]
[-0.22908306  0.42628997  0.37448068]
[-0.22936347  0.42582008  0.37519216]
[-0.22954961  0.42545962  0.37570982]
[-0.22969295  0.42493628  0.37685376]
[-0.22990665  0.4248474   0.37700723]
[-0.22998056  0.42489899  0.37697959]
[-0.23004441  0.42443494  0.37775638]
[-0.23015141  0.42390631  0.37882156]
[-0.23030845  0.42346061  0.379645  ]
[-0.23043751  0.42309437  0.38075439]
[-0.23048298  0.42278635  0.38196495]
[-0.23059833  0.42288057  0.38243723]
[-0.23058324  0.42257868  0.38351362]
[-0.2306593   0.42235259  0.38455029]
[-0.23064566  0.42209843  0.38487709]
[-0.23066213  0.42178189  0.38577522]
[-0.2307953   0.42169203  0.3864632 ]
[-0.23087166  0.42151604  0.38729868]
[-0.23085398  0.42145309  0.38811712]
[-0.23085342  0.42138732  0.38887157]
[-0.23090055  0.42119477  0.38961488]
[-0.23094964  0.42115023  0.39029008]
[-0.23094563  0.42124451  0.39064317]
[-0.23091898  0.42139934  0.39141504]
[-0.23095612  0.42115585  0.39194369]
[-0.23101242  0.42098235  0.39238445]
[-0.23107334  0.42114146  0.39267413]
[-0.2311159   0.42114227  0.39306978]
[-0.23116832  0.42114316  0.39346383]
[-0.23117291  0.42121339  0.39386673]
[-0.23117772  0.42132383  0.3941411 ]
[-0.23117995  0.42132514  0.39440362]
[-0.2311531  0.4214706  0.394603 ]
[-0.23120857  0.42118961  0.39489632]
[-0.2312429   0.42124925  0.39514068]
[-0.22921229  0.43188551  0.38977967]
[-0.22685779  0.43937439  0.38608487]
[-0.22520326  0.44394478  0.38392471]
[-0.22402685  0.44692085  0.38274408]
[-0.22363971  0.44845721  0.3820036 ]
[-0.22325585  0.44955446  0.38116188]
[-0.22304562  0.45045933  0.38087459]
[-0.22301587  0.45094351  0.38053683]
[-0.22302754  0.45160783  0.38060325]
[-0.22318987  0.45185363  0.38066379]
[-0.22340418  0.4518649   0.38090787]
[-0.22353266  0.45208221  0.380588  ]
[-0.22357075  0.4523279   0.38043066]
[-0.2237927   0.45258742  0.38077654]
[-0.22423937  0.45260851  0.38122138]
[-0.22433673  0.45299666  0.38122404]
[-0.2243837   0.45321162  0.38149561]
[-0.2250074   0.45295191  0.3818301 ]
[-0.22501229  0.45336743  0.38214914]
[-0.22503881  0.4538213   0.38273236]
[-0.22512181  0.45417121  0.38301326]
[-0.22525103  0.45438865  0.38331568]
[-0.22583319  0.45376372  0.3838979 ]
[-0.22620164  0.45355475  0.38446979]
[-0.22624062  0.45402103  0.38481318]
[-0.22648179  0.45438913  0.38551663]
[-0.2267672   0.45438912  0.38591153]
[-0.22717349  0.45417516  0.38679988]
[-0.22766934  0.45367214  0.38759141]
[-0.22821057  0.45296096  0.38795048]
[-0.22846045  0.45300919  0.38859179]
[-0.22852685  0.45343637  0.38946444]
[-0.22922128  0.45271564  0.39011053]
[-0.229311    0.45241677  0.39032546]
[-0.22918815  0.45280934  0.39054342]
[-0.229619    0.45227215  0.39126227]
[-0.2299314   0.45181574  0.39167582]
[-0.23063922  0.45118989  0.39260983]
[-0.23084883  0.45091832  0.39313069]
[-0.23106615  0.45113561  0.39426376]
[-0.23111864  0.45109631  0.39462569]
[-0.23139542  0.45104943  0.39550531]
[-0.23197009  0.45002025  0.3964042 ]
[-0.23202421  0.44968243  0.39676306]
[-0.23244236  0.44894552  0.39785777]
[-0.23284312  0.44874301  0.39891547]
[-0.23326474  0.44824039  0.3995197 ]
[-0.23349425  0.4474452   0.40049529]
[-0.23382352  0.4462283   0.40093256]
[-0.23419587  0.44542796  0.40183001]
[-0.23424531  0.44545225  0.40255486]
[-0.23447252  0.44520365  0.40329066]
[-0.23476218  0.44462821  0.40436224]
[-0.23483375  0.44440334  0.40494778]
[-0.23499707  0.44367474  0.40589484]
[-0.23494022  0.44336552  0.40619319]
[-0.23519572  0.44285878  0.407189  ]
[-0.23556297  0.4419794   0.40839579]
[-0.23573947  0.44139061  0.40940907]
[-0.23588442  0.44097284  0.41029961]
[-0.23587424  0.4409214   0.41069613]
[-0.23607201  0.43996663  0.41136097]
[-0.23611057  0.43952784  0.41200244]
[-0.236149    0.43897708  0.41315602]
[-0.23613994  0.43875005  0.41388958]
[-0.23617661  0.43843753  0.41461489]
[-0.2363935   0.43757011  0.41576874]
[-0.23638635  0.43708989  0.41649965]
[-0.23616304  0.43651763  0.41747078]
[-0.2362941   0.43600822  0.4184432 ]
[-0.23635545  0.43570609  0.4189578 ]
[-0.23629524  0.43512536  0.41952935]
[-0.23620846  0.43456196  0.42006362]
[-0.23612376  0.43420074  0.42040194]
[-0.23612594  0.43397842  0.42088705]
[-0.23598421  0.43388285  0.42096731]
[-0.23593629  0.43394028  0.42145936]
[-0.23571431  0.43391814  0.42144765]
[-0.23561864  0.43385523  0.42164315]
[-0.23550809  0.43353806  0.42138466]
[-0.23538037  0.43330927  0.42137508]
[-0.23539603  0.43324721  0.42168947]
[-0.23535351  0.43321105  0.42185615]
[-0.23522999  0.43315287  0.42182674]
[-0.23509466  0.43309224  0.4219687 ]
[-0.2350565   0.43298724  0.42211276]
[-0.23500124  0.43297877  0.42230787]
[-0.23491521  0.43309731  0.42243338]
[-0.23475225  0.43329951  0.42250918]
[-0.23469127  0.4330079   0.42272271]
[-0.2346687   0.43284205  0.42274723]
[-0.23464505  0.43295443  0.42297607]
[-0.23465033  0.43288479  0.42313848]
[-0.23465041  0.43281793  0.42334743]
[-0.23457113  0.43289606  0.42355205]
[-0.23452447  0.43303158  0.42362442]
[-0.23446386  0.43300305  0.42375937]
[-0.23437589  0.43311771  0.42384272]
[-0.23434884  0.43294359  0.42390464]
[-0.23433512  0.43292811  0.42411571]
[-0.23673792  0.42601838  0.4194968 ]
[-0.23791917  0.42189489  0.41546957]
[-0.23871156  0.4202052   0.41323385]
[-0.23935731  0.41989906  0.41216637]
[-0.24013056  0.4203697   0.41140493]
[-0.2407808   0.42125482  0.4102443 ]
[-0.24117929  0.42196438  0.40925213]
[-0.24163549  0.42288765  0.40662729]
[-0.24212968  0.42410075  0.40526528]
[-0.24236508  0.42503999  0.40373456]
[-0.24264001  0.42562484  0.40229174]
[-0.24301458  0.42681232  0.39981022]
[-0.24310117  0.42764661  0.39838077]
[-0.24338889  0.42828958  0.39694043]
[-0.24388267  0.42868134  0.39510552]
[-0.24416211  0.42913435  0.39293183]
[-0.24442428  0.42953168  0.39189404]
[-0.24497371  0.43072522  0.39042024]
[-0.24512367  0.43126567  0.38897212]
[-0.24556836  0.43224585  0.38855089]
[-0.24566063  0.43265634  0.387622  ]
[-0.24603432  0.43360285  0.38656124]
[-0.24650511  0.43392305  0.38588482]
[-0.24691557  0.43439208  0.38519296]
[-0.24730671  0.43492385  0.38455944]
[-0.24774018  0.43534851  0.38374819]
[-0.24844584  0.43533721  0.38302274]
[-0.24906295  0.43559421  0.38247979]
[-0.24956249  0.43594968  0.38189041]
[-0.24984639  0.43579239  0.38145346]
[-0.25028318  0.43648571  0.38089189]
[-0.25047289  0.43686802  0.38046538]
[-0.25111585  0.4365041   0.38005913]
[-0.25143864  0.43639372  0.37974514]
[-0.25180926  0.43702646  0.37982774]
[-0.25218511  0.43690775  0.37942358]
[-0.25264351  0.43658974  0.37930839]
[-0.25341719  0.43651422  0.37911552]
[-0.25382058  0.43663496  0.37905366]
[-0.25417679  0.4369593   0.37877357]
[-0.25470678  0.43729919  0.37876984]
[-0.25518142  0.43741832  0.37881375]
[-0.25580874  0.43702195  0.3789784 ]
[-0.25614343  0.43681172  0.3789956 ]
[-0.25677314  0.43658737  0.37914795]
[-0.25724654  0.43652272  0.37914874]
[-0.2577659   0.43638004  0.379163  ]
[-0.2584878   0.43605473  0.37939208]
[-0.25906308  0.43530506  0.37960776]
[-0.25956554  0.43499338  0.37960333]
[-0.25975069  0.43518671  0.37973705]
[-0.26003418  0.43500917  0.37975637]
[-0.26059461  0.43488107  0.37991345]
[-0.26092811  0.4347835   0.38038747]
[-0.26138492  0.43435118  0.38073288]
[-0.26156328  0.43407981  0.38094892]
[-0.26217692  0.43384214  0.38126818]
[-0.26280093  0.43336967  0.38176694]
[-0.26320663  0.43308256  0.38205976]
[-0.2636309   0.43290832  0.38248008]
[-0.26387499  0.43292529  0.38269374]
[-0.26416105  0.43228694  0.38296306]
[-0.26443219  0.43195375  0.38320564]
[-0.26480167  0.43158044  0.38364478]
[-0.2650505   0.43130865  0.3841415 ]
[-0.26518836  0.43107653  0.38429008]
[-0.26548287  0.43049148  0.38471706]
[-0.26572669  0.43000452  0.38499707]
[-0.26581777  0.42940868  0.38536444]
[-0.26613278  0.4290848   0.38563203]
[-0.26629537  0.42892999  0.38579462]
[-0.26637219  0.42835954  0.38612099]
[-0.26642128  0.4276755   0.38640884]
[-0.26661963  0.42706493  0.38676008]
[-0.26675235  0.42660712  0.38719951]
[-0.26687667  0.42609397  0.38763402]
[-0.26707234  0.42591744  0.3880319 ]
[-0.26716071  0.42540077  0.38848424]
[-0.26726831  0.42502948  0.38890737]
[-0.26732281  0.42454271  0.38909006]
[-0.26741356  0.42392557  0.3896336 ]
[-0.26764036  0.4235851   0.3901134 ]
[-0.26782404  0.42321324  0.39055339]
[-0.26788339  0.4228484   0.3909316 ]
[-0.26791094  0.42245245  0.39126157]
[-0.26803847  0.4221396   0.39156592]
[-0.26815408  0.42193833  0.39191713]
[-0.2681905   0.42188983  0.39211677]
[-0.26824271  0.42168819  0.39248379]
[-0.26826348  0.42124705  0.3928337 ]
[-0.26834328  0.42089433  0.39303627]
[-0.2684307   0.42077366  0.3933491 ]
[-0.26854459  0.42072102  0.39350557]
[-0.26861722  0.42055457  0.39381661]
[-0.26864973  0.42043998  0.39411506]
[-0.26873698  0.42054257  0.39422676]
[-0.26875094  0.42046179  0.39436062]
[-0.26874865  0.42049444  0.39449026]
[-0.26875776  0.42017046  0.39471957]
