-0.800025 1.000026 0.249893 1.000000 -0.000000 -0.000003 0.000089
-0.800025 1.000026 0.249912 1.000000 -0.000001 -0.000001 0.000091
-0.800027 1.000026 0.249893 1.000000 -0.000000 -0.000005 0.000092
-0.800026 1.000025 0.249900 1.000000 0.000002 -0.000002 0.000093
-0.800026 1.000025 0.249910 1.000000 0.000001 -0.000002 0.000094
-0.800026 1.000027 0.249925 1.000000 -0.000001 -0.000002 0.000094
-0.800025 1.000027 0.249939 1.000000 -0.000001 0.000000 0.000096
-0.800025 1.000025 0.249929 1.000000 0.000002 -0.000001 0.000096
-0.800025 1.000025 0.249893 1.000000 0.000003 -0.000001 0.000099
-0.800025 1.000028 0.249912 1.000000 -0.000003 0.000001 0.000101
-0.800026 1.000026 0.249938 1.000000 0.000002 -0.000001 0.000104
-0.800027 1.000027 0.249887 1.000000 -0.000000 -0.000003 0.000107
-0.800028 1.000027 0.249903 1.000000 0.000002 -0.000004 0.000108
-0.800028 1.000029 0.249807 1.000000 -0.000003 -0.000004 0.000108
-0.800028 1.000029 0.249823 1.000000 -0.000003 -0.000003 0.000111
-0.800028 1.000028 0.249849 1.000000 0.000001 -0.000002 0.000115
-0.800025 1.000029 0.249830 1.000000 -0.000001 0.000005 0.000118
-0.800026 1.000031 0.249829 1.000000 -0.000005 0.000004 0.000119
-0.800031 1.000029 0.249825 1.000000 -0.000000 -0.000004 0.000120
-0.800029 1.000029 0.249882 1.000000 0.000001 -0.000001 0.000121
-0.800030 1.000029 0.249896 1.000000 -0.000000 -0.000001 0.000122
-0.800028 1.000029 0.249919 1.000000 0.000001 0.000001 0.000123
-0.800029 1.000030 0.249901 1.000000 -0.000002 0.000000 0.000124
-0.800030 1.000029 0.249917 1.000000 0.000001 -0.000002 0.000125
-0.800030 1.000029 0.249905 1.000000 0.000001 -0.000001 0.000126
-0.800031 1.000030 0.249911 1.000000 -0.000001 -0.000002 0.000126
-0.800031 1.000030 0.249949 1.000000 0.000001 -0.000002 0.000128
-0.800031 1.000031 0.249950 1.000000 -0.000002 -0.000001 0.000128
-0.800030 1.000030 0.249936 1.000000 0.000001 0.000001 0.000129
-0.800031 1.000030 0.249933 1.000000 0.000001 -0.000002 0.000130
-0.800032 1.000030 0.249926 1.000000 0.000002 -0.000003 0.000132
-0.800029 1.000031 0.249933 1.000000 -0.000001 0.000002 0.000132
-0.800030 1.000030 0.249857 1.000000 0.000001 0.000001 0.000135
-0.800032 1.000029 0.249852 1.000000 0.000004 -0.000002 0.000135
-0.800034 1.000033 0.249819 1.000000 -0.000004 -0.000005 0.000137
-0.800030 1.000028 0.249808 1.000000 0.000006 0.000002 0.000137
-0.800030 1.000032 0.249814 1.000000 -0.000001 0.000002 0.000139
-0.800028 1.000033 0.249825 1.000000 -0.000002 0.000007 0.000139
-0.800028 1.000034 0.249834 1.000000 -0.000004 0.000008 0.000142
-0.800027 1.000031 0.249812 1.000000 0.000003 0.000009 0.000142
-0.800032 1.000036 0.249769 1.000000 -0.000007 0.000000 0.000143
-0.800033 1.000034 0.249775 1.000000 -0.000003 -0.000003 0.000144
-0.800032 1.000038 0.249758 1.000000 -0.000011 0.000001 0.000145
-0.800034 1.000034 0.249744 1.000000 -0.000003 -0.000004 0.000145
-0.800035 1.000032 0.249791 1.000000 0.000001 -0.000006 0.000146
-0.800034 1.000030 0.249811 1.000000 0.000005 -0.000003 0.000149
-0.800032 1.000032 0.249768 1.000000 0.000002 0.000002 0.000151
-0.800033 1.000032 0.249775 1.000000 0.000002 -0.000000 0.000154
-0.800032 1.000033 0.249763 1.000000 -0.000001 0.000002 0.000155
-0.800035 1.000033 0.249884 1.000000 0.000001 -0.000002 0.000157
-0.800037 1.000034 0.249841 1.000000 -0.000001 -0.000006 0.000160
-0.800035 1.000034 0.249875 1.000000 -0.000000 -0.000000 0.000161
-0.800037 1.000034 0.249931 1.000000 0.000001 -0.000002 0.000162
-0.800037 1.000034 0.249927 1.000000 0.000001 -0.000004 0.000163
-0.800036 1.000035 0.249871 1.000000 -0.000000 0.000000 0.000164
-0.800037 1.000033 0.249875 1.000000 0.000004 -0.000003 0.000164
-0.800038 1.000034 0.249863 1.000000 0.000003 -0.000004 0.000165
-0.800036 1.000035 0.249868 1.000000 -0.000001 0.000001 0.000164
-0.800038 1.000035 0.249910 1.000000 0.000002 -0.000004 0.000166
-0.800039 1.000035 0.249890 1.000000 0.000000 -0.000004 0.000166
-0.800037 1.000034 0.249862 1.000000 0.000003 -0.000001 0.000168
-0.800038 1.000036 0.249872 1.000000 0.000000 -0.000002 0.000168
-0.800037 1.000035 0.249865 1.000000 0.000001 -0.000001 0.000169
-0.800037 1.000037 0.249891 1.000000 -0.000003 -0.000000 0.000170
-0.800038 1.000037 0.249930 1.000000 -0.000002 -0.000000 0.000172
-0.800038 1.000036 0.249930 1.000000 0.000000 -0.000002 0.000175
-0.800039 1.000036 0.249898 1.000000 0.000002 -0.000002 0.000178
-0.800039 1.000037 0.249776 1.000000 -0.000001 -0.000001 0.000180
-0.800042 1.000040 0.249766 1.000000 -0.000006 -0.000008 0.000180
-0.800038 1.000040 0.249796 1.000000 -0.000006 0.000000 0.000182
-0.800039 1.000039 0.249809 1.000000 -0.000005 -0.000001 0.000182
-0.800036 1.000038 0.249803 1.000000 -0.000002 0.000004 0.000184
-0.800039 1.000038 0.249817 1.000000 -0.000002 -0.000001 0.000185
-0.800039 1.000035 0.249825 1.000000 0.000004 -0.000001 0.000185
-0.800038 1.000034 0.249779 1.000000 0.000007 0.000002 0.000186
-0.800040 1.000038 0.249769 1.000000 -0.000001 -0.000002 0.000187
-0.800041 1.000038 0.249770 1.000000 -0.000002 -0.000004 0.000187
-0.800038 1.000036 0.249781 1.000000 0.000002 0.000002 0.000188
-0.800038 1.000041 0.249817 1.000000 -0.000006 0.000002 0.000190
-0.800043 1.000037 0.249823 1.000000 0.000002 -0.000006 0.000191
-0.800041 1.000039 0.249868 1.000000 -0.000001 -0.000002 0.000192
-0.800039 1.000040 0.249851 1.000000 -0.000003 0.000003 0.000195
-0.800040 1.000038 0.249887 1.000000 0.000001 -0.000001 0.000196
-0.800041 1.000040 0.249895 1.000000 -0.000003 -0.000002 0.000197
-0.800041 1.000038 0.249901 1.000000 0.000000 -0.000002 0.000200
-0.800041 1.000038 0.249895 1.000000 0.000000 -0.000002 0.000201
-0.800042 1.000039 0.249937 1.000000 -0.000000 -0.000002 0.000202
-0.800041 1.000038 0.249940 1.000000 0.000002 -0.000000 0.000203
-0.800043 1.000038 0.249905 1.000000 0.000000 -0.000004 0.000205
-0.800042 1.000039 0.249932 1.000000 -0.000001 -0.000002 0.000206
-0.800042 1.000038 0.249931 1.000000 0.000002 -0.000004 0.000207
-0.800040 1.000041 0.249915 1.000000 -0.000004 0.000001 0.000209
-0.800041 1.000039 0.249913 1.000000 -0.000000 0.000000 0.000209
-0.800042 1.000038 0.249888 1.000000 0.000002 -0.000002 0.000210
-0.800041 1.000039 0.249892 1.000000 -0.000000 -0.000001 0.000211
-0.800041 1.000040 0.249911 1.000000 -0.000001 0.000001 0.000213
-0.800043 1.000038 0.249920 1.000000 0.000003 -0.000002 0.000213
-0.800042 1.000039 0.249923 1.000000 0.000001 -0.000000 0.000214
-0.800042 1.000039 0.249907 1.000000 0.000001 -0.000000 0.000215
-0.800042 1.000038 0.249879 1.000000 0.000003 0.000000 0.000216
-0.800045 1.000041 0.249851 1.000000 -0.000003 -0.000006 0.000216
-0.800043 1.000040 0.249809 1.000000 -0.000001 -0.000002 0.000218
-0.800045 1.000041 0.249788 1.000000 -0.000003 -0.000006 0.000219
-0.800043 1.000036 0.249785 1.000000 0.000007 -0.000001 0.000219
-0.800044 1.000038 0.249817 1.000000 0.000003 -0.000003 0.000221
-0.800045 1.000040 0.249836 1.000000 0.000000 -0.000005 0.000222
-0.800043 1.000041 0.249829 1.000000 -0.000001 -0.000001 0.000222
-0.800043 1.000042 0.249826 1.000000 -0.000003 -0.000000 0.000224
-0.800044 1.000040 0.249895 1.000000 0.000001 -0.000002 0.000227
-0.800044 1.000042 0.249927 1.000000 -0.000003 -0.000002 0.000227
-0.800039 1.000038 0.249809 1.000000 0.000005 0.000008 0.000229
-0.800041 1.000043 0.249771 1.000000 -0.000006 0.000004 0.000229
-0.800040 1.000039 0.249765 1.000000 0.000003 0.000007 0.000229
-0.800044 1.000042 0.249841 1.000000 -0.000002 -0.000001 0.000231
-0.800045 1.000040 0.249879 1.000000 0.000001 -0.000002 0.000231
-0.800044 1.000040 0.249906 1.000000 0.000002 -0.000001 0.000231
-0.800044 1.000042 0.249937 1.000000 -0.000002 -0.000001 0.000233
-0.800045 1.000039 0.249923 1.000000 0.000004 -0.000002 0.000234
-0.800046 1.000043 0.249859 1.000000 -0.000002 -0.000004 0.000237
-0.800043 1.000041 0.249831 1.000000 0.000001 0.000001 0.000237
-0.800040 1.000041 0.249751 1.000000 0.000001 0.000008 0.000238
-0.800040 1.000043 0.249753 1.000000 -0.000002 0.000008 0.000238
-0.800044 1.000043 0.249766 1.000000 -0.000002 -0.000001 0.000239
-0.800044 1.000042 0.249793 1.000000 -0.000001 0.000001 0.000240
-0.800046 1.000043 0.249797 1.000000 -0.000001 -0.000003 0.000241
-0.800042 1.000045 0.249796 1.000000 -0.000006 0.000004 0.000241
-0.800047 1.000043 0.249771 1.000000 -0.000002 -0.000005 0.000243
-0.800044 1.000042 0.249776 1.000000 0.000000 0.000002 0.000243
-0.800044 1.000041 0.249786 1.000000 0.000003 0.000001 0.000243
-0.800042 1.000042 0.249787 1.000000 -0.000000 0.000005 0.000245
-0.800045 1.000042 0.249791 1.000000 0.000000 0.000000 0.000246
-0.800046 1.000041 0.249810 1.000000 0.000003 -0.000002 0.000248
-0.800045 1.000041 0.249813 1.000000 0.000003 0.000000 0.000249
-0.800046 1.000047 0.249771 1.000000 -0.000009 0.000000 0.000250
-0.800047 1.000044 0.249780 1.000000 -0.000003 -0.000002 0.000251
-0.800047 1.000045 0.249833 1.000000 -0.000003 -0.000001 0.000254
-0.800046 1.000043 0.249847 1.000000 0.000000 0.000000 0.000254
-0.800048 1.000044 0.249921 1.000000 -0.000001 -0.000003 0.000257
-0.800046 1.000044 0.249902 1.000000 -0.000001 -0.000001 0.000258
-0.800048 1.000044 0.249886 1.000000 -0.000000 -0.000003 0.000261
-0.800046 1.000043 0.249895 1.000000 0.000001 -0.000000 0.000262
-0.800048 1.000044 0.249920 1.000000 0.000000 -0.000003 0.000263
-0.800046 1.000043 0.249919 1.000000 0.000001 0.000001 0.000263
-0.800047 1.000041 0.249871 1.000000 0.000005 -0.000000 0.000265
-0.800048 1.000042 0.249848 1.000000 0.000004 -0.000002 0.000265
-0.800049 1.000043 0.249833 1.000000 0.000002 -0.000003 0.000268
-0.800049 1.000044 0.249887 1.000000 -0.000000 -0.000003 0.000269
-0.800049 1.000044 0.249937 1.000000 0.000000 -0.000004 0.000271
-0.800049 1.000045 0.249930 1.000000 -0.000000 -0.000002 0.000271
-0.800047 1.000044 0.249863 1.000000 0.000001 0.000002 0.000274
-0.800048 1.000044 0.249859 1.000000 0.000001 -0.000002 0.000274
-0.800049 1.000044 0.249904 1.000000 0.000001 -0.000002 0.000276
-0.800049 1.000045 0.249932 1.000000 0.000000 -0.000002 0.000276
-0.800048 1.000046 0.249874 1.000000 -0.000002 -0.000000 0.000279
-0.800048 1.000047 0.249882 1.000000 -0.000003 0.000000 0.000279
-0.800048 1.000046 0.249915 1.000000 -0.000002 -0.000001 0.000281
-0.800048 1.000044 0.249928 1.000000 0.000002 -0.000001 0.000282
-0.800049 1.000046 0.249904 1.000000 -0.000002 -0.000002 0.000283
-0.800049 1.000046 0.249901 1.000000 -0.000002 -0.000002 0.000284
-0.800050 1.000044 0.249889 1.000000 0.000003 -0.000003 0.000287
-0.800050 1.000045 0.249903 1.000000 0.000001 -0.000002 0.000287
-0.800048 1.000046 0.249923 1.000000 -0.000000 0.000001 0.000288
-0.800050 1.000045 0.249915 1.000000 0.000001 -0.000001 0.000288
-0.800049 1.000044 0.249897 1.000000 0.000004 0.000001 0.000290
-0.800051 1.000046 0.249875 1.000000 0.000000 -0.000005 0.000291
-0.800051 1.000045 0.249814 1.000000 0.000002 -0.000004 0.000293
-0.800050 1.000045 0.249827 1.000000 0.000002 -0.000002 0.000294
-0.800049 1.000048 0.249910 1.000000 -0.000002 0.000000 0.000296
-0.800051 1.000046 0.249921 1.000000 0.000002 -0.000002 0.000296
-0.800049 1.000049 0.249928 1.000000 -0.000004 0.000002 0.000299
-0.800051 1.000045 0.249909 1.000000 0.000004 -0.000003 0.000299
-0.800051 1.000047 0.249891 1.000000 0.000000 -0.000001 0.000300
-0.800050 1.000046 0.249905 1.000000 0.000002 0.000000 0.000300
-0.800050 1.000048 0.249907 1.000000 -0.000002 0.000000 0.000302
-0.800052 1.000047 0.249918 1.000000 0.000001 -0.000003 0.000303
-0.800051 1.000047 0.249887 1.000000 0.000001 -0.000001 0.000304
-0.800051 1.000047 0.249873 1.000000 0.000001 0.000001 0.000304
-0.800052 1.000047 0.249900 1.000000 0.000002 -0.000002 0.000307
-0.800051 1.000047 0.249899 1.000000 0.000002 0.000000 0.000307
-0.800050 1.000049 0.249834 1.000000 -0.000002 0.000004 0.000310
-0.800054 1.000046 0.249832 1.000000 0.000004 -0.000004 0.000310
-0.800053 1.000048 0.249878 1.000000 -0.000001 -0.000002 0.000312
-0.800051 1.000048 0.249901 1.000000 0.000001 0.000001 0.000312
-0.800052 1.000048 0.249898 1.000000 0.000002 0.000001 0.000314
-0.800053 1.000047 0.249885 1.000000 0.000003 -0.000001 0.000315
-0.800053 1.000049 0.249874 1.000000 -0.000001 -0.000001 0.000318
-0.800054 1.000050 0.249869 1.000000 -0.000003 -0.000003 0.000319
-0.800053 1.000048 0.249848 1.000000 0.000001 -0.000001 0.000322
-0.800053 1.000050 0.249895 1.000000 -0.000002 -0.000001 0.000323
-0.800053 1.000050 0.249913 1.000000 -0.000003 -0.000001 0.000325
-0.800054 1.000048 0.249899 1.000000 0.000003 -0.000002 0.000326
-0.800053 1.000049 0.249919 1.000000 0.000000 -0.000001 0.000328
-0.800054 1.000048 0.249927 1.000000 0.000002 -0.000002 0.000328
-0.800052 1.000051 0.249924 1.000000 -0.000004 0.000003 0.000330
-0.800054 1.000050 0.249910 1.000000 -0.000000 -0.000002 0.000330
-0.800051 1.000049 0.249769 1.000000 0.000002 0.000004 0.000332
-0.800058 1.000049 0.249760 1.000000 0.000001 -0.000009 0.000332
-0.800055 1.000050 0.249774 1.000000 -0.000001 -0.000003 0.000334
-0.800054 1.000052 0.249837 1.000000 -0.000004 -0.000001 0.000337
-0.800055 1.000049 0.249920 1.000000 0.000002 -0.000001 0.000341
-0.800055 1.000049 0.249909 1.000000 0.000002 -0.000002 0.000342
-0.800053 1.000050 0.249909 1.000000 0.000000 0.000001 0.000343
-0.800055 1.000051 0.249919 1.000000 -0.000001 -0.000001 0.000345
-0.800055 1.000050 0.249921 1.000000 0.000001 -0.000001 0.000346
-0.800054 1.000049 0.249859 1.000000 0.000004 0.000001 0.000350
-0.800052 1.000053 0.249845 1.000000 -0.000004 0.000005 0.000351
-0.800056 1.000050 0.249816 1.000000 0.000002 -0.000003 0.000353
-0.800056 1.000048 0.249792 1.000000 0.000006 -0.000002 0.000354
-0.800054 1.000053 0.249755 1.000000 -0.000005 0.000002 0.000355
-0.800054 1.000053 0.249766 1.000000 -0.000004 0.000002 0.000355
-0.800057 1.000051 0.249826 1.000000 0.000001 -0.000002 0.000356
-0.800056 1.000053 0.249832 1.000000 -0.000003 -0.000001 0.000357
-0.800058 1.000052 0.249797 1.000000 -0.000001 -0.000004 0.000358
-0.800058 1.000052 0.249825 1.000000 -0.000001 -0.000004 0.000359
-0.800057 1.000052 0.249936 1.000000 0.000000 -0.000002 0.000361
-0.800057 1.000052 0.249944 1.000000 0.000000 -0.000002 0.000361
-0.800057 1.000054 0.249916 1.000000 -0.000004 -0.000002 0.000363
-0.800055 1.000053 0.249886 1.000000 -0.000001 0.000003 0.000364
-0.800055 1.000053 0.249771 1.000000 -0.000002 0.000002 0.000366
-0.800054 1.000051 0.249768 1.000000 0.000003 0.000004 0.000366
-0.800056 1.000053 0.249804 1.000000 -0.000002 0.000002 0.000368
-0.800057 1.000052 0.249820 1.000000 0.000000 -0.000001 0.000368
-0.800062 1.000053 0.249810 1.000000 -0.000001 -0.000009 0.000371
-0.430063 0.780058 0.249954 1.000000 0.000001 -0.000002 0.000465
-0.430061 0.780057 0.249958 1.000000 0.000002 0.000001 0.000465
-0.430062 0.780058 0.249921 1.000000 0.000000 -0.000000 0.000466
-0.430062 0.780058 0.249933 1.000000 0.000000 -0.000000 0.000466
-0.430063 0.780058 0.249944 1.000000 0.000000 -0.000001 0.000467
-0.430063 0.780059 0.249883 1.000000 -0.000002 -0.000003 0.000469
-0.430062 0.780057 0.249856 1.000000 0.000002 0.000001 0.000469
-0.430061 0.780060 0.249910 1.000000 -0.000003 0.000002 0.000472
-0.430061 0.780058 0.249922 1.000000 -0.000000 0.000001 0.000472
-0.430063 0.780058 0.249905 1.000000 0.000001 -0.000001 0.000474
-0.430063 0.780060 0.249886 1.000000 -0.000003 -0.000002 0.000475
-0.430064 0.780059 0.249863 1.000000 -0.000002 -0.000004 0.000478
-0.430062 0.780060 0.249857 1.000000 -0.000003 -0.000001 0.000479
-0.430062 0.780057 0.249902 1.000000 0.000004 0.000001 0.000482
-0.430062 0.780059 0.249900 1.000000 -0.000001 -0.000001 0.000483
-0.430062 0.780060 0.249889 1.000000 -0.000002 -0.000001 0.000488
-0.430060 0.780059 0.249881 1.000000 0.000000 0.000004 0.000489
-0.430062 0.780059 0.249870 1.000000 0.000000 0.000000 0.000489
-0.430060 0.780058 0.249825 1.000000 0.000003 0.000004 0.000491
-0.430059 0.780059 0.249808 1.000000 0.000000 0.000005 0.000492
-0.430064 0.780062 0.249790 1.000000 -0.000005 -0.000005 0.000492
-0.430063 0.780058 0.249822 1.000000 0.000001 -0.000002 0.000493
-0.430062 0.780059 0.249842 1.000000 -0.000000 0.000000 0.000494
-0.430062 0.780058 0.249863 1.000000 0.000002 -0.000001 0.000494
-0.430062 0.780059 0.249875 1.000000 0.000001 -0.000001 0.000497
-0.430065 0.780058 0.249850 1.000000 0.000002 -0.000007 0.000497
-0.430062 0.780061 0.249804 1.000000 -0.000004 0.000000 0.000499
-0.430062 0.780057 0.249806 1.000000 0.000004 0.000000 0.000501
-0.430063 0.780062 0.249822 1.000000 -0.000005 -0.000002 0.000502
-0.430062 0.780062 0.249857 1.000000 -0.000005 -0.000000 0.000506
-0.430061 0.780061 0.249861 1.000000 -0.000002 0.000001 0.000510
-0.430062 0.780059 0.249913 1.000000 0.000001 -0.000001 0.000512
-0.430062 0.780062 0.249913 1.000000 -0.000004 0.000000 0.000516
-0.430061 0.780060 0.249921 1.000000 -0.000000 0.000002 0.000519
-0.430061 0.780060 0.249920 1.000000 0.000000 0.000002 0.000522
-0.430062 0.780060 0.249918 1.000000 0.000001 -0.000001 0.000524
-0.430062 0.780061 0.249949 1.000000 -0.000000 -0.000000 0.000526
-0.430063 0.780060 0.249959 1.000000 0.000000 -0.000002 0.000528
-0.430062 0.780061 0.249921 1.000000 -0.000001 -0.000001 0.000529
-0.430062 0.780063 0.249849 1.000000 -0.000005 -0.000001 0.000531
-0.430062 0.780062 0.249800 1.000000 -0.000002 -0.000001 0.000533
-0.430062 0.780060 0.249811 1.000000 0.000001 -0.000002 0.000535
-0.430062 0.780058 0.249818 1.000000 0.000005 -0.000001 0.000536
-0.430062 0.780060 0.249846 1.000000 0.000001 -0.000000 0.000538
-0.430063 0.780061 0.249865 1.000000 0.000000 -0.000003 0.000539
-0.430063 0.780061 0.249917 1.000000 0.000000 -0.000003 0.000540
-0.430062 0.780061 0.249942 1.000000 -0.000000 -0.000001 0.000541
-0.430062 0.780060 0.249946 1.000000 0.000002 0.000000 0.000542
-0.430062 0.780061 0.249943 1.000000 -0.000001 0.000000 0.000542
-0.430062 0.780061 0.249929 1.000000 -0.000001 -0.000002 0.000545
-0.430063 0.780060 0.249938 1.000000 0.000002 -0.000002 0.000545
-0.430062 0.780061 0.249951 1.000000 0.000001 -0.000002 0.000545
-0.430061 0.780061 0.249929 1.000000 0.000000 0.000001 0.000546
-0.430063 0.780059 0.249911 1.000000 0.000005 -0.000002 0.000547
-0.430060 0.780062 0.249888 1.000000 -0.000003 0.000003 0.000548
-0.430062 0.780062 0.249940 1.000000 -0.000002 -0.000000 0.000550
-0.430062 0.780060 0.249949 1.000000 0.000003 -0.000001 0.000550
-0.430062 0.780062 0.249949 1.000000 -0.000002 -0.000000 0.000550
-0.430062 0.780061 0.249929 1.000000 0.000001 -0.000001 0.000553
-0.430062 0.780062 0.249933 1.000000 -0.000002 0.000000 0.000553
-0.430063 0.780061 0.249872 1.000000 0.000001 -0.000002 0.000555
-0.430061 0.780061 0.249878 1.000000 -0.000000 0.000002 0.000556
-0.430064 0.780061 0.249918 1.000000 -0.000000 -0.000003 0.000558
-0.430062 0.780063 0.249888 1.000000 -0.000003 0.000001 0.000561
-0.430062 0.780062 0.249828 1.000000 -0.000001 0.000000 0.000564
-0.430062 0.780061 0.249905 1.000000 0.000001 0.000001 0.000566
-0.430062 0.780062 0.249917 1.000000 -0.000000 0.000001 0.000568
-0.430061 0.780063 0.249952 1.000000 -0.000002 0.000002 0.000570
-0.430063 0.780061 0.249917 1.000000 0.000003 -0.000002 0.000572
-0.430064 0.780059 0.249845 1.000000 0.000007 -0.000002 0.000576
-0.430066 0.780061 0.249834 1.000000 0.000001 -0.000008 0.000577
-0.430063 0.780060 0.249852 1.000000 0.000005 -0.000000 0.000580
-0.430062 0.780061 0.249857 1.000000 0.000002 0.000001 0.000581
-0.430063 0.780061 0.249892 1.000000 0.000002 -0.000001 0.000584
-0.430062 0.780062 0.249912 1.000000 0.000001 0.000000 0.000585
-0.430063 0.780063 0.249905 1.000000 -0.000000 -0.000001 0.000586
-0.430063 0.780062 0.249900 1.000000 0.000001 -0.000002 0.000587
-0.430062 0.780062 0.249920 1.000000 0.000002 0.000001 0.000589
-0.430062 0.780062 0.249913 1.000000 0.000002 0.000001 0.000590
-0.430063 0.780064 0.249920 1.000000 -0.000002 -0.000001 0.000593
-0.430062 0.780061 0.249918 1.000000 0.000003 0.000000 0.000593
-0.430062 0.780065 0.249901 1.000000 -0.000003 -0.000000 0.000596
-0.430063 0.780063 0.249904 1.000000 -0.000001 -0.000002 0.000597
-0.430063 0.780064 0.249952 1.000000 -0.000001 -0.000001 0.000599
-0.430063 0.780063 0.249957 1.000000 0.000001 -0.000002 0.000599
-0.430062 0.780063 0.249956 1.000000 0.000000 -0.000000 0.000601
-0.430062 0.780064 0.249927 1.000000 -0.000002 -0.000000 0.000601
-0.430063 0.780063 0.249949 1.000000 -0.000000 -0.000002 0.000603
-0.430062 0.780063 0.249952 1.000000 0.000000 -0.000000 0.000603
-0.430063 0.780063 0.249953 1.000000 -0.000000 -0.000002 0.000604
-0.430063 0.780064 0.249951 1.000000 -0.000001 -0.000001 0.000606
-0.430062 0.780064 0.249952 1.000000 -0.000002 -0.000000 0.000606
-0.430061 0.780063 0.249941 1.000000 0.000001 0.000002 0.000607
-0.430063 0.780066 0.249882 1.000000 -0.000005 -0.000002 0.000609
-0.430060 0.780064 0.249858 1.000000 -0.000002 0.000004 0.000610
-0.430064 0.780064 0.249842 1.000000 -0.000001 -0.000004 0.000611
-0.430063 0.780062 0.249863 1.000000 0.000003 -0.000000 0.000614
-0.430064 0.780063 0.249883 1.000000 -0.000000 -0.000004 0.000615
-0.430063 0.780063 0.249883 1.000000 0.000001 -0.000002 0.000615
-0.430062 0.780064 0.249907 1.000000 -0.000002 0.000000 0.000617
-0.430063 0.780065 0.249912 1.000000 -0.000003 -0.000002 0.000618
-0.430062 0.780066 0.249835 1.000000 -0.000005 0.000002 0.000619
-0.430064 0.780068 0.249782 1.000000 -0.000008 -0.000003 0.000620
-0.430065 0.780063 0.249797 1.000000 0.000002 -0.000006 0.000622
-0.430061 0.780063 0.249837 1.000000 0.000001 0.000003 0.000624
-0.430062 0.780060 0.249829 1.000000 0.000007 0.000000 0.000626
-0.430064 0.780066 0.249798 1.000000 -0.000004 -0.000003 0.000628
-0.430063 0.780067 0.249805 1.000000 -0.000006 -0.000001 0.000630
-0.430063 0.780065 0.249837 1.000000 -0.000001 -0.000001 0.000632
-0.430063 0.780064 0.249883 1.000000 0.000001 -0.000002 0.000634
-0.430063 0.780064 0.249925 1.000000 0.000000 -0.000001 0.000635
-0.430064 0.780063 0.249895 1.000000 0.000003 -0.000002 0.000636
-0.430063 0.780064 0.249933 1.000000 0.000001 -0.000000 0.000637
-0.430062 0.780065 0.249933 1.000000 -0.000001 0.000001 0.000637
-0.430064 0.780065 0.249898 1.000000 -0.000002 -0.000002 0.000638
-0.430062 0.780065 0.249884 1.000000 -0.000001 0.000001 0.000640
-0.430063 0.780065 0.249882 1.000000 -0.000002 -0.000001 0.000640
-0.430063 0.780064 0.249883 1.000000 0.000002 -0.000001 0.000642
-0.430064 0.780064 0.249910 1.000000 0.000000 -0.000003 0.000643
-0.430062 0.780065 0.249899 1.000000 0.000000 0.000002 0.000644
-0.430063 0.780064 0.249870 1.000000 0.000000 -0.000002 0.000645
-0.430063 0.780065 0.249867 1.000000 0.000000 -0.000001 0.000646
-0.430062 0.780066 0.249889 1.000000 -0.000002 0.000001 0.000646
-0.430062 0.780064 0.249915 1.000000 0.000002 0.000001 0.000647
-0.430062 0.780064 0.249900 1.000000 0.000001 0.000002 0.000648
-0.430064 0.780064 0.249896 1.000000 0.000001 -0.000003 0.000649
-0.430063 0.780063 0.249879 1.000000 0.000004 -0.000001 0.000651
-0.430062 0.780067 0.249840 1.000000 -0.000004 0.000002 0.000653
-0.430062 0.780065 0.249861 1.000000 0.000001 0.000003 0.000654
-0.430066 0.780065 0.249855 1.000000 -0.000001 -0.000006 0.000656
-0.430062 0.780066 0.249850 1.000000 -0.000002 0.000002 0.000657
-0.430062 0.780068 0.249828 1.000000 -0.000005 0.000002 0.000659
-0.430063 0.780068 0.249801 1.000000 -0.000007 0.000000 0.000660
-0.430062 0.780062 0.249754 1.000000 0.000006 0.000002 0.000661
-0.430064 0.780066 0.249751 1.000000 -0.000002 -0.000002 0.000661
-0.430063 0.780068 0.249770 1.000000 -0.000006 0.000000 0.000663
-0.430063 0.780063 0.249786 1.000000 0.000005 -0.000000 0.000665
-0.430065 0.780065 0.249850 1.000000 0.000000 -0.000002 0.000666
-0.430064 0.780065 0.249941 1.000000 0.000001 -0.000001 0.000667
-0.430064 0.780065 0.249963 1.000000 0.000001 -0.000001 0.000668
-0.430064 0.780065 0.249981 1.000000 0.000001 -0.000002 0.000668
-0.430064 0.780066 0.249984 1.000000 -0.000001 -0.000000 0.000668
-0.430064 0.780065 0.249965 1.000000 -0.000000 -0.000001 0.000669
-0.430063 0.780064 0.249953 1.000000 0.000003 -0.000000 0.000670
-0.430063 0.780065 0.249955 1.000000 0.000001 0.000001 0.000672
-0.430064 0.780065 0.249951 1.000000 0.000002 -0.000000 0.000672
-0.430068 0.780065 0.249861 1.000000 0.000001 -0.000008 0.000675
-0.430068 0.780063 0.249830 1.000000 0.000005 -0.000009 0.000676
-0.430063 0.780070 0.249746 1.000000 -0.000009 0.000000 0.000678
-0.430062 0.780069 0.249748 1.000000 -0.000006 0.000004 0.000678
-0.430062 0.780073 0.249794 1.000000 -0.000014 0.000002 0.000680
-0.430063 0.780070 0.249803 1.000000 -0.000009 0.000002 0.000680
-0.430064 0.780068 0.249776 1.000000 -0.000006 -0.000001 0.000682
-0.430065 0.780063 0.249793 1.000000 0.000005 -0.000001 0.000684
-0.430065 0.780064 0.249881 1.000000 0.000003 -0.000003 0.000686
-0.430064 0.780066 0.249930 1.000000 -0.000001 -0.000001 0.000687
-0.430066 0.780065 0.249935 1.000000 0.000002 -0.000004 0.000688
-0.430064 0.780065 0.249916 1.000000 0.000003 0.000001 0.000688
-0.430066 0.780066 0.249878 1.000000 -0.000000 -0.000004 0.000690
-0.430064 0.780066 0.249878 1.000000 -0.000001 -0.000000 0.000691
-0.430063 0.780065 0.249876 1.000000 0.000001 0.000001 0.000693
-0.430065 0.780063 0.249882 1.000000 0.000006 -0.000001 0.000694
-0.430064 0.780066 0.249871 1.000000 0.000001 -0.000000 0.000695
-0.430064 0.780066 0.249890 1.000000 0.000000 0.000000 0.000696
-0.430065 0.780066 0.249912 1.000000 0.000000 -0.000003 0.000696
-0.430064 0.780067 0.249897 1.000000 -0.000001 -0.000001 0.000699
-0.430064 0.780067 0.249894 1.000000 -0.000001 -0.000001 0.000699
-0.430065 0.780066 0.249878 1.000000 0.000001 -0.000002 0.000702
-0.430065 0.780066 0.249899 1.000000 0.000001 -0.000002 0.000702
-0.430064 0.780066 0.249945 1.000000 0.000001 -0.000000 0.000703
-0.430064 0.780067 0.249936 1.000000 -0.000001 -0.000001 0.000704
-0.430062 0.780066 0.249871 1.000000 0.000001 0.000004 0.000706
-0.430065 0.780065 0.249851 1.000000 0.000004 -0.000002 0.000706
-0.430064 0.780067 0.249906 1.000000 -0.000000 -0.000001 0.000710
-0.430064 0.780066 0.249930 1.000000 0.000001 -0.000001 0.000710
-0.430064 0.780066 0.249974 1.000000 0.000001 -0.000001 0.000711
-0.430064 0.780067 0.249974 1.000000 -0.000002 -0.000000 0.000711
-0.430064 0.780067 0.249962 1.000000 -0.000001 -0.000000 0.000712
-0.430063 0.780068 0.249954 1.000000 -0.000002 0.000001 0.000713
-0.430063 0.780067 0.249901 1.000000 -0.000001 0.000000 0.000716
-0.430064 0.780065 0.249903 1.000000 0.000003 -0.000002 0.000716
-0.430064 0.780068 0.249912 1.000000 -0.000002 -0.000001 0.000719
-0.430065 0.780067 0.249903 1.000000 -0.000000 -0.000002 0.000719
-0.430063 0.780067 0.249956 1.000000 -0.000000 0.000000 0.000721
-0.430064 0.780065 0.249952 1.000000 0.000004 -0.000001 0.000721
-0.430064 0.780068 0.249854 1.000000 -0.000002 -0.000000 0.000725
-0.430064 0.780071 0.249858 1.000000 -0.000008 -0.000001 0.000725
-0.430063 0.780065 0.249827 1.000000 0.000005 0.000001 0.000727
-0.430066 0.780066 0.249824 1.000000 0.000002 -0.000005 0.000727
-0.430063 0.780068 0.249830 1.000000 -0.000002 0.000001 0.000728
-0.430063 0.780067 0.249869 1.000000 0.000001 0.000002 0.000730
-0.430064 0.780068 0.249868 1.000000 -0.000002 -0.000000 0.000731
-0.430064 0.780068 0.249891 1.000000 -0.000001 0.000000 0.000732
-0.430066 0.780069 0.249906 1.000000 -0.000002 -0.000004 0.000733
-0.430065 0.780068 0.249881 1.000000 -0.000002 -0.000003 0.000734
-0.430064 0.780067 0.249848 1.000000 0.000000 0.000001 0.000735
-0.430065 0.780066 0.249890 1.000000 0.000002 -0.000001 0.000735
-0.430065 0.780068 0.249921 1.000000 -0.000001 -0.000002 0.000736
-0.430065 0.780067 0.249882 1.000000 0.000001 -0.000002 0.000737
-0.430065 0.780067 0.249942 1.000000 0.000000 -0.000002 0.000738
-0.430064 0.780069 0.249949 1.000000 -0.000003 -0.000001 0.000739
-0.430062 0.780068 0.249898 1.000000 0.000000 0.000004 0.000741
-0.430064 0.780068 0.249912 1.000000 -0.000000 -0.000000 0.000743
-0.430065 0.780068 0.249942 1.000000 -0.000001 -0.000002 0.000744
-0.430065 0.780067 0.249956 1.000000 0.000000 -0.000002 0.000745
-0.430065 0.780068 0.249950 1.000000 -0.000001 -0.000001 0.000746
-0.430064 0.780069 0.249923 1.000000 -0.000003 -0.000001 0.000748
-0.430064 0.780066 0.249899 1.000000 0.000005 -0.000000 0.000750
-0.430063 0.780068 0.249844 1.000000 -0.000000 0.000002 0.000754
-0.430063 0.780068 0.249851 1.000000 0.000001 0.000001 0.000755
-0.430065 0.780069 0.249866 1.000000 -0.000001 -0.000003 0.000759
-0.430062 0.780069 0.249864 1.000000 -0.000002 0.000002 0.000760
-0.430064 0.780066 0.249873 1.000000 0.000006 -0.000001 0.000763
-0.430062 0.780065 0.249834 1.000000 0.000007 0.000003 0.000764
-0.430059 0.780070 0.249800 1.000000 -0.000004 0.000008 0.000766
-0.430067 0.780068 0.249815 1.000000 0.000001 -0.000006 0.000768
-0.430063 0.780071 0.249833 1.000000 -0.000005 0.000001 0.000771
-0.430065 0.780069 0.249874 1.000000 -0.000001 -0.000002 0.000772
-0.430065 0.780068 0.249939 1.000000 0.000001 -0.000002 0.000773
-0.430064 0.780070 0.249952 1.000000 -0.000002 0.000000 0.000774
-0.430064 0.780068 0.249943 1.000000 0.000002 0.000000 0.000774
-0.430064 0.780068 0.249938 1.000000 0.000001 -0.000001 0.000775
-0.430064 0.780070 0.249936 1.000000 -0.000003 0.000000 0.000776
-0.430065 0.780069 0.249924 1.000000 -0.000000 -0.000001 0.000776
-0.430065 0.780068 0.249921 1.000000 0.000002 -0.000001 0.000777
-0.430064 0.780070 0.249946 1.000000 -0.000003 -0.000000 0.000778
-0.430065 0.780067 0.249945 1.000000 0.000003 -0.000001 0.000779
-0.430065 0.780068 0.249944 1.000000 0.000002 -0.000002 0.000779
-0.430063 0.780069 0.249926 1.000000 0.000001 0.000002 0.000781
-0.430062 0.780070 0.249866 1.000000 -0.000003 0.000005 0.000782
-0.430064 0.780071 0.249844 1.000000 -0.000003 -0.000000 0.000783
-0.430066 0.780067 0.249820 1.000000 0.000004 -0.000003 0.000784
-0.430065 0.780068 0.249861 1.000000 0.000001 -0.000002 0.000786
-0.430065 0.780069 0.249881 1.000000 -0.000001 -0.000002 0.000787
-0.430064 0.780069 0.249884 1.000000 0.000001 0.000001 0.000789
-0.430065 0.780069 0.249885 1.000000 -0.000000 -0.000002 0.000791
-0.430062 0.780069 0.249869 1.000000 0.000000 0.000003 0.000791
-0.430062 0.780068 0.249823 1.000000 0.000003 0.000004 0.000792
-0.430065 0.780066 0.249790 1.000000 0.000008 -0.000002 0.000793
-0.430068 0.780065 0.249785 1.000000 0.000008 -0.000007 0.000793
-0.430067 0.780067 0.249772 1.000000 0.000005 -0.000005 0.000795
-0.430065 0.780066 0.249779 1.000000 0.000006 -0.000001 0.000796
-0.430061 0.780069 0.249782 1.000000 0.000001 0.000007 0.000798
-0.430067 0.780069 0.249799 1.000000 0.000001 -0.000006 0.000800
-0.430065 0.780067 0.249800 1.000000 0.000004 -0.000002 0.000800
-0.430065 0.780071 0.249812 1.000000 -0.000003 -0.000002 0.000801
-0.430063 0.780068 0.249862 1.000000 0.000003 0.000002 0.000804
-0.430065 0.780069 0.249867 1.000000 0.000001 -0.000001 0.000804
-0.430065 0.780070 0.249906 1.000000 -0.000000 -0.000002 0.000806
-0.430065 0.780067 0.249915 1.000000 0.000004 -0.000001 0.000807
-0.430065 0.780071 0.249912 1.000000 -0.000003 -0.000002 0.000808
-0.430065 0.780070 0.249910 1.000000 -0.000001 -0.000002 0.000809
-0.430063 0.780071 0.249937 1.000000 -0.000002 0.000002 0.000810
-0.430065 0.780070 0.249930 1.000000 -0.000001 -0.000001 0.000813
-0.430065 0.780070 0.249936 1.000000 -0.000000 -0.000003 0.000815
-0.430065 0.780068 0.249896 1.000000 0.000004 -0.000003 0.000819
-0.430065 0.780070 0.249785 1.000000 -0.000000 -0.000003 0.000821
-0.430063 0.780069 0.249774 1.000000 0.000002 0.000002 0.000821
-0.430065 0.780070 0.249786 1.000000 0.000001 -0.000002 0.000823
-0.430065 0.780067 0.249800 1.000000 0.000007 -0.000001 0.000824
-0.430064 0.780070 0.249862 1.000000 0.000001 0.000001 0.000826
-0.430066 0.780069 0.249871 1.000000 0.000003 -0.000003 0.000827
-0.430065 0.780070 0.249915 1.000000 0.000001 -0.000002 0.000830
-0.430065 0.780071 0.249926 1.000000 -0.000001 -0.000001 0.000831
-0.430064 0.780072 0.249935 1.000000 -0.000003 -0.000000 0.000831
-0.430065 0.780071 0.249960 1.000000 0.000000 -0.000001 0.000832
-0.430065 0.780070 0.249974 1.000000 0.000001 -0.000001 0.000833
-0.430064 0.780070 0.249978 1.000000 0.000001 -0.000001 0.000833
-0.430065 0.780069 0.249968 1.000000 0.000002 -0.000001 0.000834
-0.430064 0.780073 0.249943 1.000000 -0.000004 0.000000 0.000834
-0.430066 0.780072 0.249911 1.000000 -0.000003 -0.000004 0.000835
-0.430065 0.780071 0.249951 1.000000 -0.000000 -0.000001 0.000837
-0.430064 0.780069 0.249954 1.000000 0.000003 -0.000001 0.000837
-0.430065 0.780069 0.249903 1.000000 0.000003 -0.000001 0.000839
-0.430065 0.780074 0.249894 1.000000 -0.000006 -0.000002 0.000841
-0.430066 0.780070 0.249863 1.000000 0.000002 -0.000004 0.000844
-0.430066 0.780068 0.249856 1.000000 0.000005 -0.000003 0.000846
-0.430063 0.780070 0.249818 1.000000 0.000002 0.000003 0.000848
-0.430064 0.780073 0.249809 1.000000 -0.000005 -0.000000 0.000849
-0.430064 0.780068 0.249804 1.000000 0.000005 0.000001 0.000852
-0.430063 0.780067 0.249782 1.000000 0.000009 0.000002 0.000853
-0.430064 0.780071 0.249805 1.000000 0.000001 -0.000000 0.000856
-0.430065 0.780071 0.249852 1.000000 0.000001 -0.000002 0.000858
-0.430066 0.780072 0.249853 1.000000 -0.000001 -0.000003 0.000861
-0.430065 0.780071 0.249876 1.000000 0.000001 -0.000001 0.000861
-0.430064 0.780069 0.249882 1.000000 0.000004 0.000001 0.000864
-0.430063 0.780072 0.249865 1.000000 -0.000001 0.000002 0.000866
-0.430063 0.780072 0.249899 1.000000 0.000000 0.000002 0.000868
-0.430064 0.780072 0.249940 1.000000 -0.000001 0.000000 0.000869
-0.430064 0.780071 0.249922 1.000000 0.000001 0.000000 0.000870
-0.430065 0.780071 0.249946 1.000000 0.000002 -0.000002 0.000871
-0.430065 0.780071 0.249964 1.000000 0.000001 -0.000001 0.000872
-0.430065 0.780071 0.249947 1.000000 0.000002 -0.000002 0.000873
-0.430065 0.780071 0.249965 1.000000 0.000002 -0.000001 0.000874
-0.430065 0.780071 0.249969 1.000000 0.000001 -0.000002 0.000874
-0.430064 0.780072 0.249949 1.000000 0.000000 0.000001 0.000875
-0.430065 0.780070 0.249905 1.000000 0.000003 -0.000001 0.000876
-0.430065 0.780069 0.249877 1.000000 0.000006 -0.000002 0.000877
-0.430064 0.780074 0.249842 1.000000 -0.000003 0.000001 0.000878
-0.430063 0.780072 0.249849 1.000000 0.000001 0.000002 0.000881
-0.430066 0.780072 0.249905 1.000000 -0.000001 -0.000003 0.000882
-0.430065 0.780071 0.249884 1.000000 0.000001 -0.000000 0.000884
-0.430065 0.780073 0.249876 1.000000 -0.000002 -0.000001 0.000885
-0.430065 0.780074 0.249886 1.000000 -0.000003 -0.000000 0.000887
-0.430065 0.780072 0.249909 1.000000 0.000001 -0.000002 0.000888
-0.430065 0.780071 0.249965 1.000000 0.000002 -0.000001 0.000889
-0.430065 0.780072 0.249961 1.000000 0.000001 -0.000002 0.000889
-0.430065 0.780073 0.249974 1.000000 -0.000001 -0.000001 0.000890
-0.430065 0.780072 0.249975 1.000000 0.000001 -0.000001 0.000891
-0.430065 0.780072 0.249977 1.000000 0.000000 -0.000001 0.000891
-0.430065 0.780071 0.249970 1.000000 0.000002 -0.000001 0.000891
-0.430065 0.780071 0.249952 1.000000 0.000003 -0.000001 0.000892
-0.430065 0.780071 0.249919 1.000000 0.000002 -0.000000 0.000893
-0.430064 0.780073 0.249932 1.000000 -0.000001 0.000001 0.000894
-0.430064 0.780074 0.249942 1.000000 -0.000002 0.000000 0.000894
-0.430064 0.780074 0.249934 1.000000 -0.000003 0.000001 0.000894
-0.430065 0.780071 0.249884 1.000000 0.000002 -0.000000 0.000897
-0.430066 0.780074 0.249883 1.000000 -0.000002 -0.000003 0.000898
-0.430065 0.780074 0.249867 1.000000 -0.000002 -0.000001 0.000899
-0.430066 0.780072 0.249882 1.000000 0.000001 -0.000003 0.000902
-0.430065 0.780074 0.249922 1.000000 -0.000002 -0.000001 0.000903
-0.430066 0.780073 0.249929 1.000000 0.000000 -0.000003 0.000903
-0.430065 0.780075 0.249933 1.000000 -0.000003 -0.000001 0.000905
-0.430066 0.780074 0.249919 1.000000 -0.000001 -0.000003 0.000906
-0.430066 0.780072 0.249890 1.000000 0.000001 -0.000003 0.000907
-0.430064 0.780075 0.249920 1.000000 -0.000004 0.000001 0.000907
-0.430065 0.780072 0.249915 1.000000 0.000001 -0.000001 0.000909
-0.430066 0.780075 0.249896 1.000000 -0.000003 -0.000002 0.000910
-0.430065 0.780074 0.249900 1.000000 -0.000002 -0.000000 0.000913
-0.430064 0.780073 0.249908 1.000000 0.000001 0.000001 0.000914
-0.430064 0.780071 0.249876 1.000000 0.000004 0.000000 0.000916
-0.430066 0.780073 0.249853 1.000000 0.000001 -0.000002 0.000916
-0.430064 0.780073 0.249832 1.000000 0.000001 0.000001 0.000918
-0.430064 0.780075 0.249858 1.000000 -0.000003 0.000001 0.000920
-0.430064 0.780074 0.249882 1.000000 -0.000001 0.000001 0.000920
-0.430066 0.780074 0.249909 1.000000 -0.000000 -0.000002 0.000921
-0.430065 0.780073 0.249942 1.000000 0.000001 -0.000001 0.000922
-0.430064 0.780073 0.249938 1.000000 0.000001 0.000002 0.000922
-0.430066 0.780073 0.249917 1.000000 0.000001 -0.000002 0.000923
-0.430065 0.780074 0.249886 1.000000 -0.000001 -0.000001 0.000926
-0.430066 0.780074 0.249887 1.000000 -0.000001 -0.000002 0.000926
-0.430064 0.780073 0.249915 1.000000 0.000002 0.000002 0.000928
-0.430064 0.780076 0.249901 1.000000 -0.000005 0.000001 0.000928
-0.430066 0.780075 0.249831 1.000000 -0.000002 -0.000003 0.000931
-0.430066 0.780073 0.249841 1.000000 0.000002 -0.000001 0.000931
-0.430065 0.780068 0.249809 1.000000 0.000012 0.000000 0.000935
-0.430065 0.780072 0.249822 1.000000 0.000005 0.000001 0.000935
-0.430066 0.780078 0.249829 1.000000 -0.000007 -0.000001 0.000936
-0.430063 0.780076 0.249818 1.000000 -0.000003 0.000005 0.000936
-0.430067 0.780077 0.249776 1.000000 -0.000006 -0.000003 0.000938
-0.430066 0.780072 0.249792 1.000000 0.000004 -0.000000 0.000940
-0.430065 0.780075 0.249888 1.000000 -0.000000 0.000001 0.000942
-0.430066 0.780075 0.249910 1.000000 -0.000001 -0.000001 0.000943
-0.430066 0.780074 0.249926 1.000000 0.000002 -0.000001 0.000945
-0.430065 0.780074 0.249929 1.000000 0.000002 0.000001 0.000945
-0.430067 0.780075 0.249897 1.000000 -0.000000 -0.000002 0.000948
-0.430066 0.780074 0.249918 1.000000 0.000002 -0.000002 0.000948
-0.430067 0.780074 0.249979 1.000000 0.000002 -0.000002 0.000949
-0.430067 0.780075 0.249981 1.000000 -0.000000 -0.000003 0.000949
-0.430066 0.780074 0.249973 1.000000 0.000001 -0.000002 0.000949
-0.430066 0.780076 0.249936 1.000000 -0.000002 -0.000000 0.000951
-0.430066 0.780074 0.249938 1.000000 0.000003 -0.000002 0.000951
-0.430066 0.780075 0.249939 1.000000 -0.000001 -0.000001 0.000952
-0.430066 0.780075 0.249927 1.000000 0.000000 -0.000000 0.000954
-0.430065 0.780074 0.249918 1.000000 0.000002 0.000001 0.000955
-0.430065 0.780075 0.249910 1.000000 0.000001 0.000001 0.000955
-0.430066 0.780074 0.249951 1.000000 0.000002 -0.000001 0.000956
-0.430065 0.780075 0.249941 1.000000 0.000000 -0.000000 0.000957
-0.430066 0.780076 0.249937 1.000000 -0.000001 -0.000001 0.000958
-0.430065 0.780075 0.249931 1.000000 -0.000000 0.000000 0.000959
-0.430066 0.780077 0.249846 1.000000 -0.000004 -0.000001 0.000960
-0.430066 0.780076 0.249880 1.000000 -0.000001 -0.000001 0.000962
-0.430066 0.780074 0.249946 1.000000 0.000002 -0.000001 0.000963
-0.430065 0.780077 0.249949 1.000000 -0.000003 -0.000000 0.000963
-0.430066 0.780075 0.249955 1.000000 -0.000000 -0.000002 0.000965
-0.430065 0.780075 0.249955 1.000000 -0.000000 0.000001 0.000966
-0.430066 0.780075 0.249968 1.000000 -0.000000 -0.000002 0.000967
-0.430063 0.780076 0.249936 1.000000 -0.000002 0.000005 0.000968
-0.430065 0.780076 0.249888 1.000000 -0.000001 0.000001 0.000970
-0.430065 0.780076 0.249894 1.000000 -0.000001 0.000001 0.000971
-0.430065 0.780077 0.249915 1.000000 -0.000003 0.000001 0.000973
-0.430066 0.780075 0.249936 1.000000 0.000001 -0.000001 0.000974
-0.430067 0.780075 0.249946 1.000000 0.000001 -0.000002 0.000976
-0.430066 0.780074 0.249949 1.000000 0.000003 -0.000002 0.000976
-0.430065 0.780076 0.249942 1.000000 -0.000001 -0.000000 0.000978
-0.430065 0.780075 0.249935 1.000000 0.000001 0.000001 0.000981
-0.430066 0.780075 0.249928 1.000000 0.000002 -0.000001 0.000984
-0.430066 0.780077 0.249945 1.000000 -0.000002 -0.000002 0.000985
-0.430068 0.780075 0.249928 1.000000 0.000001 -0.000004 0.000986
-0.430065 0.780076 0.249932 1.000000 0.000001 0.000000 0.000988
-0.430065 0.780076 0.249936 1.000000 -0.000001 0.000001 0.000989
-0.430065 0.780076 0.249898 1.000000 0.000000 -0.000000 0.000991
-0.430065 0.780076 0.249889 1.000000 -0.000000 0.000000 0.000992
-0.430066 0.780073 0.249814 1.000000 0.000006 -0.000002 0.000995
-0.430069 0.780076 0.249817 1.000000 0.000000 -0.000007 0.000996
-0.430066 0.780076 0.249845 1.000000 0.000000 -0.000001 0.000998
-0.430065 0.780077 0.249885 1.000000 -0.000001 0.000002 0.000999
-0.430066 0.780076 0.249953 0.999999 0.000001 -0.000001 0.001000
-0.430066 0.780076 0.249956 0.999999 0.000001 0.000000 0.001001
-0.430066 0.780076 0.249949 0.999999 0.000002 -0.000001 0.001002
-0.430066 0.780077 0.249924 0.999999 -0.000001 -0.000002 0.001003
-0.430065 0.780076 0.249866 0.999999 0.000001 0.000000 0.001007
-0.430066 0.780078 0.249927 0.999999 -0.000002 0.000000 0.001010
-0.430066 0.780077 0.249928 0.999999 -0.000000 -0.000001 0.001012
-0.430066 0.780076 0.249912 0.999999 0.000002 -0.000000 0.001015
-0.430065 0.780077 0.249933 0.999999 0.000000 0.000001 0.001018
-0.430065 0.780077 0.249851 0.999999 0.000001 0.000002 0.001020
-0.430067 0.780077 0.249840 0.999999 0.000001 -0.000003 0.001021
-0.430066 0.780078 0.249868 0.999999 -0.000002 -0.000001 0.001025
-0.430066 0.780079 0.249884 0.999999 -0.000003 -0.000001 0.001026
-0.430065 0.780075 0.249860 0.999999 0.000004 0.000001 0.001030
-0.430068 0.780079 0.249796 0.999999 -0.000002 -0.000006 0.001033
-0.430066 0.780083 0.249769 0.999999 -0.000012 -0.000000 0.001035
-0.430065 0.780082 0.249781 0.999999 -0.000008 -0.000000 0.001038
-0.430066 0.780078 0.249826 0.999999 0.000000 -0.000000 0.001042
-0.430066 0.780077 0.249865 0.999999 0.000002 -0.000001 0.001045
-0.430066 0.780078 0.249893 0.999999 0.000001 -0.000000 0.001045
-0.430066 0.780079 0.249885 0.999999 -0.000001 -0.000001 0.001047
-0.430066 0.780076 0.249895 0.999999 0.000004 -0.000002 0.001049
-0.430066 0.780078 0.249884 0.999999 -0.000000 -0.000001 0.001053
-0.430067 0.780078 0.249867 0.999999 0.000000 -0.000003 0.001056
-0.430066 0.780077 0.249865 0.999999 0.000002 -0.000001 0.001058
-0.430066 0.780078 0.249926 0.999999 0.000001 -0.000002 0.001059
-0.430067 0.780078 0.249949 0.999999 0.000001 -0.000003 0.001060
-0.430066 0.780078 0.249954 0.999999 0.000001 -0.000002 0.001061
-0.430065 0.780077 0.249902 0.999999 0.000003 0.000000 0.001064
-0.430067 0.780080 0.249845 0.999999 -0.000003 -0.000003 0.001068
-0.430067 0.780080 0.249887 0.999999 -0.000002 -0.000003 0.001072
-0.430064 0.780080 0.249931 0.999999 -0.000002 0.000002 0.001075
-0.430066 0.780079 0.249921 0.999999 0.000001 -0.000001 0.001077
-0.430065 0.780080 0.249926 0.999999 -0.000001 0.000001 0.001079
-0.430066 0.780080 0.249963 0.999999 -0.000001 -0.000001 0.001082
-0.430066 0.780078 0.249924 0.999999 0.000002 -0.000002 0.001083
-0.430066 0.780079 0.249928 0.999999 0.000001 -0.000002 0.001083
-0.430066 0.780080 0.249898 0.999999 -0.000001 -0.000000 0.001086
-0.430065 0.780081 0.249888 0.999999 -0.000002 0.000000 0.001087
-0.430066 0.780079 0.249961 0.999999 0.000001 -0.000001 0.001089
-0.430065 0.780078 0.249940 0.999999 0.000003 0.000000 0.001090
-0.430066 0.780081 0.249936 0.999999 -0.000002 -0.000001 0.001092
-0.430065 0.780080 0.249931 0.999999 -0.000001 0.000001 0.001095
-0.430066 0.780081 0.249948 0.999999 -0.000002 -0.000000 0.001095
-0.430065 0.780081 0.249930 0.999999 -0.000003 0.000001 0.001095
-0.430065 0.780079 0.249879 0.999999 0.000001 0.000001 0.001097
-0.430066 0.780079 0.249932 0.999999 0.000002 -0.000001 0.001098
-0.430066 0.780079 0.249932 0.999999 0.000002 -0.000000 0.001100
-0.430066 0.780081 0.249929 0.999999 -0.000002 -0.000000 0.001100
-0.430065 0.780079 0.249934 0.999999 0.000003 0.000000 0.001102
-0.430066 0.780080 0.249930 0.999999 -0.000000 -0.000002 0.001102
-0.430066 0.780080 0.249924 0.999999 0.000001 -0.000002 0.001103
-0.430066 0.780082 0.249902 0.999999 -0.000003 -0.000001 0.001105
-0.430065 0.780079 0.249885 0.999999 0.000003 0.000001 0.001106
-0.430066 0.780080 0.249876 0.999999 0.000001 -0.000001 0.001107
-0.430064 0.780080 0.249876 0.999999 0.000001 0.000003 0.001111
-0.430064 0.780080 0.249874 0.999999 0.000001 0.000002 0.001112
-0.430064 0.780080 0.249876 0.999999 0.000000 0.000003 0.001114
-0.430066 0.780079 0.249866 0.999999 0.000003 -0.000001 0.001115
-0.430065 0.780080 0.249905 0.999999 0.000001 0.000001 0.001117
-0.430065 0.780080 0.249915 0.999999 0.000002 0.000001 0.001117
-0.430065 0.780080 0.249909 0.999999 0.000002 0.000001 0.001120
-0.430065 0.780080 0.249902 0.999999 0.000001 0.000000 0.001120
-0.430066 0.780082 0.249950 0.999999 -0.000002 -0.000001 0.001122
-0.430067 0.780081 0.249947 0.999999 0.000001 -0.000003 0.001122
-0.430065 0.780079 0.249860 0.999999 0.000003 0.000000 0.001124
-0.430068 0.780083 0.249841 0.999999 -0.000003 -0.000006 0.001125
-0.430067 0.780082 0.249815 0.999999 -0.000001 -0.000003 0.001127
-0.430065 0.780082 0.249835 0.999999 -0.000002 -0.000000 0.001128
-0.430066 0.780080 0.249909 0.999999 0.000002 -0.000001 0.001131
-0.430066 0.780080 0.249918 0.999999 0.000002 -0.000001 0.001131
-0.430066 0.780079 0.249864 0.999999 0.000005 -0.000001 0.001134
-0.430066 0.780083 0.249878 0.999999 -0.000004 -0.000002 0.001138
-0.430065 0.780082 0.249932 0.999999 -0.000000 -0.000000 0.001141
-0.430063 0.780082 0.249883 0.999999 0.000000 0.000004 0.001145
-0.430064 0.780082 0.249907 0.999999 -0.000000 0.000002 0.001148
-0.430066 0.780083 0.249944 0.999999 -0.000001 -0.000002 0.001150
-0.430065 0.780082 0.249946 0.999999 0.000000 -0.000000 0.001152
-0.430065 0.780081 0.249940 0.999999 0.000002 0.000000 0.001155
-0.430065 0.780083 0.249911 0.999999 -0.000002 0.000000 0.001157
-0.430064 0.780083 0.249882 0.999999 -0.000002 0.000002 0.001160
-0.430064 0.780083 0.249870 0.999999 -0.000002 0.000002 0.001163
-0.430066 0.780082 0.249911 0.999999 0.000001 -0.000001 0.001164
-0.430066 0.780082 0.249936 0.999999 0.000001 -0.000001 0.001165
-0.430066 0.780084 0.249926 0.999999 -0.000002 -0.000002 0.001166
-0.430065 0.780082 0.249919 0.999999 0.000001 -0.000000 0.001170
-0.430066 0.780082 0.249929 0.999999 0.000002 -0.000002 0.001173
-0.430065 0.780083 0.249878 0.999999 0.000000 -0.000001 0.001176
-0.430064 0.780082 0.249864 0.999999 0.000003 0.000001 0.001181
-0.430065 0.780084 0.249910 0.999999 -0.000002 -0.000000 0.001184
-0.430066 0.780082 0.249874 0.999999 0.000003 -0.000001 0.001188
-0.430066 0.780083 0.249944 0.999999 -0.000000 -0.000002 0.001190
-0.430066 0.780083 0.249878 0.999999 0.000001 -0.000002 0.001193
-0.430066 0.780084 0.249943 0.999999 0.000000 -0.000001 0.001195
-0.430067 0.780084 0.249904 0.999999 -0.000001 -0.000005 0.001197
-0.430066 0.780086 0.249885 0.999999 -0.000004 -0.000001 0.001200
-0.430066 0.780084 0.249920 0.999999 -0.000000 -0.000002 0.001204
-0.430066 0.780082 0.249846 0.999999 0.000003 -0.000003 0.001208
-0.430066 0.780086 0.249812 0.999999 -0.000003 -0.000001 0.001211
-0.430066 0.780084 0.249888 0.999999 -0.000000 -0.000002 0.001215
-0.430067 0.780087 0.249821 0.999999 -0.000005 -0.000004 0.001218
-0.430063 0.780086 0.249801 0.999999 -0.000003 0.000004 0.001222
-0.430069 0.780086 0.249758 0.999999 -0.000003 -0.000008 0.001224
-0.430064 0.780086 0.249833 0.999999 -0.000002 0.000004 0.001227
-0.430067 0.780085 0.249946 0.999999 -0.000001 -0.000002 0.001231
-0.430067 0.780085 0.249948 0.999999 0.000000 -0.000003 0.001231
-0.430065 0.780085 0.249950 0.999999 0.000000 0.000002 0.001233
-0.430066 0.780084 0.249948 0.999999 0.000002 -0.000002 0.001234
-0.430066 0.780084 0.249950 0.999999 0.000003 -0.000001 0.001234
-0.430067 0.780085 0.249941 0.999999 0.000000 -0.000003 0.001235
-0.430067 0.780084 0.249951 0.999999 0.000002 -0.000002 0.001236
-0.430066 0.780085 0.249938 0.999999 0.000001 -0.000001 0.001239
-0.430066 0.780086 0.249924 0.999999 -0.000001 -0.000001 0.001241
-0.430067 0.780085 0.249926 0.999999 0.000000 -0.000003 0.001245
-0.430066 0.780086 0.249916 0.999999 -0.000000 -0.000001 0.001245
-0.430066 0.780086 0.249890 0.999999 -0.000001 -0.000000 0.001249
-0.430066 0.780086 0.249888 0.999999 -0.000001 -0.000001 0.001249
-0.430065 0.780084 0.249922 0.999999 0.000003 0.000001 0.001252
-0.430065 0.780087 0.249880 0.999999 -0.000001 -0.000000 0.001255
-0.430065 0.780086 0.249935 0.999999 0.000001 0.000001 0.001258
-0.430066 0.780087 0.249902 0.999999 -0.000001 -0.000001 0.001259
-0.430065 0.780085 0.249891 0.999999 0.000002 0.000000 0.001264
-0.430066 0.780087 0.249906 0.999999 -0.000002 -0.000001 0.001268
-0.430066 0.780087 0.249945 0.999999 -0.000000 -0.000000 0.001270
-0.430066 0.780087 0.249920 0.999999 -0.000000 -0.000002 0.001273
-0.430066 0.780086 0.249939 0.999999 0.000001 -0.000001 0.001275
-0.430066 0.780086 0.249956 0.999999 0.000001 -0.000001 0.001276
-0.430067 0.780087 0.249936 0.999999 -0.000001 -0.000003 0.001277
-0.430066 0.780088 0.249914 0.999999 -0.000002 -0.000001 0.001277
-0.430065 0.780086 0.249935 0.999999 0.000002 -0.000000 0.001281
-0.430066 0.780088 0.249899 0.999999 -0.000002 -0.000002 0.001284
-0.430065 0.780087 0.249893 0.999999 -0.000001 -0.000000 0.001284
-0.430066 0.780086 0.249901 0.999999 0.000002 -0.000001 0.001288
-0.430063 0.780088 0.249891 0.999999 -0.000002 0.000003 0.001288
-0.430065 0.780087 0.249886 0.999999 0.000000 -0.000001 0.001293
-0.430066 0.780086 0.249913 0.999999 0.000002 -0.000001 0.001293
-0.430066 0.780088 0.249920 0.999999 -0.000000 -0.000002 0.001295
-0.430064 0.780088 0.249864 0.999999 -0.000001 0.000002 0.001298
-0.430065 0.780087 0.249960 0.999999 0.000002 -0.000000 0.001300
-0.430065 0.780088 0.249950 0.999999 -0.000002 -0.000000 0.001303
-0.430066 0.780088 0.249908 0.999999 -0.000000 -0.000003 0.001304
-0.430065 0.780090 0.249868 0.999999 -0.000003 -0.000000 0.001307
-0.430065 0.780088 0.249872 0.999999 -0.000001 0.000000 0.001308
-0.430065 0.780089 0.249877 0.999999 -0.000003 0.000000 0.001311
-0.430064 0.780089 0.249877 0.999999 -0.000001 0.000002 0.001311
-0.430065 0.780087 0.249899 0.999999 0.000002 0.000000 0.001314
-0.430065 0.780089 0.249902 0.999999 -0.000002 0.000000 0.001314
-0.430066 0.780088 0.249959 0.999999 0.000001 -0.000002 0.001315
-0.430066 0.780088 0.249965 0.999999 0.000001 -0.000001 0.001315
-0.430066 0.780087 0.249967 0.999999 0.000003 -0.000001 0.001315
-0.430066 0.780088 0.249917 0.999999 0.000001 -0.000002 0.001316
-0.430066 0.780088 0.249909 0.999999 0.000001 -0.000001 0.001317
-0.430064 0.780090 0.249921 0.999999 -0.000004 0.000002 0.001318
-0.430065 0.780090 0.249946 0.999999 -0.000004 -0.000001 0.001320
-0.430066 0.780089 0.249936 0.999999 -0.000002 -0.000001 0.001320
-0.430066 0.780087 0.249940 0.999999 0.000002 -0.000002 0.001323
-0.430065 0.780087 0.249939 0.999999 0.000003 -0.000001 0.001323
-0.430065 0.780087 0.249889 0.999999 0.000002 -0.000000 0.001326
-0.430062 0.780088 0.249780 0.999999 0.000001 0.000005 0.001329
-0.430069 0.780087 0.249761 0.999999 0.000004 -0.000008 0.001333
-0.430066 0.780091 0.249754 0.999999 -0.000004 -0.000002 0.001334
-0.430065 0.780089 0.249920 0.999999 -0.000000 -0.000001 0.001337
-0.430066 0.780088 0.249945 0.999999 0.000001 -0.000003 0.001338
-0.430064 0.780088 0.249946 0.999999 0.000002 0.000002 0.001340
-0.430065 0.780089 0.249968 0.999999 0.000001 -0.000001 0.001341
-0.430066 0.780089 0.249970 0.999999 0.000001 -0.000002 0.001343
-0.430064 0.780088 0.249923 0.999999 0.000001 0.000002 0.001345
-0.430065 0.780089 0.249934 0.999999 0.000002 -0.000001 0.001348
-0.430066 0.780089 0.249960 0.999999 -0.000000 -0.000002 0.001351
-0.430064 0.780089 0.249960 0.999999 0.000000 0.000002 0.001353
-0.430065 0.780091 0.249907 0.999999 -0.000003 -0.000001 0.001354
-0.430067 0.780090 0.249867 0.999999 -0.000001 -0.000003 0.001358
-0.430065 0.780089 0.249946 0.999999 0.000001 -0.000000 0.001360
-0.430064 0.780090 0.249876 0.999999 -0.000001 0.000001 0.001363
-0.430065 0.780093 0.249821 0.999999 -0.000007 -0.000001 0.001366
-0.430065 0.780087 0.249838 0.999999 0.000006 -0.000001 0.001370
-0.430063 0.780089 0.249826 0.999999 0.000002 0.000004 0.001376
-0.430066 0.780090 0.249827 0.999999 -0.000000 -0.000003 0.001379
-0.430064 0.780094 0.249820 0.999999 -0.000007 0.000002 0.001381
-0.430065 0.780092 0.249826 0.999999 -0.000003 0.000001 0.001384
-0.430067 0.780090 0.249931 0.999999 0.000001 -0.000002 0.001387
-0.430067 0.780093 0.249894 0.999999 -0.000004 -0.000002 0.001390
-0.430067 0.780092 0.249782 0.999999 -0.000002 -0.000003 0.001392
-0.430066 0.780091 0.249933 0.999999 0.000001 -0.000002 0.001395
-0.430065 0.780091 0.249935 0.999999 0.000000 0.000001 0.001397
-0.430066 0.780091 0.249976 0.999999 0.000001 -0.000002 0.001398
-0.430066 0.780090 0.249961 0.999999 0.000002 -0.000001 0.001399
-0.430066 0.780090 0.249965 0.999999 0.000002 -0.000002 0.001400
-0.430066 0.780091 0.249942 0.999999 0.000001 -0.000001 0.001401
-0.430065 0.780089 0.249926 0.999999 0.000004 0.000000 0.001402
-0.430065 0.780091 0.249874 0.999999 0.000000 -0.000000 0.001407
-0.430068 0.780091 0.249804 0.999999 0.000001 -0.000006 0.001411
-0.430068 0.780092 0.249795 0.999999 -0.000001 -0.000005 0.001414
-0.430063 0.780091 0.249801 0.999999 0.000001 0.000004 0.001419
-0.430066 0.780093 0.249842 0.999999 -0.000001 -0.000001 0.001423
-0.430066 0.780092 0.249893 0.999999 0.000000 -0.000002 0.001427
-0.430066 0.780092 0.249935 0.999999 0.000001 -0.000001 0.001429
-0.430065 0.780093 0.249954 0.999999 -0.000002 0.000000 0.001430
-0.430064 0.780093 0.249919 0.999999 -0.000002 0.000002 0.001433
-0.430067 0.780093 0.249947 0.999999 -0.000001 -0.000002 0.001435
-0.430064 0.780092 0.249930 0.999999 0.000001 0.000002 0.001438
-0.430065 0.780092 0.249916 0.999999 0.000001 0.000000 0.001441
-0.430066 0.780093 0.249967 0.999999 -0.000000 -0.000000 0.001442
-0.430064 0.780094 0.249941 0.999999 -0.000002 0.000002 0.001444
-0.430067 0.780091 0.249968 0.999999 0.000002 -0.000003 0.001446
-0.430065 0.780093 0.249910 0.999999 0.000000 0.000001 0.001449
-0.430064 0.780095 0.249898 0.999999 -0.000004 0.000002 0.001452
-0.430068 0.780092 0.249872 0.999999 0.000002 -0.000004 0.001455
-0.430069 0.780092 0.249808 0.999999 0.000002 -0.000006 0.001458
-0.430064 0.780094 0.249870 0.999999 -0.000001 0.000004 0.001461
-0.430067 0.780092 0.249958 0.999999 0.000001 -0.000001 0.001463
-0.430065 0.780094 0.249958 0.999999 -0.000001 0.000002 0.001465
-0.430068 0.780095 0.249863 0.999999 -0.000003 -0.000003 0.001468
-0.430065 0.780094 0.249910 0.999999 -0.000001 0.000001 0.001473
-0.430067 0.780091 0.249829 0.999999 0.000006 -0.000002 0.001475
-0.430065 0.780096 0.249802 0.999999 -0.000004 0.000002 0.001479
-0.430065 0.780093 0.249810 0.999999 0.000001 0.000003 0.001483
-0.430066 0.780091 0.249784 0.999999 0.000007 -0.000000 0.001485
-0.430068 0.780092 0.249774 0.999999 0.000004 -0.000003 0.001488
-0.430066 0.780097 0.249823 0.999999 -0.000006 0.000001 0.001490
-0.430068 0.780094 0.249874 0.999999 0.000001 -0.000002 0.001493
-0.430068 0.780093 0.249954 0.999999 0.000002 -0.000002 0.001495
-0.430066 0.780095 0.249939 0.999999 -0.000001 0.000002 0.001497
-0.430067 0.780093 0.249973 0.999999 0.000002 -0.000001 0.001499
-0.430067 0.780096 0.249901 0.999999 -0.000004 -0.000001 0.001502
-0.430067 0.780095 0.249911 0.999999 -0.000001 -0.000001 0.001505
-0.430066 0.780095 0.249893 0.999999 -0.000001 0.000000 0.001508
-0.430067 0.780095 0.249928 0.999999 -0.000001 -0.000002 0.001512
-0.430066 0.780095 0.249933 0.999999 -0.000002 0.000001 0.001514
-0.430067 0.780094 0.249895 0.999999 0.000001 -0.000001 0.001517
-0.430067 0.780094 0.249952 0.999999 0.000002 -0.000002 0.001521
-0.430066 0.780096 0.249949 0.999999 -0.000003 0.000001 0.001522
-0.430066 0.780093 0.249930 0.999999 0.000004 0.000000 0.001524
-0.430068 0.780094 0.249902 0.999999 0.000002 -0.000002 0.001529
-0.430067 0.780095 0.249887 0.999999 -0.000000 -0.000001 0.001531
-0.430066 0.780096 0.249885 0.999999 -0.000000 -0.000000 0.001536
-0.430067 0.780094 0.249886 0.999999 0.000003 -0.000002 0.001539
-0.430067 0.780097 0.249850 0.999999 -0.000003 -0.000002 0.001544
-0.430067 0.780094 0.249899 0.999999 0.000003 -0.000002 0.001547
-0.430067 0.780098 0.249815 0.999999 -0.000004 -0.000002 0.001550
-0.430066 0.780095 0.249826 0.999999 0.000003 -0.000000 0.001554
-0.430066 0.780096 0.249898 0.999999 0.000001 0.000000 0.001558
-0.430067 0.780095 0.249904 0.999999 0.000003 -0.000003 0.001560
-0.430066 0.780097 0.249882 0.999999 -0.000001 0.000000 0.001562
-0.430067 0.780097 0.249935 0.999999 -0.000001 -0.000001 0.001565
-0.430066 0.780096 0.249955 0.999999 0.000000 -0.000000 0.001566
-0.430065 0.780096 0.249932 0.999999 0.000001 0.000002 0.001568
-0.430065 0.780097 0.249860 0.999999 -0.000000 0.000002 0.001572
-0.430066 0.780094 0.249864 0.999999 0.000006 0.000001 0.001575
-0.430068 0.780097 0.249804 0.999999 -0.000001 -0.000004 0.001579
-0.430068 0.780097 0.249851 0.999999 0.000001 -0.000002 0.001582
-0.430067 0.780098 0.249941 0.999999 -0.000002 -0.000002 0.001585
-0.430067 0.780098 0.249956 0.999999 -0.000002 -0.000001 0.001587
-0.430067 0.780096 0.249911 0.999999 0.000002 -0.000002 0.001591
-0.430066 0.780097 0.249914 0.999999 0.000001 0.000000 0.001593
-0.430066 0.780095 0.249858 0.999999 0.000005 0.000001 0.001597
-0.430066 0.780095 0.249804 0.999999 0.000005 0.000001 0.001602
-0.430067 0.780097 0.249888 0.999999 0.000002 -0.000001 0.001605
-0.430067 0.780097 0.249936 0.999999 0.000002 -0.000001 0.001608
-0.430067 0.780098 0.249924 0.999999 0.000001 -0.000001 0.001611
-0.430067 0.780097 0.249936 0.999999 0.000002 -0.000001 0.001612
-0.430068 0.780097 0.249925 0.999999 0.000001 -0.000003 0.001614
-0.430068 0.780098 0.249947 0.999999 -0.000001 -0.000002 0.001615
-0.430068 0.780098 0.249940 0.999999 0.000001 -0.000004 0.001616
-0.430068 0.780097 0.249889 0.999999 0.000002 -0.000003 0.001619
-0.430063 0.780099 0.249796 0.999999 -0.000001 0.000007 0.001621
-0.430065 0.780098 0.249861 0.999999 0.000001 0.000003 0.001626
-0.430067 0.780098 0.249940 0.999999 0.000001 -0.000001 0.001630
-0.430066 0.780098 0.249927 0.999999 0.000000 0.000001 0.001632
-0.430068 0.780099 0.249907 0.999999 -0.000000 -0.000003 0.001635
-0.430066 0.780100 0.249919 0.999999 -0.000002 0.000001 0.001636
-0.430067 0.780101 0.249853 0.999999 -0.000005 -0.000002 0.001638
-0.430069 0.780098 0.249817 0.999999 0.000003 -0.000004 0.001643
-0.430068 0.780101 0.249874 0.999999 -0.000004 -0.000002 0.001644
-0.430067 0.780099 0.249880 0.999999 0.000001 -0.000002 0.001649
-0.430066 0.780098 0.249939 0.999999 0.000002 0.000001 0.001652
-0.430066 0.780099 0.249900 0.999999 0.000002 0.000001 0.001655
-0.430067 0.780098 0.249837 0.999999 0.000004 -0.000002 0.001658
-0.430068 0.780098 0.249881 0.999999 0.000003 -0.000002 0.001662
-0.430067 0.780099 0.249920 0.999999 0.000001 0.000000 0.001664
-0.430067 0.780100 0.249946 0.999999 -0.000001 -0.000001 0.001666
-0.430067 0.780099 0.249958 0.999999 0.000002 -0.000001 0.001668
-0.430066 0.780100 0.249928 0.999999 -0.000000 0.000001 0.001671
-0.430067 0.780100 0.249977 0.999999 -0.000001 -0.000001 0.001673
-0.430067 0.780100 0.249977 0.999999 0.000000 0.000000 0.001673
-0.430067 0.780099 0.249874 0.999999 0.000002 -0.000001 0.001676
-0.430068 0.780100 0.249866 0.999999 -0.000000 -0.000002 0.001680
-0.430066 0.780100 0.249967 0.999999 0.000001 0.000001 0.001682
-0.430066 0.780101 0.249864 0.999999 -0.000001 0.000001 0.001684
-0.430066 0.780100 0.249932 0.999999 0.000002 0.000000 0.001688
-0.430068 0.780101 0.249930 0.999999 -0.000002 -0.000003 0.001690
-0.430065 0.780102 0.249849 0.999999 -0.000002 0.000003 0.001694
-0.430065 0.780105 0.249768 0.999999 -0.000009 0.000002 0.001697
-0.430067 0.780100 0.249790 0.999999 0.000002 -0.000001 0.001700
-0.430065 0.780103 0.249819 0.999999 -0.000004 0.000002 0.001703
-0.430067 0.780101 0.249905 0.999999 0.000001 -0.000000 0.001707
-0.430068 0.780100 0.249934 0.999999 0.000002 -0.000002 0.001708
-0.430066 0.780101 0.249961 0.999999 0.000001 0.000001 0.001709
-0.430066 0.780101 0.249968 0.999999 -0.000001 0.000001 0.001709
-0.430067 0.780102 0.249971 0.999999 -0.000001 -0.000001 0.001710
-0.430067 0.780102 0.249958 0.999999 -0.000001 -0.000001 0.001712
-0.430067 0.780102 0.249950 0.999999 -0.000002 -0.000000 0.001713
-0.430064 0.780101 0.249897 0.999999 -0.000001 0.000004 0.001716
-0.430068 0.780102 0.249959 0.999999 -0.000001 -0.000002 0.001718
-0.430067 0.780100 0.249969 0.999999 0.000002 -0.000001 0.001720
-0.430066 0.780102 0.249897 0.999999 -0.000001 0.000001 0.001723
-0.430067 0.780100 0.249903 0.999999 0.000003 -0.000001 0.001726
-0.430066 0.780102 0.249879 0.999999 -0.000000 0.000002 0.001730
-0.430066 0.780103 0.249887 0.999998 -0.000003 0.000002 0.001733
-0.430067 0.780099 0.249885 0.999998 0.000004 0.000000 0.001736
-0.430067 0.780101 0.249935 0.999998 0.000001 -0.000002 0.001739
-0.430067 0.780101 0.249958 0.999998 0.000001 -0.000002 0.001740
-0.430066 0.780101 0.249903 0.999998 0.000002 0.000000 0.001742
-0.430066 0.780104 0.249784 0.999998 -0.000004 0.000000 0.001745
-0.430068 0.780103 0.249821 0.999998 -0.000002 -0.000003 0.001748
-0.430067 0.780103 0.249926 0.999998 -0.000002 -0.000001 0.001751
-0.430066 0.780102 0.249893 0.999998 0.000000 0.000001 0.001753
-0.430067 0.780100 0.249840 0.999998 0.000005 -0.000001 0.001756
-0.430068 0.780105 0.249788 0.999998 -0.000004 -0.000002 0.001759
-0.430067 0.780104 0.249826 0.999998 -0.000002 -0.000000 0.001763
-0.430066 0.780103 0.249902 0.999998 -0.000000 0.000002 0.001767
-0.430067 0.780102 0.249900 0.999998 0.000002 -0.000001 0.001770
-0.430067 0.780102 0.249892 0.999998 0.000002 -0.000001 0.001773
-0.430068 0.780102 0.249919 0.999998 0.000003 -0.000002 0.001776
-0.430065 0.780106 0.249855 0.999998 -0.000005 0.000003 0.001779
-0.430067 0.780105 0.249854 0.999998 -0.000003 0.000000 0.001784
-0.430067 0.780104 0.249877 0.999998 -0.000000 -0.000000 0.001789
-0.430066 0.780106 0.249868 0.999998 -0.000005 0.000002 0.001792
-0.430068 0.780103 0.249929 0.999998 0.000001 -0.000002 0.001795
-0.430066 0.780103 0.249982 0.999998 0.000001 0.000000 0.001796
-0.430067 0.780103 0.249981 0.999998 0.000001 -0.000000 0.001796
-0.430070 0.780105 0.249866 0.999998 -0.000003 -0.000007 0.001799
-0.430067 0.780100 0.249831 0.999998 0.000007 -0.000000 0.001799
-0.430069 0.780103 0.249804 0.999998 0.000001 -0.000004 0.001801
-0.430068 0.780103 0.249918 0.999998 0.000001 -0.000003 0.001804
-0.430068 0.780104 0.249918 0.999998 -0.000001 -0.000002 0.001804
-0.430066 0.780104 0.249831 0.999998 0.000000 0.000002 0.001806
-0.430068 0.780104 0.249859 0.999998 0.000001 -0.000003 0.001807
-0.430068 0.780105 0.249836 0.999998 -0.000002 -0.000001 0.001810
-0.430067 0.780103 0.249815 0.999998 0.000003 0.000000 0.001810
-0.430066 0.780101 0.249758 0.999998 0.000006 0.000003 0.001812
-0.430068 0.780105 0.249754 0.999998 -0.000002 -0.000003 0.001812
-0.430068 0.780104 0.249935 0.999998 0.000001 -0.000002 0.001815
-0.430068 0.780104 0.249851 0.999998 0.000001 -0.000003 0.001818
-0.430066 0.780105 0.249827 0.999998 -0.000001 0.000002 0.001820
-0.430066 0.780103 0.249832 0.999998 0.000003 0.000002 0.001821
-0.430067 0.780104 0.249907 0.999998 0.000002 0.000000 0.001824
-0.430067 0.780106 0.249920 0.999998 -0.000002 0.000000 0.001824
-0.430067 0.780104 0.249950 0.999998 0.000002 0.000000 0.001825
-0.430067 0.780105 0.249917 0.999998 0.000000 -0.000001 0.001827
-0.430068 0.780105 0.249970 0.999998 0.000001 -0.000002 0.001828
-0.430068 0.780106 0.249973 0.999998 -0.000002 -0.000002 0.001828
-0.430068 0.780105 0.249911 0.999998 -0.000001 -0.000002 0.001831
-0.430067 0.780105 0.249916 0.999998 0.000000 -0.000001 0.001832
-0.430067 0.780105 0.249941 0.999998 0.000001 -0.000001 0.001833
-0.430068 0.780104 0.249954 0.999998 0.000001 -0.000003 0.001834
-0.430066 0.780107 0.249937 0.999998 -0.000004 0.000001 0.001835
-0.430066 0.780105 0.249898 0.999998 -0.000000 0.000001 0.001836
-0.430067 0.780106 0.249905 0.999998 -0.000002 -0.000000 0.001837
-0.430066 0.780106 0.249935 0.999998 -0.000001 0.000002 0.001838
-0.430068 0.780103 0.249921 0.999998 0.000004 -0.000001 0.001839
-0.430068 0.780107 0.249897 0.999998 -0.000003 -0.000002 0.001840
-0.430068 0.780105 0.249922 0.999998 0.000001 -0.000001 0.001842
-0.430068 0.780105 0.249952 0.999998 0.000001 -0.000001 0.001842
-0.430068 0.780106 0.249933 0.999998 -0.000000 -0.000002 0.001844
-0.430067 0.780104 0.249898 0.999998 0.000002 0.000000 0.001845
-0.430068 0.780104 0.249944 0.999998 0.000002 -0.000002 0.001846
-0.430068 0.780105 0.249952 0.999998 0.000001 -0.000002 0.001847
-0.430067 0.780104 0.249909 0.999998 0.000004 -0.000000 0.001848
-0.430066 0.780107 0.249883 0.999998 -0.000002 0.000002 0.001851
-0.430068 0.780105 0.249901 0.999998 0.000001 -0.000001 0.001853
-0.430068 0.780106 0.249947 0.999998 0.000000 -0.000003 0.001854
-0.430067 0.780107 0.249946 0.999998 -0.000001 -0.000000 0.001854
-0.430067 0.780103 0.249922 0.999998 0.000006 0.000000 0.001855
-0.430067 0.780107 0.249898 0.999998 -0.000001 -0.000000 0.001857
-0.430067 0.780107 0.249930 0.999998 -0.000002 -0.000001 0.001858
-0.430069 0.780105 0.249908 0.999998 0.000002 -0.000003 0.001860
-0.430066 0.780105 0.249905 0.999998 0.000003 0.000002 0.001861
-0.430067 0.780105 0.249817 0.999998 0.000002 0.000001 0.001862
-0.430069 0.780106 0.249871 0.999998 0.000001 -0.000003 0.001864
-0.430066 0.780106 0.249927 0.999998 0.000001 0.000001 0.001867
-0.430068 0.780106 0.249939 0.999998 0.000001 -0.000002 0.001869
-0.430067 0.780106 0.249961 0.999998 0.000001 0.000000 0.001872
-0.430068 0.780106 0.249971 0.999998 0.000001 -0.000002 0.001873
-0.430070 0.780104 0.249829 0.999998 0.000006 -0.000006 0.001876
-0.430070 0.780105 0.249781 0.999998 0.000004 -0.000006 0.001879
-0.430067 0.780107 0.249763 0.999998 -0.000000 0.000000 0.001882
-0.430069 0.780110 0.249807 0.999998 -0.000005 -0.000003 0.001886
-0.430068 0.780112 0.249775 0.999998 -0.000010 -0.000001 0.001890
-0.430066 0.780108 0.249813 0.999998 -0.000001 0.000003 0.001893
-0.430069 0.780107 0.249890 0.999998 -0.000000 -0.000003 0.001896
-0.430068 0.780107 0.249934 0.999998 0.000001 -0.000001 0.001899
-0.430069 0.780107 0.249968 0.999998 0.000000 -0.000003 0.001901
-0.430068 0.780107 0.249908 0.999998 0.000001 -0.000002 0.001903
-0.430067 0.780108 0.249887 0.999998 -0.000001 0.000000 0.001906
