-0.080727 0.886065 0.407064
-0.080368 0.886094 0.407083
-0.080117 0.885997 0.407110
-0.079702 0.885983 0.407141
-0.079266 0.885720 0.407217
-0.079153 0.885472 0.407276
-0.079058 0.885220 0.407332
-0.078875 0.884903 0.407403
-0.078769 0.884684 0.407448
-0.080832 0.883446 0.407515
-0.080616 0.882088 0.407861
-0.079606 0.880999 0.408159
-0.078922 0.880227 0.408349
-0.078278 0.879453 0.408529
-0.077832 0.878854 0.408660
-0.077437 0.878288 0.408780
-0.077075 0.877742 0.408893
-0.076734 0.877208 0.409002
-0.076408 0.876681 0.409109
-0.076091 0.876156 0.409214
-0.075725 0.875560 0.409334
-0.075432 0.875050 0.409435
-0.075086 0.874461 0.409553
-0.074753 0.873882 0.409669
-0.074633 0.873605 0.409719
-0.076665 0.872201 0.409769
-0.076411 0.870603 0.410116
-0.075378 0.869309 0.410422
-0.075028 0.868808 0.410528
-0.075152 0.868267 0.410620
-0.075090 0.868002 0.410669
-0.075409 0.867495 0.410745
-0.075408 0.867390 0.410762
-0.075871 0.866968 0.410809
-0.075890 0.866791 0.410836
-0.076365 0.866502 0.410856
-0.076434 0.866342 0.410877
-0.077007 0.866043 0.410892
-0.077047 0.865971 0.410900
-0.077710 0.865653 0.410908
-0.077745 0.865586 0.410915
-0.078414 0.865287 0.410915
-0.078452 0.865222 0.410920
-0.079099 0.864961 0.410913
-0.079182 0.864587 0.410956
-0.079171 0.864362 0.410985
-0.081266 0.862947 0.410997
-0.081008 0.861205 0.411366
-0.080130 0.860015 0.411639
-0.079549 0.859147 0.411820
-0.078996 0.858247 0.412000
-0.078609 0.857529 0.412137
-0.078259 0.856828 0.412267
-0.077875 0.856044 0.412412
-0.077579 0.855380 0.412531
-0.077449 0.855010 0.412593
-0.076672 0.854622 0.412706
-0.076487 0.854344 0.412755
-0.075478 0.853760 0.412910
-0.075381 0.853605 0.412937
-0.074637 0.853201 0.413049
-0.076041 0.852011 0.413043
-0.076508 0.851086 0.413145
-0.076036 0.850420 0.413298
-0.077235 0.848914 0.413377
-0.077476 0.847732 0.413544
-0.075772 0.845777 0.413988
-0.075488 0.845423 0.414060
-0.073389 0.843736 0.414434
-0.073176 0.843461 0.414483
-0.071652 0.842330 0.414724
-0.071298 0.841861 0.414804
-0.070144 0.841101 0.414969
-0.069808 0.840671 0.415040
-0.068533 0.839806 0.415220
-0.068393 0.839605 0.415251
-0.067044 0.838610 0.415445
-0.067833 0.837969 0.415428
-0.068570 0.837342 0.415432
-0.068438 0.835739 0.415630
-0.069168 0.834939 0.415642
-0.069828 0.834171 0.415672
-0.068826 0.831441 0.416039
-0.068580 0.831082 0.416090
-0.069261 0.830236 0.416106
-0.069503 0.827894 0.416310
-0.069284 0.827437 0.416366
-0.070556 0.825671 0.416434
-0.070181 0.823942 0.416612
-0.068249 0.821339 0.416897
-0.066940 0.819704 0.417058
-0.066202 0.818670 0.417158
-0.065651 0.817804 0.417245
-0.065581 0.817645 0.417259
-0.065764 0.816990 0.417338
-0.065745 0.816867 0.417352
-0.065879 0.816741 0.417363
-0.068778 0.814571 0.417455
-0.068807 0.814298 0.417483
-0.069720 0.813523 0.417499
-0.071600 0.811549 0.417633
-0.071599 0.811207 0.417665
-0.072476 0.810365 0.417692
-0.074208 0.808209 0.417846
-0.074177 0.807837 0.417878
-0.075028 0.806960 0.417912
-0.076619 0.804396 0.418105
-0.076388 0.803758 0.418150
-0.076272 0.802889 0.418214
-0.076107 0.802490 0.418239
-0.076217 0.801940 0.418286
-0.076102 0.801533 0.418317
-0.076351 0.801248 0.418349
-0.076340 0.800837 0.418391
-0.076662 0.800639 0.418421
-0.076731 0.800305 0.418462
-0.077011 0.800183 0.418483
-0.077183 0.799758 0.418546
-0.077058 0.799254 0.418603
-0.076827 0.798608 0.418671
-0.076578 0.797941 0.418739
-0.076352 0.797361 0.418793
-0.076197 0.796902 0.418832
-0.076018 0.796402 0.418874
-0.075878 0.795969 0.418909
-0.075703 0.795479 0.418949
-0.075563 0.795047 0.418983
-0.075241 0.794273 0.419059
-0.074646 0.794233 0.419043
-0.073934 0.794122 0.419021
-0.073179 0.793976 0.418994
-0.072539 0.793878 0.418971
-0.074703 0.792463 0.419005
-0.074397 0.791614 0.418993
-0.073415 0.791287 0.418923
-0.072501 0.791067 0.418852
-0.071586 0.790856 0.418778
-0.070793 0.790704 0.418719
-0.069998 0.790547 0.418660
-0.069271 0.790416 0.418609
-0.070179 0.789838 0.418625
-0.071374 0.788446 0.418652
-0.072304 0.787777 0.418674
-0.073248 0.785899 0.418659
-0.072238 0.785486 0.418532
-0.071251 0.785209 0.418406
-0.070396 0.785015 0.418305
-0.069600 0.784848 0.418219
-0.068877 0.784712 0.418147
-0.068142 0.784564 0.418077
-0.067946 0.784548 0.418062
-0.070321 0.782576 0.418168
-0.070162 0.782478 0.418152
-0.072449 0.780422 0.418253
-0.072139 0.780150 0.418211
-0.074407 0.778232 0.418323
-0.073699 0.777370 0.418174
-0.072781 0.777054 0.418024
-0.072034 0.776882 0.417921
-0.071311 0.776729 0.417831
-0.070814 0.776666 0.417778
-0.073051 0.775234 0.417957
-0.073064 0.774580 0.417940
-0.075342 0.772993 0.418125
-0.075319 0.772255 0.418090
-0.077091 0.771019 0.418240
-0.077532 0.769988 0.418248
-0.079331 0.768696 0.418412
-0.079615 0.767288 0.418365
-0.078774 0.766930 0.418204
-0.078043 0.766737 0.418090
-0.077403 0.766611 0.418005
-0.076760 0.766483 0.417925
-0.076090 0.766333 0.417843
-0.075479 0.766216 0.417770
-0.074780 0.766034 0.417683
-0.074670 0.765637 0.417678
-0.074566 0.765228 0.417680
-0.074468 0.764828 0.417683
-0.074588 0.764773 0.417697
-0.074857 0.764407 0.417746
-0.074999 0.764364 0.417763
-0.075145 0.764261 0.417783
-0.078273 0.762268 0.418176
-0.078507 0.762127 0.418201
-0.078885 0.761582 0.418237
-0.079149 0.761485 0.418262
-0.079321 0.761157 0.418285
-0.079458 0.761116 0.418299
-0.079772 0.760768 0.418351
-0.079912 0.760736 0.418368
-0.080249 0.760416 0.418428
-0.080392 0.760386 0.418445
-0.080732 0.760096 0.418505
-0.081022 0.760042 0.418542
-0.081242 0.759800 0.418586
-0.081531 0.759733 0.418625
-0.081747 0.759476 0.418669
-0.082126 0.759391 0.418722
-0.082263 0.759089 0.418764
-0.082199 0.758692 0.418779
-0.082091 0.758248 0.418787
-0.081946 0.757747 0.418791
-0.081830 0.757301 0.418794
-0.081704 0.756835 0.418797
-0.081573 0.756362 0.418799
-0.081417 0.755846 0.418800
-0.081346 0.755491 0.418803
-0.081016 0.755407 0.418772
-0.080707 0.754991 0.418745
-0.080516 0.754933 0.418726
-0.081328 0.754291 0.418826
-0.082993 0.752464 0.419043
-0.082698 0.752227 0.419002
-0.082336 0.751658 0.418939
-0.081937 0.751505 0.418885
-0.081546 0.751001 0.418826
-0.081153 0.750862 0.418776
-0.080664 0.750222 0.418711
-0.080453 0.749659 0.418691
-0.080268 0.749101 0.418681
-0.080118 0.748592 0.418678
-0.079979 0.748097 0.418677
-0.079866 0.747642 0.418678
-0.079741 0.747163 0.418678
-0.079589 0.746635 0.418678
-0.079470 0.746169 0.418678
-0.079343 0.745684 0.418678
-0.079190 0.745151 0.418677
-0.079181 0.745037 0.418679
-0.082078 0.742918 0.419063
-0.082175 0.742696 0.419073
-0.085110 0.740177 0.419464
-0.085183 0.739886 0.419471
-0.087979 0.737068 0.419862
-0.087799 0.735739 0.419816
-0.087403 0.734748 0.419757
-0.087158 0.734028 0.419739
-0.086908 0.733268 0.419733
-0.086723 0.732625 0.419736
-0.086536 0.731966 0.419742
-0.086314 0.731233 0.419747
-0.086139 0.730597 0.419754
-0.085925 0.729873 0.419760
-0.085753 0.729238 0.419766
-0.085572 0.728578 0.419772
-0.085352 0.727840 0.419777
-0.085178 0.727197 0.419782
-0.084963 0.726465 0.419788
-0.084791 0.725823 0.419793
-0.084578 0.725090 0.419798
-0.084375 0.724382 0.419803
-0.084275 0.723900 0.419809
-0.083834 0.723692 0.419763
-0.083637 0.723261 0.419748
-0.083273 0.723067 0.419709
-0.084141 0.722372 0.419835
-0.085861 0.720467 0.420111
-0.085780 0.720243 0.420103
-0.086654 0.719449 0.420232
-0.088339 0.717024 0.420490
-0.088198 0.716815 0.420467
-0.087606 0.715741 0.420359
-0.087199 0.715496 0.420295
-0.086774 0.714787 0.420228
-0.086384 0.714565 0.420174
-0.085984 0.713885 0.420122
-0.085467 0.713572 0.420054
-0.085229 0.713065 0.420027
-0.084722 0.712735 0.419964
-0.084485 0.712218 0.419940
-0.083979 0.711882 0.419879
-0.083678 0.711228 0.419850
-0.083319 0.711029 0.419808
-0.082895 0.710264 0.419765
-0.082714 0.710174 0.419745
-0.082182 0.709421 0.419688
-0.081996 0.709330 0.419666
-0.081454 0.708566 0.419607
-0.081268 0.708473 0.419585
-0.080725 0.707704 0.419526
-0.080366 0.707522 0.419482
-0.079952 0.706777 0.419439
-0.079775 0.706690 0.419418
-0.079257 0.705943 0.419362
-0.078904 0.705767 0.419319
-0.078560 0.705143 0.419282
-0.078081 0.704857 0.419223
-0.077810 0.704239 0.419196
-0.077348 0.703963 0.419140
-0.077143 0.703479 0.419120
-0.076670 0.703166 0.419062
-0.076455 0.702658 0.419041
-0.075976 0.702329 0.418983
-0.075758 0.701810 0.418961
-0.076713 0.701094 0.419107
-0.078120 0.699737 0.419339
-0.078310 0.699116 0.419364
-0.079328 0.698300 0.419517
-0.080786 0.696761 0.419743
-0.080946 0.695616 0.419735
-0.080503 0.695192 0.419643
-0.080219 0.694486 0.419578
-0.079755 0.694184 0.419500
-0.079550 0.693683 0.419466
-0.079089 0.693367 0.419398
-0.078829 0.692729 0.419365
-0.078385 0.692454 0.419305
-0.078143 0.691847 0.419278
-0.077822 0.691670 0.419237
-0.077513 0.691048 0.419202
-0.077182 0.690861 0.419160
-0.076865 0.690225 0.419125
-0.076532 0.690034 0.419082
-0.076160 0.689277 0.419043
-0.075995 0.689192 0.419023
-0.075528 0.688451 0.418971
-0.075359 0.688365 0.418950
-0.074789 0.687429 0.418888
-0.074607 0.686677 0.418886
-0.074430 0.685883 0.418892
-0.074301 0.685208 0.418899
-0.074144 0.684451 0.418906
-0.074021 0.683787 0.418914
-0.073892 0.683097 0.418921
-0.073759 0.682396 0.418928
-0.073624 0.681690 0.418935
-0.073488 0.680980 0.418942
-0.073352 0.680269 0.418948
-0.073217 0.679557 0.418955
-0.073082 0.678843 0.418962
-0.074077 0.678204 0.419121
-0.076239 0.676323 0.419479
-0.078272 0.674990 0.419805
-0.079622 0.673418 0.419989
-0.080651 0.672700 0.420151
-0.082906 0.670351 0.420465
-0.082826 0.669537 0.420396
-0.082689 0.668812 0.420354
-0.082537 0.668042 0.420334
-0.082405 0.667318 0.420328
-0.082401 0.667168 0.420330
-0.081934 0.666666 0.420268
-0.081905 0.666496 0.420265
-0.081331 0.665838 0.420188
-0.081306 0.665668 0.420187
-0.080792 0.665093 0.420119
-0.080725 0.664747 0.420114
-0.080196 0.664233 0.420044
-0.080163 0.664059 0.420042
-0.079637 0.663470 0.419973
-0.079602 0.663288 0.419971
-0.079019 0.662588 0.419897
-0.078993 0.662414 0.419896
-0.078723 0.662140 0.419861
-0.081017 0.660418 0.420280
-0.081550 0.659709 0.420374
-0.081550 0.659487 0.420373
-0.083924 0.657612 0.420793
-0.084466 0.656853 0.420875
-0.084274 0.656028 0.420786
-0.084251 0.655834 0.420772
-0.083745 0.655204 0.420650
-0.083712 0.655019 0.420639
-0.083196 0.654408 0.420540
-0.083132 0.654054 0.420529
-0.082626 0.653544 0.420446
-0.082597 0.653371 0.420442
-0.082102 0.652796 0.420368
-0.082072 0.652616 0.420365
-0.081573 0.652022 0.420294
-0.081542 0.651839 0.420291
-0.080997 0.651156 0.420218
-0.080975 0.650983 0.420218
-0.080456 0.650339 0.420151
-0.080437 0.650170 0.420151
-0.079970 0.649616 0.420091
-0.079943 0.649439 0.420090
-0.079414 0.648776 0.420024
-0.079394 0.648605 0.420024
-0.078930 0.648045 0.419966
-0.078903 0.647867 0.419966
-0.078379 0.647204 0.419903
-0.078360 0.647033 0.419904
-0.077857 0.646398 0.419845
-0.077840 0.646231 0.419846
-0.077344 0.645608 0.419788
-0.077327 0.645441 0.419789
-0.076836 0.644822 0.419732
-0.076820 0.644656 0.419734
-0.076373 0.644113 0.419681
-0.076349 0.643937 0.419681
-0.075884 0.643361 0.419626
-0.075858 0.643181 0.419626
-0.076056 0.642928 0.418855
-0.076000 0.642314 0.417190
-0.075993 0.642148 0.417110
-0.076196 0.641903 0.416282
-0.076174 0.641402 0.414619
-0.076132 0.640951 0.414309
-0.075804 0.640714 0.414122
-0.075653 0.640141 0.413984
-0.075312 0.639929 0.413859
-0.075193 0.639480 0.413775
-0.074779 0.639159 0.413631
-0.074929 0.638998 0.412837
-0.075064 0.638762 0.412182
-0.074864 0.638278 0.411078
-0.075128 0.637962 0.409495
-0.075201 0.637770 0.409024
-0.074976 0.637435 0.408286
-0.075227 0.637009 0.406177
-0.075255 0.636847 0.405844
-0.075160 0.636727 0.405593
-0.075199 0.636571 0.405504
-0.075639 0.636001 0.403526
-0.075706 0.635659 0.402983
-0.075601 0.635559 0.402803
-0.075639 0.635415 0.402758
-0.075959 0.634995 0.401290
-0.076066 0.634596 0.400530
-0.075771 0.634321 0.399992
-0.075818 0.634151 0.399122
-0.075857 0.633733 0.397923
-0.075497 0.633483 0.397135
-0.075517 0.633318 0.396230
-0.075514 0.632915 0.394980
-0.075112 0.632696 0.394140
-0.075109 0.632535 0.393224
-0.075008 0.632038 0.391590
-0.074682 0.631952 0.391091
-0.074569 0.631686 0.389399
-0.074436 0.631410 0.388496
-0.074078 0.631317 0.387974
-0.073804 0.630990 0.385737
-0.073440 0.630698 0.384672
-0.073326 0.630436 0.383038
-0.072846 0.630117 0.381474
-0.072781 0.629981 0.380594
-0.072352 0.629584 0.378692
-0.071936 0.629638 0.378026
-0.071616 0.629488 0.377600
-0.071232 0.629480 0.377146
-0.070933 0.629272 0.376796
-0.070565 0.629221 0.376386
-0.070186 0.628940 0.375982
-0.069844 0.628901 0.375619
-0.069590 0.628657 0.375344
-0.069704 0.628551 0.375319
-0.069830 0.628352 0.375099
-0.069704 0.627952 0.374852
-0.069546 0.627866 0.374665
-0.069312 0.627469 0.374411
-0.069145 0.627378 0.374232
-0.068915 0.626967 0.373997
-0.068684 0.626839 0.373760
-0.068539 0.626512 0.373606
-0.070763 0.625068 0.373441
-0.071324 0.624292 0.373163
-0.073559 0.622869 0.372919
-0.073904 0.622141 0.372327
-0.073285 0.621850 0.371756
-0.072772 0.621542 0.371380
-0.072225 0.621141 0.371030
-0.071814 0.620730 0.370783
-0.071444 0.620257 0.370577
-0.071290 0.619914 0.370486
-0.071388 0.619714 0.370489
-0.071336 0.619293 0.370443
-0.071497 0.619129 0.370483
-0.071529 0.618791 0.370479
-0.071768 0.618553 0.370558
-0.071811 0.618303 0.370567
-0.072101 0.617989 0.370674
-0.072174 0.617606 0.370707
-0.072487 0.617309 0.370838
-0.072569 0.617030 0.370874
-0.072976 0.616614 0.371058
-0.073024 0.616466 0.371079
-0.073485 0.615945 0.371288
-0.073540 0.615784 0.371315
-0.074075 0.615155 0.371582
-0.074130 0.614995 0.371611
-0.074639 0.614419 0.371859
-0.074705 0.614248 0.371894
-0.075299 0.613567 0.372207
-0.075364 0.613399 0.372243
-0.075969 0.612718 0.372567
-0.076037 0.612550 0.372606
-0.076655 0.611860 0.372941
-0.076725 0.611690 0.372982
-0.077222 0.611149 0.373230
-0.078204 0.610501 0.373259
-0.079703 0.609400 0.373342
-0.080934 0.608539 0.373458
-0.081010 0.608384 0.373460
-0.081468 0.607901 0.373580
-0.081516 0.607751 0.373594
-0.081950 0.607235 0.373771
-0.082042 0.606927 0.373817
-0.082426 0.606512 0.373996
-0.082542 0.606190 0.374059
-0.083007 0.605691 0.374299
-0.083069 0.605528 0.374333
-0.083616 0.604883 0.374625
-0.083675 0.604719 0.374659
-0.084224 0.604061 0.374959
-0.084284 0.603895 0.374995
-0.084790 0.603294 0.375262
-0.084913 0.602955 0.375340
-0.085345 0.602485 0.375571
-0.085486 0.602138 0.375657
-0.085932 0.601661 0.375897
-0.086125 0.601172 0.376029
-0.086479 0.600829 0.376216
-0.086701 0.600334 0.376358
-0.087065 0.599990 0.376549
-0.087290 0.599496 0.376694
-0.087729 0.599077 0.376939
-0.087924 0.598608 0.377074
-0.088276 0.598277 0.377260
-0.088495 0.597790 0.377401
-0.088851 0.597452 0.377589
-0.089070 0.596962 0.377732
-0.089422 0.596623 0.377919
-0.089679 0.596015 0.378104
-0.090014 0.595718 0.378284
-0.090224 0.595250 0.378420
-0.091180 0.594551 0.378467
-0.093228 0.593299 0.378672
-0.093837 0.592684 0.378728
-0.094821 0.591984 0.378751
-0.096856 0.590785 0.378874
-0.097467 0.590176 0.378826
-0.097738 0.590040 0.378826
-0.097840 0.589672 0.378796
-0.098052 0.589525 0.378841
-0.098152 0.589180 0.378860
-0.098391 0.588963 0.378938
-0.098508 0.588572 0.378984
-0.098761 0.588321 0.379083
-0.098907 0.587812 0.379165
-0.099161 0.587580 0.379276
-0.099322 0.587073 0.379372
-0.099519 0.586897 0.379457
-0.099669 0.586573 0.379523
-0.102343 0.584586 0.379724
-0.102872 0.583744 0.379692
-0.102834 0.583149 0.379634
-0.102769 0.582505 0.379617
-0.102717 0.581819 0.379628
-0.102668 0.581046 0.379665
-0.102644 0.580295 0.379717
-0.102642 0.579602 0.379770
-0.102639 0.578806 0.379844
-0.102649 0.578030 0.379924
-0.102672 0.577320 0.379997
-0.102695 0.576572 0.380076
-0.102723 0.575888 0.380147
-0.103601 0.575195 0.380196
-0.105693 0.573263 0.380324
-0.106601 0.572583 0.380353
-0.108586 0.570898 0.380363
-0.109495 0.570214 0.380376
-0.111410 0.568583 0.380224
-0.112247 0.567947 0.380219
-0.113870 0.566526 0.379875
-0.113324 0.566444 0.379339
-0.112744 0.566243 0.378920
-0.112234 0.565925 0.378596
-0.111862 0.565538 0.378376
-0.111480 0.565046 0.378174
-0.111213 0.564555 0.378041
-0.110947 0.563966 0.377926
-0.110772 0.563404 0.377857
-0.110632 0.562787 0.377815
-0.110503 0.562085 0.377795
-0.110437 0.561442 0.377797
-0.110441 0.561123 0.377802
-0.112704 0.559103 0.378010
-0.112979 0.558659 0.377995
-0.115241 0.556720 0.378103
-0.115142 0.556324 0.377695
-0.114574 0.556172 0.377311
-0.114026 0.555904 0.376993
-0.113532 0.555551 0.376735
-0.113021 0.555121 0.376495
-0.112652 0.554686 0.376331
-0.112334 0.554185 0.376202
-0.112019 0.553605 0.376091
-0.111810 0.553055 0.376024
-0.111614 0.552405 0.375978
-0.111500 0.551795 0.375961
-0.111424 0.551132 0.375967
-0.111377 0.550378 0.375999
-0.111392 0.549841 0.376029
-0.112825 0.548525 0.376204
-0.113726 0.547406 0.376265
-0.115136 0.546135 0.376381
-0.115741 0.545251 0.376199
-0.116373 0.544638 0.376207
-0.117207 0.543504 0.375972
-0.117767 0.542925 0.375959
-0.117919 0.542185 0.375432
-0.118330 0.541691 0.375392
-0.117754 0.541345 0.374716
-0.118027 0.540905 0.374665
-0.118230 0.540485 0.374633
-0.116506 0.541134 0.373874
-0.116023 0.541307 0.373707
-0.113212 0.542652 0.372936
-0.112717 0.542792 0.372815
-0.110486 0.543656 0.372413
-0.110020 0.543749 0.372335
-0.107946 0.544413 0.372117
-0.107067 0.544539 0.372025
-0.105148 0.545124 0.371958
-0.104749 0.545159 0.371939
-0.104432 0.545189 0.371954
-0.104527 0.543956 0.372414
-0.103783 0.543954 0.372429
-0.103421 0.544035 0.372452
-0.103476 0.543028 0.372896
-0.102697 0.543009 0.372975
-0.102277 0.543122 0.373016
-0.101603 0.542366 0.373611
-0.101068 0.542457 0.373659
-0.100563 0.542599 0.373723
-0.099501 0.541978 0.374462
-0.098883 0.542103 0.374546
-0.098301 0.542280 0.374647
-0.096250 0.542039 0.375703
-0.094753 0.542484 0.375931
-0.092072 0.542332 0.377205
-0.087182 0.543973 0.378265
-0.082711 0.545264 0.379518
-0.079466 0.545972 0.380644
-0.078989 0.546138 0.380881
-0.076810 0.546595 0.381802
-0.076292 0.546844 0.382073
-0.075100 0.547055 0.382497
-0.075007 0.547121 0.382574
-0.074561 0.547071 0.382824
-0.074625 0.547120 0.382917
-0.074594 0.546836 0.383037
-0.074472 0.546274 0.383076
-0.074426 0.545650 0.383085
-0.074428 0.545483 0.383084
-0.073921 0.544920 0.383033
-0.073869 0.544740 0.383033
-0.073188 0.544147 0.382994
-0.073113 0.543967 0.382997
-0.072346 0.543380 0.382975
-0.072177 0.543041 0.382987
-0.071404 0.542571 0.382978
-0.071314 0.542406 0.382985
-0.070482 0.541877 0.382983
-0.070291 0.541555 0.383001
-0.069588 0.541177 0.382998
-0.069274 0.540729 0.383025
-0.068577 0.540418 0.383025
-0.068357 0.540110 0.383043
-0.067491 0.539697 0.383056
-0.067385 0.539542 0.383067
-0.066490 0.539051 0.383086
-0.065920 0.538350 0.383171
-0.065703 0.537718 0.383217
-0.065606 0.536965 0.383239
-0.065609 0.536260 0.383240
-0.065659 0.535501 0.383229
-0.065745 0.534712 0.383211
-0.065883 0.533828 0.383184
-0.065996 0.533129 0.383162
-0.066487 0.532389 0.383368
-0.067438 0.530791 0.383768
-0.067883 0.530096 0.383991
-0.068341 0.528924 0.384440
-0.067698 0.528882 0.384475
-0.067266 0.528545 0.384524
-0.067225 0.528422 0.384530
-0.067013 0.528042 0.384377
-0.066994 0.527892 0.384366
-0.066891 0.527409 0.384158
-0.066891 0.527088 0.384125
-0.066889 0.526633 0.383902
-0.066907 0.526464 0.383881
-0.066983 0.525833 0.383613
-0.067012 0.525661 0.383593
-0.067158 0.525308 0.383073
-0.067522 0.524657 0.381968
-0.067582 0.524484 0.381890
-0.067894 0.523871 0.380888
-0.068199 0.523468 0.380137
-0.068297 0.523176 0.380053
-0.068431 0.522768 0.379825
-0.068466 0.522604 0.379805
-0.068604 0.521982 0.379548
-0.068639 0.521810 0.379529
-0.068756 0.521227 0.379289
-0.068793 0.521042 0.379265
-0.068925 0.520675 0.378733
-0.069287 0.519989 0.377604
-0.069590 0.519256 0.377392
-0.069801 0.518477 0.377357
-0.070016 0.517585 0.377325
-0.070195 0.516794 0.377297
-0.070228 0.516605 0.377292
-0.070856 0.515984 0.377306
-0.070952 0.515794 0.377300
-0.071798 0.515147 0.377296
-0.071925 0.514950 0.377285
-0.072892 0.514264 0.377264
-0.073169 0.513867 0.377237
-0.074011 0.513335 0.377220
-0.074331 0.512928 0.377193
-0.075409 0.512278 0.377160
-0.075576 0.512072 0.377145
-0.076698 0.511332 0.377110
-0.076872 0.511116 0.377093
-0.078037 0.510343 0.377018
-0.078393 0.509915 0.376962
-0.079581 0.509214 0.376854
-0.080199 0.508451 0.377033
-0.080793 0.507739 0.377195
-0.082309 0.506653 0.377378
-0.082860 0.505951 0.377577
-0.083378 0.505308 0.377754
-0.084587 0.504598 0.377979
-0.084637 0.504519 0.377966
-0.085332 0.504323 0.377916
-0.086150 0.504269 0.377888
-0.087252 0.504161 0.377837
-0.088311 0.504024 0.377785
-0.089468 0.503855 0.377725
-0.090692 0.503658 0.377655
-0.091966 0.503435 0.377580
-0.093281 0.503191 0.377502
-0.094627 0.502930 0.377424
-0.096000 0.502652 0.377347
-0.097569 0.502314 0.377251
-0.098933 0.502011 0.377182
-0.100512 0.501652 0.377102
-0.101890 0.501335 0.377045
-0.103319 0.501010 0.376977
-0.104800 0.500672 0.376895
-0.106529 0.500259 0.376782
-0.108053 0.499885 0.376695
-0.109633 0.499497 0.376620
-0.111252 0.499090 0.376556
-0.111861 0.498332 0.376753
-0.114072 0.497025 0.377209
-0.114602 0.496341 0.377418
-0.116368 0.495607 0.377870
-0.117107 0.496087 0.377805
-0.117990 0.496249 0.377800
-0.118912 0.496213 0.377841
-0.119969 0.496076 0.377900
-0.121125 0.495868 0.377966
-0.122517 0.495560 0.378034
-0.123937 0.495201 0.378102
-0.125222 0.494864 0.378177
-0.126749 0.494446 0.378268
-0.128098 0.494063 0.378363
-0.129495 0.493664 0.378474
-0.130921 0.493246 0.378598
-0.132555 0.492742 0.378743
-0.133332 0.492509 0.378837
-0.134460 0.492029 0.378830
-0.136451 0.491371 0.379018
-0.138198 0.490784 0.379205
-0.139684 0.490267 0.379395
-0.141374 0.489662 0.379632
-0.142390 0.489305 0.379803
-0.143023 0.488729 0.379890
-0.143794 0.488281 0.380040
-0.144457 0.487597 0.380151
-0.145250 0.487078 0.380319
-0.146138 0.486146 0.380480
-0.146928 0.485626 0.380656
-0.147822 0.484679 0.380830
-0.148396 0.483768 0.381077
-0.149017 0.483004 0.381357
-0.150308 0.481541 0.381866
-0.150843 0.480686 0.382132
-0.151803 0.479608 0.382616
-0.152580 0.478919 0.382934
-0.152706 0.478919 0.382972
-0.153245 0.478532 0.383083
-0.153377 0.478497 0.383120
-0.153951 0.477910 0.383265
-0.154111 0.477828 0.383313
-0.154810 0.477053 0.383508
-0.154992 0.476941 0.383564
-0.155918 0.475919 0.383825
-0.156111 0.475796 0.383884
-0.156315 0.475558 0.383947
-0.157934 0.473033 0.384828
-0.158369 0.472746 0.385033
-0.158533 0.472566 0.385100
-0.159700 0.470588 0.385834
-0.160219 0.470275 0.386143
-0.160303 0.470182 0.386187
-0.161215 0.468429 0.386878
-0.161480 0.468265 0.387092
-0.161496 0.468303 0.387180
-0.161526 0.468369 0.387198
-0.161606 0.468265 0.387244
-0.161671 0.468272 0.387272
-0.161975 0.467829 0.387393
-0.162076 0.467788 0.387432
-0.162510 0.467182 0.387593
-0.162643 0.467102 0.387643
-0.163216 0.466340 0.387845
-0.163373 0.466233 0.387902
-0.164161 0.465242 0.388165
-0.164331 0.465127 0.388224
-0.165078 0.464197 0.388470
-0.165265 0.464061 0.388534
-0.166216 0.462909 0.388841
-0.166409 0.462771 0.388906
-0.167397 0.461589 0.389222
-0.167595 0.461444 0.389289
-0.168318 0.460549 0.389528
-0.168775 0.459628 0.389821
-0.169655 0.458376 0.390377
-0.170307 0.457486 0.390753
-0.170727 0.456606 0.391069
-0.171497 0.455504 0.391633
-0.171961 0.454889 0.391976
-0.172303 0.454099 0.392282
-0.173074 0.453048 0.392965
-0.173208 0.452890 0.393147
-0.173455 0.452188 0.393428
-0.174008 0.451333 0.394058
-0.173924 0.451417 0.394200
-0.173895 0.451783 0.394237
-0.173802 0.451815 0.394226
-0.173884 0.451983 0.394285
-0.173897 0.451781 0.394304
-0.174081 0.451699 0.394393
-0.174247 0.451252 0.394471
-0.174342 0.451180 0.394512
-0.174201 0.451878 0.394279
-0.174106 0.452304 0.393762
-0.174259 0.452145 0.393794
-0.174171 0.452732 0.393572
-0.174289 0.452784 0.393161
-0.174501 0.452534 0.393200
-0.174461 0.453022 0.392999
-0.175023 0.452329 0.392715
-0.175612 0.451597 0.392886
-0.177004 0.449443 0.393346
-0.177313 0.449092 0.393457
-0.178702 0.447149 0.393946
-0.178999 0.446843 0.394053
-0.180310 0.445084 0.394517
-0.180590 0.444808 0.394619
-0.182031 0.442915 0.395130
-0.182287 0.442673 0.395223
-0.183415 0.441161 0.395629
-0.183903 0.440703 0.395808
-0.184739 0.439508 0.396112
-0.185206 0.439046 0.396286
-0.186341 0.437409 0.396700
-0.187354 0.435594 0.397070
-0.188083 0.434068 0.397344
-0.188825 0.432394 0.397631
-0.189397 0.430984 0.397857
-0.189920 0.429589 0.398070
-0.190406 0.428217 0.398272
-0.190938 0.426710 0.398494
-0.191440 0.425273 0.398705
-0.191846 0.424018 0.398880
-0.191913 0.423745 0.398909
-0.192433 0.422759 0.399130
-0.192523 0.422487 0.399168
-0.193224 0.421356 0.399453
-0.193321 0.421090 0.399492
-0.194052 0.419965 0.399780
-0.194152 0.419697 0.399820
-0.194896 0.418561 0.400109
-0.194997 0.418291 0.400149
-0.195523 0.417451 0.400355
-0.195976 0.416470 0.400632
-0.196411 0.415490 0.400918
-0.197447 0.413892 0.401558
-0.197917 0.412929 0.401875
-0.198656 0.411388 0.402417
-0.199492 0.410609 0.402970
-0.199745 0.410179 0.403121
-0.199824 0.409505 0.403182
-0.199878 0.408678 0.403232
-0.199954 0.407753 0.403290
-0.200059 0.406764 0.403356
-0.200167 0.405821 0.403422
-0.200290 0.404811 0.403494
-0.200429 0.403760 0.403571
-0.200584 0.402677 0.403654
-0.200753 0.401568 0.403742
-0.200969 0.400314 0.403847
-0.201165 0.399201 0.403940
-0.201399 0.397927 0.404050
-0.201603 0.396795 0.404145
-0.201804 0.395628 0.404241
-0.204407 0.390390 0.405031
-0.204438 0.389724 0.405064
-0.204439 0.388911 0.405098
-0.204435 0.388705 0.405104
-0.204627 0.388008 0.405190
-0.204644 0.387808 0.405200
-0.204925 0.387112 0.405302
-0.204952 0.386908 0.405314
-0.205280 0.386181 0.405424
-0.205313 0.385971 0.405437
-0.205619 0.385300 0.405536
-0.205693 0.384871 0.405565
-0.205963 0.384358 0.405649
-0.206207 0.383338 0.405731
-0.206347 0.382270 0.405819
-0.206357 0.382031 0.405834
-0.206374 0.381233 0.405760
-0.206372 0.381001 0.405765
-0.206344 0.380236 0.405667
-0.206335 0.380010 0.405671
-0.206283 0.379184 0.405565
-0.206273 0.378974 0.405570
-0.206212 0.378292 0.405462
-0.206196 0.378079 0.405463
-0.206111 0.377323 0.405345
-0.206095 0.377122 0.405348
-0.206012 0.376485 0.405232
-0.205991 0.376280 0.405232
-0.205892 0.375640 0.405109
-0.205869 0.375437 0.405108
-0.205752 0.374732 0.404980
-0.205730 0.374539 0.404981
-0.205625 0.373939 0.404858
-0.205577 0.373560 0.404857
-0.205475 0.373067 0.404732
-0.205451 0.372879 0.404730
-0.205335 0.372300 0.404600
-0.205308 0.372106 0.404597
-0.205169 0.371453 0.404461
-0.205144 0.371267 0.404461
-0.205022 0.370702 0.404333
-0.204994 0.370511 0.404331
-0.204862 0.369934 0.404198
-0.204832 0.369742 0.404195
-0.204680 0.369103 0.404057
-0.204653 0.368920 0.404056
-0.204509 0.368310 0.403922
-0.204372 0.367523 0.403938
-0.204254 0.366797 0.403965
-0.204227 0.366610 0.403970
-0.204263 0.366123 0.404023
-0.204253 0.365946 0.404032
-0.204354 0.365451 0.404102
-0.204349 0.365284 0.404111
-0.204458 0.364860 0.404174
-0.204452 0.364532 0.404193
-0.204554 0.364244 0.404247
-0.204554 0.363799 0.404277
-0.204669 0.363584 0.404329
-0.204675 0.363274 0.404349
-0.204793 0.363010 0.404403
-0.204798 0.362692 0.404424
-0.204915 0.362422 0.404478
-0.204920 0.362103 0.404499
-0.205059 0.361798 0.404562
-0.205060 0.361638 0.404572
-0.205208 0.361210 0.404643
-0.205206 0.361050 0.404651
-0.205323 0.360659 0.404711
-0.205320 0.360494 0.404720
-0.205435 0.360094 0.404779
-0.205433 0.359929 0.404788
-0.205561 0.359495 0.404855
-0.205557 0.359336 0.404863
-0.205664 0.358954 0.404918
-0.205653 0.358641 0.404934
-0.205764 0.358357 0.404986
-0.205760 0.358202 0.404994
-0.205833 0.357925 0.405031
-0.205942 0.357487 0.403391
-0.205998 0.357085 0.402601
-0.206106 0.356948 0.402291
-0.206244 0.356562 0.400512
-0.206364 0.356126 0.399453
-0.206548 0.356096 0.399197
-0.206632 0.355737 0.399140
-0.206721 0.355708 0.399152
-0.206768 0.355297 0.399180
-0.206879 0.355238 0.399211
-0.206894 0.354881 0.399234
-0.207017 0.354760 0.399273
-0.207017 0.354488 0.399287
-0.207145 0.354276 0.399333
-0.207142 0.354131 0.399340
-0.207252 0.353814 0.399387
-0.207246 0.353662 0.399393
-0.207346 0.353325 0.399440
-0.207327 0.353029 0.399454
-0.207428 0.352788 0.399497
-0.207374 0.352173 0.399529
-0.207243 0.351538 0.399551
-0.207090 0.350916 0.399569
-0.207161 0.350796 0.399602
-0.207382 0.350888 0.399638
-0.207626 0.351039 0.399670
-0.207901 0.351226 0.399703
-0.208189 0.351430 0.399736
-0.208485 0.351641 0.399769
-0.208786 0.351857 0.399801
-0.209090 0.352076 0.399833
-0.209428 0.352320 0.399867
-0.209721 0.352529 0.399896
-0.210057 0.352771 0.399929
-0.210382 0.353003 0.399959
-0.210705 0.353233 0.399989
-0.210997 0.353441 0.400016
-0.211339 0.353686 0.400046
-0.211674 0.353924 0.400074
-0.211975 0.354137 0.400100
-0.212293 0.354363 0.400127
-0.212621 0.354596 0.400153
-0.212991 0.354858 0.400181
-0.213312 0.355082 0.400205
-0.213646 0.355316 0.400230
-0.213988 0.355555 0.400255
-0.214336 0.355798 0.400279
-0.214725 0.356068 0.400304
-0.215062 0.356299 0.400326
-0.215412 0.356540 0.400348
-0.215808 0.356812 0.400371
-0.216152 0.357046 0.400391
-0.216511 0.357290 0.400412
-0.216918 0.357566 0.400433
-0.217271 0.357803 0.400452
-0.217640 0.358051 0.400470
-0.218058 0.358332 0.400489
-0.218421 0.358573 0.400506
-0.218841 0.358852 0.400524
-0.219208 0.359093 0.400540
-0.219592 0.359346 0.400555
-0.219986 0.359605 0.400570
-0.220387 0.359867 0.400584
-0.220794 0.360132 0.400598
-0.221249 0.360427 0.400611
-0.221642 0.360678 0.400623
-0.222095 0.360968 0.400634
-0.222490 0.361218 0.400644
-0.222948 0.361509 0.400654
-0.223349 0.361761 0.400663
-0.223816 0.362055 0.400671
-0.224224 0.362309 0.400678
-0.224698 0.362604 0.400684
-0.225114 0.362860 0.400690
-0.225549 0.363128 0.400695
-0.226045 0.363433 0.400698
-0.226523 0.363723 0.400700
-0.226949 0.363979 0.400703
-0.227397 0.364249 0.400705
-0.227909 0.364557 0.400704
-0.228355 0.364821 0.400704
-0.228819 0.365096 0.400702
-0.229295 0.365377 0.400700
-0.229834 0.365693 0.400695
-0.230350 0.365992 0.400689
-0.230808 0.366255 0.400684
-0.231343 0.366563 0.400676
-0.231813 0.366830 0.400669
-0.232304 0.367109 0.400661
-0.232867 0.367428 0.400649
-0.233354 0.367700 0.400639
-0.233918 0.368015 0.400624
-0.234411 0.368286 0.400612
-0.234926 0.368569 0.400599
-0.235454 0.368859 0.400583
-0.236052 0.369184 0.400563
-0.236626 0.369493 0.400542
-0.237192 0.369794 0.400521
-0.237699 0.370062 0.400503
-0.238234 0.370345 0.400483
-0.238850 0.370670 0.400456
-0.239445 0.370979 0.400429
-0.239973 0.371251 0.400406
-0.240529 0.371536 0.400381
-0.241101 0.371829 0.400354
-0.241752 0.372159 0.400319
-0.242312 0.372440 0.400289
-0.242961 0.372764 0.400252
-0.243591 0.373075 0.400215
-0.244150 0.373348 0.400183
-0.244738 0.373635 0.400148
-0.245345 0.373929 0.400111
-0.245962 0.374227 0.400072
-0.246661 0.374561 0.400024
-0.247262 0.374843 0.399983
-0.247956 0.375169 0.399933
-0.248629 0.375480 0.399883
-0.249294 0.375786 0.399832
-0.249959 0.376089 0.399781
-0.250556 0.376359 0.399736
-0.251017 0.376565 0.399704
-0.252021 0.374318 0.400207
-0.253061 0.373943 0.400382
-0.253928 0.372173 0.400800
-0.256016 0.371561 0.401128
-0.257148 0.372064 0.401088
-0.258164 0.372529 0.401014
-0.259009 0.372891 0.400940
-0.259700 0.373176 0.400879
-0.260399 0.373460 0.400815
-0.260914 0.373667 0.400771
-0.261586 0.371858 0.401171
-0.262759 0.370952 0.401457
-0.263978 0.368582 0.402052
-0.265705 0.368313 0.402263
-0.267031 0.368829 0.402200
-0.268026 0.369226 0.402113
-0.268792 0.369515 0.402039
-0.269545 0.369790 0.401962
-0.270292 0.370059 0.401884
-0.271040 0.370325 0.401804
-0.271876 0.370617 0.401710
-0.271754 0.371673 0.401467
-0.271446 0.374049 0.400784
-0.271761 0.374196 0.400680
-0.272365 0.374378 0.400592
-0.272990 0.374582 0.400517
-0.273687 0.374816 0.400436
-0.274425 0.375065 0.400351
-0.275273 0.375349 0.400248
-0.276091 0.375619 0.400148
-0.276815 0.375856 0.400061
-0.277574 0.376103 0.399969
-0.278354 0.376355 0.399874
-0.279238 0.376637 0.399761
-0.279998 0.376876 0.399665
-0.280876 0.377149 0.399551
-0.281637 0.377383 0.399453
-0.282428 0.377625 0.399351
-0.283330 0.377897 0.399231
-0.284108 0.378129 0.399128
-0.284914 0.378367 0.399021
-0.285736 0.378608 0.398911
-0.286667 0.378877 0.398782
-0.287464 0.379103 0.398673
-0.288288 0.379336 0.398560
-0.289225 0.379597 0.398427
-0.290031 0.379818 0.398314
-0.290962 0.380071 0.398181
-0.291769 0.380288 0.398066
-0.292607 0.380511 0.397948
-0.293463 0.380737 0.397825
-0.294433 0.380988 0.397682
-0.295360 0.381224 0.397544
-0.296173 0.381429 0.397425
-0.297024 0.381642 0.397301
-0.297896 0.381858 0.397173
-0.298781 0.382075 0.397042
-0.299676 0.382291 0.396909
-0.300681 0.382529 0.396754
-0.301539 0.382729 0.396624
-0.302527 0.382957 0.396471
-0.304381 0.383335 0.396115
-0.304814 0.383435 0.396068
-0.305472 0.383590 0.395985
-0.306252 0.383769 0.395878
