-0.080727 0.886065 0.407064
-0.080736 0.885941 0.407086
-0.080746 0.885905 0.407091
-0.083212 0.884262 0.407254
-0.082740 0.883259 0.407562
-0.082073 0.882540 0.407762
-0.080261 0.880528 0.408219
-0.080974 0.880545 0.408178
-0.081772 0.880621 0.408119
-0.081999 0.880628 0.408102
-0.082712 0.880648 0.408054
-0.082928 0.880646 0.408039
-0.083556 0.880612 0.408004
-0.084435 0.880677 0.407934
-0.085299 0.880779 0.407854
-0.086293 0.880956 0.407750
-0.087567 0.881343 0.407575
-0.087739 0.881345 0.407553
-0.087750 0.881180 0.407574
-0.087707 0.880992 0.407606
-0.088582 0.880525 0.407608
-0.089398 0.880071 0.407628
-0.090589 0.878950 0.407822
-0.091446 0.878321 0.407877
-0.092203 0.877722 0.407946
-0.092715 0.875649 0.408443
-0.092545 0.875398 0.408513
-0.092100 0.874227 0.408805
-0.091987 0.874055 0.408845
-0.092009 0.873343 0.408982
-0.091899 0.873086 0.409033
-0.092141 0.872578 0.409106
-0.092131 0.872477 0.409122
-0.092558 0.872064 0.409159
-0.092573 0.871980 0.409169
-0.093108 0.871598 0.409187
-0.094001 0.871085 0.409195
-0.094831 0.870586 0.409220
-0.096021 0.869183 0.409457
-0.096841 0.868530 0.409511
-0.097580 0.867904 0.409578
-0.098409 0.866296 0.409892
-0.099842 0.864844 0.410071
-0.100132 0.864253 0.410180
-0.100001 0.862292 0.410631
-0.099601 0.861705 0.410771
-0.099189 0.860587 0.411007
-0.099074 0.860386 0.411047
-0.099066 0.859580 0.411182
-0.099015 0.859429 0.411207
-0.099228 0.858749 0.411298
-0.099210 0.858637 0.411313
-0.099614 0.858190 0.411349
-0.099630 0.858095 0.411359
-0.100159 0.857680 0.411377
-0.100182 0.857602 0.411383
-0.100749 0.857290 0.411381
-0.100792 0.857216 0.411385
-0.101413 0.856929 0.411375
-0.101493 0.856797 0.411380
-0.102098 0.856550 0.411362
-0.102150 0.856486 0.411363
-0.102855 0.856211 0.411337
-0.102901 0.856150 0.411337
-0.103600 0.855882 0.411306
-0.103647 0.855822 0.411306
-0.104351 0.855556 0.411272
-0.104399 0.855496 0.411272
-0.105108 0.855230 0.411236
-0.105157 0.855170 0.411235
-0.105829 0.854924 0.411200
-0.105932 0.854802 0.411199
-0.106580 0.854572 0.411162
-0.106641 0.854510 0.411161
-0.107417 0.854217 0.411110
-0.108223 0.854114 0.411026
-0.109114 0.854113 0.410920
-0.109334 0.854103 0.410897
-0.109574 0.854058 0.410879
-0.112307 0.852365 0.410976
-0.112784 0.851933 0.411050
-0.112894 0.851739 0.411088
-0.115097 0.849556 0.411377
-0.115261 0.849222 0.411450
-0.115372 0.848626 0.411587
-0.117215 0.846173 0.411975
-0.117311 0.845787 0.412064
-0.116681 0.844181 0.412481
-0.116680 0.843984 0.412521
-0.116360 0.843012 0.412720
-0.116436 0.842883 0.412736
-0.116539 0.842289 0.412819
-0.116666 0.842189 0.412823
-0.116955 0.841715 0.412863
-0.117110 0.841635 0.412860
-0.117508 0.841186 0.412876
-0.117673 0.841121 0.412868
-0.118130 0.840774 0.412862
-0.118313 0.840712 0.412852
-0.118821 0.840382 0.412835
-0.119196 0.840274 0.412811
-0.119582 0.839991 0.412790
-0.119768 0.839934 0.412777
-0.119975 0.839839 0.412767
-0.122664 0.837643 0.412985
-0.122831 0.837415 0.413025
-0.123815 0.836650 0.413093
-0.125273 0.834616 0.413444
-0.125397 0.834044 0.413573
-0.126222 0.833243 0.413667
-0.127377 0.831437 0.413984
-0.127343 0.830193 0.414286
-0.126940 0.829512 0.414450
-0.126885 0.828866 0.414577
-0.126707 0.828432 0.414656
-0.126929 0.828011 0.414707
-0.126937 0.827789 0.414734
-0.127335 0.827452 0.414750
-0.127402 0.827188 0.414771
-0.127862 0.826932 0.414764
-0.127962 0.826770 0.414769
-0.128504 0.826524 0.414751
-0.128576 0.826442 0.414751
-0.129487 0.825769 0.414796
-0.131573 0.823920 0.415052
-0.131578 0.823705 0.415095
-0.132402 0.822910 0.415185
-0.134039 0.820661 0.415587
-0.133866 0.820155 0.415705
-0.133773 0.819330 0.415874
-0.133719 0.819174 0.415901
-0.133905 0.818530 0.415989
-0.133896 0.818417 0.416002
-0.134306 0.817993 0.416028
-0.134334 0.817894 0.416035
-0.134865 0.817530 0.416036
-0.134910 0.817440 0.416039
-0.135535 0.817081 0.416021
-0.135580 0.816999 0.416021
-0.136233 0.816666 0.415990
-0.136282 0.816587 0.415990
-0.136958 0.816261 0.415951
-0.137011 0.816183 0.415949
-0.137660 0.815882 0.415912
-0.137725 0.815800 0.415909
-0.138624 0.815099 0.415964
-0.140694 0.813210 0.416232
-0.140705 0.812994 0.416274
-0.141525 0.812176 0.416374
-0.143166 0.809914 0.416789
-0.143104 0.809650 0.416850
-0.143858 0.808780 0.416971
-0.145320 0.806630 0.417379
-0.145023 0.805779 0.417586
-0.144975 0.805202 0.417710
-0.144679 0.804576 0.417834
-0.144839 0.804244 0.417880
-0.144839 0.803904 0.417925
-0.145194 0.803605 0.417946
-0.145264 0.803348 0.417966
-0.145711 0.803115 0.417962
-0.145817 0.802952 0.417967
-0.146397 0.802698 0.417948
-0.146457 0.802619 0.417948
-0.147105 0.802337 0.417921
-0.147994 0.801664 0.417990
-0.148823 0.801006 0.418071
-0.150094 0.799519 0.418331
-0.150909 0.798732 0.418441
-0.151656 0.797977 0.418558
-0.152540 0.796189 0.418931
-0.153293 0.795355 0.419061
-0.153984 0.794559 0.419195
-0.154540 0.792469 0.419667
-0.154432 0.792252 0.419715
-0.154371 0.791508 0.419862
-0.154328 0.791362 0.419886
-0.154545 0.790806 0.419962
-0.154546 0.790699 0.419974
-0.154978 0.790293 0.420000
-0.155006 0.790202 0.420005
-0.155531 0.789881 0.420006
-0.155613 0.789711 0.420012
-0.156111 0.789470 0.420001
-0.156233 0.789301 0.420002
-0.156826 0.789045 0.419979
-0.156891 0.788963 0.419977
-0.157584 0.788657 0.419942
-0.157642 0.788575 0.419940
-0.158283 0.788282 0.419907
-0.158351 0.788195 0.419905
-0.159012 0.787889 0.419868
-0.159133 0.787720 0.419862
-0.159747 0.787449 0.419821
-0.159816 0.787362 0.419817
-0.160535 0.787031 0.419765
-0.160597 0.786945 0.419761
-0.161254 0.786632 0.419715
-0.161326 0.786541 0.419711
-0.162048 0.786191 0.419653
-0.162110 0.786102 0.419649
-0.162771 0.785777 0.419598
-0.162843 0.785684 0.419593
-0.163570 0.785323 0.419529
-0.163633 0.785232 0.419524
-0.164344 0.784872 0.419458
-0.164407 0.784782 0.419452
-0.165072 0.784444 0.419395
-0.165145 0.784349 0.419389
-0.165880 0.783974 0.419316
-0.165944 0.783882 0.419310
-0.166664 0.783509 0.419235
-0.166728 0.783416 0.419229
-0.167448 0.783040 0.419152
-0.167512 0.782946 0.419145
-0.168185 0.782595 0.419078
-0.168318 0.782407 0.419064
-0.168892 0.782123 0.419005
-0.169094 0.781854 0.418981
-0.169655 0.781598 0.418917
-0.169862 0.781338 0.418890
-0.170432 0.781088 0.418824
-0.170647 0.780836 0.418794
-0.171141 0.780647 0.418738
-0.171424 0.780409 0.418702
-0.172056 0.780214 0.418623
-0.172251 0.780058 0.418598
-0.172918 0.779846 0.418516
-0.173119 0.779687 0.418489
-0.173875 0.779456 0.418387
-0.173971 0.779375 0.418374
-0.174832 0.779085 0.418253
-0.174916 0.779004 0.418241
-0.175682 0.778722 0.418140
-0.175852 0.778561 0.418114
-0.176576 0.778318 0.418011
-0.176670 0.778234 0.417998
-0.177456 0.777948 0.417891
-0.177631 0.777787 0.417864
-0.178363 0.777541 0.417756
-0.178459 0.777457 0.417741
-0.179320 0.777151 0.417610
-0.179406 0.777068 0.417597
-0.180179 0.776774 0.417484
-0.180354 0.776610 0.417456
-0.181089 0.776356 0.417341
-0.181185 0.776270 0.417326
-0.182054 0.775956 0.417187
-0.182142 0.775871 0.417172
-0.182922 0.775571 0.417052
-0.183021 0.775481 0.417036
-0.183825 0.775171 0.416911
-0.183926 0.775081 0.416894
-0.184810 0.774748 0.416742
-0.184900 0.774661 0.416726
-0.185691 0.774349 0.416596
-0.185875 0.774178 0.416562
-0.186626 0.773909 0.416431
-0.187297 0.773182 0.416107
-0.187879 0.773122 0.416042
-0.187964 0.773059 0.416036
-0.188534 0.772869 0.415978
-0.190604 0.771144 0.416255
-0.190860 0.770822 0.416342
-0.191463 0.770165 0.416580
-0.191480 0.770065 0.416614
-0.191924 0.769775 0.416670
-0.191970 0.769694 0.416681
-0.192597 0.769428 0.416653
-0.192657 0.769352 0.416652
-0.193323 0.769090 0.416584
-0.193406 0.769007 0.416577
-0.194203 0.768715 0.416466
-0.194453 0.768405 0.416409
-0.195214 0.767669 0.416514
-0.196538 0.765709 0.417039
-0.197217 0.764917 0.417209
-0.197861 0.764170 0.417378
-0.197321 0.762842 0.418127
-0.197178 0.762706 0.418208
-0.195758 0.762385 0.418606
-0.195643 0.762277 0.418654
-0.194562 0.762033 0.418893
-0.194363 0.761820 0.418967
-0.193493 0.761651 0.419123
-0.193190 0.761344 0.419214
-0.192350 0.761197 0.419344
-0.192074 0.760890 0.419422
-0.191840 0.760852 0.419455
-0.192896 0.759424 0.419741
-0.193144 0.758090 0.420168
-0.192876 0.757987 0.420252
-0.193360 0.757177 0.420444
-0.193506 0.754832 0.421333
-0.193364 0.754682 0.421408
-0.193162 0.754232 0.421667
-0.193125 0.754140 0.421700
-0.193406 0.753861 0.421796
-0.193425 0.753782 0.421811
-0.193944 0.753536 0.421826
-0.193991 0.753458 0.421831
-0.194588 0.753213 0.421806
-0.194659 0.753130 0.421805
-0.195384 0.752864 0.421746
-0.195455 0.752782 0.421741
-0.196202 0.752507 0.421663
-0.196278 0.752423 0.421656
-0.197047 0.752136 0.421567
-0.197125 0.752050 0.421558
-0.197669 0.751815 0.421505
-0.199789 0.749940 0.421813
-0.200067 0.749586 0.421890
-0.200677 0.748991 0.422022
-0.202627 0.746997 0.422458
-0.202846 0.746627 0.422566
-0.203296 0.746013 0.422771
-0.205121 0.744004 0.423269
-0.205077 0.742956 0.423772
-0.204567 0.742549 0.424010
-0.204214 0.742179 0.424154
-0.203926 0.741772 0.424259
-0.203734 0.741365 0.424326
-0.203621 0.740974 0.424368
-0.203495 0.740527 0.424403
-0.203393 0.740084 0.424429
-0.203306 0.739638 0.424449
-0.203248 0.739219 0.424465
-0.203257 0.739105 0.424469
-0.202562 0.738780 0.424519
-0.202530 0.738658 0.424529
-0.201785 0.738334 0.424593
-0.201673 0.738081 0.424619
-0.200845 0.737791 0.424691
-0.200779 0.737658 0.424706
-0.201496 0.736764 0.424854
-0.202214 0.734981 0.425304
-0.202155 0.734729 0.425374
-0.202842 0.733749 0.425572
-0.203211 0.731636 0.426233
-0.202942 0.731242 0.426375
-0.201877 0.730918 0.426584
-0.201570 0.730646 0.426667
-0.200581 0.730397 0.426806
-0.199881 0.729842 0.426957
-0.199435 0.729315 0.427068
-0.199167 0.728848 0.427138
-0.199016 0.728425 0.427181
-0.198887 0.727984 0.427215
-0.198885 0.727866 0.427222
-0.199221 0.727570 0.427225
-0.201274 0.725573 0.427606
-0.201545 0.725194 0.427688
-0.202127 0.724567 0.427825
-0.204137 0.722475 0.428287
-0.204383 0.722085 0.428386
-0.204805 0.721579 0.428518
-0.206847 0.719377 0.429038
-0.207084 0.718974 0.429150
-0.207522 0.718161 0.429458
-0.207511 0.718054 0.429488
-0.207830 0.717760 0.429581
-0.207853 0.717671 0.429594
-0.208350 0.717416 0.429623
-0.208396 0.717329 0.429629
-0.208991 0.717073 0.429624
-0.209048 0.716985 0.429625
-0.209696 0.716722 0.429600
-0.209868 0.716388 0.429581
-0.209891 0.716002 0.429578
-0.209838 0.715539 0.429580
-0.209766 0.715075 0.429586
-0.209707 0.714640 0.429596
-0.209682 0.714273 0.429606
-0.211535 0.712181 0.430028
-0.211913 0.711160 0.430267
-0.213684 0.708952 0.430774
-0.213975 0.708033 0.431022
-0.215856 0.705372 0.431700
-0.215541 0.704288 0.432042
-0.215284 0.703878 0.432130
-0.214464 0.703636 0.432209
-0.214244 0.703339 0.432248
-0.213383 0.703000 0.432310
-0.213031 0.702534 0.432357
-0.212170 0.702197 0.432402
-0.211939 0.701859 0.432430
-0.211068 0.701450 0.432472
-0.210826 0.701090 0.432498
-0.209938 0.700649 0.432537
-0.209569 0.700125 0.432572
-0.208698 0.699727 0.432602
-0.208461 0.699365 0.432625
-0.208217 0.699242 0.432634
-0.209516 0.696861 0.433104
-0.209615 0.695951 0.433265
-0.209164 0.695458 0.433355
-0.210455 0.692892 0.433887
-0.210535 0.692348 0.433991
-0.209472 0.691021 0.434236
-0.209297 0.690772 0.434266
-0.208013 0.689968 0.434356
-0.207857 0.689752 0.434374
-0.206530 0.688923 0.434438
-0.206413 0.688727 0.434451
-0.205243 0.687978 0.434494
-0.205142 0.687790 0.434504
-0.204047 0.687074 0.434535
-0.203510 0.686273 0.434569
-0.203128 0.685537 0.434595
-0.202764 0.684778 0.434614
-0.202514 0.684134 0.434628
-0.202229 0.683422 0.434640
-0.202013 0.682796 0.434650
-0.201928 0.682388 0.434660
-0.202173 0.682070 0.434666
-0.202239 0.681820 0.434672
-0.202570 0.681567 0.434676
-0.203412 0.680692 0.434849
-0.204690 0.679246 0.435134
-0.205577 0.678232 0.435333
-0.206397 0.677302 0.435529
-0.207168 0.676401 0.435715
-0.208460 0.674636 0.436096
-0.208471 0.674471 0.436117
-0.208780 0.674016 0.436171
-0.208817 0.673779 0.436186
-0.209192 0.673494 0.436201
-0.209237 0.673383 0.436205
-0.209769 0.673056 0.436210
-0.209818 0.672950 0.436212
-0.210378 0.672633 0.436208
-0.210431 0.672528 0.436210
-0.211009 0.672212 0.436200
-0.211065 0.672106 0.436201
-0.211611 0.671800 0.436193
-0.211676 0.671689 0.436193
-0.212247 0.671375 0.436181
-0.212366 0.671164 0.436180
-0.212836 0.670932 0.436167
-0.213013 0.670645 0.436162
-0.213471 0.670460 0.436145
-0.213699 0.670062 0.436126
-0.213677 0.669508 0.436111
-0.213575 0.668946 0.436108
-0.213568 0.668797 0.436110
-0.215698 0.665514 0.436752
-0.215703 0.665274 0.436784
-0.217680 0.661989 0.437471
-0.217695 0.661684 0.437522
-0.219561 0.658044 0.438316
-0.219091 0.657105 0.438465
-0.218644 0.656413 0.438524
-0.219320 0.655478 0.438720
-0.220619 0.652985 0.439233
-0.221975 0.651061 0.439664
-0.222603 0.649309 0.440033
-0.223921 0.647337 0.440480
-0.224442 0.645365 0.440899
-0.225098 0.644339 0.441128
-0.226136 0.641367 0.441776
-0.225704 0.640614 0.441861
-0.225298 0.639920 0.441898
-0.225045 0.639326 0.441914
-0.225020 0.639173 0.441919
-0.224288 0.638653 0.441915
-0.224231 0.638487 0.441919
-0.223486 0.637973 0.441916
-0.223330 0.637626 0.441924
-0.222516 0.637149 0.441917
-0.222430 0.636967 0.441921
-0.221481 0.636299 0.441918
-0.221401 0.636116 0.441923
-0.220469 0.635450 0.441920
-0.220390 0.635267 0.441924
-0.219464 0.634601 0.441920
-0.219386 0.634418 0.441924
-0.218572 0.633836 0.441919
-0.218481 0.633644 0.441922
-0.217626 0.633025 0.441915
-0.217439 0.632648 0.441922
-0.216711 0.632207 0.441911
-0.217323 0.631227 0.442113
-0.217930 0.630256 0.442308
-0.218120 0.628584 0.442610
-0.218765 0.627506 0.442841
-0.219381 0.626466 0.443058
-0.219436 0.624483 0.443425
-0.220057 0.623432 0.443655
-0.220656 0.622410 0.443873
-0.220602 0.620328 0.444262
-0.220514 0.620101 0.444281
-0.219634 0.619439 0.444304
-0.219431 0.619063 0.444315
-0.218701 0.618635 0.444305
-0.219302 0.617650 0.444518
-0.219896 0.616671 0.444724
-0.220115 0.615002 0.445033
-0.220758 0.613919 0.445275
-0.221370 0.612873 0.445501
-0.221587 0.611092 0.445844
-0.222217 0.609995 0.446092
-0.222818 0.608936 0.446323
-0.222833 0.606795 0.446720
-0.222754 0.606568 0.446737
-0.221936 0.605912 0.446747
-0.221749 0.605540 0.446754
-0.220950 0.605041 0.446731
-0.220864 0.604856 0.446732
-0.220091 0.604275 0.446705
-0.220005 0.604083 0.446706
-0.219229 0.603480 0.446674
-0.219062 0.603110 0.446673
-0.218304 0.602608 0.446636
-0.218223 0.602422 0.446635
-0.217473 0.601834 0.446600
-0.217389 0.601641 0.446599
-0.216628 0.601032 0.446561
-0.216542 0.600836 0.446559
-0.215776 0.600218 0.446519
-0.215610 0.599843 0.446515
-0.214970 0.599414 0.446478
-0.214875 0.599217 0.446476
-0.215507 0.598136 0.446699
-0.216372 0.595661 0.447203
-0.216348 0.595389 0.447228
-0.217017 0.594259 0.447473
-0.217946 0.591934 0.447983
-0.217920 0.591342 0.448052
-0.218570 0.590236 0.448300
-0.219484 0.587957 0.448820
-0.219410 0.587188 0.448908
-0.218832 0.586775 0.448906
-0.218577 0.586281 0.448905
-0.218093 0.586025 0.448878
-0.217719 0.585412 0.448862
-0.217245 0.585190 0.448829
-0.216888 0.584594 0.448810
-0.216557 0.584447 0.448786
-0.216333 0.584089 0.448774
-0.217507 0.582119 0.449221
-0.217870 0.580843 0.449494
-0.217868 0.580527 0.449531
-0.219490 0.577698 0.450190
-0.219601 0.576978 0.450344
-0.219582 0.576653 0.450384
-0.221150 0.573791 0.451056
-0.221244 0.573058 0.451214
-0.221173 0.572464 0.451282
-0.222680 0.569730 0.451940
-0.222775 0.569314 0.452037
-0.222762 0.568606 0.452141
-0.223940 0.566455 0.452663
-0.224519 0.565660 0.451904
-0.224827 0.565117 0.451228
-0.225033 0.564297 0.450528
-0.226282 0.562111 0.450724
-0.227267 0.560756 0.449160
-0.227407 0.560411 0.448695
-0.227449 0.560071 0.448400
-0.228993 0.557184 0.448653
-0.229401 0.556604 0.447779
-0.229658 0.555958 0.446543
-0.229669 0.555677 0.446237
-0.231135 0.552890 0.446478
-0.231518 0.552334 0.445601
-0.231690 0.551961 0.444844
-0.231743 0.551616 0.444361
-0.233195 0.548776 0.444371
-0.233547 0.548228 0.443469
-0.233685 0.547871 0.442698
-0.233702 0.547550 0.442209
-0.235054 0.544458 0.442326
-0.235230 0.544120 0.441447
-0.235229 0.543926 0.440691
-0.235131 0.543740 0.440216
-0.235918 0.541007 0.440465
-0.235639 0.541038 0.440513
-0.235889 0.540201 0.440814
-0.234457 0.539364 0.441851
-0.231443 0.541385 0.441898
-0.227887 0.544191 0.441548
-0.224000 0.547562 0.440803
-0.220061 0.551233 0.439730
-0.219497 0.551901 0.439558
-0.216745 0.554914 0.438635
-0.215832 0.556176 0.438305
-0.213623 0.558866 0.437439
-0.213279 0.559404 0.437299
-0.211668 0.561589 0.436617
-0.211744 0.561195 0.436751
-0.211868 0.560924 0.436934
-0.211221 0.561523 0.436889
-0.211303 0.561065 0.437058
-0.211374 0.560780 0.437355
-0.210458 0.561815 0.437135
-0.210502 0.561387 0.437293
-0.210595 0.561106 0.437494
-0.209931 0.561725 0.437476
-0.209971 0.561276 0.437653
-0.210059 0.560986 0.437868
-0.209158 0.561984 0.437783
-0.209180 0.561557 0.437956
-0.209265 0.561275 0.438175
-0.208233 0.562593 0.438043
-0.208094 0.562968 0.437991
-0.207864 0.563492 0.437904
-0.208173 0.563983 0.435836
-0.208287 0.564228 0.435559
-0.208467 0.564533 0.435292
-0.209335 0.564894 0.432920
-0.209523 0.565060 0.432771
-0.209703 0.565119 0.432702
-0.210863 0.565094 0.430435
-0.211322 0.565282 0.430245
-0.211833 0.565332 0.430212
-0.212243 0.565428 0.430345
-0.212478 0.565251 0.430423
-0.212847 0.565172 0.430578
-0.213112 0.564801 0.430681
-0.213364 0.564685 0.430793
-0.213697 0.564199 0.430935
-0.214087 0.563975 0.431108
-0.214401 0.563433 0.431242
-0.214795 0.563166 0.431418
-0.215063 0.562687 0.431536
-0.215592 0.562273 0.431773
-0.215774 0.561912 0.431853
-0.216418 0.561320 0.432141
-0.216507 0.561126 0.432180
-0.217258 0.560321 0.432514
-0.217339 0.560120 0.432549
-0.218067 0.559284 0.432874
-0.218147 0.559079 0.432909
-0.218875 0.558222 0.433232
-0.218956 0.558014 0.433267
-0.219608 0.557247 0.433557
-0.219699 0.557029 0.433597
-0.220467 0.556121 0.433933
-0.220552 0.555906 0.433970
-0.221221 0.555108 0.434262
-0.221316 0.554885 0.434303
-0.222012 0.554061 0.434604
-0.222110 0.553834 0.434645
-0.222818 0.552993 0.434948
-0.222918 0.552762 0.434990
-0.223724 0.551789 0.435328
-0.223815 0.551564 0.435365
-0.224591 0.550609 0.435687
-0.224680 0.550386 0.435723
-0.225362 0.549554 0.436006
-0.225460 0.549324 0.436045
-0.226259 0.548355 0.436368
-0.226350 0.548129 0.436404
-0.227041 0.547290 0.436682
-0.227230 0.546842 0.436755
-0.227904 0.546080 0.437020
-0.228003 0.545853 0.437058
-0.228721 0.545010 0.437338
-0.228917 0.544559 0.437411
-0.229500 0.543911 0.437635
-0.229716 0.543454 0.437715
-0.230430 0.542676 0.437980
-0.230536 0.542446 0.438018
-0.231276 0.541587 0.438291
-0.231479 0.541129 0.438362
-0.232074 0.540470 0.438578
-0.232296 0.540005 0.438654
-0.232913 0.539339 0.438874
-0.233234 0.538679 0.438980
-0.233829 0.538071 0.439184
-0.234145 0.537428 0.439286
-0.234616 0.536958 0.439447
-0.234967 0.536299 0.439560
-0.235587 0.535696 0.439763
-0.235915 0.535054 0.439863
-0.236394 0.534584 0.440019
-0.236753 0.533923 0.440128
-0.237250 0.533445 0.440286
-0.237622 0.532777 0.440395
-0.238128 0.532293 0.440551
-0.238508 0.531618 0.440659
-0.239156 0.530998 0.440847
-0.239404 0.530531 0.440914
-0.240184 0.529730 0.441132
-0.240303 0.529491 0.441163
-0.241209 0.528472 0.441405
-0.241318 0.528232 0.441431
-0.242085 0.527339 0.441632
-0.242201 0.527092 0.441659
-0.242990 0.526178 0.441859
-0.243109 0.525928 0.441885
-0.244024 0.524868 0.442099
-0.244136 0.524623 0.442121
-0.244918 0.523707 0.442300
-0.245038 0.523455 0.442323
-0.245845 0.522522 0.442500
-0.245969 0.522268 0.442522
-0.246908 0.521188 0.442709
-0.247024 0.520939 0.442727
-0.247216 0.520695 0.442770
-0.248618 0.519618 0.440183
-0.248812 0.519397 0.440069
-0.249071 0.519184 0.440027
-0.250412 0.518333 0.437489
-0.250871 0.517925 0.437167
-0.251142 0.517759 0.437114
-0.252490 0.517014 0.434534
-0.252736 0.516815 0.434329
-0.253958 0.516141 0.434099
-0.254131 0.515926 0.434094
-0.255242 0.515020 0.434168
-0.255371 0.514792 0.434171
-0.256207 0.513947 0.434245
-0.256445 0.513479 0.434251
-0.257222 0.512695 0.434310
-0.257342 0.512456 0.434313
-0.257536 0.512223 0.434336
-0.258583 0.511327 0.431798
-0.258778 0.511103 0.431587
-0.259038 0.510895 0.431472
-0.260231 0.510108 0.428714
-0.260649 0.509727 0.428336
-0.260905 0.509574 0.428256
-0.262056 0.508905 0.425533
-0.262272 0.508720 0.425304
-0.263392 0.508120 0.424970
-0.263548 0.507918 0.424948
-0.264323 0.507302 0.424945
-0.264779 0.506262 0.425186
-0.265502 0.504572 0.425624
-0.266223 0.503606 0.425999
-0.266607 0.502614 0.426290
-0.266970 0.501662 0.426589
-0.267715 0.500490 0.427338
-0.267720 0.500421 0.427381
-0.267990 0.500441 0.427569
-0.268013 0.500365 0.427590
-0.268394 0.500245 0.427712
-0.268474 0.500037 0.427733
-0.268860 0.499854 0.427804
-0.269012 0.499703 0.426870
-0.269162 0.499474 0.426062
-0.270026 0.499143 0.424823
-0.270213 0.499005 0.423825
-0.270395 0.498787 0.422975
-0.271387 0.498483 0.421657
-0.271580 0.498347 0.420652
-0.271767 0.498131 0.419796
-0.272924 0.497821 0.418395
-0.273045 0.497695 0.418354
-0.273814 0.497307 0.418320
-0.274274 0.496554 0.418236
-0.274473 0.495679 0.418129
-0.274591 0.494742 0.418013
-0.274610 0.494540 0.417998
-0.275058 0.493859 0.417979
-0.275180 0.493458 0.417955
-0.275660 0.492945 0.417942
-0.275834 0.492536 0.417919
-0.276479 0.491911 0.417885
-0.276572 0.491701 0.417871
-0.277267 0.490971 0.417832
-0.277364 0.490751 0.417816
-0.278171 0.489886 0.417742
-0.278261 0.489666 0.417722
-0.279047 0.488794 0.417632
-0.279170 0.488570 0.416655
-0.279296 0.488268 0.415806
-0.280026 0.487672 0.414525
-0.280190 0.487474 0.413460
-0.280348 0.487200 0.412556
-0.281180 0.486715 0.411196
-0.281506 0.486415 0.409216
-0.281659 0.486231 0.408626
-0.282605 0.485847 0.407668
-0.282735 0.485693 0.407613
-0.283631 0.485154 0.407480
-0.284009 0.484131 0.407695
-0.284383 0.483119 0.407930
-0.285329 0.481606 0.408496
-0.285668 0.480606 0.408781
-0.285996 0.479640 0.409076
-0.286760 0.478531 0.409927
-0.286774 0.478479 0.409992
-0.287111 0.478666 0.410284
-0.287130 0.478609 0.410313
-0.287512 0.478583 0.410457
-0.287588 0.478406 0.410485
-0.287968 0.478296 0.410552
-0.288128 0.477986 0.410562
-0.288466 0.477850 0.410587
-0.288295 0.478799 0.410338
-0.287978 0.480034 0.409711
-0.288303 0.480010 0.409425
-0.288144 0.480903 0.409110
-0.287901 0.481804 0.408532
-0.288236 0.481746 0.408038
-0.287909 0.483266 0.407309
-0.287851 0.483468 0.407014
-0.288519 0.482686 0.406098
-0.288654 0.482321 0.405962
-0.289486 0.480866 0.405522
-0.289594 0.480523 0.405452
-0.290312 0.479290 0.405195
-0.290484 0.478718 0.405101
-0.291007 0.477954 0.404960
-0.291179 0.477449 0.404889
-0.291785 0.476686 0.404750
-0.291864 0.476458 0.404721
-0.292470 0.475711 0.404611
-0.292546 0.475495 0.404585
-0.293136 0.474813 0.404488
-0.293271 0.474422 0.404442
-0.293810 0.473897 0.404352
-0.293877 0.473710 0.404332
-0.294437 0.473144 0.404254
-0.294504 0.472959 0.404234
-0.294885 0.471766 0.404434
-0.296098 0.469426 0.404989
-0.296228 0.469151 0.405044
-0.297028 0.466887 0.405563
-0.297819 0.465652 0.406018
-0.298194 0.465120 0.406248
-0.298540 0.465124 0.406344
-0.298742 0.464894 0.406392
-0.299087 0.464857 0.406435
-0.299336 0.464536 0.406448
-0.299662 0.463478 0.406676
-0.300077 0.462556 0.406918
-0.300935 0.460937 0.407453
-0.301271 0.459874 0.407730
-0.301689 0.458965 0.408013
-0.302593 0.457512 0.408737
-0.302716 0.457544 0.408794
-0.303099 0.457435 0.408968
-0.303335 0.457508 0.409023
-0.303512 0.457364 0.409062
-0.304365 0.454840 0.409767
-0.304589 0.454527 0.409919
-0.304904 0.454056 0.410127
-0.305932 0.451165 0.411157
-0.306107 0.451027 0.411301
-0.306253 0.450862 0.411418
-0.307257 0.448034 0.412543
-0.307426 0.447927 0.412704
-0.307668 0.447735 0.412942
-0.308483 0.445220 0.414135
-0.308613 0.445166 0.414332
-0.308716 0.445084 0.414502
-0.309435 0.442620 0.416153
-0.309507 0.442712 0.416358
-0.309561 0.442739 0.416540
-0.310070 0.440591 0.418046
-0.310140 0.440640 0.418301
-0.310187 0.440659 0.418522
-0.310571 0.438656 0.420150
-0.310640 0.438947 0.420662
-0.310633 0.439078 0.420870
-0.310806 0.437372 0.422496
-0.310819 0.437521 0.422770
-0.310815 0.437635 0.423008
-0.310807 0.436253 0.424976
-0.310782 0.436539 0.425217
-0.310752 0.436752 0.425429
-0.310710 0.435435 0.427075
-0.310691 0.435667 0.427342
-0.310386 0.437133 0.428207
-0.310387 0.437498 0.428335
-0.310308 0.438790 0.428807
-0.310359 0.439065 0.428887
-0.310504 0.440073 0.429217
-0.310589 0.440255 0.429265
-0.310917 0.440743 0.429451
-0.311027 0.440847 0.429480
-0.311522 0.440977 0.429579
-0.311655 0.440780 0.429569
-0.311677 0.440557 0.429562
-0.311751 0.437819 0.430672
-0.311716 0.437668 0.430764
-0.311529 0.435170 0.432147
-0.311380 0.435102 0.432364
-0.311098 0.433140 0.433624
-0.310905 0.433092 0.433917
-0.310492 0.431371 0.435253
-0.310258 0.431452 0.435562
-0.309600 0.430170 0.437083
-0.308951 0.431543 0.437562
-0.308967 0.431814 0.437612
-0.309081 0.432573 0.437775
-0.309290 0.432893 0.437830
-0.309593 0.433076 0.437893
-0.309999 0.433292 0.437940
-0.310349 0.433180 0.437959
-0.310655 0.433194 0.437979
-0.311096 0.432866 0.437986
-0.311573 0.432766 0.438001
-0.311908 0.432383 0.437998
-0.312534 0.432110 0.438004
-0.312749 0.431778 0.437998
-0.313504 0.431289 0.437994
-0.313604 0.431100 0.437988
-0.314377 0.430437 0.437983
-0.314479 0.430227 0.437976
-0.315260 0.429487 0.437962
-0.315458 0.429057 0.437944
-0.316192 0.428372 0.437914
-0.316291 0.428148 0.437904
-0.317062 0.427342 0.437878
-0.317259 0.426888 0.437856
-0.317885 0.426266 0.437829
-0.318191 0.425611 0.437791
-0.318804 0.425040 0.437755
-0.319107 0.424394 0.437716
-0.319717 0.423827 0.437678
-0.320019 0.423181 0.437637
-0.320629 0.422615 0.437597
-0.320931 0.421969 0.437553
-0.321417 0.421523 0.437523
-0.321849 0.420687 0.437457
-0.322334 0.420271 0.437421
-0.322766 0.419446 0.437350
-0.323251 0.419034 0.437311
-0.323597 0.418374 0.437260
-0.324112 0.417919 0.437218
-0.324569 0.417071 0.437136
-0.324916 0.416777 0.437105
-0.325511 0.415760 0.436993
-0.325684 0.415620 0.436975
-0.326446 0.414445 0.436835
-0.326617 0.414314 0.436816
-0.327376 0.413164 0.436672
-0.327547 0.413036 0.436652
-0.328218 0.412032 0.436532
-0.328400 0.411894 0.436511
-0.329198 0.410726 0.436348
-0.329373 0.410596 0.436325
-0.330058 0.409585 0.436186
-0.330242 0.409446 0.436162
-0.331128 0.408142 0.435942
-0.331509 0.406891 0.435701
-0.331662 0.405792 0.435491
