-0.800053 1.000048 0.249912 1.000000 0.000001 -0.000000 0.000323
-0.800052 1.000049 0.249909 1.000000 -0.000000 0.000002 0.000326
-0.800053 1.000049 0.249916 1.000000 -0.000000 -0.000001 0.000327
-0.800054 1.000049 0.249938 1.000000 0.000001 -0.000001 0.000329
-0.800057 1.000048 0.249842 1.000000 0.000002 -0.000007 0.000332
-0.800050 1.000047 0.249751 1.000000 0.000005 0.000006 0.000333
-0.800062 1.000054 0.249784 1.000000 0.000002 -0.000004 0.000401
-0.800060 1.000054 0.249878 1.000000 0.000002 0.000001 0.000406
-0.800061 1.000055 0.249931 1.000000 0.000000 -0.000001 0.000409
-0.800061 1.000054 0.249936 1.000000 0.000002 -0.000001 0.000409
-0.800061 1.000057 0.249913 1.000000 -0.000003 -0.000001 0.000411
-0.800063 1.000054 0.249901 1.000000 0.000002 -0.000004 0.000412
-0.800061 1.000055 0.249882 1.000000 0.000001 -0.000000 0.000415
-0.800063 1.000054 0.249807 1.000000 0.000003 -0.000003 0.000419
-0.800063 1.000055 0.249920 1.000000 0.000001 -0.000003 0.000422
-0.800062 1.000058 0.249856 1.000000 -0.000004 -0.000000 0.000426
-0.800063 1.000057 0.249905 1.000000 -0.000001 -0.000002 0.000432
-0.800066 1.000052 0.249827 1.000000 0.000009 -0.000006 0.000434
-0.800061 1.000055 0.249764 1.000000 0.000004 0.000005 0.000438
-0.800065 1.000056 0.249808 1.000000 0.000003 -0.000003 0.000440
-0.800063 1.000058 0.249824 1.000000 -0.000001 0.000000 0.000440
-0.800063 1.000059 0.249846 1.000000 -0.000003 0.000001 0.000441
-0.800063 1.000059 0.249922 1.000000 -0.000003 0.000001 0.000442
-0.800065 1.000056 0.249923 1.000000 0.000002 -0.000003 0.000442
-0.800065 1.000057 0.249927 1.000000 0.000002 -0.000003 0.000442
-0.800065 1.000058 0.249937 1.000000 -0.000001 -0.000002 0.000444
-0.800066 1.000058 0.249937 1.000000 -0.000001 -0.000003 0.000444
-0.800063 1.000058 0.249875 1.000000 -0.000000 0.000003 0.000447
-0.800067 1.000057 0.249874 1.000000 0.000002 -0.000005 0.000447
-0.800061 1.000060 0.249795 1.000000 -0.000002 0.000007 0.000449
-0.800064 1.000058 0.249770 1.000000 0.000000 0.000001 0.000450
-0.800067 1.000060 0.249759 1.000000 -0.000004 -0.000005 0.000452
-0.800065 1.000057 0.249762 1.000000 0.000002 -0.000000 0.000452
-0.800064 1.000059 0.249808 1.000000 -0.000001 0.000003 0.000454
-0.800067 1.000059 0.249834 1.000000 -0.000001 -0.000003 0.000455
-0.800067 1.000060 0.249849 1.000000 -0.000003 -0.000002 0.000457
-0.800063 1.000059 0.249836 1.000000 -0.000000 0.000006 0.000457
-0.800068 1.000065 0.249821 1.000000 -0.000011 -0.000004 0.000458
-0.800068 1.000059 0.249764 1.000000 0.000001 -0.000003 0.000459
-0.800067 1.000059 0.249772 1.000000 0.000000 -0.000001 0.000459
-0.800064 1.000059 0.249783 1.000000 0.000000 0.000005 0.000459
-0.800070 1.000059 0.249773 1.000000 0.000001 -0.000007 0.000461
-0.800069 1.000061 0.249759 1.000000 -0.000003 -0.000006 0.000461
-0.800067 1.000057 0.249758 1.000000 0.000005 -0.000000 0.000462
-0.800067 1.000059 0.249823 1.000000 0.000000 -0.000002 0.000464
-0.800066 1.000059 0.249859 1.000000 0.000001 0.000000 0.000465
-0.800068 1.000058 0.249845 1.000000 0.000002 -0.000002 0.000468
-0.800067 1.000059 0.249864 1.000000 0.000002 -0.000000 0.000469
-0.800067 1.000060 0.249931 1.000000 -0.000000 -0.000000 0.000471
-0.800067 1.000058 0.249929 1.000000 0.000003 -0.000000 0.000471
-0.800068 1.000059 0.249920 1.000000 0.000001 -0.000003 0.000474
-0.800068 1.000060 0.249929 1.000000 -0.000001 -0.000002 0.000475
-0.800069 1.000060 0.249863 1.000000 -0.000001 -0.000004 0.000477
-0.800068 1.000062 0.249844 1.000000 -0.000004 -0.000001 0.000477
-0.800069 1.000063 0.249809 1.000000 -0.000005 -0.000003 0.000481
-0.800065 1.000059 0.249792 1.000000 0.000003 0.000006 0.000481
-0.800066 1.000061 0.249807 1.000000 -0.000002 0.000003 0.000484
-0.800068 1.000060 0.249817 1.000000 0.000000 -0.000000 0.000484
-0.800068 1.000059 0.249877 1.000000 0.000003 -0.000000 0.000486
-0.800069 1.000062 0.249870 1.000000 -0.000003 -0.000001 0.000487
-0.800072 1.000059 0.249817 1.000000 0.000004 -0.000007 0.000490
-0.800067 1.000057 0.249798 1.000000 0.000008 0.000002 0.000490
-0.800067 1.000061 0.249782 1.000000 0.000000 0.000003 0.000492
-0.800070 1.000066 0.249781 1.000000 -0.000010 -0.000003 0.000492
-0.800067 1.000062 0.249751 1.000000 -0.000002 0.000003 0.000494
-0.800067 1.000061 0.249755 1.000000 -0.000000 0.000004 0.000494
-0.800071 1.000063 0.249828 1.000000 -0.000003 -0.000002 0.000496
-0.800072 1.000060 0.249811 1.000000 0.000003 -0.000004 0.000496
-0.800073 1.000061 0.249753 1.000000 0.000001 -0.000007 0.000498
-0.800072 1.000060 0.249757 1.000000 0.000003 -0.000003 0.000498
-0.800071 1.000061 0.249848 1.000000 0.000002 -0.000002 0.000499
-0.800071 1.000063 0.249888 1.000000 -0.000001 0.000000 0.000499
-0.800070 1.000061 0.249869 1.000000 0.000003 0.000001 0.000501
-0.800074 1.000062 0.249855 1.000000 0.000001 -0.000005 0.000502
-0.800070 1.000063 0.249808 1.000000 -0.000001 0.000004 0.000504
-0.800073 1.000063 0.249838 1.000000 -0.000002 -0.000002 0.000507
-0.800071 1.000065 0.249802 1.000000 -0.000004 0.000001 0.000510
-0.800074 1.000062 0.249807 1.000000 0.000002 -0.000003 0.000510
-0.800073 1.000062 0.249835 1.000000 0.000002 -0.000002 0.000511
-0.800073 1.000063 0.249924 1.000000 -0.000000 -0.000002 0.000513
-0.800073 1.000064 0.249936 1.000000 -0.000002 -0.000001 0.000514
-0.800073 1.000064 0.249931 1.000000 -0.000002 -0.000002 0.000514
-0.800074 1.000063 0.249905 1.000000 0.000001 -0.000003 0.000516
-0.800073 1.000064 0.249921 1.000000 -0.000002 -0.000000 0.000517
-0.800072 1.000063 0.249931 1.000000 -0.000000 0.000002 0.000517
-0.800074 1.000064 0.249926 1.000000 -0.000000 -0.000003 0.000519
-0.800074 1.000063 0.249936 1.000000 0.000000 -0.000002 0.000519
-0.800073 1.000063 0.249887 1.000000 0.000001 0.000000 0.000521
-0.800072 1.000063 0.249874 1.000000 0.000002 0.000001 0.000522
-0.800074 1.000064 0.249865 1.000000 -0.000001 -0.000002 0.000525
-0.800074 1.000063 0.249890 1.000000 0.000001 -0.000002 0.000525
-0.800074 1.000065 0.249908 1.000000 -0.000002 -0.000002 0.000528
-0.800073 1.000064 0.249920 1.000000 0.000000 0.000000 0.000528
-0.800072 1.000064 0.249941 1.000000 -0.000000 0.000002 0.000530
-0.800073 1.000065 0.249946 1.000000 -0.000002 0.000000 0.000530
-0.800075 1.000064 0.249890 1.000000 0.000000 -0.000002 0.000533
-0.800075 1.000065 0.249898 1.000000 -0.000001 -0.000002 0.000533
-0.800074 1.000064 0.249898 1.000000 0.000002 -0.000001 0.000536
-0.800074 1.000064 0.249902 1.000000 0.000001 -0.000001 0.000536
-0.800075 1.000065 0.249897 1.000000 -0.000000 -0.000001 0.000538
-0.800075 1.000065 0.249898 1.000000 -0.000000 -0.000001 0.000539
-0.800075 1.000064 0.249934 1.000000 0.000002 -0.000001 0.000540
-0.800074 1.000065 0.249933 1.000000 -0.000000 -0.000000 0.000541
-0.800073 1.000064 0.249915 1.000000 0.000002 0.000003 0.000542
-0.800076 1.000065 0.249856 1.000000 0.000001 -0.000003 0.000543
-0.800074 1.000066 0.249878 1.000000 -0.000001 0.000001 0.000544
-0.800075 1.000068 0.249894 1.000000 -0.000004 -0.000001 0.000544
-0.800076 1.000065 0.249826 1.000000 0.000002 -0.000002 0.000546
-0.800076 1.000067 0.249858 1.000000 -0.000002 -0.000001 0.000547
-0.800075 1.000068 0.249870 1.000000 -0.000004 0.000001 0.000547
-0.800076 1.000066 0.249903 1.000000 0.000000 -0.000002 0.000548
-0.800075 1.000064 0.249902 1.000000 0.000004 -0.000000 0.000551
-0.800077 1.000068 0.249815 1.000000 -0.000004 -0.000004 0.000552
-0.800076 1.000069 0.249796 1.000000 -0.000006 -0.000002 0.000554
-0.800078 1.000067 0.249819 1.000000 -0.000001 -0.000005 0.000555
-0.800076 1.000066 0.249870 1.000000 0.000002 -0.000001 0.000557
-0.800075 1.000067 0.249906 1.000000 0.000000 0.000001 0.000558
-0.800076 1.000067 0.249882 1.000000 -0.000001 0.000001 0.000559
-0.800077 1.000065 0.249907 1.000000 0.000004 -0.000003 0.000560
-0.800077 1.000065 0.249880 1.000000 0.000003 -0.000001 0.000562
-0.800077 1.000068 0.249850 1.000000 -0.000001 -0.000001 0.000563
-0.800077 1.000068 0.249837 1.000000 -0.000001 -0.000001 0.000566
-0.800078 1.000068 0.249844 1.000000 -0.000001 -0.000003 0.000566
-0.800075 1.000070 0.249850 1.000000 -0.000005 0.000003 0.000566
-0.800073 1.000069 0.249829 1.000000 -0.000002 0.000008 0.000568
-0.800074 1.000067 0.249827 1.000000 0.000000 0.000005 0.000569
-0.800071 1.000067 0.249819 1.000000 0.000001 0.000012 0.000569
-0.800083 1.000067 0.249782 1.000000 0.000002 -0.000011 0.000570
-0.800078 1.000065 0.249785 1.000000 0.000005 -0.000001 0.000571
-0.800077 1.000064 0.249805 1.000000 0.000008 0.000000 0.000573
-0.800080 1.000065 0.249801 1.000000 0.000006 -0.000005 0.000573
-0.800076 1.000070 0.249814 1.000000 -0.000003 0.000004 0.000575
-0.800079 1.000069 0.249818 1.000000 -0.000000 -0.000002 0.000576
-0.800078 1.000069 0.249925 1.000000 -0.000000 -0.000000 0.000577
-0.800079 1.000069 0.249913 1.000000 0.000001 -0.000001 0.000578
-0.800079 1.000068 0.249919 1.000000 0.000001 -0.000001 0.000581
-0.800079 1.000069 0.249932 1.000000 -0.000000 -0.000001 0.000581
-0.800078 1.000068 0.249896 1.000000 0.000002 0.000001 0.000583
-0.800079 1.000068 0.249889 1.000000 0.000003 -0.000001 0.000583
-0.800077 1.000067 0.249802 1.000000 0.000005 0.000004 0.000585
-0.800078 1.000071 0.249783 1.000000 -0.000003 0.000003 0.000585
-0.800080 1.000068 0.249852 1.000000 0.000003 -0.000001 0.000589
-0.800078 1.000071 0.249865 1.000000 -0.000002 0.000003 0.000589
-0.800080 1.000068 0.249877 1.000000 0.000004 -0.000000 0.000590
-0.800081 1.000071 0.249872 1.000000 -0.000002 -0.000001 0.000591
-0.800082 1.000071 0.249854 1.000000 -0.000002 -0.000004 0.000592
-0.800082 1.000071 0.249839 1.000000 -0.000001 -0.000003 0.000594
-0.800078 1.000071 0.249824 1.000000 -0.000001 0.000006 0.000594
-0.800080 1.000071 0.249811 1.000000 -0.000002 0.000001 0.000594
-0.800082 1.000070 0.249830 1.000000 0.000002 -0.000001 0.000595
-0.800079 1.000072 0.249838 1.000000 -0.000003 0.000004 0.000595
-0.800082 1.000069 0.249850 1.000000 0.000004 -0.000003 0.000596
-0.800083 1.000072 0.249919 1.000000 -0.000001 -0.000003 0.000597
-0.800083 1.000069 0.249860 1.000000 0.000004 -0.000003 0.000598
-0.800082 1.000071 0.249871 1.000000 0.000001 -0.000001 0.000598
-0.800082 1.000070 0.249915 1.000000 0.000002 -0.000002 0.000599
-0.800082 1.000073 0.249863 1.000000 -0.000003 -0.000001 0.000600
-0.800080 1.000075 0.249829 1.000000 -0.000005 0.000004 0.000602
-0.800085 1.000071 0.249804 1.000000 0.000001 -0.000005 0.000603
-0.800085 1.000072 0.249809 1.000000 -0.000001 -0.000005 0.000603
-0.800083 1.000072 0.249897 1.000000 -0.000000 -0.000002 0.000605
-0.800083 1.000074 0.249913 1.000000 -0.000003 -0.000002 0.000606
-0.800084 1.000070 0.249895 1.000000 0.000004 -0.000003 0.000609
-0.800082 1.000074 0.249882 1.000000 -0.000002 0.000002 0.000609
-0.800083 1.000072 0.249861 1.000000 0.000003 -0.000000 0.000611
-0.800082 1.000074 0.249864 1.000000 -0.000002 0.000002 0.000612
-0.800083 1.000074 0.249882 1.000000 -0.000002 0.000001 0.000613
-0.800084 1.000073 0.249852 1.000000 -0.000000 -0.000001 0.000616
-0.800086 1.000072 0.249835 1.000000 0.000003 -0.000005 0.000616
-0.800082 1.000074 0.249826 1.000000 -0.000000 0.000004 0.000616
-0.800084 1.000074 0.249857 1.000000 -0.000001 -0.000001 0.000619
-0.800084 1.000075 0.249880 1.000000 -0.000002 -0.000000 0.000620
-0.800084 1.000074 0.249896 1.000000 -0.000001 -0.000001 0.000620
-0.800083 1.000075 0.249860 1.000000 -0.000003 0.000002 0.000623
-0.800084 1.000073 0.249852 1.000000 0.000001 0.000001 0.000623
-0.800084 1.000072 0.249849 1.000000 0.000003 0.000001 0.000625
-0.800086 1.000074 0.249833 1.000000 0.000000 -0.000003 0.000625
-0.800086 1.000076 0.249781 1.000000 -0.000003 -0.000001 0.000628
-0.800084 1.000075 0.249791 1.000000 -0.000000 0.000002 0.000628
-0.800085 1.000075 0.249810 1.000000 -0.000002 0.000000 0.000631
-0.800086 1.000071 0.249814 1.000000 0.000007 -0.000002 0.000632
-0.795086 1.000071 0.249836 1.000000 0.000007 0.000000 0.000634
-0.790083 1.000076 0.249810 1.000000 -0.000002 0.000005 0.000634
-0.775087 1.000075 0.249820 1.000000 -0.000000 -0.000003 0.000636
-0.770086 1.000076 0.249859 1.000000 -0.000003 -0.000001 0.000637
-0.750086 1.000074 0.249935 1.000000 0.000002 -0.000001 0.000639
-0.750085 1.000075 0.249935 1.000000 -0.000000 0.000001 0.000639
-0.730088 0.995076 0.249910 1.000000 -0.000001 -0.000004 0.000642
-0.730088 0.995076 0.249899 1.000000 -0.000000 -0.000003 0.000642
-0.730085 0.975076 0.249940 1.000000 -0.000002 0.000003 0.000644
-0.730088 0.975074 0.249922 1.000000 0.000003 -0.000003 0.000644
-0.730085 0.955078 0.249836 1.000000 -0.000005 0.000003 0.000645
-0.730089 0.950075 0.249840 1.000000 0.000001 -0.000005 0.000645
-0.730088 0.930078 0.249886 1.000000 -0.000003 -0.000001 0.000648
-0.730087 0.930079 0.249888 1.000000 -0.000005 -0.000000 0.000649
-0.730090 0.905075 0.249846 1.000000 0.000003 -0.000005 0.000650
-0.730090 0.905077 0.249816 1.000000 -0.000000 -0.000004 0.000651
-0.730087 0.885075 0.249806 1.000000 0.000004 0.000003 0.000653
-0.730091 0.885075 0.249801 1.000000 0.000003 -0.000005 0.000654
-0.730088 0.860080 0.249831 1.000000 -0.000005 0.000002 0.000657
-0.730091 0.860076 0.249837 1.000000 0.000002 -0.000004 0.000657
-0.730090 0.840076 0.249866 1.000000 0.000003 -0.000002 0.000659
-0.730089 0.840077 0.249873 1.000000 0.000001 0.000001 0.000659
-0.730090 0.815078 0.249887 1.000000 -0.000002 -0.000001 0.000663
-0.730088 0.815076 0.249877 1.000000 0.000003 0.000003 0.000664
-0.730091 0.790079 0.249850 1.000000 -0.000002 -0.000001 0.000668
-0.730091 0.790078 0.249858 1.000000 -0.000000 -0.000002 0.000669
-0.730088 0.770078 0.249821 1.000000 -0.000001 0.000003 0.000673
-0.730089 0.770080 0.249802 1.000000 -0.000004 0.000001 0.000673
-0.730089 0.745077 0.249761 1.000000 0.000002 0.000002 0.000675
-0.730092 0.745081 0.249762 1.000000 -0.000006 -0.000004 0.000675
-0.730093 0.720080 0.249751 1.000000 -0.000005 -0.000005 0.000678
-0.730089 0.720080 0.249750 1.000000 -0.000003 0.000003 0.000678
-0.730090 0.695080 0.249758 1.000000 -0.000004 0.000000 0.000679
-0.730089 0.695077 0.249754 1.000000 0.000002 0.000002 0.000679
-0.730089 0.675082 0.249797 1.000000 -0.000007 0.000001 0.000677
-0.730090 0.670078 0.249804 1.000000 -0.000000 -0.000001 0.000677
-0.730089 0.655076 0.249805 1.000000 0.000006 -0.000001 0.000676
-0.730092 0.645080 0.249796 1.000000 -0.000002 -0.000008 0.000674
-0.730091 0.630082 0.249773 1.000000 -0.000006 -0.000006 0.000671
-0.730091 0.620080 0.249756 1.000000 -0.000002 -0.000006 0.000670
-0.725084 0.610076 0.249745 1.000000 0.000007 0.000008 0.000668
-0.715091 0.610080 0.249740 1.000000 -0.000000 -0.000006 0.000668
-0.705085 0.610088 0.249733 1.000000 -0.000016 0.000005 0.000668
-0.695086 0.610084 0.249741 1.000000 -0.000008 0.000002 0.000667
-0.680091 0.610080 0.249771 1.000000 -0.000001 -0.000008 0.000665
-0.675086 0.610080 0.249762 1.000000 0.000000 0.000002 0.000665
-0.660092 0.610081 0.249784 1.000000 -0.000002 -0.000009 0.000661
-0.655085 0.610081 0.249787 1.000000 -0.000002 0.000005 0.000659
-0.635090 0.610081 0.249801 1.000000 -0.000000 -0.000006 0.000654
-0.635087 0.610082 0.249813 1.000000 -0.000002 0.000000 0.000653
-0.610086 0.610085 0.249826 1.000000 -0.000007 0.000002 0.000656
-0.610086 0.610081 0.249832 1.000000 0.000001 0.000003 0.000656
-0.600088 0.610081 0.249895 1.000000 0.000001 -0.000000 0.000658
-0.600088 0.610080 0.249915 1.000000 0.000003 -0.000001 0.000659
-0.600086 0.610080 0.249845 1.000000 0.000004 0.000003 0.000664
-0.600091 0.610084 0.249820 1.000000 -0.000005 -0.000007 0.000665
-0.600084 0.610084 0.249760 1.000000 -0.000006 0.000008 0.000666
-0.605089 0.610084 0.249758 1.000000 -0.000005 -0.000003 0.000667
-0.625088 0.610082 0.249765 1.000000 -0.000000 -0.000001 0.000670
-0.625090 0.610081 0.249771 1.000000 0.000001 -0.000004 0.000670
-0.625088 0.610080 0.249822 1.000000 0.000004 -0.000001 0.000675
-0.625088 0.610083 0.249827 1.000000 -0.000002 0.000001 0.000676
-0.625088 0.610082 0.249852 1.000000 0.000000 0.000001 0.000678
-0.625088 0.610082 0.249837 1.000000 -0.000001 -0.000000 0.000680
-0.625089 0.610082 0.249895 1.000000 -0.000000 -0.000001 0.000686
-0.625089 0.610083 0.249916 1.000000 -0.000001 -0.000001 0.000686
-0.625089 0.610081 0.249917 1.000000 0.000002 -0.000002 0.000689
-0.625087 0.610084 0.249917 1.000000 -0.000003 0.000002 0.000689
-0.625089 0.610081 0.249856 1.000000 0.000003 -0.000000 0.000693
-0.625090 0.610083 0.249857 1.000000 -0.000001 -0.000003 0.000695
-0.625088 0.610085 0.249852 1.000000 -0.000004 0.000001 0.000699
-0.625089 0.610082 0.249865 1.000000 0.000001 0.000001 0.000699
-0.625089 0.610081 0.249886 1.000000 0.000004 -0.000000 0.000703
-0.625089 0.610084 0.249889 1.000000 -0.000002 0.000001 0.000704
-0.625090 0.610085 0.249877 1.000000 -0.000004 -0.000001 0.000706
-0.625091 0.610082 0.249854 1.000000 0.000002 -0.000002 0.000707
-0.625090 0.610082 0.249942 1.000000 0.000002 -0.000001 0.000709
-0.495110 0.735104 0.249803 0.999999 -0.000000 0.000001 0.001310
-0.495110 0.735104 0.249917 0.999999 -0.000000 -0.000000 0.001314
-0.495111 0.735105 0.249913 0.999999 -0.000002 -0.000002 0.001314
-0.495111 0.735103 0.249913 0.999999 0.000002 -0.000002 0.001316
-0.495110 0.735104 0.249922 0.999999 0.000000 0.000000 0.001318
-0.495110 0.735105 0.249922 0.999999 -0.000002 0.000000 0.001318
-0.495111 0.735104 0.249961 0.999999 -0.000000 -0.000001 0.001320
-0.495111 0.735104 0.249971 0.999999 0.000001 -0.000002 0.001320
-0.495110 0.735104 0.249974 0.999999 0.000000 0.000001 0.001320
-0.495111 0.735103 0.249962 0.999999 0.000002 -0.000001 0.001321
-0.495111 0.735103 0.249948 0.999999 0.000002 -0.000002 0.001323
-0.495111 0.735105 0.249960 0.999999 -0.000002 -0.000001 0.001323
-0.495111 0.735104 0.249910 0.999999 -0.000000 0.000000 0.001325
-0.495111 0.735103 0.249907 0.999999 0.000002 0.000000 0.001325
-0.495112 0.735104 0.249925 0.999999 0.000001 -0.000002 0.001328
-0.495112 0.735104 0.249932 0.999999 0.000001 -0.000002 0.001330
-0.495111 0.735104 0.249942 0.999999 0.000001 -0.000000 0.001330
-0.495111 0.735104 0.249931 0.999999 0.000000 -0.000001 0.001334
-0.495112 0.735105 0.249931 0.999999 -0.000000 -0.000002 0.001335
-0.495111 0.735105 0.249931 0.999999 -0.000002 -0.000000 0.001335
-0.495111 0.735104 0.249929 0.999999 0.000002 -0.000000 0.001340
-0.495111 0.735104 0.249931 0.999999 0.000001 -0.000001 0.001340
-0.495111 0.735106 0.249978 0.999999 -0.000002 -0.000000 0.001341
-0.495111 0.735105 0.249977 0.999999 -0.000001 0.000000 0.001342
-0.495111 0.735104 0.249908 0.999999 0.000001 -0.000000 0.001345
-0.495110 0.735106 0.249926 0.999999 -0.000003 0.000002 0.001346
-0.495111 0.735104 0.249930 0.999999 0.000002 0.000000 0.001347
-0.495109 0.735105 0.249918 0.999999 -0.000001 0.000003 0.001349
-0.495111 0.735103 0.249876 0.999999 0.000003 0.000000 0.001351
-0.495110 0.735105 0.249874 0.999999 -0.000000 0.000002 0.001354
-0.495113 0.735104 0.249872 0.999999 0.000002 -0.000004 0.001355
-0.495111 0.735106 0.249876 0.999999 -0.000001 -0.000000 0.001356
-0.495111 0.735105 0.249899 0.999999 -0.000001 -0.000000 0.001358
-0.495111 0.735105 0.249904 0.999999 0.000000 -0.000001 0.001358
-0.495112 0.735105 0.249906 0.999999 0.000001 -0.000002 0.001359
-0.495111 0.735106 0.249947 0.999999 -0.000002 -0.000001 0.001363
-0.495112 0.735104 0.249953 0.999999 0.000002 -0.000002 0.001363
-0.495113 0.735107 0.249942 0.999999 -0.000003 -0.000003 0.001366
-0.495112 0.735106 0.249915 0.999999 -0.000001 -0.000002 0.001367
-0.495111 0.735108 0.249869 0.999999 -0.000004 0.000000 0.001372
-0.495111 0.735104 0.249878 0.999999 0.000002 -0.000001 0.001373
-0.495111 0.735107 0.249917 0.999999 -0.000003 -0.000000 0.001376
-0.495112 0.735107 0.249906 0.999999 -0.000003 -0.000001 0.001377
-0.495112 0.735102 0.249848 0.999999 0.000007 -0.000002 0.001379
-0.495111 0.735106 0.249844 0.999999 0.000000 -0.000000 0.001380
-0.495111 0.735106 0.249827 0.999999 0.000000 0.000001 0.001384
-0.495112 0.735106 0.249838 0.999999 0.000001 -0.000002 0.001385
-0.495112 0.735105 0.249918 0.999999 0.000003 -0.000002 0.001389
-0.495112 0.735106 0.249921 0.999999 -0.000000 -0.000001 0.001390
-0.495112 0.735107 0.249923 0.999999 -0.000002 -0.000001 0.001392
-0.495112 0.735108 0.249915 0.999999 -0.000004 -0.000001 0.001393
-0.495113 0.735106 0.249862 0.999999 0.000001 -0.000003 0.001396
-0.495115 0.735107 0.249829 0.999999 -0.000002 -0.000006 0.001398
-0.495111 0.735104 0.249816 0.999999 0.000005 0.000001 0.001399
-0.495113 0.735106 0.249786 0.999999 0.000002 -0.000002 0.001401
-0.495112 0.735106 0.249779 0.999999 0.000001 -0.000000 0.001402
-0.495111 0.735105 0.249778 0.999999 0.000003 0.000001 0.001403
-0.495112 0.735109 0.249825 0.999999 -0.000004 -0.000001 0.001405
-0.495110 0.735105 0.249834 0.999999 0.000003 0.000003 0.001408
-0.495111 0.735108 0.249851 0.999999 -0.000002 0.000002 0.001412
-0.495112 0.735107 0.249918 0.999999 0.000001 -0.000001 0.001415
-0.495113 0.735107 0.249949 0.999999 0.000001 -0.000001 0.001417
-0.495112 0.735111 0.249913 0.999999 -0.000007 -0.000001 0.001420
-0.495113 0.735108 0.249909 0.999999 -0.000002 -0.000002 0.001425
-0.495113 0.735108 0.249910 0.999999 -0.000001 -0.000002 0.001428
-0.495112 0.735107 0.249946 0.999999 0.000002 -0.000001 0.001431
-0.495113 0.735107 0.249935 0.999999 0.000000 -0.000002 0.001436
-0.495114 0.735109 0.249916 0.999999 -0.000002 -0.000004 0.001439
-0.495113 0.735108 0.249904 0.999999 0.000001 -0.000003 0.001442
-0.495112 0.735107 0.249925 0.999999 0.000001 0.000001 0.001442
-0.495113 0.735108 0.249966 0.999999 0.000000 -0.000003 0.001443
-0.495113 0.735108 0.249963 0.999999 -0.000001 -0.000002 0.001443
-0.495114 0.735108 0.249941 0.999999 -0.000001 -0.000003 0.001445
-0.495112 0.735106 0.249896 0.999999 0.000004 -0.000000 0.001446
-0.495114 0.735107 0.249848 0.999999 0.000003 -0.000003 0.001449
-0.495111 0.735109 0.249845 0.999999 -0.000002 0.000003 0.001450
-0.495114 0.735106 0.249847 0.999999 0.000004 -0.000004 0.001450
-0.495113 0.735108 0.249878 0.999999 0.000001 -0.000001 0.001452
-0.495113 0.735109 0.249902 0.999999 -0.000001 -0.000002 0.001453
-0.495113 0.735109 0.249922 0.999999 -0.000001 -0.000001 0.001453
-0.495113 0.735108 0.249930 0.999999 0.000001 -0.000001 0.001456
-0.495113 0.735107 0.249883 0.999999 0.000003 -0.000001 0.001457
-0.495111 0.735109 0.249835 0.999999 -0.000002 0.000004 0.001459
-0.495114 0.735109 0.249862 0.999999 -0.000001 -0.000003 0.001461
-0.495113 0.735110 0.249930 0.999999 -0.000003 -0.000000 0.001463
-0.495114 0.735108 0.249961 0.999999 0.000001 -0.000002 0.001465
-0.495112 0.735109 0.249934 0.999999 0.000000 0.000001 0.001468
-0.495113 0.735108 0.249956 0.999999 0.000001 0.000001 0.001469
-0.495114 0.735109 0.249922 0.999999 0.000001 -0.000002 0.001471
-0.495113 0.735109 0.249874 0.999999 -0.000001 0.000000 0.001474
-0.495115 0.735108 0.249865 0.999999 0.000001 -0.000003 0.001475
-0.495113 0.735108 0.249869 0.999999 0.000002 0.000001 0.001477
-0.495114 0.735109 0.249881 0.999999 0.000001 -0.000001 0.001479
-0.495114 0.735109 0.249908 0.999999 0.000001 -0.000002 0.001479
-0.495112 0.735109 0.249963 0.999999 0.000001 0.000001 0.001480
-0.495114 0.735109 0.249948 0.999999 0.000001 -0.000001 0.001481
-0.495113 0.735109 0.249943 0.999999 0.000001 0.000001 0.001481
-0.495112 0.735110 0.249925 0.999999 -0.000001 0.000002 0.001481
-0.495113 0.735109 0.249943 0.999999 0.000000 0.000000 0.001482
-0.495114 0.735109 0.249955 0.999999 0.000001 -0.000001 0.001482
-0.495115 0.735109 0.249975 0.999999 0.000000 -0.000004 0.001483
-0.495114 0.735109 0.249958 0.999999 0.000001 -0.000002 0.001483
-0.495114 0.735110 0.249956 0.999999 0.000000 -0.000002 0.001485
-0.495114 0.735109 0.249961 0.999999 0.000001 -0.000001 0.001485
-0.495115 0.735112 0.249893 0.999999 -0.000004 -0.000002 0.001488
-0.495114 0.735111 0.249876 0.999999 -0.000003 -0.000000 0.001489
-0.495115 0.735109 0.249900 0.999999 0.000001 -0.000002 0.001494
-0.495114 0.735111 0.249916 0.999999 -0.000002 -0.000001 0.001495
-0.495115 0.735108 0.249957 0.999999 0.000005 -0.000001 0.001496
-0.495114 0.735111 0.249812 0.999999 -0.000002 -0.000000 0.001500
-0.495114 0.735109 0.249904 0.999999 0.000002 -0.000001 0.001503
-0.495115 0.735111 0.249846 0.999999 -0.000001 -0.000002 0.001507
-0.495115 0.735110 0.249909 0.999999 0.000001 -0.000002 0.001512
-0.495115 0.735111 0.249958 0.999999 -0.000001 -0.000001 0.001514
-0.495114 0.735110 0.249939 0.999999 0.000001 -0.000001 0.001516
-0.495115 0.735111 0.249931 0.999999 -0.000001 -0.000002 0.001519
-0.495113 0.735110 0.249899 0.999999 0.000000 0.000002 0.001521
-0.495115 0.735109 0.249927 0.999999 0.000003 -0.000002 0.001523
-0.495115 0.735111 0.249969 0.999999 -0.000001 -0.000002 0.001523
-0.495114 0.735112 0.249917 0.999999 -0.000003 -0.000001 0.001526
-0.495113 0.735113 0.249851 0.999999 -0.000004 0.000003 0.001528
-0.495114 0.735109 0.249851 0.999999 0.000004 0.000000 0.001530
-0.495116 0.735111 0.249890 0.999999 -0.000000 -0.000003 0.001533
-0.495113 0.735111 0.249901 0.999999 0.000000 0.000002 0.001534
-0.495116 0.735110 0.249892 0.999999 0.000002 -0.000002 0.001535
-0.495115 0.735111 0.249923 0.999999 0.000002 -0.000001 0.001536
-0.495116 0.735111 0.249922 0.999999 0.000002 -0.000002 0.001539
-0.495114 0.735111 0.249907 0.999999 0.000000 0.000001 0.001540
-0.495114 0.735113 0.249886 0.999999 -0.000003 0.000003 0.001542
-0.495115 0.735110 0.249889 0.999999 0.000004 -0.000001 0.001543
-0.495116 0.735111 0.249869 0.999999 0.000001 -0.000001 0.001545
-0.495115 0.735112 0.249876 0.999999 -0.000001 0.000000 0.001547
-0.495117 0.735111 0.249906 0.999999 0.000001 -0.000002 0.001549
-0.495116 0.735112 0.249946 0.999999 0.000000 -0.000002 0.001550
-0.495116 0.735111 0.249950 0.999999 0.000002 -0.000001 0.001550
-0.495116 0.735110 0.249886 0.999999 0.000003 -0.000002 0.001551
-0.495114 0.735113 0.249852 0.999999 -0.000002 0.000004 0.001552
-0.495115 0.735114 0.249820 0.999999 -0.000004 0.000001 0.001553
-0.495116 0.735111 0.249815 0.999999 0.000002 -0.000002 0.001554
-0.495117 0.735112 0.249837 0.999999 0.000001 -0.000003 0.001555
-0.495117 0.735112 0.249923 0.999999 0.000001 -0.000002 0.001557
-0.495117 0.735111 0.249941 0.999999 0.000002 -0.000002 0.001557
-0.495114 0.735114 0.249911 0.999999 -0.000004 0.000004 0.001560
-0.495116 0.735114 0.249880 0.999999 -0.000004 -0.000000 0.001561
-0.495116 0.735113 0.249850 0.999999 -0.000000 -0.000000 0.001564
-0.495116 0.735111 0.249872 0.999999 0.000003 -0.000001 0.001565
-0.495116 0.735113 0.249940 0.999999 -0.000001 -0.000001 0.001569
-0.495116 0.735112 0.249939 0.999999 0.000000 -0.000001 0.001570
-0.495115 0.735114 0.249954 0.999999 -0.000002 0.000002 0.001572
-0.495115 0.735114 0.249921 0.999999 -0.000003 0.000002 0.001574
-0.495116 0.735113 0.249939 0.999999 -0.000001 0.000000 0.001577
-0.495116 0.735112 0.249923 0.999999 0.000001 -0.000000 0.001581
-0.495116 0.735112 0.249909 0.999999 0.000002 -0.000001 0.001585
-0.495116 0.735113 0.249935 0.999999 0.000001 -0.000000 0.001588
-0.495116 0.735115 0.249907 0.999999 -0.000004 0.000000 0.001590
-0.495115 0.735113 0.249923 0.999999 -0.000000 0.000002 0.001592
-0.495117 0.735114 0.249910 0.999999 -0.000001 -0.000002 0.001594
-0.495116 0.735113 0.249914 0.999999 0.000000 0.000001 0.001594
-0.495116 0.735113 0.249922 0.999999 0.000001 0.000001 0.001595
-0.495117 0.735112 0.249921 0.999999 0.000003 -0.000001 0.001596
-0.495117 0.735111 0.249930 0.999999 0.000004 -0.000002 0.001596
-0.495117 0.735113 0.249914 0.999999 0.000002 -0.000001 0.001599
-0.495117 0.735114 0.249921 0.999999 -0.000001 -0.000001 0.001600
-0.495117 0.735113 0.249935 0.999999 0.000001 -0.000002 0.001600
-0.495118 0.735115 0.249872 0.999999 -0.000003 -0.000004 0.001602
-0.495115 0.735113 0.249847 0.999999 0.000002 0.000002 0.001603
-0.495117 0.735116 0.249830 0.999999 -0.000004 -0.000001 0.001607
-0.495116 0.735111 0.249833 0.999999 0.000005 0.000001 0.001608
-0.495117 0.735115 0.249833 0.999999 -0.000002 0.000000 0.001612
-0.495117 0.735117 0.249841 0.999999 -0.000005 -0.000001 0.001613
-0.495117 0.735117 0.249858 0.999999 -0.000005 -0.000001 0.001618
-0.495116 0.735114 0.249854 0.999999 -0.000000 0.000001 0.001619
-0.495117 0.735116 0.249857 0.999999 -0.000003 -0.000001 0.001624
-0.495116 0.735116 0.249851 0.999999 -0.000004 0.000002 0.001625
-0.495119 0.735113 0.249859 0.999999 0.000003 -0.000004 0.001629
-0.495115 0.735116 0.249863 0.999999 -0.000003 0.000004 0.001630
-0.495117 0.735115 0.249917 0.999999 -0.000000 -0.000000 0.001634
-0.495118 0.735114 0.249935 0.999999 -0.000000 -0.000002 0.001634
-0.495118 0.735114 0.249947 0.999999 0.000001 -0.000001 0.001635
-0.495119 0.735114 0.249958 0.999999 0.000001 -0.000002 0.001636
-0.495118 0.735114 0.249955 0.999999 0.000002 -0.000002 0.001637
-0.495118 0.735116 0.249963 0.999999 -0.000003 -0.000001 0.001637
-0.495118 0.735113 0.249972 0.999999 0.000002 -0.000002 0.001639
-0.495119 0.735114 0.249895 0.999999 0.000001 -0.000002 0.001640
-0.495117 0.735113 0.249931 0.999999 0.000003 0.000001 0.001643
-0.495118 0.735114 0.249869 0.999999 0.000002 -0.000002 0.001647
-0.495118 0.735115 0.249897 0.999999 0.000001 -0.000001 0.001648
-0.495118 0.735115 0.249967 0.999999 0.000001 -0.000001 0.001649
-0.495118 0.735114 0.249955 0.999999 0.000002 -0.000000 0.001649
-0.495119 0.735115 0.249908 0.999999 0.000000 -0.000002 0.001652
-0.495118 0.735115 0.249918 0.999999 -0.000000 -0.000001 0.001653
-0.495118 0.735115 0.249883 0.999999 0.000001 -0.000001 0.001657
-0.495118 0.735113 0.249905 0.999999 0.000005 -0.000001 0.001660
-0.495118 0.735116 0.249916 0.999999 -0.000001 -0.000000 0.001663
-0.495119 0.735116 0.249911 0.999999 -0.000001 -0.000001 0.001664
-0.495119 0.735116 0.249902 0.999999 -0.000001 -0.000002 0.001667
-0.495118 0.735114 0.249898 0.999999 0.000003 0.000001 0.001668
-0.495118 0.735116 0.249883 0.999999 -0.000001 0.000000 0.001670
-0.495119 0.735114 0.249880 0.999999 0.000004 -0.000000 0.001671
-0.495117 0.735118 0.249881 0.999999 -0.000004 0.000003 0.001673
-0.495118 0.735115 0.249883 0.999999 0.000002 0.000001 0.001673
-0.495119 0.735116 0.249930 0.999999 -0.000000 -0.000001 0.001676
-0.495120 0.735116 0.249970 0.999999 0.000001 -0.000002 0.001677
-0.495119 0.735116 0.249899 0.999999 0.000001 0.000001 0.001680
-0.495120 0.735116 0.249963 0.999999 -0.000000 -0.000002 0.001682
-0.495119 0.735115 0.249968 0.999999 0.000002 0.000000 0.001682
-0.495120 0.735116 0.249933 0.999999 0.000000 -0.000003 0.001685
-0.495120 0.735117 0.249919 0.999999 -0.000002 -0.000002 0.001685
-0.495118 0.735117 0.249863 0.999999 -0.000001 0.000003 0.001688
-0.495118 0.735117 0.249893 0.999999 -0.000001 0.000002 0.001690
-0.495120 0.735117 0.249892 0.999999 -0.000001 -0.000001 0.001691
-0.495119 0.735118 0.249899 0.999999 -0.000002 0.000001 0.001691
-0.495117 0.735118 0.249847 0.999999 -0.000002 0.000006 0.001696
-0.495121 0.735116 0.249832 0.999999 0.000002 -0.000003 0.001697
-0.495118 0.735115 0.249774 0.999999 0.000003 0.000003 0.001699
-0.495122 0.735115 0.249770 0.999999 0.000003 -0.000005 0.001699
-0.495117 0.735118 0.249800 0.999999 -0.000002 0.000006 0.001702
-0.495118 0.735119 0.249813 0.999999 -0.000005 0.000005 0.001704
-0.495121 0.735115 0.249816 0.999999 0.000004 -0.000001 0.001706
-0.495120 0.735117 0.249828 0.999999 0.000000 0.000002 0.001706
-0.495120 0.735117 0.249849 0.999999 0.000000 0.000001 0.001710
-0.495121 0.735118 0.249898 0.999999 -0.000002 0.000000 0.001711
-0.495123 0.735118 0.249869 0.999999 -0.000002 -0.000005 0.001714
-0.495122 0.735117 0.249849 0.999999 0.000001 -0.000003 0.001714
-0.495119 0.735119 0.249839 0.999999 -0.000003 0.000003 0.001714
-0.495121 0.735118 0.249830 0.999999 -0.000002 0.000000 0.001717
-0.495120 0.735118 0.249854 0.999999 -0.000001 0.000002 0.001717
-0.495121 0.735117 0.249873 0.999999 0.000001 0.000000 0.001717
-0.495121 0.735117 0.249958 0.999999 0.000001 0.000000 0.001719
-0.495122 0.735117 0.249963 0.999999 0.000000 -0.000003 0.001719
-0.495122 0.735116 0.249965 0.999999 0.000002 -0.000002 0.001719
-0.495122 0.735117 0.249960 0.999999 0.000000 -0.000002 0.001721
-0.495121 0.735119 0.249958 0.999999 -0.000003 -0.000001 0.001721
-0.495122 0.735117 0.249947 0.999999 0.000002 -0.000001 0.001723
-0.495122 0.735118 0.249943 0.999999 -0.000001 -0.000002 0.001724
-0.495120 0.735118 0.249928 0.999999 0.000001 0.000001 0.001726
-0.495122 0.735118 0.249933 0.999999 -0.000000 -0.000002 0.001726
-0.495123 0.735118 0.249927 0.999999 0.000000 -0.000003 0.001726
-0.495121 0.735116 0.249918 0.999999 0.000003 0.000000 0.001729
-0.495122 0.735116 0.249893 0.999999 0.000004 -0.000002 0.001730
-0.495122 0.735119 0.249879 0.999999 -0.000001 -0.000001 0.001730
-0.495122 0.735118 0.249851 0.999998 0.000001 -0.000000 0.001734
-0.495121 0.735119 0.249867 0.999998 -0.000002 0.000001 0.001734
-0.495122 0.735119 0.249881 0.999998 -0.000002 -0.000001 0.001735
-0.495122 0.735118 0.249908 0.999998 0.000000 -0.000000 0.001737
-0.495122 0.735116 0.249889 0.999998 0.000004 -0.000001 0.001737
-0.495122 0.735118 0.249955 0.999998 0.000001 -0.000001 0.001740
-0.495121 0.735119 0.249966 0.999998 -0.000001 0.000001 0.001740
-0.495122 0.735119 0.249883 0.999998 -0.000002 -0.000002 0.001742
-0.495123 0.735118 0.249864 0.999998 0.000001 -0.000002 0.001743
-0.495121 0.735118 0.249864 0.999998 0.000000 0.000002 0.001747
-0.495121 0.735120 0.249865 0.999998 -0.000003 0.000000 0.001748
-0.495121 0.735118 0.249941 0.999998 0.000001 0.000001 0.001749
-0.495122 0.735118 0.249939 0.999998 0.000002 -0.000001 0.001750
-0.495122 0.735120 0.249944 0.999998 -0.000002 -0.000000 0.001752
-0.495122 0.735118 0.249935 0.999998 0.000000 -0.000000 0.001752
-0.495123 0.735117 0.249958 0.999998 0.000002 -0.000002 0.001754
-0.495122 0.735119 0.249959 0.999998 -0.000001 -0.000001 0.001754
-0.495121 0.735119 0.249875 0.999998 -0.000001 0.000002 0.001757
-0.495123 0.735118 0.249887 0.999998 0.000001 -0.000002 0.001758
-0.495123 0.735119 0.249931 0.999998 -0.000001 -0.000002 0.001760
-0.495122 0.735120 0.249937 0.999998 -0.000002 0.000001 0.001760
-0.495122 0.735117 0.249937 0.999998 0.000003 -0.000000 0.001762
-0.495122 0.735120 0.249927 0.999998 -0.000002 0.000001 0.001763
-0.495124 0.735118 0.249912 0.999998 0.000001 -0.000004 0.001764
-0.495122 0.735118 0.249932 0.999998 0.000002 0.000000 0.001767
-0.495122 0.735117 0.249920 0.999998 0.000004 0.000001 0.001767
-0.495123 0.735121 0.249899 0.999998 -0.000005 -0.000002 0.001768
-0.495123 0.735119 0.249905 0.999998 0.000001 -0.000001 0.001771
-0.495123 0.735119 0.249940 0.999998 0.000001 -0.000002 0.001771
-0.495123 0.735120 0.249956 0.999998 -0.000001 -0.000001 0.001771
-0.495123 0.735120 0.249928 0.999998 -0.000001 -0.000002 0.001773
-0.495122 0.735118 0.249911 0.999998 0.000002 0.000000 0.001775
-0.495123 0.735119 0.249916 0.999998 0.000001 -0.000002 0.001778
-0.495123 0.735119 0.249963 0.999998 0.000000 -0.000002 0.001778
-0.495121 0.735119 0.249897 0.999998 0.000001 0.000002 0.001780
-0.495123 0.735117 0.249835 0.999998 0.000006 -0.000003 0.001782
-0.495123 0.735118 0.249831 0.999998 0.000003 -0.000001 0.001782
-0.495124 0.735122 0.249799 0.999998 -0.000004 -0.000004 0.001785
-0.495122 0.735122 0.249787 0.999998 -0.000006 0.000001 0.001786
-0.495122 0.735119 0.249768 0.999998 0.000000 0.000001 0.001787
-0.495123 0.735123 0.249771 0.999998 -0.000007 -0.000001 0.001787
-0.495122 0.735124 0.249806 0.999998 -0.000009 0.000001 0.001788
-0.495121 0.735125 0.249815 0.999998 -0.000010 0.000003 0.001788
-0.495124 0.735119 0.249815 0.999998 0.000001 -0.000002 0.001790
-0.495121 0.735121 0.249819 0.999998 -0.000002 0.000004 0.001791
-0.495123 0.735118 0.249834 0.999998 0.000002 0.000001 0.001791
-0.495123 0.735120 0.249868 0.999998 -0.000001 0.000001 0.001793
-0.495125 0.735119 0.249886 0.999998 0.000002 -0.000002 0.001795
-0.495124 0.735119 0.249913 0.999998 0.000001 -0.000001 0.001796
-0.495124 0.735118 0.249865 0.999998 0.000004 -0.000000 0.001798
-0.495124 0.735121 0.249849 0.999998 -0.000003 -0.000001 0.001798
-0.495123 0.735120 0.249839 0.999998 0.000000 0.000003 0.001799
-0.495125 0.735119 0.249854 0.999998 0.000003 -0.000001 0.001800
-0.495125 0.735120 0.249861 0.999998 -0.000001 -0.000002 0.001801
-0.495124 0.735121 0.249870 0.999998 -0.000002 -0.000000 0.001802
-0.495122 0.735120 0.249866 0.999998 -0.000000 0.000003 0.001803
-0.495126 0.735120 0.249857 0.999998 0.000000 -0.000003 0.001804
-0.495124 0.735120 0.249904 0.999998 -0.000000 -0.000001 0.001805
-0.495125 0.735119 0.249921 0.999998 0.000003 -0.000001 0.001805
-0.495124 0.735119 0.249926 0.999998 0.000002 -0.000001 0.001806
-0.495125 0.735119 0.249918 0.999998 0.000002 -0.000002 0.001808
-0.495123 0.735120 0.249913 0.999998 0.000000 0.000002 0.001809
-0.495126 0.735122 0.249895 0.999998 -0.000003 -0.000003 0.001810
-0.495125 0.735120 0.249871 0.999998 0.000001 -0.000002 0.001810
-0.495125 0.735120 0.249812 0.999998 0.000000 -0.000002 0.001812
-0.495124 0.735122 0.249822 0.999998 -0.000003 0.000001 0.001813
-0.495125 0.735118 0.249838 0.999998 0.000005 -0.000001 0.001814
-0.495129 0.735122 0.249834 0.999998 -0.000004 -0.000010 0.001814
-0.495125 0.735118 0.249795 0.999998 0.000005 -0.000001 0.001815
-0.495124 0.735119 0.249810 0.999998 0.000002 0.000001 0.001816
-0.495124 0.735119 0.249821 0.999998 0.000003 0.000000 0.001816
-0.495124 0.735120 0.249826 0.999998 0.000002 0.000001 0.001817
-0.495124 0.735121 0.249879 0.999998 -0.000000 0.000000 0.001820
-0.495126 0.735121 0.249881 0.999998 -0.000001 -0.000003 0.001820
-0.495124 0.735118 0.249867 0.999998 0.000005 0.000000 0.001820
-0.495125 0.735122 0.249858 0.999998 -0.000002 -0.000000 0.001821
-0.495126 0.735122 0.249856 0.999998 -0.000003 -0.000003 0.001826
-0.495126 0.735122 0.249844 0.999998 -0.000002 -0.000002 0.001827
-0.495124 0.735119 0.249826 0.999998 0.000003 0.000000 0.001827
-0.495124 0.735119 0.249863 0.999998 0.000004 0.000001 0.001832
-0.495125 0.735120 0.249834 0.999998 0.000001 -0.000002 0.001834
-0.495127 0.735121 0.249811 0.999998 -0.000000 -0.000003 0.001834
-0.495126 0.735120 0.249784 0.999998 0.000003 -0.000000 0.001836
-0.495125 0.735126 0.249772 0.999998 -0.000009 0.000000 0.001839
-0.495121 0.735122 0.249762 0.999998 -0.000001 0.000008 0.001839
-0.495126 0.735123 0.249809 0.999998 -0.000004 -0.000001 0.001842
-0.495125 0.735121 0.249839 0.999998 -0.000000 0.000000 0.001843
-0.495128 0.735123 0.249829 0.999998 -0.000003 -0.000006 0.001846
-0.495123 0.735120 0.249813 0.999998 0.000003 0.000004 0.001846
-0.495125 0.735121 0.249770 0.999998 0.000002 0.000001 0.001848
-0.495128 0.735118 0.249782 0.999998 0.000007 -0.000004 0.001849
-0.495127 0.735119 0.249798 0.999998 0.000005 -0.000002 0.001849
-0.495127 0.735123 0.249884 0.999998 -0.000002 -0.000002 0.001851
-0.495126 0.735122 0.249894 0.999998 -0.000001 -0.000000 0.001851
-0.495126 0.735121 0.249914 0.999998 0.000002 -0.000001 0.001852
-0.495125 0.735123 0.249892 0.999998 -0.000003 0.000002 0.001855
-0.495126 0.735123 0.249893 0.999998 -0.000002 0.000001 0.001855
-0.495125 0.735121 0.249903 0.999998 0.000002 0.000002 0.001855
-0.495127 0.735123 0.249842 0.999998 -0.000002 -0.000002 0.001858
-0.495128 0.735124 0.249826 0.999998 -0.000004 -0.000003 0.001859
-0.495126 0.735125 0.249823 0.999998 -0.000006 0.000001 0.001859
-0.495129 0.735120 0.249834 0.999998 0.000003 -0.000004 0.001862
-0.495125 0.735122 0.249837 0.999998 -0.000001 0.000003 0.001863
-0.495125 0.735123 0.249858 0.999998 -0.000002 0.000002 0.001864
-0.495127 0.735124 0.249915 0.999998 -0.000003 -0.000002 0.001866
-0.495128 0.735123 0.249899 0.999998 -0.000002 -0.000002 0.001867
-0.495126 0.735121 0.249871 0.999998 0.000002 0.000000 0.001868
-0.495130 0.735120 0.249861 0.999998 0.000004 -0.000006 0.001869
-0.495127 0.735119 0.249846 0.999998 0.000007 -0.000001 0.001870
-0.495125 0.735122 0.249837 0.999998 0.000001 0.000004 0.001871
-0.495129 0.735119 0.249790 0.999998 0.000007 -0.000005 0.001873
-0.495124 0.735122 0.249776 0.999998 0.000000 0.000006 0.001873
-0.495123 0.735120 0.249764 0.999998 0.000005 0.000007 0.001873
-0.495131 0.735121 0.249743 0.999998 0.000002 -0.000009 0.001875
-0.495124 0.735120 0.249740 0.999998 0.000004 0.000007 0.001875
-0.495126 0.735122 0.249772 0.999998 0.000002 0.000002 0.001876
-0.495127 0.735123 0.249842 0.999998 -0.000001 0.000000 0.001878
-0.495127 0.735124 0.249880 0.999998 -0.000002 0.000001 0.001879
-0.495127 0.735122 0.249876 0.999998 0.000002 0.000001 0.001882
-0.495128 0.735122 0.249937 0.999998 0.000001 -0.000001 0.001884
-0.495128 0.735123 0.249962 0.999998 -0.000000 -0.000001 0.001885
-0.495128 0.735123 0.249982 0.999998 -0.000000 -0.000002 0.001885
-0.495128 0.735122 0.249974 0.999998 0.000001 -0.000002 0.001886
-0.495128 0.735123 0.249972 0.999998 -0.000001 -0.000001 0.001887
-0.495128 0.735124 0.249915 0.999998 -0.000002 -0.000001 0.001888
-0.495127 0.735123 0.249950 0.999998 0.000000 0.000000 0.001889
-0.495127 0.735124 0.249907 0.999998 -0.000002 0.000001 0.001892
-0.495127 0.735122 0.249894 0.999998 0.000002 0.000001 0.001893
-0.495130 0.735124 0.249876 0.999998 -0.000001 -0.000005 0.001896
-0.495128 0.735121 0.249851 0.999998 0.000003 -0.000001 0.001897
-0.495126 0.735123 0.249930 0.999998 -0.000001 0.000003 0.001899
-0.495129 0.735123 0.249925 0.999998 0.000001 -0.000003 0.001900
-0.495127 0.735121 0.249920 0.999998 0.000004 0.000000 0.001904
-0.495129 0.735123 0.249891 0.999998 0.000001 -0.000003 0.001904
-0.495128 0.735125 0.249858 0.999998 -0.000002 -0.000001 0.001907
-0.495129 0.735124 0.249853 0.999998 -0.000002 -0.000003 0.001908
-0.495128 0.735125 0.249813 0.999998 -0.000003 0.000000 0.001911
-0.495127 0.735123 0.249819 0.999998 0.000001 0.000001 0.001912
-0.495129 0.735123 0.249837 0.999998 0.000001 -0.000002 0.001914
-0.495128 0.735124 0.249861 0.999998 -0.000000 0.000000 0.001915
-0.495128 0.735124 0.249948 0.999998 -0.000000 -0.000001 0.001916
-0.495129 0.735124 0.249955 0.999998 -0.000000 -0.000002 0.001916
-0.495128 0.735123 0.249939 0.999998 0.000003 -0.000001 0.001919
-0.495129 0.735124 0.249921 0.999998 0.000000 -0.000001 0.001920
-0.495128 0.735124 0.249935 0.999998 0.000000 0.000001 0.001922
-0.495128 0.735123 0.249930 0.999998 0.000001 -0.000000 0.001922
-0.495128 0.735120 0.249810 0.999998 0.000007 0.000001 0.001925
-0.495133 0.735124 0.249797 0.999998 -0.000001 -0.000009 0.001925
-0.495131 0.735121 0.249810 0.999998 0.000006 -0.000006 0.001927
-0.495132 0.735126 0.249802 0.999998 -0.000003 -0.000008 0.001928
-0.495129 0.735127 0.249777 0.999998 -0.000006 -0.000000 0.001930
-0.495128 0.735123 0.249791 0.999998 0.000001 0.000001 0.001931
-0.495127 0.735130 0.249753 0.999998 -0.000012 0.000004 0.001934
-0.495129 0.735129 0.249746 0.999998 -0.000010 0.000000 0.001934
-0.495126 0.735126 0.249792 0.999998 -0.000003 0.000005 0.001935
-0.495130 0.735121 0.249795 0.999998 0.000008 -0.000002 0.001935
-0.495131 0.735125 0.249854 0.999998 -0.000001 -0.000003 0.001936
-0.495130 0.735124 0.249866 0.999998 0.000000 -0.000000 0.001937
-0.495134 0.735126 0.249803 0.999998 -0.000003 -0.000009 0.001940
-0.495130 0.735128 0.249785 0.999998 -0.000008 -0.000001 0.001940
-0.495129 0.735126 0.249879 0.999998 -0.000003 0.000001 0.001942
-0.495129 0.735126 0.249905 0.999998 -0.000002 0.000002 0.001943
-0.495130 0.735124 0.249917 0.999998 0.000001 -0.000000 0.001945
-0.495129 0.735126 0.249933 0.999998 -0.000003 0.000001 0.001945
-0.495130 0.735126 0.249949 0.999998 -0.000002 -0.000001 0.001947
-0.495129 0.735125 0.249931 0.999998 0.000000 0.000002 0.001948
-0.495131 0.735124 0.249914 0.999998 0.000001 -0.000001 0.001951
-0.495130 0.735125 0.249897 0.999998 0.000001 0.000000 0.001952
-0.495131 0.735126 0.249876 0.999998 -0.000001 -0.000002 0.001954
-0.495129 0.735126 0.249873 0.999998 -0.000001 0.000002 0.001956
-0.495132 0.735125 0.249868 0.999998 0.000001 -0.000003 0.001957
-0.495131 0.735125 0.249925 0.999998 0.000001 -0.000002 0.001958
-0.495131 0.735125 0.249968 0.999998 0.000001 -0.000002 0.001959
-0.495131 0.735126 0.249970 0.999998 -0.000001 -0.000001 0.001959
-0.495131 0.735126 0.249940 0.999998 -0.000001 -0.000002 0.001961
-0.495131 0.735124 0.249919 0.999998 0.000002 -0.000002 0.001962
-0.495132 0.735124 0.249917 0.999998 0.000002 -0.000003 0.001963
-0.495131 0.735124 0.249921 0.999998 0.000002 -0.000000 0.001965
-0.495131 0.735127 0.249918 0.999998 -0.000004 -0.000000 0.001967
-0.495131 0.735125 0.249919 0.999998 0.000001 -0.000001 0.001969
-0.495131 0.735125 0.249959 0.999998 0.000001 -0.000001 0.001970
-0.495132 0.735126 0.249936 0.999998 -0.000001 -0.000003 0.001971
-0.495131 0.735126 0.249898 0.999998 -0.000001 0.000000 0.001973
-0.495130 0.735123 0.249865 0.999998 0.000005 0.000002 0.001975
-0.495131 0.735123 0.249814 0.999998 0.000006 -0.000000 0.001978
-0.495132 0.735126 0.249808 0.999998 -0.000001 -0.000002 0.001978
-0.495131 0.735126 0.249841 0.999998 -0.000000 0.000001 0.001983
-0.495132 0.735127 0.249858 0.999998 -0.000002 -0.000003 0.001984
-0.495133 0.735126 0.249858 0.999998 0.000000 -0.000004 0.001987
-0.495132 0.735126 0.249871 0.999998 0.000000 -0.000001 0.001987
-0.495130 0.735126 0.249917 0.999998 -0.000000 0.000001 0.001990
-0.495133 0.735126 0.249919 0.999998 0.000000 -0.000003 0.001991
-0.495132 0.735126 0.249855 0.999998 0.000002 -0.000002 0.001994
-0.495130 0.735126 0.249857 0.999998 0.000001 0.000002 0.001995
-0.495132 0.735125 0.249885 0.999998 0.000003 -0.000001 0.001996
-0.495133 0.735126 0.249877 0.999998 0.000002 -0.000004 0.001997
-0.495133 0.735127 0.249846 0.999998 -0.000001 -0.000003 0.002001
-0.495133 0.735127 0.249864 0.999998 -0.000000 -0.000004 0.002001
-0.495133 0.735127 0.249884 0.999998 -0.000001 -0.000003 0.002004
-0.495132 0.735125 0.249877 0.999998 0.000004 -0.000002 0.002005
-0.495132 0.735124 0.249859 0.999998 0.000005 -0.000002 0.002006
-0.495133 0.735128 0.249848 0.999998 -0.000003 -0.000004 0.002009
-0.495132 0.735128 0.249840 0.999998 -0.000001 -0.000000 0.002009
-0.495130 0.735126 0.249826 0.999998 0.000002 0.000003 0.002009
-0.495132 0.735128 0.249861 0.999998 -0.000002 -0.000002 0.002012
-0.495132 0.735126 0.249890 0.999998 0.000002 -0.000002 0.002013
-0.495133 0.735126 0.249918 0.999998 0.000002 -0.000002 0.002013
-0.495132 0.735127 0.249975 0.999998 0.000001 -0.000001 0.002014
-0.495133 0.735126 0.249973 0.999998 0.000002 -0.000002 0.002014
-0.495132 0.735125 0.249915 0.999998 0.000003 -0.000001 0.002017
-0.495132 0.735128 0.249909 0.999998 -0.000001 -0.000001 0.002017
-0.495133 0.735127 0.249952 0.999998 0.000001 -0.000003 0.002020
-0.495132 0.735127 0.249939 0.999998 0.000001 0.000000 0.002020
-0.495131 0.735128 0.249891 0.999998 -0.000002 0.000002 0.002024
-0.495133 0.735127 0.249900 0.999998 -0.000000 -0.000002 0.002025
-0.495133 0.735128 0.249884 0.999998 -0.000001 -0.000001 0.002028
-0.495133 0.735127 0.249897 0.999998 0.000002 -0.000002 0.002029
-0.495133 0.735127 0.249921 0.999998 0.000002 -0.000002 0.002029
-0.495133 0.735125 0.249947 0.999998 0.000005 -0.000002 0.002030
-0.495131 0.735128 0.249923 0.999998 -0.000001 0.000001 0.002031
-0.495132 0.735130 0.249899 0.999998 -0.000004 -0.000001 0.002032
-0.495133 0.735128 0.249839 0.999998 -0.000001 -0.000003 0.002034
-0.495132 0.735128 0.249850 0.999998 -0.000001 -0.000001 0.002036
-0.495134 0.735128 0.249862 0.999998 0.000000 -0.000003 0.002037
-0.495132 0.735128 0.249920 0.999998 -0.000000 -0.000000 0.002039
-0.495132 0.735129 0.249929 0.999998 -0.000003 0.000000 0.002040
-0.495132 0.735128 0.249892 0.999998 -0.000000 0.000001 0.002043
-0.495132 0.735127 0.249899 0.999998 0.000002 0.000001 0.002043
-0.495131 0.735128 0.249889 0.999998 0.000000 0.000003 0.002045
-0.495132 0.735128 0.249880 0.999998 0.000001 0.000001 0.002046
-0.495133 0.735129 0.249904 0.999998 -0.000001 -0.000002 0.002047
-0.495135 0.735127 0.249835 0.999998 0.000002 -0.000006 0.002049
-0.495131 0.735126 0.249822 0.999998 0.000005 0.000002 0.002050
-0.495133 0.735130 0.249813 0.999998 -0.000004 -0.000001 0.002050
-0.495134 0.735130 0.249779 0.999998 -0.000004 -0.000004 0.002053
-0.495132 0.735125 0.249776 0.999998 0.000006 0.000001 0.002053
-0.495130 0.735128 0.249810 0.999998 0.000000 0.000005 0.002055
-0.495133 0.735129 0.249821 0.999998 -0.000000 -0.000000 0.002055
-0.495133 0.735127 0.249900 0.999998 0.000003 -0.000001 0.002058
-0.495132 0.735128 0.249903 0.999998 0.000000 0.000001 0.002058
-0.495133 0.735130 0.249894 0.999998 -0.000003 0.000000 0.002061
-0.495132 0.735128 0.249880 0.999998 0.000000 0.000001 0.002061
-0.495132 0.735129 0.249872 0.999998 0.000000 0.000002 0.002062
-0.495133 0.735129 0.249939 0.999998 0.000000 -0.000000 0.002063
-0.495134 0.735128 0.249953 0.999998 0.000001 -0.000001 0.002063
-0.495133 0.735130 0.249962 0.999998 -0.000002 -0.000001 0.002063
-0.495134 0.735129 0.249933 0.999998 0.000001 -0.000001 0.002065
-0.495134 0.735128 0.249941 0.999998 0.000002 -0.000002 0.002065
-0.495134 0.735128 0.249951 0.999998 0.000001 -0.000002 0.002065
-0.495133 0.735126 0.249935 0.999998 0.000005 0.000000 0.002067
-0.495135 0.735128 0.249902 0.999998 0.000003 -0.000004 0.002068
-0.495133 0.735128 0.249939 0.999998 0.000002 0.000000 0.002070
-0.495133 0.735130 0.249905 0.999998 -0.000001 0.000001 0.002073
-0.495134 0.735128 0.249938 0.999998 0.000002 -0.000001 0.002076
-0.495134 0.735129 0.249903 0.999998 0.000000 -0.000000 0.002080
-0.495133 0.735129 0.249925 0.999998 0.000000 0.000001 0.002080
-0.495135 0.735129 0.249969 0.999998 0.000002 -0.000002 0.002081
-0.495134 0.735129 0.249976 0.999998 0.000001 -0.000000 0.002081
-0.495133 0.735129 0.249925 0.999998 0.000001 0.000001 0.002083
-0.495134 0.735129 0.249913 0.999998 0.000001 -0.000001 0.002084
-0.495133 0.735130 0.249853 0.999998 0.000000 0.000001 0.002088
-0.495134 0.735130 0.249868 0.999998 -0.000000 -0.000001 0.002088
-0.495135 0.735128 0.249889 0.999998 0.000003 -0.000002 0.002090
-0.495134 0.735130 0.249898 0.999998 0.000001 -0.000001 0.002090
-0.495135 0.735130 0.249959 0.999998 -0.000001 -0.000001 0.002092
-0.495135 0.735129 0.249967 0.999998 0.000002 -0.000002 0.002093
-0.495135 0.735130 0.249962 0.999998 -0.000000 -0.000003 0.002094
-0.495135 0.735129 0.249962 0.999998 0.000003 -0.000001 0.002095
-0.495134 0.735128 0.249948 0.999998 0.000004 -0.000000 0.002095
-0.495133 0.735130 0.249890 0.999998 0.000000 0.000001 0.002098
-0.495134 0.735129 0.249884 0.999998 0.000002 0.000000 0.002099
-0.495136 0.735129 0.249876 0.999998 0.000002 -0.000004 0.002099
-0.495135 0.735130 0.249915 0.999998 0.000001 -0.000002 0.002102
-0.495134 0.735131 0.249951 0.999998 -0.000002 -0.000000 0.002102
-0.495134 0.735132 0.249960 0.999998 -0.000002 0.000001 0.002102
-0.495135 0.735131 0.249922 0.999998 -0.000001 -0.000002 0.002105
-0.495135 0.735130 0.249926 0.999998 -0.000000 -0.000001 0.002106
-0.495134 0.735129 0.249865 0.999998 0.000004 0.000001 0.002109
-0.495135 0.735130 0.249865 0.999998 0.000001 -0.000001 0.002110
-0.495135 0.735132 0.249874 0.999998 -0.000003 -0.000002 0.002111
-0.495133 0.735131 0.249844 0.999998 0.000000 0.000003 0.002113
-0.495135 0.735132 0.249824 0.999998 -0.000002 -0.000002 0.002114
-0.495136 0.735131 0.249818 0.999998 -0.000001 -0.000004 0.002115
-0.495135 0.735128 0.249813 0.999998 0.000006 0.000000 0.002118
-0.495134 0.735133 0.249818 0.999998 -0.000004 0.000001 0.002118
-0.495136 0.735129 0.249881 0.999998 0.000004 -0.000002 0.002122
-0.495136 0.735133 0.249871 0.999998 -0.000004 -0.000001 0.002122
-0.495136 0.735132 0.249789 0.999998 -0.000002 -0.000002 0.002124
-0.495136 0.735130 0.249813 0.999998 0.000002 -0.000001 0.002125
-0.495136 0.735132 0.249930 0.999998 -0.000003 -0.000001 0.002126
-0.495134 0.735131 0.249883 0.999998 -0.000001 0.000003 0.002129
-0.495136 0.735129 0.249849 0.999998 0.000004 -0.000001 0.002131
-0.495138 0.735132 0.249826 0.999998 -0.000002 -0.000006 0.002131
-0.495140 0.735132 0.249775 0.999998 -0.000002 -0.000008 0.002132
-0.495138 0.735134 0.249764 0.999998 -0.000007 -0.000005 0.002134
-0.495136 0.735132 0.249763 0.999998 -0.000002 -0.000000 0.002134
-0.495135 0.735131 0.249773 0.999998 0.000001 0.000000 0.002134
-0.495136 0.735132 0.249829 0.999998 -0.000001 -0.000001 0.002137
-0.495135 0.735130 0.249852 0.999998 0.000002 0.000001 0.002139
-0.495136 0.735130 0.249858 0.999998 0.000002 -0.000000 0.002139
-0.495136 0.735131 0.249963 0.999998 0.000001 -0.000001 0.002141
-0.495136 0.735131 0.249959 0.999998 0.000000 -0.000002 0.002141
-0.495136 0.735130 0.249947 0.999998 0.000003 -0.000000 0.002144
-0.495136 0.735131 0.249936 0.999998 0.000001 0.000000 0.002145
-0.495136 0.735132 0.249927 0.999998 -0.000002 -0.000001 0.002146
-0.495136 0.735129 0.249896 0.999998 0.000005 -0.000000 0.002147
-0.495136 0.735132 0.249845 0.999998 -0.000000 -0.000000 0.002149
-0.495136 0.735132 0.249889 0.999998 -0.000001 -0.000000 0.002150
-0.495137 0.735132 0.249946 0.999998 0.000000 -0.000002 0.002152
-0.495137 0.735131 0.249952 0.999998 0.000001 -0.000001 0.002152
-0.495138 0.735131 0.249881 0.999998 0.000001 -0.000003 0.002155
-0.495137 0.735133 0.249873 0.999998 -0.000003 -0.000001 0.002156
-0.495136 0.735131 0.249893 0.999998 0.000001 -0.000000 0.002159
-0.495138 0.735131 0.249915 0.999998 0.000002 -0.000003 0.002160
-0.495135 0.735133 0.249949 0.999998 -0.000003 0.000003 0.002162
-0.495137 0.735133 0.249944 0.999998 -0.000001 -0.000002 0.002162
-0.495137 0.735133 0.249852 0.999998 -0.000002 -0.000000 0.002165
-0.495137 0.735131 0.249862 0.999998 0.000002 -0.000001 0.002166
-0.495137 0.735132 0.249887 0.999998 0.000001 -0.000001 0.002167
-0.495136 0.735133 0.249918 0.999998 -0.000001 0.000001 0.002168
-0.495136 0.735132 0.249921 0.999998 0.000002 0.000002 0.002169
-0.495137 0.735133 0.249909 0.999998 -0.000002 0.000000 0.002170
-0.495138 0.735133 0.249904 0.999998 -0.000001 -0.000002 0.002171
-0.495137 0.735132 0.249895 0.999998 0.000001 0.000000 0.002174
-0.495138 0.735133 0.249851 0.999998 -0.000000 -0.000002 0.002176
-0.495137 0.735131 0.249872 0.999998 0.000003 -0.000000 0.002178
-0.495139 0.735133 0.249887 0.999998 0.000000 -0.000005 0.002180
-0.495137 0.735133 0.249903 0.999998 -0.000000 -0.000001 0.002182
-0.495138 0.735131 0.249906 0.999998 0.000004 -0.000001 0.002182
-0.495137 0.735134 0.249892 0.999998 -0.000001 -0.000001 0.002183
-0.495137 0.735131 0.249915 0.999998 0.000004 0.000000 0.002186
-0.495137 0.735134 0.249907 0.999998 -0.000002 0.000000 0.002186
-0.495137 0.735135 0.249901 0.999998 -0.000003 0.000001 0.002187
-0.495139 0.735133 0.249863 0.999998 -0.000000 -0.000002 0.002192
-0.495137 0.735131 0.249864 0.999998 0.000004 0.000000 0.002192
-0.495138 0.735135 0.249799 0.999998 -0.000004 -0.000002 0.002195
-0.495140 0.735134 0.249807 0.999998 -0.000001 -0.000005 0.002196
-0.495137 0.735134 0.249822 0.999998 -0.000000 0.000001 0.002197
-0.495137 0.735135 0.249870 0.999998 -0.000003 0.000000 0.002199
-0.495138 0.735134 0.249885 0.999998 -0.000002 -0.000002 0.002200
-0.495139 0.735133 0.249899 0.999998 0.000000 -0.000003 0.002201
-0.495138 0.735133 0.249893 0.999998 0.000000 -0.000001 0.002203
-0.495137 0.735135 0.249887 0.999998 -0.000003 0.000002 0.002203
-0.495138 0.735132 0.249895 0.999998 0.000002 -0.000001 0.002204
-0.495139 0.735135 0.249910 0.999998 -0.000002 -0.000002 0.002205
-0.495137 0.735135 0.249906 0.999998 -0.000003 0.000001 0.002206
-0.495139 0.735132 0.249887 0.999998 0.000004 -0.000003 0.002206
-0.495139 0.735133 0.249907 0.999998 0.000001 -0.000002 0.002209
-0.495140 0.735134 0.249918 0.999998 0.000000 -0.000004 0.002209
-0.495139 0.735134 0.249911 0.999998 -0.000001 -0.000003 0.002210
-0.495139 0.735136 0.249900 0.999998 -0.000005 -0.000001 0.002213
-0.495135 0.735134 0.249871 0.999998 -0.000000 0.000005 0.002214
-0.495140 0.735133 0.249846 0.999998 0.000002 -0.000004 0.002215
-0.495138 0.735132 0.249870 0.999998 0.000004 0.000000 0.002217
-0.495138 0.735135 0.249872 0.999998 -0.000002 0.000000 0.002218
-0.495139 0.735136 0.249867 0.999998 -0.000004 -0.000003 0.002218
-0.495138 0.735136 0.249845 0.999998 -0.000004 -0.000001 0.002221
-0.495139 0.735133 0.249861 0.999998 0.000002 -0.000002 0.002223
-0.495138 0.735135 0.249871 0.999998 -0.000002 -0.000001 0.002223
-0.495138 0.735134 0.249895 0.999998 0.000001 -0.000000 0.002226
-0.495140 0.735133 0.249887 0.999998 0.000003 -0.000003 0.002227
-0.495137 0.735135 0.249882 0.999998 -0.000000 0.000002 0.002227
-0.495138 0.735134 0.249923 0.999998 0.000000 0.000001 0.002230
-0.495138 0.735135 0.249935 0.999998 -0.000002 0.000001 0.002230
-0.495137 0.735135 0.249926 0.999998 -0.000000 0.000003 0.002231
-0.495139 0.735136 0.249904 0.999998 -0.000003 -0.000001 0.002233
-0.495140 0.735136 0.249896 0.999998 -0.000002 -0.000003 0.002234
-0.495139 0.735135 0.249912 0.999997 -0.000001 -0.000000 0.002237
-0.495140 0.735135 0.249914 0.999997 -0.000001 -0.000004 0.002237
-0.495140 0.735134 0.249888 0.999997 0.000002 -0.000003 0.002239
-0.495138 0.735132 0.249874 0.999997 0.000006 0.000001 0.002240
-0.495139 0.735136 0.249865 0.999997 -0.000002 -0.000002 0.002244
-0.495139 0.735134 0.249889 0.999997 0.000001 -0.000001 0.002245
-0.495140 0.735136 0.249926 0.999997 -0.000001 -0.000003 0.002249
-0.495138 0.735137 0.249919 0.999997 -0.000004 0.000000 0.002249
-0.495140 0.735135 0.249928 0.999997 0.000000 -0.000002 0.002252
-0.495139 0.735135 0.249975 0.999997 0.000001 -0.000001 0.002254
-0.495139 0.735135 0.249970 0.999997 0.000001 -0.000001 0.002254
-0.495139 0.735136 0.249939 0.999997 -0.000001 0.000000 0.002255
-0.495139 0.735136 0.249931 0.999997 -0.000001 -0.000001 0.002256
-0.495139 0.735134 0.249932 0.999997 0.000002 -0.000001 0.002260
-0.495140 0.735134 0.249944 0.999997 0.000002 -0.000002 0.002261
-0.495140 0.735134 0.249950 0.999997 0.000003 -0.000002 0.002262
-0.495139 0.735136 0.249931 0.999997 -0.000001 -0.000001 0.002264
-0.495138 0.735137 0.249932 0.999997 -0.000003 0.000001 0.002265
-0.495139 0.735134 0.249913 0.999997 0.000003 -0.000000 0.002266
-0.495139 0.735135 0.249893 0.999997 0.000001 -0.000001 0.002271
-0.495140 0.735135 0.249954 0.999997 0.000001 -0.000001 0.002273
-0.495140 0.735135 0.249956 0.999997 0.000001 -0.000002 0.002273
-0.495140 0.735136 0.249979 0.999997 0.000000 -0.000002 0.002274
-0.495138 0.735137 0.249979 0.999997 -0.000003 0.000002 0.002274
-0.495140 0.735137 0.249931 0.999997 -0.000001 -0.000002 0.002276
-0.495140 0.735134 0.249912 0.999997 0.000003 -0.000002 0.002278
-0.495141 0.735136 0.249913 0.999997 -0.000000 -0.000003 0.002280
-0.495138 0.735136 0.249920 0.999997 0.000000 0.000001 0.002282
-0.495140 0.735135 0.249954 0.999997 0.000001 -0.000002 0.002283
-0.495141 0.735136 0.249957 0.999997 0.000001 -0.000003 0.002283
-0.495139 0.735135 0.249895 0.999997 0.000002 0.000000 0.002285
-0.495140 0.735136 0.249946 0.999997 0.000001 -0.000002 0.002287
-0.495139 0.735137 0.249971 0.999997 -0.000001 -0.000000 0.002287
-0.495140 0.735135 0.249955 0.999997 0.000002 -0.000001 0.002288
-0.495140 0.735136 0.249947 0.999997 0.000000 -0.000001 0.002289
-0.495138 0.735137 0.249952 0.999997 -0.000001 0.000002 0.002292
-0.495140 0.735135 0.249955 0.999997 0.000002 -0.000001 0.002292
-0.495139 0.735137 0.249954 0.999997 -0.000001 0.000000 0.002294
-0.495140 0.735136 0.249958 0.999997 0.000001 -0.000001 0.002295
-0.495140 0.735137 0.249930 0.999997 -0.000002 -0.000002 0.002297
-0.495141 0.735137 0.249919 0.999997 -0.000001 -0.000002 0.002297
-0.495140 0.735136 0.249953 0.999997 0.000001 -0.000002 0.002299
-0.495139 0.735136 0.249967 0.999997 -0.000000 0.000002 0.002300
-0.495141 0.735138 0.249960 0.999997 -0.000003 -0.000002 0.002301
-0.495140 0.735136 0.249912 0.999997 0.000001 -0.000002 0.002303
-0.495141 0.735136 0.249925 0.999997 0.000001 -0.000002 0.002306
-0.495139 0.735137 0.249960 0.999997 -0.000000 0.000001 0.002306
-0.495141 0.735138 0.249846 0.999997 -0.000003 -0.000003 0.002307
-0.495140 0.735137 0.249843 0.999997 -0.000002 -0.000001 0.002309
-0.495140 0.735136 0.249924 0.999997 0.000001 -0.000001 0.002311
-0.495139 0.735136 0.249950 0.999997 0.000001 0.000000 0.002313
-0.495140 0.735136 0.249964 0.999997 0.000001 -0.000001 0.002313
-0.495141 0.735137 0.249939 0.999997 -0.000000 -0.000002 0.002314
-0.495141 0.735134 0.249873 0.999997 0.000005 -0.000002 0.002317
-0.495139 0.735139 0.249872 0.999997 -0.000004 0.000000 0.002319
-0.495140 0.735137 0.249874 0.999997 0.000001 -0.000001 0.002320
-0.495140 0.735137 0.249942 0.999997 0.000001 -0.000001 0.002320
-0.495139 0.735137 0.249959 0.999997 -0.000000 0.000002 0.002321
-0.495141 0.735139 0.249920 0.999997 -0.000004 -0.000002 0.002324
-0.495140 0.735136 0.249898 0.999997 0.000002 0.000000 0.002326
-0.495140 0.735137 0.249901 0.999997 0.000001 -0.000000 0.002330
-0.495141 0.735137 0.249906 0.999997 0.000000 -0.000002 0.002331
-0.495140 0.735137 0.249901 0.999997 0.000001 -0.000001 0.002334
-0.495140 0.735137 0.249916 0.999997 0.000000 -0.000001 0.002335
-0.495140 0.735136 0.249924 0.999997 0.000002 -0.000001 0.002336
-0.495141 0.735137 0.249918 0.999997 0.000000 -0.000002 0.002337
-0.495141 0.735137 0.249902 0.999997 0.000001 -0.000003 0.002339
-0.495141 0.735137 0.249901 0.999997 0.000000 -0.000003 0.002340
-0.495142 0.735138 0.249819 0.999997 -0.000001 -0.000005 0.002343
-0.495142 0.735135 0.249818 0.999997 0.000005 -0.000003 0.002343
-0.495141 0.735138 0.249871 0.999997 0.000000 -0.000001 0.002345
-0.495139 0.735138 0.249886 0.999997 -0.000000 0.000003 0.002346
-0.495142 0.735139 0.249865 0.999997 -0.000002 -0.000002 0.002349
-0.495141 0.735137 0.249937 0.999997 0.000002 -0.000000 0.002352
-0.495139 0.735138 0.249885 0.999997 0.000001 0.000004 0.002355
