-0.080733 0.886036 0.407061
-0.080741 0.885918 0.407083
-0.080751 0.885883 0.407088
-0.080069 0.885757 0.407156
-0.080048 0.885709 0.407165
-0.079409 0.885583 0.407230
-0.080239 0.885127 0.407234
-0.081452 0.884337 0.407303
-0.080754 0.883259 0.407625
-0.080584 0.883064 0.407681
-0.078914 0.882116 0.407989
-0.078751 0.881949 0.408031
-0.077391 0.881250 0.408246
-0.076552 0.880420 0.408449
-0.076347 0.880146 0.408510
-0.076468 0.879593 0.408613
-0.076438 0.879485 0.408634
-0.076787 0.879047 0.408700
-0.076786 0.878959 0.408716
-0.077252 0.878562 0.408764
-0.077259 0.878493 0.408774
-0.078161 0.877985 0.408777
-0.080192 0.876591 0.408921
-0.080222 0.876350 0.408974
-0.081086 0.875683 0.409022
-0.082763 0.873800 0.409310
-0.082389 0.872880 0.409535
-0.082160 0.871956 0.409742
-0.081924 0.871548 0.409831
-0.081878 0.870759 0.409985
-0.081818 0.870611 0.410013
-0.081925 0.870457 0.410032
-0.084468 0.868244 0.410265
-0.084428 0.867954 0.410326
-0.084508 0.867677 0.410377
-0.086709 0.864993 0.410737
-0.086600 0.864633 0.410815
-0.086235 0.863272 0.411099
-0.086097 0.863037 0.411146
-0.085972 0.862107 0.411316
-0.085897 0.861936 0.411346
-0.086005 0.861168 0.411469
-0.085970 0.861045 0.411489
-0.086312 0.860557 0.411549
-0.086316 0.860456 0.411563
-0.086784 0.860062 0.411601
-0.086811 0.859896 0.411622
-0.087286 0.859632 0.411637
-0.087361 0.859482 0.411653
-0.087931 0.859217 0.411663
-0.087973 0.859150 0.411668
-0.088601 0.858895 0.411670
-0.088648 0.858831 0.411675
-0.089294 0.858585 0.411672
-0.089344 0.858522 0.411676
-0.090037 0.858259 0.411670
-0.090079 0.858199 0.411674
-0.090726 0.857966 0.411664
-0.090606 0.856738 0.411750
-0.089938 0.856726 0.411788
-0.089728 0.856727 0.411801
-0.091508 0.854648 0.412024
-0.091235 0.854485 0.412079
-0.092431 0.851702 0.412494
-0.090627 0.850445 0.412833
-0.089003 0.849602 0.413049
-0.088124 0.849289 0.413137
-0.087519 0.848738 0.413238
-0.086719 0.848440 0.413314
-0.086290 0.848026 0.413384
-0.087080 0.847387 0.413411
-0.087809 0.846386 0.413515
-0.087610 0.845303 0.413693
-0.088345 0.844500 0.413756
-0.088914 0.843228 0.413915
-0.087944 0.841150 0.414267
-0.087519 0.840871 0.414322
-0.085957 0.839498 0.414540
-0.085566 0.839294 0.414576
-0.084061 0.838014 0.414758
-0.083731 0.837864 0.414784
-0.082493 0.836821 0.414922
-0.082196 0.836700 0.414943
-0.081227 0.835914 0.415041
-0.080935 0.835798 0.415059
-0.079994 0.835031 0.415151
-0.079431 0.834805 0.415185
-0.078489 0.833832 0.415297
-0.078042 0.833090 0.415386
-0.077674 0.832404 0.415471
-0.077628 0.832270 0.415486
-0.077926 0.831710 0.415559
-0.077922 0.831603 0.415572
-0.078364 0.831217 0.415625
-0.078384 0.831121 0.415637
-0.078714 0.830937 0.415656
-0.081403 0.829115 0.415785
-0.081520 0.828816 0.415822
-0.081708 0.828548 0.415855
-0.084315 0.826202 0.416063
-0.084331 0.825482 0.416155
-0.084396 0.825182 0.416192
-0.086738 0.822691 0.416426
-0.086757 0.822277 0.416476
-0.086652 0.820907 0.416648
-0.086549 0.820676 0.416673
-0.086543 0.819848 0.416769
-0.086494 0.819687 0.416785
-0.086725 0.819114 0.416855
-0.086715 0.818990 0.416868
-0.087090 0.818508 0.416933
-0.087095 0.818410 0.416944
-0.087565 0.818033 0.416997
-0.087582 0.817946 0.417007
-0.088091 0.817646 0.417049
-0.088124 0.817561 0.417058
-0.088671 0.817271 0.417101
-0.088729 0.817110 0.417119
-0.089217 0.816886 0.417151
-0.089303 0.816724 0.417170
-0.089815 0.816505 0.417202
-0.089923 0.816280 0.417229
-0.090352 0.816115 0.417251
-0.091345 0.815518 0.417285
-0.092760 0.814498 0.417378
-0.093571 0.813663 0.417487
-0.095376 0.812265 0.417610
-0.095800 0.810164 0.417871
-0.094938 0.808872 0.418003
-0.094401 0.808031 0.418080
-0.093923 0.807210 0.418156
-0.093552 0.806489 0.418223
-0.093282 0.805882 0.418279
-0.093020 0.805263 0.418337
-0.092715 0.804564 0.418404
-0.092475 0.803959 0.418462
-0.092230 0.803333 0.418521
-0.091980 0.802695 0.418582
-0.091684 0.801973 0.418653
-0.091492 0.801428 0.418705
-0.092379 0.800765 0.418745
-0.093898 0.798680 0.418953
-0.094764 0.797876 0.419014
-0.095878 0.795080 0.419293
-0.096672 0.794257 0.419356
-0.097593 0.791570 0.419594
-0.097048 0.790833 0.419621
-0.097108 0.790734 0.419626
-0.097171 0.790263 0.419653
-0.097412 0.790162 0.419665
-0.097557 0.789868 0.419693
-0.097699 0.789827 0.419699
-0.098044 0.789546 0.419736
-0.098202 0.789510 0.419743
-0.098610 0.789227 0.419787
-0.098770 0.789198 0.419794
-0.099202 0.788932 0.419837
-0.099365 0.788904 0.419844
-0.099827 0.788627 0.419891
-0.099826 0.788308 0.419920
-0.099724 0.787884 0.419952
-0.099598 0.787446 0.419983
-0.099562 0.787188 0.419999
-0.099068 0.787053 0.419998
-0.098793 0.786662 0.420012
-0.098383 0.786559 0.420010
-0.097904 0.786057 0.420022
-0.097689 0.786006 0.420021
-0.097496 0.785888 0.420021
-0.099618 0.783818 0.420207
-0.099371 0.783427 0.420233
-0.098756 0.782629 0.420251
-0.098503 0.782550 0.420246
-0.097703 0.781950 0.420232
-0.097454 0.781885 0.420225
-0.096694 0.781323 0.420210
-0.096453 0.781262 0.420203
-0.095636 0.780636 0.420186
-0.095411 0.780585 0.420179
-0.094652 0.779999 0.420163
-0.094433 0.779953 0.420156
-0.093773 0.779447 0.420141
-0.093547 0.779392 0.420134
-0.092864 0.778857 0.420118
-0.092636 0.778798 0.420110
-0.093370 0.778144 0.420162
-0.094741 0.776458 0.420307
-0.094581 0.776277 0.420309
-0.096048 0.774890 0.420434
-0.096607 0.773444 0.420526
-0.096147 0.773135 0.420505
-0.095532 0.772483 0.420467
-0.094820 0.772218 0.420416
-0.094457 0.771811 0.420389
-0.093797 0.771567 0.420344
-0.093382 0.771079 0.420318
-0.092938 0.770946 0.420290
-0.092473 0.770469 0.420264
-0.092027 0.770335 0.420237
-0.091566 0.769854 0.420212
-0.090963 0.769649 0.420173
-0.090681 0.769275 0.420158
-0.090084 0.769049 0.420121
-0.089800 0.768663 0.420107
-0.090693 0.767970 0.420183
-0.091843 0.766708 0.420312
-0.091852 0.765987 0.420329
-0.092753 0.765233 0.420410
-0.093871 0.763860 0.420538
-0.093834 0.763086 0.420541
-0.094720 0.762316 0.420626
-0.095811 0.760915 0.420753
-0.095676 0.759966 0.420738
-0.095036 0.759643 0.420666
-0.094603 0.759101 0.420609
-0.094162 0.758957 0.420563
-0.093623 0.758377 0.420505
-0.093412 0.758319 0.420486
-0.092781 0.757765 0.420427
-0.092366 0.757649 0.420389
-0.091954 0.757183 0.420353
-0.091542 0.757053 0.420317
-0.091060 0.756489 0.420276
-0.090858 0.756432 0.420259
-0.090262 0.755878 0.420209
-0.090054 0.755819 0.420191
-0.089446 0.755254 0.420139
-0.089238 0.755193 0.420121
-0.088630 0.754622 0.420067
-0.088225 0.754500 0.420030
-0.087828 0.754023 0.419994
-0.087281 0.753822 0.419942
-0.086972 0.753351 0.419914
-0.086445 0.753160 0.419864
-0.086148 0.752697 0.419837
-0.085764 0.752572 0.419802
-0.085382 0.752092 0.419767
-0.084984 0.751957 0.419729
-0.084588 0.751462 0.419692
-0.084187 0.751322 0.419654
-0.083722 0.750735 0.419610
-0.083525 0.750675 0.419591
-0.083019 0.750188 0.419543
-0.082456 0.749971 0.419486
-0.082204 0.749577 0.419460
-0.081659 0.749339 0.419405
-0.081409 0.748935 0.419380
-0.080755 0.748619 0.419312
-0.080621 0.748342 0.419298
-0.079974 0.747992 0.419231
-0.079775 0.747593 0.419211
-0.079146 0.747287 0.419145
-0.079017 0.747014 0.419132
-0.079957 0.746320 0.419233
-0.081345 0.744854 0.419395
-0.081383 0.744611 0.419395
-0.083267 0.743165 0.419604
-0.083834 0.742149 0.419660
-0.083837 0.741861 0.419654
-0.085652 0.740277 0.419868
-0.086117 0.739021 0.419925
-0.086090 0.738671 0.419917
-0.087846 0.736976 0.420140
-0.088201 0.735320 0.420187
-0.088134 0.734991 0.420174
-0.089037 0.734089 0.420291
-0.090200 0.731955 0.420461
-0.090182 0.731581 0.420457
-0.091111 0.730643 0.420584
-0.092305 0.728438 0.420771
-0.092288 0.728055 0.420766
-0.093216 0.727106 0.420900
-0.094391 0.724590 0.421088
-0.094346 0.724259 0.421078
-0.093491 0.723180 0.420937
-0.093399 0.722946 0.420921
-0.092562 0.722121 0.420801
-0.092413 0.721724 0.420782
-0.091660 0.721087 0.420689
-0.091597 0.720903 0.420683
-0.090804 0.720147 0.420591
-0.090756 0.719972 0.420588
-0.090075 0.719347 0.420512
-0.090019 0.719166 0.420508
-0.089407 0.718625 0.420440
-0.090311 0.717902 0.420584
-0.091673 0.716653 0.420819
-0.091753 0.715534 0.420852
-0.092682 0.714746 0.421000
-0.093550 0.713976 0.421147
-0.094021 0.712000 0.421224
-0.093977 0.711757 0.421212
-0.093256 0.710949 0.421083
-0.093190 0.710747 0.421071
-0.092398 0.709939 0.420948
-0.092350 0.709759 0.420941
-0.091691 0.709128 0.420850
-0.091638 0.708946 0.420844
-0.090971 0.708305 0.420757
-0.090917 0.708121 0.420752
-0.090250 0.707474 0.420668
-0.090146 0.707118 0.420659
-0.089493 0.706559 0.420578
-0.089444 0.706384 0.420574
-0.088798 0.705767 0.420494
-0.088699 0.705418 0.420486
-0.088057 0.704869 0.420407
-0.088010 0.704696 0.420404
-0.087309 0.703993 0.420318
-0.087070 0.703237 0.420304
-0.086922 0.702597 0.420304
-0.087011 0.702505 0.420321
-0.087195 0.701924 0.420376
-0.087306 0.701849 0.420397
-0.087537 0.701278 0.420467
-0.087650 0.701220 0.420487
-0.087902 0.700708 0.420559
-0.088018 0.700656 0.420580
-0.088258 0.700329 0.420633
-0.090764 0.698671 0.421071
-0.091221 0.698380 0.421149
-0.091742 0.697856 0.421236
-0.094390 0.695942 0.421694
-0.094853 0.695604 0.421769
-0.095508 0.694387 0.421842
-0.095377 0.693718 0.421801
-0.095223 0.693051 0.421777
-0.095070 0.692377 0.421766
-0.094918 0.691699 0.421761
-0.094739 0.690956 0.421759
-0.094602 0.690309 0.421761
-0.094432 0.689578 0.421764
-0.094298 0.688934 0.421768
-0.094129 0.688202 0.421771
-0.093995 0.687557 0.421776
-0.093853 0.686885 0.421781
-0.093823 0.686582 0.421785
-0.094067 0.686197 0.421843
-0.094092 0.685813 0.421864
-0.094343 0.685572 0.421918
-0.094419 0.685210 0.421949
-0.094692 0.684988 0.422007
-0.094778 0.684639 0.422040
-0.095056 0.684427 0.422100
-0.096079 0.683767 0.422282
-0.097962 0.682306 0.422642
-0.098501 0.681877 0.422736
-0.099612 0.681118 0.422933
-0.101580 0.679496 0.423300
-0.102121 0.679018 0.423386
-0.103222 0.678234 0.423583
-0.105367 0.676294 0.423977
-0.105839 0.675811 0.424031
-0.105895 0.675118 0.423998
-0.105744 0.674414 0.423952
-0.105618 0.673784 0.423931
-0.105458 0.673064 0.423917
-0.105309 0.672367 0.423910
-0.105189 0.671734 0.423909
-0.105058 0.671067 0.423910
-0.104979 0.670543 0.423914
-0.104702 0.670410 0.423877
-0.104434 0.669839 0.423846
-0.104012 0.669601 0.423785
-0.103832 0.669128 0.423764
-0.103403 0.668843 0.423702
-0.103160 0.668219 0.423674
-0.102850 0.668046 0.423630
-0.102494 0.667309 0.423586
-0.102337 0.667231 0.423564
-0.101884 0.666504 0.423505
-0.101722 0.666423 0.423482
-0.101205 0.665587 0.423415
-0.101050 0.665518 0.423393
-0.100611 0.664818 0.423335
-0.100451 0.664741 0.423312
-0.099998 0.664012 0.423252
-0.099688 0.663856 0.423207
-0.099342 0.663139 0.423163
-0.099189 0.663063 0.423142
-0.098751 0.662343 0.423085
-0.098445 0.662189 0.423040
-0.098156 0.661581 0.423004
-0.097849 0.661408 0.422959
-0.097556 0.660777 0.422922
-0.097138 0.660514 0.422862
-0.096913 0.659901 0.422836
-0.096512 0.659653 0.422779
-0.096217 0.658868 0.422748
-0.096056 0.658115 0.422746
-0.095893 0.657326 0.422750
-0.095754 0.656593 0.422758
-0.095647 0.655936 0.422766
-0.095531 0.655249 0.422775
-0.095386 0.654488 0.422783
-0.095276 0.653821 0.422791
-0.095160 0.653129 0.422800
-0.095040 0.652426 0.422808
-0.094894 0.651656 0.422816
-0.094784 0.650984 0.422825
-0.094645 0.650225 0.422833
-0.094538 0.649556 0.422842
-0.094532 0.649394 0.422845
-0.094703 0.649097 0.422882
-0.097604 0.647085 0.423455
-0.097842 0.646796 0.423502
-0.098087 0.646553 0.423544
-0.101507 0.644135 0.424197
-0.101668 0.643894 0.424221
-0.102180 0.643227 0.424267
-0.102199 0.643087 0.424265
-0.102498 0.642645 0.424300
-0.102521 0.642505 0.424304
-0.102828 0.642062 0.424361
-0.102852 0.641922 0.424367
-0.103170 0.641441 0.424440
-0.103189 0.641308 0.424446
-0.103494 0.640879 0.424518
-0.103487 0.640300 0.424543
-0.103380 0.639592 0.424554
-0.103285 0.638940 0.424561
-0.103280 0.638779 0.424565
-0.102836 0.638254 0.424507
-0.102777 0.637912 0.424504
-0.102277 0.637419 0.424434
-0.102245 0.637243 0.424432
-0.101690 0.636576 0.424353
-0.102613 0.635869 0.424538
-0.103491 0.635154 0.424723
-0.104381 0.633876 0.424921
-0.105370 0.633088 0.425118
-0.106284 0.632313 0.425310
-0.107254 0.630651 0.425481
-0.107264 0.630448 0.425473
-0.106832 0.629839 0.425351
-0.106800 0.629655 0.425338
-0.106304 0.629059 0.425225
-0.106270 0.628873 0.425216
-0.105773 0.628267 0.425118
-0.105707 0.627906 0.425105
-0.105275 0.627479 0.425029
-0.105195 0.627117 0.425016
-0.104695 0.626603 0.424931
-0.104665 0.626424 0.424927
-0.104138 0.625762 0.424841
-0.104116 0.625587 0.424838
-0.103658 0.625021 0.424767
-0.103629 0.624837 0.424764
-0.103108 0.624164 0.424684
-0.103086 0.623988 0.424683
-0.102633 0.623420 0.424615
-0.102605 0.623237 0.424613
-0.102137 0.622643 0.424544
-0.102079 0.622284 0.424540
-0.101666 0.621863 0.424480
-0.101558 0.621359 0.424471
-0.101214 0.621081 0.424421
-0.101077 0.620578 0.424406
-0.100654 0.620217 0.424344
-0.100551 0.619733 0.424336
-0.100215 0.619469 0.424287
-0.100083 0.618973 0.424274
-0.099736 0.618696 0.424223
-0.099466 0.617810 0.424201
-0.099459 0.617640 0.424204
-0.102392 0.615214 0.424849
-0.102540 0.614956 0.424879
-0.105838 0.612229 0.425569
-0.106022 0.611437 0.425531
-0.105954 0.610768 0.425446
-0.105870 0.610093 0.425377
-0.105768 0.609353 0.425317
-0.105680 0.608646 0.425274
-0.105598 0.607947 0.425247
-0.105519 0.607248 0.425231
-0.105443 0.606547 0.425225
-0.105368 0.605845 0.425227
-0.105310 0.605195 0.425237
-0.105244 0.604509 0.425251
-0.105158 0.603751 0.425272
-0.105081 0.603027 0.425299
-0.105024 0.602367 0.425328
-0.104961 0.601674 0.425359
-0.104895 0.600969 0.425394
-0.104811 0.600200 0.425435
-0.104753 0.599525 0.425474
-0.104691 0.598824 0.425516
-0.104626 0.598114 0.425558
-0.104545 0.597341 0.425608
-0.104489 0.596662 0.425653
-0.104427 0.595959 0.425693
-0.104429 0.595790 0.425701
-0.107475 0.593214 0.426407
-0.107675 0.592452 0.426399
-0.107627 0.591787 0.426341
-0.107542 0.591050 0.426289
-0.107483 0.590392 0.426263
-0.107421 0.589704 0.426249
-0.107341 0.588946 0.426242
-0.107271 0.588221 0.426245
-0.107222 0.587559 0.426257
-0.107151 0.586807 0.426274
-0.107102 0.586137 0.426296
-0.107048 0.585437 0.426322
-0.106975 0.584668 0.426354
-0.106912 0.583934 0.426390
-0.106854 0.583210 0.426429
-0.106811 0.582544 0.426467
-0.106778 0.581912 0.426501
-0.107685 0.581202 0.426712
-0.109824 0.579224 0.427224
-0.110823 0.578461 0.427447
-0.113254 0.576253 0.427904
-0.113322 0.575636 0.427762
-0.113267 0.575009 0.427621
-0.114153 0.574304 0.427815
-0.116248 0.572352 0.428233
-0.118104 0.570927 0.428642
-0.119556 0.569490 0.428819
-0.120490 0.568740 0.429012
-0.122645 0.566752 0.429333
-0.123600 0.565974 0.429527
-0.125852 0.563863 0.429753
-0.126758 0.563117 0.429927
-0.128828 0.561171 0.430125
-0.129751 0.560392 0.430298
-0.131918 0.558308 0.430257
-0.131881 0.557956 0.429694
-0.132680 0.557245 0.429823
-0.134485 0.555405 0.429841
-0.135351 0.554637 0.429986
-0.137253 0.552747 0.429813
-0.138060 0.552033 0.429922
-0.139749 0.550379 0.429714
-0.140551 0.549657 0.429807
-0.142103 0.548157 0.429229
-0.142820 0.547513 0.429267
-0.144088 0.546299 0.428639
-0.144772 0.545673 0.428642
-0.145646 0.544897 0.427423
-0.146205 0.544386 0.427344
-0.146694 0.543958 0.426057
-0.147170 0.543503 0.425917
-0.146425 0.544334 0.423204
-0.143735 0.546840 0.419867
-0.140049 0.549889 0.415956
-0.135970 0.552830 0.412261
-0.132218 0.555127 0.409351
-0.127571 0.557587 0.406303
-0.123389 0.559459 0.404005
-0.119032 0.561125 0.402001
-0.114519 0.562619 0.400295
-0.113761 0.562800 0.400042
-0.109529 0.563976 0.398707
-0.108703 0.564133 0.398486
-0.103270 0.565456 0.397181
-0.102391 0.565604 0.397020
-0.097574 0.566622 0.396207
-0.091094 0.567923 0.395699
-0.085715 0.568940 0.395684
-0.084846 0.569046 0.395714
-0.080288 0.570035 0.396206
-0.079541 0.570126 0.396293
-0.076374 0.570810 0.396900
-0.075119 0.570936 0.397122
-0.072628 0.571531 0.397763
-0.072157 0.571563 0.397846
-0.070508 0.571937 0.398257
-0.069894 0.571926 0.398352
-0.069037 0.572157 0.398643
-0.068869 0.572112 0.398677
-0.068494 0.572116 0.398935
-0.068420 0.572032 0.398955
-0.068542 0.571830 0.399132
-0.068542 0.571710 0.399147
-0.068980 0.571355 0.399296
-0.069034 0.571208 0.399306
-0.069802 0.570674 0.399442
-0.069890 0.570510 0.399446
-0.070719 0.569954 0.399555
-0.070844 0.569770 0.399559
-0.071968 0.569044 0.399672
-0.072108 0.568853 0.399673
-0.073159 0.568172 0.399777
-0.073471 0.567772 0.399781
-0.074398 0.567224 0.399882
-0.074917 0.566637 0.399895
-0.075674 0.566229 0.399988
-0.076264 0.565628 0.400020
-0.077297 0.565094 0.400143
-0.077705 0.564674 0.400165
-0.078774 0.564078 0.400297
-0.079197 0.563639 0.400323
-0.080537 0.562894 0.400450
-0.080766 0.562670 0.400450
-0.082485 0.561706 0.400516
-0.082732 0.561478 0.400506
-0.084303 0.560609 0.400559
-0.084580 0.560368 0.400552
-0.086581 0.559303 0.400613
-0.086876 0.559058 0.400606
-0.088669 0.558106 0.400688
-0.089300 0.557601 0.400685
-0.090834 0.556835 0.400789
-0.091524 0.556313 0.400807
-0.093151 0.555511 0.400947
-0.094232 0.554736 0.400995
-0.095515 0.554130 0.401137
-0.096676 0.553331 0.401226
-0.098019 0.552700 0.401405
-0.099237 0.551875 0.401531
-0.100626 0.551218 0.401747
-0.101890 0.550366 0.401910
-0.103759 0.549482 0.402238
-0.105029 0.548621 0.402433
-0.106461 0.547917 0.402729
-0.108189 0.546763 0.403057
-0.109626 0.546066 0.403402
-0.111365 0.544899 0.403797
-0.112799 0.544187 0.404192
-0.114533 0.542997 0.404654
-0.115950 0.542266 0.405098
-0.117664 0.541051 0.405625
-0.118605 0.540536 0.405956
-0.120728 0.539008 0.406701
-0.121187 0.538745 0.406880
-0.123321 0.537174 0.407723
-0.123774 0.536906 0.407916
-0.126239 0.535051 0.408986
-0.126671 0.534790 0.409187
-0.128663 0.533208 0.410134
-0.129082 0.532937 0.410345
-0.131339 0.531067 0.411509
-0.131731 0.530805 0.411722
-0.133528 0.529220 0.412722
-0.134274 0.528696 0.413156
-0.135911 0.527141 0.414135
-0.136259 0.526875 0.414349
-0.137836 0.525294 0.415353
-0.138492 0.524780 0.415782
-0.139915 0.523256 0.416747
-0.140219 0.522998 0.416955
-0.141821 0.521220 0.418102
-0.142102 0.520978 0.418305
-0.143364 0.519497 0.419248
-0.143631 0.519252 0.419448
-0.143907 0.518902 0.419652
-0.146375 0.515958 0.421109
-0.146724 0.515652 0.421336
-0.147028 0.515305 0.421537
-0.149343 0.512609 0.422846
-0.149862 0.512251 0.423158
-0.150051 0.512045 0.423270
-0.151987 0.509729 0.424314
-0.152202 0.509588 0.424429
-0.152373 0.509401 0.424517
-0.154090 0.507277 0.425418
-0.154246 0.507198 0.425489
-0.154378 0.507136 0.425425
-0.154389 0.507191 0.425410
-0.154335 0.507090 0.425289
-0.154356 0.507101 0.425291
-0.154406 0.506777 0.425301
-0.154893 0.506015 0.425558
-0.155341 0.505266 0.425831
-0.155992 0.504355 0.426203
-0.155972 0.504287 0.426177
-0.155930 0.504250 0.426099
-0.155908 0.504163 0.426077
-0.155918 0.503968 0.426066
-0.155913 0.503852 0.426061
-0.156035 0.503511 0.426152
-0.156052 0.503363 0.426166
-0.156270 0.502895 0.426340
-0.156305 0.502726 0.426370
-0.156646 0.502098 0.426648
-0.156694 0.501918 0.426687
-0.157063 0.501289 0.426982
-0.157126 0.501089 0.427034
-0.157560 0.500381 0.427380
-0.157635 0.500168 0.427442
-0.158120 0.499401 0.427831
-0.158205 0.499176 0.427900
-0.158553 0.498614 0.428173
-0.159082 0.498153 0.426931
-0.159444 0.497675 0.426391
-0.159789 0.497343 0.426306
-0.160388 0.496901 0.424971
-0.160952 0.496271 0.424307
-0.161133 0.496120 0.424298
-0.161988 0.495536 0.422616
-0.162500 0.494956 0.422297
-0.162676 0.494804 0.422335
-0.163502 0.494204 0.420699
-0.164007 0.493610 0.420386
-0.164182 0.493455 0.420424
-0.164769 0.492984 0.419124
-0.165344 0.492319 0.418479
-0.165709 0.492020 0.418507
-0.166007 0.491770 0.417784
-0.166812 0.490845 0.416512
-0.166998 0.490701 0.416498
-0.167305 0.490445 0.415745
-0.168277 0.489384 0.414380
-0.168456 0.489254 0.414405
-0.168747 0.489006 0.413670
-0.169687 0.487959 0.412315
-0.170033 0.487712 0.412386
-0.170576 0.486902 0.412661
-0.170884 0.486595 0.412850
-0.171379 0.485711 0.413179
-0.171674 0.485384 0.413368
-0.172156 0.484476 0.413690
-0.172413 0.484180 0.413814
-0.172724 0.483890 0.413967
-0.173678 0.482536 0.414521
-0.173961 0.482230 0.414659
-0.174252 0.481814 0.414803
-0.175447 0.480303 0.415503
-0.175589 0.480012 0.415595
-0.176495 0.478738 0.416179
-0.176624 0.478455 0.416264
-0.177362 0.477367 0.416742
-0.177489 0.477078 0.416828
-0.178091 0.476152 0.417218
-0.178362 0.475846 0.417358
-0.178865 0.475059 0.417629
-0.179640 0.474055 0.418094
-0.179930 0.473739 0.418246
-0.180223 0.473309 0.418399
-0.181448 0.471713 0.419130
-0.181594 0.471405 0.419227
-0.182104 0.470619 0.419553
-0.182663 0.469958 0.419854
-0.182896 0.469558 0.419987
-0.183995 0.467991 0.420671
-0.184134 0.467678 0.420766
-0.184889 0.466476 0.421268
-0.185017 0.466165 0.421359
-0.185729 0.464978 0.421835
-0.185849 0.464671 0.421921
-0.186635 0.463338 0.422452
-0.186745 0.463045 0.422531
-0.186946 0.462716 0.421724
-0.187662 0.461901 0.420268
-0.188040 0.461151 0.420210
-0.188336 0.460764 0.420316
-0.188700 0.459955 0.420515
-0.189225 0.459224 0.420819
-0.189438 0.458688 0.420958
-0.189928 0.457925 0.421252
-0.190124 0.457390 0.421384
-0.190253 0.457164 0.421457
-0.192013 0.454558 0.422043
-0.192788 0.453313 0.422382
-0.192981 0.453095 0.422469
-0.194334 0.451159 0.422892
-0.195376 0.449628 0.423294
-0.195789 0.449249 0.423462
-0.196465 0.448260 0.423657
-0.198052 0.445920 0.424230
-0.198563 0.445572 0.424426
-0.198863 0.445072 0.424561
-0.199097 0.444926 0.424649
-0.199236 0.444502 0.424716
-0.199442 0.444277 0.424795
-0.199567 0.443802 0.424860
-0.199819 0.443483 0.424960
-0.199901 0.443131 0.425002
-0.200157 0.442731 0.425105
-0.200239 0.442358 0.425149
-0.200497 0.441932 0.425252
-0.200611 0.441402 0.425316
-0.200867 0.441029 0.425416
-0.200985 0.440509 0.425480
-0.201192 0.440210 0.425557
-0.201757 0.439234 0.425706
-0.202662 0.437565 0.425999
-0.203628 0.436442 0.426334
-0.203933 0.435745 0.426464
-0.204021 0.434978 0.426534
-0.204055 0.434066 0.426598
-0.204071 0.433231 0.426652
-0.204074 0.432364 0.426704
-0.204074 0.431411 0.426767
-0.204044 0.430521 0.426851
-0.203983 0.429684 0.426926
-0.203911 0.428942 0.426981
-0.203817 0.428188 0.427027
-0.203698 0.427382 0.427073
-0.203581 0.426620 0.427113
-0.203546 0.426286 0.427125
-0.203627 0.425933 0.427168
-0.203628 0.425773 0.427176
-0.203757 0.425367 0.427227
-0.203761 0.425207 0.427235
-0.203899 0.424804 0.427286
-0.203903 0.424500 0.427302
-0.204020 0.424233 0.427340
-0.204029 0.423825 0.427363
-0.204149 0.423634 0.427399
-0.204163 0.423248 0.427421
-0.204264 0.423095 0.427448
-0.204289 0.422701 0.427470
-0.204419 0.422527 0.427505
-0.204436 0.422249 0.427519
-0.204914 0.421223 0.427639
-0.206224 0.419222 0.427997
-0.206359 0.418973 0.428037
-0.206921 0.417854 0.428184
-0.208573 0.415663 0.428636
-0.208780 0.415342 0.428695
-0.209145 0.415219 0.428767
-0.209204 0.414775 0.428793
-0.209115 0.414219 0.428796
-0.208975 0.413588 0.428794
-0.208889 0.413144 0.428793
-0.208949 0.412901 0.428807
-0.209168 0.412949 0.428838
-0.209442 0.413082 0.428874
-0.209736 0.413240 0.428912
-0.210012 0.413388 0.428947
-0.210334 0.413572 0.428987
-0.210620 0.413730 0.429021
-0.210948 0.413920 0.429062
-0.211240 0.414081 0.429096
-0.211573 0.414274 0.429135
-0.211895 0.414458 0.429173
-0.212188 0.414619 0.429206
-0.212498 0.414793 0.429241
-0.212815 0.414973 0.429275
-0.213166 0.415178 0.429314
-0.213234 0.415208 0.429320
-0.213714 0.414970 0.429448
-0.213896 0.414999 0.429467
-0.214335 0.414749 0.429587
-0.214810 0.414842 0.429649
-0.215160 0.414993 0.429695
-0.215310 0.414972 0.428756
-0.215923 0.415154 0.426708
-0.216063 0.415142 0.425707
-0.216692 0.415396 0.423492
-0.217056 0.415624 0.423421
-0.217436 0.415858 0.423444
-0.217760 0.416046 0.423471
-0.218127 0.416266 0.423501
-0.218450 0.416452 0.423528
-0.218789 0.416647 0.423556
-0.219135 0.416847 0.423584
-0.219485 0.417050 0.423612
-0.219839 0.417254 0.423640
-0.220229 0.417485 0.423670
-0.220569 0.417677 0.423696
-0.220956 0.417902 0.423726
-0.221330 0.418118 0.423754
-0.221669 0.418306 0.423778
-0.222061 0.418532 0.423807
-0.222325 0.418668 0.423825
-0.223618 0.416387 0.424064
-0.224498 0.415847 0.424214
-0.225945 0.413532 0.424494
-0.227285 0.413147 0.424718
-0.227836 0.413487 0.424772
-0.228317 0.413810 0.424809
-0.228732 0.414070 0.424838
-0.229095 0.414279 0.424862
-0.229474 0.414495 0.424886
-0.229863 0.414713 0.424910
-0.230294 0.414958 0.424936
-0.230312 0.414855 0.424938
-0.230538 0.414675 0.424952
-0.230548 0.414548 0.424953
-0.230766 0.414301 0.424964
-0.230768 0.414172 0.424964
-0.230963 0.413910 0.424971
-0.230963 0.413779 0.424971
-0.231133 0.413521 0.424976
-0.231136 0.413385 0.424976
-0.231538 0.412268 0.425057
-0.232747 0.410158 0.425308
-0.232973 0.409734 0.425357
-0.233437 0.408626 0.425455
-0.234810 0.406597 0.425745
-0.235182 0.406123 0.425822
-0.235586 0.406120 0.425868
-0.235668 0.405931 0.425879
-0.235925 0.405876 0.425895
-0.235964 0.405657 0.425898
-0.236203 0.405559 0.425906
-0.236213 0.405439 0.425906
-0.236426 0.405228 0.425910
-0.236432 0.405099 0.425909
-0.236630 0.404865 0.425911
-0.236633 0.404616 0.425909
-0.236821 0.404468 0.425907
-0.236825 0.404342 0.425906
-0.237021 0.404111 0.425905
-0.237025 0.403980 0.425904
-0.237219 0.403740 0.425902
-0.237221 0.403490 0.425899
-0.237384 0.403348 0.425896
-0.237395 0.403101 0.425893
-0.237444 0.403037 0.425892
-0.237749 0.402878 0.423581
-0.237828 0.402580 0.422897
-0.237888 0.402553 0.422811
-0.238187 0.402469 0.420389
-0.238270 0.402211 0.419681
-0.238333 0.402194 0.419593
-0.238536 0.402128 0.417715
-0.238644 0.401866 0.416604
-0.238712 0.401855 0.416466
-0.238899 0.401805 0.414536
-0.239018 0.401539 0.413259
-0.239081 0.401547 0.413171
-0.239170 0.401525 0.412147
-0.239304 0.401244 0.410187
-0.239495 0.401311 0.409916
-0.239555 0.401082 0.409853
-0.239856 0.401148 0.409855
-0.240202 0.401348 0.409876
-0.240642 0.401613 0.409902
-0.241047 0.401846 0.409924
-0.241522 0.402121 0.409949
-0.241944 0.402356 0.409970
-0.242389 0.402600 0.409990
-0.242845 0.402848 0.410011
-0.243355 0.403128 0.410031
-0.243797 0.403362 0.410049
-0.244304 0.403634 0.410068
-0.244749 0.403866 0.410085
-0.245263 0.404137 0.410103
-0.245713 0.404369 0.410119
-0.246233 0.404641 0.410136
-0.246736 0.404901 0.410151
-0.247189 0.405129 0.410166
-0.247667 0.405371 0.410180
-0.247771 0.405418 0.410184
-0.249658 0.402539 0.410514
-0.249857 0.402531 0.410539
-0.251804 0.399722 0.410912
-0.252063 0.399678 0.410952
-0.254142 0.396853 0.411382
-0.254662 0.396837 0.411467
-0.256617 0.394075 0.411915
-0.256882 0.394039 0.411964
-0.259101 0.391141 0.412516
-0.260117 0.391483 0.412708
-0.260809 0.391917 0.412812
-0.261388 0.392274 0.412883
-0.261162 0.393364 0.412803
-0.260652 0.395797 0.412537
-0.259990 0.397925 0.412319
-0.259385 0.399450 0.412033
-0.259550 0.399552 0.411964
-0.259942 0.399674 0.411940
-0.260424 0.399853 0.411931
-0.260998 0.400087 0.411928
-0.261508 0.400298 0.411930
-0.262043 0.400523 0.411934
-0.262646 0.400784 0.411939
-0.263223 0.401031 0.411944
-0.263739 0.401249 0.411950
-0.264283 0.401480 0.411957
-0.264841 0.401718 0.411963
-0.265464 0.401986 0.411969
-0.266002 0.402213 0.411974
-0.266562 0.402448 0.411980
-0.267192 0.402716 0.411985
-0.267794 0.402969 0.411989
-0.268332 0.403189 0.411993
-0.268957 0.403450 0.411996
-0.269507 0.403674 0.412000
-0.270082 0.403909 0.412003
-0.270732 0.404176 0.412005
-0.271295 0.404403 0.412007
-0.271943 0.404666 0.412009
-0.272567 0.404917 0.412009
-0.273127 0.405137 0.412010
-0.273718 0.405370 0.412011
-0.274387 0.405636 0.412010
-0.274967 0.405862 0.412009
-0.275635 0.406124 0.412007
-0.276219 0.406348 0.412006
-0.276830 0.406581 0.412004
-0.277454 0.406819 0.412002
-0.278086 0.407059 0.411999
-0.278440 0.406011 0.412081
-0.280082 0.403926 0.412401
-0.280493 0.402840 0.412509
-0.282154 0.400789 0.412881
-0.282599 0.399677 0.413007
-0.284569 0.397597 0.413481
-0.284984 0.396520 0.413612
-0.286678 0.394501 0.414067
-0.287515 0.392434 0.414360
-0.289136 0.391295 0.414812
-0.290098 0.391640 0.414995
-0.290932 0.392028 0.415116
-0.291570 0.392303 0.415185
-0.292269 0.392586 0.415239
-0.292932 0.392838 0.415275
