-0.800018 1.000023 0.249816 1.000000 0.000001 0.000003 0.000060
-0.800019 1.000024 0.249790 1.000000 -0.000001 0.000004 0.000063
-0.800022 1.000023 0.249817 1.000000 0.000002 -0.000003 0.000064
-0.800023 1.000025 0.249847 1.000000 -0.000002 -0.000005 0.000066
-0.800020 1.000021 0.249833 1.000000 0.000006 0.000002 0.000067
-0.800025 1.000025 0.249772 1.000000 -0.000001 -0.000008 0.000068
-0.800019 1.000020 0.249768 1.000000 0.000008 0.000004 0.000069
-0.800021 1.000026 0.249761 1.000000 -0.000003 -0.000000 0.000069
-0.800023 1.000024 0.249751 1.000000 -0.000001 -0.000003 0.000071
-0.800021 1.000023 0.249758 1.000000 0.000002 -0.000000 0.000071
-0.800022 1.000022 0.249871 1.000000 0.000004 -0.000001 0.000073
-0.800021 1.000026 0.249877 1.000000 -0.000003 0.000002 0.000074
-0.800023 1.000023 0.249888 1.000000 0.000004 -0.000002 0.000075
-0.800021 1.000025 0.249833 1.000000 -0.000000 0.000003 0.000078
-0.800024 1.000026 0.249837 1.000000 -0.000002 -0.000003 0.000079
-0.800022 1.000027 0.249839 1.000000 -0.000004 0.000003 0.000082
-0.800024 1.000028 0.249826 1.000000 -0.000005 -0.000001 0.000082
-0.800026 1.000026 0.249845 1.000000 -0.000001 -0.000004 0.000085
-0.800024 1.000026 0.249845 1.000000 -0.000002 -0.000001 0.000085
-0.800025 1.000026 0.249913 1.000000 -0.000000 -0.000003 0.000088
-0.800026 1.000026 0.249902 1.000000 -0.000001 -0.000003 0.000089
-0.800025 1.000026 0.249893 1.000000 -0.000000 -0.000003 0.000089
-0.800025 1.000025 0.249917 1.000000 0.000001 -0.000002 0.000091
-0.800023 1.000027 0.249919 1.000000 -0.000002 0.000003 0.000091
-0.800025 1.000026 0.249912 1.000000 -0.000001 -0.000001 0.000091
-0.800025 1.000025 0.249898 1.000000 0.000002 -0.000001 0.000093
-0.800026 1.000025 0.249910 1.000000 0.000001 -0.000002 0.000094
-0.800026 1.000027 0.249943 1.000000 -0.000001 -0.000002 0.000095
-0.800025 1.000027 0.249939 1.000000 -0.000001 0.000000 0.000096
-0.800025 1.000028 0.249898 1.000000 -0.000002 -0.000000 0.000099
-0.800025 1.000025 0.249893 1.000000 0.000003 -0.000001 0.000099
-0.800024 1.000026 0.249870 1.000000 0.000001 0.000003 0.000100
-0.800025 1.000028 0.249912 1.000000 -0.000003 0.000001 0.000101
-0.800026 1.000028 0.249920 1.000000 -0.000002 -0.000002 0.000101
-0.800026 1.000027 0.249913 1.000000 -0.000000 -0.000001 0.000102
-0.800026 1.000026 0.249938 1.000000 0.000002 -0.000001 0.000104
-0.800026 1.000027 0.249938 1.000000 0.000000 -0.000000 0.000104
-0.800027 1.000027 0.249887 1.000000 -0.000000 -0.000003 0.000107
-0.800026 1.000027 0.249897 1.000000 0.000001 -0.000001 0.000107
-0.800028 1.000027 0.249903 1.000000 0.000002 -0.000004 0.000108
-0.800025 1.000029 0.249891 1.000000 -0.000003 0.000003 0.000108
-0.800028 1.000029 0.249790 1.000000 -0.000003 -0.000003 0.000108
-0.800025 1.000030 0.249779 1.000000 -0.000005 0.000003 0.000109
-0.800027 1.000029 0.249824 1.000000 -0.000003 0.000000 0.000112
-0.800024 1.000028 0.249826 1.000000 -0.000000 0.000005 0.000112
-0.800026 1.000028 0.249871 1.000000 -0.000000 0.000001 0.000115
-0.800025 1.000027 0.249893 1.000000 0.000002 0.000003 0.000116
-0.800025 1.000029 0.249830 1.000000 -0.000001 0.000005 0.000118
-0.800029 1.000026 0.249829 1.000000 0.000005 -0.000003 0.000118
-0.800026 1.000031 0.249829 1.000000 -0.000005 0.000004 0.000119
-0.800027 1.000030 0.249819 1.000000 -0.000002 0.000002 0.000119
-0.800031 1.000029 0.249825 1.000000 -0.000000 -0.000004 0.000120
-0.800029 1.000030 0.249834 1.000000 -0.000001 -0.000001 0.000120
-0.800030 1.000029 0.249896 1.000000 -0.000000 -0.000001 0.000122
-0.800030 1.000029 0.249900 1.000000 0.000000 -0.000002 0.000123
-0.795030 1.000032 0.249902 1.000000 -0.000004 -0.000000 0.000124
-0.795031 1.000029 0.249892 1.000000 0.000001 -0.000004 0.000125
-0.775030 1.000029 0.249882 1.000000 0.000001 -0.000001 0.000128
-0.360035 0.730038 0.249848 1.000000 -0.000001 0.000001 0.000301
-0.360037 0.730037 0.249945 1.000000 0.000001 -0.000002 0.000304
-0.360036 0.730037 0.249951 1.000000 0.000000 0.000000 0.000304
-0.360036 0.730037 0.249867 1.000000 0.000002 -0.000001 0.000307
-0.360036 0.730037 0.249894 1.000000 0.000001 -0.000000 0.000308
-0.360036 0.730035 0.249904 1.000000 0.000005 -0.000001 0.000310
-0.360035 0.730038 0.249904 1.000000 -0.000000 0.000001 0.000313
-0.360036 0.730037 0.249885 1.000000 0.000003 -0.000000 0.000315
-0.360038 0.730037 0.249855 1.000000 0.000002 -0.000005 0.000318
-0.360038 0.730041 0.249788 1.000000 -0.000006 -0.000005 0.000319
-0.360038 0.730039 0.249764 1.000000 -0.000002 -0.000005 0.000320
-0.360035 0.730038 0.249784 1.000000 0.000001 -0.000000 0.000321
-0.360035 0.730038 0.249826 1.000000 0.000001 0.000001 0.000322
-0.360036 0.730037 0.249875 1.000000 0.000003 -0.000002 0.000322
-0.360036 0.730037 0.249928 1.000000 0.000002 -0.000001 0.000323
-0.360036 0.730037 0.249936 1.000000 0.000001 -0.000001 0.000323
-0.360034 0.730039 0.249925 1.000000 -0.000001 0.000001 0.000324
-0.360036 0.730038 0.249930 1.000000 0.000001 -0.000001 0.000326
-0.360035 0.730038 0.249942 1.000000 0.000000 -0.000000 0.000326
-0.360035 0.730039 0.249906 1.000000 -0.000001 -0.000000 0.000327
-0.360034 0.730038 0.249892 1.000000 0.000001 0.000002 0.000328
-0.360035 0.730037 0.249913 1.000000 0.000003 0.000001 0.000330
-0.360034 0.730039 0.249897 1.000000 -0.000001 0.000001 0.000331
-0.360034 0.730040 0.249859 1.000000 -0.000002 0.000002 0.000334
-0.360034 0.730040 0.249847 1.000000 -0.000002 0.000001 0.000334
-0.360036 0.730038 0.249915 1.000000 0.000002 -0.000002 0.000335
-0.360035 0.730039 0.249932 1.000000 -0.000001 -0.000001 0.000335
-0.360035 0.730039 0.249964 1.000000 0.000000 0.000000 0.000336
-0.360036 0.730038 0.249956 1.000000 0.000001 -0.000002 0.000336
-0.360035 0.730037 0.249811 1.000000 0.000004 -0.000000 0.000339
-0.360034 0.730038 0.249828 1.000000 0.000002 0.000002 0.000343
-0.360038 0.730033 0.249814 1.000000 0.000011 -0.000005 0.000346
-0.360035 0.730032 0.249806 1.000000 0.000013 0.000000 0.000346
-0.360034 0.730041 0.249824 1.000000 -0.000003 0.000002 0.000348
-0.360036 0.730038 0.249825 1.000000 0.000002 -0.000001 0.000348
-0.360035 0.730037 0.249806 1.000000 0.000003 0.000001 0.000350
-0.360036 0.730038 0.249811 1.000000 0.000003 -0.000001 0.000351
-0.360036 0.730039 0.249870 1.000000 0.000001 -0.000002 0.000352
-0.360034 0.730038 0.249915 1.000000 0.000003 0.000001 0.000353
-0.360035 0.730040 0.249899 1.000000 -0.000002 -0.000000 0.000354
-0.360036 0.730040 0.249891 1.000000 -0.000002 -0.000001 0.000354
-0.360037 0.730039 0.249870 1.000000 0.000000 -0.000004 0.000356
-0.360033 0.730039 0.249866 1.000000 0.000000 0.000003 0.000358
-0.360034 0.730039 0.249867 1.000000 0.000001 0.000001 0.000358
-0.360035 0.730039 0.249908 1.000000 0.000001 -0.000001 0.000360
-0.360035 0.730039 0.249908 1.000000 0.000001 -0.000000 0.000360
-0.360034 0.730039 0.249880 1.000000 0.000002 0.000001 0.000363
-0.360034 0.730040 0.249867 1.000000 -0.000001 0.000000 0.000363
-0.360033 0.730043 0.249810 1.000000 -0.000006 0.000003 0.000366
-0.360035 0.730039 0.249822 1.000000 0.000002 -0.000001 0.000366
-0.360035 0.730041 0.249879 1.000000 -0.000003 -0.000001 0.000369
-0.360034 0.730040 0.249877 1.000000 0.000000 0.000001 0.000370
-0.360034 0.730040 0.249872 1.000000 0.000000 0.000000 0.000374
-0.360034 0.730039 0.249891 1.000000 0.000002 -0.000000 0.000375
-0.360034 0.730040 0.249947 1.000000 -0.000000 -0.000000 0.000377
-0.360035 0.730042 0.249950 1.000000 -0.000003 -0.000001 0.000377
-0.360034 0.730040 0.249914 1.000000 0.000001 0.000001 0.000379
-0.360034 0.730039 0.249920 1.000000 0.000002 -0.000001 0.000379
-0.360035 0.730040 0.249917 1.000000 0.000001 -0.000001 0.000382
-0.360034 0.730040 0.249900 1.000000 0.000000 0.000001 0.000383
-0.360034 0.730039 0.249896 1.000000 0.000002 0.000000 0.000384
-0.360033 0.730040 0.249874 1.000000 0.000002 0.000001 0.000385
-0.360033 0.730040 0.249901 1.000000 0.000001 0.000001 0.000386
-0.360034 0.730039 0.249876 1.000000 0.000003 0.000001 0.000388
-0.360032 0.730042 0.249863 1.000000 -0.000003 0.000003 0.000390
-0.360034 0.730041 0.249878 1.000000 -0.000000 0.000000 0.000390
-0.360035 0.730042 0.249908 1.000000 -0.000002 -0.000002 0.000391
-0.360033 0.730040 0.249861 1.000000 0.000002 0.000001 0.000392
-0.360033 0.730041 0.249823 1.000000 0.000000 0.000002 0.000393
-0.360035 0.730041 0.249848 1.000000 0.000000 -0.000002 0.000397
-0.360036 0.730043 0.249892 1.000000 -0.000004 -0.000004 0.000399
-0.360036 0.730040 0.249772 1.000000 0.000003 -0.000004 0.000401
-0.360035 0.730040 0.249780 1.000000 0.000003 -0.000003 0.000404
-0.360035 0.730042 0.249905 1.000000 -0.000001 -0.000003 0.000407
-0.360034 0.730041 0.249953 1.000000 0.000000 -0.000001 0.000408
-0.360034 0.730044 0.249840 1.000000 -0.000004 -0.000001 0.000411
-0.360036 0.730041 0.249823 1.000000 0.000002 -0.000006 0.000416
-0.360033 0.730041 0.249883 1.000000 0.000001 0.000000 0.000419
-0.360034 0.730043 0.249926 1.000000 -0.000003 -0.000001 0.000421
-0.360034 0.730042 0.249927 1.000000 -0.000001 -0.000002 0.000423
-0.360034 0.730040 0.249881 1.000000 0.000005 -0.000002 0.000427
-0.360034 0.730042 0.249933 1.000000 0.000001 -0.000001 0.000429
-0.360033 0.730042 0.249948 1.000000 0.000001 -0.000000 0.000429
-0.360032 0.730042 0.249922 1.000000 0.000001 0.000002 0.000430
-0.360033 0.730041 0.249919 1.000000 0.000002 0.000000 0.000430
-0.360033 0.730042 0.249937 1.000000 0.000001 0.000001 0.000432
-0.360034 0.730043 0.249948 1.000000 -0.000001 -0.000002 0.000432
-0.360032 0.730043 0.249911 1.000000 -0.000001 0.000001 0.000435
-0.360033 0.730043 0.249815 1.000000 -0.000002 0.000001 0.000437
-0.360034 0.730042 0.249825 1.000000 0.000001 -0.000003 0.000438
-0.360032 0.730044 0.249852 1.000000 -0.000002 0.000002 0.000441
-0.360032 0.730043 0.249893 1.000000 -0.000000 0.000001 0.000442
-0.360034 0.730043 0.249940 1.000000 -0.000000 -0.000002 0.000444
-0.360034 0.730043 0.249945 1.000000 0.000000 -0.000003 0.000444
-0.360033 0.730043 0.249903 1.000000 -0.000001 -0.000000 0.000445
-0.360032 0.730043 0.249912 1.000000 -0.000001 0.000000 0.000445
-0.360034 0.730040 0.249848 1.000000 0.000005 -0.000003 0.000449
-0.360032 0.730045 0.249840 1.000000 -0.000005 0.000001 0.000449
-0.360032 0.730044 0.249856 1.000000 -0.000002 0.000001 0.000451
-0.360032 0.730042 0.249874 1.000000 0.000002 0.000002 0.000451
-0.360033 0.730043 0.249941 1.000000 -0.000000 -0.000001 0.000454
-0.360032 0.730044 0.249940 1.000000 -0.000001 0.000002 0.000455
-0.360034 0.730042 0.249907 1.000000 0.000003 -0.000002 0.000458
-0.360032 0.730042 0.249882 1.000000 0.000002 0.000001 0.000461
-0.360033 0.730044 0.249860 1.000000 -0.000001 -0.000001 0.000463
-0.360033 0.730045 0.249853 1.000000 -0.000003 -0.000001 0.000465
-0.360034 0.730043 0.249877 1.000000 0.000001 -0.000002 0.000468
-0.360032 0.730044 0.249912 1.000000 -0.000001 0.000000 0.000468
-0.360033 0.730044 0.249862 1.000000 -0.000000 -0.000002 0.000470
-0.360034 0.730044 0.249859 1.000000 -0.000001 -0.000003 0.000470
-0.360033 0.730045 0.249861 1.000000 -0.000003 -0.000001 0.000471
-0.360034 0.730044 0.249930 1.000000 0.000000 -0.000003 0.000472
-0.360032 0.730043 0.249932 1.000000 0.000002 0.000000 0.000473
-0.360032 0.730043 0.249919 1.000000 0.000003 -0.000001 0.000475
-0.360033 0.730046 0.249913 1.000000 -0.000003 -0.000002 0.000475
-0.360032 0.730046 0.249890 1.000000 -0.000004 0.000001 0.000479
-0.360031 0.730044 0.249889 1.000000 0.000001 0.000001 0.000479
-0.360032 0.730045 0.249935 1.000000 -0.000001 -0.000000 0.000481
-0.360032 0.730046 0.249930 1.000000 -0.000003 -0.000000 0.000482
-0.360031 0.730043 0.249857 1.000000 0.000003 0.000002 0.000485
-0.360032 0.730043 0.249831 1.000000 0.000003 -0.000000 0.000485
-0.360032 0.730046 0.249795 1.000000 -0.000003 -0.000001 0.000487
-0.360030 0.730043 0.249809 1.000000 0.000003 0.000003 0.000488
-0.360032 0.730042 0.249800 1.000000 0.000005 -0.000000 0.000490
-0.360031 0.730044 0.249820 1.000000 0.000001 0.000000 0.000491
-0.360031 0.730045 0.249924 1.000000 0.000000 0.000001 0.000492
-0.360031 0.730045 0.249935 1.000000 0.000001 0.000002 0.000493
-0.360031 0.730045 0.249938 1.000000 -0.000001 0.000001 0.000493
-0.360032 0.730044 0.249936 1.000000 0.000002 -0.000002 0.000494
-0.360031 0.730045 0.249941 1.000000 -0.000000 0.000001 0.000494
-0.360033 0.730045 0.249940 1.000000 0.000001 -0.000003 0.000495
-0.360032 0.730045 0.249933 1.000000 0.000001 -0.000000 0.000496
-0.360032 0.730045 0.249945 1.000000 0.000000 -0.000001 0.000496
-0.360032 0.730045 0.249951 1.000000 -0.000001 -0.000001 0.000497
-0.360031 0.730047 0.249956 1.000000 -0.000003 0.000000 0.000498
-0.360031 0.730046 0.249950 1.000000 -0.000001 0.000001 0.000499
-0.360031 0.730046 0.249915 1.000000 -0.000002 0.000001 0.000499
-0.360031 0.730044 0.249944 1.000000 0.000001 -0.000000 0.000501
-0.360032 0.730046 0.249950 1.000000 -0.000002 -0.000001 0.000501
-0.360032 0.730044 0.249929 1.000000 0.000002 -0.000001 0.000502
-0.360032 0.730045 0.249947 1.000000 0.000002 -0.000001 0.000503
-0.360032 0.730044 0.249907 1.000000 0.000002 -0.000003 0.000505
-0.360031 0.730044 0.249902 1.000000 0.000004 -0.000001 0.000506
-0.360029 0.730047 0.249859 1.000000 -0.000002 0.000003 0.000508
-0.360034 0.730045 0.249824 1.000000 0.000000 -0.000007 0.000510
-0.360029 0.730049 0.249806 1.000000 -0.000006 0.000004 0.000512
-0.360031 0.730046 0.249803 1.000000 -0.000000 -0.000000 0.000513
-0.360031 0.730043 0.249813 1.000000 0.000005 -0.000001 0.000513
-0.360032 0.730045 0.249814 1.000000 0.000001 -0.000001 0.000514
-0.360030 0.730045 0.249823 1.000000 0.000002 0.000003 0.000514
-0.360032 0.730045 0.249813 1.000000 0.000002 -0.000002 0.000515
-0.360031 0.730046 0.249844 1.000000 -0.000001 -0.000000 0.000517
-0.360029 0.730045 0.249855 1.000000 0.000001 0.000004 0.000518
-0.360033 0.730045 0.249846 1.000000 0.000003 -0.000003 0.000520
-0.360030 0.730047 0.249863 1.000000 -0.000002 0.000003 0.000522
-0.360031 0.730045 0.249887 1.000000 0.000001 0.000000 0.000523
-0.360032 0.730045 0.249932 1.000000 0.000002 -0.000002 0.000524
-0.360032 0.730046 0.249955 1.000000 0.000000 -0.000002 0.000524
-0.360034 0.730047 0.249856 1.000000 -0.000001 -0.000006 0.000526
-0.360029 0.730044 0.249826 1.000000 0.000004 0.000003 0.000526
-0.360031 0.730043 0.249794 1.000000 0.000007 0.000001 0.000528
-0.360030 0.730047 0.249815 1.000000 -0.000001 0.000001 0.000529
-0.360030 0.730044 0.249872 1.000000 0.000004 0.000001 0.000531
-0.360032 0.730047 0.249835 1.000000 -0.000001 -0.000002 0.000532
-0.360030 0.730046 0.249875 1.000000 0.000000 0.000001 0.000534
-0.360031 0.730046 0.249902 1.000000 0.000001 -0.000001 0.000534
-0.360029 0.730046 0.249916 1.000000 0.000001 0.000003 0.000536
-0.360031 0.730047 0.249898 1.000000 0.000000 -0.000001 0.000537
-0.360030 0.730047 0.249925 1.000000 -0.000001 0.000001 0.000539
-0.360030 0.730048 0.249930 1.000000 -0.000002 0.000001 0.000539
-0.360031 0.730047 0.249903 1.000000 0.000001 -0.000000 0.000541
-0.360030 0.730047 0.249903 1.000000 0.000000 0.000001 0.000542
-0.360031 0.730045 0.249868 1.000000 0.000004 -0.000002 0.000545
-0.360030 0.730047 0.249904 1.000000 -0.000000 0.000001 0.000546
-0.360030 0.730048 0.249937 1.000000 -0.000002 0.000000 0.000547
-0.360032 0.730046 0.249897 1.000000 0.000002 -0.000004 0.000549
-0.360029 0.730046 0.249863 1.000000 0.000003 0.000001 0.000553
-0.360029 0.730049 0.249867 1.000000 -0.000002 0.000001 0.000555
-0.360031 0.730048 0.249908 1.000000 -0.000000 -0.000003 0.000556
-0.360031 0.730047 0.249933 1.000000 0.000000 -0.000002 0.000556
-0.360030 0.730047 0.249946 1.000000 0.000001 -0.000000 0.000558
-0.360031 0.730047 0.249959 1.000000 0.000001 -0.000002 0.000558
-0.360030 0.730047 0.249954 1.000000 0.000002 -0.000001 0.000559
-0.360030 0.730047 0.249951 1.000000 0.000000 -0.000001 0.000559
-0.360030 0.730047 0.249951 1.000000 0.000002 0.000000 0.000560
-0.360031 0.730049 0.249965 1.000000 -0.000002 -0.000002 0.000560
-0.360029 0.730049 0.249903 1.000000 -0.000003 0.000000 0.000562
-0.360030 0.730046 0.249874 1.000000 0.000004 -0.000000 0.000564
-0.360030 0.730048 0.249858 1.000000 -0.000000 -0.000002 0.000565
-0.360030 0.730049 0.249827 1.000000 -0.000003 -0.000000 0.000567
-0.360031 0.730048 0.249834 1.000000 -0.000000 -0.000003 0.000569
-0.360030 0.730050 0.249838 1.000000 -0.000004 -0.000003 0.000571
-0.360029 0.730048 0.249786 1.000000 0.000001 0.000001 0.000573
-0.360029 0.730043 0.249816 1.000000 0.000011 0.000000 0.000573
-0.360031 0.730046 0.249834 1.000000 0.000005 -0.000003 0.000574
-0.360028 0.730051 0.249833 1.000000 -0.000005 0.000002 0.000574
-0.360030 0.730049 0.249837 1.000000 -0.000001 -0.000001 0.000576
-0.360027 0.730049 0.249844 1.000000 -0.000000 0.000004 0.000577
-0.360028 0.730047 0.249822 1.000000 0.000003 0.000003 0.000578
-0.360029 0.730047 0.249799 1.000000 0.000004 0.000000 0.000579
-0.360029 0.730047 0.249802 1.000000 0.000003 0.000001 0.000580
-0.360028 0.730048 0.249797 1.000000 0.000000 0.000002 0.000581
-0.360029 0.730047 0.249804 1.000000 0.000004 0.000000 0.000582
-0.360030 0.730048 0.249808 1.000000 0.000001 -0.000003 0.000582
-0.360028 0.730049 0.249850 1.000000 -0.000001 0.000001 0.000583
-0.360029 0.730049 0.249933 1.000000 -0.000001 -0.000000 0.000584
-0.360029 0.730049 0.249940 1.000000 -0.000001 -0.000000 0.000584
-0.360030 0.730047 0.249940 1.000000 0.000003 -0.000001 0.000584
-0.360029 0.730050 0.249887 1.000000 -0.000003 -0.000000 0.000587
-0.360029 0.730048 0.249890 1.000000 0.000001 0.000000 0.000587
-0.360030 0.730048 0.249902 1.000000 0.000002 -0.000003 0.000588
-0.360030 0.730047 0.249900 1.000000 0.000003 -0.000001 0.000589
-0.360029 0.730048 0.249904 1.000000 0.000003 -0.000000 0.000590
-0.360029 0.730049 0.249902 1.000000 0.000001 0.000000 0.000590
-0.360030 0.730047 0.249881 1.000000 0.000005 -0.000002 0.000594
-0.360029 0.730049 0.249872 1.000000 0.000001 0.000000 0.000594
-0.360027 0.730051 0.249835 1.000000 -0.000004 0.000004 0.000597
-0.360029 0.730053 0.249831 1.000000 -0.000007 0.000000 0.000597
-0.360030 0.730048 0.249844 1.000000 0.000002 -0.000002 0.000600
-0.360033 0.730050 0.249811 1.000000 -0.000002 -0.000009 0.000601
-0.360029 0.730052 0.249770 1.000000 -0.000005 -0.000001 0.000603
-0.360027 0.730050 0.249775 1.000000 -0.000000 0.000003 0.000604
-0.360030 0.730050 0.249848 1.000000 -0.000001 -0.000003 0.000609
-0.360030 0.730051 0.249850 1.000000 -0.000002 -0.000003 0.000610
-0.360027 0.730051 0.249818 1.000000 -0.000003 0.000002 0.000612
-0.360030 0.730048 0.249818 1.000000 0.000004 -0.000004 0.000612
-0.360029 0.730049 0.249908 1.000000 0.000003 -0.000001 0.000614
-0.360029 0.730050 0.249915 1.000000 -0.000001 -0.000001 0.000615
-0.360029 0.730051 0.249903 1.000000 -0.000002 -0.000002 0.000616
-0.360028 0.730050 0.249871 1.000000 -0.000001 0.000000 0.000618
-0.360026 0.730050 0.249850 1.000000 -0.000000 0.000003 0.000619
-0.360030 0.730050 0.249833 1.000000 0.000000 -0.000003 0.000620
-0.360028 0.730050 0.249895 1.000000 0.000001 -0.000001 0.000623
-0.360028 0.730049 0.249911 1.000000 0.000003 0.000000 0.000623
-0.360030 0.730051 0.249903 1.000000 -0.000002 -0.000003 0.000626
-0.360028 0.730049 0.249882 1.000000 0.000003 -0.000000 0.000627
-0.360028 0.730052 0.249826 1.000000 -0.000003 -0.000001 0.000629
-0.360028 0.730052 0.249828 1.000000 -0.000003 0.000000 0.000629
-0.360031 0.730051 0.249796 1.000000 -0.000000 -0.000007 0.000631
-0.360027 0.730050 0.249792 1.000000 0.000002 0.000003 0.000632
-0.360029 0.730052 0.249814 1.000000 -0.000002 -0.000002 0.000634
-0.360030 0.730052 0.249802 1.000000 -0.000003 -0.000003 0.000634
-0.360028 0.730050 0.249872 1.000000 0.000001 0.000001 0.000636
-0.360030 0.730051 0.249902 1.000000 -0.000001 -0.000003 0.000636
-0.360030 0.730052 0.249889 1.000000 -0.000002 -0.000003 0.000639
-0.360030 0.730052 0.249869 1.000000 -0.000002 -0.000004 0.000639
-0.360027 0.730052 0.249830 1.000000 -0.000002 0.000001 0.000642
-0.360028 0.730052 0.249843 1.000000 -0.000001 -0.000001 0.000643
-0.360028 0.730052 0.249887 1.000000 -0.000001 -0.000000 0.000646
-0.360029 0.730051 0.249864 1.000000 0.000000 -0.000002 0.000646
-0.360026 0.730050 0.249809 1.000000 0.000002 0.000003 0.000648
-0.360028 0.730052 0.249862 1.000000 -0.000002 -0.000001 0.000652
-0.360028 0.730050 0.249884 1.000000 0.000004 -0.000002 0.000656
-0.360028 0.730052 0.249876 1.000000 -0.000001 -0.000003 0.000656
-0.360026 0.730052 0.249904 1.000000 -0.000002 0.000002 0.000660
-0.360026 0.730052 0.249912 1.000000 0.000000 0.000001 0.000660
-0.360028 0.730051 0.249955 1.000000 0.000001 -0.000003 0.000662
-0.360028 0.730051 0.249956 1.000000 0.000001 -0.000003 0.000662
-0.360028 0.730053 0.249920 1.000000 -0.000003 -0.000001 0.000664
-0.360026 0.730053 0.249895 1.000000 -0.000002 0.000001 0.000665
-0.360026 0.730051 0.249887 1.000000 0.000002 0.000001 0.000667
-0.360027 0.730053 0.249873 1.000000 -0.000001 -0.000001 0.000668
-0.360027 0.730052 0.249880 1.000000 0.000000 -0.000000 0.000668
-0.360027 0.730052 0.249918 1.000000 -0.000001 -0.000000 0.000669
-0.360027 0.730051 0.249946 1.000000 0.000002 -0.000001 0.000670
-0.360027 0.730051 0.249947 1.000000 0.000002 -0.000000 0.000670
-0.360027 0.730052 0.249945 1.000000 0.000000 -0.000001 0.000672
-0.360026 0.730053 0.249910 1.000000 -0.000001 0.000001 0.000674
-0.360028 0.730053 0.249868 1.000000 -0.000001 -0.000002 0.000676
-0.360029 0.730051 0.249781 1.000000 0.000003 -0.000006 0.000678
-0.360026 0.730053 0.249865 1.000000 -0.000001 0.000002 0.000682
-0.360027 0.730052 0.249965 1.000000 0.000001 -0.000001 0.000683
-0.360027 0.730052 0.249933 1.000000 0.000001 -0.000000 0.000685
-0.360026 0.730054 0.249909 1.000000 -0.000002 0.000000 0.000689
-0.360025 0.730055 0.249865 1.000000 -0.000004 0.000004 0.000691
-0.360026 0.730053 0.249883 1.000000 0.000001 0.000002 0.000695
-0.360027 0.730054 0.249920 1.000000 -0.000001 -0.000001 0.000697
-0.360026 0.730055 0.249871 1.000000 -0.000003 -0.000000 0.000702
-0.360027 0.730051 0.249849 1.000000 0.000004 -0.000001 0.000704
-0.360026 0.730054 0.249877 1.000000 -0.000001 -0.000000 0.000706
-0.360025 0.730053 0.249935 1.000000 0.000001 0.000002 0.000706
-0.360027 0.730054 0.249923 1.000000 -0.000001 -0.000002 0.000707
-0.360027 0.730053 0.249891 1.000000 0.000000 -0.000002 0.000708
-0.360026 0.730053 0.249913 1.000000 0.000001 -0.000000 0.000709
-0.360027 0.730054 0.249940 1.000000 -0.000001 -0.000002 0.000710
-0.360027 0.730052 0.249881 1.000000 0.000002 -0.000001 0.000712
-0.360026 0.730054 0.249892 1.000000 -0.000001 0.000000 0.000713
-0.360026 0.730054 0.249896 1.000000 -0.000000 -0.000001 0.000714
-0.360027 0.730054 0.249900 1.000000 -0.000001 -0.000002 0.000715
-0.360027 0.730054 0.249900 1.000000 -0.000000 -0.000003 0.000716
-0.360024 0.730054 0.249919 1.000000 0.000000 0.000003 0.000717
-0.360027 0.730054 0.249932 1.000000 -0.000001 -0.000002 0.000717
-0.360026 0.730053 0.249922 1.000000 0.000001 -0.000000 0.000717
-0.360026 0.730054 0.249891 1.000000 0.000000 0.000001 0.000719
-0.360027 0.730054 0.249939 1.000000 0.000000 -0.000003 0.000720
-0.360025 0.730056 0.249944 1.000000 -0.000003 0.000001 0.000721
-0.360024 0.730055 0.249864 1.000000 -0.000001 0.000003 0.000725
-0.360026 0.730054 0.249956 1.000000 -0.000000 -0.000002 0.000727
-0.360026 0.730054 0.249934 1.000000 0.000001 0.000000 0.000728
-0.360025 0.730056 0.249903 1.000000 -0.000002 0.000001 0.000731
-0.360026 0.730055 0.249898 1.000000 -0.000000 -0.000001 0.000733
-0.360025 0.730055 0.249871 1.000000 -0.000001 0.000000 0.000737
-0.360023 0.730056 0.249849 1.000000 -0.000001 0.000004 0.000740
-0.360027 0.730052 0.249838 1.000000 0.000007 -0.000004 0.000740
-0.360023 0.730053 0.249803 1.000000 0.000004 0.000005 0.000741
-0.360028 0.730057 0.249775 1.000000 -0.000004 -0.000004 0.000743
-0.360027 0.730051 0.249794 1.000000 0.000008 -0.000004 0.000744
-0.360026 0.730057 0.249825 1.000000 -0.000004 -0.000000 0.000745
-0.360022 0.730052 0.249787 1.000000 0.000007 0.000008 0.000747
-0.360028 0.730057 0.249755 1.000000 -0.000003 -0.000006 0.000747
-0.360027 0.730057 0.249757 1.000000 -0.000003 -0.000003 0.000748
-0.360025 0.730056 0.249765 1.000000 -0.000002 0.000001 0.000749
-0.360025 0.730056 0.249822 1.000000 -0.000000 0.000001 0.000752
-0.360027 0.730055 0.249837 1.000000 0.000001 -0.000004 0.000753
-0.360025 0.730055 0.249865 1.000000 0.000002 0.000000 0.000757
-0.360025 0.730054 0.249875 1.000000 0.000002 0.000001 0.000757
-0.360027 0.730055 0.249833 1.000000 0.000002 -0.000004 0.000760
-0.360025 0.730055 0.249827 1.000000 0.000001 0.000001 0.000760
-0.360025 0.730055 0.249833 1.000000 0.000002 -0.000000 0.000763
-0.360025 0.730056 0.249851 1.000000 -0.000001 0.000000 0.000764
-0.360026 0.730055 0.249901 1.000000 0.000002 -0.000002 0.000767
-0.360026 0.730056 0.249913 1.000000 -0.000001 -0.000001 0.000767
-0.360025 0.730053 0.249831 1.000000 0.000006 -0.000001 0.000768
-0.360023 0.730057 0.249819 1.000000 -0.000002 0.000005 0.000770
-0.360026 0.730055 0.249772 1.000000 0.000003 -0.000002 0.000772
-0.360026 0.730053 0.249797 1.000000 0.000007 -0.000002 0.000772
-0.360026 0.730050 0.249808 1.000000 0.000012 -0.000002 0.000774
-0.360025 0.730051 0.249820 1.000000 0.000010 0.000000 0.000774
-0.360027 0.730054 0.249829 1.000000 0.000004 -0.000003 0.000775
-0.360027 0.730056 0.249882 1.000000 0.000001 -0.000002 0.000777
-0.360026 0.730056 0.249963 1.000000 0.000001 -0.000002 0.000778
-0.360024 0.730057 0.249961 1.000000 -0.000001 0.000002 0.000779
-0.360025 0.730056 0.249908 1.000000 0.000001 0.000001 0.000782
-0.360026 0.730056 0.249892 1.000000 0.000000 -0.000002 0.000785
-0.360026 0.730056 0.249946 1.000000 0.000001 -0.000001 0.000786
-0.360024 0.730058 0.249889 1.000000 -0.000002 0.000002 0.000788
-0.360025 0.730057 0.249930 1.000000 -0.000001 -0.000001 0.000791
-0.360024 0.730058 0.249933 1.000000 -0.000002 0.000001 0.000792
-0.360025 0.730057 0.249836 1.000000 0.000000 0.000000 0.000794
-0.360027 0.730056 0.249785 1.000000 0.000003 -0.000004 0.000797
-0.360026 0.730057 0.249888 1.000000 0.000001 -0.000003 0.000801
-0.360026 0.730057 0.249914 1.000000 0.000001 -0.000003 0.000804
-0.360026 0.730057 0.249906 1.000000 0.000000 -0.000003 0.000806
-0.360025 0.730057 0.249958 1.000000 0.000001 -0.000002 0.000808
-0.360024 0.730059 0.249958 1.000000 -0.000002 0.000001 0.000808
-0.360024 0.730056 0.249947 1.000000 0.000003 0.000000 0.000809
-0.360024 0.730056 0.249878 1.000000 0.000002 0.000001 0.000811
-0.360023 0.730058 0.249868 1.000000 -0.000000 0.000003 0.000811
-0.360026 0.730057 0.249866 1.000000 0.000001 -0.000002 0.000812
-0.360025 0.730058 0.249858 1.000000 -0.000000 -0.000001 0.000815
-0.360024 0.730059 0.249881 1.000000 -0.000001 0.000001 0.000815
-0.360025 0.730057 0.249935 1.000000 0.000001 -0.000002 0.000817
-0.360024 0.730058 0.249922 1.000000 0.000001 0.000000 0.000817
-0.360024 0.730057 0.249953 1.000000 0.000002 -0.000000 0.000818
-0.360025 0.730057 0.249959 1.000000 0.000001 -0.000001 0.000818
-0.360025 0.730061 0.249889 1.000000 -0.000006 -0.000001 0.000820
-0.360021 0.730060 0.249866 1.000000 -0.000004 0.000006 0.000821
-0.360025 0.730058 0.249887 1.000000 -0.000000 -0.000003 0.000824
-0.360023 0.730058 0.249883 1.000000 -0.000000 0.000003 0.000825
-0.360025 0.730060 0.249849 1.000000 -0.000003 -0.000001 0.000828
-0.360025 0.730058 0.249877 1.000000 0.000001 -0.000002 0.000831
-0.360024 0.730059 0.249904 1.000000 0.000000 -0.000000 0.000833
-0.360023 0.730059 0.249917 1.000000 -0.000000 0.000001 0.000835
-0.360024 0.730057 0.249927 1.000000 0.000003 -0.000001 0.000835
-0.360024 0.730058 0.249950 1.000000 0.000002 -0.000001 0.000836
-0.360024 0.730059 0.249935 1.000000 0.000000 0.000000 0.000837
-0.360021 0.730059 0.249901 1.000000 0.000000 0.000005 0.000839
-0.360024 0.730059 0.249882 1.000000 0.000001 -0.000001 0.000840
-0.360023 0.730061 0.249890 1.000000 -0.000003 0.000001 0.000843
-0.360023 0.730060 0.249893 1.000000 -0.000003 0.000001 0.000843
-0.360025 0.730059 0.249888 1.000000 0.000000 -0.000003 0.000843
-0.360024 0.730060 0.249889 1.000000 -0.000001 -0.000001 0.000844
-0.360025 0.730060 0.249896 1.000000 -0.000001 -0.000002 0.000845
-0.360026 0.730059 0.249897 1.000000 0.000000 -0.000004 0.000845
-0.360023 0.730060 0.249931 1.000000 -0.000001 0.000000 0.000847
-0.360024 0.730058 0.249936 1.000000 0.000003 -0.000002 0.000848
-0.360024 0.730061 0.249874 1.000000 -0.000003 -0.000002 0.000851
-0.360022 0.730062 0.249852 1.000000 -0.000005 0.000002 0.000851
-0.360025 0.730061 0.249834 1.000000 -0.000002 -0.000004 0.000853
-0.360021 0.730061 0.249824 1.000000 -0.000002 0.000005 0.000853
-0.360024 0.730061 0.249840 1.000000 -0.000003 -0.000000 0.000855
-0.360023 0.730061 0.249858 1.000000 -0.000003 0.000001 0.000856
-0.360023 0.730059 0.249934 1.000000 0.000001 0.000000 0.000857
-0.360023 0.730060 0.249936 1.000000 -0.000000 0.000001 0.000857
-0.360023 0.730060 0.249951 1.000000 0.000000 0.000001 0.000858
-0.360022 0.730060 0.249952 1.000000 0.000000 0.000002 0.000859
-0.360025 0.730060 0.249958 1.000000 0.000001 -0.000003 0.000859
-0.360024 0.730060 0.249957 1.000000 0.000001 -0.000001 0.000859
-0.360024 0.730059 0.249952 1.000000 0.000002 -0.000001 0.000861
-0.360024 0.730059 0.249958 1.000000 0.000002 -0.000001 0.000861
-0.360022 0.730060 0.249878 1.000000 0.000000 0.000002 0.000864
-0.360023 0.730062 0.249871 1.000000 -0.000004 0.000000 0.000865
-0.360023 0.730061 0.249900 1.000000 -0.000003 0.000001 0.000866
-0.360023 0.730060 0.249908 1.000000 -0.000001 0.000001 0.000867
-0.360023 0.730059 0.249898 1.000000 0.000003 0.000001 0.000869
-0.360024 0.730060 0.249895 1.000000 0.000000 -0.000001 0.000870
-0.360024 0.730060 0.249918 1.000000 -0.000000 -0.000002 0.000872
-0.360023 0.730060 0.249955 1.000000 0.000001 -0.000001 0.000872
-0.360024 0.730060 0.249956 1.000000 0.000000 -0.000001 0.000873
-0.360024 0.730061 0.249968 1.000000 -0.000001 -0.000002 0.000873
-0.360022 0.730060 0.249931 1.000000 0.000001 0.000001 0.000875
-0.360024 0.730060 0.249942 1.000000 0.000002 -0.000001 0.000876
-0.360023 0.730059 0.249961 1.000000 0.000003 -0.000001 0.000876
-0.360024 0.730061 0.249931 1.000000 -0.000000 -0.000002 0.000877
-0.360024 0.730060 0.249953 1.000000 0.000002 -0.000002 0.000878
-0.360026 0.730060 0.249885 1.000000 0.000001 -0.000006 0.000881
-0.360023 0.730058 0.249852 1.000000 0.000006 0.000000 0.000881
-0.360023 0.730059 0.249778 1.000000 0.000004 -0.000001 0.000884
-0.360025 0.730063 0.249771 1.000000 -0.000005 -0.000004 0.000884
-0.360022 0.730063 0.249816 1.000000 -0.000004 0.000002 0.000888
-0.360023 0.730061 0.249840 1.000000 -0.000001 -0.000001 0.000891
-0.360024 0.730061 0.249891 1.000000 -0.000000 -0.000002 0.000893
-0.360024 0.730061 0.249946 1.000000 0.000000 -0.000003 0.000894
-0.360023 0.730061 0.249952 1.000000 0.000000 -0.000000 0.000896
-0.360023 0.730063 0.249853 1.000000 -0.000004 -0.000000 0.000898
-0.360021 0.730064 0.249828 1.000000 -0.000005 0.000003 0.000902
-0.360023 0.730061 0.249929 1.000000 0.000001 0.000000 0.000904
-0.360023 0.730061 0.249965 1.000000 0.000001 -0.000001 0.000905
-0.360022 0.730061 0.249942 1.000000 0.000002 0.000001 0.000906
-0.360023 0.730062 0.249902 1.000000 -0.000001 -0.000001 0.000909
-0.360024 0.730061 0.249906 1.000000 0.000001 -0.000003 0.000911
-0.360023 0.730063 0.249919 1.000000 -0.000002 -0.000001 0.000914
-0.360024 0.730061 0.249901 1.000000 0.000003 -0.000003 0.000917
-0.360024 0.730061 0.249898 1.000000 0.000002 -0.000003 0.000920
-0.360023 0.730063 0.249923 1.000000 -0.000001 -0.000001 0.000921
-0.360023 0.730062 0.249907 1.000000 0.000001 -0.000002 0.000924
-0.360022 0.730063 0.249901 1.000000 -0.000001 -0.000001 0.000926
-0.360023 0.730061 0.249870 1.000000 0.000002 -0.000001 0.000929
-0.360023 0.730063 0.249941 1.000000 -0.000001 -0.000002 0.000932
-0.360022 0.730060 0.249898 1.000000 0.000005 -0.000001 0.000934
-0.360023 0.730063 0.249899 1.000000 0.000001 -0.000002 0.000937
-0.360022 0.730062 0.249897 1.000000 0.000001 -0.000001 0.000939
-0.360022 0.730062 0.249885 1.000000 0.000003 -0.000001 0.000941
-0.360021 0.730062 0.249871 1.000000 0.000003 0.000000 0.000942
-0.360022 0.730064 0.249902 1.000000 -0.000001 -0.000002 0.000945
-0.360021 0.730064 0.249835 1.000000 -0.000002 0.000000 0.000949
-0.360020 0.730064 0.249852 1.000000 -0.000001 0.000001 0.000952
-0.360020 0.730062 0.249919 1.000000 0.000003 0.000002 0.000955
-0.360020 0.730063 0.249864 1.000000 0.000001 0.000001 0.000957
-0.360019 0.730064 0.249832 1.000000 -0.000001 0.000004 0.000959
-0.360020 0.730063 0.249826 1.000000 0.000003 0.000001 0.000962
-0.360022 0.730063 0.249883 1.000000 0.000002 -0.000003 0.000966
-0.360020 0.730066 0.249862 1.000000 -0.000003 0.000001 0.000969
-0.360020 0.730064 0.249845 1.000000 0.000001 0.000001 0.000974
-0.360021 0.730066 0.249895 1.000000 -0.000003 -0.000001 0.000976
-0.360021 0.730064 0.249943 1.000000 0.000001 -0.000002 0.000978
-0.360020 0.730064 0.249949 1.000000 0.000001 0.000000 0.000980
-0.360019 0.730066 0.249882 1.000000 -0.000002 0.000002 0.000982
-0.360021 0.730063 0.249933 1.000000 0.000003 -0.000002 0.000984
-0.360020 0.730065 0.249913 1.000000 -0.000000 0.000000 0.000987
-0.360021 0.730063 0.249937 1.000000 0.000003 -0.000002 0.000988
-0.360022 0.730066 0.249912 1.000000 -0.000002 -0.000004 0.000989
-0.360020 0.730064 0.249829 1.000000 0.000003 -0.000002 0.000990
-0.360019 0.730066 0.249830 1.000000 -0.000001 0.000001 0.000991
-0.360020 0.730063 0.249896 1.000000 0.000004 -0.000000 0.000994
-0.360020 0.730065 0.249890 1.000000 0.000001 -0.000001 0.000997
-0.360021 0.730065 0.249941 1.000000 0.000001 -0.000002 0.000999
-0.360020 0.730065 0.249949 1.000000 0.000000 -0.000001 0.000999
-0.360020 0.730066 0.249955 1.000000 -0.000001 -0.000001 0.001000
-0.360021 0.730065 0.249923 0.999999 0.000000 -0.000003 0.001000
-0.360020 0.730066 0.249882 0.999999 -0.000002 -0.000001 0.001002
-0.360020 0.730067 0.249886 0.999999 -0.000003 -0.000000 0.001003
-0.360020 0.730065 0.249898 0.999999 0.000002 0.000000 0.001005
-0.360020 0.730065 0.249900 0.999999 0.000001 -0.000001 0.001005
-0.360020 0.730066 0.249947 0.999999 -0.000000 -0.000002 0.001007
-0.360020 0.730065 0.249954 0.999999 0.000001 -0.000001 0.001007
-0.360020 0.730066 0.249938 0.999999 -0.000000 -0.000002 0.001008
-0.360019 0.730066 0.249920 0.999999 -0.000000 0.000002 0.001008
-0.360021 0.730066 0.249890 0.999999 -0.000001 -0.000002 0.001011
-0.360021 0.730068 0.249861 0.999999 -0.000003 -0.000004 0.001014
-0.360020 0.730065 0.249839 0.999999 0.000002 -0.000001 0.001014
-0.360019 0.730062 0.249838 0.999999 0.000007 0.000002 0.001016
-0.360020 0.730067 0.249834 0.999999 -0.000001 -0.000002 0.001017
-0.360022 0.730065 0.249791 0.999999 0.000002 -0.000005 0.001021
-0.360018 0.730068 0.249799 0.999999 -0.000004 0.000003 0.001022
-0.360020 0.730066 0.249901 0.999999 -0.000000 -0.000001 0.001024
-0.360019 0.730065 0.249920 0.999999 0.000002 0.000000 0.001025
-0.360019 0.730066 0.249802 0.999999 0.000000 -0.000001 0.001028
-0.360018 0.730065 0.249809 0.999999 0.000003 0.000002 0.001028
-0.360019 0.730065 0.249903 0.999999 0.000002 -0.000000 0.001031
-0.360019 0.730066 0.249916 0.999999 0.000001 0.000001 0.001031
-0.360020 0.730064 0.249832 0.999999 0.000004 -0.000001 0.001035
-0.360022 0.730067 0.249821 0.999999 -0.000002 -0.000006 0.001035
-0.360020 0.730066 0.249871 0.999999 0.000001 -0.000002 0.001038
-0.360020 0.730065 0.249878 0.999999 0.000002 -0.000003 0.001038
-0.360018 0.730067 0.249875 0.999999 -0.000000 0.000001 0.001041
-0.360019 0.730066 0.249930 0.999999 0.000002 0.000001 0.001043
-0.360019 0.730065 0.249909 0.999999 0.000004 -0.000001 0.001047
-0.360019 0.730068 0.249865 0.999999 -0.000000 -0.000002 0.001051
-0.360019 0.730068 0.249954 0.999999 -0.000001 -0.000002 0.001053
-0.360018 0.730067 0.249870 0.999999 0.000002 0.000000 0.001057
-0.360018 0.730067 0.249907 0.999999 0.000001 0.000001 0.001059
-0.360020 0.730068 0.249938 0.999999 -0.000002 -0.000003 0.001060
-0.360019 0.730068 0.249907 0.999999 -0.000000 -0.000002 0.001063
-0.360019 0.730067 0.249896 0.999999 0.000002 -0.000002 0.001064
-0.360017 0.730069 0.249830 0.999999 -0.000002 0.000002 0.001067
-0.360019 0.730070 0.249818 0.999999 -0.000004 -0.000003 0.001067
-0.360017 0.730066 0.249791 0.999999 0.000004 0.000002 0.001070
-0.360021 0.730067 0.249788 0.999999 0.000003 -0.000006 0.001071
-0.360020 0.730068 0.249892 0.999999 -0.000001 -0.000003 0.001074
-0.360018 0.730069 0.249866 0.999999 -0.000002 -0.000000 0.001077
-0.360019 0.730068 0.249944 0.999999 0.000000 -0.000003 0.001078
-0.360017 0.730068 0.249937 0.999999 -0.000000 0.000001 0.001079
-0.360017 0.730065 0.249833 0.999999 0.000007 0.000000 0.001083
-0.360018 0.730070 0.249822 0.999999 -0.000002 -0.000001 0.001084
-0.360018 0.730069 0.249929 0.999999 -0.000001 -0.000001 0.001086
-0.360018 0.730068 0.249945 0.999999 0.000002 -0.000001 0.001087
-0.360018 0.730069 0.249951 0.999999 -0.000000 -0.000001 0.001088
-0.360018 0.730068 0.249954 0.999999 0.000002 -0.000002 0.001088
-0.360018 0.730070 0.249956 0.999999 -0.000002 -0.000001 0.001090
-0.360017 0.730067 0.249921 0.999999 0.000004 -0.000000 0.001091
-0.360017 0.730068 0.249805 0.999999 0.000001 0.000001 0.001093
-0.360020 0.730069 0.249787 0.999999 -0.000001 -0.000005 0.001094
-0.360019 0.730070 0.249760 0.999999 -0.000002 -0.000003 0.001096
-0.360017 0.730070 0.249778 0.999999 -0.000003 0.000000 0.001096
-0.360017 0.730068 0.249910 0.999999 0.000001 0.000000 0.001097
-0.360017 0.730069 0.249925 0.999999 -0.000000 0.000001 0.001097
-0.360017 0.730068 0.249848 0.999999 0.000002 0.000000 0.001099
-0.360017 0.730068 0.249842 0.999999 0.000001 0.000000 0.001100
-0.360017 0.730068 0.249890 0.999999 0.000003 -0.000000 0.001102
-0.360018 0.730070 0.249897 0.999999 -0.000001 -0.000001 0.001103
-0.360017 0.730070 0.249853 0.999999 -0.000003 0.000001 0.001106
-0.360016 0.730070 0.249850 0.999999 -0.000002 0.000001 0.001106
-0.360020 0.730068 0.249864 0.999999 0.000002 -0.000005 0.001108
-0.360017 0.730069 0.249860 0.999999 0.000000 0.000001 0.001109
-0.360018 0.730068 0.249862 0.999999 0.000002 -0.000002 0.001111
-0.360017 0.730070 0.249891 0.999999 -0.000002 0.000001 0.001112
-0.360017 0.730070 0.249930 0.999999 -0.000001 -0.000001 0.001113
-0.360018 0.730069 0.249936 0.999999 0.000000 -0.000002 0.001114
-0.360017 0.730071 0.249919 0.999999 -0.000003 0.000000 0.001115
-0.360017 0.730068 0.249879 0.999999 0.000004 0.000001 0.001116
-0.360017 0.730071 0.249897 0.999999 -0.000002 -0.000000 0.001119
-0.360017 0.730071 0.249901 0.999999 -0.000002 -0.000001 0.001120
-0.360015 0.730071 0.249880 0.999999 -0.000002 0.000004 0.001122
-0.360017 0.730069 0.249897 0.999999 0.000002 -0.000001 0.001123
-0.360017 0.730070 0.249937 0.999999 0.000000 0.000000 0.001125
-0.360017 0.730071 0.249942 0.999999 -0.000002 -0.000002 0.001126
-0.360017 0.730069 0.249941 0.999999 0.000001 -0.000002 0.001128
-0.360016 0.730069 0.249943 0.999999 0.000002 0.000000 0.001128
-0.360017 0.730070 0.249921 0.999999 0.000000 -0.000001 0.001130
-0.360017 0.730072 0.249930 0.999999 -0.000003 -0.000000 0.001131
-0.360017 0.730069 0.249922 0.999999 0.000003 -0.000001 0.001133
-0.360017 0.730069 0.249915 0.999999 0.000002 -0.000001 0.001133
-0.360017 0.730069 0.249922 0.999999 0.000002 -0.000002 0.001135
-0.360016 0.730071 0.249931 0.999999 -0.000001 0.000001 0.001135
-0.360017 0.730069 0.249952 0.999999 0.000003 -0.000002 0.001136
-0.360017 0.730070 0.249956 0.999999 0.000000 -0.000002 0.001137
-0.360017 0.730070 0.249968 0.999999 -0.000001 -0.000001 0.001137
-0.360016 0.730069 0.249969 0.999999 0.000002 -0.000000 0.001138
-0.360016 0.730069 0.249955 0.999999 0.000002 -0.000000 0.001138
-0.360018 0.730070 0.249932 0.999999 0.000001 -0.000003 0.001139
-0.360014 0.730070 0.249869 0.999999 0.000001 0.000003 0.001141
-0.360019 0.730070 0.249844 0.999999 0.000000 -0.000005 0.001143
-0.360014 0.730072 0.249803 0.999999 -0.000003 0.000003 0.001145
-0.360015 0.730069 0.249791 0.999999 0.000002 0.000003 0.001147
-0.360014 0.730071 0.249808 0.999999 -0.000000 0.000004 0.001148
-0.360014 0.730072 0.249823 0.999999 -0.000002 0.000003 0.001151
-0.360016 0.730073 0.249852 0.999999 -0.000004 -0.000001 0.001152
-0.360017 0.730070 0.249860 0.999999 0.000001 -0.000002 0.001154
-0.360017 0.730071 0.249883 0.999999 -0.000001 -0.000002 0.001156
-0.360016 0.730071 0.249879 0.999999 0.000000 -0.000001 0.001159
-0.360015 0.730070 0.249872 0.999999 0.000002 -0.000000 0.001160
-0.360017 0.730073 0.249888 0.999999 -0.000004 -0.000002 0.001162
-0.360016 0.730072 0.249873 0.999999 -0.000000 -0.000001 0.001165
-0.360016 0.730071 0.249941 0.999999 0.000001 -0.000002 0.001166
-0.360016 0.730071 0.249956 0.999999 0.000001 -0.000002 0.001166
-0.360016 0.730073 0.249865 0.999999 -0.000002 -0.000001 0.001169
-0.360017 0.730071 0.249856 0.999999 0.000001 -0.000004 0.001169
-0.360016 0.730071 0.249816 0.999999 0.000001 -0.000002 0.001171
-0.360017 0.730072 0.249839 0.999999 0.000000 -0.000003 0.001171
-0.360015 0.730073 0.249860 0.999999 -0.000002 0.000000 0.001174
-0.360016 0.730071 0.249885 0.999999 0.000002 -0.000002 0.001174
-0.360015 0.730072 0.249845 0.999999 -0.000001 0.000000 0.001177
-0.360015 0.730071 0.249847 0.999999 0.000001 0.000000 0.001177
-0.360013 0.730073 0.249857 0.999999 -0.000003 0.000003 0.001180
-0.360018 0.730071 0.249851 0.999999 0.000002 -0.000006 0.001181
-0.360016 0.730073 0.249835 0.999999 -0.000002 -0.000003 0.001182
-0.360015 0.730072 0.249854 0.999999 0.000000 -0.000001 0.001183
-0.360016 0.730072 0.249897 0.999999 -0.000001 -0.000002 0.001186
-0.360014 0.730072 0.249905 0.999999 0.000001 0.000001 0.001186
-0.360014 0.730073 0.249894 0.999999 -0.000001 0.000000 0.001189
-0.360014 0.730072 0.249881 0.999999 0.000001 0.000001 0.001190
-0.360015 0.730071 0.249911 0.999999 0.000002 -0.000002 0.001193
-0.360015 0.730072 0.249933 0.999999 0.000002 -0.000001 0.001193
-0.360015 0.730072 0.249940 0.999999 0.000000 -0.000001 0.001194
-0.360014 0.730074 0.249934 0.999999 -0.000003 0.000000 0.001194
-0.360015 0.730073 0.249865 0.999999 -0.000001 -0.000001 0.001196
-0.360015 0.730073 0.249851 0.999999 -0.000001 -0.000002 0.001196
-0.360016 0.730072 0.249844 0.999999 0.000000 -0.000004 0.001197
-0.360013 0.730074 0.249863 0.999999 -0.000003 0.000003 0.001199
-0.360016 0.730073 0.249869 0.999999 0.000001 -0.000003 0.001200
-0.360015 0.730074 0.249872 0.999999 -0.000003 -0.000002 0.001200
-0.360014 0.730070 0.249854 0.999999 0.000005 -0.000000 0.001202
-0.360013 0.730072 0.249852 0.999999 0.000001 0.000003 0.001203
-0.360016 0.730071 0.249839 0.999999 0.000004 -0.000004 0.001204
-0.360015 0.730073 0.249871 0.999999 -0.000000 -0.000002 0.001205
-0.360015 0.730072 0.249890 0.999999 0.000001 -0.000002 0.001205
-0.360015 0.730071 0.249901 0.999999 0.000004 -0.000001 0.001206
-0.360015 0.730071 0.249861 0.999999 0.000003 -0.000001 0.001208
-0.360015 0.730073 0.249860 0.999999 -0.000000 -0.000002 0.001208
-0.360014 0.730073 0.249921 0.999999 0.000000 0.000000 0.001211
-0.360014 0.730075 0.249926 0.999999 -0.000003 0.000000 0.001211
-0.360014 0.730076 0.249903 0.999999 -0.000005 0.000001 0.001213
-0.360013 0.730073 0.249890 0.999999 0.000001 0.000001 0.001214
-0.360015 0.730072 0.249941 0.999999 0.000002 -0.000002 0.001215
-0.360014 0.730073 0.249948 0.999999 0.000000 0.000000 0.001215
-0.360014 0.730073 0.249953 0.999999 -0.000000 -0.000001 0.001216
-0.360015 0.730072 0.249952 0.999999 0.000002 -0.000001 0.001217
-0.360014 0.730072 0.249957 0.999999 0.000002 -0.000001 0.001218
-0.360014 0.730071 0.249842 0.999999 0.000005 0.000000 0.001219
-0.360014 0.730074 0.249836 0.999999 -0.000002 -0.000001 0.001220
-0.360012 0.730079 0.249810 0.999999 -0.000011 0.000004 0.001223
-0.360015 0.730080 0.249805 0.999999 -0.000012 -0.000003 0.001223
-0.360015 0.730076 0.249802 0.999999 -0.000004 -0.000002 0.001225
-0.360013 0.730072 0.249805 0.999999 0.000003 0.000002 0.001226
-0.360015 0.730072 0.249912 0.999999 0.000003 -0.000002 0.001228
-0.360014 0.730072 0.249917 0.999999 0.000004 -0.000001 0.001228
-0.360013 0.730077 0.249842 0.999999 -0.000006 0.000002 0.001231
-0.360013 0.730075 0.249837 0.999999 -0.000001 0.000001 0.001231
-0.360015 0.730072 0.249829 0.999999 0.000004 -0.000003 0.001234
-0.360015 0.730074 0.249837 0.999999 -0.000001 -0.000002 0.001235
-0.360013 0.730073 0.249908 0.999999 0.000003 0.000000 0.001237
-0.360014 0.730074 0.249914 0.999999 0.000001 -0.000001 0.001238
-0.360014 0.730074 0.249940 0.999999 0.000000 -0.000002 0.001239
-0.360013 0.730074 0.249945 0.999999 0.000000 0.000000 0.001239
-0.360014 0.730074 0.249962 0.999999 0.000001 -0.000002 0.001240
-0.360014 0.730075 0.249957 0.999999 -0.000001 -0.000002 0.001240
-0.360015 0.730074 0.249923 0.999999 0.000000 -0.000004 0.001241
-0.360014 0.730073 0.249923 0.999999 0.000002 -0.000001 0.001241
-0.360014 0.730074 0.249932 0.999999 0.000001 -0.000002 0.001242
-0.360014 0.730073 0.249953 0.999999 0.000002 -0.000002 0.001242
-0.360015 0.730075 0.249952 0.999999 -0.000000 -0.000003 0.001242
-0.360014 0.730074 0.249921 0.999999 0.000001 -0.000002 0.001243
-0.360014 0.730074 0.249893 0.999999 0.000001 -0.000002 0.001245
-0.360014 0.730076 0.249885 0.999999 -0.000003 -0.000002 0.001246
-0.360013 0.730075 0.249875 0.999999 0.000000 -0.000001 0.001248
-0.360013 0.730076 0.249907 0.999999 -0.000003 -0.000000 0.001249
-0.360014 0.730073 0.249907 0.999999 0.000004 -0.000002 0.001250
-0.360013 0.730074 0.249908 0.999999 0.000002 0.000000 0.001251
-0.360013 0.730073 0.249859 0.999999 0.000003 -0.000000 0.001252
-0.360014 0.730076 0.249852 0.999999 -0.000001 -0.000001 0.001253
-0.360015 0.730075 0.249859 0.999999 -0.000001 -0.000004 0.001254
-0.360013 0.730075 0.249880 0.999999 0.000000 -0.000000 0.001256
-0.360013 0.730077 0.249899 0.999999 -0.000004 -0.000000 0.001256
-0.360013 0.730074 0.249905 0.999999 0.000001 0.000001 0.001256
-0.360012 0.730076 0.249935 0.999999 -0.000001 0.000001 0.001257
-0.360013 0.730075 0.249939 0.999999 -0.000000 -0.000000 0.001258
-0.360014 0.730074 0.249932 0.999999 0.000001 -0.000001 0.001258
-0.360015 0.730074 0.249855 0.999999 0.000003 -0.000003 0.001260
-0.360013 0.730075 0.249874 0.999999 0.000001 -0.000000 0.001262
-0.360013 0.730074 0.249923 0.999999 0.000002 0.000000 0.001264
-0.360013 0.730076 0.249918 0.999999 -0.000001 -0.000001 0.001265
-0.360014 0.730074 0.249888 0.999999 0.000002 -0.000002 0.001267
-0.360014 0.730076 0.249899 0.999999 -0.000000 -0.000003 0.001268
-0.360012 0.730075 0.249858 0.999999 0.000002 0.000002 0.001270
-0.360014 0.730073 0.249858 0.999999 0.000005 -0.000002 0.001270
-0.360013 0.730077 0.249856 0.999999 -0.000002 -0.000002 0.001271
-0.360013 0.730075 0.249927 0.999999 0.000001 -0.000001 0.001273
-0.360012 0.730076 0.249939 0.999999 0.000000 0.000001 0.001273
-0.360012 0.730075 0.249946 0.999999 0.000002 0.000001 0.001273
-0.360013 0.730076 0.249874 0.999999 -0.000000 -0.000001 0.001276
-0.360014 0.730075 0.249859 0.999999 0.000001 -0.000003 0.001277
-0.360011 0.730077 0.249884 0.999999 -0.000001 0.000004 0.001279
-0.360013 0.730075 0.249891 0.999999 0.000003 -0.000002 0.001279
-0.360014 0.730075 0.249897 0.999999 0.000001 -0.000003 0.001281
-0.360013 0.730076 0.249911 0.999999 -0.000001 -0.000000 0.001282
-0.360013 0.730075 0.249868 0.999999 0.000002 -0.000000 0.001283
-0.360013 0.730075 0.249866 0.999999 0.000001 -0.000001 0.001284
-0.360013 0.730076 0.249903 0.999999 -0.000000 -0.000001 0.001284
-0.360013 0.730075 0.249962 0.999999 0.000002 -0.000001 0.001285
-0.360012 0.730076 0.249960 0.999999 0.000000 -0.000000 0.001285
-0.360013 0.730077 0.249950 0.999999 -0.000001 -0.000002 0.001286
-0.360013 0.730074 0.249845 0.999999 0.000005 -0.000002 0.001288
-0.360014 0.730077 0.249843 0.999999 -0.000001 -0.000003 0.001289
-0.360012 0.730077 0.249828 0.999999 -0.000000 0.000001 0.001290
-0.360013 0.730077 0.249841 0.999999 -0.000001 -0.000001 0.001291
-0.360011 0.730078 0.249840 0.999999 -0.000002 0.000003 0.001292
-0.360014 0.730077 0.249864 0.999999 -0.000002 -0.000003 0.001296
-0.360010 0.730076 0.249853 0.999999 0.000002 0.000004 0.001296
-0.360011 0.730080 0.249813 0.999999 -0.000006 0.000002 0.001299
-0.360013 0.730075 0.249817 0.999999 0.000004 -0.000001 0.001299
-0.360012 0.730075 0.249863 0.999999 0.000003 -0.000000 0.001301
-0.360012 0.730075 0.249874 0.999999 0.000003 -0.000000 0.001301
-0.360013 0.730077 0.249882 0.999999 -0.000000 -0.000002 0.001305
-0.360012 0.730076 0.249896 0.999999 0.000002 -0.000001 0.001306
-0.360012 0.730078 0.249909 0.999999 -0.000003 0.000001 0.001306
-0.360013 0.730076 0.249941 0.999999 0.000002 -0.000002 0.001307
-0.360012 0.730078 0.249949 0.999999 -0.000003 -0.000000 0.001308
-0.360011 0.730076 0.249915 0.999999 0.000002 0.000001 0.001309
-0.360012 0.730078 0.249880 0.999999 -0.000003 0.000000 0.001310
-0.360011 0.730076 0.249907 0.999999 0.000003 0.000000 0.001312
-0.360013 0.730078 0.249887 0.999999 -0.000002 -0.000002 0.001313
-0.360013 0.730075 0.249823 0.999999 0.000005 -0.000003 0.001316
-0.360010 0.730080 0.249818 0.999999 -0.000005 0.000003 0.001317
-0.360014 0.730076 0.249831 0.999999 0.000003 -0.000004 0.001317
-0.360014 0.730076 0.249880 0.999999 0.000001 -0.000004 0.001319
-0.360012 0.730079 0.249905 0.999999 -0.000003 -0.000000 0.001320
-0.360013 0.730079 0.249878 0.999999 -0.000004 -0.000003 0.001320
-0.360012 0.730076 0.249855 0.999999 0.000003 -0.000001 0.001321
-0.360013 0.730076 0.249874 0.999999 0.000002 -0.000002 0.001323
-0.360011 0.730079 0.249890 0.999999 -0.000004 0.000001 0.001323
-0.360012 0.730079 0.249884 0.999999 -0.000003 -0.000001 0.001323
-0.360011 0.730078 0.249850 0.999999 -0.000002 0.000002 0.001325
-0.360012 0.730079 0.249874 0.999999 -0.000003 -0.000001 0.001327
-0.360011 0.730077 0.249860 0.999999 0.000002 0.000000 0.001328
-0.360014 0.730078 0.249807 0.999999 -0.000000 -0.000005 0.001330
-0.360012 0.730077 0.249880 0.999999 0.000001 -0.000002 0.001331
-0.360012 0.730078 0.249938 0.999999 0.000000 -0.000001 0.001332
-0.360012 0.730078 0.249958 0.999999 0.000001 -0.000001 0.001333
-0.360012 0.730078 0.249913 0.999999 -0.000001 -0.000001 0.001334
-0.360012 0.730080 0.249907 0.999999 -0.000003 -0.000002 0.001336
-0.360012 0.730078 0.249920 0.999999 -0.000000 -0.000002 0.001337
-0.360012 0.730077 0.249946 0.999999 0.000003 -0.000001 0.001337
-0.360012 0.730078 0.249915 0.999999 -0.000001 -0.000001 0.001339
-0.360012 0.730078 0.249892 0.999999 0.000000 -0.000001 0.001340
-0.360012 0.730080 0.249906 0.999999 -0.000003 -0.000002 0.001342
-0.360007 0.730076 0.249845 0.999999 0.000004 0.000007 0.001344
-0.360010 0.730076 0.249778 0.999999 0.000005 0.000001 0.001345
-0.360011 0.730080 0.249767 0.999999 -0.000003 0.000001 0.001345
-0.360010 0.730075 0.249789 0.999999 0.000007 0.000002 0.001346
-0.360011 0.730076 0.249826 0.999999 0.000004 -0.000000 0.001348
-0.360010 0.730079 0.249855 0.999999 -0.000002 0.000002 0.001352
-0.360011 0.730078 0.249954 0.999999 0.000001 -0.000000 0.001354
-0.360011 0.730079 0.249924 0.999999 -0.000001 -0.000001 0.001356
-0.360013 0.730075 0.249807 0.999999 0.000007 -0.000004 0.001358
-0.360010 0.730075 0.249796 0.999999 0.000006 0.000002 0.001360
-0.360013 0.730078 0.249769 0.999999 0.000002 -0.000004 0.001362
-0.360012 0.730079 0.249921 0.999999 -0.000000 -0.000001 0.001365
-0.360010 0.730079 0.249949 0.999999 0.000000 0.000001 0.001366
-0.360011 0.730079 0.249940 0.999999 -0.000000 -0.000001 0.001367
-0.360011 0.730080 0.249938 0.999999 -0.000001 -0.000001 0.001369
-0.360011 0.730078 0.249924 0.999999 0.000001 -0.000000 0.001372
-0.360011 0.730078 0.249871 0.999999 0.000003 0.000000 0.001376
-0.360012 0.730079 0.249877 0.999999 0.000001 -0.000004 0.001377
-0.360011 0.730080 0.249886 0.999999 -0.000001 -0.000001 0.001380
-0.360011 0.730079 0.249897 0.999999 0.000000 -0.000001 0.001380
-0.360009 0.730079 0.249885 0.999999 -0.000000 0.000002 0.001383
-0.360010 0.730078 0.249877 0.999999 0.000002 -0.000000 0.001384
-0.360010 0.730079 0.249899 0.999999 0.000001 -0.000000 0.001386
-0.360011 0.730079 0.249923 0.999999 0.000002 -0.000001 0.001386
-0.360009 0.730082 0.249899 0.999999 -0.000006 0.000002 0.001387
-0.360010 0.730082 0.249854 0.999999 -0.000005 0.000001 0.001388
-0.360011 0.730079 0.249901 0.999999 0.000002 -0.000002 0.001390
-0.360010 0.730080 0.249917 0.999999 -0.000000 0.000000 0.001391
-0.360010 0.730081 0.249895 0.999999 -0.000003 0.000000 0.001393
-0.360010 0.730080 0.249852 0.999999 -0.000001 0.000000 0.001395
-0.360010 0.730081 0.249854 0.999999 -0.000002 -0.000001 0.001397
-0.360010 0.730079 0.249867 0.999999 0.000002 0.000000 0.001399
-0.360008 0.730079 0.249861 0.999999 0.000001 0.000003 0.001399
-0.360011 0.730078 0.249822 0.999999 0.000004 -0.000003 0.001401
-0.360010 0.730079 0.249837 0.999999 0.000003 -0.000000 0.001401
-0.360010 0.730082 0.249845 0.999999 -0.000004 -0.000001 0.001402
-0.360010 0.730080 0.249896 0.999999 0.000001 -0.000001 0.001404
-0.360010 0.730080 0.249930 0.999999 0.000001 -0.000000 0.001405
-0.360010 0.730081 0.249944 0.999999 -0.000001 -0.000001 0.001406
-0.360010 0.730082 0.249918 0.999999 -0.000004 -0.000000 0.001409
-0.360010 0.730080 0.249898 0.999999 0.000000 -0.000002 0.001411
-0.360010 0.730081 0.249865 0.999999 0.000000 -0.000002 0.001414
-0.360009 0.730083 0.249922 0.999999 -0.000004 -0.000000 0.001415
-0.360009 0.730082 0.249914 0.999999 -0.000003 0.000001 0.001417
-0.360009 0.730081 0.249847 0.999999 -0.000001 -0.000000 0.001419
-0.360010 0.730079 0.249843 0.999999 0.000005 -0.000002 0.001423
-0.360010 0.730081 0.249911 0.999999 0.000001 -0.000002 0.001426
-0.360009 0.730080 0.249922 0.999999 0.000002 0.000001 0.001427
-0.360009 0.730083 0.249855 0.999999 -0.000003 -0.000001 0.001431
-0.360010 0.730083 0.249904 0.999999 -0.000002 -0.000003 0.001435
-0.360004 0.730083 0.249799 0.999999 -0.000003 0.000009 0.001439
-0.360009 0.730081 0.249817 0.999999 0.000002 -0.000000 0.001442
-0.360008 0.730082 0.249943 0.999999 0.000001 0.000000 0.001444
-0.360009 0.730081 0.249945 0.999999 0.000002 -0.000001 0.001447
-0.360009 0.730082 0.249946 0.999999 0.000001 -0.000002 0.001448
-0.360010 0.730082 0.249932 0.999999 0.000000 -0.000003 0.001450
-0.360009 0.730082 0.249907 0.999999 0.000000 -0.000001 0.001452
-0.360009 0.730081 0.249860 0.999999 0.000002 -0.000001 0.001457
-0.360009 0.730082 0.249871 0.999999 0.000001 -0.000002 0.001457
-0.360009 0.730080 0.249935 0.999999 0.000004 -0.000002 0.001459
-0.360009 0.730082 0.249921 0.999999 0.000000 -0.000001 0.001459
-0.360008 0.730082 0.249931 0.999999 0.000001 -0.000000 0.001460
-0.360009 0.730083 0.249917 0.999999 -0.000001 -0.000002 0.001461
-0.360009 0.730082 0.249925 0.999999 0.000001 -0.000001 0.001463
-0.360008 0.730082 0.249935 0.999999 0.000002 -0.000000 0.001463
-0.360008 0.730083 0.249908 0.999999 0.000001 -0.000000 0.001465
-0.360009 0.730081 0.249916 0.999999 0.000003 -0.000001 0.001465
-0.360008 0.730084 0.249874 0.999999 -0.000002 -0.000001 0.001467
-0.360008 0.730082 0.249956 0.999999 0.000001 -0.000000 0.001469
-0.360008 0.730083 0.249935 0.999999 0.000000 -0.000000 0.001471
-0.360009 0.730082 0.249903 0.999999 0.000002 -0.000002 0.001474
-0.360009 0.730086 0.249874 0.999999 -0.000005 -0.000002 0.001476
-0.360008 0.730082 0.249855 0.999999 0.000002 -0.000001 0.001480
-0.360009 0.730085 0.249871 0.999999 -0.000004 -0.000003 0.001484
-0.360006 0.730084 0.249874 0.999999 -0.000000 0.000003 0.001488
-0.360008 0.730085 0.249932 0.999999 -0.000003 -0.000001 0.001489
-0.360008 0.730084 0.249947 0.999999 -0.000000 -0.000001 0.001491
-0.360007 0.730085 0.249865 0.999999 -0.000002 0.000001 0.001495
-0.360008 0.730084 0.249923 0.999999 -0.000000 -0.000001 0.001498
-0.360006 0.730083 0.249874 0.999999 0.000002 0.000002 0.001500
-0.360006 0.730086 0.249898 0.999999 -0.000003 0.000001 0.001504
-0.360008 0.730086 0.249851 0.999999 -0.000003 -0.000002 0.001506
-0.360007 0.730086 0.249838 0.999999 -0.000002 0.000001 0.001509
-0.360008 0.730083 0.249923 0.999999 0.000002 -0.000001 0.001510
-0.360008 0.730086 0.249890 0.999999 -0.000003 -0.000001 0.001512
-0.360008 0.730084 0.249835 0.999999 0.000002 -0.000002 0.001514
-0.360009 0.730085 0.249834 0.999999 -0.000001 -0.000004 0.001516
-0.360005 0.730085 0.249850 0.999999 0.000000 0.000005 0.001520
-0.360008 0.730084 0.249885 0.999999 0.000003 -0.000002 0.001522
-0.360007 0.730083 0.249841 0.999999 0.000003 -0.000000 0.001526
-0.360009 0.730085 0.249867 0.999999 -0.000000 -0.000003 0.001530
-0.360007 0.730085 0.249871 0.999999 0.000000 -0.000001 0.001534
-0.360005 0.730085 0.249868 0.999999 -0.000000 0.000004 0.001537
-0.360006 0.730085 0.249773 0.999999 0.000001 0.000002 0.001540
-0.360008 0.730086 0.249840 0.999999 -0.000001 -0.000002 0.001543
-0.360006 0.730086 0.249859 0.999999 -0.000001 0.000002 0.001543
-0.360006 0.730087 0.249907 0.999999 -0.000003 0.000001 0.001545
-0.360007 0.730085 0.249917 0.999999 0.000001 -0.000001 0.001545
-0.360007 0.730085 0.249887 0.999999 0.000002 -0.000000 0.001546
-0.360006 0.730084 0.249860 0.999999 0.000004 0.000001 0.001546
-0.360007 0.730086 0.249905 0.999999 0.000000 -0.000001 0.001550
-0.360007 0.730085 0.249926 0.999999 0.000002 -0.000001 0.001551
-0.360007 0.730083 0.249881 0.999999 0.000005 -0.000001 0.001553
-0.360007 0.730084 0.249852 0.999999 0.000003 -0.000001 0.001554
-0.360006 0.730087 0.249835 0.999999 -0.000003 0.000002 0.001554
-0.360005 0.730086 0.249849 0.999999 -0.000000 0.000003 0.001555
-0.360007 0.730084 0.249868 0.999999 0.000003 -0.000001 0.001557
-0.360005 0.730088 0.249866 0.999999 -0.000004 0.000004 0.001557
-0.360007 0.730085 0.249877 0.999999 0.000002 -0.000002 0.001559
-0.360006 0.730087 0.249880 0.999999 -0.000001 0.000002 0.001560
-0.360007 0.730086 0.249884 0.999999 -0.000001 -0.000001 0.001563
-0.360005 0.730086 0.249884 0.999999 0.000000 0.000002 0.001564
-0.360006 0.730087 0.249890 0.999999 -0.000002 0.000002 0.001566
-0.360008 0.730085 0.249892 0.999999 0.000003 -0.000004 0.001566
-0.360005 0.730086 0.249870 0.999999 0.000002 0.000003 0.001570
-0.360006 0.730085 0.249853 0.999999 0.000002 0.000001 0.001570
-0.360008 0.730089 0.249805 0.999999 -0.000006 -0.000003 0.001572
-0.360004 0.730085 0.249795 0.999999 0.000003 0.000004 0.001572
-0.360008 0.730087 0.249811 0.999999 -0.000002 -0.000003 0.001575
-0.360007 0.730086 0.249818 0.999999 0.000000 -0.000002 0.001575
-0.360008 0.730086 0.249867 0.999999 0.000001 -0.000003 0.001577
-0.360005 0.730088 0.249855 0.999999 -0.000003 0.000002 0.001577
-0.360007 0.730087 0.249884 0.999999 -0.000001 -0.000002 0.001579
-0.360007 0.730087 0.249897 0.999999 -0.000000 -0.000002 0.001580
-0.360005 0.730087 0.249954 0.999999 0.000000 0.000002 0.001581
-0.360008 0.730087 0.249949 0.999999 0.000001 -0.000003 0.001581
-0.360007 0.730086 0.249904 0.999999 0.000002 -0.000001 0.001582
-0.360007 0.730089 0.249859 0.999999 -0.000003 -0.000002 0.001583
-0.360004 0.730086 0.249840 0.999999 0.000002 0.000004 0.001584
-0.360008 0.730088 0.249807 0.999999 -0.000002 -0.000004 0.001585
-0.360010 0.730088 0.249781 0.999999 -0.000002 -0.000008 0.001587
-0.360006 0.730084 0.249770 0.999999 0.000006 -0.000001 0.001587
-0.360007 0.730090 0.249754 0.999999 -0.000007 -0.000003 0.001587
-0.360004 0.730088 0.249806 0.999999 -0.000002 0.000004 0.001589
-0.360007 0.730086 0.249822 0.999999 0.000003 -0.000002 0.001589
-0.360006 0.730087 0.249883 0.999999 0.000000 0.000001 0.001590
-0.360007 0.730087 0.249935 0.999999 0.000000 -0.000002 0.001591
-0.360008 0.730087 0.249939 0.999999 0.000000 -0.000003 0.001591
-0.360006 0.730088 0.249922 0.999999 -0.000002 -0.000000 0.001592
-0.360006 0.730086 0.249924 0.999999 0.000003 -0.000001 0.001593
-0.360008 0.730087 0.249897 0.999999 0.000001 -0.000003 0.001593
-0.360007 0.730088 0.249877 0.999999 -0.000002 -0.000002 0.001594
-0.360006 0.730086 0.249888 0.999999 0.000003 -0.000000 0.001596
-0.360007 0.730088 0.249877 0.999999 -0.000000 -0.000002 0.001597
-0.360005 0.730089 0.249900 0.999999 -0.000003 0.000003 0.001597
-0.360007 0.730087 0.249847 0.999999 0.000002 -0.000004 0.001600
-0.360005 0.730087 0.249811 0.999999 0.000001 0.000001 0.001603
-0.360005 0.730087 0.249838 0.999999 0.000002 0.000001 0.001605
-0.360006 0.730090 0.249878 0.999999 -0.000004 -0.000001 0.001608
-0.360006 0.730089 0.249844 0.999999 -0.000002 -0.000001 0.001611
-0.360003 0.730088 0.249820 0.999999 0.000001 0.000004 0.001614
-0.360005 0.730089 0.249799 0.999999 -0.000000 0.000000 0.001617
-0.360007 0.730085 0.249823 0.999999 0.000008 -0.000004 0.001620
-0.360006 0.730088 0.249832 0.999999 0.000001 -0.000001 0.001621
-0.360006 0.730088 0.249872 0.999999 0.000001 -0.000002 0.001625
-0.360006 0.730089 0.249912 0.999999 -0.000000 -0.000001 0.001627
-0.360006 0.730087 0.249920 0.999999 0.000003 -0.000001 0.001629
-0.360006 0.730089 0.249889 0.999999 -0.000000 -0.000001 0.001634
-0.360005 0.730088 0.249949 0.999999 0.000002 -0.000001 0.001636
-0.360004 0.730088 0.249922 0.999999 0.000001 0.000000 0.001640
-0.360005 0.730088 0.249876 0.999999 0.000003 -0.000000 0.001642
-0.360005 0.730087 0.249846 0.999999 0.000006 -0.000002 0.001644
-0.360003 0.730091 0.249843 0.999999 -0.000002 0.000003 0.001648
-0.360003 0.730090 0.249874 0.999999 -0.000000 0.000002 0.001649
-0.360005 0.730089 0.249920 0.999999 0.000001 -0.000002 0.001651
-0.360005 0.730089 0.249934 0.999999 0.000001 -0.000002 0.001651
-0.360005 0.730091 0.249893 0.999999 -0.000002 -0.000002 0.001653
-0.360005 0.730091 0.249890 0.999999 -0.000002 -0.000001 0.001653
-0.360005 0.730089 0.249939 0.999999 0.000001 -0.000001 0.001655
-0.360004 0.730090 0.249952 0.999999 -0.000001 -0.000000 0.001655
-0.360004 0.730089 0.249944 0.999999 0.000002 -0.000000 0.001656
-0.360004 0.730089 0.249943 0.999999 0.000001 0.000000 0.001657
-0.360004 0.730089 0.249945 0.999999 0.000003 -0.000000 0.001658
-0.360005 0.730091 0.249868 0.999999 -0.000001 -0.000003 0.001661
-0.360003 0.730092 0.249881 0.999999 -0.000003 0.000001 0.001665
-0.360004 0.730091 0.249830 0.999999 -0.000002 -0.000001 0.001668
-0.360005 0.730091 0.249822 0.999999 -0.000001 -0.000002 0.001668
-0.360004 0.730091 0.249867 0.999999 -0.000001 -0.000000 0.001671
-0.360005 0.730092 0.249863 0.999999 -0.000003 -0.000003 0.001672
-0.360004 0.730091 0.249900 0.999999 -0.000001 -0.000001 0.001675
-0.360001 0.730091 0.249882 0.999999 -0.000000 0.000004 0.001679
-0.360005 0.730089 0.249837 0.999999 0.000003 -0.000004 0.001683
-0.360003 0.730090 0.249935 0.999999 0.000002 0.000000 0.001686
-0.360001 0.730092 0.249904 0.999999 -0.000002 0.000003 0.001688
-0.360002 0.730091 0.249936 0.999999 0.000001 0.000001 0.001690
-0.360003 0.730092 0.249929 0.999999 -0.000001 -0.000000 0.001691
-0.360004 0.730090 0.249949 0.999999 0.000002 -0.000002 0.001693
-0.360004 0.730091 0.249945 0.999999 0.000002 -0.000002 0.001694
-0.360002 0.730093 0.249875 0.999999 -0.000003 0.000000 0.001698
-0.360001 0.730092 0.249806 0.999999 -0.000002 0.000003 0.001701
-0.360002 0.730094 0.249781 0.999999 -0.000005 0.000001 0.001704
-0.360003 0.730090 0.249798 0.999999 0.000003 -0.000001 0.001707
-0.360002 0.730092 0.249857 0.999999 -0.000001 0.000001 0.001711
-0.360002 0.730091 0.249941 0.999999 0.000001 -0.000000 0.001713
-0.360002 0.730093 0.249945 0.999999 -0.000002 0.000001 0.001716
-0.360002 0.730090 0.249896 0.999999 0.000004 -0.000000 0.001718
-0.360002 0.730093 0.249883 0.999999 -0.000001 0.000001 0.001721
-0.360002 0.730090 0.249846 0.999999 0.000005 -0.000000 0.001724
-0.360003 0.730091 0.249816 0.999999 0.000002 -0.000003 0.001729
-0.360000 0.730093 0.249882 0.999999 -0.000001 0.000003 0.001732
-0.360002 0.730090 0.249835 0.999998 0.000004 -0.000000 0.001736
-0.360001 0.730093 0.249849 0.999998 -0.000001 0.000002 0.001738
-0.360003 0.730092 0.249870 0.999998 0.000000 -0.000002 0.001741
-0.360003 0.730094 0.249902 0.999998 -0.000002 -0.000002 0.001745
-0.360003 0.730093 0.249840 0.999998 0.000000 -0.000003 0.001747
-0.360002 0.730093 0.249919 0.999998 0.000001 -0.000002 0.001750
-0.360001 0.730094 0.249908 0.999998 -0.000002 0.000000 0.001753
-0.360000 0.730094 0.249861 0.999998 -0.000003 0.000001 0.001756
-0.360002 0.730093 0.249878 0.999998 0.000000 -0.000002 0.001759
-0.360002 0.730092 0.249886 0.999998 0.000002 -0.000001 0.001762
-0.360001 0.730096 0.249829 0.999998 -0.000004 -0.000000 0.001766
-0.360002 0.730092 0.249808 0.999998 0.000003 -0.000003 0.001769
-0.360000 0.730093 0.249864 0.999998 0.000000 0.000001 0.001772
-0.360001 0.730094 0.249890 0.999998 -0.000001 -0.000002 0.001772
-0.360002 0.730094 0.249925 0.999998 -0.000000 -0.000002 0.001774
-0.360000 0.730094 0.249921 0.999998 -0.000001 0.000001 0.001775
-0.360001 0.730095 0.249918 0.999998 -0.000002 0.000000 0.001776
-0.359999 0.730094 0.249931 0.999998 -0.000000 0.000002 0.001777
-0.360000 0.730093 0.249932 0.999998 0.000000 0.000001 0.001779
-0.360001 0.730094 0.249933 0.999998 -0.000001 0.000000 0.001779
-0.360001 0.730096 0.249847 0.999998 -0.000003 -0.000001 0.001781
-0.360000 0.730094 0.249866 0.999998 0.000001 0.000001 0.001782
-0.360002 0.730095 0.249869 0.999998 -0.000001 -0.000003 0.001785
-0.360001 0.730094 0.249916 0.999998 0.000001 -0.000002 0.001788
-0.360001 0.730094 0.249924 0.999998 -0.000001 -0.000002 0.001791
-0.360000 0.730096 0.249936 0.999998 -0.000003 0.000001 0.001793
-0.359999 0.730093 0.249951 0.999998 0.000002 0.000001 0.001794
-0.360000 0.730095 0.249933 0.999998 -0.000001 -0.000000 0.001796
