-0.080727 0.886065 0.407064
-0.080063 0.886074 0.407101
-0.079398 0.886065 0.407144
-0.079373 0.886028 0.407151
-0.080258 0.885574 0.407152
-0.081219 0.884406 0.407347
-0.080946 0.883831 0.407516
-0.079792 0.883278 0.407723
-0.079441 0.882969 0.407808
-0.078274 0.882465 0.407980
-0.077792 0.882035 0.408089
-0.076902 0.881694 0.408206
-0.076397 0.881280 0.408307
-0.075315 0.880831 0.408449
-0.074892 0.880429 0.408540
-0.074053 0.880109 0.408644
-0.073587 0.879710 0.408734
-0.072550 0.879274 0.408865
-0.072275 0.879003 0.408922
-0.071249 0.878551 0.409052
-0.071104 0.878410 0.409081
-0.071887 0.877837 0.409101
-0.072270 0.875925 0.409416
-0.072086 0.875626 0.409483
-0.072799 0.874903 0.409540
-0.072723 0.872416 0.409986
-0.072453 0.872026 0.410071
-0.073577 0.868800 0.410535
-0.073336 0.868330 0.410630
-0.074378 0.864803 0.411137
-0.074112 0.864292 0.411234
-0.073149 0.862315 0.411602
-0.072684 0.861669 0.411718
-0.072363 0.860645 0.411893
-0.072113 0.860191 0.411970
-0.072062 0.859349 0.412111
-0.072003 0.859190 0.412137
-0.072190 0.858494 0.412250
-0.072164 0.858379 0.412268
-0.072539 0.857938 0.412333
-0.072545 0.857843 0.412347
-0.073024 0.857486 0.412396
-0.073045 0.857404 0.412408
-0.073581 0.857100 0.412447
-0.074521 0.856577 0.412457
-0.075384 0.856068 0.412483
-0.076663 0.854659 0.412674
-0.077534 0.853996 0.412714
-0.078424 0.851237 0.413097
-0.077777 0.850296 0.413247
-0.076865 0.849789 0.413338
-0.076183 0.849051 0.413441
-0.075576 0.848775 0.413490
-0.074735 0.847961 0.413600
-0.074445 0.847842 0.413622
-0.073380 0.846954 0.413742
-0.073102 0.846847 0.413761
-0.073764 0.846235 0.413787
-0.074696 0.844084 0.414013
-0.074063 0.843593 0.414088
-0.073163 0.842618 0.414208
-0.072480 0.842251 0.414258
-0.071498 0.841262 0.414369
-0.071189 0.841117 0.414389
-0.070171 0.840247 0.414484
-0.069872 0.840117 0.414502
-0.068904 0.839299 0.414588
-0.068614 0.839175 0.414604
-0.069277 0.838541 0.414628
-0.070316 0.836630 0.414791
-0.070050 0.836330 0.414826
-0.070689 0.835540 0.414871
-0.071318 0.832784 0.415123
-0.070956 0.832447 0.415157
-0.071527 0.831613 0.415206
-0.072164 0.829113 0.415415
-0.071098 0.828004 0.415503
-0.070081 0.826730 0.415587
-0.069351 0.826266 0.415611
-0.068448 0.825299 0.415662
-0.067555 0.824772 0.415683
-0.066918 0.824002 0.415722
-0.066142 0.823586 0.415737
-0.065722 0.823067 0.415761
-0.064814 0.822549 0.415778
-0.064584 0.822215 0.415793
-0.063577 0.821576 0.415814
-0.063480 0.821412 0.415822
-0.062500 0.820745 0.415842
-0.061253 0.818865 0.415987
-0.061853 0.818917 0.416009
-0.062045 0.818926 0.416014
-0.062239 0.818886 0.416023
-0.065271 0.817013 0.416181
-0.065481 0.816831 0.416201
-0.065648 0.816628 0.416222
-0.068293 0.814480 0.416396
-0.068529 0.814172 0.416426
-0.068426 0.812762 0.416525
-0.067970 0.811951 0.416560
-0.067593 0.811241 0.416597
-0.067270 0.810580 0.416638
-0.066977 0.809943 0.416681
-0.066655 0.809244 0.416732
-0.066406 0.808651 0.416777
-0.066155 0.808043 0.416824
-0.065860 0.807355 0.416879
-0.065622 0.806761 0.416926
-0.065337 0.806077 0.416982
-0.065104 0.805481 0.417030
-0.064860 0.804863 0.417080
-0.064569 0.804160 0.417138
-0.064294 0.803482 0.417195
-0.064066 0.802883 0.417244
-0.063825 0.802257 0.417295
-0.063575 0.801616 0.417348
-0.063279 0.800892 0.417409
-0.063000 0.800195 0.417468
-0.062770 0.799581 0.417519
-0.062527 0.798940 0.417573
-0.062279 0.798305 0.417625
-0.062034 0.797717 0.417668
-0.061869 0.797257 0.417699
-0.061708 0.796800 0.417729
-0.061520 0.796301 0.417761
-0.061346 0.795828 0.417790
-0.061179 0.795363 0.417818
-0.061036 0.794940 0.417844
-0.060880 0.794493 0.417870
-0.060717 0.794037 0.417897
-0.060523 0.793532 0.417926
-0.060369 0.793092 0.417952
-0.060180 0.792593 0.417981
-0.060027 0.792153 0.418006
-0.059865 0.791694 0.418032
-0.059696 0.791227 0.418058
-0.059498 0.790711 0.418088
-0.059340 0.790262 0.418113
-0.059147 0.789752 0.418142
-0.058965 0.789261 0.418170
-0.058900 0.788986 0.418184
-0.061506 0.787285 0.418263
-0.061506 0.786253 0.418256
-0.061203 0.785692 0.418231
-0.060948 0.785182 0.418222
-0.060692 0.784644 0.418223
-0.060670 0.784537 0.418225
-0.059904 0.784092 0.418196
-0.059858 0.783972 0.418196
-0.059026 0.783470 0.418159
-0.058690 0.782868 0.418154
-0.058455 0.782335 0.418161
-0.058279 0.781870 0.418173
-0.058099 0.781387 0.418189
-0.058017 0.781083 0.418199
-0.057509 0.780892 0.418184
-0.057269 0.780538 0.418180
-0.056581 0.780230 0.418150
-0.056430 0.779969 0.418145
-0.055999 0.779777 0.418126
-0.058090 0.778260 0.418178
-0.058333 0.777915 0.418185
-0.058033 0.777253 0.418149
-0.059725 0.775986 0.418184
-0.060182 0.775499 0.418194
-0.059758 0.774121 0.418076
-0.059667 0.773934 0.418056
-0.058721 0.773294 0.417929
-0.058627 0.773134 0.417912
-0.057634 0.772488 0.417793
-0.057565 0.772345 0.417782
-0.056665 0.771766 0.417688
-0.056606 0.771630 0.417680
-0.055744 0.771073 0.417598
-0.055688 0.770938 0.417592
-0.054846 0.770387 0.417517
-0.054792 0.770253 0.417512
-0.053961 0.769701 0.417440
-0.053908 0.769567 0.417435
-0.053156 0.769084 0.417373
-0.053091 0.768941 0.417368
-0.052310 0.768424 0.417303
-0.051959 0.767781 0.417276
-0.051687 0.767155 0.417266
-0.051471 0.766598 0.417265
-0.051304 0.766108 0.417269
-0.051130 0.765598 0.417276
-0.050925 0.765032 0.417284
-0.050761 0.764536 0.417293
-0.050563 0.763974 0.417302
-0.050376 0.763433 0.417312
-0.050219 0.762942 0.417321
-0.050051 0.762426 0.417330
-0.049875 0.761898 0.417340
-0.049669 0.761317 0.417350
-0.049479 0.760764 0.417360
-0.049321 0.760265 0.417369
-0.050318 0.759696 0.417414
-0.052338 0.758096 0.417514
-0.053382 0.757441 0.417558
-0.055389 0.755483 0.417603
-0.056388 0.754831 0.417644
-0.058289 0.752762 0.417646
-0.057953 0.752002 0.417521
-0.057709 0.751453 0.417462
-0.057497 0.750915 0.417432
-0.057273 0.750332 0.417415
-0.057105 0.749825 0.417410
-0.056906 0.749253 0.417407
-0.056723 0.748702 0.417408
-0.056547 0.748157 0.417409
-0.056400 0.747658 0.417412
-0.056240 0.747130 0.417415
-0.056030 0.746466 0.417425
-0.055832 0.745813 0.417440
-0.055608 0.745101 0.417457
-0.055579 0.744942 0.417461
-0.058301 0.742875 0.417696
-0.058589 0.742605 0.417723
-0.058875 0.741445 0.417761
-0.058973 0.741330 0.417770
-0.059094 0.740605 0.417808
-0.059205 0.740527 0.417822
-0.059422 0.740005 0.417877
-0.059547 0.739935 0.417895
-0.059801 0.739443 0.417963
-0.059931 0.739377 0.417982
-0.060200 0.738899 0.418057
-0.060457 0.738789 0.418098
-0.060623 0.738358 0.418163
-0.060751 0.738296 0.418182
-0.061021 0.737779 0.418267
-0.062034 0.737176 0.418352
-0.064116 0.735029 0.418563
-0.063861 0.734125 0.418540
-0.063565 0.733302 0.418527
-0.063291 0.732504 0.418529
-0.063029 0.731715 0.418538
-0.062774 0.730929 0.418552
-0.062523 0.730144 0.418568
-0.062234 0.729274 0.418586
-0.062005 0.728527 0.418603
-0.061730 0.727676 0.418622
-0.061507 0.726934 0.418639
-0.061236 0.726083 0.418659
-0.061015 0.725340 0.418676
-0.060784 0.724568 0.418694
-0.060506 0.723698 0.418715
-0.060283 0.722944 0.418732
-0.060051 0.722163 0.418750
-0.059774 0.721285 0.418771
-0.059551 0.720524 0.418789
-0.059320 0.719738 0.418807
-0.059043 0.718853 0.418827
-0.058821 0.718087 0.418845
-0.058590 0.717295 0.418864
-0.059582 0.716661 0.418942
-0.061621 0.714734 0.419130
-0.063615 0.713392 0.419292
-0.064726 0.711521 0.419349
-0.064413 0.710490 0.419278
-0.064045 0.709507 0.419233
-0.063789 0.708714 0.419221
-0.063546 0.707918 0.419221
-0.063271 0.707036 0.419228
-0.063020 0.706197 0.419239
-0.062817 0.705452 0.419250
-0.062603 0.704674 0.419263
-0.062383 0.703878 0.419276
-0.062122 0.702989 0.419291
-0.061915 0.702221 0.419304
-0.061700 0.701426 0.419317
-0.061481 0.700619 0.419331
-0.061259 0.699804 0.419345
-0.060998 0.698899 0.419361
-0.060757 0.698038 0.419376
-0.060526 0.697196 0.419390
-0.060334 0.696439 0.419404
-0.060093 0.695562 0.419419
-0.059895 0.694790 0.419432
-0.059687 0.693986 0.419446
-0.059436 0.693081 0.419461
-0.059236 0.692296 0.419475
-0.058991 0.691398 0.419490
-0.058760 0.690532 0.419505
-0.058714 0.690207 0.419511
-0.061714 0.688059 0.419790
-0.061828 0.687805 0.419797
-0.064981 0.685390 0.420062
-0.064995 0.684182 0.419988
-0.064707 0.683277 0.419926
-0.064492 0.682506 0.419905
-0.064245 0.681628 0.419898
-0.064018 0.680782 0.419900
-0.063943 0.680328 0.419905
-0.064145 0.680016 0.419945
-0.064185 0.679586 0.419973
-0.064463 0.679251 0.420037
-0.064503 0.678980 0.420059
-0.064825 0.678589 0.420141
-0.064792 0.677990 0.420186
-0.064627 0.677204 0.420212
-0.064437 0.676389 0.420230
-0.064270 0.675636 0.420244
-0.064158 0.675037 0.420253
-0.066069 0.673825 0.420452
-0.067327 0.672363 0.420584
-0.068365 0.671675 0.420682
-0.070530 0.669721 0.420888
-0.072550 0.668410 0.421092
-0.073803 0.667060 0.421190
-0.075814 0.665719 0.421401
-0.077096 0.663956 0.421461
-0.076915 0.663160 0.421382
-0.076668 0.662304 0.421337
-0.076487 0.661558 0.421325
-0.076306 0.660783 0.421323
-0.076124 0.659994 0.421326
-0.075943 0.659196 0.421332
-0.075731 0.658314 0.421338
-0.075568 0.657551 0.421345
-0.075367 0.656685 0.421351
-0.075209 0.655925 0.421358
-0.075012 0.655059 0.421365
-0.074856 0.654298 0.421371
-0.074661 0.653430 0.421378
-0.074477 0.652592 0.421384
-0.074299 0.651765 0.421391
-0.074124 0.650942 0.421397
-0.073979 0.650194 0.421404
-0.073792 0.649328 0.421410
-0.073613 0.648487 0.421417
-0.073439 0.647656 0.421423
-0.073268 0.646827 0.421430
-0.073186 0.646257 0.421437
-0.073374 0.645982 0.421475
-0.073430 0.645564 0.421502
-0.073660 0.645292 0.421552
-0.073732 0.644882 0.421586
-0.073970 0.644616 0.421640
-0.075015 0.643999 0.421775
-0.076972 0.642672 0.422052
-0.077774 0.642147 0.422160
-0.077898 0.641765 0.422175
-0.078147 0.641532 0.422209
-0.078222 0.641065 0.422232
-0.078451 0.640858 0.422274
-0.078532 0.640488 0.422303
-0.078774 0.640251 0.422353
-0.078813 0.639580 0.422408
-0.078718 0.638901 0.422428
-0.078584 0.638141 0.422441
-0.078432 0.637343 0.422451
-0.078272 0.636526 0.422458
-0.078077 0.635618 0.422465
-0.077927 0.634831 0.422472
-0.077770 0.634016 0.422478
-0.077579 0.633108 0.422485
-0.077402 0.632240 0.422491
-0.077233 0.631389 0.422497
-0.077068 0.630543 0.422504
-0.076932 0.629774 0.422510
-0.076785 0.628964 0.422517
-0.076631 0.628136 0.422524
-0.076474 0.627299 0.422530
-0.076286 0.626373 0.422536
-0.076115 0.625493 0.422543
-0.076066 0.625017 0.422549
-0.078854 0.623148 0.422923
-0.079305 0.622511 0.422976
-0.081863 0.620877 0.423309
-0.082700 0.619970 0.423395
-0.085250 0.618374 0.423729
-0.086152 0.617353 0.423797
-0.086074 0.616621 0.423738
-0.085952 0.615923 0.423714
-0.085817 0.615161 0.423706
-0.085808 0.614981 0.423707
-0.085990 0.614302 0.423761
-0.086000 0.614143 0.423767
-0.086242 0.613549 0.423839
-0.086257 0.613398 0.423847
-0.086517 0.612887 0.423919
-0.086539 0.612732 0.423929
-0.086810 0.612211 0.424006
-0.087796 0.611571 0.424156
-0.088721 0.610931 0.424307
-0.090331 0.609868 0.424572
-0.091419 0.609189 0.424737
-0.092410 0.608529 0.424897
-0.094328 0.607379 0.425185
-0.094396 0.607250 0.425190
-0.094767 0.606843 0.425232
-0.094791 0.606715 0.425235
-0.095071 0.606290 0.425288
-0.095044 0.605622 0.425314
-0.094934 0.604875 0.425326
-0.094804 0.604087 0.425333
-0.094667 0.603282 0.425339
-0.094553 0.602539 0.425346
-0.094401 0.601680 0.425351
-0.094280 0.600917 0.425356
-0.094152 0.600122 0.425362
-0.093992 0.599236 0.425366
-0.093871 0.598462 0.425371
-0.093717 0.597585 0.425376
-0.093598 0.596813 0.425382
-0.093473 0.596011 0.425387
-0.093344 0.595196 0.425393
-0.093187 0.594297 0.425397
-0.093043 0.593442 0.425402
-0.092932 0.592674 0.425408
-0.092813 0.591872 0.425414
-0.092689 0.591054 0.425420
-0.092564 0.590229 0.425426
-0.092411 0.589322 0.425431
-0.092273 0.588461 0.425436
-0.092143 0.587616 0.425441
-0.092040 0.586849 0.425448
-0.091904 0.585968 0.425454
-0.091798 0.585188 0.425460
-0.091687 0.584376 0.425467
-0.091545 0.583472 0.425472
-0.091440 0.582683 0.425479
-0.091329 0.581865 0.425485
-0.091191 0.580957 0.425491
-0.091064 0.580090 0.425497
-0.090968 0.579311 0.425504
-0.090840 0.578420 0.425511
-0.090720 0.577559 0.425517
-0.090627 0.576781 0.425524
-0.090503 0.575889 0.425531
-0.090387 0.575026 0.425538
-0.090275 0.574173 0.425545
-0.090189 0.573397 0.425552
-0.090071 0.572504 0.425560
-0.089981 0.571714 0.425567
-0.089863 0.570813 0.425574
-0.089753 0.569944 0.425581
-0.089670 0.569160 0.425589
-0.089580 0.568339 0.425597
-0.089485 0.567502 0.425605
-0.089389 0.566657 0.425613
-0.089381 0.566284 0.425619
-0.092046 0.564330 0.426063
-0.092543 0.563732 0.426144
-0.095378 0.561943 0.426607
-0.095820 0.561563 0.426672
-0.098769 0.559764 0.427159
-0.099502 0.559169 0.427233
-0.099524 0.558655 0.427213
-0.099453 0.557919 0.427202
-0.099365 0.557133 0.427203
-0.099274 0.556324 0.427209
-0.099184 0.555505 0.427217
-0.099095 0.554682 0.427226
-0.099007 0.553856 0.427235
-0.098940 0.553099 0.427245
-0.098845 0.552228 0.427254
-0.098756 0.551384 0.427263
-0.099651 0.550715 0.427422
-0.101781 0.549021 0.427833
-0.102780 0.548333 0.428012
-0.105217 0.546670 0.428468
-0.106185 0.546020 0.428643
-0.108658 0.544446 0.429100
-0.108817 0.544021 0.429104
-0.108804 0.543415 0.429099
-0.108749 0.542701 0.429101
-0.108719 0.542109 0.429109
-0.108834 0.541830 0.429134
-0.108894 0.541381 0.429159
-0.109060 0.541038 0.429203
-0.109116 0.540618 0.429231
-0.109286 0.540292 0.429278
-0.109345 0.539878 0.429307
-0.109463 0.539672 0.429335
-0.110377 0.538965 0.429518
-0.112398 0.537336 0.429964
-0.112620 0.537207 0.430009
-0.113655 0.536480 0.430217
-0.116077 0.534842 0.430741
-0.116409 0.534764 0.430798
-0.116747 0.534387 0.430862
-0.116759 0.533808 0.430877
-0.116724 0.533152 0.430888
-0.116664 0.532413 0.430899
-0.116573 0.531574 0.430909
-0.116486 0.530760 0.430919
-0.116423 0.530019 0.430930
-0.116334 0.529175 0.430940
-0.116269 0.528425 0.430950
-0.116200 0.527643 0.430961
-0.116128 0.526850 0.430972
-0.116055 0.526051 0.430983
-0.115962 0.525180 0.430993
-0.115881 0.524353 0.431004
-0.115824 0.523605 0.431015
-0.115743 0.522755 0.431026
-0.115748 0.522413 0.431034
-0.118178 0.520303 0.431583
-0.118578 0.519837 0.431677
-0.121517 0.517659 0.432343
-0.121706 0.517485 0.432384
-0.124703 0.515310 0.433070
-0.124897 0.515143 0.433112
-0.128057 0.512910 0.433850
-0.128446 0.512539 0.433921
-0.128486 0.512020 0.433929
-0.128438 0.511305 0.433935
-0.128389 0.510610 0.433946
-0.128380 0.510134 0.433956
-0.128474 0.509829 0.433978
-0.128524 0.509360 0.434003
-0.128643 0.509073 0.434033
-0.128705 0.508619 0.434063
-0.128831 0.508344 0.434096
-0.128868 0.508172 0.434109
-0.130927 0.506161 0.434638
-0.131766 0.505603 0.434850
-0.131913 0.505437 0.434888
-0.133597 0.503908 0.435317
-0.135067 0.503033 0.435689
-0.135223 0.502897 0.435728
-0.136108 0.502072 0.435952
-0.138400 0.500572 0.436543
-0.138554 0.500445 0.436582
-0.139427 0.499618 0.436808
-0.141508 0.498153 0.437357
-0.141963 0.497792 0.437476
-0.142301 0.497709 0.437543
-0.142415 0.497420 0.437573
-0.142572 0.497266 0.437603
-0.142661 0.496818 0.437637
-0.142787 0.496647 0.437664
-0.142844 0.496021 0.437710
-0.142810 0.495371 0.437732
-0.142730 0.494595 0.437747
-0.142646 0.493828 0.437759
-0.142578 0.493118 0.437770
-0.142485 0.492313 0.437781
-0.142414 0.491592 0.437791
-0.142337 0.490842 0.437801
-0.143058 0.490039 0.437999
-0.144844 0.487996 0.438532
-0.146401 0.486475 0.438977
-0.147668 0.485245 0.439355
-0.149238 0.483729 0.439811
-0.150642 0.482460 0.440233
-0.151426 0.481663 0.440461
-0.153565 0.479677 0.441116
-0.153747 0.479242 0.441169
-0.153727 0.478617 0.441180
-0.153657 0.477918 0.441188
-0.153574 0.477188 0.441196
-0.153504 0.476500 0.441205
-0.153424 0.475773 0.441215
-0.153340 0.475033 0.441224
-0.153327 0.474681 0.441232
-0.154004 0.473961 0.438763
-0.154057 0.473297 0.438466
-0.154006 0.472590 0.438454
-0.154238 0.472421 0.437609
-0.154714 0.471632 0.435862
-0.155162 0.471319 0.434183
-0.155489 0.470673 0.432983
-0.155720 0.470503 0.432082
-0.156210 0.469691 0.430158
-0.156428 0.469528 0.429255
-0.156902 0.468713 0.427268
-0.156900 0.468097 0.427179
-0.156845 0.467401 0.427168
-0.156808 0.466823 0.427169
-0.157218 0.466342 0.425143
-0.157344 0.465870 0.424542
-0.157780 0.465379 0.422356
-0.157918 0.464918 0.421713
-0.158388 0.464377 0.419194
-0.158481 0.463974 0.418779
-0.158854 0.463502 0.416636
-0.158975 0.463058 0.416001
-0.159370 0.462523 0.413475
-0.159438 0.462230 0.413140
-0.159826 0.461606 0.410398
-0.159854 0.461460 0.410266
-0.160093 0.460979 0.408550
-0.160358 0.460700 0.407413
-0.161044 0.459918 0.407466
-0.161788 0.459105 0.406693
-0.162325 0.458465 0.406036
-0.163361 0.457656 0.405084
-0.164111 0.456866 0.405150
-0.164803 0.456079 0.405246
-0.166126 0.455040 0.405435
-0.166891 0.454230 0.405589
-0.167590 0.453429 0.405743
-0.169157 0.452393 0.406045
-0.169236 0.452299 0.406050
-0.169541 0.452152 0.406063
-0.169562 0.452037 0.406061
-0.169616 0.451921 0.406067
-0.171793 0.449417 0.406602
-0.171943 0.449216 0.406635
-0.172653 0.448259 0.406808
-0.174547 0.446500 0.407286
-0.174675 0.446360 0.407310
-0.175358 0.445439 0.407482
-0.177039 0.443809 0.407924
-0.177416 0.443433 0.408001
-0.177691 0.443416 0.408037
-0.177753 0.443217 0.408040
-0.177903 0.443063 0.408063
-0.177939 0.442715 0.408072
-0.178032 0.442557 0.408098
-0.178068 0.442086 0.408123
-0.178157 0.441940 0.408155
-0.178198 0.441545 0.408181
-0.178315 0.441323 0.408230
-0.178346 0.441030 0.408250
-0.178483 0.440702 0.408316
-0.178487 0.440046 0.408371
-0.178435 0.439376 0.408409
-0.178342 0.438595 0.408449
-0.178262 0.437883 0.408483
-0.178173 0.437141 0.408518
-0.178080 0.436389 0.408554
-0.177970 0.435574 0.408594
-0.177885 0.434851 0.408628
-0.177779 0.434047 0.408667
-0.177694 0.433328 0.408701
-0.177603 0.432582 0.408736
-0.177509 0.431828 0.408771
-0.177414 0.431071 0.408806
-0.177302 0.430255 0.408845
-0.177248 0.429680 0.408870
-0.177392 0.429249 0.407271
-0.177473 0.428588 0.406188
-0.177622 0.428183 0.404452
-0.177716 0.427579 0.403285
-0.177882 0.427103 0.401027
-0.177937 0.426690 0.400357
-0.178073 0.426191 0.398095
-0.178114 0.425707 0.397335
-0.178186 0.425334 0.395633
-0.178220 0.424731 0.394392
-0.178245 0.424533 0.393462
-0.178268 0.423766 0.391449
-0.178280 0.423580 0.390519
-0.178294 0.423114 0.389252
-0.178406 0.422856 0.388481
-0.178418 0.422725 0.388449
-0.178542 0.422385 0.388441
-0.178551 0.422233 0.388445
-0.178670 0.421789 0.388507
-0.178676 0.421635 0.388514
-0.178783 0.421200 0.388578
-0.178791 0.421035 0.388587
-0.178904 0.420571 0.388658
-0.178913 0.420402 0.388668
-0.179035 0.419886 0.388752
-0.179014 0.419186 0.388809
-0.178979 0.418634 0.388838
-0.178970 0.418487 0.388932
-0.178924 0.417799 0.389033
-0.178920 0.417726 0.389086
-0.178877 0.417014 0.389228
-0.178869 0.416874 0.389330
-0.178840 0.416272 0.389428
-0.178831 0.416108 0.389532
-0.178785 0.415393 0.389645
-0.178780 0.415316 0.389699
-0.178724 0.414515 0.389858
-0.178721 0.414450 0.389912
-0.178707 0.413951 0.390021
-0.180018 0.411716 0.390412
-0.180260 0.411409 0.390529
-0.180563 0.410870 0.390683
-0.182072 0.408595 0.391138
-0.182559 0.408158 0.391357
-0.183003 0.407660 0.391531
-0.183043 0.407652 0.391584
-0.183113 0.407206 0.391707
-0.183120 0.407169 0.391758
-0.183101 0.406587 0.391885
-0.183099 0.406529 0.391938
-0.183038 0.405807 0.392082
-0.183034 0.405751 0.392134
-0.182971 0.405022 0.392279
-0.183438 0.404127 0.392423
-0.183885 0.403223 0.392572
-0.184703 0.401854 0.392976
-0.185254 0.400928 0.393155
-0.185759 0.400020 0.393330
-0.186901 0.398685 0.393837
-0.186959 0.398561 0.393856
-0.187103 0.398281 0.394038
-0.187105 0.398142 0.394046
-0.187090 0.397699 0.394213
-0.187081 0.397537 0.394222
-0.187038 0.397045 0.394386
-0.187024 0.396865 0.394399
-0.186956 0.396258 0.394586
-0.186942 0.396079 0.394598
-0.186886 0.395526 0.394771
-0.186871 0.395337 0.394786
-0.186800 0.394696 0.394981
-0.186786 0.394513 0.394993
-0.186777 0.394342 0.395049
-0.188118 0.391651 0.395655
-0.188265 0.391321 0.395724
-0.188377 0.391080 0.395817
-0.190123 0.388245 0.396575
-0.190256 0.388033 0.396627
-0.190600 0.387709 0.396876
-0.190613 0.387584 0.396887
-0.190636 0.387213 0.397057
-0.190626 0.387059 0.397066
-0.190585 0.386600 0.397228
-0.190569 0.386424 0.397240
-0.190494 0.385838 0.397425
-0.190508 0.385613 0.396547
-0.190512 0.385300 0.395807
-0.190509 0.384671 0.394699
-0.190500 0.384512 0.394672
-0.190462 0.384039 0.394781
-0.190429 0.383697 0.394801
-0.190383 0.383320 0.394952
-0.190345 0.382961 0.394984
-0.190292 0.382561 0.395144
-0.190253 0.382195 0.395178
-0.190211 0.381857 0.395317
-0.190595 0.380924 0.395496
-0.191402 0.378947 0.395897
-0.191786 0.378388 0.396195
-0.191849 0.378093 0.396247
-0.191910 0.377815 0.396432
-0.191905 0.377662 0.396445
-0.191868 0.377162 0.396630
-0.191852 0.376994 0.396640
-0.191786 0.376448 0.396821
-0.191786 0.376339 0.396827
-0.191777 0.375970 0.396989
-0.191779 0.375858 0.396998
-0.191783 0.375486 0.397174
-0.191790 0.375108 0.397203
-0.191803 0.374790 0.397212
-0.191818 0.374465 0.397218
-0.191829 0.374160 0.397222
-0.191831 0.373811 0.397228
-0.191825 0.373467 0.397233
-0.191819 0.373129 0.397237
-0.191810 0.373349 0.398122
-0.191762 0.373395 0.400018
-0.191737 0.373620 0.400989
-0.191637 0.373632 0.403121
-0.191597 0.373856 0.404066
-0.191457 0.373857 0.406212
-0.191432 0.373493 0.406318
-0.191437 0.373407 0.406320
-0.191502 0.373118 0.406355
-0.191524 0.372945 0.406360
-0.191599 0.372758 0.406393
-0.191637 0.372521 0.406405
-0.191717 0.372389 0.406439
-0.191752 0.372229 0.406447
-0.191855 0.372041 0.406489
-0.191874 0.371967 0.406491
-0.191995 0.371699 0.406539
-0.192013 0.371624 0.406541
-0.192117 0.371368 0.406582
-0.192136 0.371288 0.406585
-0.192252 0.371010 0.406633
-0.192270 0.370935 0.406634
-0.192372 0.370678 0.406675
-0.192390 0.370599 0.406677
-0.192506 0.370322 0.406724
-0.192523 0.370247 0.406726
-0.192634 0.369978 0.406771
-0.192651 0.369904 0.406772
-0.192751 0.369649 0.406811
-0.192770 0.369571 0.406814
-0.192873 0.369310 0.406854
-0.192902 0.369143 0.406861
-0.192997 0.368952 0.406900
-0.193015 0.368878 0.406902
-0.193120 0.368627 0.406942
-0.193149 0.368461 0.406949
-0.193262 0.368259 0.406996
-0.193397 0.368254 0.407038
-0.193531 0.368268 0.407075
-0.193686 0.368294 0.407117
-0.193824 0.368315 0.407155
-0.193969 0.368339 0.407193
-0.194129 0.368369 0.407235
-0.194269 0.368391 0.407272
-0.194428 0.368422 0.407313
-0.194569 0.368444 0.407349
-0.194716 0.368470 0.407387
-0.194878 0.368502 0.407428
-0.195033 0.368532 0.407466
-0.195174 0.368555 0.407501
-0.195335 0.368587 0.407541
-0.195478 0.368612 0.407575
-0.195627 0.368640 0.407611
-0.195793 0.368675 0.407650
-0.195951 0.368706 0.407687
-0.196094 0.368732 0.407721
-0.196245 0.368760 0.407755
-0.196399 0.368791 0.407790
-0.196568 0.368828 0.407829
-0.196729 0.368862 0.407865
-0.196874 0.368889 0.407897
-0.197028 0.368919 0.407931
-0.197184 0.368952 0.407964
-0.197342 0.368985 0.407998
-0.197501 0.369018 0.408032
-0.197508 0.369090 0.408038
-0.197659 0.369344 0.408063
-0.197671 0.369432 0.408068
-0.197785 0.369647 0.408086
-0.196859 0.371691 0.407657
-0.196676 0.372060 0.407580
-0.196498 0.372476 0.407494
-0.195355 0.374609 0.407018
-0.195130 0.374975 0.406935
-0.194741 0.375541 0.406787
-0.194682 0.375699 0.406778
-0.194736 0.375827 0.406786
-0.194761 0.376062 0.406795
-0.194886 0.376181 0.406816
-0.194915 0.376357 0.406825
-0.195060 0.376540 0.406848
-0.195116 0.376804 0.406859
-0.195262 0.376944 0.406881
-0.195314 0.377192 0.406893
-0.195422 0.377283 0.406911
-0.195037 0.378060 0.406767
-0.194397 0.379378 0.406520
-0.194028 0.380003 0.406375
-0.193546 0.380828 0.406210
-0.192775 0.382174 0.405941
-0.192310 0.382780 0.405783
-0.191336 0.384320 0.405468
-0.190990 0.384837 0.405362
-0.190311 0.385598 0.405164
-0.190269 0.385673 0.405160
-0.190311 0.385873 0.405174
-0.190308 0.385947 0.405179
-0.190435 0.386163 0.405206
-0.190453 0.386341 0.405216
-0.190609 0.386519 0.405242
-0.190621 0.386612 0.405248
-0.190832 0.386960 0.405275
-0.190854 0.387090 0.405277
-0.191090 0.387533 0.405291
-0.191132 0.387716 0.405290
-0.191502 0.388416 0.405297
-0.191552 0.388613 0.405294
-0.191903 0.389285 0.405297
-0.192020 0.389692 0.405292
-0.192330 0.390209 0.405294
-0.192461 0.390632 0.405289
-0.192792 0.391173 0.405291
-0.192930 0.391605 0.405286
-0.193339 0.392255 0.405288
-0.193405 0.392472 0.405286
-0.193820 0.393219 0.405287
-0.193889 0.393442 0.405284
-0.194380 0.394304 0.405285
-0.194444 0.394518 0.405282
-0.194858 0.395256 0.405282
-0.194993 0.395680 0.405277
-0.195340 0.396224 0.405279
-0.195414 0.396450 0.405276
-0.195052 0.397525 0.405131
-0.194176 0.399649 0.404767
-0.194127 0.399844 0.404747
-0.193652 0.400862 0.404595
-0.192436 0.402633 0.404234
-0.192346 0.402769 0.404215
-0.192289 0.403003 0.404199
-0.192296 0.403139 0.404197
-0.192561 0.403624 0.404207
-0.192599 0.403797 0.404206
-0.193031 0.404522 0.404212
-0.193381 0.404851 0.404227
-0.193712 0.405131 0.404245
-0.194068 0.405428 0.404265
-0.194371 0.405663 0.404283
-0.194682 0.405901 0.404301
-0.195032 0.406178 0.404321
-0.195369 0.406440 0.404340
-0.195670 0.406664 0.404357
-0.196021 0.406935 0.404376
-0.196330 0.407165 0.404393
-0.196689 0.407441 0.404411
-0.197005 0.407676 0.404427
-0.197371 0.407956 0.404445
-0.197694 0.408194 0.404461
-0.198068 0.408480 0.404478
-0.198397 0.408721 0.404493
-0.198741 0.408975 0.404508
-0.199095 0.409237 0.404523
-0.199455 0.409503 0.404538
-0.199820 0.409774 0.404553
-0.200230 0.410085 0.404568
-0.200622 0.410379 0.404582
-0.201009 0.410666 0.404596
-0.201082 0.410707 0.404599
-0.201187 0.411336 0.407214
-0.201249 0.411375 0.407335
-0.201292 0.411959 0.410132
-0.201580 0.412130 0.410463
-0.201926 0.412341 0.410497
-0.202302 0.412590 0.410512
-0.202694 0.412858 0.410525
-0.203098 0.413138 0.410538
-0.203555 0.413466 0.410551
-0.203951 0.413740 0.410562
-0.204363 0.414025 0.410573
-0.204832 0.414359 0.410585
-0.205284 0.414678 0.410595
-0.205687 0.414951 0.410604
-0.206111 0.415239 0.410613
-0.206547 0.415537 0.410622
-0.207043 0.415883 0.410631
-0.207521 0.416213 0.410639
-0.207993 0.416535 0.410647
-0.208417 0.416815 0.410653
-0.208865 0.417111 0.410659
-0.209328 0.417418 0.410665
-0.209801 0.417732 0.410670
-0.210282 0.418051 0.410675
-0.210825 0.418417 0.410679
-0.211348 0.418765 0.410683
-0.211863 0.419103 0.410686
-0.212377 0.419437 0.410688
-0.212893 0.419770 0.410690
-0.213359 0.420062 0.410692
-0.213910 0.420416 0.410692
-0.214452 0.420763 0.410692
-0.214938 0.421063 0.410692
-0.215509 0.421425 0.410690
-0.216012 0.421733 0.410688
-0.216538 0.422057 0.410686
-0.217081 0.422389 0.410683
-0.217634 0.422728 0.410679
-0.218125 0.423019 0.410675
-0.218252 0.422893 0.409756
-0.218842 0.422942 0.407918
-0.219065 0.422741 0.406119
-0.219668 0.423037 0.404846
-0.220317 0.423524 0.404759
-0.220869 0.423901 0.404749
-0.221502 0.424321 0.404739
-0.222052 0.424666 0.404730
-0.222624 0.425018 0.404721
-0.223211 0.425375 0.404711
-0.223879 0.425785 0.404697
-0.224456 0.426125 0.404686
-0.225125 0.426525 0.404671
-0.225708 0.426861 0.404659
-0.226387 0.427259 0.404643
-0.226980 0.427595 0.404629
-0.227599 0.427944 0.404614
-0.228235 0.428302 0.404597
-0.228883 0.428665 0.404580
-0.229619 0.429083 0.404559
-0.230328 0.429480 0.404538
-0.231026 0.429865 0.404517
-0.231648 0.430197 0.404498
-0.232380 0.430596 0.404474
-0.232846 0.430828 0.404460
-0.233047 0.431373 0.406627
-0.233697 0.431710 0.407345
-0.234471 0.432045 0.407355
-0.235148 0.432351 0.407328
-0.235939 0.432729 0.407296
-0.236713 0.433103 0.407264
-0.237399 0.433429 0.407236
-0.238205 0.433822 0.407203
-0.238911 0.434158 0.407173
-0.239647 0.434509 0.407142
-0.240404 0.434870 0.407109
-0.241268 0.435289 0.407070
-0.242013 0.435638 0.407036
-0.242878 0.436048 0.406996
-0.243420 0.436284 0.406971
-0.243657 0.436077 0.405253
-0.244186 0.436225 0.404153
-0.244391 0.436041 0.402323
-0.245162 0.436471 0.401017
-0.245956 0.436993 0.400959
-0.246675 0.437407 0.400939
-0.247527 0.437874 0.400910
-0.248367 0.438313 0.400877
-0.249115 0.438681 0.400847
-0.249904 0.439058 0.400812
-0.250817 0.439496 0.400770
-0.251610 0.439861 0.400734
-0.252435 0.440234 0.400695
-0.253281 0.440612 0.400654
-0.254248 0.441048 0.400605
-0.255080 0.441409 0.400564
-0.255940 0.441778 0.400520
-0.256927 0.442206 0.400469
-0.257779 0.442562 0.400425
-0.258767 0.442978 0.400373
-0.259625 0.443328 0.400327
-0.260625 0.443740 0.400273
-0.261494 0.444086 0.400226
-0.262398 0.444442 0.400177
-0.263325 0.444806 0.400125
-0.264383 0.445226 0.400066
-0.265405 0.445625 0.400009
-0.266301 0.445962 0.399959
-0.267235 0.446310 0.399905
-0.268194 0.446665 0.399850
-0.269172 0.447025 0.399794
-0.270285 0.447439 0.399729
-0.271358 0.447831 0.399667
-0.272412 0.448208 0.399606
-0.273343 0.448530 0.399551
-0.274319 0.448864 0.399493
-0.275447 0.449257 0.399426
-0.276424 0.449584 0.399368
-0.277560 0.449970 0.399299
-0.278546 0.450292 0.399240
-0.279569 0.450623 0.399178
-0.280746 0.451009 0.399107
-0.281760 0.451330 0.399046
-0.282938 0.451705 0.398974
-0.283959 0.452018 0.398912
