-0.800036 1.000034 0.249885 1.000000 0.000000 -0.000001 0.000162
-0.800034 1.000036 0.249911 1.000000 -0.000003 0.000002 0.000163
-0.800037 1.000033 0.249875 1.000000 0.000004 -0.000003 0.000164
-0.800035 1.000037 0.249870 1.000000 -0.000005 0.000002 0.000164
-0.800037 1.000035 0.249862 1.000000 0.000001 -0.000001 0.000164
-0.800036 1.000035 0.249868 1.000000 -0.000001 0.000001 0.000164
-0.800036 1.000035 0.249919 1.000000 0.000000 0.000001 0.000165
-0.800035 1.000036 0.249869 1.000000 -0.000001 0.000002 0.000167
-0.800037 1.000034 0.249862 1.000000 0.000003 -0.000001 0.000168
-0.800037 1.000035 0.249865 1.000000 0.000001 -0.000001 0.000169
-0.800039 1.000035 0.249882 1.000000 0.000003 -0.000004 0.000170
-0.800038 1.000036 0.249907 1.000000 0.000001 -0.000002 0.000171
-0.800038 1.000036 0.249925 1.000000 0.000001 -0.000001 0.000172
-0.800038 1.000038 0.249897 1.000000 -0.000003 -0.000001 0.000173
-0.800039 1.000036 0.249918 1.000000 0.000000 -0.000002 0.000175
-0.800038 1.000037 0.249948 1.000000 -0.000001 0.000000 0.000175
-0.800039 1.000035 0.249943 1.000000 0.000004 -0.000002 0.000176
-0.800037 1.000039 0.249842 1.000000 -0.000005 0.000001 0.000179
-0.800040 1.000039 0.249799 1.000000 -0.000005 -0.000004 0.000179
-0.800036 1.000034 0.249759 1.000000 0.000005 0.000004 0.000180
-0.800040 1.000038 0.249756 1.000000 -0.000003 -0.000004 0.000180
-0.800038 1.000035 0.249761 1.000000 0.000004 0.000001 0.000181
-0.800040 1.000033 0.249814 1.000000 0.000007 -0.000004 0.000183
-0.800041 1.000034 0.249806 1.000000 0.000006 -0.000005 0.000184
-0.800041 1.000036 0.249800 1.000000 0.000003 -0.000005 0.000184
-0.800042 1.000037 0.249809 1.000000 0.000000 -0.000006 0.000186
-0.800042 1.000038 0.249795 1.000000 -0.000001 -0.000006 0.000186
-0.800037 1.000037 0.249776 1.000000 0.000001 0.000003 0.000188
-0.800039 1.000041 0.249772 1.000000 -0.000007 0.000000 0.000188
-0.800038 1.000041 0.249817 1.000000 -0.000006 0.000002 0.000190
-0.800038 1.000037 0.249824 1.000000 0.000002 0.000002 0.000191
-0.800041 1.000039 0.249868 1.000000 -0.000001 -0.000002 0.000192
-0.800041 1.000038 0.249858 1.000000 -0.000001 -0.000002 0.000194
-0.800040 1.000038 0.249887 1.000000 0.000001 -0.000001 0.000196
-0.800042 1.000039 0.249902 1.000000 -0.000001 -0.000003 0.000197
-0.800042 1.000038 0.249906 1.000000 -0.000000 -0.000003 0.000200
-0.800042 1.000039 0.249904 1.000000 -0.000001 -0.000004 0.000201
-0.800042 1.000038 0.249938 1.000000 0.000000 -0.000002 0.000203
-0.800041 1.000039 0.249937 1.000000 -0.000001 -0.000001 0.000203
-0.800042 1.000038 0.249900 1.000000 0.000001 -0.000002 0.000205
-0.800041 1.000039 0.249907 1.000000 -0.000001 -0.000001 0.000206
-0.800041 1.000040 0.249927 1.000000 -0.000002 -0.000000 0.000207
-0.800040 1.000039 0.249919 1.000000 -0.000001 0.000001 0.000207
-0.800042 1.000038 0.249922 1.000000 0.000002 -0.000003 0.000209
-0.800042 1.000038 0.249928 1.000000 0.000002 -0.000002 0.000209
-0.800041 1.000042 0.249927 1.000000 -0.000005 0.000000 0.000210
-0.800043 1.000039 0.249910 1.000000 0.000001 -0.000003 0.000212
-0.800042 1.000040 0.249911 1.000000 -0.000001 -0.000002 0.000212
-0.800042 1.000038 0.249926 1.000000 0.000004 -0.000001 0.000215
-0.800041 1.000038 0.249827 1.000000 0.000004 0.000001 0.000216
-0.800043 1.000040 0.249809 1.000000 -0.000001 -0.000002 0.000218
-0.800043 1.000040 0.249788 1.000000 0.000001 -0.000001 0.000220
-0.800044 1.000038 0.249817 1.000000 0.000003 -0.000003 0.000221
-0.800042 1.000039 0.249820 1.000000 0.000003 0.000001 0.000223
-0.800043 1.000042 0.249814 1.000000 -0.000003 -0.000002 0.000224
-0.800043 1.000040 0.249914 1.000000 0.000001 -0.000001 0.000227
-0.800044 1.000042 0.249927 1.000000 -0.000003 -0.000002 0.000227
-0.800041 1.000039 0.249917 1.000000 0.000003 0.000003 0.000228
-0.800041 1.000043 0.249771 1.000000 -0.000006 0.000004 0.000229
-0.800044 1.000043 0.249763 1.000000 -0.000005 -0.000002 0.000230
-0.800045 1.000040 0.249879 1.000000 0.000001 -0.000002 0.000231
-0.800044 1.000040 0.249921 1.000000 0.000002 -0.000001 0.000232
-0.800045 1.000039 0.249923 1.000000 0.000004 -0.000002 0.000234
-0.800044 1.000041 0.249913 1.000000 -0.000000 -0.000001 0.000234
-0.800046 1.000043 0.249859 1.000000 -0.000002 -0.000004 0.000237
-0.800043 1.000041 0.249831 1.000000 0.000001 0.000001 0.000237
-0.800040 1.000041 0.249751 1.000000 0.000001 0.000008 0.000238
-0.800040 1.000043 0.249753 1.000000 -0.000002 0.000008 0.000238
-0.800044 1.000043 0.249766 1.000000 -0.000002 -0.000001 0.000239
-0.800044 1.000042 0.249793 1.000000 -0.000001 0.000001 0.000240
-0.800046 1.000043 0.249797 1.000000 -0.000001 -0.000003 0.000241
-0.800042 1.000045 0.249796 1.000000 -0.000006 0.000004 0.000241
-0.800047 1.000043 0.249771 1.000000 -0.000002 -0.000005 0.000243
-0.800044 1.000042 0.249776 1.000000 0.000000 0.000002 0.000243
-0.800044 1.000041 0.249786 1.000000 0.000003 0.000001 0.000243
-0.800042 1.000042 0.249787 1.000000 -0.000000 0.000005 0.000245
-0.800045 1.000042 0.249791 1.000000 0.000000 0.000000 0.000246
-0.800044 1.000045 0.249809 1.000000 -0.000004 0.000002 0.000248
-0.800045 1.000041 0.249813 1.000000 0.000003 0.000000 0.000249
-0.800046 1.000047 0.249771 1.000000 -0.000009 0.000000 0.000250
-0.800045 1.000042 0.249785 1.000000 0.000003 0.000002 0.000251
-0.800047 1.000045 0.249833 1.000000 -0.000003 -0.000001 0.000254
-0.800046 1.000044 0.249886 1.000000 -0.000002 -0.000000 0.000255
-0.800046 1.000044 0.249924 1.000000 -0.000001 -0.000001 0.000257
-0.800046 1.000043 0.249897 1.000000 0.000000 0.000001 0.000259
-0.800046 1.000044 0.249896 1.000000 -0.000002 -0.000000 0.000260
-0.800045 1.000044 0.249920 1.000000 -0.000001 0.000003 0.000262
-0.800047 1.000042 0.249922 1.000000 0.000002 -0.000002 0.000263
-0.780047 1.000043 0.249920 1.000000 0.000001 -0.000001 0.000263
-0.395047 0.795069 0.249806 1.000000 -0.000009 -0.000003 0.000519
-0.395045 0.795068 0.249835 1.000000 -0.000007 0.000002 0.000521
-0.395045 0.795063 0.249840 1.000000 0.000004 0.000002 0.000521
-0.395049 0.795064 0.249833 1.000000 0.000001 -0.000006 0.000522
-0.395045 0.795063 0.249829 1.000000 0.000003 0.000001 0.000525
-0.395047 0.795067 0.249834 1.000000 -0.000004 -0.000002 0.000526
-0.395045 0.795066 0.249841 1.000000 -0.000003 0.000002 0.000527
-0.395046 0.795066 0.249879 1.000000 -0.000003 -0.000001 0.000529
-0.395047 0.795065 0.249883 1.000000 0.000001 -0.000003 0.000529
-0.395046 0.795064 0.249962 1.000000 0.000002 -0.000002 0.000531
-0.395046 0.795065 0.249954 1.000000 0.000000 -0.000002 0.000533
-0.395046 0.795065 0.249944 1.000000 0.000001 0.000000 0.000534
-0.395046 0.795066 0.249969 1.000000 -0.000001 -0.000000 0.000535
-0.395047 0.795065 0.249947 1.000000 0.000001 -0.000003 0.000537
-0.395047 0.795065 0.249916 1.000000 0.000000 -0.000002 0.000539
-0.395045 0.795065 0.249883 1.000000 0.000002 0.000001 0.000542
-0.395045 0.795065 0.249899 1.000000 0.000001 0.000001 0.000544
-0.395046 0.795066 0.249912 1.000000 -0.000000 -0.000001 0.000547
-0.395045 0.795064 0.249898 1.000000 0.000003 -0.000000 0.000549
-0.395046 0.795066 0.249955 1.000000 -0.000001 -0.000002 0.000552
-0.395046 0.795066 0.249976 1.000000 0.000000 -0.000001 0.000553
-0.395046 0.795067 0.249913 1.000000 -0.000001 -0.000001 0.000555
-0.395045 0.795068 0.249880 1.000000 -0.000003 0.000000 0.000558
-0.395045 0.795068 0.249934 1.000000 -0.000002 0.000000 0.000561
-0.395045 0.795066 0.249832 1.000000 0.000001 -0.000000 0.000564
-0.395047 0.795065 0.249832 1.000000 0.000003 -0.000004 0.000567
-0.395045 0.795068 0.249871 1.000000 -0.000003 -0.000000 0.000570
-0.395047 0.795067 0.249863 1.000000 0.000000 -0.000003 0.000574
-0.395046 0.795067 0.249931 1.000000 0.000001 -0.000003 0.000577
-0.395046 0.795066 0.249942 1.000000 0.000002 -0.000001 0.000578
-0.395043 0.795067 0.249923 1.000000 0.000000 0.000003 0.000580
-0.395046 0.795067 0.249905 1.000000 0.000001 -0.000001 0.000584
-0.395046 0.795068 0.249924 1.000000 -0.000002 -0.000001 0.000586
-0.395046 0.795069 0.249923 1.000000 -0.000002 -0.000001 0.000588
-0.395045 0.795067 0.249918 1.000000 0.000001 -0.000001 0.000591
-0.395046 0.795067 0.249970 1.000000 0.000001 -0.000001 0.000593
-0.395046 0.795066 0.249928 1.000000 0.000003 -0.000003 0.000595
-0.395046 0.795068 0.249968 1.000000 -0.000000 -0.000002 0.000597
-0.395046 0.795069 0.249977 1.000000 -0.000002 -0.000001 0.000598
-0.395047 0.795068 0.249963 1.000000 -0.000000 -0.000003 0.000599
-0.395046 0.795068 0.249950 1.000000 -0.000001 -0.000001 0.000601
-0.395046 0.795069 0.249870 1.000000 -0.000002 -0.000002 0.000605
-0.395046 0.795068 0.249906 1.000000 0.000000 -0.000002 0.000609
-0.395044 0.795068 0.249951 1.000000 0.000000 0.000001 0.000611
-0.395045 0.795069 0.249934 1.000000 -0.000001 -0.000001 0.000612
-0.395045 0.795070 0.249815 1.000000 -0.000003 -0.000002 0.000615
-0.395044 0.795067 0.249886 1.000000 0.000003 0.000000 0.000620
-0.395042 0.795069 0.249877 1.000000 -0.000000 0.000005 0.000625
-0.395043 0.795068 0.249927 1.000000 0.000001 0.000002 0.000627
-0.395043 0.795070 0.249944 1.000000 -0.000003 0.000002 0.000631
-0.395044 0.795068 0.249899 1.000000 0.000002 0.000001 0.000634
-0.395043 0.795072 0.249815 1.000000 -0.000006 0.000003 0.000635
-0.395041 0.795068 0.249765 1.000000 0.000002 0.000007 0.000637
-0.395044 0.795072 0.249750 1.000000 -0.000007 0.000000 0.000639
-0.395044 0.795069 0.249794 1.000000 -0.000000 0.000000 0.000642
-0.395043 0.795072 0.249835 1.000000 -0.000006 0.000003 0.000643
-0.395045 0.795068 0.249886 1.000000 0.000002 0.000000 0.000646
-0.395044 0.795068 0.249879 1.000000 0.000003 0.000001 0.000646
-0.395045 0.795069 0.249874 1.000000 -0.000000 -0.000000 0.000650
-0.395045 0.795070 0.249890 1.000000 -0.000001 0.000000 0.000651
-0.395045 0.795069 0.249908 1.000000 0.000000 -0.000001 0.000655
-0.395044 0.795071 0.249848 1.000000 -0.000003 0.000001 0.000658
-0.395044 0.795068 0.249888 1.000000 0.000002 0.000001 0.000661
-0.395045 0.795069 0.249953 1.000000 0.000002 -0.000002 0.000663
-0.395045 0.795069 0.249930 1.000000 0.000001 -0.000002 0.000665
-0.395044 0.795068 0.249860 1.000000 0.000003 0.000002 0.000665
-0.395044 0.795068 0.249823 1.000000 0.000005 0.000001 0.000667
-0.395044 0.795070 0.249798 1.000000 -0.000000 -0.000000 0.000669
-0.395046 0.795069 0.249849 1.000000 0.000001 -0.000003 0.000671
-0.395045 0.795069 0.249902 1.000000 0.000002 -0.000001 0.000671
-0.395045 0.795071 0.249941 1.000000 -0.000003 -0.000001 0.000672
-0.395045 0.795070 0.249930 1.000000 0.000001 -0.000002 0.000673
-0.395044 0.795070 0.249940 1.000000 0.000000 0.000000 0.000674
-0.395044 0.795070 0.249965 1.000000 0.000001 0.000000 0.000674
-0.395044 0.795070 0.249966 1.000000 -0.000000 0.000000 0.000675
-0.395044 0.795069 0.249967 1.000000 0.000001 0.000000 0.000675
-0.395045 0.795069 0.249971 1.000000 0.000002 -0.000001 0.000675
-0.395045 0.795070 0.249970 1.000000 -0.000000 -0.000002 0.000676
-0.395045 0.795068 0.249948 1.000000 0.000003 -0.000002 0.000677
-0.395044 0.795069 0.249929 1.000000 0.000002 0.000000 0.000677
-0.395044 0.795072 0.249917 1.000000 -0.000004 -0.000000 0.000679
-0.395044 0.795071 0.249915 1.000000 -0.000001 -0.000001 0.000680
-0.395044 0.795069 0.249900 1.000000 0.000003 -0.000000 0.000683
-0.395043 0.795072 0.249892 1.000000 -0.000003 0.000003 0.000684
-0.395045 0.795069 0.249884 1.000000 0.000003 -0.000001 0.000686
-0.395044 0.795071 0.249875 1.000000 -0.000002 -0.000000 0.000686
-0.395044 0.795070 0.249905 1.000000 0.000001 0.000001 0.000689
-0.395044 0.795071 0.249910 1.000000 -0.000001 0.000000 0.000690
-0.395045 0.795072 0.249913 1.000000 -0.000002 -0.000003 0.000693
-0.395045 0.795070 0.249908 1.000000 0.000001 -0.000001 0.000693
-0.395043 0.795072 0.249898 1.000000 -0.000003 0.000002 0.000696
-0.395043 0.795069 0.249885 1.000000 0.000004 0.000001 0.000697
-0.395045 0.795070 0.249880 1.000000 0.000002 -0.000002 0.000698
-0.395043 0.795072 0.249883 1.000000 -0.000003 0.000002 0.000701
-0.395044 0.795071 0.249863 1.000000 0.000000 -0.000000 0.000704
-0.395045 0.795070 0.249871 1.000000 0.000002 -0.000002 0.000710
-0.395044 0.795073 0.249843 1.000000 -0.000003 -0.000001 0.000712
-0.395044 0.795071 0.249913 1.000000 0.000002 -0.000001 0.000714
-0.395045 0.795071 0.249906 1.000000 0.000001 -0.000002 0.000717
-0.395044 0.795071 0.249915 1.000000 0.000002 0.000000 0.000720
-0.395046 0.795075 0.249819 1.000000 -0.000005 -0.000004 0.000724
-0.395045 0.795071 0.249826 1.000000 0.000002 -0.000001 0.000727
-0.395043 0.795071 0.249835 1.000000 0.000003 0.000001 0.000730
-0.395044 0.795071 0.249923 1.000000 0.000003 -0.000000 0.000733
-0.395045 0.795072 0.249866 1.000000 0.000001 -0.000001 0.000736
-0.395044 0.795073 0.249824 1.000000 -0.000002 0.000000 0.000739
-0.395045 0.795072 0.249957 1.000000 0.000001 -0.000002 0.000740
-0.395043 0.795073 0.249972 1.000000 -0.000000 0.000001 0.000741
-0.395044 0.795073 0.249966 1.000000 -0.000001 0.000000 0.000741
-0.395045 0.795072 0.249929 1.000000 0.000002 -0.000001 0.000743
-0.395044 0.795073 0.249940 1.000000 -0.000001 -0.000001 0.000743
-0.395045 0.795072 0.249960 1.000000 0.000002 -0.000002 0.000745
-0.395045 0.795073 0.249957 1.000000 -0.000001 -0.000003 0.000745
-0.395045 0.795073 0.249950 1.000000 -0.000002 -0.000002 0.000747
-0.395044 0.795072 0.249874 1.000000 0.000002 -0.000001 0.000750
-0.395043 0.795074 0.249904 1.000000 -0.000003 0.000001 0.000754
-0.395044 0.795073 0.249930 1.000000 -0.000001 -0.000002 0.000756
-0.395045 0.795072 0.249958 1.000000 0.000002 -0.000002 0.000758
-0.395045 0.795072 0.249847 1.000000 0.000002 -0.000003 0.000760
-0.395045 0.795073 0.249845 1.000000 -0.000001 -0.000003 0.000764
-0.395043 0.795073 0.249900 1.000000 0.000001 0.000001 0.000768
-0.395041 0.795073 0.249848 1.000000 -0.000000 0.000004 0.000770
-0.395044 0.795073 0.249902 1.000000 0.000001 -0.000002 0.000774
-0.395044 0.795072 0.249904 1.000000 0.000003 -0.000001 0.000775
-0.395044 0.795073 0.249948 1.000000 0.000001 -0.000001 0.000778
-0.395042 0.795073 0.249901 1.000000 0.000000 0.000003 0.000780
-0.395043 0.795074 0.249936 1.000000 -0.000000 0.000001 0.000783
-0.395044 0.795075 0.249940 1.000000 -0.000002 -0.000001 0.000783
-0.395043 0.795074 0.249912 1.000000 -0.000001 0.000000 0.000785
-0.395042 0.795075 0.249907 1.000000 -0.000003 0.000002 0.000785
-0.395044 0.795073 0.249940 1.000000 0.000002 -0.000001 0.000787
-0.395045 0.795073 0.249948 1.000000 0.000001 -0.000003 0.000788
-0.395043 0.795073 0.249972 1.000000 0.000001 0.000000 0.000789
-0.395044 0.795074 0.249972 1.000000 -0.000000 -0.000002 0.000789
-0.395042 0.795075 0.249945 1.000000 -0.000001 0.000002 0.000790
-0.395042 0.795074 0.249942 1.000000 -0.000000 0.000002 0.000791
-0.395044 0.795074 0.249960 1.000000 -0.000001 -0.000001 0.000792
-0.395044 0.795073 0.249955 1.000000 0.000002 -0.000001 0.000792
-0.395043 0.795074 0.249933 1.000000 0.000000 0.000000 0.000794
-0.395043 0.795074 0.249946 1.000000 -0.000000 -0.000000 0.000794
-0.395042 0.795075 0.249882 1.000000 -0.000002 0.000001 0.000797
-0.395043 0.795074 0.249888 1.000000 0.000001 0.000000 0.000798
-0.395042 0.795074 0.249935 1.000000 0.000001 0.000001 0.000800
-0.395044 0.795074 0.249934 1.000000 -0.000000 -0.000002 0.000800
-0.395044 0.795074 0.249942 1.000000 0.000000 -0.000002 0.000803
-0.395043 0.795075 0.249934 1.000000 -0.000001 0.000000 0.000805
-0.395043 0.795076 0.249941 1.000000 -0.000003 -0.000000 0.000807
-0.395043 0.795074 0.249907 1.000000 0.000001 -0.000000 0.000810
-0.395044 0.795074 0.249927 1.000000 0.000000 -0.000001 0.000812
-0.395043 0.795073 0.249956 1.000000 0.000002 -0.000000 0.000814
-0.395043 0.795076 0.249897 1.000000 -0.000003 0.000000 0.000817
-0.395042 0.795074 0.249935 1.000000 0.000002 0.000001 0.000819
-0.395044 0.795075 0.249966 1.000000 -0.000001 -0.000002 0.000821
-0.395043 0.795074 0.249936 1.000000 0.000002 -0.000001 0.000823
-0.395043 0.795076 0.249927 1.000000 -0.000002 -0.000000 0.000825
-0.395042 0.795077 0.249943 1.000000 -0.000003 0.000001 0.000827
-0.395043 0.795075 0.249913 1.000000 0.000001 -0.000002 0.000830
-0.395044 0.795075 0.249911 1.000000 0.000001 -0.000003 0.000832
-0.395043 0.795074 0.249970 1.000000 0.000002 -0.000002 0.000834
-0.395043 0.795078 0.249910 1.000000 -0.000005 -0.000002 0.000837
-0.395044 0.795078 0.249790 1.000000 -0.000005 -0.000004 0.000840
-0.395042 0.795076 0.249820 1.000000 -0.000001 0.000000 0.000845
-0.395043 0.795075 0.249914 1.000000 0.000002 -0.000003 0.000848
-0.395042 0.795075 0.249834 1.000000 0.000003 0.000001 0.000852
-0.395041 0.795076 0.249857 1.000000 -0.000000 0.000002 0.000856
-0.395042 0.795078 0.249864 1.000000 -0.000004 0.000000 0.000859
-0.395042 0.795075 0.249868 1.000000 0.000002 0.000000 0.000863
-0.395043 0.795077 0.249888 1.000000 -0.000002 -0.000001 0.000863
-0.395043 0.795075 0.249908 1.000000 0.000003 -0.000001 0.000866
-0.395042 0.795075 0.249918 1.000000 0.000002 0.000000 0.000867
-0.395042 0.795079 0.249885 1.000000 -0.000005 0.000001 0.000868
-0.395043 0.795077 0.249831 1.000000 -0.000001 -0.000001 0.000872
-0.395042 0.795072 0.249823 1.000000 0.000008 -0.000000 0.000876
-0.395043 0.795076 0.249806 1.000000 0.000002 -0.000001 0.000879
-0.395041 0.795072 0.249820 1.000000 0.000009 0.000002 0.000883
-0.395040 0.795076 0.249753 1.000000 0.000001 0.000004 0.000885
-0.395043 0.795076 0.249851 1.000000 0.000002 -0.000002 0.000888
-0.395042 0.795074 0.249840 1.000000 0.000005 0.000000 0.000892
-0.395041 0.795078 0.249807 1.000000 -0.000003 0.000001 0.000895
-0.395043 0.795080 0.249806 1.000000 -0.000005 -0.000002 0.000898
-0.395040 0.795074 0.249770 1.000000 0.000008 0.000003 0.000902
-0.395042 0.795078 0.249766 1.000000 -0.000002 -0.000001 0.000904
-0.395043 0.795078 0.249868 1.000000 -0.000001 -0.000003 0.000908
-0.395043 0.795077 0.249932 1.000000 0.000001 -0.000002 0.000909
-0.395044 0.795077 0.249883 1.000000 0.000001 -0.000004 0.000912
-0.395043 0.795079 0.249829 1.000000 -0.000002 -0.000003 0.000916
-0.395041 0.795076 0.249885 1.000000 0.000003 0.000001 0.000920
-0.395042 0.795078 0.249944 1.000000 0.000001 -0.000001 0.000922
-0.395043 0.795077 0.249966 1.000000 0.000002 -0.000002 0.000923
-0.395043 0.795078 0.249949 1.000000 -0.000001 -0.000002 0.000926
-0.395042 0.795079 0.249937 1.000000 -0.000001 -0.000000 0.000927
-0.395040 0.795078 0.249938 1.000000 0.000000 0.000003 0.000929
-0.395042 0.795076 0.249891 1.000000 0.000004 -0.000000 0.000932
-0.395042 0.795078 0.249906 1.000000 0.000002 -0.000000 0.000934
-0.395042 0.795077 0.249894 1.000000 0.000003 -0.000001 0.000937
-0.395043 0.795078 0.249927 1.000000 0.000001 -0.000002 0.000940
-0.395043 0.795079 0.249952 1.000000 -0.000000 -0.000003 0.000940
-0.395042 0.795079 0.249937 1.000000 -0.000001 -0.000001 0.000941
-0.395042 0.795078 0.249928 1.000000 0.000001 -0.000001 0.000942
-0.395042 0.795079 0.249948 1.000000 -0.000000 -0.000001 0.000943
-0.395043 0.795078 0.249970 1.000000 0.000002 -0.000003 0.000944
-0.395042 0.795078 0.249928 1.000000 0.000001 0.000000 0.000945
-0.395041 0.795078 0.249899 1.000000 0.000001 0.000001 0.000948
-0.395042 0.795079 0.249915 1.000000 0.000001 -0.000001 0.000950
-0.395040 0.795080 0.249856 1.000000 -0.000002 0.000004 0.000953
-0.395042 0.795079 0.249881 1.000000 0.000001 0.000000 0.000955
-0.395042 0.795080 0.249888 1.000000 -0.000002 -0.000001 0.000957
-0.395044 0.795078 0.249876 1.000000 0.000002 -0.000004 0.000959
-0.395042 0.795083 0.249825 1.000000 -0.000007 -0.000001 0.000961
-0.395040 0.795080 0.249840 1.000000 -0.000001 0.000003 0.000962
-0.395043 0.795080 0.249901 1.000000 -0.000001 -0.000003 0.000964
-0.395043 0.795083 0.249855 1.000000 -0.000006 -0.000004 0.000968
-0.395041 0.795077 0.249771 1.000000 0.000005 0.000001 0.000970
-0.395041 0.795081 0.249819 1.000000 -0.000002 0.000002 0.000972
-0.395041 0.795081 0.249910 1.000000 -0.000002 0.000001 0.000975
-0.395041 0.795082 0.249872 1.000000 -0.000006 0.000002 0.000977
-0.395043 0.795080 0.249852 1.000000 -0.000000 -0.000003 0.000978
-0.395042 0.795079 0.249894 1.000000 0.000002 -0.000001 0.000980
-0.395041 0.795081 0.249893 1.000000 -0.000002 0.000001 0.000981
-0.395044 0.795080 0.249857 1.000000 -0.000001 -0.000004 0.000983
-0.395042 0.795079 0.249869 1.000000 0.000002 -0.000000 0.000983
-0.395042 0.795081 0.249944 1.000000 -0.000002 -0.000001 0.000984
-0.395043 0.795080 0.249919 1.000000 0.000000 -0.000002 0.000985
-0.395042 0.795081 0.249954 1.000000 -0.000001 -0.000000 0.000987
-0.395041 0.795080 0.249934 1.000000 -0.000000 0.000001 0.000989
-0.395042 0.795080 0.249954 1.000000 0.000001 -0.000001 0.000991
-0.395042 0.795080 0.249978 1.000000 0.000001 -0.000000 0.000992
-0.395043 0.795080 0.249939 1.000000 0.000001 -0.000002 0.000994
-0.395043 0.795081 0.249955 1.000000 -0.000000 -0.000003 0.000995
-0.395041 0.795079 0.249906 1.000000 0.000004 0.000000 0.000997
-0.395042 0.795080 0.249921 0.999999 0.000001 -0.000002 0.001000
-0.395039 0.795079 0.249874 0.999999 0.000004 0.000004 0.001003
-0.395041 0.795081 0.249849 0.999999 0.000000 0.000000 0.001006
-0.395041 0.795080 0.249874 0.999999 0.000002 0.000000 0.001009
-0.395041 0.795079 0.249878 0.999999 0.000005 0.000001 0.001013
-0.395041 0.795082 0.249854 0.999999 -0.000002 0.000000 0.001018
-0.395041 0.795081 0.249951 0.999999 0.000001 -0.000000 0.001020
-0.395043 0.795082 0.249921 0.999999 -0.000001 -0.000003 0.001022
-0.395042 0.795082 0.249917 0.999999 -0.000001 -0.000003 0.001025
-0.395041 0.795082 0.249864 0.999999 -0.000001 -0.000001 0.001029
-0.395043 0.795081 0.249879 0.999999 0.000002 -0.000005 0.001033
-0.395041 0.795083 0.249912 0.999999 -0.000001 -0.000001 0.001037
-0.395040 0.795082 0.249916 0.999999 0.000001 0.000001 0.001040
-0.395041 0.795083 0.249955 0.999999 -0.000001 -0.000002 0.001043
-0.395040 0.795081 0.249837 0.999999 0.000003 0.000000 0.001045
-0.395041 0.795080 0.249820 0.999999 0.000004 -0.000002 0.001047
-0.395040 0.795082 0.249873 0.999999 0.000000 0.000000 0.001048
-0.395041 0.795083 0.249934 0.999999 -0.000001 -0.000001 0.001049
-0.395042 0.795084 0.249955 0.999999 -0.000002 -0.000003 0.001050
-0.395041 0.795082 0.249905 0.999999 0.000001 -0.000001 0.001051
-0.395041 0.795084 0.249847 0.999999 -0.000003 -0.000002 0.001053
-0.395041 0.795081 0.249844 0.999999 0.000003 -0.000001 0.001054
-0.395040 0.795084 0.249859 0.999999 -0.000002 -0.000000 0.001056
-0.395039 0.795083 0.249886 0.999999 -0.000001 0.000002 0.001058
-0.395040 0.795081 0.249862 0.999999 0.000005 0.000000 0.001060
-0.395041 0.795083 0.249894 0.999999 -0.000001 -0.000002 0.001062
-0.395040 0.795083 0.249953 0.999999 -0.000001 -0.000001 0.001063
-0.395042 0.795083 0.249955 0.999999 -0.000001 -0.000004 0.001064
-0.395040 0.795083 0.249941 0.999999 0.000000 -0.000001 0.001066
-0.395039 0.795082 0.249932 0.999999 0.000002 0.000001 0.001067
-0.395039 0.795083 0.249904 0.999999 0.000001 0.000001 0.001072
-0.395041 0.795084 0.249920 0.999999 -0.000002 -0.000002 0.001074
-0.395041 0.795084 0.249905 0.999999 -0.000000 -0.000004 0.001077
-0.395040 0.795083 0.249920 0.999999 0.000001 -0.000000 0.001079
-0.395039 0.795084 0.249946 0.999999 -0.000001 0.000001 0.001081
-0.395039 0.795084 0.249881 0.999999 -0.000001 0.000001 0.001083
-0.395039 0.795084 0.249844 0.999999 -0.000000 0.000002 0.001086
-0.395041 0.795084 0.249920 0.999999 0.000000 -0.000003 0.001088
-0.395040 0.795083 0.249911 0.999999 0.000002 -0.000001 0.001091
-0.395042 0.795084 0.249834 0.999999 0.000001 -0.000006 0.001096
-0.395041 0.795085 0.249914 0.999999 -0.000002 -0.000003 0.001099
-0.395040 0.795084 0.249888 0.999999 0.000002 -0.000000 0.001101
-0.395040 0.795083 0.249954 0.999999 0.000003 -0.000001 0.001103
-0.395040 0.795084 0.249932 0.999999 0.000001 -0.000001 0.001105
-0.395038 0.795086 0.249898 0.999999 -0.000002 0.000002 0.001107
-0.395038 0.795085 0.249876 0.999999 -0.000000 0.000002 0.001110
-0.395040 0.795083 0.249888 0.999999 0.000004 -0.000002 0.001112
-0.395040 0.795085 0.249957 0.999999 0.000001 -0.000001 0.001115
-0.395039 0.795087 0.249922 0.999999 -0.000003 0.000001 0.001116
-0.395038 0.795084 0.249916 0.999999 0.000002 0.000002 0.001118
-0.395040 0.795082 0.249848 0.999999 0.000006 -0.000001 0.001120
-0.395039 0.795084 0.249825 0.999999 0.000004 -0.000000 0.001122
-0.395040 0.795084 0.249840 0.999999 0.000003 -0.000002 0.001125
-0.395040 0.795085 0.249880 0.999999 0.000001 -0.000002 0.001126
-0.395040 0.795085 0.249922 0.999999 0.000002 -0.000001 0.001129
-0.395039 0.795085 0.249898 0.999999 0.000001 0.000000 0.001132
-0.395039 0.795085 0.249899 0.999999 0.000002 -0.000000 0.001136
-0.395040 0.795086 0.249933 0.999999 -0.000000 -0.000001 0.001139
-0.395040 0.795084 0.249931 0.999999 0.000004 -0.000001 0.001139
-0.395039 0.795085 0.249872 0.999999 0.000003 -0.000000 0.001143
-0.395039 0.795086 0.249874 0.999999 0.000002 0.000000 0.001144
-0.395038 0.795087 0.249920 0.999999 -0.000002 0.000001 0.001148
-0.395039 0.795086 0.249934 0.999999 0.000001 -0.000001 0.001148
-0.395039 0.795086 0.249933 0.999999 0.000002 -0.000001 0.001150
-0.395040 0.795087 0.249932 0.999999 -0.000000 -0.000003 0.001150
-0.395041 0.795087 0.249916 0.999999 -0.000001 -0.000004 0.001152
-0.395038 0.795088 0.249896 0.999999 -0.000002 0.000001 0.001152
-0.395039 0.795086 0.249896 0.999999 0.000001 -0.000001 0.001153
-0.395039 0.795088 0.249954 0.999999 -0.000002 -0.000000 0.001154
-0.395040 0.795086 0.249964 0.999999 0.000000 -0.000002 0.001154
-0.395039 0.795087 0.249969 0.999999 -0.000000 -0.000000 0.001154
-0.395039 0.795086 0.249938 0.999999 0.000002 -0.000001 0.001156
-0.395039 0.795087 0.249943 0.999999 -0.000001 -0.000001 0.001157
-0.395039 0.795087 0.249934 0.999999 -0.000000 -0.000000 0.001159
-0.395040 0.795088 0.249925 0.999999 -0.000001 -0.000003 0.001160
-0.395038 0.795089 0.249853 0.999999 -0.000005 0.000001 0.001162
-0.395039 0.795088 0.249888 0.999999 -0.000002 -0.000001 0.001165
-0.395037 0.795087 0.249887 0.999999 0.000001 0.000002 0.001168
-0.395039 0.795088 0.249850 0.999999 -0.000001 -0.000001 0.001171
-0.395040 0.795087 0.249860 0.999999 0.000000 -0.000002 0.001175
-0.395039 0.795087 0.249934 0.999999 0.000002 -0.000002 0.001176
-0.395038 0.795088 0.249976 0.999999 -0.000001 0.000000 0.001177
-0.395039 0.795086 0.249876 0.999999 0.000003 -0.000000 0.001181
-0.395038 0.795088 0.249937 0.999999 -0.000001 -0.000000 0.001183
-0.395037 0.795088 0.249927 0.999999 -0.000000 0.000002 0.001187
-0.395037 0.795086 0.249880 0.999999 0.000004 0.000002 0.001189
-0.395039 0.795088 0.249860 0.999999 0.000000 -0.000001 0.001194
-0.395039 0.795088 0.249944 0.999999 0.000001 -0.000001 0.001196
-0.395038 0.795090 0.249902 0.999999 -0.000003 0.000000 0.001199
-0.395038 0.795088 0.249892 0.999999 0.000001 0.000001 0.001202
-0.395039 0.795089 0.249908 0.999999 -0.000001 -0.000001 0.001205
-0.395037 0.795088 0.249855 0.999999 0.000001 0.000002 0.001209
-0.395037 0.795088 0.249905 0.999999 0.000001 0.000001 0.001212
-0.395039 0.795089 0.249909 0.999999 -0.000000 -0.000003 0.001214
-0.395038 0.795089 0.249939 0.999999 -0.000001 -0.000001 0.001217
-0.395039 0.795087 0.249877 0.999999 0.000004 -0.000004 0.001220
-0.395039 0.795089 0.249819 0.999999 0.000001 -0.000002 0.001224
-0.395037 0.795092 0.249845 0.999999 -0.000005 0.000002 0.001229
-0.395038 0.795089 0.249959 0.999999 0.000001 -0.000002 0.001232
-0.395039 0.795088 0.249952 0.999999 0.000002 -0.000002 0.001233
-0.395038 0.795089 0.249871 0.999999 0.000001 -0.000002 0.001238
-0.395038 0.795090 0.249963 0.999999 -0.000001 -0.000002 0.001239
-0.395038 0.795090 0.249974 0.999999 -0.000000 -0.000002 0.001240
-0.395039 0.795089 0.249832 0.999999 0.000002 -0.000003 0.001244
-0.395038 0.795085 0.249771 0.999999 0.000010 -0.000002 0.001245
-0.395034 0.795091 0.249789 0.999999 -0.000002 0.000006 0.001248
-0.395037 0.795089 0.249873 0.999999 0.000001 -0.000000 0.001253
-0.395038 0.795089 0.249960 0.999999 0.000002 -0.000001 0.001256
-0.395037 0.795090 0.249914 0.999999 -0.000000 -0.000000 0.001258
-0.395037 0.795090 0.249889 0.999999 0.000001 -0.000000 0.001262
-0.395037 0.795086 0.249805 0.999999 0.000008 -0.000000 0.001267
-0.395041 0.795091 0.249758 0.999999 -0.000001 -0.000007 0.001269
-0.395039 0.795093 0.249767 0.999999 -0.000006 -0.000004 0.001273
-0.395037 0.795092 0.249766 0.999999 -0.000004 -0.000000 0.001275
-0.395037 0.795089 0.249866 0.999999 0.000002 -0.000000 0.001279
-0.395037 0.795090 0.249918 0.999999 0.000001 -0.000000 0.001281
-0.395038 0.795088 0.249931 0.999999 0.000005 -0.000001 0.001283
-0.395037 0.795090 0.249880 0.999999 0.000001 -0.000001 0.001287
-0.395037 0.795090 0.249962 0.999999 0.000001 0.000000 0.001289
-0.395038 0.795089 0.249932 0.999999 0.000003 -0.000002 0.001290
-0.395038 0.795091 0.249855 0.999999 0.000000 -0.000001 0.001292
-0.395038 0.795090 0.249893 0.999999 0.000003 -0.000002 0.001295
-0.395038 0.795092 0.249901 0.999999 -0.000001 -0.000003 0.001298
-0.395037 0.795091 0.249917 0.999999 0.000001 0.000000 0.001301
-0.395038 0.795090 0.249948 0.999999 0.000002 -0.000001 0.001302
-0.395038 0.795090 0.249956 0.999999 0.000002 -0.000002 0.001303
-0.395036 0.795092 0.249879 0.999999 -0.000002 0.000001 0.001304
-0.395037 0.795092 0.249880 0.999999 -0.000001 -0.000000 0.001306
-0.395037 0.795091 0.249879 0.999999 0.000002 -0.000001 0.001307
-0.395037 0.795092 0.249895 0.999999 0.000000 0.000000 0.001309
-0.395036 0.795092 0.249879 0.999999 0.000001 0.000001 0.001313
-0.395037 0.795092 0.249954 0.999999 -0.000000 -0.000000 0.001315
-0.395037 0.795092 0.249959 0.999999 0.000000 -0.000002 0.001316
-0.395036 0.795093 0.249962 0.999999 -0.000002 0.000000 0.001318
-0.395037 0.795091 0.249932 0.999999 0.000001 -0.000002 0.001321
-0.395035 0.795092 0.249969 0.999999 0.000000 0.000002 0.001322
-0.395037 0.795092 0.249911 0.999999 0.000001 -0.000000 0.001325
-0.395035 0.795089 0.249802 0.999999 0.000006 0.000003 0.001330
-0.395038 0.795091 0.249822 0.999999 0.000003 -0.000002 0.001332
-0.395037 0.795092 0.249941 0.999999 0.000001 -0.000000 0.001335
-0.395036 0.795092 0.249934 0.999999 0.000001 0.000001 0.001337
-0.395037 0.795092 0.249941 0.999999 0.000001 -0.000000 0.001338
-0.395036 0.795094 0.249941 0.999999 -0.000002 0.000001 0.001339
-0.395036 0.795094 0.249922 0.999999 -0.000002 0.000000 0.001339
-0.395037 0.795093 0.249947 0.999999 0.000000 -0.000001 0.001341
-0.395036 0.795093 0.249957 0.999999 -0.000001 0.000000 0.001341
-0.395035 0.795095 0.249912 0.999999 -0.000003 0.000003 0.001344
-0.395037 0.795092 0.249957 0.999999 0.000001 -0.000002 0.001346
-0.395036 0.795091 0.249934 0.999999 0.000004 0.000000 0.001348
-0.395037 0.795094 0.249816 0.999999 -0.000003 -0.000001 0.001350
-0.395036 0.795093 0.249900 0.999999 0.000001 0.000000 0.001353
-0.395036 0.795093 0.249958 0.999999 -0.000000 -0.000000 0.001353
-0.395036 0.795093 0.249955 0.999999 0.000000 -0.000000 0.001354
-0.395037 0.795094 0.249967 0.999999 -0.000001 -0.000001 0.001355
-0.395037 0.795091 0.249909 0.999999 0.000005 -0.000001 0.001356
-0.395036 0.795094 0.249871 0.999999 -0.000000 -0.000001 0.001358
-0.395037 0.795093 0.249911 0.999999 0.000000 -0.000002 0.001359
-0.395035 0.795094 0.249913 0.999999 -0.000001 0.000002 0.001360
-0.395037 0.795094 0.249921 0.999999 -0.000001 -0.000001 0.001360
-0.395035 0.795094 0.249937 0.999999 -0.000000 0.000001 0.001361
-0.395035 0.795095 0.249940 0.999999 -0.000004 0.000001 0.001362
-0.395037 0.795094 0.249931 0.999999 -0.000002 -0.000001 0.001362
-0.395036 0.795093 0.249921 0.999999 0.000001 -0.000001 0.001364
-0.395037 0.795093 0.249860 0.999999 0.000001 -0.000002 0.001364
-0.395037 0.795092 0.249920 0.999999 0.000004 -0.000001 0.001368
-0.395037 0.795093 0.249956 0.999999 0.000001 -0.000001 0.001371
-0.395035 0.795094 0.249967 0.999999 -0.000001 0.000001 0.001372
-0.395036 0.795094 0.249867 0.999999 -0.000000 -0.000000 0.001375
-0.395036 0.795094 0.249849 0.999999 0.000001 -0.000001 0.001379
-0.395037 0.795094 0.249895 0.999999 0.000001 -0.000001 0.001383
-0.395036 0.795094 0.249924 0.999999 0.000000 -0.000001 0.001386
-0.395036 0.795094 0.249959 0.999999 0.000001 -0.000001 0.001387
-0.395036 0.795094 0.249980 0.999999 0.000000 -0.000001 0.001388
-0.395036 0.795095 0.249928 0.999999 -0.000002 0.000000 0.001389
-0.395037 0.795095 0.249867 0.999999 -0.000001 -0.000003 0.001393
-0.395036 0.795094 0.249929 0.999999 0.000001 -0.000001 0.001396
-0.395037 0.795095 0.249853 0.999999 -0.000001 -0.000002 0.001399
-0.395035 0.795094 0.249909 0.999999 0.000001 0.000000 0.001402
-0.395035 0.795094 0.249894 0.999999 0.000001 0.000002 0.001404
-0.395035 0.795096 0.249883 0.999999 -0.000002 0.000001 0.001409
-0.395037 0.795095 0.249910 0.999999 -0.000000 -0.000003 0.001409
-0.395035 0.795095 0.249932 0.999999 0.000000 0.000001 0.001411
-0.395036 0.795095 0.249956 0.999999 0.000001 -0.000001 0.001411
-0.395036 0.795094 0.249949 0.999999 0.000003 -0.000002 0.001412
-0.395036 0.795095 0.249944 0.999999 0.000002 -0.000002 0.001413
-0.395035 0.795097 0.249895 0.999999 -0.000004 -0.000000 0.001415
-0.395036 0.795095 0.249892 0.999999 0.000001 -0.000003 0.001415
-0.395035 0.795096 0.249961 0.999999 -0.000001 -0.000000 0.001417
-0.395036 0.795095 0.249936 0.999999 0.000001 -0.000001 0.001420
-0.395035 0.795095 0.249974 0.999999 0.000001 -0.000001 0.001421
-0.395035 0.795100 0.249826 0.999999 -0.000009 -0.000001 0.001423
-0.395036 0.795095 0.249944 0.999999 0.000001 -0.000002 0.001425
-0.395036 0.795094 0.249961 0.999999 0.000004 -0.000003 0.001426
-0.395036 0.795094 0.249902 0.999999 0.000003 -0.000002 0.001428
-0.395035 0.795096 0.249854 0.999999 -0.000002 -0.000001 0.001430
-0.395035 0.795095 0.249856 0.999999 0.000002 -0.000001 0.001432
-0.395036 0.795096 0.249911 0.999999 -0.000001 -0.000002 0.001433
-0.395035 0.795096 0.249949 0.999999 -0.000001 -0.000001 0.001434
-0.395035 0.795095 0.249954 0.999999 0.000002 -0.000000 0.001434
-0.395034 0.795095 0.249944 0.999999 0.000001 0.000001 0.001435
-0.395035 0.795097 0.249949 0.999999 -0.000003 0.000000 0.001436
-0.395035 0.795095 0.249945 0.999999 0.000003 -0.000000 0.001436
-0.395036 0.795096 0.249920 0.999999 -0.000001 -0.000002 0.001438
-0.395035 0.795095 0.249922 0.999999 0.000003 -0.000001 0.001440
-0.395035 0.795095 0.249915 0.999999 0.000002 -0.000000 0.001440
-0.395035 0.795096 0.249915 0.999999 0.000001 -0.000000 0.001441
-0.395035 0.795095 0.249952 0.999999 0.000002 -0.000001 0.001443
-0.395035 0.795096 0.249946 0.999999 0.000000 -0.000001 0.001443
-0.395035 0.795097 0.249932 0.999999 -0.000002 -0.000002 0.001444
-0.395035 0.795095 0.249939 0.999999 0.000002 -0.000001 0.001446
-0.395034 0.795097 0.249955 0.999999 -0.000001 0.000000 0.001446
-0.395036 0.795096 0.249921 0.999999 0.000002 -0.000003 0.001449
-0.395035 0.795096 0.249877 0.999999 0.000001 -0.000002 0.001450
-0.395035 0.795098 0.249840 0.999999 -0.000003 -0.000000 0.001451
-0.395034 0.795096 0.249825 0.999999 0.000001 0.000001 0.001453
-0.395035 0.795096 0.249891 0.999999 0.000002 -0.000000 0.001455
-0.395034 0.795097 0.249881 0.999999 -0.000001 0.000000 0.001458
-0.395033 0.795096 0.249896 0.999999 0.000001 0.000003 0.001462
-0.395035 0.795098 0.249946 0.999999 -0.000001 -0.000000 0.001464
-0.395035 0.795096 0.249941 0.999999 0.000003 -0.000001 0.001465
-0.395035 0.795097 0.249928 0.999999 0.000001 -0.000001 0.001467
-0.395035 0.795096 0.249901 0.999999 0.000001 -0.000002 0.001469
-0.395034 0.795097 0.249817 0.999999 -0.000000 0.000001 0.001471
-0.395036 0.795096 0.249835 0.999999 0.000002 -0.000003 0.001474
-0.395034 0.795098 0.249842 0.999999 -0.000001 0.000001 0.001475
-0.395035 0.795097 0.249930 0.999999 0.000001 -0.000001 0.001477
-0.395035 0.795097 0.249956 0.999999 0.000000 -0.000001 0.001478
-0.395034 0.795096 0.249940 0.999999 0.000002 -0.000000 0.001479
-0.395033 0.795097 0.249874 0.999999 0.000001 0.000004 0.001479
-0.395034 0.795097 0.249821 0.999999 0.000001 0.000001 0.001482
-0.395036 0.795100 0.249815 0.999999 -0.000004 -0.000003 0.001483
-0.395034 0.795098 0.249840 0.999999 0.000000 0.000001 0.001487
-0.395035 0.795097 0.249879 0.999999 0.000001 -0.000002 0.001491
-0.395035 0.795099 0.249899 0.999999 -0.000002 -0.000002 0.001494
-0.395034 0.795097 0.249939 0.999999 0.000002 -0.000001 0.001496
-0.395033 0.795097 0.249894 0.999999 0.000002 0.000001 0.001499
-0.395036 0.795097 0.249818 0.999999 0.000003 -0.000004 0.001501
-0.395036 0.795097 0.249767 0.999999 0.000003 -0.000004 0.001503
-0.395034 0.795103 0.249809 0.999999 -0.000008 -0.000001 0.001506
-0.395031 0.795099 0.249788 0.999999 -0.000002 0.000007 0.001507
-0.395034 0.795103 0.249761 0.999999 -0.000008 -0.000000 0.001509
-0.395035 0.795100 0.249833 0.999999 -0.000003 -0.000002 0.001512
-0.395035 0.795099 0.249871 0.999999 -0.000001 -0.000002 0.001515
-0.395036 0.795099 0.249873 0.999999 -0.000001 -0.000004 0.001516
-0.395034 0.795100 0.249878 0.999999 -0.000003 -0.000001 0.001519
-0.395034 0.795099 0.249887 0.999999 -0.000000 -0.000000 0.001520
-0.395035 0.795100 0.249923 0.999999 -0.000002 -0.000001 0.001522
-0.395034 0.795099 0.249925 0.999999 0.000001 -0.000001 0.001522
-0.395034 0.795098 0.249890 0.999999 0.000003 -0.000001 0.001526
-0.395036 0.795100 0.249875 0.999999 -0.000002 -0.000005 0.001526
-0.395033 0.795100 0.249912 0.999999 -0.000001 0.000000 0.001529
-0.395034 0.795099 0.249902 0.999999 0.000001 0.000000 0.001532
-0.395033 0.795101 0.249909 0.999999 -0.000004 0.000002 0.001535
-0.395032 0.795100 0.249869 0.999999 0.000001 0.000003 0.001537
-0.395034 0.795100 0.249872 0.999999 -0.000001 -0.000000 0.001538
-0.395034 0.795098 0.249867 0.999999 0.000005 -0.000001 0.001540
-0.395034 0.795102 0.249866 0.999999 -0.000005 -0.000000 0.001542
-0.395031 0.795098 0.249827 0.999999 0.000003 0.000004 0.001544
-0.395033 0.795102 0.249799 0.999999 -0.000004 0.000001 0.001545
-0.395034 0.795103 0.249817 0.999999 -0.000005 -0.000002 0.001547
-0.395034 0.795102 0.249773 0.999999 -0.000003 -0.000001 0.001548
-0.395035 0.795100 0.249867 0.999999 0.000000 -0.000003 0.001549
-0.395034 0.795100 0.249942 0.999999 0.000001 -0.000002 0.001551
-0.395033 0.795100 0.249967 0.999999 0.000001 0.000001 0.001551
-0.395034 0.795099 0.249959 0.999999 0.000002 -0.000000 0.001552
-0.395033 0.795099 0.249949 0.999999 0.000002 0.000000 0.001553
-0.395033 0.795101 0.249876 0.999999 -0.000000 0.000000 0.001553
-0.395033 0.795103 0.249786 0.999999 -0.000005 0.000000 0.001554
-0.395032 0.795101 0.249785 0.999999 -0.000000 0.000004 0.001554
-0.395033 0.795097 0.249779 0.999999 0.000006 0.000001 0.001555
-0.395030 0.795104 0.249767 0.999999 -0.000007 0.000007 0.001555
-0.395033 0.795102 0.249752 0.999999 -0.000003 0.000000 0.001556
-0.395034 0.795099 0.249771 0.999999 0.000003 -0.000001 0.001556
-0.395033 0.795099 0.249800 0.999999 0.000003 0.000002 0.001557
-0.395034 0.795100 0.249916 0.999999 0.000001 -0.000001 0.001558
-0.395034 0.795102 0.249937 0.999999 -0.000002 -0.000000 0.001558
-0.395033 0.795103 0.249945 0.999999 -0.000004 0.000001 0.001559
-0.395033 0.795101 0.249863 0.999999 -0.000001 0.000002 0.001561
-0.395033 0.795102 0.249879 0.999999 -0.000002 0.000000 0.001561
-0.395035 0.795103 0.249880 0.999999 -0.000004 -0.000002 0.001564
-0.395033 0.795098 0.249857 0.999999 0.000006 0.000001 0.001565
-0.395036 0.795101 0.249848 0.999999 -0.000000 -0.000004 0.001566
-0.395034 0.795102 0.249903 0.999999 -0.000002 -0.000001 0.001569
-0.395034 0.795102 0.249904 0.999999 -0.000002 -0.000002 0.001569
-0.395033 0.795099 0.249900 0.999999 0.000004 0.000000 0.001570
-0.395032 0.795103 0.249839 0.999999 -0.000002 0.000002 0.001575
-0.395033 0.795101 0.249839 0.999999 0.000001 0.000001 0.001575
-0.395035 0.795101 0.249836 0.999999 0.000001 -0.000004 0.001576
-0.395034 0.795101 0.249902 0.999999 0.000000 -0.000002 0.001579
-0.395034 0.795101 0.249943 0.999999 0.000001 -0.000002 0.001581
-0.395033 0.795103 0.249959 0.999999 -0.000004 -0.000000 0.001581
-0.395032 0.795102 0.249950 0.999999 -0.000000 0.000001 0.001582
-0.395031 0.795102 0.249937 0.999999 -0.000001 0.000003 0.001583
-0.395034 0.795101 0.249877 0.999999 0.000002 -0.000001 0.001585
-0.395033 0.795100 0.249873 0.999999 0.000003 -0.000001 0.001586
-0.395034 0.795101 0.249910 0.999999 0.000001 -0.000001 0.001587
-0.395032 0.795103 0.249906 0.999999 -0.000003 0.000001 0.001589
-0.395033 0.795101 0.249890 0.999999 0.000001 -0.000000 0.001590
-0.395033 0.795101 0.249896 0.999999 0.000001 -0.000001 0.001593
-0.395033 0.795102 0.249937 0.999999 -0.000001 -0.000001 0.001593
-0.395032 0.795102 0.249963 0.999999 0.000001 0.000002 0.001595
-0.395033 0.795101 0.249972 0.999999 0.000002 -0.000001 0.001596
-0.395033 0.795100 0.249960 0.999999 0.000003 -0.000001 0.001597
-0.395033 0.795101 0.249953 0.999999 0.000002 -0.000001 0.001601
-0.395033 0.795102 0.249969 0.999999 0.000001 -0.000001 0.001601
-0.395033 0.795103 0.249962 0.999999 -0.000002 0.000000 0.001603
-0.395033 0.795102 0.249908 0.999999 0.000001 -0.000002 0.001605
-0.395032 0.795101 0.249919 0.999999 0.000002 0.000001 0.001608
-0.395032 0.795104 0.249880 0.999999 -0.000003 0.000001 0.001611
-0.395034 0.795102 0.249919 0.999999 0.000001 -0.000002 0.001614
-0.395034 0.795103 0.249853 0.999999 -0.000002 -0.000002 0.001618
-0.395033 0.795104 0.249909 0.999999 -0.000002 -0.000000 0.001621
-0.395032 0.795102 0.249948 0.999999 0.000002 0.000000 0.001623
-0.395033 0.795102 0.249925 0.999999 0.000001 -0.000001 0.001626
-0.395034 0.795104 0.249960 0.999999 -0.000001 -0.000002 0.001628
-0.395034 0.795103 0.249871 0.999999 0.000001 -0.000004 0.001629
-0.395035 0.795103 0.249822 0.999999 0.000001 -0.000005 0.001630
-0.395032 0.795103 0.249775 0.999999 0.000000 0.000000 0.001631
-0.395031 0.795105 0.249828 0.999999 -0.000004 0.000002 0.001632
-0.395034 0.795104 0.249870 0.999999 -0.000001 -0.000004 0.001633
-0.395034 0.795103 0.249874 0.999999 0.000001 -0.000003 0.001635
-0.395032 0.795103 0.249882 0.999999 0.000002 -0.000000 0.001636
-0.395034 0.795103 0.249880 0.999999 0.000001 -0.000004 0.001638
-0.395032 0.795105 0.249907 0.999999 -0.000003 0.000001 0.001640
-0.395034 0.795103 0.249923 0.999999 0.000000 -0.000003 0.001640
-0.395032 0.795105 0.249936 0.999999 -0.000002 0.000001 0.001642
-0.395034 0.795104 0.249925 0.999999 -0.000001 -0.000002 0.001642
-0.395032 0.795105 0.249899 0.999999 -0.000002 0.000000 0.001645
-0.395032 0.795104 0.249891 0.999999 -0.000001 0.000002 0.001645
-0.395032 0.795104 0.249854 0.999999 0.000000 0.000001 0.001646
-0.395031 0.795105 0.249829 0.999999 -0.000002 0.000002 0.001650
-0.395033 0.795103 0.249857 0.999999 0.000002 -0.000002 0.001650
-0.395033 0.795103 0.249904 0.999999 0.000001 -0.000001 0.001652
-0.395033 0.795105 0.249919 0.999999 -0.000001 -0.000002 0.001653
-0.395032 0.795104 0.249929 0.999999 -0.000001 0.000000 0.001655
-0.395033 0.795103 0.249940 0.999999 0.000001 -0.000002 0.001656
-0.395033 0.795104 0.249952 0.999999 0.000000 -0.000001 0.001657
-0.395033 0.795104 0.249959 0.999999 0.000001 -0.000001 0.001657
-0.395031 0.795105 0.249953 0.999999 -0.000001 0.000002 0.001658
-0.395031 0.795105 0.249957 0.999999 -0.000001 0.000002 0.001659
-0.395033 0.795103 0.249864 0.999999 0.000002 -0.000001 0.001662
-0.395032 0.795104 0.249916 0.999999 -0.000000 0.000001 0.001665
-0.395033 0.795105 0.249940 0.999999 -0.000001 -0.000001 0.001666
-0.395032 0.795103 0.249920 0.999999 0.000002 -0.000000 0.001667
-0.395033 0.795103 0.249898 0.999999 0.000003 -0.000002 0.001670
-0.395031 0.795105 0.249885 0.999999 -0.000001 0.000003 0.001671
-0.395033 0.795101 0.249872 0.999999 0.000006 -0.000001 0.001673
-0.395031 0.795106 0.249868 0.999999 -0.000003 0.000001 0.001674
-0.395031 0.795104 0.249918 0.999999 0.000000 0.000002 0.001676
-0.395032 0.795104 0.249934 0.999999 0.000001 0.000001 0.001677
-0.395033 0.795107 0.249908 0.999999 -0.000005 -0.000002 0.001679
-0.395032 0.795103 0.249888 0.999999 0.000004 0.000000 0.001679
-0.395033 0.795105 0.249950 0.999999 -0.000001 -0.000001 0.001682
-0.395033 0.795103 0.249956 0.999999 0.000002 -0.000002 0.001682
-0.395033 0.795104 0.249949 0.999999 0.000002 -0.000001 0.001683
-0.395029 0.795105 0.249875 0.999999 0.000000 0.000006 0.001685
-0.395032 0.795107 0.249842 0.999999 -0.000004 -0.000000 0.001686
-0.395034 0.795104 0.249824 0.999999 0.000002 -0.000005 0.001686
-0.395034 0.795103 0.249849 0.999999 0.000004 -0.000005 0.001689
-0.395031 0.795104 0.249845 0.999999 0.000002 0.000002 0.001689
-0.395033 0.795104 0.249866 0.999999 0.000002 -0.000001 0.001693
-0.395031 0.795106 0.249871 0.999999 -0.000002 0.000002 0.001693
-0.395030 0.795105 0.249882 0.999999 -0.000000 0.000003 0.001697
-0.395033 0.795103 0.249884 0.999999 0.000004 -0.000003 0.001698
-0.395031 0.795105 0.249857 0.999999 0.000000 0.000002 0.001701
-0.395032 0.795106 0.249858 0.999999 -0.000002 0.000000 0.001701
-0.395031 0.795107 0.249854 0.999999 -0.000003 0.000002 0.001706
-0.395032 0.795106 0.249846 0.999999 -0.000002 -0.000000 0.001706
-0.395033 0.795105 0.249821 0.999999 -0.000000 -0.000002 0.001710
-0.395033 0.795104 0.249857 0.999999 0.000002 -0.000003 0.001710
-0.395033 0.795105 0.249892 0.999999 0.000000 -0.000002 0.001711
-0.395033 0.795106 0.249955 0.999999 -0.000001 -0.000002 0.001711
-0.395032 0.795104 0.249959 0.999999 0.000002 -0.000000 0.001712
-0.395032 0.795105 0.249950 0.999999 0.000001 -0.000000 0.001712
-0.395033 0.795106 0.249903 0.999999 -0.000000 -0.000002 0.001715
-0.395032 0.795105 0.249914 0.999999 0.000001 -0.000001 0.001716
-0.395032 0.795105 0.249961 0.999999 0.000001 -0.000001 0.001717
-0.395033 0.795105 0.249959 0.999999 0.000001 -0.000003 0.001717
-0.395032 0.795104 0.249862 0.999999 0.000004 -0.000001 0.001721
-0.395031 0.795104 0.249852 0.999999 0.000004 -0.000000 0.001722
-0.395031 0.795105 0.249878 0.999999 0.000001 -0.000000 0.001725
-0.395032 0.795105 0.249913 0.999999 0.000001 -0.000002 0.001725
-0.395032 0.795106 0.249941 0.999999 0.000000 -0.000002 0.001727
-0.395032 0.795105 0.249932 0.999999 0.000002 -0.000003 0.001727
-0.395032 0.795103 0.249877 0.999999 0.000006 -0.000002 0.001730
-0.395034 0.795108 0.249863 0.999999 -0.000003 -0.000006 0.001730
-0.395031 0.795108 0.249766 0.999998 -0.000004 0.000000 0.001733
-0.395029 0.795106 0.249763 0.999998 -0.000000 0.000004 0.001733
-0.395030 0.795107 0.249774 0.999998 -0.000002 0.000002 0.001733
-0.395032 0.795106 0.249900 0.999998 0.000001 -0.000001 0.001735
-0.395032 0.795106 0.249925 0.999998 0.000001 -0.000001 0.001735
-0.395031 0.795107 0.249939 0.999998 -0.000002 -0.000000 0.001735
-0.395030 0.795106 0.249915 0.999998 0.000001 0.000002 0.001737
-0.395032 0.795106 0.249916 0.999998 0.000001 -0.000001 0.001737
-0.395032 0.795107 0.249904 0.999998 -0.000002 -0.000001 0.001740
-0.395033 0.795107 0.249894 0.999998 -0.000001 -0.000003 0.001741
-0.395032 0.795107 0.249837 0.999998 -0.000001 -0.000001 0.001744
-0.395033 0.795107 0.249836 0.999998 -0.000001 -0.000003 0.001744
-0.395031 0.795105 0.249861 0.999998 0.000004 0.000000 0.001747
-0.395033 0.795109 0.249845 0.999998 -0.000005 -0.000004 0.001748
-0.395030 0.795108 0.249851 0.999998 -0.000002 0.000001 0.001752
-0.395030 0.795108 0.249874 0.999998 -0.000002 0.000002 0.001752
-0.395033 0.795107 0.249888 0.999998 0.000000 -0.000003 0.001753
-0.395032 0.795109 0.249861 0.999998 -0.000003 -0.000002 0.001756
-0.395031 0.795106 0.249860 0.999998 0.000003 0.000000 0.001757
-0.395031 0.795107 0.249902 0.999998 -0.000000 -0.000000 0.001760
-0.395031 0.795107 0.249912 0.999998 0.000000 0.000000 0.001761
-0.395031 0.795107 0.249963 0.999998 -0.000000 0.000000 0.001762
-0.395030 0.795107 0.249945 0.999998 0.000001 0.000001 0.001762
-0.395031 0.795106 0.249955 0.999998 0.000002 -0.000001 0.001763
-0.395032 0.795107 0.249954 0.999998 -0.000000 -0.000002 0.001764
-0.395032 0.795107 0.249942 0.999998 0.000001 -0.000002 0.001765
-0.395033 0.795108 0.249926 0.999998 -0.000001 -0.000004 0.001765
-0.395032 0.795108 0.249902 0.999998 -0.000001 -0.000003 0.001767
-0.395031 0.795107 0.249927 0.999998 0.000000 -0.000000 0.001768
-0.395032 0.795107 0.249948 0.999998 0.000002 -0.000002 0.001769
-0.395030 0.795108 0.249942 0.999998 0.000000 0.000001 0.001770
-0.395031 0.795107 0.249938 0.999998 0.000000 -0.000000 0.001771
-0.395031 0.795108 0.249948 0.999998 -0.000001 -0.000001 0.001773
-0.395030 0.795107 0.249945 0.999998 0.000001 0.000000 0.001773
-0.395031 0.795105 0.249884 0.999998 0.000006 -0.000000 0.001776
-0.395031 0.795107 0.249876 0.999998 0.000002 -0.000001 0.001777
-0.395030 0.795109 0.249835 0.999998 -0.000002 0.000002 0.001779
-0.395031 0.795107 0.249843 0.999998 0.000002 -0.000000 0.001779
-0.395032 0.795107 0.249869 0.999998 0.000001 -0.000003 0.001783
-0.395030 0.795107 0.249941 0.999998 0.000002 0.000000 0.001785
-0.395032 0.795107 0.249958 0.999998 0.000002 -0.000002 0.001787
-0.395033 0.795109 0.249912 0.999998 -0.000002 -0.000004 0.001790
-0.395030 0.795108 0.249920 0.999998 0.000001 0.000001 0.001792
-0.395032 0.795108 0.249902 0.999998 0.000001 -0.000002 0.001794
-0.395030 0.795109 0.249871 0.999998 -0.000001 0.000000 0.001797
-0.395031 0.795108 0.249939 0.999998 0.000002 0.000000 0.001799
-0.395030 0.795109 0.249946 0.999998 -0.000001 0.000000 0.001800
-0.395032 0.795107 0.249893 0.999998 0.000003 -0.000002 0.001803
-0.395030 0.795110 0.249895 0.999998 -0.000001 0.000001 0.001803
-0.395030 0.795109 0.249899 0.999998 0.000000 0.000001 0.001806
-0.395031 0.795109 0.249911 0.999998 0.000000 -0.000000 0.001806
-0.395032 0.795110 0.249919 0.999998 -0.000002 -0.000002 0.001808
-0.395031 0.795111 0.249834 0.999998 -0.000003 -0.000002 0.001812
-0.395031 0.795110 0.249826 0.999998 -0.000002 -0.000002 0.001812
-0.395031 0.795109 0.249939 0.999998 0.000000 -0.000001 0.001814
-0.395031 0.795109 0.249962 0.999998 0.000001 -0.000001 0.001814
-0.395032 0.795110 0.249917 0.999998 -0.000001 -0.000003 0.001816
-0.395030 0.795110 0.249905 0.999998 -0.000001 0.000000 0.001818
-0.395031 0.795109 0.249941 0.999998 0.000002 -0.000003 0.001819
-0.395031 0.795109 0.249945 0.999998 0.000002 -0.000002 0.001819
-0.395032 0.795110 0.249854 0.999998 -0.000001 -0.000004 0.001821
-0.395031 0.795111 0.249830 0.999998 -0.000002 -0.000002 0.001821
-0.395029 0.795109 0.249892 0.999998 0.000002 0.000002 0.001825
-0.395031 0.795109 0.249885 0.999998 0.000001 -0.000001 0.001825
-0.395028 0.795111 0.249818 0.999998 -0.000002 0.000004 0.001829
-0.395029 0.795109 0.249808 0.999998 0.000001 0.000002 0.001830
-0.395029 0.795116 0.249750 0.999998 -0.000012 0.000002 0.001832
-0.395030 0.795114 0.249748 0.999998 -0.000008 -0.000001 0.001832
-0.395032 0.795110 0.249791 0.999998 0.000001 -0.000003 0.001834
-0.395030 0.795108 0.249797 0.999998 0.000004 -0.000000 0.001835
-0.395032 0.795112 0.249755 0.999998 -0.000004 -0.000005 0.001837
-0.395032 0.795112 0.249750 0.999998 -0.000004 -0.000003 0.001837
-0.395031 0.795110 0.249796 0.999998 0.000000 -0.000002 0.001841
-0.395029 0.795112 0.249822 0.999998 -0.000003 0.000002 0.001841
-0.395030 0.795109 0.249901 0.999998 0.000001 0.000000 0.001843
-0.395030 0.795112 0.249904 0.999998 -0.000004 0.000001 0.001844
-0.395029 0.795112 0.249935 0.999998 -0.000004 0.000002 0.001846
-0.395031 0.795110 0.249901 0.999998 0.000000 -0.000002 0.001847
-0.395030 0.795110 0.249912 0.999998 0.000000 0.000000 0.001848
-0.395030 0.795110 0.249921 0.999998 0.000001 -0.000001 0.001848
-0.395031 0.795110 0.249952 0.999998 0.000001 -0.000001 0.001850
-0.395029 0.795110 0.249967 0.999998 0.000001 0.000001 0.001850
-0.395031 0.795111 0.249953 0.999998 -0.000000 -0.000002 0.001852
-0.395030 0.795110 0.249949 0.999998 0.000002 -0.000001 0.001854
-0.395029 0.795111 0.249896 0.999998 -0.000001 0.000002 0.001856
-0.395030 0.795110 0.249874 0.999998 0.000000 -0.000000 0.001860
-0.395030 0.795112 0.249909 0.999998 -0.000003 0.000001 0.001863
-0.395030 0.795109 0.249876 0.999998 0.000004 0.000000 0.001866
-0.395029 0.795109 0.249801 0.999998 0.000005 0.000001 0.001870
-0.395029 0.795112 0.249800 0.999998 -0.000002 0.000001 0.001873
-0.395031 0.795110 0.249958 0.999998 0.000002 -0.000002 0.001876
-0.395029 0.795110 0.249883 0.999998 0.000002 0.000001 0.001878
-0.395029 0.795112 0.249890 0.999998 -0.000001 0.000002 0.001881
-0.395031 0.795112 0.249845 0.999998 -0.000002 -0.000002 0.001884
-0.395031 0.795112 0.249877 0.999998 -0.000001 -0.000003 0.001889
-0.395030 0.795112 0.249937 0.999998 -0.000001 -0.000001 0.001892
-0.395030 0.795112 0.249974 0.999998 0.000000 -0.000002 0.001893
-0.395030 0.795111 0.249978 0.999998 0.000002 -0.000001 0.001894
-0.395030 0.795112 0.249975 0.999998 -0.000001 -0.000001 0.001895
-0.395029 0.795111 0.249898 0.999998 0.000001 0.000001 0.001899
-0.395030 0.795112 0.249920 0.999998 -0.000000 -0.000001 0.001901
-0.395030 0.795111 0.249871 0.999998 0.000001 -0.000001 0.001904
-0.395033 0.795112 0.249841 0.999998 -0.000001 -0.000008 0.001907
-0.395030 0.795114 0.249919 0.999998 -0.000002 -0.000001 0.001910
-0.395031 0.795112 0.249898 0.999998 0.000001 -0.000003 0.001913
-0.395029 0.795112 0.249917 0.999998 0.000001 0.000001 0.001917
-0.395031 0.795111 0.249916 0.999998 0.000003 -0.000003 0.001918
-0.395030 0.795112 0.249924 0.999998 0.000002 -0.000002 0.001922
-0.395029 0.795113 0.249962 0.999998 0.000000 0.000002 0.001923
-0.395029 0.795113 0.249937 0.999998 -0.000000 0.000001 0.001925
-0.395031 0.795113 0.249843 0.999998 -0.000001 -0.000003 0.001928
-0.395029 0.795114 0.249843 0.999998 -0.000002 -0.000000 0.001928
-0.395031 0.795114 0.249863 0.999998 -0.000003 -0.000003 0.001930
-0.395031 0.795112 0.249855 0.999998 0.000002 -0.000003 0.001931
-0.395030 0.795115 0.249879 0.999998 -0.000004 -0.000001 0.001932
-0.395030 0.795115 0.249858 0.999998 -0.000004 -0.000000 0.001934
-0.395029 0.795114 0.249857 0.999998 -0.000001 0.000001 0.001935
-0.395030 0.795112 0.249882 0.999998 0.000003 -0.000002 0.001936
-0.395030 0.795114 0.249910 0.999998 -0.000001 -0.000002 0.001938
-0.395029 0.795113 0.249899 0.999998 -0.000000 0.000000 0.001938
-0.395030 0.795112 0.249880 0.999998 0.000003 -0.000002 0.001941
-0.395030 0.795112 0.249898 0.999998 0.000002 -0.000002 0.001942
-0.395030 0.795114 0.249959 0.999998 -0.000002 -0.000001 0.001943
-0.395030 0.795115 0.249952 0.999998 -0.000003 -0.000002 0.001944
-0.395030 0.795112 0.249849 0.999998 0.000003 -0.000001 0.001946
-0.395028 0.795111 0.249807 0.999998 0.000005 0.000002 0.001946
-0.395030 0.795110 0.249777 0.999998 0.000007 -0.000001 0.001948
-0.395027 0.795113 0.249761 0.999998 0.000002 0.000005 0.001949
-0.395030 0.795117 0.249764 0.999998 -0.000007 -0.000001 0.001950
-0.395030 0.795116 0.249765 0.999998 -0.000005 -0.000001 0.001951
-0.395029 0.795114 0.249831 0.999998 -0.000000 0.000001 0.001953
-0.395028 0.795114 0.249858 0.999998 -0.000001 0.000002 0.001953
-0.395029 0.795114 0.249917 0.999998 -0.000001 0.000001 0.001954
-0.395031 0.795113 0.249946 0.999998 0.000001 -0.000003 0.001954
-0.395029 0.795115 0.249938 0.999998 -0.000002 0.000001 0.001954
-0.395029 0.795113 0.249914 0.999998 0.000001 -0.000000 0.001955
-0.395030 0.795114 0.249926 0.999998 0.000000 -0.000002 0.001956
-0.395030 0.795115 0.249941 0.999998 -0.000001 -0.000001 0.001957
-0.395028 0.795114 0.249950 0.999998 0.000001 0.000002 0.001957
-0.395029 0.795116 0.249915 0.999998 -0.000004 0.000000 0.001960
-0.395032 0.795114 0.249900 0.999998 0.000000 -0.000005 0.001960
-0.395029 0.795117 0.249841 0.999998 -0.000005 0.000000 0.001963
-0.395027 0.795114 0.249839 0.999998 0.000001 0.000004 0.001963
-0.395030 0.795115 0.249866 0.999998 -0.000001 -0.000001 0.001967
-0.395030 0.795114 0.249896 0.999998 0.000001 -0.000001 0.001967
-0.395029 0.795114 0.249955 0.999998 0.000001 0.000001 0.001969
-0.395030 0.795115 0.249951 0.999998 -0.000000 -0.000001 0.001969
-0.395030 0.795115 0.249947 0.999998 -0.000001 -0.000002 0.001971
-0.395029 0.795115 0.249951 0.999998 -0.000000 0.000000 0.001971
-0.395029 0.795114 0.249962 0.999998 0.000002 -0.000000 0.001972
-0.395029 0.795116 0.249965 0.999998 -0.000002 -0.000000 0.001973
-0.395029 0.795115 0.249932 0.999998 -0.000001 0.000000 0.001974
-0.395029 0.795115 0.249934 0.999998 -0.000000 -0.000000 0.001975
-0.395030 0.795116 0.249930 0.999998 -0.000003 -0.000001 0.001976
-0.395028 0.795114 0.249912 0.999998 0.000001 0.000001 0.001978
-0.395030 0.795114 0.249942 0.999998 0.000001 -0.000002 0.001979
-0.395029 0.795114 0.249932 0.999998 0.000001 0.000001 0.001980
-0.395029 0.795113 0.249927 0.999998 0.000004 -0.000001 0.001982
-0.395030 0.795116 0.249883 0.999998 -0.000003 -0.000002 0.001983
-0.395031 0.795113 0.249860 0.999998 0.000003 -0.000004 0.001987
-0.395028 0.795117 0.249863 0.999998 -0.000004 0.000003 0.001988
-0.395030 0.795113 0.249872 0.999998 0.000003 -0.000002 0.001991
-0.395032 0.795115 0.249869 0.999998 -0.000001 -0.000005 0.001992
-0.395027 0.795116 0.249885 0.999998 -0.000001 0.000004 0.001995
-0.395031 0.795113 0.249886 0.999998 0.000003 -0.000003 0.001996
-0.395029 0.795113 0.249934 0.999998 0.000003 -0.000001 0.001998
-0.395029 0.795114 0.249935 0.999998 0.000001 -0.000000 0.001999
-0.395030 0.795115 0.249942 0.999998 -0.000000 -0.000001 0.002000
-0.395029 0.795115 0.249948 0.999998 0.000001 0.000000 0.002000
-0.395029 0.795115 0.249952 0.999998 0.000001 0.000000 0.002001
-0.395029 0.795117 0.249926 0.999998 -0.000003 0.000000 0.002002
-0.395030 0.795117 0.249908 0.999998 -0.000003 -0.000003 0.002003
-0.395031 0.795116 0.249884 0.999998 -0.000001 -0.000004 0.002003
-0.395030 0.795115 0.249926 0.999998 0.000001 -0.000003 0.002005
-0.395030 0.795114 0.249942 0.999998 0.000002 -0.000002 0.002005
-0.395030 0.795114 0.249945 0.999998 0.000003 -0.000002 0.002006
-0.395029 0.795115 0.249937 0.999998 0.000002 -0.000000 0.002007
-0.395030 0.795114 0.249902 0.999998 0.000002 -0.000002 0.002011
-0.395027 0.795115 0.249893 0.999998 0.000002 0.000003 0.002011
-0.395028 0.795115 0.249888 0.999998 0.000002 0.000002 0.002015
-0.395031 0.795117 0.249815 0.999998 -0.000003 -0.000004 0.002017
-0.395029 0.795114 0.249868 0.999998 0.000004 -0.000000 0.002019
-0.395027 0.795116 0.249850 0.999998 0.000001 0.000002 0.002024
-0.395028 0.795115 0.249815 0.999998 0.000003 0.000001 0.002027
-0.395028 0.795116 0.249878 0.999998 0.000001 0.000000 0.002030
-0.395029 0.795115 0.249928 0.999998 0.000002 -0.000001 0.002032
-0.395030 0.795117 0.249892 0.999998 -0.000002 -0.000003 0.002037
-0.395029 0.795117 0.249888 0.999998 -0.000001 -0.000001 0.002040
-0.395029 0.795116 0.249901 0.999998 0.000002 -0.000002 0.002043
-0.395029 0.795117 0.249923 0.999998 0.000000 -0.000002 0.002045
-0.395029 0.795119 0.249897 0.999998 -0.000003 -0.000002 0.002047
-0.395029 0.795116 0.249886 0.999998 0.000002 -0.000001 0.002051
-0.395029 0.795117 0.249916 0.999998 0.000000 -0.000002 0.002053
-0.395028 0.795119 0.249940 0.999998 -0.000003 -0.000000 0.002056
-0.395029 0.795119 0.249873 0.999998 -0.000002 -0.000002 0.002059
-0.395028 0.795117 0.249880 0.999998 0.000000 0.000001 0.002061
-0.395029 0.795117 0.249906 0.999998 0.000001 -0.000001 0.002064
-0.395029 0.795117 0.249947 0.999998 0.000001 -0.000002 0.002066
-0.395028 0.795120 0.249927 0.999998 -0.000004 -0.000001 0.002068
-0.395029 0.795116 0.249853 0.999998 0.000004 -0.000004 0.002072
-0.395028 0.795118 0.249916 0.999998 0.000000 -0.000000 0.002076
-0.395029 0.795118 0.249953 0.999998 0.000000 -0.000002 0.002077
-0.395029 0.795118 0.249904 0.999998 -0.000001 -0.000002 0.002080
-0.395029 0.795118 0.249894 0.999998 0.000000 -0.000003 0.002080
-0.395028 0.795118 0.249920 0.999998 -0.000000 -0.000001 0.002082
-0.395029 0.795117 0.249921 0.999998 0.000003 -0.000003 0.002082
-0.395028 0.795118 0.249932 0.999998 0.000001 -0.000001 0.002084
-0.395028 0.795117 0.249939 0.999998 0.000003 -0.000001 0.002085
-0.395029 0.795119 0.249903 0.999998 -0.000001 -0.000002 0.002089
-0.395028 0.795119 0.249856 0.999998 0.000000 -0.000001 0.002094
-0.395028 0.795119 0.249899 0.999998 -0.000000 -0.000001 0.002097
-0.395026 0.795119 0.249956 0.999998 0.000001 0.000003 0.002098
-0.395027 0.795119 0.249830 0.999998 -0.000000 -0.000000 0.002102
-0.395027 0.795119 0.249820 0.999998 0.000001 0.000001 0.002106
-0.395026 0.795121 0.249832 0.999998 -0.000003 0.000003 0.002108
-0.395027 0.795121 0.249832 0.999998 -0.000003 0.000001 0.002112
-0.395028 0.795118 0.249883 0.999998 0.000003 -0.000001 0.002115
-0.395028 0.795120 0.249933 0.999998 -0.000001 -0.000001 0.002117
-0.395028 0.795119 0.249966 0.999998 0.000000 -0.000000 0.002118
-0.395028 0.795118 0.249905 0.999998 0.000003 -0.000001 0.002121
-0.395028 0.795121 0.249892 0.999998 -0.000002 -0.000002 0.002125
-0.395026 0.795119 0.249881 0.999998 0.000002 0.000003 0.002129
-0.395027 0.795120 0.249943 0.999998 -0.000000 0.000001 0.002132
-0.395028 0.795120 0.249941 0.999998 -0.000001 -0.000002 0.002135
-0.395028 0.795120 0.249970 0.999998 0.000001 -0.000001 0.002136
-0.395028 0.795119 0.249925 0.999998 0.000002 -0.000002 0.002138
-0.395026 0.795117 0.249902 0.999998 0.000006 0.000001 0.002140
-0.395026 0.795117 0.249829 0.999998 0.000006 0.000001 0.002144
-0.395029 0.795119 0.249784 0.999998 0.000002 -0.000004 0.002147
-0.395028 0.795119 0.249830 0.999998 0.000003 -0.000000 0.002149
-0.395028 0.795119 0.249901 0.999998 0.000003 -0.000001 0.002151
-0.395027 0.795121 0.249916 0.999998 -0.000001 0.000001 0.002156
-0.395027 0.795120 0.249909 0.999998 0.000001 -0.000001 0.002159
-0.395027 0.795119 0.249944 0.999998 0.000004 -0.000001 0.002162
-0.395027 0.795121 0.249877 0.999998 -0.000000 0.000000 0.002166
-0.395027 0.795121 0.249956 0.999998 0.000000 0.000000 0.002169
-0.395027 0.795122 0.249953 0.999998 -0.000002 -0.000001 0.002171
-0.395027 0.795121 0.249935 0.999998 0.000001 0.000000 0.002173
-0.395027 0.795121 0.249938 0.999998 0.000001 -0.000001 0.002175
-0.395028 0.795121 0.249978 0.999998 0.000001 -0.000002 0.002176
-0.395027 0.795121 0.249962 0.999998 0.000000 -0.000000 0.002178
-0.395026 0.795122 0.249947 0.999998 -0.000000 0.000002 0.002179
-0.395026 0.795121 0.249880 0.999998 0.000002 0.000002 0.002182
-0.395028 0.795119 0.249871 0.999998 0.000005 -0.000002 0.002182
-0.395027 0.795121 0.249852 0.999998 0.000002 -0.000001 0.002186
-0.395027 0.795121 0.249904 0.999998 0.000002 0.000000 0.002186
-0.395025 0.795123 0.249903 0.999998 -0.000001 0.000003 0.002188
-0.395027 0.795120 0.249869 0.999998 0.000004 -0.000001 0.002192
-0.395025 0.795123 0.249875 0.999998 -0.000002 0.000003 0.002195
-0.395027 0.795122 0.249945 0.999998 0.000001 -0.000001 0.002198
-0.395026 0.795119 0.249827 0.999998 0.000006 0.000001 0.002200
-0.395027 0.795124 0.249865 0.999998 -0.000002 -0.000000 0.002203
-0.395028 0.795123 0.249954 0.999998 -0.000001 -0.000002 0.002205
-0.395027 0.795123 0.249925 0.999998 0.000000 0.000000 0.002208
-0.395027 0.795122 0.249939 0.999998 0.000001 -0.000001 0.002210
-0.395028 0.795123 0.249970 0.999998 -0.000000 -0.000002 0.002211
-0.395028 0.795124 0.249884 0.999998 -0.000002 -0.000003 0.002214
-0.395027 0.795122 0.249874 0.999998 0.000003 -0.000001 0.002218
-0.395028 0.795122 0.249880 0.999998 0.000003 -0.000002 0.002221
-0.395028 0.795122 0.249830 0.999998 0.000003 -0.000003 0.002225
-0.395027 0.795124 0.249934 0.999998 -0.000001 -0.000002 0.002228
-0.395027 0.795122 0.249925 0.999998 0.000003 -0.000000 0.002229
-0.395026 0.795124 0.249921 0.999998 -0.000000 0.000001 0.002232
-0.395027 0.795123 0.249943 0.999998 0.000002 -0.000000 0.002234
-0.395026 0.795124 0.249921 0.999997 -0.000000 0.000001 0.002237
-0.395026 0.795127 0.249844 0.999997 -0.000005 0.000000 0.002240
-0.395026 0.795125 0.249904 0.999997 -0.000002 0.000001 0.002243
-0.395027 0.795123 0.249914 0.999997 0.000003 -0.000000 0.002245
-0.395026 0.795124 0.249913 0.999997 0.000000 0.000000 0.002247
-0.395026 0.795126 0.249939 0.999997 -0.000004 0.000002 0.002248
-0.395027 0.795124 0.249949 0.999997 0.000000 -0.000001 0.002250
-0.395028 0.795125 0.249950 0.999997 -0.000001 -0.000002 0.002252
-0.395027 0.795123 0.249942 0.999997 0.000002 -0.000002 0.002255
-0.395027 0.795124 0.249918 0.999997 -0.000000 -0.000002 0.002258
-0.395026 0.795124 0.249920 0.999997 0.000000 0.000001 0.002260
-0.395027 0.795126 0.249904 0.999997 -0.000002 -0.000001 0.002264
-0.395029 0.795125 0.249850 0.999997 -0.000000 -0.000005 0.002267
-0.395026 0.795129 0.249800 0.999997 -0.000008 0.000000 0.002268
-0.395028 0.795124 0.249880 0.999997 0.000001 -0.000002 0.002270
-0.395027 0.795124 0.249976 0.999997 0.000001 -0.000001 0.002271
-0.395026 0.795123 0.249919 0.999997 0.000004 0.000001 0.002272
-0.395026 0.795126 0.249926 0.999997 -0.000002 0.000002 0.002277
-0.395027 0.795126 0.249908 0.999997 -0.000001 -0.000002 0.002278
-0.395027 0.795125 0.249922 0.999997 -0.000001 -0.000001 0.002279
-0.395027 0.795125 0.249896 0.999997 -0.000001 -0.000001 0.002281
-0.395027 0.795123 0.249897 0.999997 0.000004 -0.000002 0.002282
-0.395028 0.795126 0.249908 0.999997 -0.000001 -0.000002 0.002285
-0.395027 0.795125 0.249964 0.999997 0.000001 -0.000001 0.002287
-0.395027 0.795124 0.249955 0.999997 0.000002 -0.000002 0.002289
-0.395026 0.795125 0.249955 0.999997 0.000001 0.000001 0.002291
-0.395026 0.795126 0.249959 0.999997 -0.000001 0.000000 0.002293
-0.395027 0.795125 0.249926 0.999997 0.000001 -0.000002 0.002295
-0.395027 0.795126 0.249972 0.999997 -0.000001 -0.000001 0.002296
-0.395026 0.795127 0.249934 0.999997 -0.000003 -0.000000 0.002298
-0.395026 0.795127 0.249910 0.999997 -0.000003 0.000000 0.002301
-0.395025 0.795126 0.249914 0.999997 0.000001 0.000001 0.002304
-0.395027 0.795127 0.249892 0.999997 -0.000001 -0.000002 0.002307
-0.395025 0.795126 0.249939 0.999997 0.000001 0.000001 0.002309
-0.395025 0.795128 0.249894 0.999997 -0.000003 0.000001 0.002312
-0.395025 0.795128 0.249861 0.999997 -0.000002 0.000002 0.002317
-0.395024 0.795128 0.249806 0.999997 -0.000003 0.000004 0.002321
-0.395026 0.795126 0.249861 0.999997 0.000001 -0.000001 0.002325
-0.395024 0.795128 0.249852 0.999997 -0.000002 0.000003 0.002328
-0.395025 0.795128 0.249902 0.999997 -0.000003 0.000001 0.002331
-0.395026 0.795127 0.249884 0.999997 0.000001 -0.000001 0.002334
-0.395026 0.795127 0.249920 0.999997 0.000001 -0.000000 0.002338
-0.395027 0.795127 0.249942 0.999997 0.000001 -0.000002 0.002340
-0.395026 0.795126 0.249903 0.999997 0.000003 -0.000001 0.002343
-0.395025 0.795128 0.249935 0.999997 -0.000000 0.000000 0.002346
-0.395027 0.795128 0.249962 0.999997 -0.000000 -0.000004 0.002348
-0.395025 0.795126 0.249909 0.999997 0.000003 -0.000000 0.002350
-0.395026 0.795127 0.249869 0.999997 0.000002 -0.000001 0.002354
-0.395025 0.795129 0.249820 0.999997 -0.000001 0.000001 0.002356
-0.395024 0.795129 0.249935 0.999997 -0.000002 0.000001 0.002358
-0.395026 0.795127 0.249883 0.999997 0.000002 -0.000001 0.002361
-0.395025 0.795127 0.249941 0.999997 0.000002 -0.000001 0.002365
-0.395025 0.795129 0.249894 0.999997 -0.000002 -0.000000 0.002369
-0.395025 0.795129 0.249919 0.999997 -0.000000 -0.000001 0.002371
-0.395026 0.795130 0.249944 0.999997 -0.000002 -0.000003 0.002374
-0.395025 0.795128 0.249923 0.999997 0.000003 -0.000001 0.002377
-0.395024 0.795128 0.249834 0.999997 0.000001 0.000000 0.002380
-0.395024 0.795129 0.249889 0.999997 0.000000 0.000001 0.002383
-0.395026 0.795130 0.249929 0.999997 -0.000002 -0.000003 0.002384
-0.395025 0.795129 0.249846 0.999997 -0.000000 -0.000002 0.002389
-0.395024 0.795132 0.249880 0.999997 -0.000005 0.000001 0.002392
-0.395026 0.795128 0.249914 0.999997 0.000004 -0.000003 0.002394
-0.395023 0.795132 0.249832 0.999997 -0.000004 0.000002 0.002398
-0.395024 0.795129 0.249957 0.999997 0.000001 -0.000000 0.002400
