-0.080727 0.886063 0.407064
-0.082004 0.886028 0.406994
-0.083520 0.886093 0.406883
-0.083928 0.886082 0.406854
-0.085776 0.886209 0.406702
-0.086001 0.886241 0.406666
-0.086113 0.886188 0.406657
-0.086139 0.886155 0.406658
-0.087884 0.885287 0.406673
-0.088664 0.884256 0.406885
-0.088320 0.883503 0.407118
-0.087969 0.882961 0.407273
-0.087771 0.882595 0.407364
-0.087618 0.882259 0.407441
-0.087454 0.881882 0.407522
-0.087326 0.881585 0.407582
-0.087104 0.881196 0.407660
-0.086917 0.880863 0.407725
-0.086832 0.880673 0.407760
-0.087673 0.880142 0.407775
-0.088846 0.879215 0.407866
-0.089888 0.878421 0.407936
-0.091060 0.876131 0.408377
-0.089760 0.874326 0.408874
-0.088203 0.872682 0.409291
-0.087209 0.871563 0.409547
-0.087048 0.871345 0.409592
-0.088742 0.869538 0.409774
-0.088819 0.869076 0.409860
-0.090557 0.866178 0.410290
-0.089592 0.864361 0.410709
-0.089455 0.863984 0.410787
-0.088981 0.862944 0.410999
-0.088905 0.862367 0.411105
-0.088719 0.861831 0.411205
-0.088760 0.861166 0.411316
-0.088713 0.860954 0.411352
-0.088921 0.860397 0.411432
-0.088918 0.860218 0.411459
-0.089180 0.859881 0.411497
-0.089269 0.859556 0.411541
-0.089639 0.859162 0.411582
-0.089687 0.859028 0.411598
-0.090042 0.858772 0.411615
-0.090213 0.858517 0.411641
-0.090687 0.858209 0.411658
-0.090765 0.858100 0.411668
-0.090982 0.857984 0.411669
-0.092072 0.857381 0.411677
-0.093029 0.856808 0.411703
-0.093733 0.856346 0.411741
-0.095060 0.855467 0.411796
-0.096638 0.854041 0.411963
-0.097228 0.852701 0.412210
-0.097171 0.852340 0.412284
-0.097243 0.851701 0.412400
-0.097117 0.851130 0.412506
-0.097183 0.850444 0.412617
-0.097143 0.850226 0.412653
-0.097360 0.849659 0.412728
-0.097361 0.849475 0.412754
-0.097629 0.849130 0.412787
-0.097728 0.848796 0.412828
-0.098108 0.848395 0.412862
-0.098161 0.848257 0.412876
-0.098621 0.847895 0.412896
-0.098694 0.847768 0.412907
-0.099087 0.847525 0.412913
-0.099296 0.847276 0.412929
-0.099810 0.846981 0.412932
-0.100773 0.846382 0.412946
-0.101651 0.845801 0.412977
-0.102969 0.844443 0.413150
-0.102581 0.843308 0.413363
-0.102138 0.842537 0.413490
-0.101749 0.841818 0.413598
-0.101404 0.841130 0.413697
-0.101020 0.840356 0.413806
-0.100742 0.839727 0.413890
-0.100474 0.839093 0.413975
-0.100151 0.838355 0.414074
-0.099906 0.837740 0.414154
-0.099660 0.837110 0.414236
-0.099411 0.836469 0.414319
-0.099372 0.836318 0.414337
-0.101358 0.834529 0.414445
-0.101532 0.834095 0.414507
-0.103195 0.832365 0.414658
-0.103184 0.829862 0.415109
-0.101860 0.828080 0.415461
-0.101016 0.826953 0.415657
-0.100259 0.825851 0.415834
-0.099883 0.825183 0.415932
-0.099806 0.824996 0.415956
-0.100003 0.824380 0.416023
-0.099998 0.824220 0.416042
-0.100343 0.823803 0.416077
-0.100392 0.823652 0.416092
-0.100738 0.823370 0.416108
-0.100852 0.823213 0.416121
-0.101468 0.822748 0.416148
-0.101529 0.822622 0.416158
-0.102099 0.822222 0.416173
-0.102163 0.822106 0.416181
-0.102676 0.821796 0.416184
-0.102835 0.821564 0.416197
-0.103218 0.821356 0.416195
-0.103451 0.821113 0.416205
-0.104388 0.820443 0.416218
-0.105391 0.819831 0.416236
-0.106039 0.819320 0.416274
-0.108240 0.817518 0.416403
-0.108897 0.816873 0.416479
-0.109283 0.816314 0.416558
-0.110317 0.815276 0.416652
-0.111294 0.814367 0.416746
-0.111848 0.813612 0.416850
-0.112950 0.812420 0.416973
-0.113937 0.811389 0.417096
-0.114620 0.809313 0.417450
-0.114633 0.808837 0.417540
-0.114605 0.808376 0.417622
-0.113720 0.806622 0.417936
-0.112624 0.805214 0.418164
-0.112097 0.804435 0.418274
-0.111456 0.803435 0.418408
-0.110971 0.802586 0.418514
-0.110653 0.801914 0.418592
-0.110363 0.801244 0.418667
-0.110089 0.800572 0.418740
-0.109767 0.799797 0.418825
-0.109528 0.799149 0.418893
-0.109290 0.798483 0.418962
-0.109050 0.797802 0.419033
-0.108755 0.797009 0.419117
-0.108531 0.796343 0.419185
-0.109372 0.795639 0.419218
-0.110578 0.794431 0.419318
-0.112525 0.792638 0.419469
-0.113168 0.791525 0.419616
-0.114835 0.789760 0.419795
-0.115323 0.788653 0.419954
-0.116185 0.787678 0.420054
-0.117118 0.785105 0.420433
-0.116242 0.784138 0.420590
-0.115542 0.783516 0.420670
-0.115045 0.783014 0.420725
-0.114605 0.782512 0.420776
-0.114334 0.782107 0.420812
-0.114053 0.781642 0.420851
-0.113821 0.781197 0.420887
-0.113697 0.780853 0.420913
-0.113520 0.780401 0.420947
-0.113347 0.779953 0.420980
-0.113181 0.779502 0.421012
-0.113160 0.779381 0.421020
-0.115524 0.777299 0.421242
-0.115633 0.777011 0.421277
-0.117811 0.774948 0.421516
-0.118086 0.774205 0.421611
-0.119740 0.772594 0.421802
-0.120318 0.771586 0.421934
-0.121252 0.770626 0.422049
-0.122455 0.769152 0.422245
-0.123509 0.768062 0.422385
-0.124779 0.766438 0.422612
-0.125805 0.765314 0.422762
-0.126938 0.762884 0.423074
-0.125702 0.762326 0.422994
-0.125583 0.761204 0.423152
-0.125231 0.760640 0.423190
-0.124821 0.759952 0.423236
-0.124586 0.759379 0.423274
-0.124464 0.758982 0.423298
-0.124289 0.758489 0.423322
-0.124125 0.758014 0.423346
-0.123933 0.757492 0.423370
-0.123807 0.757050 0.423390
-0.123674 0.756591 0.423410
-0.123575 0.756183 0.423427
-0.123416 0.755677 0.423447
-0.123232 0.755134 0.423467
-0.123102 0.754680 0.423485
-0.122969 0.754209 0.423502
-0.122797 0.753681 0.423521
-0.122673 0.753229 0.423538
-0.122575 0.752821 0.423553
-0.122462 0.752376 0.423570
-0.122334 0.751913 0.423587
-0.122282 0.751632 0.423598
-0.122385 0.751509 0.423609
-0.122570 0.751196 0.423635
-0.122739 0.751075 0.423651
-0.123002 0.750779 0.423683
-0.123195 0.750670 0.423699
-0.123491 0.750396 0.423733
-0.123693 0.750298 0.423750
-0.124075 0.749967 0.423793
-0.124247 0.749903 0.423805
-0.124523 0.749698 0.423831
-0.124716 0.749631 0.423843
-0.125795 0.748928 0.423958
-0.126643 0.748375 0.424043
-0.127000 0.748220 0.424046
-0.127910 0.747634 0.424109
-0.128110 0.747615 0.424026
-0.127950 0.747851 0.423895
-0.128797 0.747291 0.423947
-0.128702 0.747490 0.423805
-0.128468 0.747674 0.423686
-0.129577 0.746890 0.423795
-0.129236 0.747361 0.423598
-0.128989 0.747702 0.423378
-0.129178 0.747474 0.423423
-0.129238 0.747535 0.423385
-0.129117 0.747586 0.423341
-0.129398 0.747371 0.423368
-0.128628 0.747875 0.423196
-0.130955 0.746060 0.423723
-0.128469 0.747918 0.423179
-0.131420 0.745590 0.423818
-0.126153 0.749489 0.422605
-0.133844 0.743922 0.424238
-0.121178 0.753113 0.421323
-0.138154 0.740526 0.425147
-0.122974 0.751381 0.421547
-0.139309 0.738360 0.425541
-0.123048 0.750349 0.421679
-0.139703 0.736563 0.425798
-0.121537 0.750687 0.421483
-0.138895 0.736697 0.425583
-0.120886 0.750335 0.421421
-0.138618 0.735896 0.425585
-0.121943 0.749347 0.421685
-0.138642 0.735087 0.425641
-0.121052 0.748667 0.421663
-0.138272 0.734111 0.425651
-0.120625 0.749367 0.421410
-0.137250 0.735188 0.425286
-0.121950 0.746802 0.421864
-0.137986 0.732365 0.425705
-0.122498 0.745760 0.422041
-0.136992 0.732825 0.425439
-0.121851 0.745652 0.421955
-0.136789 0.732144 0.425437
-0.122623 0.744820 0.421960
-0.136839 0.731377 0.425456
-0.121526 0.745827 0.421643
-0.136789 0.731114 0.425414
-0.122726 0.744197 0.421968
-0.137539 0.728405 0.425823
-0.122149 0.741994 0.422018
-0.136072 0.728328 0.425519
-0.121529 0.741497 0.421956
-0.136566 0.725725 0.425863
-0.119600 0.740935 0.422013
-0.135919 0.724479 0.425882
-0.118416 0.741154 0.421592
-0.134698 0.725590 0.425462
-0.118168 0.740629 0.421510
-0.134424 0.724717 0.425449
-0.119296 0.738843 0.421861
-0.134311 0.723412 0.425545
-0.117802 0.738210 0.421846
-0.133654 0.722236 0.425549
-0.117289 0.738759 0.421537
-0.133652 0.721855 0.425505
-0.117394 0.737647 0.421503
-0.134174 0.718548 0.425905
-0.116595 0.736042 0.421561
-0.133525 0.716946 0.425936
-0.114896 0.732759 0.422027
-0.131211 0.716381 0.425640
-0.119630 0.726258 0.423250
-0.131649 0.711335 0.426255
-0.118409 0.721707 0.423504
-0.129553 0.709689 0.426072
-0.126981 0.709159 0.425902
-0.128704 0.707014 0.426275
-0.130031 0.705322 0.426561
-0.131350 0.703387 0.426789
-0.127700 0.705943 0.425861
-0.133689 0.697392 0.427522
-0.123213 0.708523 0.424457
-0.132874 0.697861 0.427120
-0.125703 0.705748 0.424946
-0.133246 0.695104 0.427466
-0.123664 0.704847 0.424877
-0.132054 0.694757 0.427229
-0.128136 0.696451 0.426532
-0.131506 0.689954 0.427749
-0.129691 0.688984 0.427618
-0.130262 0.686110 0.428009
-0.129903 0.684747 0.428105
-0.129513 0.683287 0.428199
-0.129173 0.682069 0.428267
-0.128932 0.681166 0.428311
-0.128550 0.680004 0.428357
-0.128507 0.679782 0.428366
-0.130177 0.678102 0.428613
-0.131032 0.676193 0.428820
-0.130786 0.675354 0.428834
-0.130509 0.674534 0.428844
-0.130154 0.673578 0.428856
-0.129828 0.672688 0.428869
-0.129525 0.671836 0.428884
-0.129237 0.671004 0.428900
-0.129021 0.670305 0.428915
-0.128975 0.670083 0.428920
-0.130629 0.668408 0.429166
-0.131105 0.667780 0.429251
-0.133241 0.665658 0.429586
-0.133806 0.664922 0.429689
-0.135982 0.662686 0.430044
-0.136761 0.660670 0.430199
-0.136287 0.659782 0.430133
-0.135949 0.658640 0.430155
-0.135759 0.657870 0.430178
-0.135536 0.657086 0.430195
-0.135154 0.656054 0.430207
-0.134949 0.655356 0.430220
-0.134857 0.654932 0.430229
-0.134909 0.654747 0.430241
-0.134997 0.654279 0.430270
-0.135187 0.653947 0.430305
-0.135277 0.653554 0.430336
-0.135388 0.653393 0.430355
-0.135589 0.652830 0.430409
-0.135702 0.652697 0.430429
-0.135891 0.652321 0.430470
-0.136035 0.652173 0.430494
-0.136321 0.651546 0.430569
-0.136436 0.651446 0.430588
-0.137445 0.650649 0.430743
-0.138365 0.649888 0.430894
-0.139032 0.649375 0.430999
-0.140349 0.648337 0.431204
-0.141383 0.647502 0.431360
-0.142353 0.646856 0.431440
-0.142309 0.647023 0.431281
-0.142431 0.647138 0.431194
-0.142379 0.647317 0.431063
-0.142462 0.647348 0.431045
-0.142542 0.647389 0.430957
-0.142312 0.647331 0.430861
-0.142593 0.646487 0.431000
-0.142303 0.645807 0.431023
-0.142592 0.643977 0.431316
-0.142707 0.642905 0.431465
-0.142721 0.641817 0.431581
-0.142652 0.640507 0.431710
-0.142618 0.639433 0.431821
-0.142429 0.638243 0.431909
-0.142207 0.637136 0.431979
-0.141977 0.636132 0.432028
-0.141739 0.635204 0.432062
-0.141553 0.634449 0.432085
-0.141350 0.633668 0.432103
-0.141068 0.632742 0.432120
-0.140795 0.631871 0.432133
-0.140592 0.631147 0.432145
-0.140317 0.630261 0.432156
-0.140048 0.629410 0.432166
-0.139846 0.628697 0.432176
-0.139572 0.627815 0.432186
-0.139303 0.626967 0.432195
-0.139101 0.626253 0.432204
-0.138888 0.625496 0.432214
-0.138599 0.624584 0.432224
-0.138554 0.624361 0.432228
-0.140155 0.622646 0.432504
-0.140631 0.622013 0.432597
-0.141784 0.620824 0.432798
-0.143933 0.617967 0.433243
-0.143880 0.617113 0.433268
-0.143568 0.616252 0.433249
-0.143252 0.615442 0.433231
-0.143022 0.614752 0.433224
-0.142726 0.613895 0.433218
-0.142506 0.613184 0.433218
-0.142282 0.612432 0.433219
-0.141986 0.611531 0.433221
-0.141707 0.610675 0.433222
-0.141501 0.609957 0.433226
-0.141227 0.609073 0.433230
-0.141021 0.608344 0.433234
-0.140807 0.607577 0.433240
-0.140585 0.606789 0.433246
-0.140356 0.605989 0.433251
-0.140058 0.605046 0.433256
-0.139840 0.604286 0.433261
-0.139557 0.603366 0.433265
-0.139288 0.602490 0.433269
-0.139032 0.601635 0.433274
-0.138839 0.600910 0.433280
-0.138635 0.600140 0.433287
-0.138420 0.599345 0.433293
-0.138196 0.598535 0.433300
-0.137903 0.597578 0.433305
-0.137687 0.596806 0.433310
-0.137469 0.596004 0.433316
-0.137182 0.595050 0.433322
-0.136910 0.594149 0.433326
-0.136710 0.593398 0.433332
-0.136502 0.592606 0.433339
-0.136285 0.591793 0.433346
-0.136061 0.590966 0.433352
-0.135768 0.589989 0.433357
-0.135554 0.589204 0.433363
-0.135337 0.588388 0.433369
-0.135115 0.587556 0.433376
-0.134824 0.586574 0.433381
-0.134551 0.585650 0.433386
-0.134351 0.584882 0.433391
-0.134145 0.584074 0.433398
-0.133930 0.583245 0.433405
-0.133708 0.582402 0.433412
-0.133419 0.581407 0.433417
-0.133207 0.580607 0.433423
-0.132932 0.579636 0.433428
-0.132728 0.578846 0.433434
-0.132686 0.578598 0.433437
-0.134248 0.576883 0.433703
-0.134725 0.576263 0.433794
-0.136826 0.574206 0.434160
-0.137441 0.573525 0.434277
-0.139683 0.571430 0.434677
-0.140338 0.570755 0.434801
-0.142615 0.568680 0.435217
-0.143282 0.568020 0.435345
-0.145563 0.565963 0.435774
-0.146234 0.565315 0.435906
-0.149166 0.562741 0.436481
-0.149598 0.562324 0.436568
-0.151615 0.560496 0.436973
-0.152988 0.559169 0.437258
-0.153155 0.558734 0.437286
-0.153228 0.558652 0.437291
-0.153355 0.558240 0.437303
-0.153427 0.558154 0.437309
-0.153564 0.557724 0.437332
-0.153641 0.557632 0.437342
-0.153792 0.557185 0.437375
-0.153873 0.557088 0.437388
-0.154035 0.556630 0.437429
-0.154848 0.555773 0.437608
-0.155612 0.554938 0.437787
-0.156180 0.554373 0.437914
-0.157362 0.553239 0.438177
-0.158369 0.552246 0.438413
-0.159102 0.551599 0.438578
-0.160389 0.550423 0.438871
-0.161470 0.549414 0.439128
-0.162256 0.548769 0.439309
-0.163575 0.547597 0.439616
-0.164679 0.546597 0.439883
-0.166181 0.545177 0.440251
-0.167458 0.544124 0.440561
-0.168341 0.543391 0.440778
-0.169693 0.542137 0.441116
-0.170813 0.541080 0.441406
-0.171631 0.540416 0.441609
-0.172944 0.539213 0.441943
-0.174041 0.538190 0.442233
-0.174848 0.537551 0.442436
-0.176146 0.536358 0.442774
-0.177235 0.535340 0.443068
-0.178038 0.534705 0.443275
-0.179326 0.533508 0.443621
-0.180407 0.532483 0.443921
-0.181851 0.531009 0.444331
-0.183024 0.529798 0.444675
-0.183878 0.529036 0.444915
-0.185176 0.527738 0.445290
-0.186255 0.526637 0.445611
-0.187614 0.525550 0.445993
-0.188013 0.525218 0.446106
-0.188625 0.524890 0.446252
-0.188824 0.524725 0.446301
-0.189206 0.524535 0.446375
-0.189338 0.524388 0.446404
-0.189636 0.524194 0.446455
-0.189742 0.524035 0.446477
-0.190004 0.523812 0.446520
-0.190097 0.523640 0.446540
-0.190844 0.522626 0.446769
-0.191598 0.521767 0.446992
-0.192129 0.521111 0.447150
-0.193160 0.519799 0.447474
-0.194104 0.518761 0.447761
-0.194765 0.518002 0.447963
-0.195877 0.516629 0.448320
-0.196878 0.515559 0.448630
-0.197581 0.514787 0.448848
-0.198715 0.513404 0.449218
-0.199730 0.512332 0.449538
-0.200448 0.511562 0.449763
-0.201582 0.510176 0.450141
-0.202599 0.509103 0.450467
-0.203320 0.508334 0.450697
-0.204447 0.506944 0.451080
-0.205458 0.505866 0.451411
-0.206679 0.504611 0.451805
-0.207099 0.504328 0.451921
-0.207662 0.503874 0.452070
-0.207902 0.503773 0.452119
-0.208447 0.503372 0.452231
-0.208613 0.502966 0.452274
-0.208607 0.502401 0.452291
-0.208508 0.501793 0.452291
-0.208368 0.501155 0.452285
-0.208206 0.500501 0.452276
-0.208032 0.499838 0.452265
-0.207851 0.499170 0.452252
-0.207704 0.498580 0.452242
-0.207499 0.497858 0.452226
-0.207338 0.497251 0.452214
-0.207122 0.496518 0.452197
-0.206955 0.495905 0.452183
-0.206779 0.495256 0.452170
-0.206548 0.494502 0.452150
-0.206330 0.493794 0.452131
-0.206121 0.493101 0.452112
-0.205958 0.492497 0.452100
-0.205784 0.491851 0.452086
-0.205741 0.491637 0.452083
-0.206807 0.489584 0.452505
-0.207144 0.488849 0.452645
-0.208628 0.486276 0.453232
-0.209083 0.485426 0.453419
-0.209954 0.483926 0.453767
-0.211184 0.481760 0.454270
-0.212067 0.480279 0.454631
-0.213320 0.478145 0.455151
-0.214205 0.476673 0.455519
-0.216211 0.473507 0.456366
-0.216490 0.472891 0.456489
-0.216489 0.472323 0.456518
-0.216376 0.471742 0.456515
-0.216221 0.471126 0.456502
-0.216048 0.470491 0.456486
-0.215866 0.469846 0.456468
-0.215646 0.469135 0.456445
-0.215506 0.468591 0.456431
-0.215347 0.467984 0.456416
-0.215131 0.467268 0.456393
-0.214962 0.466671 0.456376
-0.214741 0.465954 0.456353
-0.214569 0.465355 0.456335
-0.214389 0.464722 0.456317
-0.214247 0.464184 0.456303
-0.213990 0.463373 0.456276
-0.213797 0.462745 0.456255
-0.213603 0.462096 0.456235
-0.213361 0.461351 0.456209
-0.213177 0.460740 0.456189
-0.212988 0.460097 0.456170
-0.212748 0.459356 0.456144
-0.212484 0.458597 0.456115
-0.212324 0.458034 0.456099
-0.212193 0.457517 0.456087
-0.211992 0.456812 0.456067
-0.211784 0.456134 0.456046
-0.211528 0.455372 0.456019
-0.211293 0.454667 0.455993
-0.211071 0.453981 0.455970
-0.210897 0.453384 0.455953
-0.210711 0.452745 0.455935
-0.210515 0.452090 0.455915
-0.210362 0.451540 0.455901
-0.210090 0.450710 0.455873
-0.209841 0.449982 0.455847
-0.209653 0.449367 0.455828
-0.209458 0.448717 0.455809
-0.209256 0.448055 0.455789
-0.209002 0.447295 0.455763
-0.208810 0.446671 0.455744
-0.208611 0.446016 0.455724
-0.208359 0.445259 0.455699
-0.208167 0.444635 0.455680
-0.207968 0.443979 0.455661
-0.207716 0.443220 0.455635
-0.207478 0.442509 0.455611
-0.207252 0.441814 0.455588
-0.207071 0.441208 0.455571
-0.206878 0.440559 0.455553
-0.206675 0.439893 0.455534
-0.206466 0.439219 0.455515
-0.206205 0.438447 0.455489
-0.206007 0.437814 0.455470
-0.205757 0.437059 0.455445
-0.205563 0.436432 0.455427
-0.205361 0.435770 0.455408
-0.205152 0.435095 0.455389
-0.204807 0.434182 0.455353
-0.204565 0.433475 0.455328
-0.204335 0.432774 0.455306
-0.204080 0.432027 0.455281
-0.203872 0.431364 0.455261
-0.203628 0.430631 0.455237
-0.203423 0.429971 0.455219
-0.203388 0.429796 0.455216
-0.203404 0.429358 0.455205
-0.203375 0.429053 0.455205
-0.203457 0.428802 0.455202
-0.203454 0.428514 0.455205
-0.203588 0.428272 0.455208
-0.203593 0.428132 0.455210
-0.203750 0.427818 0.455219
-0.203757 0.427673 0.455222
-0.203918 0.427352 0.455231
-0.203926 0.427076 0.455237
-0.204080 0.426852 0.455243
-0.204088 0.426714 0.455246
-0.204258 0.426409 0.455256
-0.204268 0.426136 0.455262
-0.204406 0.425933 0.455267
-0.204421 0.425567 0.455274
-0.204605 0.425419 0.455282
-0.204936 0.425534 0.455304
-0.205321 0.425727 0.455332
-0.205731 0.425949 0.455362
-0.206114 0.426154 0.455389
-0.206566 0.426409 0.455423
-0.206969 0.426628 0.455452
-0.207392 0.426860 0.455481
-0.207828 0.427101 0.455512
-0.208318 0.427378 0.455548
-0.208791 0.427640 0.455581
-0.209213 0.427864 0.455608
-0.209658 0.428103 0.455636
-0.210115 0.428349 0.455664
-0.210581 0.428600 0.455693
-0.211054 0.428853 0.455721
-0.211533 0.429109 0.455749
-0.212069 0.429400 0.455782
-0.212584 0.429674 0.455811
-0.212924 0.429835 0.455825
-0.213397 0.430076 0.455847
-0.213808 0.430282 0.455865
-0.214338 0.430558 0.455891
-0.214780 0.430781 0.455911
-0.215251 0.431019 0.455931
-0.215833 0.431322 0.455958
-0.216305 0.431559 0.455977
-0.216895 0.431861 0.456001
-0.217376 0.432098 0.456019
-0.217976 0.432400 0.456042
-0.218465 0.432639 0.456058
-0.219077 0.432943 0.456078
-0.219577 0.433183 0.456093
-0.220102 0.433433 0.456106
-0.220748 0.433750 0.456125
-0.221269 0.433997 0.456137
-0.221815 0.434253 0.456148
-0.222484 0.434575 0.456163
-0.223023 0.434825 0.456172
-0.223693 0.435142 0.456184
-0.224341 0.435444 0.456194
-0.224877 0.435684 0.456199
-0.225551 0.435993 0.456205
-0.226209 0.436293 0.456210
-0.226860 0.436585 0.456213
-0.227405 0.436821 0.456213
-0.228097 0.437128 0.456213
-0.228666 0.437372 0.456211
-0.229267 0.437629 0.456208
-0.230009 0.437955 0.456204
-0.230726 0.438266 0.456198
-0.231316 0.438511 0.456190
-0.231939 0.438768 0.456181
-0.232586 0.439035 0.456170
-0.233250 0.439309 0.456158
-0.234059 0.439649 0.456143
-0.234707 0.439911 0.456127
-0.235379 0.440178 0.456109
-0.236204 0.440514 0.456087
-0.236866 0.440773 0.456066
-0.237555 0.441039 0.456043
-0.238262 0.441312 0.456017
-0.239126 0.441651 0.455986
-0.239952 0.441970 0.455952
-0.240758 0.442274 0.455916
-0.241425 0.442516 0.455883
-0.242267 0.442828 0.455842
-0.242955 0.443074 0.455806
-0.243677 0.443332 0.455766
-0.244425 0.443598 0.455724
-0.245342 0.443931 0.455672
-0.246077 0.444186 0.455626
-0.246991 0.444508 0.455568
-0.247729 0.444757 0.455517
-0.248499 0.445015 0.455463
-0.249291 0.445280 0.455407
-0.250261 0.445610 0.455335
-0.251037 0.445862 0.455275
-0.251840 0.446120 0.455210
-0.252665 0.446384 0.455142
-0.253505 0.446651 0.455071
-0.254358 0.446919 0.454997
-0.255223 0.447188 0.454920
-0.256270 0.447517 0.454824
-0.257101 0.447767 0.454743
-0.258128 0.448076 0.454641
-0.258952 0.448315 0.454556
-0.259977 0.448616 0.454449
-0.260803 0.448849 0.454359
-0.261835 0.449144 0.454246
-0.262669 0.449374 0.454152
-0.263711 0.449664 0.454033
-0.264721 0.449942 0.453913
-0.265550 0.450159 0.453812
-0.266421 0.450386 0.453706
-0.267500 0.450673 0.453573
-0.268543 0.450946 0.453439
-0.269396 0.451158 0.453327
-0.270468 0.451429 0.453185
-0.271338 0.451641 0.453067
-0.272429 0.451910 0.452918
-0.273312 0.452119 0.452794
-0.274234 0.452335 0.452665
-0.275183 0.452557 0.452530
-0.276346 0.452832 0.452361
-0.277459 0.453088 0.452194
-0.278363 0.453286 0.452055
-0.278873 0.453389 0.451977
-0.279441 0.452403 0.452113
-0.280076 0.451561 0.452228
-0.281696 0.448863 0.452661
-0.282371 0.448194 0.452774
-0.284060 0.445710 0.453205
-0.286700 0.444715 0.453423
-0.288416 0.445257 0.453280
-0.289816 0.445778 0.453080
-0.291056 0.446192 0.452871
-0.292019 0.446470 0.452700
-0.292509 0.445471 0.452837
-0.293543 0.444102 0.453014
-0.294216 0.442758 0.453219
-0.295966 0.440742 0.453521
-0.296639 0.439512 0.453717
-0.298831 0.437536 0.454017
-0.300583 0.437794 0.453877
-0.301747 0.438189 0.453682
-0.302846 0.438546 0.453471
-0.304116 0.438924 0.453209
-0.305091 0.439179 0.453002
-0.306269 0.439465 0.452751
-0.307199 0.439669 0.452552
-0.308342 0.439908 0.452310
-0.309433 0.440124 0.452077
-0.310321 0.440286 0.451889
-0.311431 0.440487 0.451657
-0.312506 0.440673 0.451427
-0.313389 0.440817 0.451237
-0.314503 0.440998 0.450997
-0.315415 0.441133 0.450790
-0.316566 0.441300 0.450519
-0.317522 0.441417 0.450262
-0.318091 0.441470 0.450091
-0.318591 0.440419 0.450169
-0.319144 0.439502 0.450276
-0.320436 0.436583 0.450730
-0.322177 0.435058 0.450957
-0.323468 0.435154 0.450815
-0.324631 0.435441 0.450586
-0.325958 0.435771 0.450277
-0.326984 0.435977 0.450013
-0.328234 0.436202 0.449675
-0.329258 0.436321 0.449359
-0.330359 0.436422 0.448999
-0.331596 0.436449 0.448553
-0.333177 0.436482 0.447911
-0.335114 0.436138 0.446913
-0.336780 0.435826 0.446011
-0.338812 0.435242 0.444894
-0.340669 0.434670 0.443953
-0.342905 0.434466 0.442836
-0.343754 0.434137 0.442226
-0.345662 0.431337 0.441630
-0.345393 0.431585 0.442405
-0.344960 0.430288 0.443926
-0.343521 0.430355 0.446043
-0.343132 0.430751 0.446640
-0.343263 0.430959 0.446786
-0.343475 0.429906 0.446971
-0.343883 0.428513 0.447328
-0.344121 0.427145 0.447626
-0.344841 0.424864 0.448206
-0.345324 0.424864 0.448268
-0.345875 0.425145 0.448181
-0.346587 0.425482 0.448010
-0.347184 0.425701 0.447850
-0.347820 0.425891 0.447679
-0.348586 0.426097 0.447470
-0.349304 0.426267 0.447269
-0.350006 0.426408 0.447075
-0.350707 0.426532 0.446884
-0.351313 0.426614 0.446723
-0.351967 0.426698 0.446553
-0.352646 0.426783 0.446374
-0.353467 0.426875 0.446144
-0.354163 0.426926 0.445934
-0.355037 0.426975 0.445666
-0.355792 0.426982 0.445416
-0.356774 0.426961 0.445106
-0.357637 0.426915 0.444775
-0.358819 0.426858 0.444332
-0.360082 0.426661 0.443830
-0.361101 0.426561 0.443403
-0.362447 0.426324 0.442809
-0.363622 0.426288 0.442236
-0.365369 0.425805 0.441499
-0.366565 0.425630 0.441009
-0.367997 0.425113 0.440427
-0.368925 0.425143 0.440174
-0.370318 0.424641 0.439566
-0.371543 0.424715 0.439293
-0.374052 0.423527 0.438270
-0.373891 0.424997 0.438664
-0.379408 0.421435 0.435490
-0.375293 0.425926 0.438709
-0.385494 0.418536 0.432711
-0.376411 0.427253 0.438752
-0.388537 0.417269 0.430597
-0.379474 0.426776 0.437236
-0.394914 0.414792 0.428616
-0.382988 0.426869 0.436207
