-0.080732 0.886042 0.407062
-0.082058 0.886026 0.406986
-0.082454 0.886006 0.406961
-0.083673 0.885869 0.406902
-0.084252 0.885839 0.406864
-0.084326 0.885819 0.406861
-0.084559 0.885784 0.406848
-0.084939 0.885697 0.406835
-0.085932 0.885245 0.406830
-0.086831 0.884814 0.406844
-0.087938 0.884185 0.406916
-0.088171 0.883940 0.406967
-0.088759 0.883257 0.407124
-0.088764 0.883123 0.407159
-0.089063 0.882866 0.407202
-0.089188 0.882637 0.407247
-0.089531 0.882434 0.407269
-0.089700 0.882247 0.407296
-0.090189 0.882018 0.407308
-0.090268 0.881943 0.407316
-0.090888 0.881695 0.407315
-0.090950 0.881634 0.407319
-0.091365 0.881500 0.407308
-0.091507 0.881427 0.407308
-0.092151 0.881236 0.407288
-0.092261 0.881173 0.407288
-0.092732 0.881040 0.407270
-0.092891 0.880969 0.407267
-0.093887 0.880462 0.407267
-0.094944 0.879986 0.407273
-0.095628 0.879594 0.407307
-0.096889 0.878830 0.407360
-0.098060 0.878146 0.407424
-0.098767 0.877582 0.407512
-0.100002 0.876665 0.407620
-0.101118 0.875849 0.407733
-0.102002 0.874608 0.408001
-0.102183 0.874114 0.408124
-0.101773 0.872579 0.408546
-0.101705 0.872264 0.408622
-0.101203 0.871164 0.408885
-0.101192 0.870925 0.408931
-0.101069 0.870251 0.409061
-0.101190 0.869867 0.409119
-0.101180 0.869503 0.409178
-0.101401 0.869174 0.409213
-0.101469 0.868861 0.409254
-0.101821 0.868465 0.409284
-0.101865 0.868335 0.409297
-0.102310 0.867980 0.409309
-0.102408 0.867756 0.409326
-0.102849 0.867462 0.409323
-0.102925 0.867360 0.409327
-0.103460 0.867077 0.409313
-0.103554 0.866980 0.409314
-0.103994 0.866782 0.409297
-0.104146 0.866677 0.409295
-0.104803 0.866405 0.409266
-0.104921 0.866314 0.409263
-0.105398 0.866129 0.409238
-0.105565 0.866029 0.409232
-0.106259 0.865771 0.409191
-0.106387 0.865684 0.409185
-0.107037 0.865444 0.409141
-0.107162 0.865360 0.409134
-0.108120 0.864782 0.409138
-0.109146 0.864239 0.409146
-0.109811 0.863788 0.409181
-0.111038 0.862923 0.409243
-0.112166 0.862150 0.409314
-0.113214 0.860572 0.409613
-0.113326 0.860187 0.409698
-0.113236 0.859207 0.409924
-0.113262 0.858929 0.409978
-0.112942 0.857775 0.410205
-0.112475 0.857014 0.410346
-0.111817 0.856007 0.410516
-0.111372 0.855244 0.410631
-0.110903 0.854397 0.410751
-0.110574 0.853720 0.410839
-0.110268 0.853052 0.410924
-0.109976 0.852387 0.411007
-0.109759 0.851839 0.411074
-0.109470 0.851147 0.411160
-0.109119 0.850349 0.411259
-0.108917 0.849804 0.411323
-0.108646 0.849108 0.411408
-0.108374 0.848412 0.411492
-0.108044 0.847598 0.411590
-0.107794 0.846919 0.411669
-0.107546 0.846226 0.411750
-0.107509 0.846067 0.411767
-0.109060 0.844758 0.411810
-0.109601 0.844251 0.411853
-0.110777 0.843302 0.411908
-0.111712 0.842437 0.411989
-0.112658 0.841173 0.412187
-0.112766 0.840666 0.412295
-0.112944 0.839827 0.412470
-0.112907 0.839450 0.412553
-0.113002 0.838787 0.412676
-0.112977 0.838474 0.412735
-0.113078 0.837490 0.412892
-0.113027 0.837264 0.412929
-0.113243 0.836664 0.412990
-0.113255 0.836464 0.413013
-0.113634 0.835808 0.413052
-0.113656 0.835644 0.413066
-0.114119 0.835088 0.413070
-0.114163 0.834943 0.413077
-0.114529 0.834651 0.413063
-0.114740 0.834347 0.413066
-0.115265 0.833971 0.413037
-0.115367 0.833833 0.413035
-0.115457 0.833657 0.413037
-0.115989 0.833189 0.413012
-0.116086 0.833026 0.413012
-0.116735 0.832482 0.412968
-0.116813 0.832338 0.412965
-0.117370 0.831932 0.412918
-0.117483 0.831784 0.412910
-0.117948 0.831489 0.412869
-0.118118 0.831325 0.412857
-0.119075 0.830613 0.412853
-0.120083 0.829956 0.412852
-0.120738 0.829408 0.412882
-0.121932 0.828407 0.412937
-0.123028 0.827528 0.413001
-0.124071 0.825778 0.413297
-0.124191 0.825372 0.413378
-0.124039 0.824085 0.413655
-0.124066 0.823832 0.413695
-0.123989 0.822909 0.413838
-0.124071 0.822716 0.413853
-0.124227 0.822293 0.413886
-0.124546 0.821935 0.413891
-0.124732 0.821427 0.413916
-0.124894 0.821273 0.413909
-0.125247 0.820780 0.413905
-0.125442 0.820634 0.413892
-0.125785 0.820297 0.413874
-0.126252 0.820011 0.413835
-0.126543 0.819709 0.413813
-0.127149 0.819339 0.413748
-0.127508 0.818673 0.413687
-0.127561 0.818055 0.413669
-0.127523 0.817364 0.413676
-0.127435 0.816619 0.413684
-0.127332 0.815828 0.413678
-0.127257 0.815142 0.413668
-0.128041 0.814409 0.413677
-0.129148 0.813141 0.413775
-0.130836 0.811246 0.413991
-0.130196 0.808674 0.414760
-0.129297 0.807603 0.415104
-0.128703 0.806600 0.415360
-0.128054 0.805532 0.415594
-0.127549 0.804589 0.415765
-0.127234 0.803862 0.415874
-0.126953 0.803134 0.415971
-0.126693 0.802399 0.416059
-0.126382 0.801506 0.416158
-0.126104 0.800642 0.416244
-0.125856 0.799791 0.416321
-0.125824 0.799594 0.416336
-0.126067 0.799203 0.416334
-0.126200 0.798792 0.416346
-0.126371 0.798601 0.416338
-0.126726 0.798002 0.416331
-0.126911 0.797833 0.416315
-0.127359 0.797148 0.416280
-0.127533 0.797009 0.416253
-0.127846 0.796667 0.416207
-0.128282 0.796389 0.416130
-0.128418 0.796250 0.416094
-0.129305 0.795543 0.416076
-0.130062 0.795033 0.416049
-0.130018 0.794758 0.416041
-0.130020 0.794665 0.416048
-0.130037 0.794339 0.416105
-0.130092 0.794275 0.416115
-0.130120 0.794142 0.416137
-0.130199 0.794106 0.416136
-0.130217 0.794009 0.416141
-0.130322 0.793978 0.416130
-0.130305 0.793964 0.416118
-0.130476 0.793916 0.416096
-0.130437 0.793946 0.416059
-0.130534 0.793934 0.416044
-0.130574 0.793914 0.416005
-0.130652 0.793920 0.415985
-0.130727 0.793894 0.415941
-0.130755 0.793955 0.415895
-0.130790 0.793959 0.415857
-0.130849 0.793972 0.415840
-0.130938 0.793956 0.415794
-0.130966 0.794002 0.415760
-0.131020 0.794048 0.415695
-0.131144 0.794062 0.415654
-0.131875 0.793571 0.415634
-0.131146 0.793887 0.415577
-0.131614 0.793486 0.415613
-0.132131 0.793020 0.415652
-0.131436 0.793208 0.415640
-0.132283 0.792326 0.415872
-0.131010 0.792866 0.415855
-0.134223 0.790743 0.416240
-0.129874 0.792965 0.416085
-0.134980 0.789885 0.416502
-0.130685 0.792209 0.416254
-0.134393 0.789888 0.416622
-0.130224 0.792255 0.416340
-0.136364 0.788873 0.416774
-0.125853 0.794221 0.416235
-0.136038 0.788907 0.416763
-0.132378 0.791248 0.416366
-0.124660 0.794476 0.416370
-0.130372 0.791387 0.416691
-0.136307 0.788693 0.416933
-0.131205 0.791584 0.416604
-0.132037 0.790871 0.416775
-0.130470 0.791646 0.416735
-0.134954 0.789304 0.416931
-0.130710 0.791774 0.416574
-0.133908 0.789918 0.416779
-0.130042 0.792125 0.416540
-0.138772 0.787581 0.416956
-0.116289 0.804023 0.415454
-0.142901 0.790491 0.417947
-0.121542 0.800772 0.416158
-0.148800 0.786419 0.417892
-0.123616 0.799252 0.415538
-0.149834 0.786086 0.417135
-0.143642 0.789461 0.416530
-0.124116 0.797966 0.415791
-0.153265 0.783276 0.417330
-0.130888 0.795414 0.414750
-0.146612 0.786370 0.416908
-0.124706 0.796798 0.415697
-0.150298 0.783796 0.417261
-0.130945 0.793542 0.415469
-0.141581 0.786986 0.417025
-0.127099 0.794294 0.416177
-0.134539 0.789884 0.416662
-0.133832 0.790475 0.416515
-0.128858 0.791514 0.416628
-0.150928 0.778350 0.418737
-0.130468 0.789198 0.416637
-0.139999 0.782785 0.418410
-0.124197 0.790117 0.417112
-0.147972 0.776909 0.419678
-0.127933 0.787572 0.417522
-0.146444 0.776458 0.419847
-0.126086 0.787593 0.417329
-0.145210 0.776338 0.419845
-0.124712 0.787843 0.417221
-0.143785 0.776307 0.419974
-0.123213 0.787601 0.417621
-0.142080 0.776083 0.420145
-0.123046 0.786500 0.418027
-0.140495 0.775670 0.420295
-0.121101 0.786661 0.417835
-0.138787 0.775589 0.420378
-0.122482 0.784366 0.418606
-0.127622 0.780869 0.419198
-0.135607 0.775938 0.420174
-0.131240 0.778197 0.419754
-0.122700 0.781111 0.419400
-0.138334 0.770945 0.421357
-0.119843 0.780714 0.419160
-0.137032 0.769683 0.421690
-0.117937 0.780735 0.418945
-0.135131 0.769634 0.421749
-0.115778 0.780016 0.419368
-0.131807 0.770127 0.421617
-0.113227 0.779216 0.419456
-0.129569 0.769567 0.421695
-0.119386 0.773859 0.420760
-0.129830 0.767347 0.422174
-0.116791 0.774035 0.420531
-0.127320 0.767689 0.421982
-0.126226 0.767448 0.422068
-0.127036 0.766227 0.422286
-0.125531 0.766497 0.422185
-0.126097 0.765462 0.422367
-0.125237 0.765375 0.422352
-0.124827 0.764899 0.422414
-0.124181 0.764592 0.422444
-0.123601 0.764366 0.422463
-0.122909 0.764166 0.422474
-0.122067 0.763928 0.422481
-0.122894 0.763227 0.422546
-0.123794 0.762261 0.422666
-0.124792 0.761340 0.422770
-0.125730 0.759562 0.423007
-0.124474 0.759241 0.422999
-0.123703 0.758761 0.423046
-0.122670 0.758396 0.423055
-0.121715 0.758140 0.423042
-0.120801 0.757948 0.423019
-0.120030 0.757821 0.422993
-0.119117 0.757651 0.422958
-0.118263 0.757489 0.422923
-0.116791 0.757070 0.422853
-0.116258 0.757064 0.422828
-0.116070 0.757065 0.422820
-0.117550 0.755841 0.422978
-0.117819 0.755473 0.423027
-0.119669 0.753816 0.423257
-0.119877 0.752354 0.423404
-0.119008 0.751983 0.423364
-0.117970 0.751694 0.423291
-0.117170 0.751530 0.423232
-0.116266 0.751337 0.423161
-0.116037 0.751312 0.423145
-0.117468 0.750041 0.423324
-0.117720 0.749655 0.423374
-0.119563 0.747967 0.423631
-0.119887 0.746638 0.423761
-0.118919 0.746093 0.423691
-0.118089 0.745866 0.423612
-0.117175 0.745643 0.423519
-0.116365 0.745464 0.423438
-0.115690 0.745345 0.423372
-0.114831 0.745146 0.423286
-0.114450 0.745108 0.423251
-0.115260 0.744423 0.423360
-0.116208 0.743465 0.423518
-0.117297 0.742532 0.423679
-0.118714 0.740661 0.423950
-0.117993 0.740026 0.423884
-0.117137 0.739739 0.423775
-0.116358 0.739546 0.423676
-0.115711 0.739426 0.423598
-0.115042 0.739305 0.423518
-0.114292 0.739142 0.423428
-0.113599 0.738992 0.423345
-0.112996 0.738886 0.423273
-0.112358 0.738772 0.423197
-0.111306 0.738363 0.423055
-0.111728 0.738352 0.423101
-0.112726 0.737713 0.423249
-0.113661 0.737093 0.423396
-0.115176 0.736014 0.423636
-0.116517 0.735145 0.423851
-0.117862 0.733976 0.424088
-0.118259 0.733607 0.424157
-0.118678 0.732977 0.424236
-0.119009 0.732578 0.424289
-0.119130 0.732188 0.424317
-0.119432 0.731820 0.424364
-0.119476 0.731667 0.424374
-0.119751 0.731403 0.424415
-0.119847 0.730751 0.424463
-0.119382 0.729665 0.424478
-0.119361 0.729319 0.424489
-0.119292 0.728895 0.424498
-0.119215 0.728477 0.424506
-0.120117 0.727700 0.424660
-0.121453 0.726380 0.424913
-0.122647 0.725293 0.425131
-0.124608 0.722647 0.425558
-0.124356 0.721244 0.425576
-0.124025 0.720413 0.425555
-0.123733 0.719655 0.425540
-0.123474 0.718934 0.425532
-0.123172 0.718118 0.425525
-0.122856 0.717281 0.425520
-0.122691 0.716712 0.425522
-0.122468 0.715996 0.425524
-0.122298 0.715403 0.425527
-0.122068 0.714670 0.425530
-0.121895 0.714068 0.425534
-0.121662 0.713328 0.425537
-0.121437 0.712620 0.425539
-0.121220 0.711925 0.425542
-0.121058 0.711336 0.425546
-0.120832 0.710602 0.425549
-0.120660 0.709996 0.425552
-0.120427 0.709249 0.425555
-0.120252 0.708635 0.425558
-0.120016 0.707881 0.425561
-0.119840 0.707264 0.425565
-0.119603 0.706505 0.425567
-0.119374 0.705780 0.425569
-0.119204 0.705171 0.425573
-0.119025 0.704525 0.425577
-0.118780 0.703746 0.425580
-0.118702 0.703384 0.425584
-0.119598 0.702558 0.425742
-0.120439 0.701752 0.425901
-0.123006 0.699459 0.426382
-0.124258 0.696988 0.426688
-0.124020 0.696004 0.426675
-0.123645 0.695045 0.426639
-0.123399 0.694343 0.426620
-0.123176 0.693644 0.426609
-0.122906 0.692831 0.426600
-0.122716 0.692185 0.426597
-0.122529 0.691515 0.426597
-0.122283 0.690721 0.426595
-0.122105 0.690081 0.426596
-0.121924 0.689413 0.426598
-0.121682 0.688618 0.426598
-0.121455 0.687868 0.426599
-0.121241 0.687140 0.426599
-0.121081 0.686524 0.426602
-0.120912 0.685867 0.426605
-0.120731 0.685188 0.426607
-0.120542 0.684496 0.426609
-0.120349 0.683796 0.426611
-0.120153 0.683090 0.426613
-0.119956 0.682380 0.426615
-0.119757 0.681666 0.426616
-0.119558 0.680951 0.426618
-0.119358 0.680234 0.426620
-0.119102 0.679394 0.426620
-0.118866 0.678613 0.426619
-0.118696 0.677967 0.426622
-0.118467 0.677171 0.426623
-0.118296 0.676520 0.426625
-0.118118 0.675834 0.426628
-0.117878 0.675013 0.426628
-0.117702 0.674348 0.426630
-0.117468 0.673537 0.426631
-0.117294 0.672875 0.426634
-0.117063 0.672065 0.426635
-0.116890 0.671402 0.426637
-0.116659 0.670590 0.426638
-0.116437 0.669815 0.426639
-0.116273 0.669164 0.426642
-0.116048 0.668358 0.426644
-0.115879 0.667694 0.426646
-0.115650 0.666878 0.426648
-0.115479 0.666209 0.426650
-0.115301 0.665505 0.426653
-0.115060 0.664661 0.426655
-0.114883 0.663979 0.426657
-0.114649 0.663146 0.426659
-0.114475 0.662466 0.426661
-0.114244 0.661634 0.426663
-0.114071 0.660954 0.426665
-0.113893 0.660239 0.426669
-0.113856 0.660018 0.426671
-0.114764 0.659146 0.426829
-0.116116 0.657694 0.427087
-0.117344 0.656581 0.427307
-0.119536 0.653992 0.427742
-0.119610 0.652870 0.427771
-0.119327 0.651880 0.427733
-0.119108 0.651152 0.427709
-0.118903 0.650415 0.427694
-0.118648 0.649551 0.427682
-0.118468 0.648860 0.427678
-0.118342 0.648279 0.427678
-0.119230 0.647459 0.427843
-0.120577 0.646081 0.428113
-0.121804 0.644991 0.428348
-0.123479 0.643316 0.428689
-0.124772 0.642141 0.428943
-0.127078 0.639497 0.429426
-0.127162 0.638275 0.429445
-0.126869 0.637334 0.429388
-0.126708 0.636711 0.429365
-0.126500 0.635930 0.429348
-0.126348 0.635279 0.429341
-0.126192 0.634589 0.429338
-0.126029 0.633879 0.429336
-0.125813 0.633039 0.429333
-0.125657 0.632362 0.429332
-0.125452 0.631540 0.429331
-0.125303 0.630868 0.429332
-0.125148 0.630163 0.429333
-0.124939 0.629323 0.429331
-0.124742 0.628533 0.429330
-0.124557 0.627764 0.429329
-0.124532 0.627565 0.429331
-0.124267 0.627258 0.429305
-0.124173 0.627021 0.429297
-0.123814 0.626637 0.429255
-0.123686 0.626365 0.429242
-0.123277 0.625921 0.429192
-0.123131 0.625624 0.429175
-0.122694 0.625138 0.429119
-0.122537 0.624823 0.429100
-0.122083 0.624308 0.429041
-0.121919 0.623981 0.429021
-0.121455 0.623447 0.428960
-0.121287 0.623112 0.428938
-0.120632 0.622333 0.428849
-0.120493 0.622017 0.428831
-0.120067 0.621507 0.428774
-0.119912 0.621183 0.428753
-0.119465 0.620655 0.428693
-0.119303 0.620323 0.428671
-0.118847 0.619782 0.428609
-0.118682 0.619445 0.428587
-0.118223 0.618894 0.428524
-0.118057 0.618552 0.428502
-0.118843 0.617561 0.428662
-0.119483 0.616730 0.428808
-0.119843 0.616036 0.428896
-0.120959 0.614822 0.429128
-0.121806 0.613851 0.429320
-0.122300 0.613073 0.429436
-0.122483 0.612508 0.429490
-0.122544 0.611545 0.429518
-0.122407 0.611217 0.429498
-0.122138 0.610499 0.429450
-0.121922 0.610232 0.429412
-0.121573 0.609577 0.429347
-0.121340 0.609325 0.429306
-0.122042 0.608416 0.429456
-0.122740 0.607517 0.429612
-0.123065 0.606878 0.429695
-0.124120 0.605725 0.429927
-0.125041 0.604671 0.430137
-0.125511 0.603938 0.430254
-0.126653 0.602722 0.430511
-0.127628 0.601628 0.430737
-0.129121 0.600154 0.431077
-0.131897 0.596706 0.431716
-0.131999 0.595753 0.431703
-0.131879 0.595004 0.431648
-0.131654 0.594085 0.431582
-0.131633 0.593896 0.431577
-0.131746 0.593558 0.431592
-0.131786 0.593334 0.431601
-0.131967 0.592963 0.431635
-0.132026 0.592731 0.431650
-0.132228 0.592355 0.431694
-0.132294 0.592123 0.431713
-0.132505 0.591748 0.431762
-0.132574 0.591517 0.431783
-0.132789 0.591143 0.431836
-0.132860 0.590912 0.431859
-0.133077 0.590540 0.431914
-0.133148 0.590310 0.431938
-0.133367 0.589938 0.431995
-0.133438 0.589708 0.432019
-0.133657 0.589337 0.432078
-0.133729 0.589107 0.432102
-0.133948 0.588736 0.432162
-0.134021 0.588506 0.432187
-0.134938 0.587592 0.432413
-0.135853 0.586805 0.432641
-0.137333 0.585565 0.433006
-0.138548 0.584493 0.433319
-0.139987 0.583291 0.433684
-0.140372 0.582878 0.433784
-0.140931 0.582357 0.433915
-0.141093 0.582107 0.433954
-0.141412 0.581745 0.434021
-0.141512 0.581529 0.434044
-0.141763 0.581194 0.434096
-0.141845 0.580980 0.434117
-0.142075 0.580642 0.434166
-0.142151 0.580426 0.434187
-0.142373 0.580081 0.434239
-0.142447 0.579861 0.434261
-0.142666 0.579510 0.434314
-0.142739 0.579287 0.434337
-0.142956 0.578932 0.434391
-0.143029 0.578707 0.434415
-0.143245 0.578349 0.434471
-0.143317 0.578123 0.434495
-0.143533 0.577763 0.434552
-0.143604 0.577536 0.434576
-0.143820 0.577175 0.434634
-0.143891 0.576948 0.434659
-0.144106 0.576585 0.434717
-0.144178 0.576358 0.434742
-0.144448 0.575883 0.434821
-0.144496 0.575685 0.434842
-0.144687 0.575357 0.434894
-0.144753 0.575139 0.434918
-0.144962 0.574789 0.434974
-0.145032 0.574565 0.434998
-0.145245 0.574208 0.435055
-0.145317 0.573982 0.435080
-0.145530 0.573622 0.435138
-0.145602 0.573395 0.435163
-0.145871 0.572922 0.435241
-0.145919 0.572724 0.435262
-0.146109 0.572397 0.435314
-0.146175 0.572179 0.435338
-0.146382 0.571830 0.435393
-0.146452 0.571606 0.435417
-0.146664 0.571250 0.435473
-0.146734 0.571024 0.435498
-0.146854 0.570818 0.435528
-0.147782 0.569910 0.435761
-0.148634 0.569035 0.435987
-0.150012 0.567683 0.436348
-0.151210 0.566625 0.436664
-0.152022 0.565837 0.436883
-0.153367 0.564544 0.437241
-0.154481 0.563425 0.437549
-0.156011 0.561910 0.437969
-0.157238 0.560644 0.438317
-0.158828 0.559025 0.438765
-0.160151 0.557793 0.439138
-0.161043 0.556898 0.439393
-0.162409 0.555516 0.439782
-0.163590 0.554440 0.440117
-0.164395 0.553648 0.440347
-0.165697 0.552328 0.440724
-0.166775 0.551184 0.441047
-0.168240 0.549624 0.441490
-0.169411 0.548320 0.441859
-0.170784 0.546900 0.442281
-0.171145 0.546440 0.442393
-0.171781 0.545776 0.442554
-0.171870 0.545583 0.442573
-0.172083 0.545311 0.442601
-0.172147 0.545124 0.442608
-0.172332 0.544848 0.442625
-0.172388 0.544655 0.442630
-0.172565 0.544365 0.442645
-0.172620 0.544166 0.442651
-0.172797 0.543864 0.442670
-0.172853 0.543660 0.442677
-0.173031 0.543349 0.442699
-0.173089 0.543140 0.442708
-0.173271 0.542822 0.442734
-0.173330 0.542610 0.442745
-0.173516 0.542287 0.442775
-0.173577 0.542073 0.442788
-0.173767 0.541746 0.442822
-0.173830 0.541530 0.442836
-0.174024 0.541199 0.442874
-0.174090 0.540981 0.442890
-0.174288 0.540648 0.442930
-0.174356 0.540429 0.442948
-0.174558 0.540093 0.442992
-0.174627 0.539873 0.443011
-0.174833 0.539536 0.443057
-0.174905 0.539315 0.443078
-0.175114 0.538975 0.443127
-0.175188 0.538753 0.443149
-0.175401 0.538413 0.443200
-0.175476 0.538190 0.443224
-0.175693 0.537848 0.443277
-0.175769 0.537625 0.443301
-0.175989 0.537282 0.443356
-0.176068 0.537058 0.443381
-0.176291 0.536714 0.443437
-0.176371 0.536490 0.443463
-0.176597 0.536146 0.443521
-0.176679 0.535921 0.443548
-0.176908 0.535577 0.443607
-0.176991 0.535352 0.443634
-0.177117 0.535153 0.443666
-0.177945 0.534170 0.443922
-0.178707 0.533218 0.444170
-0.179281 0.532569 0.444350
-0.180395 0.531306 0.444705
-0.181345 0.530186 0.445020
-0.182044 0.529440 0.445245
-0.182536 0.528849 0.445406
-0.182935 0.528439 0.445525
-0.183433 0.527785 0.445679
-0.183635 0.527598 0.445731
-0.183916 0.527168 0.445809
-0.184059 0.527032 0.445842
-0.184273 0.526648 0.445898
-0.184397 0.526521 0.445925
-0.184587 0.526141 0.445974
-0.184703 0.526012 0.445998
-0.184883 0.525628 0.446045
-0.184996 0.525497 0.446068
-0.185170 0.525108 0.446113
-0.185281 0.524975 0.446135
-0.185495 0.524458 0.446195
-0.185587 0.524358 0.446213
-0.185740 0.524004 0.446252
-0.185846 0.523881 0.446272
-0.186011 0.523501 0.446313
-0.186120 0.523371 0.446334
-0.186329 0.522857 0.446389
-0.186420 0.522759 0.446406
-0.186572 0.522406 0.446444
-0.186677 0.522284 0.446462
-0.186841 0.521906 0.446501
-0.186949 0.521777 0.446521
-0.187116 0.521390 0.446560
-0.187224 0.521259 0.446579
-0.187392 0.520869 0.446618
-0.187500 0.520737 0.446637
-0.187667 0.520346 0.446676
-0.187775 0.520213 0.446694
-0.187942 0.519822 0.446732
-0.188051 0.519690 0.446751
-0.188217 0.519298 0.446789
-0.188326 0.519166 0.446807
-0.188492 0.518775 0.446844
-0.188601 0.518643 0.446862
-0.188768 0.518252 0.446898
-0.188876 0.518120 0.446916
-0.189084 0.517605 0.446965
-0.189176 0.517507 0.446979
-0.189327 0.517157 0.447011
-0.189432 0.517037 0.447027
-0.189596 0.516663 0.447061
-0.189703 0.516536 0.447077
-0.190468 0.515576 0.447310
-0.191179 0.514641 0.447535
-0.191722 0.514019 0.447695
-0.192769 0.512752 0.448025
-0.193667 0.511632 0.448317
-0.194339 0.510905 0.448522
-0.195466 0.509575 0.448885
-0.196419 0.508420 0.449200
-0.197708 0.506791 0.449638
-0.198759 0.505441 0.450004
-0.199534 0.504573 0.450258
-0.200707 0.503144 0.450659
-0.201686 0.501925 0.451000
-0.202420 0.501146 0.451239
-0.203557 0.499770 0.451632
-0.204514 0.498584 0.451970
-0.205236 0.497829 0.452206
-0.205757 0.497254 0.452374
-0.206189 0.496883 0.452495
-0.206753 0.496318 0.452650
-0.206987 0.496184 0.452699
-0.207321 0.495845 0.452771
-0.207488 0.495756 0.452797
-0.207740 0.495449 0.452841
-0.207881 0.495361 0.452859
-0.208097 0.495045 0.452892
-0.208754 0.494028 0.453130
-0.209367 0.493032 0.453360
-0.209844 0.492367 0.453519
-0.210767 0.491019 0.453858
-0.211561 0.489821 0.454156
-0.212599 0.488555 0.454507
-0.212907 0.488140 0.454609
-0.213408 0.487685 0.454737
-0.213572 0.487464 0.454777
-0.213905 0.487197 0.454834
-0.214020 0.487017 0.454855
-0.214294 0.486782 0.454889
-0.214389 0.486604 0.454903
-0.214637 0.486366 0.454928
-0.214724 0.486184 0.454939
-0.214960 0.485937 0.454960
-0.215042 0.485751 0.454970
-0.215271 0.485497 0.454988
-0.215351 0.485308 0.454997
-0.215577 0.485050 0.455014
-0.215655 0.484859 0.455022
-0.215878 0.484598 0.455037
-0.215956 0.484406 0.455045
-0.216179 0.484144 0.455060
-0.216256 0.483952 0.455067
-0.216478 0.483689 0.455081
-0.216556 0.483497 0.455088
-0.216778 0.483234 0.455102
-0.216855 0.483042 0.455108
-0.217078 0.482779 0.455121
-0.217155 0.482587 0.455127
-0.217378 0.482325 0.455139
-0.217456 0.482134 0.455145
-0.217680 0.481873 0.455157
-0.217758 0.481682 0.455163
-0.217982 0.481421 0.455173
-0.218060 0.481231 0.455179
-0.218285 0.480971 0.455189
-0.218364 0.480781 0.455194
-0.218589 0.480523 0.455204
-0.218668 0.480333 0.455209
-0.218895 0.480075 0.455218
-0.218974 0.479886 0.455223
-0.219201 0.479629 0.455231
-0.219281 0.479440 0.455236
-0.219509 0.479184 0.455244
-0.219589 0.478996 0.455248
-0.219818 0.478741 0.455256
-0.219898 0.478553 0.455260
-0.220128 0.478299 0.455267
-0.220208 0.478111 0.455271
-0.220439 0.477859 0.455277
-0.220520 0.477671 0.455281
-0.220752 0.477419 0.455286
-0.220833 0.477232 0.455290
-0.221066 0.476981 0.455295
-0.221148 0.476795 0.455299
-0.221382 0.476545 0.455303
-0.221464 0.476358 0.455307
-0.221699 0.476109 0.455311
-0.221782 0.475923 0.455314
-0.222018 0.475675 0.455317
-0.222101 0.475490 0.455320
-0.222338 0.475243 0.455323
-0.222422 0.475057 0.455326
-0.222660 0.474811 0.455328
-0.222745 0.474626 0.455331
-0.222984 0.474381 0.455332
-0.223069 0.474197 0.455335
-0.223309 0.473952 0.455336
-0.223395 0.473768 0.455338
-0.223637 0.473525 0.455339
-0.223723 0.473341 0.455341
-0.223966 0.473098 0.455341
-0.224053 0.472915 0.455343
-0.224298 0.472673 0.455343
-0.224385 0.472490 0.455344
-0.224631 0.472249 0.455344
-0.224719 0.472066 0.455345
-0.224967 0.471826 0.455344
-0.225056 0.471644 0.455345
-0.225475 0.471315 0.455341
-0.225924 0.471329 0.455337
-0.226520 0.471492 0.455340
-0.227030 0.471659 0.455345
-0.227581 0.471854 0.455352
-0.228155 0.472069 0.455360
-0.228853 0.472349 0.455371
-0.229415 0.472565 0.455377
-0.230110 0.472843 0.455385
-0.230270 0.472896 0.455384
-0.231548 0.471185 0.455775
-0.232480 0.470473 0.455990
-0.233292 0.469375 0.456252
-0.235546 0.467595 0.456825
-0.236714 0.467739 0.456958
-0.237759 0.468196 0.456996
-0.238611 0.468591 0.457000
-0.239201 0.467662 0.457202
-0.240324 0.466386 0.457514
-0.241158 0.465127 0.457801
-0.243434 0.463073 0.458402
-0.244977 0.463306 0.458541
-0.245397 0.463468 0.458541
-0.246021 0.462540 0.458743
-0.247919 0.460894 0.459190
-0.248981 0.460976 0.459263
-0.249833 0.461288 0.459255
-0.250750 0.461669 0.459218
-0.251438 0.461937 0.459181
-0.252256 0.462251 0.459132
-0.253022 0.462537 0.459082
-0.253646 0.462755 0.459040
-0.254422 0.463032 0.458989
-0.255167 0.463295 0.458937
-0.255510 0.463399 0.458912
-0.255868 0.463299 0.457959
-0.256545 0.463216 0.456639
-0.256979 0.463084 0.455371
-0.258179 0.463053 0.453098
-0.258933 0.463306 0.452755
-0.259613 0.463566 0.452704
-0.260400 0.463864 0.452687
-0.261135 0.464126 0.452665
-0.261741 0.464323 0.452638
-0.262383 0.464527 0.452606
-0.263172 0.464788 0.452563
-0.263810 0.464988 0.452522
-0.264480 0.465195 0.452478
-0.264782 0.465094 0.451519
-0.265380 0.465000 0.450193
-0.265756 0.464865 0.448919
-0.266430 0.464760 0.447283
-0.266817 0.464631 0.445938
-0.267501 0.464547 0.444238
-0.267880 0.464430 0.442880
-0.268554 0.464366 0.441177
-0.268920 0.464258 0.439820
-0.269577 0.464211 0.438124
-0.269929 0.464110 0.436769
-0.270960 0.464201 0.434467
-0.271783 0.464581 0.434206
-0.272380 0.464785 0.434208
-0.272982 0.464907 0.434190
-0.273574 0.464961 0.434121
-0.274167 0.464998 0.434001
-0.274789 0.464923 0.433822
-0.275486 0.464876 0.433581
-0.276054 0.464355 0.433263
-0.276602 0.464676 0.433224
-0.277354 0.464038 0.432594
-0.277983 0.464277 0.432540
-0.278768 0.463883 0.431722
-0.279305 0.463722 0.431355
-0.279875 0.462771 0.430913
-0.280608 0.464048 0.431425
-0.280963 0.460010 0.429251
-0.281744 0.465220 0.432348
-0.281839 0.462837 0.430564
-0.282351 0.460677 0.430043
-0.284373 0.461133 0.432162
-0.285544 0.457549 0.430441
-0.286545 0.462453 0.432819
-0.287355 0.452285 0.426745
-0.287624 0.461699 0.431882
-0.288041 0.452010 0.426420
-0.288667 0.461692 0.431561
-0.288307 0.452356 0.425630
-0.289915 0.462846 0.431763
-0.291350 0.453023 0.424836
-0.291926 0.462051 0.430639
-0.293480 0.453258 0.424010
-0.293826 0.461134 0.429615
-0.295905 0.454004 0.423766
-0.296158 0.456603 0.426763
-0.297901 0.450301 0.423346
-0.297865 0.462729 0.429659
-0.300299 0.454075 0.422977
-0.300200 0.448715 0.422099
-0.300086 0.463132 0.429144
-0.303735 0.455326 0.422493
-0.305084 0.450154 0.419683
-0.305990 0.453496 0.421787
-0.308639 0.449673 0.418706
-0.310935 0.449613 0.418678
-0.314496 0.448015 0.417304
-0.317733 0.445671 0.416379
-0.319937 0.445942 0.416443
-0.322801 0.444423 0.415344
-0.325571 0.444877 0.414692
-0.329100 0.444030 0.413497
-0.332259 0.442616 0.412561
-0.336041 0.441077 0.411301
-0.338962 0.439947 0.410480
-0.340935 0.440305 0.410022
-0.343135 0.438911 0.409473
-0.345818 0.438972 0.409208
-0.350541 0.439661 0.408296
-0.354568 0.440224 0.407753
-0.357912 0.440841 0.406948
-0.362309 0.441334 0.406049
-0.367325 0.440984 0.405168
-0.373050 0.440841 0.404272
-0.378472 0.440242 0.403813
-0.383579 0.439804 0.403201
-0.388216 0.439270 0.403192
-0.392568 0.438747 0.403109
-0.397979 0.437701 0.403276
-0.402280 0.437228 0.403826
-0.406537 0.437203 0.404744
-0.409966 0.436875 0.404390
-0.412761 0.435835 0.405129
-0.414247 0.435532 0.405819
-0.415496 0.435772 0.405642
-0.417216 0.435723 0.406061
-0.420066 0.435762 0.405744
-0.422116 0.435753 0.405796
-0.424471 0.435638 0.405950
-0.425920 0.434708 0.406086
-0.427876 0.433198 0.406480
-0.430320 0.431727 0.406885
-0.433264 0.431509 0.408446
-0.435231 0.429685 0.410502
-0.437857 0.428390 0.411355
-0.440204 0.428124 0.412705
-0.441989 0.429174 0.413758
-0.443633 0.429596 0.413992
-0.444991 0.430142 0.414550
-0.445501 0.430073 0.414894
-0.446141 0.429649 0.415582
