-0.080746 0.885973 0.407055
-0.081949 0.885940 0.406991
-0.082053 0.885906 0.406989
-0.083420 0.885759 0.406932
-0.086108 0.884268 0.407056
-0.086310 0.884100 0.407092
-0.086566 0.883795 0.407163
-0.086765 0.883662 0.407187
-0.087044 0.883411 0.407237
-0.087260 0.883299 0.407252
-0.088341 0.882770 0.407268
-0.089283 0.882274 0.407302
-0.090400 0.881552 0.407408
-0.090621 0.881271 0.407471
-0.091135 0.880633 0.407618
-0.091144 0.880308 0.407705
-0.091391 0.880025 0.407759
-0.091462 0.879765 0.407814
-0.091812 0.879440 0.407861
-0.091759 0.879014 0.407944
-0.091538 0.878608 0.408021
-0.091294 0.878193 0.408098
-0.090983 0.877698 0.408190
-0.090736 0.877278 0.408266
-0.090486 0.876843 0.408345
-0.090288 0.876474 0.408411
-0.090246 0.876366 0.408429
-0.089594 0.876110 0.408508
-0.089348 0.875873 0.408556
-0.089062 0.875779 0.408589
-0.089672 0.875223 0.408621
-0.090288 0.874672 0.408666
-0.090390 0.874237 0.408744
-0.091163 0.873400 0.408832
-0.091808 0.872611 0.408937
-0.091647 0.871419 0.409207
-0.091014 0.870406 0.409466
-0.089408 0.869192 0.409815
-0.088978 0.868790 0.409915
-0.086961 0.867409 0.410278
-0.086608 0.867062 0.410355
-0.085209 0.866153 0.410581
-0.084563 0.865529 0.410713
-0.083658 0.864996 0.410846
-0.082229 0.863654 0.411124
-0.082188 0.863413 0.411163
-0.082036 0.862711 0.411282
-0.082164 0.862319 0.411341
-0.082160 0.861938 0.411403
-0.082390 0.861604 0.411446
-0.082439 0.861137 0.411518
-0.082572 0.860996 0.411533
-0.082806 0.860458 0.411606
-0.082958 0.860342 0.411615
-0.083257 0.859978 0.411653
-0.083445 0.859871 0.411659
-0.083750 0.859629 0.411677
-0.084713 0.859040 0.411683
-0.085742 0.858496 0.411695
-0.086396 0.858036 0.411732
-0.087640 0.857166 0.411779
-0.088784 0.856394 0.411837
-0.089842 0.854772 0.412093
-0.089960 0.854374 0.412167
-0.089982 0.853648 0.412305
-0.090048 0.853332 0.412360
-0.090069 0.852731 0.412465
-0.090159 0.852465 0.412506
-0.090244 0.851947 0.412587
-0.090468 0.851517 0.412647
-0.090509 0.851111 0.412708
-0.090641 0.850924 0.412729
-0.091656 0.850242 0.412752
-0.092545 0.849595 0.412792
-0.093188 0.849067 0.412843
-0.094461 0.848117 0.412907
-0.095459 0.847256 0.412991
-0.096564 0.845514 0.413263
-0.096423 0.844679 0.413427
-0.096402 0.843996 0.413550
-0.096220 0.843379 0.413661
-0.096269 0.842855 0.413742
-0.096189 0.842363 0.413820
-0.096350 0.841774 0.413901
-0.097222 0.841086 0.413938
-0.098015 0.840424 0.413989
-0.099053 0.838815 0.414217
-0.099010 0.838517 0.414270
-0.099144 0.837988 0.414350
-0.100026 0.837229 0.414404
-0.100810 0.836507 0.414470
-0.101743 0.834749 0.414736
-0.102552 0.833916 0.414813
-0.103266 0.833127 0.414900
-0.103971 0.831180 0.415213
-0.104736 0.830305 0.415303
-0.105411 0.829478 0.415401
-0.105992 0.827436 0.415734
-0.106735 0.826539 0.415831
-0.107391 0.825691 0.415935
-0.107826 0.824999 0.416033
-0.108917 0.823860 0.416162
-0.109759 0.822834 0.416298
-0.110501 0.821347 0.416532
-0.111398 0.820221 0.416675
-0.112110 0.819192 0.416819
-0.112658 0.817144 0.417156
-0.112518 0.816630 0.417242
-0.112248 0.815436 0.417434
-0.112088 0.815089 0.417485
-0.111851 0.814046 0.417635
-0.111749 0.813812 0.417666
-0.111824 0.813228 0.417740
-0.111799 0.813035 0.417764
-0.112039 0.812460 0.417835
-0.112036 0.812314 0.417851
-0.112360 0.811948 0.417892
-0.112404 0.811814 0.417906
-0.112819 0.811485 0.417940
-0.112883 0.811361 0.417952
-0.113403 0.811004 0.417988
-0.113454 0.810900 0.417997
-0.113811 0.810699 0.418013
-0.114007 0.810470 0.418032
-0.114379 0.810284 0.418046
-0.114633 0.809985 0.418072
-0.114813 0.809899 0.418077
-0.115227 0.809517 0.418107
-0.115407 0.809442 0.418110
-0.115796 0.809149 0.418129
-0.116000 0.809069 0.418133
-0.116342 0.808849 0.418146
-0.116798 0.808682 0.418152
-0.117067 0.808483 0.418164
-0.117292 0.808393 0.418167
-0.117749 0.808076 0.418184
-0.117964 0.807991 0.418186
-0.118468 0.807619 0.418204
-0.118662 0.807545 0.418204
-0.119004 0.807329 0.418212
-0.119468 0.807163 0.418212
-0.119819 0.806889 0.418223
-0.120024 0.806808 0.418222
-0.120377 0.806582 0.418228
-0.120847 0.806408 0.418227
-0.121131 0.806200 0.418232
-0.121573 0.806029 0.418230
-0.121916 0.805743 0.418236
-0.122120 0.805658 0.418234
-0.122565 0.805339 0.418239
-0.122782 0.805250 0.418236
-0.123153 0.805011 0.418238
-0.123634 0.804826 0.418232
-0.124004 0.804528 0.418234
-0.124213 0.804440 0.418230
-0.124732 0.804043 0.418229
-0.124931 0.803962 0.418223
-0.125142 0.803834 0.418221
-0.125880 0.803548 0.418205
-0.126021 0.803438 0.418204
-0.126772 0.803117 0.418181
-0.126868 0.803018 0.418179
-0.127439 0.802752 0.418159
-0.127551 0.802643 0.418156
-0.128496 0.801918 0.418203
-0.129459 0.801274 0.418250
-0.129978 0.800790 0.418291
-0.130982 0.799840 0.418372
-0.131389 0.799237 0.418410
-0.130085 0.798473 0.418466
-0.130600 0.797916 0.418573
-0.130698 0.796683 0.418800
-0.130524 0.796559 0.418812
-0.130476 0.795957 0.418882
-0.130478 0.795813 0.418900
-0.130290 0.795045 0.418985
-0.130327 0.794357 0.419056
-0.128995 0.793051 0.419175
-0.131611 0.792287 0.419351
-0.124454 0.794792 0.418447
-0.132471 0.792258 0.419258
-0.120908 0.796197 0.417939
-0.131031 0.792948 0.418982
-0.131516 0.792668 0.419009
-0.130660 0.792763 0.418928
-0.132094 0.791692 0.419204
-0.129945 0.792342 0.418986
-0.134231 0.790452 0.419449
-0.129680 0.792057 0.418908
-0.133796 0.790213 0.419399
-0.129499 0.791751 0.418922
-0.132704 0.790280 0.419302
-0.129775 0.791376 0.418975
-0.134071 0.789580 0.419446
-0.124782 0.792611 0.418493
-0.132823 0.789440 0.419267
-0.126055 0.791888 0.418656
-0.136515 0.788022 0.419623
-0.131903 0.789980 0.418978
-0.126183 0.791740 0.418726
-0.134387 0.788486 0.419433
-0.125608 0.791879 0.418457
-0.141555 0.786149 0.419948
-0.122739 0.793082 0.417403
-0.140600 0.785953 0.419750
-0.122464 0.792965 0.417398
-0.140520 0.785378 0.419795
-0.121431 0.792406 0.417292
-0.138561 0.785112 0.419653
-0.133139 0.787637 0.419060
-0.122605 0.790375 0.418444
-0.128324 0.787392 0.419041
-0.141419 0.780933 0.420386
-0.124650 0.786552 0.418113
-0.144355 0.777605 0.421187
-0.124568 0.785738 0.418474
-0.143017 0.777216 0.421159
-0.123275 0.785771 0.418576
-0.134967 0.780068 0.420152
-0.131654 0.781477 0.419860
-0.126235 0.782728 0.419678
-0.132505 0.779088 0.420408
-0.128004 0.780183 0.420022
-0.133425 0.776787 0.420718
-0.122873 0.778894 0.419723
-0.145143 0.768082 0.422723
-0.127564 0.774976 0.420115
-0.143923 0.767043 0.422863
-0.138581 0.769821 0.421950
-0.125166 0.775749 0.420199
-0.131166 0.772412 0.421082
-0.124778 0.774221 0.420748
-0.130605 0.771031 0.421519
-0.126284 0.772351 0.421122
-0.132128 0.769047 0.421880
-0.130490 0.769797 0.421590
-0.128326 0.770258 0.421390
-0.132586 0.767533 0.422000
-0.130824 0.768040 0.421711
-0.127860 0.768298 0.421392
-0.136867 0.763166 0.422781
-0.125424 0.767628 0.421071
-0.131097 0.764323 0.422009
-0.127299 0.765842 0.421572
-0.131381 0.763336 0.422271
-0.124268 0.766099 0.421234
-0.129949 0.762839 0.422165
-0.127218 0.763604 0.421879
-0.131157 0.761328 0.422531
-0.124125 0.764153 0.421310
-0.129325 0.761140 0.422220
-0.130199 0.760831 0.422403
-0.126609 0.762550 0.421838
-0.134296 0.758129 0.423195
-0.124905 0.762673 0.421665
-0.133572 0.757537 0.423185
-0.124909 0.762167 0.421690
-0.136106 0.755480 0.423718
-0.131306 0.758507 0.422824
-0.127471 0.760184 0.422159
-0.130431 0.757953 0.422718
-0.129598 0.758423 0.422520
-0.129690 0.757876 0.422520
-0.130224 0.757281 0.422579
-0.129673 0.757094 0.422341
-0.129853 0.756635 0.422407
-0.129326 0.756386 0.422425
-0.130329 0.755095 0.422714
-0.127771 0.756254 0.422292
-0.133324 0.752162 0.423490
-0.127271 0.756074 0.422163
-0.133380 0.751448 0.423556
-0.130359 0.753612 0.422910
-0.125994 0.755898 0.422041
-0.130009 0.752758 0.422943
-0.128049 0.753920 0.422580
-0.129744 0.752288 0.422998
-0.128137 0.753098 0.422674
-0.129549 0.751644 0.423043
-0.127538 0.752405 0.422669
-0.129579 0.750504 0.423187
-0.127485 0.751460 0.422825
-0.131071 0.748070 0.423734
-0.124077 0.752569 0.422434
-0.127300 0.749612 0.423155
-0.131045 0.746786 0.423865
-0.129224 0.748246 0.423368
-0.128323 0.748404 0.423222
-0.130544 0.746398 0.423652
-0.129886 0.746962 0.423412
-0.128414 0.747495 0.423085
-0.130102 0.745803 0.423504
-0.128070 0.747027 0.422993
-0.129996 0.745014 0.423509
-0.128810 0.745611 0.423179
-0.129510 0.744626 0.423399
-0.129077 0.744209 0.423308
-0.129193 0.743680 0.423416
-0.129086 0.742894 0.423532
-0.129027 0.742610 0.423577
-0.129126 0.741851 0.423678
-0.129000 0.741620 0.423671
-0.128935 0.740938 0.423724
-0.128947 0.740534 0.423753
-0.128402 0.739745 0.423782
-0.128842 0.738884 0.423954
-0.128338 0.738189 0.423962
-0.128611 0.737497 0.424103
-0.128402 0.736649 0.424189
-0.128431 0.736161 0.424257
-0.128480 0.735271 0.424352
-0.128256 0.734952 0.424362
-0.128117 0.733557 0.424516
-0.127919 0.732628 0.424619
-0.128089 0.731365 0.424769
-0.127618 0.730613 0.424783
-0.127691 0.729214 0.424956
-0.126990 0.727808 0.425038
-0.126713 0.724939 0.425340
-0.126059 0.722593 0.425498
-0.125616 0.720721 0.425630
-0.125360 0.719692 0.425687
-0.125306 0.719414 0.425701
-0.125433 0.718925 0.425744
-0.125458 0.718663 0.425762
-0.125673 0.718224 0.425809
-0.125739 0.717789 0.425840
-0.126004 0.717357 0.425895
-0.126034 0.717191 0.425906
-0.126969 0.716354 0.426053
-0.127873 0.715691 0.426185
-0.128568 0.714893 0.426258
-0.128506 0.714964 0.426209
-0.128438 0.714904 0.426134
-0.128577 0.714834 0.426139
-0.128730 0.714624 0.426120
-0.128782 0.714653 0.426107
-0.128841 0.714636 0.426081
-0.128984 0.714704 0.426070
-0.128974 0.714759 0.426044
-0.129233 0.714876 0.426024
-0.128922 0.715180 0.425918
-0.129419 0.714937 0.425989
-0.128907 0.715418 0.425839
-0.129255 0.715198 0.425899
-0.129430 0.715197 0.425882
-0.129347 0.715372 0.425838
-0.129449 0.715509 0.425807
-0.129464 0.715624 0.425782
-0.129444 0.715766 0.425740
-0.129544 0.715825 0.425737
-0.129528 0.716097 0.425669
-0.129623 0.716135 0.425662
-0.129558 0.716325 0.425606
-0.129801 0.716373 0.425620
-0.129366 0.716959 0.425478
-0.130636 0.716246 0.425712
-0.129967 0.717230 0.425467
-0.131019 0.716825 0.425537
-0.130216 0.718287 0.425105
-0.132737 0.716645 0.425534
-0.125848 0.726128 0.423254
-0.141874 0.709010 0.427589
-0.127771 0.724638 0.423199
-0.140110 0.710389 0.427086
-0.126667 0.724512 0.423394
-0.141169 0.707609 0.427531
-0.126323 0.724735 0.422889
-0.140587 0.708702 0.427152
-0.125910 0.725816 0.422823
-0.141558 0.706232 0.427583
-0.126914 0.721372 0.423466
-0.140268 0.704234 0.427562
-0.126222 0.718944 0.423431
-0.139323 0.703544 0.427336
-0.125291 0.719856 0.423045
-0.130463 0.714542 0.424482
-0.132079 0.712394 0.425238
-0.130186 0.714218 0.424816
-0.131518 0.711705 0.425372
-0.130552 0.712493 0.425149
-0.130700 0.711702 0.425253
-0.132046 0.710194 0.425543
-0.131605 0.710916 0.425319
-0.132242 0.710620 0.425346
-0.132323 0.711042 0.425226
-0.131758 0.712201 0.424902
-0.131996 0.712193 0.424943
-0.132061 0.712611 0.424869
-0.131771 0.713097 0.424795
-0.131828 0.713199 0.424824
-0.131804 0.713337 0.424814
-0.131776 0.713446 0.424785
-0.131759 0.713385 0.424771
-0.131681 0.713183 0.424755
-0.131727 0.712976 0.424777
-0.131761 0.712657 0.424791
-0.131671 0.712538 0.424782
-0.131834 0.711796 0.424843
-0.131609 0.711751 0.424821
-0.131792 0.710808 0.424938
-0.131875 0.710401 0.424939
-0.131550 0.709778 0.424877
-0.131706 0.708910 0.425004
-0.131572 0.707697 0.425146
-0.131711 0.706515 0.425281
-0.131773 0.704161 0.425464
-0.131803 0.702782 0.425594
-0.132260 0.699716 0.425886
-0.132399 0.698410 0.425953
-0.132050 0.696305 0.426044
-0.132323 0.694181 0.426292
-0.131911 0.688950 0.426762
-0.132036 0.686441 0.427078
-0.131886 0.681822 0.427580
-0.131051 0.678091 0.427882
-0.130120 0.674967 0.428070
-0.128351 0.671692 0.428147
-0.127872 0.670752 0.428159
-0.126803 0.669204 0.428144
-0.125988 0.667780 0.428135
-0.125104 0.666687 0.428099
-0.124761 0.666119 0.428088
-0.123966 0.665169 0.428045
-0.123660 0.664661 0.428031
-0.122928 0.663811 0.427983
-0.122647 0.663344 0.427967
-0.121680 0.662229 0.427893
-0.121460 0.661823 0.427879
-0.120864 0.661152 0.427829
-0.120637 0.660762 0.427811
-0.120035 0.660111 0.427757
-0.119809 0.659728 0.427737
-0.119211 0.659088 0.427680
-0.118986 0.658709 0.427660
-0.118392 0.658076 0.427600
-0.118169 0.657700 0.427579
-0.117579 0.657072 0.427517
-0.117358 0.656697 0.427495
-0.116538 0.655801 0.427407
-0.117286 0.654879 0.427536
-0.118013 0.653978 0.427670
-0.118423 0.652848 0.427774
-0.118452 0.652369 0.427790
-0.118137 0.651669 0.427763
-0.117988 0.651291 0.427747
-0.117283 0.650434 0.427655
-0.117121 0.650104 0.427633
-0.116423 0.649333 0.427539
-0.116269 0.649021 0.427518
-0.115597 0.648290 0.427429
-0.115451 0.647987 0.427410
-0.114799 0.647278 0.427326
-0.114659 0.646981 0.427309
-0.114205 0.646494 0.427252
-0.114038 0.646180 0.427232
-0.113549 0.645661 0.427172
-0.113370 0.645332 0.427150
-0.112494 0.644339 0.427039
-0.112369 0.644043 0.427024
-0.111939 0.643562 0.426971
-0.111642 0.642963 0.426936
-0.111192 0.642521 0.426880
-0.110893 0.641945 0.426844
-0.110663 0.641720 0.426817
-0.110295 0.641122 0.426773
-0.110044 0.640884 0.426742
-0.109648 0.640261 0.426694
-0.109388 0.640011 0.426662
-0.108979 0.639368 0.426611
-0.108714 0.639110 0.426579
-0.108298 0.638452 0.426527
-0.108031 0.638188 0.426493
-0.107446 0.637237 0.426420
-0.107198 0.637003 0.426388
-0.106812 0.636386 0.426339
-0.106558 0.636139 0.426307
-0.107283 0.635264 0.426433
-0.108002 0.634399 0.426566
-0.108323 0.633777 0.426634
-0.109404 0.632662 0.426826
-0.110344 0.631642 0.427001
-0.111850 0.630245 0.427271
-0.113057 0.629045 0.427498
-0.113685 0.628214 0.427623
-0.114948 0.626957 0.427857
-0.115998 0.625844 0.428059
-0.116790 0.624519 0.428217
-0.116928 0.624002 0.428239
-0.116773 0.623291 0.428204
-0.116680 0.622921 0.428179
-0.116485 0.622615 0.428139
-0.117222 0.621680 0.428276
-0.117940 0.620765 0.428418
-0.118266 0.620114 0.428488
-0.119329 0.618959 0.428700
-0.120253 0.617906 0.428891
-0.120712 0.617168 0.428993
-0.121855 0.615956 0.429229
-0.122828 0.614864 0.429437
-0.123321 0.614106 0.429548
-0.124481 0.612875 0.429794
-0.125464 0.611772 0.430010
-0.126966 0.610293 0.430336
-0.128060 0.609157 0.430587
-0.128713 0.608280 0.430738
-0.129994 0.606939 0.431024
-0.130947 0.605890 0.431250
-0.131512 0.605067 0.431383
-0.132730 0.603755 0.431663
-0.133643 0.602721 0.431886
-0.135053 0.601302 0.432223
-0.136196 0.600078 0.432503
-0.136812 0.599245 0.432659
-0.138021 0.597947 0.432956
-0.139033 0.596796 0.433209
-0.139567 0.596008 0.433348
-0.140713 0.594731 0.433636
-0.141678 0.593590 0.433884
-0.142436 0.592270 0.434074
-0.142577 0.591773 0.434093
-0.142464 0.591129 0.434025
-0.142387 0.590798 0.433975
-0.141766 0.589993 0.433685
-0.141669 0.589754 0.433620
-0.141327 0.589397 0.433463
-0.141201 0.589145 0.433394
-0.140673 0.588608 0.433156
-0.140203 0.587704 0.432845
-0.140091 0.587307 0.432742
-0.140113 0.587144 0.432706
-0.140140 0.586548 0.432605
-0.140193 0.586415 0.432581
-0.140282 0.586022 0.432538
-0.140366 0.585874 0.432524
-0.140490 0.585467 0.432497
-0.140584 0.585316 0.432490
-0.140739 0.584771 0.432457
-0.140818 0.584653 0.432452
-0.140946 0.584286 0.432442
-0.141044 0.584147 0.432444
-0.141193 0.583754 0.432446
-0.141296 0.583608 0.432453
-0.141451 0.583204 0.432465
-0.141556 0.583054 0.432476
-0.141655 0.582829 0.432489
-0.142560 0.581906 0.432729
-0.143453 0.581112 0.432976
-0.144883 0.579852 0.433375
-0.146051 0.578759 0.433713
-0.147418 0.577537 0.434086
-0.147773 0.577123 0.434171
-0.148274 0.576611 0.434260
-0.148488 0.576184 0.434265
-0.148599 0.576040 0.434262
-0.148769 0.575537 0.434221
-0.148844 0.575437 0.434209
-0.148961 0.575101 0.434186
-0.149051 0.574979 0.434180
-0.149183 0.574613 0.434168
-0.149277 0.574480 0.434168
-0.149415 0.574100 0.434165
-0.149586 0.573863 0.434171
-0.149675 0.573529 0.434166
-0.149867 0.573250 0.434173
-0.149903 0.573093 0.434171
-0.150073 0.572830 0.434192
-0.150131 0.572638 0.434199
-0.150399 0.572179 0.434242
-0.150428 0.572018 0.434246
-0.150590 0.571743 0.434278
-0.150680 0.571375 0.434300
-0.150837 0.571126 0.434338
-0.150895 0.570935 0.434355
-0.151092 0.570624 0.434408
-0.151160 0.570414 0.434431
-0.151367 0.570079 0.434493
-0.151437 0.569860 0.434519
-0.151647 0.569512 0.434587
-0.151719 0.569288 0.434616
-0.151931 0.568932 0.434689
-0.152004 0.568705 0.434721
-0.152218 0.568343 0.434799
-0.152292 0.568113 0.434834
-0.152508 0.567746 0.434917
-0.152583 0.567515 0.434954
-0.152802 0.567144 0.435041
-0.152878 0.566911 0.435080
-0.153163 0.566420 0.435208
-0.153219 0.566214 0.435243
-0.153421 0.565872 0.435332
-0.153495 0.565645 0.435373
-0.153617 0.565437 0.435424
-0.154517 0.564510 0.435707
-0.155341 0.563609 0.435987
-0.156361 0.562565 0.436339
-0.156641 0.562178 0.436444
-0.157080 0.561671 0.436600
-0.157213 0.561414 0.436653
-0.157493 0.561036 0.436752
-0.157586 0.560808 0.436791
-0.157890 0.560348 0.436908
-0.157949 0.560152 0.436938
-0.158150 0.559831 0.437015
-0.158224 0.559614 0.437050
-0.158441 0.559266 0.437133
-0.158518 0.559040 0.437170
-0.158741 0.558680 0.437258
-0.158820 0.558449 0.437297
-0.159045 0.558083 0.437388
-0.159125 0.557850 0.437429
-0.159352 0.557480 0.437523
-0.159434 0.557245 0.437565
-0.159663 0.556872 0.437661
-0.159745 0.556636 0.437705
-0.159977 0.556260 0.437803
-0.160060 0.556023 0.437847
-0.160897 0.555033 0.438121
-0.161730 0.554182 0.438399
-0.163067 0.552834 0.438833
-0.164168 0.551671 0.439210
-0.165493 0.550393 0.439665
-0.166095 0.549663 0.439886
-0.166483 0.549316 0.440013
-0.167352 0.548427 0.440292
-0.168146 0.547557 0.440562
-0.168735 0.546967 0.440757
-0.169148 0.546472 0.440895
-0.169487 0.546119 0.441000
-0.170470 0.545078 0.441318
-0.171331 0.544108 0.441614
-0.172386 0.543045 0.441966
-0.173396 0.541973 0.442306
-0.174269 0.540987 0.442615
-0.175331 0.539923 0.442978
-0.175617 0.539560 0.443075
-0.176518 0.538478 0.443386
-0.177364 0.537584 0.443682
-0.177938 0.536905 0.443884
-0.179014 0.535623 0.444269
-0.179969 0.534605 0.444614
-0.180610 0.533853 0.444848
-0.181087 0.533358 0.445011
-0.182100 0.532214 0.445375
-0.182955 0.531185 0.445699
-0.183568 0.530514 0.445923
-0.184653 0.529257 0.446330
-0.185547 0.528157 0.446683
-0.186591 0.527021 0.447081
-0.186851 0.526662 0.447178
-0.187666 0.525573 0.447497
-0.188423 0.524684 0.447798
-0.188919 0.524025 0.447998
-0.189871 0.522746 0.448389
-0.190708 0.521742 0.448739
-0.191250 0.521017 0.448971
-0.192212 0.519699 0.449386
-0.193045 0.518677 0.449752
-0.193886 0.517510 0.450137
-0.194108 0.517271 0.450227
-0.194280 0.516926 0.450288
-0.194325 0.516888 0.450287
-0.194298 0.516746 0.450241
-0.194288 0.516754 0.450209
-0.194198 0.516652 0.450127
-0.194169 0.516666 0.450085
-0.194058 0.516565 0.449990
-0.194024 0.516577 0.449946
-0.193907 0.516468 0.449848
-0.193872 0.516476 0.449803
-0.193662 0.516369 0.449645
-0.193613 0.516406 0.449596
-0.193395 0.516336 0.449436
-0.193349 0.516377 0.449388
-0.193232 0.516291 0.449293
-0.193204 0.516300 0.449253
-0.193112 0.516172 0.449169
-0.193092 0.516166 0.449134
-0.193016 0.516015 0.449060
-0.193003 0.515999 0.449030
-0.192942 0.515829 0.448965
-0.192937 0.515803 0.448940
-0.192891 0.515615 0.448885
-0.192894 0.515580 0.448865
-0.192866 0.515373 0.448821
-0.192878 0.515328 0.448807
-0.192867 0.515101 0.448774
-0.192888 0.515047 0.448766
-0.192896 0.514800 0.448745
-0.192927 0.514735 0.448743
-0.192935 0.514398 0.448719
-0.192962 0.514355 0.448718
-0.192998 0.514102 0.448717
-0.193046 0.514026 0.448726
-0.193112 0.513728 0.448740
-0.193173 0.513635 0.448756
-0.193261 0.513308 0.448784
-0.193331 0.513202 0.448806
-0.193438 0.512851 0.448845
-0.193518 0.512734 0.448873
-0.193643 0.512360 0.448922
-0.193732 0.512233 0.448955
-0.193876 0.511839 0.449015
-0.193974 0.511701 0.449053
-0.194067 0.511476 0.449091
-0.194696 0.510425 0.449405
-0.195322 0.509535 0.449736
-0.195753 0.508851 0.449972
-0.196586 0.507527 0.450418
-0.197333 0.506484 0.450836
-0.197837 0.505723 0.451127
-0.198695 0.504366 0.451609
-0.199447 0.503321 0.452049
-0.199943 0.502579 0.452352
-0.200772 0.501248 0.452840
-0.201490 0.500238 0.453281
-0.202456 0.498782 0.453869
-0.203200 0.497603 0.454362
-0.203702 0.496907 0.454704
-0.204008 0.496424 0.454930
-0.204341 0.496080 0.455183
-0.204382 0.495981 0.455235
-0.204426 0.496006 0.455288
-0.204393 0.495982 0.455284
-0.204302 0.496153 0.455250
-0.204232 0.496149 0.455221
-0.204163 0.496214 0.455184
-0.204035 0.496154 0.455126
-0.203968 0.496223 0.455086
-0.203921 0.496171 0.455063
-0.204324 0.495264 0.455329
-0.204736 0.494516 0.455618
-0.204982 0.493974 0.455810
-0.205555 0.492781 0.456220
-0.206061 0.491878 0.456605
-0.206357 0.491265 0.456857
-0.206934 0.490052 0.457307
-0.207371 0.489039 0.457697
-0.207637 0.488467 0.457957
-0.208170 0.487326 0.458411
-0.208560 0.486389 0.458800
-0.208781 0.485894 0.459054
-0.208819 0.485487 0.459270
-0.208763 0.485544 0.459300
-0.208517 0.485683 0.459260
-0.208395 0.485858 0.459222
-0.208095 0.486087 0.459108
-0.207969 0.486266 0.459052
-0.207685 0.486466 0.458927
-0.207573 0.486619 0.458872
-0.207328 0.486758 0.458757
-0.207239 0.486879 0.458711
-0.206921 0.487043 0.458557
-0.206848 0.487156 0.458517
-0.206696 0.487188 0.458441
-0.206354 0.487791 0.458252
-0.206252 0.488271 0.458182
-0.206253 0.488840 0.458160
-0.206343 0.489333 0.458185
-0.206688 0.488561 0.458477
-0.207286 0.487580 0.459019
-0.207754 0.486579 0.459456
-0.208432 0.485474 0.460146
-0.208878 0.484501 0.460615
-0.209474 0.483531 0.461320
-0.209852 0.482645 0.461783
-0.210241 0.482169 0.462654
-0.209735 0.483684 0.462567
-0.209469 0.484509 0.462456
-0.209319 0.484788 0.462390
-0.209103 0.485352 0.462290
-0.208979 0.485528 0.462232
-0.208818 0.485916 0.462156
-0.208724 0.486014 0.462111
-0.208625 0.486262 0.462064
-0.208562 0.486295 0.462035
-0.208495 0.486524 0.462003
-0.208455 0.486513 0.461985
-0.208475 0.486541 0.461996
-0.208473 0.486467 0.461998
-0.208562 0.486388 0.462046
-0.208610 0.486170 0.462078
-0.208790 0.486045 0.462171
-0.208834 0.485911 0.462195
-0.209017 0.485698 0.462291
-0.209094 0.485508 0.462335
-0.209333 0.485208 0.462461
-0.209435 0.484982 0.462517
-0.209719 0.484617 0.462667
-0.209841 0.484361 0.462733
-0.210163 0.483942 0.462901
-0.210303 0.483661 0.462976
-0.210659 0.483195 0.463159
-0.210814 0.482892 0.463241
-0.211200 0.482384 0.463437
-0.211369 0.482061 0.463525
-0.211769 0.480913 0.463899
-0.212197 0.479948 0.464300
-0.212739 0.478693 0.464801
-0.212962 0.478350 0.464976
-0.213305 0.477714 0.465228
-0.213487 0.477508 0.465338
-0.213800 0.476986 0.465523
-0.213982 0.476794 0.465618
-0.214156 0.476512 0.465710
-0.214072 0.477124 0.465494
-0.213978 0.477514 0.465262
-0.214030 0.477623 0.465154
-0.213892 0.478447 0.464820
-0.213786 0.478916 0.464521
-0.213857 0.479023 0.464377
-0.213739 0.479798 0.464031
-0.213666 0.480190 0.463732
-0.213980 0.480015 0.463556
-0.214222 0.479581 0.463574
-0.215208 0.478099 0.463859
-0.215532 0.477496 0.463972
-0.216269 0.476379 0.464246
-0.216616 0.475758 0.464378
-0.217380 0.474648 0.464667
-0.217733 0.474040 0.464800
-0.218503 0.472963 0.465084
-0.218858 0.472373 0.465212
-0.219629 0.471332 0.465484
-0.219983 0.470759 0.465607
-0.220753 0.469748 0.465865
-0.221375 0.469191 0.465109
-0.221955 0.468577 0.464472
-0.222515 0.468056 0.464113
-0.223279 0.467493 0.463046
-0.223969 0.466896 0.462207
-0.224618 0.466403 0.461719
-0.225445 0.465873 0.460560
-0.226187 0.465310 0.459659
-0.227059 0.464725 0.458222
-0.227889 0.464261 0.457152
-0.229241 0.463367 0.456105
-0.229862 0.463020 0.455893
-0.231850 0.461496 0.455730
-0.232315 0.461187 0.455763
-0.233165 0.460367 0.455842
-0.233605 0.460009 0.455891
-0.234408 0.459130 0.455977
-0.234827 0.458755 0.456022
-0.235595 0.457856 0.456094
-0.236000 0.457477 0.456130
-0.236742 0.456574 0.456183
-0.237416 0.455244 0.456456
-0.238054 0.453951 0.456734
-0.238620 0.453023 0.456940
-0.239489 0.451614 0.457184
-0.239894 0.451146 0.457260
-0.240589 0.450215 0.457348
-0.240950 0.449864 0.457377
-0.241596 0.449052 0.457403
-0.242278 0.448446 0.457414
-0.242584 0.448064 0.457409
-0.243266 0.447414 0.457400
-0.243571 0.447020 0.457384
-0.244251 0.446356 0.457357
-0.244555 0.445958 0.457332
-0.245237 0.445291 0.457286
-0.245541 0.444893 0.457253
-0.246224 0.444228 0.457188
-0.246530 0.443831 0.457146
-0.247531 0.442904 0.457012
-0.247821 0.442536 0.456955
-0.248159 0.442202 0.456902
-0.248140 0.442907 0.456603
-0.248094 0.443396 0.456291
-0.247785 0.444577 0.455805
-0.247525 0.445340 0.455359
-0.247478 0.445685 0.455019
-0.247164 0.446785 0.454515
-0.246900 0.447487 0.454054
-0.246852 0.447785 0.453698
-0.246525 0.448851 0.453183
-0.246250 0.449527 0.452712
-0.246248 0.449859 0.452045
-0.246355 0.449657 0.451790
-0.246802 0.449129 0.451372
-0.247038 0.448743 0.451187
-0.247340 0.448385 0.451012
-0.248044 0.447069 0.451056
-0.248719 0.445795 0.451106
-0.249316 0.444908 0.451116
-0.249804 0.444175 0.451098
-0.250272 0.443648 0.451062
-0.250672 0.443155 0.451015
-0.251077 0.442789 0.450960
-0.251430 0.442407 0.450900
-0.252137 0.441917 0.450774
-0.252422 0.441650 0.450709
-0.253030 0.441301 0.450581
-0.253278 0.441078 0.450518
-0.253824 0.440788 0.450395
-0.254046 0.440587 0.450336
-0.254548 0.440332 0.450221
-0.254751 0.440144 0.450166
-0.255220 0.439912 0.450059
-0.255407 0.439734 0.450008
-0.255850 0.439518 0.449907
-0.256025 0.439347 0.449860
-0.256447 0.439143 0.449766
-0.256613 0.438977 0.449722
-0.257017 0.438783 0.449633
-0.257175 0.438621 0.449592
-0.257566 0.438434 0.449509
-0.257718 0.438275 0.449470
-0.258098 0.438092 0.449391
-0.258370 0.437810 0.449320
-0.258708 0.437707 0.449247
-0.258954 0.437460 0.449182
-0.259117 0.437402 0.449147
-0.259382 0.437130 0.449085
-0.259553 0.437067 0.449052
-0.259826 0.436792 0.448992
-0.259999 0.436729 0.448960
-0.260277 0.436456 0.448902
-0.260452 0.436395 0.448871
-0.260733 0.436124 0.448816
-0.260908 0.436064 0.448786
-0.261190 0.435795 0.448731
-0.261533 0.435707 0.448675
-0.261665 0.435579 0.448649
-0.262012 0.435436 0.448595
-0.262145 0.435293 0.448570
-0.262491 0.435133 0.448517
-0.262622 0.434985 0.448492
-0.262966 0.434820 0.448439
-0.263096 0.434670 0.448415
-0.263439 0.434502 0.448362
-0.263568 0.434350 0.448338
-0.263911 0.434181 0.448284
-0.264040 0.434029 0.448261
-0.264383 0.433859 0.448207
-0.264513 0.433707 0.448183
-0.264857 0.433536 0.448130
-0.264987 0.433384 0.448106
-0.265332 0.433212 0.448053
-0.265462 0.433060 0.448029
-0.265809 0.432889 0.447975
-0.265940 0.432736 0.447951
-0.266288 0.432565 0.447897
-0.266421 0.432412 0.447873
-0.266771 0.432240 0.447818
-0.266904 0.432088 0.447794
-0.267257 0.431916 0.447739
-0.267391 0.431764 0.447715
-0.268025 0.431550 0.447612
-0.268815 0.431669 0.447499
-0.269713 0.431906 0.447387
-0.270450 0.432116 0.447304
-0.271207 0.432341 0.447226
-0.271850 0.432533 0.447162
-0.272674 0.432788 0.447083
-0.273352 0.432993 0.447017
-0.274068 0.433211 0.446948
-0.274811 0.433437 0.446877
-0.275571 0.433668 0.446802
-0.276492 0.433952 0.446709
-0.277224 0.434169 0.446632
-0.278127 0.434441 0.446536
-0.278854 0.434651 0.446456
-0.279613 0.434869 0.446374
-0.280393 0.435093 0.446288
-0.281189 0.435320 0.446200
-0.281995 0.435548 0.446109
-0.282967 0.435826 0.445996
-0.283882 0.436083 0.445885
-0.284767 0.436327 0.445776
-0.285637 0.436562 0.445667
-0.286361 0.436751 0.445576
-0.287130 0.436951 0.445481
-0.288082 0.437205 0.445362
-0.288849 0.437403 0.445264
-0.289650 0.437606 0.445162
-0.290475 0.437815 0.445057
-0.291476 0.438073 0.444926
-0.292424 0.438313 0.444797
-0.293345 0.438540 0.444669
-0.294106 0.438721 0.444564
-0.295065 0.438952 0.444431
-0.295845 0.439135 0.444322
-0.296823 0.439367 0.444186
-0.297767 0.439588 0.444050
-0.298544 0.439763 0.443938
-0.299366 0.439945 0.443821
-0.300217 0.440134 0.443699
-0.301255 0.440369 0.443548
-0.301485 0.440417 0.443514
-0.301698 0.440341 0.443481
-0.301967 0.440285 0.443441
-0.302424 0.440034 0.443365
-0.302688 0.439982 0.443321
-0.303139 0.439730 0.443237
-0.303402 0.439676 0.443189
-0.303852 0.439417 0.443098
-0.304116 0.439359 0.443047
-0.304569 0.439094 0.442951
-0.304834 0.439033 0.442898
-0.305290 0.438762 0.442798
-0.305557 0.438699 0.442743
-0.306016 0.438424 0.442640
-0.306286 0.438359 0.442583
-0.306750 0.438080 0.442477
-0.307021 0.438013 0.442418
-0.307490 0.437732 0.442310
-0.307763 0.437663 0.442251
-0.308236 0.437379 0.442140
-0.308512 0.437310 0.442080
-0.308990 0.437023 0.441967
-0.309978 0.436888 0.441744
-0.311146 0.436968 0.441497
-0.312065 0.437073 0.441317
-0.313009 0.437198 0.441144
-0.314156 0.437368 0.440940
-0.315063 0.437503 0.440780
-0.316000 0.437646 0.440619
-0.317142 0.437828 0.440420
-0.318227 0.437997 0.440225
-0.318471 0.438030 0.440180
-0.319433 0.436028 0.440426
-0.319892 0.435472 0.440492
-0.321114 0.432904 0.440872
-0.322865 0.431535 0.441057
-0.324413 0.431686 0.440932
-0.325692 0.432001 0.440735
-0.326657 0.432222 0.440564
-0.327816 0.432465 0.440349
-0.328730 0.432635 0.440175
-0.329672 0.432794 0.439995
-0.330821 0.432982 0.439772
-0.331914 0.433137 0.439547
-0.332812 0.433246 0.439350
-0.333948 0.433378 0.439096
-0.334899 0.433444 0.438846
-0.335904 0.433505 0.438563
-0.337179 0.433541 0.438159
-0.338564 0.433498 0.437630
-0.340090 0.433336 0.436949
-0.341774 0.433306 0.436161
-0.343345 0.432869 0.435015
-0.344654 0.432698 0.434255
-0.346467 0.432309 0.433062
-0.348391 0.432170 0.432030
-0.351342 0.431695 0.430148
-0.355935 0.430853 0.427438
-0.361300 0.429409 0.425042
-0.367878 0.428173 0.422726
-0.375765 0.427055 0.420583
-0.385802 0.424211 0.418587
-0.394717 0.422895 0.418021
-0.401998 0.421581 0.417354
-0.408964 0.418703 0.417811
-0.409335 0.419676 0.420054
-0.413420 0.417097 0.419239
