-0.080727 0.886064 0.407064
-0.080761 0.885839 0.407101
-0.080780 0.885766 0.407112
-0.081148 0.885664 0.407103
-0.084464 0.883904 0.407247
-0.082454 0.881144 0.407992
-0.082952 0.881042 0.407980
-0.083177 0.881017 0.407970
-0.083407 0.880974 0.407963
-0.084462 0.880503 0.407956
-0.085564 0.880066 0.407958
-0.086661 0.879427 0.408032
-0.087258 0.878987 0.408111
-0.087419 0.878632 0.408194
-0.087575 0.878472 0.408223
-0.087635 0.877737 0.408387
-0.087317 0.877240 0.408497
-0.086926 0.876678 0.408614
-0.086630 0.876216 0.408705
-0.086344 0.875749 0.408795
-0.086060 0.875277 0.408884
-0.085777 0.874798 0.408975
-0.085495 0.874313 0.409065
-0.085448 0.874202 0.409084
-0.085358 0.874004 0.409046
-0.085269 0.873773 0.409048
-0.085165 0.873580 0.408995
-0.085073 0.873351 0.408990
-0.085911 0.872785 0.408992
-0.086679 0.872271 0.408971
-0.087088 0.871831 0.408987
-0.088149 0.870993 0.409023
-0.088989 0.870254 0.409045
-0.089400 0.868623 0.409277
-0.089225 0.868216 0.409327
-0.088220 0.866793 0.409583
-0.087958 0.866504 0.409608
-0.087257 0.865650 0.409723
-0.087039 0.865405 0.409729
-0.086467 0.864665 0.409803
-0.086119 0.864257 0.409800
-0.085677 0.863637 0.409869
-0.086433 0.862970 0.409896
-0.087132 0.862324 0.409941
-0.087465 0.861798 0.409967
-0.088458 0.860863 0.410009
-0.089247 0.859998 0.410082
-0.089624 0.858693 0.410209
-0.090398 0.857672 0.410297
-0.090245 0.853641 0.410993
-0.088556 0.851590 0.411413
-0.088426 0.851253 0.411472
-0.088029 0.850305 0.411636
-0.088022 0.850033 0.411679
-0.087982 0.849492 0.411764
-0.088064 0.849250 0.411798
-0.088111 0.848577 0.411900
-0.088214 0.848387 0.411926
-0.088353 0.847835 0.412004
-0.088488 0.847679 0.412022
-0.088627 0.847499 0.412042
-0.089604 0.846820 0.412071
-0.090623 0.846202 0.412107
-0.091256 0.845681 0.412159
-0.092480 0.844733 0.412228
-0.093598 0.843899 0.412305
-0.094245 0.843201 0.412395
-0.095433 0.842097 0.412502
-0.096488 0.841128 0.412612
-0.097263 0.839646 0.412840
-0.097436 0.838582 0.413027
-0.097200 0.837705 0.413183
-0.097118 0.836992 0.413302
-0.096896 0.836349 0.413406
-0.096863 0.835594 0.413521
-0.096800 0.835355 0.413556
-0.096955 0.834749 0.413638
-0.096942 0.834552 0.413664
-0.097228 0.833938 0.413742
-0.097227 0.833786 0.413761
-0.097607 0.833304 0.413814
-0.097631 0.833177 0.413829
-0.098539 0.832503 0.413866
-0.099515 0.831888 0.413910
-0.100127 0.831372 0.413964
-0.101343 0.830403 0.414046
-0.102459 0.829558 0.414133
-0.103111 0.828860 0.414223
-0.104308 0.827734 0.414341
-0.105373 0.826756 0.414459
-0.105960 0.825945 0.414575
-0.107085 0.824714 0.414720
-0.108573 0.822811 0.414989
-0.108521 0.820981 0.415296
-0.108450 0.820525 0.415371
-0.108033 0.819343 0.415552
-0.107989 0.819026 0.415597
-0.107762 0.818157 0.415716
-0.107789 0.817921 0.415746
-0.107757 0.817247 0.415832
-0.107917 0.816909 0.415874
-0.107958 0.816567 0.415915
-0.108207 0.816287 0.415946
-0.108313 0.815879 0.415993
-0.108453 0.815764 0.416005
-0.108691 0.815484 0.416032
-0.109066 0.815267 0.416053
-0.109300 0.814942 0.416086
-0.109474 0.814849 0.416093
-0.110540 0.814177 0.416148
-0.111487 0.813537 0.416214
-0.112179 0.813043 0.416273
-0.113508 0.812070 0.416377
-0.114566 0.811198 0.416486
-0.115281 0.810523 0.416580
-0.115700 0.809947 0.416663
-0.116219 0.809094 0.416792
-0.116286 0.808732 0.416845
-0.116510 0.808139 0.416928
-0.116533 0.807861 0.416964
-0.116756 0.807387 0.417021
-0.116793 0.806950 0.417073
-0.117012 0.806602 0.417111
-0.117074 0.806414 0.417131
-0.117398 0.806085 0.417163
-0.117495 0.805909 0.417180
-0.117872 0.805605 0.417207
-0.117989 0.805440 0.417222
-0.118511 0.805061 0.417255
-0.118597 0.804926 0.417266
-0.119099 0.804598 0.417289
-0.119188 0.804473 0.417299
-0.119708 0.804167 0.417317
-0.119804 0.804048 0.417324
-0.120342 0.803755 0.417339
-0.120443 0.803639 0.417346
-0.120995 0.803353 0.417357
-0.121101 0.803238 0.417363
-0.121330 0.803119 0.417366
-0.122422 0.802399 0.417427
-0.123387 0.801716 0.417499
-0.124094 0.801195 0.417560
-0.125422 0.800178 0.417675
-0.126481 0.799270 0.417791
-0.127760 0.797654 0.418038
-0.127779 0.797286 0.418096
-0.127909 0.796685 0.418182
-0.127896 0.796401 0.418218
-0.128058 0.795741 0.418298
-0.128028 0.795536 0.418321
-0.128233 0.795033 0.418372
-0.128196 0.794719 0.418401
-0.128406 0.794445 0.418422
-0.128442 0.794167 0.418444
-0.128749 0.793851 0.418464
-0.128742 0.793746 0.418470
-0.129033 0.793470 0.418482
-0.129017 0.793375 0.418485
-0.129235 0.793182 0.418488
-0.129234 0.793080 0.418491
-0.129512 0.792809 0.418497
-0.129111 0.792432 0.418506
-0.129450 0.791824 0.418558
-0.128891 0.791539 0.418565
-0.129264 0.790657 0.418650
-0.128568 0.790362 0.418660
-0.128573 0.790208 0.418679
-0.128610 0.789998 0.418699
-0.129467 0.789181 0.418780
-0.129667 0.788656 0.418845
-0.128664 0.787797 0.418961
-0.128734 0.787404 0.419019
-0.128804 0.786703 0.419112
-0.128147 0.786360 0.419175
-0.128099 0.785589 0.419270
-0.127879 0.785447 0.419293
-0.127444 0.784894 0.419358
-0.127236 0.784752 0.419379
-0.126826 0.784211 0.419440
-0.126596 0.784081 0.419457
-0.126110 0.783567 0.419510
-0.125855 0.783447 0.419525
-0.125469 0.783096 0.419557
-0.124894 0.782845 0.419584
-0.124551 0.782483 0.419613
-0.123982 0.782235 0.419636
-0.123625 0.781882 0.419662
-0.124380 0.781097 0.419738
-0.124919 0.780451 0.419816
-0.125124 0.779931 0.419881
-0.126053 0.778893 0.420001
-0.126612 0.778091 0.420111
-0.126511 0.776673 0.420306
-0.125807 0.776187 0.420369
-0.125376 0.775628 0.420423
-0.124725 0.775237 0.420457
-0.124092 0.774599 0.420502
-0.123774 0.774460 0.420510
-0.123055 0.773925 0.420536
-0.122729 0.773805 0.420540
-0.122008 0.773304 0.420556
-0.121685 0.773192 0.420557
-0.121173 0.772850 0.420564
-0.120507 0.772604 0.420562
-0.120079 0.772245 0.420568
-0.119216 0.771883 0.420563
-0.118418 0.771108 0.420578
-0.118130 0.770641 0.420593
-0.117837 0.770104 0.420614
-0.117597 0.769612 0.420635
-0.117392 0.769138 0.420656
-0.117165 0.768619 0.420680
-0.117009 0.768183 0.420700
-0.116892 0.767792 0.420719
-0.116722 0.767299 0.420743
-0.116517 0.766767 0.420768
-0.116372 0.766323 0.420789
-0.116262 0.765925 0.420808
-0.116098 0.765425 0.420832
-0.116077 0.765294 0.420839
-0.116413 0.764931 0.420875
-0.116448 0.764816 0.420884
-0.116853 0.764556 0.420918
-0.116974 0.764345 0.420938
-0.117142 0.764254 0.420950
-0.118219 0.763541 0.421042
-0.119193 0.762876 0.421138
-0.119915 0.762402 0.421211
-0.121302 0.761428 0.421350
-0.122438 0.760584 0.421479
-0.123987 0.759304 0.421691
-0.124109 0.759052 0.421725
-0.124414 0.758693 0.421773
-0.124478 0.758520 0.421789
-0.124758 0.758257 0.421821
-0.124827 0.758117 0.421833
-0.125129 0.757900 0.421859
-0.125198 0.757786 0.421868
-0.125495 0.757611 0.421891
-0.125557 0.757520 0.421898
-0.127329 0.756177 0.422094
-0.126159 0.756311 0.421985
-0.127489 0.754756 0.422207
-0.125144 0.755822 0.421938
-0.127481 0.753537 0.422299
-0.124665 0.754888 0.421938
-0.127170 0.752493 0.422343
-0.125107 0.753448 0.422090
-0.126798 0.751564 0.422380
-0.125079 0.752062 0.422217
-0.125540 0.751582 0.422278
-0.125801 0.751000 0.422349
-0.125666 0.750606 0.422373
-0.125151 0.750178 0.422378
-0.125124 0.749922 0.422393
-0.126027 0.749022 0.422510
-0.126529 0.748428 0.422593
-0.126314 0.747679 0.422630
-0.126138 0.747475 0.422635
-0.125578 0.746367 0.422663
-0.125522 0.745404 0.422722
-0.125103 0.744535 0.422746
-0.124546 0.743302 0.422779
-0.124459 0.743272 0.422779
-0.124334 0.743042 0.422783
-0.124145 0.742960 0.422777
-0.123854 0.742643 0.422773
-0.123610 0.742519 0.422765
-0.123086 0.741971 0.422754
-0.122827 0.741840 0.422744
-0.122264 0.741281 0.422727
-0.121993 0.741151 0.422715
-0.121564 0.740759 0.422699
-0.121261 0.740610 0.422684
-0.120783 0.740187 0.422663
-0.120462 0.740024 0.422647
-0.119955 0.739580 0.422623
-0.119623 0.739409 0.422605
-0.119097 0.738950 0.422578
-0.118758 0.738773 0.422559
-0.118221 0.738304 0.422529
-0.117561 0.737959 0.422488
-0.117132 0.737507 0.422462
-0.116821 0.737337 0.422443
-0.115791 0.736287 0.422387
-0.115317 0.735454 0.422377
-0.115224 0.735217 0.422378
-0.115306 0.734791 0.422400
-0.115300 0.734338 0.422420
-0.115393 0.734145 0.422437
-0.115530 0.733532 0.422483
-0.115643 0.733378 0.422501
-0.116687 0.732587 0.422628
-0.117632 0.731828 0.422755
-0.119002 0.730570 0.422965
-0.119172 0.729664 0.423048
-0.118819 0.728693 0.423077
-0.118519 0.727956 0.423091
-0.118230 0.727219 0.423107
-0.117948 0.726481 0.423123
-0.117670 0.725742 0.423141
-0.117626 0.725557 0.423146
-0.117247 0.725261 0.423133
-0.117104 0.725038 0.423131
-0.116590 0.724662 0.423108
-0.116398 0.724401 0.423102
-0.116098 0.724169 0.423088
-0.116752 0.723285 0.423185
-0.117407 0.722413 0.423289
-0.117608 0.721763 0.423346
-0.118543 0.720584 0.423491
-0.119345 0.719498 0.423626
-0.119615 0.718692 0.423702
-0.120569 0.717391 0.423860
-0.121364 0.716209 0.424004
-0.121604 0.714644 0.424118
-0.120464 0.711987 0.424091
-0.119766 0.710823 0.424036
-0.119093 0.709649 0.423987
-0.118688 0.708819 0.423965
-0.118255 0.707884 0.423949
-0.117967 0.707166 0.423945
-0.117558 0.706200 0.423942
-0.117336 0.705560 0.423946
-0.117112 0.704878 0.423952
-0.116753 0.703942 0.423959
-0.116711 0.703756 0.423962
-0.116355 0.703458 0.423940
-0.116222 0.703231 0.423934
-0.115980 0.703033 0.423917
-0.116691 0.702178 0.424028
-0.117396 0.701332 0.424147
-0.117653 0.700714 0.424209
-0.118649 0.699567 0.424372
-0.119508 0.698512 0.424523
-0.119926 0.697160 0.424640
-0.119910 0.696605 0.424658
-0.119448 0.695777 0.424630
-0.118287 0.693887 0.424511
-0.117674 0.692746 0.424446
-0.117316 0.691927 0.424416
-0.116931 0.690999 0.424393
-0.116674 0.690280 0.424384
-0.116498 0.689693 0.424382
-0.116552 0.689533 0.424393
-0.116646 0.688957 0.424428
-0.116746 0.688814 0.424446
-0.116907 0.688430 0.424484
-0.117874 0.687614 0.424638
-0.118872 0.686904 0.424800
-0.119533 0.686328 0.424914
-0.120869 0.685231 0.425134
-0.122084 0.684331 0.425339
-0.122870 0.683627 0.425479
-0.124270 0.682435 0.425718
-0.125514 0.681466 0.425935
-0.127028 0.679796 0.426229
-0.127269 0.679502 0.426273
-0.127539 0.678488 0.426342
-0.127391 0.677854 0.426339
-0.127196 0.677193 0.426333
-0.126987 0.676507 0.426329
-0.126773 0.675803 0.426328
-0.126437 0.674865 0.426323
-0.126200 0.674129 0.426322
-0.126026 0.673496 0.426324
-0.125895 0.672950 0.426328
-0.125724 0.672834 0.426314
-0.125442 0.672428 0.426292
-0.125213 0.672269 0.426270
-0.124846 0.671783 0.426236
-0.124584 0.671588 0.426210
-0.124166 0.671042 0.426168
-0.123885 0.670822 0.426139
-0.123435 0.670232 0.426093
-0.122868 0.669775 0.426030
-0.122488 0.669184 0.425989
-0.123266 0.668243 0.426129
-0.124010 0.667331 0.426272
-0.124316 0.666676 0.426347
-0.125346 0.665494 0.426542
-0.126233 0.664416 0.426720
-0.127660 0.662930 0.426991
-0.128787 0.661650 0.427218
-0.129541 0.660093 0.427405
-0.129446 0.658317 0.427428
-0.128893 0.656972 0.427340
-0.128534 0.656102 0.427285
-0.128166 0.655155 0.427238
-0.127871 0.654316 0.427210
-0.127675 0.653639 0.427197
-0.127430 0.652820 0.427186
-0.127203 0.652044 0.427179
-0.126990 0.651287 0.427174
-0.126785 0.650539 0.427170
-0.126756 0.650345 0.427172
-0.126890 0.650000 0.427201
-0.126949 0.649588 0.427225
-0.127045 0.649420 0.427245
-0.128053 0.648587 0.427437
-0.128974 0.647783 0.427624
-0.129648 0.647210 0.427760
-0.131008 0.646113 0.428028
-0.132144 0.645138 0.428264
-0.133469 0.643998 0.428540
-0.133798 0.643588 0.428613
-0.134300 0.643039 0.428714
-0.134435 0.642776 0.428744
-0.134743 0.642382 0.428803
-0.134833 0.642157 0.428824
-0.135102 0.641804 0.428876
-0.135185 0.641591 0.428897
-0.135556 0.641070 0.428982
-0.135593 0.640907 0.428996
-0.135814 0.640625 0.429043
-0.135932 0.640268 0.429080
-0.136151 0.640017 0.429128
-0.136274 0.639680 0.429166
-0.136394 0.639544 0.429192
-0.136586 0.639164 0.429241
-0.136840 0.638909 0.429297
-0.136930 0.638728 0.429321
-0.137213 0.638434 0.429382
-0.137309 0.638241 0.429408
-0.137598 0.637932 0.429470
-0.137752 0.637566 0.429518
-0.137880 0.637422 0.429546
-0.138890 0.636587 0.429752
-0.139813 0.635780 0.429951
-0.140494 0.635214 0.430096
-0.141839 0.634105 0.430377
-0.142965 0.633123 0.430624
-0.143765 0.632451 0.430797
-0.145170 0.631273 0.431096
-0.146318 0.630266 0.431346
-0.147631 0.629192 0.431607
-0.147925 0.628914 0.431638
-0.148337 0.628683 0.431655
-0.148455 0.628443 0.431570
-0.148429 0.628105 0.431547
-0.148364 0.627388 0.431576
-0.148299 0.626211 0.431659
-0.148280 0.625736 0.431715
-0.148160 0.625553 0.431726
-0.147959 0.625023 0.431745
-0.147780 0.624799 0.431745
-0.147491 0.624191 0.431749
-0.147273 0.623945 0.431739
-0.147082 0.623612 0.431732
-0.147795 0.622552 0.431917
-0.148365 0.621658 0.432082
-0.148662 0.620927 0.432181
-0.149671 0.619616 0.432433
-0.150530 0.618450 0.432653
-0.151084 0.617091 0.432834
-0.151152 0.616556 0.432869
-0.150911 0.615802 0.432865
-0.150784 0.615404 0.432860
-0.150340 0.614781 0.432814
-0.150163 0.614415 0.432795
-0.149455 0.613592 0.432702
-0.149293 0.613266 0.432680
-0.148824 0.612745 0.432615
-0.148646 0.612417 0.432590
-0.148158 0.611889 0.432519
-0.147974 0.611558 0.432492
-0.148680 0.610503 0.432670
-0.149248 0.609612 0.432830
-0.149700 0.608328 0.432982
-0.149654 0.607931 0.432997
-0.149350 0.606866 0.432974
-0.149144 0.606642 0.432944
-0.148802 0.606058 0.432890
-0.148566 0.605837 0.432853
-0.148032 0.605003 0.432764
-0.147804 0.604810 0.432727
-0.147444 0.604260 0.432667
-0.146989 0.603859 0.432592
-0.146826 0.603573 0.432565
-0.146380 0.603109 0.432492
-0.145826 0.602082 0.432399
-0.145650 0.601542 0.432372
-0.145652 0.601316 0.432371
-0.145665 0.600770 0.432379
-0.145725 0.600556 0.432391
-0.145816 0.600043 0.432416
-0.145903 0.599847 0.432435
-0.146033 0.599366 0.432471
-0.146135 0.599184 0.432493
-0.146312 0.598447 0.432557
-0.146263 0.597783 0.432583
-0.146191 0.597229 0.432595
-0.146242 0.597088 0.432608
-0.146339 0.596673 0.432639
-0.146434 0.596511 0.432660
-0.146584 0.596080 0.432703
-0.146695 0.595917 0.432729
-0.147644 0.595043 0.432955
-0.148516 0.594197 0.433175
-0.149159 0.593608 0.433333
-0.150441 0.592464 0.433648
-0.151522 0.591449 0.433926
-0.152818 0.590314 0.434253
-0.153164 0.589920 0.434344
-0.153685 0.589423 0.434467
-0.153838 0.589181 0.434506
-0.154242 0.588738 0.434596
-0.154312 0.588559 0.434615
-0.154541 0.588272 0.434664
-0.154619 0.588075 0.434685
-0.155502 0.587138 0.434910
-0.156388 0.586333 0.435137
-0.156993 0.585699 0.435295
-0.158207 0.584485 0.435613
-0.159302 0.583509 0.435901
-0.160519 0.582278 0.436230
-0.161171 0.581729 0.436394
-0.161361 0.581483 0.436444
-0.161722 0.581146 0.436523
-0.161838 0.580946 0.436551
-0.162197 0.580565 0.436627
-0.162263 0.580396 0.436645
-0.162488 0.580123 0.436693
-0.163365 0.579253 0.436925
-0.164179 0.578398 0.437151
-0.164787 0.577809 0.437313
-0.166000 0.576630 0.437643
-0.167029 0.575580 0.437934
-0.168274 0.574420 0.438276
-0.168612 0.574023 0.438372
-0.169126 0.573534 0.438500
-0.169279 0.573297 0.438540
-0.169597 0.572965 0.438609
-0.169766 0.572595 0.438653
-0.169882 0.572462 0.438676
-0.170062 0.572078 0.438720
-0.170181 0.571941 0.438743
-0.170367 0.571551 0.438789
-0.170488 0.571412 0.438813
-0.170676 0.571019 0.438860
-0.170799 0.570879 0.438886
-0.170914 0.570660 0.438913
-0.171773 0.569669 0.439155
-0.172631 0.568821 0.439394
-0.173985 0.567458 0.439780
-0.175101 0.566288 0.440110
-0.176591 0.564693 0.440554
-0.177851 0.563470 0.440926
-0.178703 0.562582 0.441179
-0.179770 0.561617 0.441475
-0.180071 0.561275 0.441555
-0.180549 0.560857 0.441664
-0.180796 0.560477 0.441720
-0.181044 0.560270 0.441766
-0.181134 0.560095 0.441784
-0.181461 0.559765 0.441843
-0.181527 0.559602 0.441858
-0.181749 0.559347 0.441898
-0.181830 0.559161 0.441915
-0.182067 0.558873 0.441961
-0.182149 0.558675 0.441980
-0.182455 0.558286 0.442044
-0.182514 0.558111 0.442060
-0.182725 0.557830 0.442104
-0.182799 0.557637 0.442123
-0.183033 0.557338 0.442171
-0.183114 0.557137 0.442191
-0.183352 0.556821 0.442240
-0.183432 0.556620 0.442261
-0.184226 0.555605 0.442504
-0.185031 0.554727 0.442742
-0.185586 0.554044 0.442905
-0.186680 0.552723 0.443240
-0.187679 0.551649 0.443537
-0.188359 0.550847 0.443735
-0.189523 0.549436 0.444093
-0.190566 0.548299 0.444403
-0.191755 0.546912 0.444742
-0.192135 0.546536 0.444833
-0.192598 0.545925 0.444934
-0.192795 0.545740 0.444969
-0.193136 0.545162 0.445030
-0.193252 0.545049 0.445053
-0.193450 0.544674 0.445093
-0.193573 0.544549 0.445117
-0.193766 0.544169 0.445160
-0.193882 0.544056 0.445184
-0.194063 0.543696 0.445225
-0.194186 0.543581 0.445250
-0.194380 0.543221 0.445292
-0.194509 0.543078 0.445317
-0.194714 0.542682 0.445361
-0.194834 0.542561 0.445386
-0.195034 0.542178 0.445430
-0.195158 0.542035 0.445456
-0.195353 0.541633 0.445501
-0.195475 0.541522 0.445526
-0.195668 0.541150 0.445570
-0.195791 0.541019 0.445594
-0.195974 0.540637 0.445637
-0.196090 0.540511 0.445661
-0.196270 0.540153 0.445703
-0.196503 0.539944 0.445748
-0.196590 0.539767 0.445765
-0.196840 0.539494 0.445807
-0.196930 0.539298 0.445824
-0.197188 0.539011 0.445867
-0.197281 0.538823 0.445884
-0.197542 0.538557 0.445925
-0.197638 0.538351 0.445942
-0.197899 0.538043 0.445983
-0.197990 0.537835 0.446001
-0.198237 0.537546 0.446042
-0.198327 0.537354 0.446060
-0.198575 0.537079 0.446100
-0.198669 0.536895 0.446116
-0.198930 0.536593 0.446157
-0.199021 0.536390 0.446173
-0.199274 0.536078 0.446213
-0.199367 0.535875 0.446230
-0.199618 0.535592 0.446269
-0.199707 0.535401 0.446285
-0.199959 0.535135 0.446322
-0.200056 0.534943 0.446337
-0.200398 0.534620 0.446386
-0.200466 0.534446 0.446397
-0.200695 0.534182 0.446427
-0.200780 0.533985 0.446441
-0.201021 0.533715 0.446475
-0.201112 0.533526 0.446490
-0.201367 0.533234 0.446524
-0.201523 0.532843 0.446552
-0.201817 0.532611 0.446595
-0.201882 0.532461 0.446605
-0.202109 0.532222 0.446631
-0.202195 0.532036 0.446643
-0.202438 0.531764 0.446672
-0.202523 0.531582 0.446685
-0.202773 0.531322 0.446714
-0.202864 0.531132 0.446727
-0.203124 0.530854 0.446757
-0.203221 0.530656 0.446770
-0.203484 0.530374 0.446800
-0.203575 0.530187 0.446813
-0.203834 0.529912 0.446841
-0.203927 0.529717 0.446854
-0.204185 0.529428 0.446883
-0.204280 0.529225 0.446896
-0.204541 0.528935 0.446924
-0.204637 0.528739 0.446937
-0.204902 0.528461 0.446965
-0.204997 0.528275 0.446976
-0.205264 0.528014 0.447002
-0.205362 0.527826 0.447014
-0.205724 0.527502 0.447047
-0.205803 0.527330 0.447055
-0.206516 0.526282 0.447272
-0.207256 0.525389 0.447483
-0.207781 0.524716 0.447631
-0.208788 0.523358 0.447943
-0.209727 0.522286 0.448218
-0.210393 0.521507 0.448408
-0.211489 0.520093 0.448750
-0.212420 0.518868 0.449046
-0.213126 0.518083 0.449251
-0.214252 0.516674 0.449606
-0.215207 0.515462 0.449911
-0.216455 0.514229 0.450266
-0.217106 0.513586 0.450436
-0.217590 0.513349 0.450521
-0.217761 0.513185 0.450547
-0.218133 0.512982 0.450584
-0.218268 0.512817 0.450596
-0.218709 0.512565 0.450624
-0.218802 0.512419 0.450629
-0.219070 0.512219 0.450640
-0.219170 0.512048 0.450645
-0.219446 0.511821 0.450657
-0.219549 0.511645 0.450663
-0.219824 0.511413 0.450675
-0.219927 0.511236 0.450680
-0.220210 0.510993 0.450692
-0.220316 0.510810 0.450697
-0.220601 0.510558 0.450708
-0.220705 0.510375 0.450713
-0.220986 0.510124 0.450723
-0.221089 0.509949 0.450727
-0.221371 0.509707 0.450735
-0.221559 0.509386 0.450741
-0.221689 0.509286 0.450744
-0.221811 0.509101 0.450749
-0.221975 0.508952 0.450753
-0.222119 0.508734 0.450759
-0.222457 0.508453 0.450768
-0.222579 0.508268 0.450772
-0.222891 0.508022 0.450778
-0.223008 0.507844 0.450780
-0.223312 0.507600 0.450784
-0.223428 0.507425 0.450786
-0.223730 0.507192 0.450788
-0.223843 0.507018 0.450789
-0.224143 0.506781 0.450791
-0.224256 0.506600 0.450792
-0.224557 0.506350 0.450794
-0.224669 0.506165 0.450795
-0.224969 0.505913 0.450796
-0.225082 0.505732 0.450797
-0.225382 0.505478 0.450798
-0.225496 0.505296 0.450798
-0.225797 0.505050 0.450798
-0.225910 0.504871 0.450798
-0.226210 0.504620 0.450797
-0.226323 0.504442 0.450796
-0.226626 0.504199 0.450794
-0.226741 0.504019 0.450794
-0.227046 0.503774 0.450791
-0.227161 0.503598 0.450790
-0.227467 0.503362 0.450786
-0.227584 0.503184 0.450784
-0.227893 0.502949 0.450779
-0.228011 0.502775 0.450777
-0.228325 0.502537 0.450771
-0.228445 0.502363 0.450768
-0.228762 0.502138 0.450761
-0.228884 0.501963 0.450758
-0.229201 0.501723 0.450750
-0.229322 0.501546 0.450747
-0.229640 0.501312 0.450738
-0.229761 0.501137 0.450734
-0.230080 0.500897 0.450725
-0.230201 0.500716 0.450721
-0.230521 0.500468 0.450712
-0.230642 0.500290 0.450708
-0.231293 0.499183 0.450900
-0.231985 0.498252 0.451080
-0.233043 0.496711 0.451399
-0.233949 0.495409 0.451669
-0.234660 0.494589 0.451850
-0.235725 0.493129 0.452167
-0.236640 0.491885 0.452434
-0.237363 0.491109 0.452611
-0.237910 0.490535 0.452730
-0.238391 0.490180 0.452807
-0.239078 0.489666 0.452891
-0.239387 0.489563 0.452907
-0.239870 0.489288 0.452922
-0.240118 0.489235 0.452919
-0.240523 0.488996 0.452910
-0.240745 0.488944 0.452900
-0.241458 0.487937 0.453086
-0.242128 0.486960 0.453261
-0.242683 0.486338 0.453374
-0.243613 0.484977 0.453642
-0.244429 0.483783 0.453873
-0.245506 0.482034 0.454222
-0.246484 0.480717 0.454500
-0.247204 0.479803 0.454685
-0.248213 0.478232 0.455004
-0.249075 0.476903 0.455266
-0.250296 0.475583 0.455541
-0.250698 0.475190 0.455609
-0.251671 0.474772 0.455673
-0.251888 0.474647 0.455674
-0.252368 0.474528 0.455653
-0.252556 0.474406 0.455641
-0.252994 0.474278 0.455603
-0.253166 0.474147 0.455586
-0.253748 0.473987 0.455520
-0.253888 0.473868 0.455501
-0.254257 0.473726 0.455454
-0.254403 0.473584 0.455433
-0.254777 0.473414 0.455384
-0.255305 0.472998 0.455284
-0.255511 0.472562 0.455203
-0.255551 0.472114 0.455152
-0.255523 0.471680 0.455120
-0.255433 0.471594 0.455116
-0.255243 0.471228 0.455107
-0.255084 0.471089 0.455107
-0.254775 0.470640 0.455105
-0.254566 0.470469 0.455108
-0.254172 0.469968 0.455111
-0.253927 0.469776 0.455116
-0.253472 0.469240 0.455124
-0.253201 0.469033 0.455132
-0.252702 0.468473 0.455143
-0.252413 0.468256 0.455152
-0.251882 0.467679 0.455167
-0.251580 0.467454 0.455177
-0.250567 0.466455 0.455205
-0.249696 0.465461 0.455227
-0.249190 0.464747 0.455243
-0.248772 0.464057 0.455257
-0.248675 0.463839 0.455260
-0.248865 0.463229 0.453531
-0.248669 0.462286 0.452341
-0.248296 0.461599 0.452250
-0.248009 0.461018 0.452257
-0.247866 0.460640 0.452263
-0.247986 0.460358 0.451322
-0.248096 0.459747 0.450035
-0.248380 0.459166 0.447790
-0.248280 0.458320 0.446312
-0.248011 0.457760 0.446207
-0.247720 0.457163 0.446212
-0.247426 0.456548 0.446225
-0.247136 0.455922 0.446235
-0.246786 0.455208 0.446240
-0.246719 0.455016 0.446241
-0.246725 0.454739 0.446235
-0.246715 0.454532 0.446234
-0.246810 0.454254 0.446224
-0.246836 0.454054 0.446221
-0.246989 0.453793 0.446209
-0.247038 0.453601 0.446204
-0.247232 0.453356 0.446188
-0.247299 0.453172 0.446183
-0.247524 0.452939 0.446164
-0.247604 0.452760 0.446157
-0.247852 0.452536 0.446135
-0.247943 0.452361 0.446127
-0.248209 0.452144 0.446103
-0.248745 0.451087 0.446270
-0.249255 0.450061 0.446428
-0.249691 0.449408 0.446528
-0.250452 0.448002 0.446771
-0.251127 0.446771 0.446979
-0.252135 0.445552 0.447200
-0.253300 0.444716 0.447324
-0.253736 0.444381 0.447301
-0.253856 0.444002 0.447269
-0.253861 0.443841 0.447262
-0.253994 0.443627 0.447237
-0.254037 0.443449 0.447227
-0.254230 0.443225 0.447199
-0.254297 0.443049 0.447187
-0.254530 0.442832 0.447156
-0.254613 0.442660 0.447143
-0.255073 0.442383 0.447081
-0.255710 0.442461 0.447007
-0.256286 0.442611 0.446949
-0.256927 0.442803 0.446892
-0.257740 0.443069 0.446822
-0.258649 0.443377 0.446742
-0.259270 0.443575 0.446685
-0.259542 0.443473 0.445722
-0.260090 0.443394 0.444391
-0.260429 0.443268 0.443114
-0.261051 0.443193 0.441471
-0.261402 0.443081 0.440121
-0.262038 0.443037 0.438411
-0.262384 0.442939 0.437047
-0.263015 0.442924 0.435329
-0.263351 0.442839 0.433964
-0.264377 0.442999 0.431607
-0.265129 0.443383 0.431295
-0.265960 0.443802 0.431275
-0.266607 0.444082 0.431274
-0.267279 0.444344 0.431259
-0.268103 0.444654 0.431224
-0.268893 0.444936 0.431177
-0.269545 0.445153 0.431132
-0.270238 0.445378 0.431081
-0.271094 0.445663 0.431012
-0.271786 0.445884 0.430954
-0.272510 0.446112 0.430891
-0.273256 0.446346 0.430824
-0.273469 0.446408 0.430805
-0.274613 0.444565 0.431099
-0.276420 0.443610 0.431301
-0.277585 0.443894 0.431259
-0.278412 0.444169 0.431195
-0.279226 0.444434 0.431121
-0.280188 0.444745 0.431024
-0.281085 0.445024 0.430928
-0.281809 0.445237 0.430849
-0.282567 0.445456 0.430766
-0.283495 0.445730 0.430662
-0.284239 0.445940 0.430578
-0.285161 0.446204 0.430471
-0.286045 0.446455 0.430366
-0.286910 0.446695 0.430262
-0.287629 0.446886 0.430176
-0.287842 0.446938 0.430151
-0.288932 0.445035 0.430441
-0.290695 0.443988 0.430619
-0.291685 0.444164 0.430568
-0.292773 0.444482 0.430460
-0.293597 0.444718 0.430365
-0.294430 0.444945 0.430263
-0.295271 0.445168 0.430157
-0.296118 0.445387 0.430048
-0.296971 0.445602 0.429936
-0.297990 0.445861 0.429796
-0.298946 0.446096 0.429659
-0.299868 0.446311 0.429520
-0.300774 0.446514 0.429376
-0.301666 0.446705 0.429219
-0.302408 0.446826 0.429073
-0.303227 0.446948 0.428899
-0.304235 0.447062 0.428646
-0.305064 0.447039 0.428348
-0.306003 0.447092 0.428014
-0.306485 0.445927 0.428042
-0.307042 0.445037 0.428206
-0.308442 0.442262 0.428862
-0.310458 0.440988 0.429511
-0.311748 0.441266 0.429536
-0.312680 0.441492 0.429429
-0.313630 0.441676 0.429258
-0.314614 0.441791 0.429022
-0.315812 0.441881 0.428664
-0.316107 0.441833 0.428524
-0.316095 0.443827 0.427923
-0.316521 0.443611 0.427093
-0.316730 0.445179 0.425479
-0.319144 0.443703 0.421149
-0.320912 0.443696 0.420215
-0.324141 0.442734 0.418263
-0.327805 0.440921 0.417045
-0.330416 0.440918 0.416243
-0.333850 0.438404 0.414814
-0.336273 0.437474 0.414227
-0.339127 0.437370 0.413522
-0.342921 0.437023 0.412088
-0.347901 0.438056 0.410987
-0.352012 0.437507 0.409930
-0.356834 0.439235 0.408838
-0.364773 0.440309 0.407111
-0.373460 0.439694 0.405501
-0.380413 0.439029 0.404856
-0.386889 0.440187 0.403553
-0.395278 0.438415 0.403337
-0.400926 0.436080 0.404378
-0.407089 0.434255 0.405668
-0.412729 0.432288 0.406374
-0.415875 0.431189 0.406716
-0.419995 0.430836 0.406334
-0.425044 0.429346 0.406435
