-0.080727 0.886065 0.407064
-0.081507 0.886131 0.406997
-0.081535 0.886035 0.407011
-0.082226 0.885963 0.406975
-0.082223 0.885805 0.407002
-0.082945 0.885765 0.406951
-0.082976 0.885664 0.406964
-0.083673 0.885575 0.406924
-0.083672 0.885412 0.406950
-0.084398 0.885364 0.406896
-0.084431 0.885261 0.406909
-0.085131 0.885166 0.406865
-0.085164 0.885060 0.406878
-0.087611 0.883469 0.407029
-0.087383 0.882101 0.407457
-0.087371 0.881948 0.407485
-0.089737 0.880272 0.407663
-0.088638 0.878322 0.408225
-0.088508 0.878067 0.408277
-0.088951 0.877718 0.408304
-0.088869 0.877461 0.408344
-0.089614 0.877377 0.408292
-0.089637 0.877251 0.408306
-0.090387 0.877167 0.408256
-0.090411 0.877042 0.408270
-0.091164 0.876958 0.408218
-0.093586 0.875312 0.408377
-0.093204 0.874488 0.408619
-0.092413 0.873088 0.408976
-0.094737 0.871309 0.409167
-0.094293 0.870405 0.409415
-0.093338 0.868801 0.409794
-0.093283 0.868587 0.409827
-0.093869 0.868337 0.409818
-0.093879 0.868181 0.409836
-0.094583 0.868059 0.409800
-0.094606 0.867911 0.409815
-0.095354 0.867797 0.409765
-0.095372 0.867648 0.409782
-0.096105 0.867541 0.409736
-0.096126 0.867394 0.409752
-0.096865 0.867286 0.409703
-0.096888 0.867138 0.409719
-0.097629 0.867026 0.409667
-0.097591 0.866783 0.409700
-0.098380 0.866735 0.409632
-0.098408 0.866590 0.409647
-0.099171 0.866479 0.409585
-0.099193 0.866328 0.409602
-0.099936 0.866209 0.409545
-0.099899 0.865962 0.409578
-0.100675 0.865902 0.409509
-0.100657 0.865666 0.409537
-0.101467 0.865613 0.409455
-0.101499 0.865465 0.409470
-0.102272 0.865336 0.409398
-0.102296 0.865181 0.409414
-0.103046 0.865044 0.409348
-0.103013 0.864788 0.409380
-0.103795 0.864711 0.409302
-0.103781 0.864466 0.409329
-0.104598 0.864393 0.409236
-0.104632 0.864239 0.409250
-0.105403 0.864096 0.409171
-0.105373 0.863834 0.409202
-0.106180 0.863739 0.409107
-0.106216 0.863582 0.409122
-0.106997 0.863413 0.409032
-0.107027 0.863251 0.409048
-0.107795 0.863064 0.408959
-0.107825 0.862900 0.408975
-0.108594 0.862705 0.408883
-0.108625 0.862539 0.408899
-0.109387 0.862351 0.408809
-0.109422 0.862183 0.408824
-0.110201 0.861965 0.408721
-0.110232 0.861794 0.408737
-0.111007 0.861569 0.408633
-0.111039 0.861396 0.408649
-0.111807 0.861182 0.408548
-0.111844 0.861008 0.408562
-0.112627 0.860758 0.408447
-0.112662 0.860581 0.408462
-0.113433 0.860346 0.408353
-0.113411 0.860048 0.408382
-0.114212 0.859886 0.408262
-0.114214 0.859594 0.408277
-0.115077 0.859395 0.408071
-0.115084 0.858939 0.408013
-0.115959 0.858713 0.407772
-0.116023 0.858193 0.407653
-0.116923 0.857885 0.407355
-0.116996 0.857116 0.407134
-0.117818 0.856835 0.406883
-0.117962 0.856000 0.406593
-0.118792 0.855676 0.406309
-0.118942 0.854561 0.405904
-0.119584 0.854333 0.405726
-0.119884 0.852992 0.405177
-0.120525 0.852763 0.404990
-0.122833 0.850903 0.405151
-0.121237 0.849027 0.406204
-0.121720 0.848754 0.406195
-0.123850 0.846942 0.406486
-0.122028 0.845458 0.407795
-0.122444 0.845473 0.407949
-0.122317 0.845280 0.408107
-0.123150 0.845393 0.408001
-0.123169 0.845153 0.408030
-0.124028 0.845060 0.407831
-0.124059 0.844733 0.407821
-0.124937 0.844487 0.407549
-0.124947 0.843955 0.407483
-0.125810 0.843695 0.407206
-0.125864 0.843113 0.407092
-0.126741 0.842795 0.406777
-0.126799 0.842160 0.406640
-0.127727 0.841709 0.406230
-0.127777 0.841216 0.406148
-0.128687 0.840586 0.405677
-0.128755 0.840290 0.405640
-0.129615 0.839449 0.405135
-0.129673 0.839149 0.405104
-0.130491 0.838416 0.404667
-0.130552 0.838111 0.404633
-0.131366 0.837363 0.404189
-0.131426 0.837056 0.404155
-0.132230 0.836304 0.403712
-0.132240 0.835773 0.403653
-0.133070 0.835133 0.403207
-0.133132 0.834837 0.403178
-0.133927 0.834051 0.402719
-0.133983 0.833758 0.402698
-0.134761 0.833004 0.402262
-0.134816 0.832715 0.402244
-0.135381 0.832457 0.402093
-0.136283 0.829894 0.403623
-0.136138 0.829667 0.403801
-0.136578 0.829505 0.403800
-0.137114 0.827359 0.405762
-0.137026 0.827243 0.405930
-0.137603 0.827477 0.406074
-0.137654 0.827319 0.406114
-0.138471 0.827208 0.405931
-0.138528 0.826984 0.405940
-0.139344 0.826625 0.405656
-0.139360 0.826194 0.405638
-0.140221 0.825786 0.405277
-0.140288 0.825512 0.405261
-0.141108 0.824959 0.404891
-0.141172 0.824668 0.404871
-0.141982 0.824060 0.404485
-0.142046 0.823762 0.404462
-0.142848 0.823129 0.404069
-0.142862 0.822621 0.404028
-0.143695 0.822093 0.403627
-0.143762 0.821800 0.403606
-0.144557 0.821197 0.403224
-0.144570 0.820696 0.403189
-0.145285 0.820393 0.402948
-0.146842 0.818149 0.403962
-0.146076 0.817660 0.404595
-0.146477 0.817711 0.404782
-0.146532 0.817517 0.404815
-0.147331 0.817302 0.404597
-0.147399 0.817051 0.404596
-0.148218 0.816578 0.404256
-0.148281 0.816301 0.404249
-0.149062 0.815850 0.403941
-0.149136 0.815552 0.403918
-0.149947 0.814894 0.403507
-0.150010 0.814596 0.403493
-0.150794 0.814020 0.403132
-0.150860 0.813717 0.403114
-0.151645 0.813126 0.402745
-0.151712 0.812821 0.402727
-0.152482 0.812294 0.402393
-0.152556 0.811981 0.402368
-0.153340 0.811353 0.401984
-0.153408 0.811042 0.401965
-0.154148 0.810581 0.401673
-0.155588 0.808397 0.402825
-0.155197 0.808093 0.403211
-0.155345 0.808048 0.403575
-0.155399 0.807837 0.403611
-0.156190 0.807596 0.403386
-0.156262 0.807330 0.403384
-0.157071 0.806847 0.403045
-0.157137 0.806559 0.403038
-0.157924 0.806053 0.402703
-0.157994 0.805751 0.402689
-0.158779 0.805203 0.402339
-0.158849 0.804896 0.402323
-0.159630 0.804331 0.401969
-0.159700 0.804022 0.401954
-0.160477 0.803453 0.401600
-0.160548 0.803143 0.401585
-0.161313 0.802635 0.401263
-0.161391 0.802317 0.401240
-0.162160 0.801785 0.400906
-0.162190 0.801257 0.400866
-0.162971 0.800507 0.400416
-0.153672 0.808605 0.390608
-0.136203 0.821141 0.375769
-0.135230 0.821643 0.375760
-0.134704 0.821522 0.375732
-0.134272 0.821488 0.375721
-0.134498 0.820936 0.375505
-0.134194 0.820726 0.375507
-0.134228 0.820183 0.375329
-0.134307 0.819720 0.375175
-0.134355 0.819306 0.375051
-0.134502 0.818668 0.374874
-0.134770 0.817956 0.374651
-0.134895 0.817398 0.374497
-0.135102 0.816723 0.374315
-0.135406 0.815940 0.374092
-0.135593 0.815328 0.373928
-0.135773 0.814676 0.373758
-0.135969 0.813989 0.373576
-0.136237 0.813353 0.373390
-0.136421 0.812751 0.373225
-0.136676 0.812115 0.373043
-0.136909 0.811513 0.372875
-0.137223 0.810806 0.372669
-0.137575 0.810132 0.372456
-0.137941 0.809412 0.372235
-0.138250 0.808799 0.372046
-0.138594 0.808220 0.371853
-0.138898 0.807575 0.371675
-0.139199 0.806967 0.371508
-0.139642 0.806288 0.371287
-0.140032 0.805624 0.371089
-0.140388 0.805017 0.370909
-0.140747 0.804387 0.370739
-0.141047 0.803775 0.370592
-0.141441 0.803122 0.370416
-0.141790 0.802514 0.370263
-0.142129 0.801900 0.370121
-0.142463 0.801312 0.369987
-0.142846 0.800687 0.369838
-0.143223 0.800020 0.369693
-0.143558 0.799460 0.369564
-0.143899 0.798869 0.369432
-0.144192 0.798331 0.369329
-0.144509 0.797790 0.369224
-0.144850 0.797220 0.369110
-0.145207 0.796650 0.368995
-0.145551 0.796065 0.368885
-0.145856 0.795475 0.368792
-0.146274 0.794795 0.368661
-0.146605 0.794222 0.368568
-0.146952 0.793636 0.368474
-0.147327 0.793023 0.368362
-0.147718 0.792438 0.368254
-0.148055 0.791848 0.368164
-0.148360 0.791308 0.368090
-0.148698 0.790706 0.368006
-0.148992 0.790143 0.367936
-0.149407 0.789490 0.367826
-0.149759 0.788906 0.367742
-0.150090 0.788325 0.367669
-0.150434 0.787752 0.367590
-0.150793 0.787160 0.367509
-0.151091 0.786604 0.367449
-0.151443 0.785990 0.367371
-0.151750 0.785422 0.367305
-0.152066 0.784830 0.367241
-0.152346 0.784265 0.367179
-0.152636 0.783701 0.367117
-0.152962 0.783091 0.367045
-0.153238 0.782546 0.366993
-0.153529 0.781953 0.366933
-0.153841 0.781328 0.366868
-0.154073 0.780792 0.366823
-0.154307 0.780243 0.366775
-0.154568 0.779655 0.366720
-0.154817 0.779080 0.366669
-0.155055 0.778504 0.366619
-0.155292 0.777942 0.366568
-0.155548 0.777355 0.366513
-0.155770 0.776790 0.366464
-0.156006 0.776196 0.366414
-0.156245 0.775588 0.366362
-0.156441 0.775028 0.366324
-0.156648 0.774444 0.366277
-0.156826 0.773893 0.366237
-0.157015 0.773294 0.366195
-0.157147 0.772754 0.366165
-0.157312 0.772181 0.366128
-0.157467 0.771605 0.366092
-0.157624 0.771002 0.366053
-0.157760 0.770440 0.366023
-0.157884 0.769889 0.365994
-0.158032 0.769303 0.365959
-0.158178 0.768723 0.365924
-0.158322 0.768157 0.365889
-0.158424 0.767600 0.365865
-0.158553 0.767014 0.365832
-0.158677 0.766435 0.365798
-0.158804 0.765857 0.365763
-0.158889 0.765314 0.365738
-0.159166 0.764960 0.365667
-0.159354 0.764578 0.365616
-0.159479 0.764194 0.365594
-0.159575 0.763850 0.365578
-0.159698 0.763494 0.365559
-0.159812 0.763136 0.365545
-0.159982 0.762729 0.365514
-0.160095 0.762360 0.365498
-0.160223 0.761963 0.365478
-0.160350 0.761576 0.365461
-0.160509 0.761170 0.365429
-0.160642 0.760765 0.365401
-0.160802 0.760360 0.365371
-0.160920 0.759955 0.365346
-0.161038 0.759574 0.365318
-0.161180 0.759139 0.365285
-0.161294 0.758729 0.365259
-0.161473 0.758267 0.365218
-0.161588 0.757851 0.365193
-0.161719 0.757400 0.365161
-0.161829 0.756945 0.365133
-0.161937 0.756468 0.365101
-0.161993 0.756034 0.365085
-0.162065 0.755569 0.365063
-0.162107 0.755129 0.365048
-0.162164 0.754699 0.365029
-0.162271 0.754205 0.364993
-0.162360 0.753726 0.364961
-0.162383 0.753268 0.364944
-0.162380 0.752788 0.364930
-0.162429 0.752275 0.364905
-0.162469 0.751780 0.364883
-0.162508 0.751254 0.364858
-0.162567 0.750755 0.364830
-0.162630 0.750212 0.364798
-0.162648 0.749680 0.364775
-0.162684 0.749130 0.364745
-0.162733 0.748571 0.364711
-0.162778 0.747988 0.364678
-0.162836 0.747411 0.364640
-0.162872 0.746848 0.364610
-0.162948 0.746219 0.364567
-0.163010 0.745604 0.364526
-0.163042 0.745009 0.364492
-0.163065 0.744416 0.364458
-0.163082 0.743820 0.364424
-0.163105 0.743196 0.364389
-0.163103 0.742626 0.364359
-0.163080 0.742024 0.364330
-0.163050 0.741449 0.364304
-0.163038 0.740834 0.364271
-0.163009 0.740215 0.364239
-0.162941 0.739622 0.364216
-0.162898 0.738984 0.364186
-0.162855 0.738338 0.364153
-0.162852 0.737697 0.364115
-0.162821 0.737058 0.364085
-0.162771 0.736435 0.364060
-0.162732 0.735771 0.364029
-0.162676 0.735164 0.364004
-0.162622 0.734517 0.363977
-0.162583 0.733852 0.363946
-0.162528 0.733185 0.363916
-0.162477 0.732540 0.363888
-0.162431 0.731847 0.363856
-0.162404 0.731117 0.363821
-0.162358 0.730421 0.363791
-0.162318 0.729676 0.363758
-0.162263 0.728985 0.363732
-0.162194 0.728257 0.363704
-0.162145 0.727540 0.363674
-0.162131 0.726731 0.363632
-0.162100 0.725937 0.363594
-0.162063 0.725183 0.363559
-0.162016 0.724409 0.363525
-0.161980 0.723604 0.363487
-0.161944 0.722850 0.363454
-0.161934 0.722032 0.363413
-0.161925 0.721175 0.363369
-0.161882 0.720397 0.363340
-0.161846 0.719572 0.363304
-0.161781 0.718805 0.363279
-0.161754 0.717976 0.363243
-0.161718 0.717186 0.363211
-0.161710 0.716361 0.363173
-0.161694 0.715555 0.363136
-0.161713 0.714779 0.363098
-0.161729 0.713971 0.363059
-0.161740 0.713162 0.363021
-0.161784 0.712304 0.362975
-0.161797 0.711490 0.362939
-0.161801 0.710668 0.362902
-0.161792 0.709862 0.362866
-0.161817 0.708995 0.362824
-0.161789 0.708205 0.362793
-0.161809 0.707377 0.362754
-0.161843 0.706548 0.362713
-0.161866 0.705694 0.362672
-0.161862 0.704868 0.362637
-0.161882 0.704073 0.362599
-0.161939 0.703178 0.362550
-0.161975 0.702358 0.362510
-0.162035 0.701456 0.362461
-0.162085 0.700595 0.362417
-0.162117 0.699722 0.362375
-0.162159 0.698813 0.362328
-0.162197 0.697915 0.362282
-0.162246 0.697043 0.362235
-0.162314 0.696148 0.362185
-0.162393 0.695219 0.362134
-0.162458 0.694296 0.362086
-0.162505 0.693396 0.362042
-0.162558 0.692455 0.361993
-0.162644 0.691457 0.361940
-0.162703 0.690494 0.361894
-0.162790 0.689469 0.361843
-0.162847 0.688528 0.361803
-0.162921 0.687553 0.361757
-0.163012 0.686531 0.361708
-0.163078 0.685593 0.361666
-0.163168 0.684636 0.361622
-0.163264 0.683666 0.361578
-0.163370 0.682650 0.361532
-0.163442 0.681692 0.361492
-0.163528 0.680703 0.361451
-0.163647 0.679647 0.361404
-0.163737 0.678672 0.361366
-0.163850 0.677687 0.361325
-0.163957 0.676686 0.361284
-0.164082 0.675651 0.361238
-0.164166 0.674674 0.361204
-0.164241 0.673687 0.361170
-0.164313 0.672730 0.361139
-0.164325 0.671828 0.361118
-0.164359 0.670881 0.361094
-0.164400 0.669889 0.361069
-0.164402 0.668957 0.361049
-0.164410 0.668028 0.361028
-0.164427 0.667108 0.361005
-0.164490 0.666124 0.360975
-0.164565 0.665143 0.360943
-0.164632 0.664202 0.360913
-0.164660 0.663302 0.360893
-0.164714 0.662321 0.360866
-0.164748 0.661450 0.360848
-0.164831 0.660427 0.360820
-0.164928 0.659414 0.360791
-0.165032 0.658411 0.360762
-0.165145 0.657443 0.360733
-0.165265 0.656416 0.360703
-0.165362 0.655434 0.360677
-0.165508 0.654359 0.360643
-0.165626 0.653375 0.360616
-0.165776 0.652356 0.360586
-0.165924 0.651332 0.360555
-0.166076 0.650251 0.360523
-0.166212 0.649231 0.360493
-0.166341 0.648233 0.360465
-0.166446 0.647189 0.360437
-0.166531 0.646210 0.360413
-0.166648 0.645165 0.360387
-0.166714 0.644221 0.360372
-0.166846 0.643183 0.360347
-0.166924 0.642225 0.360331
-0.166988 0.641242 0.360313
-0.167080 0.640292 0.360292
-0.167225 0.639265 0.360266
-0.167366 0.638263 0.360243
-0.167526 0.637233 0.360216
-0.167668 0.636190 0.360193
-0.167894 0.635143 0.360161
-0.168065 0.634171 0.360138
-0.168253 0.633128 0.360114
-0.168443 0.632080 0.360090
-0.168651 0.631039 0.360065
-0.168858 0.629961 0.360040
-0.169072 0.628852 0.360017
-0.169227 0.627840 0.360002
-0.169397 0.626830 0.359986
-0.169558 0.625838 0.359969
-0.169758 0.624776 0.359949
-0.169984 0.623717 0.359926
-0.170260 0.622600 0.359900
-0.170537 0.621484 0.359874
-0.170814 0.620338 0.359848
-0.171029 0.619265 0.359831
-0.171245 0.618207 0.359817
-0.171433 0.617177 0.359805
-0.171646 0.616108 0.359789
-0.171875 0.615017 0.359773
-0.172087 0.613924 0.359758
-0.172317 0.612792 0.359741
-0.172509 0.611704 0.359730
-0.172678 0.610664 0.359723
-0.172887 0.609550 0.359713
-0.173072 0.608439 0.359708
-0.173253 0.607296 0.359702
-0.173449 0.606151 0.359699
-0.173662 0.605031 0.359694
-0.173888 0.603861 0.359693
-0.174054 0.602749 0.359697
-0.174226 0.601620 0.359700
-0.174393 0.600482 0.359704
-0.174562 0.599316 0.359709
-0.174759 0.598198 0.359711
-0.174939 0.597035 0.359718
-0.175132 0.595823 0.359725
-0.175290 0.594698 0.359737
-0.175434 0.593551 0.359751
-0.175595 0.592366 0.359767
-0.175755 0.591213 0.359782
-0.175973 0.590004 0.359794
-0.176182 0.588790 0.359809
-0.176346 0.587639 0.359826
-0.176481 0.586551 0.359842
-0.176621 0.585415 0.359862
-0.176779 0.584231 0.359881
-0.176941 0.583114 0.359900
-0.177123 0.581900 0.359920
-0.177250 0.580808 0.359942
-0.177389 0.579644 0.359963
-0.177533 0.578533 0.359985
-0.177701 0.577379 0.360008
-0.177885 0.576198 0.360032
-0.178022 0.575044 0.360058
-0.178158 0.573883 0.360087
-0.178287 0.572761 0.360115
-0.178412 0.571641 0.360146
-0.178553 0.570533 0.360172
-0.178685 0.569375 0.360200
-0.178778 0.568293 0.360230
-0.178939 0.567079 0.360258
-0.179117 0.565874 0.360286
-0.179289 0.564725 0.360314
-0.179462 0.563505 0.360344
-0.179672 0.562312 0.360373
-0.179890 0.561062 0.360405
-0.180066 0.559939 0.360436
-0.180243 0.558761 0.360470
-0.180422 0.557552 0.360505
-0.180572 0.556338 0.360541
-0.180730 0.555159 0.360577
-0.180918 0.554013 0.360609
-0.181165 0.552801 0.360642
-0.181421 0.551581 0.360676
-0.181674 0.550356 0.360710
-0.181952 0.549113 0.360744
-0.182202 0.547971 0.360776
-0.182463 0.546783 0.360810
-0.182723 0.545554 0.360848
-0.182968 0.544422 0.360886
-0.183259 0.543197 0.360926
-0.183546 0.542039 0.360964
-0.183861 0.540808 0.361004
-0.184223 0.539531 0.361045
-0.184548 0.538341 0.361083
-0.184903 0.537057 0.361125
-0.185277 0.535837 0.361163
-0.185664 0.534551 0.361206
-0.186128 0.533265 0.361247
-0.186544 0.532014 0.361289
-0.186976 0.530835 0.361324
-0.187428 0.529538 0.361369
-0.187928 0.528238 0.361413
-0.188418 0.526962 0.361459
-0.188919 0.525725 0.361502
-0.189406 0.524490 0.361545
-0.189903 0.523279 0.361589
-0.190372 0.522092 0.361635
-0.190857 0.520862 0.361684
-0.191320 0.519722 0.361731
-0.191843 0.518504 0.361784
-0.192382 0.517359 0.361833
-0.192928 0.516220 0.361881
-0.193432 0.515110 0.361932
-0.193921 0.514083 0.361980
-0.194462 0.512869 0.362042
-0.194984 0.511764 0.362095
-0.195527 0.510648 0.362149
-0.196116 0.509499 0.362203
-0.196658 0.508443 0.362256
-0.197221 0.507320 0.362315
-0.197783 0.506261 0.362366
-0.198366 0.505205 0.362420
-0.198943 0.504122 0.362479
-0.199513 0.503095 0.362533
-0.200115 0.502015 0.362591
-0.200720 0.501000 0.362642
-0.201314 0.499974 0.362699
-0.201905 0.499015 0.362749
-0.202526 0.498033 0.362803
-0.203158 0.497058 0.362852
-0.203790 0.496113 0.362899
-0.204461 0.495169 0.362949
-0.205141 0.494284 0.362991
-0.205821 0.493375 0.363041
-0.206463 0.492532 0.363086
-0.207222 0.491626 0.363137
-0.207941 0.490777 0.363182
-0.208681 0.489948 0.363217
-0.209455 0.489088 0.363256
-0.210194 0.488228 0.363301
-0.210928 0.487407 0.363340
-0.211709 0.486552 0.363385
-0.212470 0.485706 0.363424
-0.213244 0.484871 0.363463
-0.214022 0.484069 0.363504
-0.214768 0.483281 0.363544
-0.215564 0.482455 0.363589
-0.216334 0.481668 0.363625
-0.217095 0.480891 0.363670
-0.217864 0.480140 0.363709
-0.218686 0.479365 0.363750
-0.219418 0.478654 0.363791
-0.220151 0.477948 0.363831
-0.220958 0.477212 0.363879
-0.221729 0.476540 0.363920
-0.222485 0.475915 0.363954
-0.223271 0.475261 0.363992
-0.224070 0.474620 0.364032
-0.224828 0.474015 0.364065
-0.225625 0.473424 0.364100
-0.226389 0.472850 0.364131
-0.227193 0.472273 0.364161
-0.228010 0.471680 0.364197
-0.228846 0.471058 0.364231
-0.229641 0.470464 0.364272
-0.230501 0.469854 0.364315
-0.231343 0.469265 0.364360
-0.232189 0.468666 0.364411
-0.232993 0.468121 0.364452
-0.233805 0.467567 0.364501
-0.234620 0.467059 0.364554
-0.235447 0.466519 0.364615
-0.236265 0.466024 0.364673
-0.237042 0.465549 0.364729
-0.237857 0.465054 0.364795
-0.238676 0.464549 0.364855
-0.239478 0.464069 0.364918
-0.240310 0.463596 0.364982
-0.241164 0.463109 0.365053
-0.241973 0.462634 0.365118
-0.242815 0.462185 0.365185
-0.243682 0.461717 0.365263
-0.244521 0.461249 0.365330
-0.245395 0.460797 0.365405
-0.246358 0.460374 0.365485
-0.247311 0.459937 0.365563
-0.248236 0.459539 0.365641
-0.249206 0.459137 0.365725
-0.250081 0.458709 0.365803
-0.250986 0.458283 0.365885
-0.251876 0.457882 0.365968
-0.252773 0.457520 0.366051
-0.253715 0.457171 0.366126
-0.254665 0.456827 0.366210
-0.255609 0.456513 0.366291
-0.256586 0.456181 0.366374
-0.257578 0.455833 0.366461
-0.258567 0.455501 0.366546
-0.259545 0.455171 0.366619
-0.260516 0.454842 0.366707
-0.261508 0.454524 0.366793
-0.262494 0.454211 0.366866
-0.263429 0.453929 0.366941
-0.264353 0.453645 0.367014
-0.265302 0.453366 0.367092
-0.266237 0.453042 0.367166
-0.267194 0.452744 0.367250
-0.268136 0.452431 0.367328
-0.269102 0.452110 0.367399
-0.270099 0.451826 0.367471
-0.271091 0.451497 0.367540
-0.272107 0.451214 0.367623
-0.273075 0.450922 0.367702
-0.274094 0.450611 0.367792
-0.275151 0.450354 0.367880
-0.276171 0.450079 0.367953
-0.277156 0.449805 0.368023
-0.278246 0.449560 0.368122
-0.279227 0.449297 0.368204
-0.280232 0.449049 0.368295
-0.281214 0.448783 0.368385
-0.282234 0.448518 0.368488
-0.283237 0.448229 0.368571
-0.284284 0.447960 0.368665
-0.285315 0.447670 0.368751
-0.286398 0.447411 0.368846
-0.287443 0.447113 0.368935
-0.288510 0.446828 0.369031
-0.289604 0.446518 0.369140
-0.290733 0.446234 0.369258
-0.291823 0.445964 0.369364
-0.292922 0.445681 0.369477
-0.294023 0.445388 0.369586
-0.295156 0.445119 0.369693
-0.296304 0.444855 0.369797
-0.297476 0.444601 0.369916
-0.298622 0.444310 0.370035
-0.299795 0.444058 0.370157
-0.300957 0.443781 0.370276
-0.301961 0.443472 0.370370
-0.303291 0.443253 0.370514
-0.304467 0.442993 0.370633
-0.305700 0.442781 0.370749
-0.306877 0.442524 0.370865
-0.308078 0.442251 0.370987
-0.309288 0.441989 0.371116
-0.310549 0.441718 0.371244
-0.311787 0.441410 0.371372
-0.313048 0.441087 0.371512
-0.314289 0.440770 0.371647
-0.315588 0.440478 0.371789
-0.316841 0.440142 0.371929
-0.318143 0.439845 0.372074
-0.319380 0.439521 0.372212
-0.320607 0.439218 0.372355
-0.321888 0.438903 0.372489
-0.323157 0.438594 0.372628
-0.324428 0.438233 0.372768
-0.325772 0.437889 0.372920
-0.327023 0.437492 0.373057
-0.328391 0.437134 0.373209
-0.329684 0.436761 0.373358
-0.330956 0.436420 0.373540
-0.332138 0.436013 0.373609
-0.333425 0.435738 0.373720
-0.334659 0.435449 0.373846
-0.335869 0.435132 0.373973
-0.337127 0.434871 0.374101
-0.338356 0.434557 0.374239
-0.339616 0.434230 0.374403
-0.340868 0.433947 0.374556
-0.342122 0.433641 0.374710
-0.343335 0.433345 0.374869
-0.344565 0.433052 0.375026
-0.345820 0.432743 0.375200
-0.347049 0.432388 0.375368
-0.348339 0.432069 0.375541
-0.349553 0.431719 0.375702
-0.350798 0.431383 0.375868
-0.352083 0.431077 0.376039
-0.353357 0.430741 0.376211
-0.354612 0.430388 0.376375
-0.355864 0.430057 0.376542
-0.357157 0.429730 0.376727
-0.358426 0.429374 0.376904
-0.359703 0.429011 0.377079
-0.360989 0.428652 0.377254
-0.362232 0.428283 0.377437
-0.363496 0.427937 0.377617
-0.364800 0.427600 0.377811
-0.366067 0.427263 0.377998
-0.367337 0.426888 0.378182
-0.368656 0.426546 0.378384
-0.369934 0.426143 0.378595
-0.371234 0.425741 0.378817
-0.372536 0.425347 0.379031
-0.373874 0.424997 0.379245
-0.375170 0.424603 0.379451
-0.376473 0.424211 0.379660
-0.377757 0.423815 0.379869
-0.379087 0.423452 0.380086
-0.380395 0.423074 0.380307
-0.381672 0.422662 0.380531
-0.382977 0.422228 0.380774
-0.384280 0.421797 0.381017
-0.385621 0.421407 0.381260
-0.386894 0.420979 0.381494
-0.388194 0.420627 0.381730
-0.389438 0.420233 0.381958
-0.390721 0.419856 0.382196
-0.392016 0.419517 0.382434
-0.393285 0.419133 0.382662
-0.394579 0.418763 0.382898
-0.395878 0.418409 0.383149
-0.397130 0.418033 0.383391
-0.398386 0.417626 0.383632
-0.399691 0.417247 0.383898
-0.400965 0.416853 0.384143
-0.402232 0.416465 0.384388
-0.403447 0.416069 0.384628
-0.404720 0.415700 0.384884
-0.405919 0.415299 0.385127
-0.407153 0.414954 0.385376
-0.408328 0.414567 0.385609
-0.409497 0.414191 0.385843
-0.410662 0.413830 0.386072
-0.411850 0.413490 0.386307
-0.413000 0.413079 0.386526
-0.414142 0.412708 0.386740
-0.415288 0.412320 0.386944
-0.416416 0.411946 0.387160
-0.417550 0.411554 0.387377
-0.418653 0.411181 0.387580
-0.419764 0.410828 0.387792
-0.420832 0.410459 0.387991
-0.421848 0.410097 0.388175
-0.422875 0.409772 0.388351
-0.423895 0.409447 0.388531
-0.424901 0.409123 0.388717
-0.425907 0.408802 0.388906
-0.426952 0.408493 0.389094
-0.427912 0.408162 0.389266
-0.428883 0.407858 0.389433
-0.429876 0.407577 0.389605
-0.430833 0.407289 0.389764
-0.431756 0.406981 0.389922
-0.432715 0.406734 0.390071
-0.433641 0.406504 0.390198
-0.434556 0.406253 0.390318
-0.435449 0.405949 0.390450
-0.436331 0.405670 0.390583
-0.437162 0.405376 0.390702
-0.438116 0.405108 0.390842
-0.439008 0.404794 0.390967
-0.439904 0.404537 0.391088
-0.440769 0.404280 0.391220
-0.441636 0.404079 0.391343
-0.442441 0.403850 0.391447
-0.443258 0.403662 0.391544
-0.444071 0.403462 0.391634
-0.444848 0.403295 0.391717
-0.445632 0.403175 0.391782
-0.446385 0.403004 0.391841
-0.447138 0.402836 0.391937
-0.447884 0.402642 0.392048
-0.448505 0.402483 0.392122
-0.449166 0.402345 0.392201
-0.449798 0.402167 0.392273
-0.450437 0.402016 0.392342
-0.451055 0.401862 0.392399
-0.451660 0.401692 0.392451
