-0.080743 0.885989 0.407056
-0.080764 0.885902 0.407073
-0.081443 0.885867 0.407043
-0.081469 0.885769 0.407057
-0.082156 0.885694 0.407023
-0.082185 0.885592 0.407036
-0.082878 0.885504 0.406998
-0.082908 0.885400 0.407012
-0.083604 0.885304 0.406972
-0.083635 0.885199 0.406985
-0.084337 0.885095 0.406941
-0.084367 0.884989 0.406955
-0.085064 0.884888 0.406913
-0.085096 0.884781 0.406926
-0.085815 0.884630 0.406871
-0.085844 0.884528 0.406887
-0.086537 0.884440 0.406844
-0.086570 0.884335 0.406858
-0.089011 0.882733 0.407006
-0.088775 0.881358 0.407443
-0.088760 0.881202 0.407473
-0.091090 0.879501 0.407652
-0.089935 0.877496 0.408236
-0.089801 0.877233 0.408290
-0.092050 0.875405 0.408494
-0.091014 0.873439 0.409027
-0.090823 0.873114 0.409092
-0.092492 0.870335 0.409557
-0.091784 0.868989 0.409873
-0.091668 0.868719 0.409919
-0.093944 0.866819 0.410130
-0.093091 0.864970 0.410583
-0.092750 0.864454 0.410680
-0.095052 0.862557 0.410890
-0.094324 0.860829 0.411298
-0.093891 0.860209 0.411412
-0.094559 0.860119 0.411393
-0.094512 0.859865 0.411425
-0.095263 0.859843 0.411387
-0.095228 0.859598 0.411417
-0.095989 0.859580 0.411375
-0.096015 0.859428 0.411390
-0.096750 0.859343 0.411355
-0.096767 0.859182 0.411371
-0.097487 0.859078 0.411338
-0.097437 0.858815 0.411371
-0.098191 0.858779 0.411327
-0.098159 0.858528 0.411357
-0.098848 0.858471 0.411326
-0.100990 0.856015 0.411691
-0.099916 0.854825 0.411967
-0.100357 0.854545 0.411993
-0.100279 0.854251 0.412033
-0.101013 0.854205 0.411994
-0.100927 0.853871 0.412034
-0.101693 0.853872 0.411988
-0.101614 0.853518 0.412025
-0.102349 0.853517 0.411984
-0.102320 0.853174 0.412011
-0.102924 0.853139 0.411983
-0.103037 0.852836 0.411993
-0.103648 0.852808 0.411962
-0.103782 0.852542 0.411969
-0.104393 0.852510 0.411937
-0.104527 0.852234 0.411942
-0.105292 0.852255 0.411889
-0.105302 0.851957 0.411908
-0.106122 0.851996 0.411841
-0.106095 0.851696 0.411868
-0.106927 0.851715 0.411794
-0.106911 0.851454 0.411822
-0.107697 0.851414 0.411756
-0.107625 0.851065 0.411794
-0.108444 0.851059 0.411718
-0.108428 0.850790 0.411746
-0.109237 0.850741 0.411668
-0.109267 0.850564 0.411684
-0.110025 0.850413 0.411617
-0.110048 0.850229 0.411635
-0.110784 0.850069 0.411573
-0.110811 0.849883 0.411590
-0.111554 0.849714 0.411523
-0.111516 0.849410 0.411556
-0.112293 0.849320 0.411478
-0.112274 0.849028 0.411505
-0.113087 0.848938 0.411413
-0.113121 0.848753 0.411429
-0.113880 0.848580 0.411351
-0.113910 0.848388 0.411367
-0.114664 0.848195 0.411287
-0.114694 0.848001 0.411303
-0.115449 0.847798 0.411219
-0.115416 0.847479 0.411251
-0.116203 0.847361 0.411157
-0.116140 0.846965 0.411191
-0.116939 0.846899 0.411097
-0.116957 0.846611 0.411114
-0.117743 0.846510 0.411019
-0.117686 0.846047 0.411043
-0.118444 0.845986 0.410959
-0.118450 0.845521 0.410962
-0.119064 0.845451 0.410904
-0.119235 0.845045 0.410878
-0.119855 0.844978 0.410816
-0.120033 0.844532 0.410781
-0.122295 0.842617 0.410997
-0.121920 0.841771 0.411285
-0.121367 0.840677 0.411608
-0.123590 0.838718 0.411849
-0.123192 0.837862 0.412135
-0.122628 0.836829 0.412455
-0.122596 0.836589 0.412491
-0.123245 0.836358 0.412436
-0.123273 0.836146 0.412454
-0.125494 0.834084 0.412708
-0.124927 0.832720 0.413157
-0.124580 0.832163 0.413271
-0.125327 0.832111 0.413199
-0.127644 0.830155 0.413443
-0.127317 0.829336 0.413692
-0.126870 0.828426 0.413962
-0.126863 0.828198 0.413991
-0.127552 0.828017 0.413932
-0.127578 0.827798 0.413952
-0.128299 0.827625 0.413883
-0.130615 0.825626 0.414139
-0.130295 0.824795 0.414381
-0.129918 0.823919 0.414622
-0.132189 0.821882 0.414907
-0.131846 0.821044 0.415147
-0.131510 0.820254 0.415375
-0.133409 0.817571 0.415887
-0.133003 0.817042 0.416025
-0.133080 0.816583 0.416134
-0.135026 0.813894 0.416641
-0.134636 0.813369 0.416768
-0.134735 0.812928 0.416867
-0.136324 0.809939 0.417471
-0.136078 0.809543 0.417550
-0.136353 0.809246 0.417610
-0.136363 0.809011 0.417632
-0.137041 0.808892 0.417598
-0.137065 0.808653 0.417616
-0.137767 0.808512 0.417571
-0.137792 0.808269 0.417589
-0.138499 0.808116 0.417540
-0.138525 0.807872 0.417557
-0.139245 0.807706 0.417501
-0.139268 0.807461 0.417519
-0.139974 0.807301 0.417467
-0.140002 0.807055 0.417484
-0.140716 0.806890 0.417427
-0.140672 0.806512 0.417454
-0.141453 0.806451 0.417383
-0.141486 0.806208 0.417399
-0.142193 0.806053 0.417343
-0.142230 0.805806 0.417358
-0.142916 0.805643 0.417306
-0.142964 0.805395 0.417317
-0.143666 0.805225 0.417258
-0.143717 0.804974 0.417268
-0.144455 0.804785 0.417192
-0.144496 0.804529 0.417205
-0.146727 0.802277 0.417549
-0.146713 0.801366 0.417804
-0.146339 0.800803 0.417916
-0.146869 0.800672 0.417907
-0.149200 0.798550 0.418250
-0.148943 0.797755 0.418458
-0.148850 0.797182 0.418611
-0.148678 0.796759 0.418671
-0.149287 0.796682 0.418647
-0.149303 0.796344 0.418664
-0.149984 0.796284 0.418619
-0.149995 0.795868 0.418626
-0.150710 0.795836 0.418574
-0.150771 0.795503 0.418578
-0.151544 0.795457 0.418506
-0.151555 0.795088 0.418519
-0.152307 0.795021 0.418448
-0.152315 0.794647 0.418461
-0.153068 0.794576 0.418388
-0.153077 0.794199 0.418401
-0.153831 0.794125 0.418326
-0.153842 0.793747 0.418338
-0.154528 0.793656 0.418279
-0.154584 0.793291 0.418280
-0.155288 0.793202 0.418214
-0.155351 0.792835 0.418213
-0.156134 0.792754 0.418122
-0.156154 0.792367 0.418131
-0.156847 0.792266 0.418064
-0.156909 0.791893 0.418062
-0.157618 0.791794 0.417989
-0.157687 0.791419 0.417984
-0.158400 0.791317 0.417907
-0.158443 0.790849 0.417896
-0.159176 0.790783 0.417816
-0.159258 0.790421 0.417810
-0.159977 0.790323 0.417729
-0.160054 0.789945 0.417722
-0.160773 0.789837 0.417637
-0.160823 0.789359 0.417622
-0.161560 0.789285 0.417535
-0.161648 0.788916 0.417526
-0.162372 0.788810 0.417437
-0.162455 0.788423 0.417426
-0.163259 0.788311 0.417307
-0.163293 0.787902 0.417308
-0.163999 0.787777 0.417219
-0.164078 0.787380 0.417208
-0.164802 0.787255 0.417111
-0.164889 0.786854 0.417097
-0.165616 0.786724 0.416996
-0.165706 0.786319 0.416979
-0.166518 0.786184 0.416846
-0.166558 0.785762 0.416843
-0.167350 0.785622 0.416715
-0.167387 0.785200 0.416714
-0.168099 0.785060 0.416612
-0.168159 0.784548 0.416587
-0.168907 0.784449 0.416478
-0.169011 0.784055 0.416459
-0.169834 0.783922 0.416314
-0.169902 0.783546 0.416304
-0.170655 0.783454 0.416191
-0.170792 0.783128 0.416165
-0.171567 0.783047 0.416045
-0.171715 0.782675 0.416002
-0.172500 0.782622 0.415884
-0.172646 0.782308 0.415857
-0.173423 0.782229 0.415734
-0.173572 0.781905 0.415704
-0.174352 0.781821 0.415577
-0.174504 0.781494 0.415545
-0.175287 0.781407 0.415415
-0.175446 0.781028 0.415366
-0.176237 0.780968 0.415240
-0.176392 0.780649 0.415208
-0.177176 0.780562 0.415076
-0.177333 0.780233 0.415041
-0.178121 0.780141 0.414905
-0.180275 0.778121 0.415335
-0.180090 0.777621 0.415630
-0.180252 0.777504 0.415793
-0.182265 0.775492 0.416300
-0.181993 0.775017 0.416632
-0.182056 0.774950 0.416845
-0.184067 0.772924 0.417368
-0.183794 0.772449 0.417694
-0.183751 0.772453 0.417966
-0.183729 0.772251 0.418022
-0.184347 0.772220 0.417989
-0.184415 0.771985 0.418002
-0.185169 0.771882 0.417898
-0.185260 0.771632 0.417898
-0.186054 0.771500 0.417771
-0.186133 0.771152 0.417760
-0.186878 0.771070 0.417653
-0.187021 0.770743 0.417625
-0.187878 0.770676 0.417478
-0.187971 0.770331 0.417463
-0.188811 0.770260 0.417322
-0.188902 0.769915 0.417308
-0.189742 0.769842 0.417165
-0.189834 0.769497 0.417151
-0.190586 0.769411 0.417036
-0.192751 0.767294 0.417508
-0.192599 0.766777 0.417785
-0.192790 0.766654 0.417933
-0.194825 0.764539 0.418477
-0.194597 0.764042 0.418786
-0.194700 0.763960 0.418978
-0.196733 0.761830 0.419539
-0.196506 0.761332 0.419843
-0.196606 0.761255 0.420037
-0.198659 0.759095 0.420602
-0.198449 0.758587 0.420894
-0.198565 0.758501 0.421079
-0.200641 0.756309 0.421648
-0.200452 0.755788 0.421925
-0.200589 0.755690 0.422099
-0.202687 0.753467 0.422672
-0.202519 0.752933 0.422936
-0.202678 0.752823 0.423097
-0.204796 0.750569 0.423675
-0.204650 0.750024 0.423926
-0.204830 0.749903 0.424077
-0.206966 0.747620 0.424661
-0.206840 0.747064 0.424900
-0.207041 0.746934 0.425040
-0.209192 0.744624 0.425631
-0.209085 0.744058 0.425860
-0.209306 0.743920 0.425990
-0.211470 0.741583 0.426588
-0.211380 0.741009 0.426807
-0.211621 0.740864 0.426929
-0.213794 0.738501 0.427535
-0.213722 0.737919 0.427745
-0.213980 0.737769 0.427858
-0.216161 0.735381 0.428471
-0.216105 0.734792 0.428673
-0.216357 0.734663 0.428798
-0.216387 0.734402 0.428825
-0.217037 0.734350 0.428788
-0.217099 0.734077 0.428797
-0.217772 0.733991 0.428742
-0.217852 0.733719 0.428745
-0.218547 0.733630 0.428680
-0.218596 0.733281 0.428675
-0.219259 0.733235 0.428626
-0.219363 0.732909 0.428612
-0.220114 0.732891 0.428541
-0.220172 0.732546 0.428535
-0.220839 0.732499 0.428484
-0.220946 0.732173 0.428469
-0.221627 0.732130 0.428412
-0.221731 0.731775 0.428385
-0.222425 0.731751 0.428332
-0.222542 0.731429 0.428316
-0.223303 0.731409 0.428237
-0.223366 0.731062 0.428229
-0.224112 0.731035 0.428153
-0.224205 0.730762 0.428154
-0.226330 0.728225 0.428758
-0.226717 0.727803 0.428972
-0.226722 0.727537 0.429017
-0.228789 0.724992 0.429658
-0.229132 0.724588 0.429896
-0.229128 0.724325 0.429946
-0.231188 0.721763 0.430599
-0.231540 0.721361 0.430832
-0.231540 0.721096 0.430880
-0.233601 0.718513 0.431539
-0.233971 0.718107 0.431763
-0.233977 0.717839 0.431807
-0.236039 0.715234 0.432472
-0.236428 0.714825 0.432685
-0.236440 0.714553 0.432725
-0.238502 0.711927 0.433395
-0.238908 0.711514 0.433598
-0.238927 0.711239 0.433634
-0.240987 0.708592 0.434309
-0.241411 0.708176 0.434501
-0.241435 0.707898 0.434533
-0.243493 0.705230 0.435212
-0.243932 0.704811 0.435393
-0.243963 0.704530 0.435422
-0.246017 0.701842 0.436104
-0.246470 0.701421 0.436274
-0.246507 0.701138 0.436299
-0.248556 0.698430 0.436983
-0.249024 0.698008 0.437142
-0.249065 0.697723 0.437162
-0.251108 0.694995 0.437848
-0.251590 0.694572 0.437995
-0.251637 0.694285 0.438011
-0.253673 0.691539 0.438698
-0.254168 0.691115 0.438831
-0.254220 0.690826 0.438842
-0.256249 0.688061 0.439528
-0.256756 0.687638 0.439646
-0.256813 0.687348 0.439652
-0.258834 0.684565 0.440335
-0.259354 0.684143 0.440437
-0.259416 0.683851 0.440437
-0.261428 0.681051 0.441116
-0.261960 0.680631 0.441199
-0.262028 0.680339 0.441191
-0.264030 0.677523 0.441864
-0.264574 0.677106 0.441925
-0.264617 0.676764 0.441879
-0.265215 0.676747 0.441797
-0.265323 0.676413 0.441749
-0.265991 0.676414 0.441657
-0.266050 0.676053 0.441635
-0.266699 0.676040 0.441565
-0.266752 0.675674 0.441553
-0.267341 0.675635 0.441507
-0.267425 0.675268 0.441483
-0.268133 0.675285 0.441410
-0.268870 0.675321 0.441328
-0.269596 0.675352 0.441252
-0.270328 0.675385 0.441170
-0.271062 0.675418 0.441087
-0.271804 0.675453 0.440998
-0.272533 0.675481 0.440917
-0.273163 0.675467 0.440867
-0.273272 0.675125 0.440847
-0.273877 0.675084 0.440792
-0.273983 0.674736 0.440772
-0.274587 0.674693 0.440717
-0.274694 0.674344 0.440698
-0.275359 0.674322 0.440626
-0.275420 0.673955 0.440617
-0.276115 0.673942 0.440533
-0.276855 0.673966 0.440447
-0.277489 0.673949 0.440393
-0.277605 0.673605 0.440372
-0.278214 0.673561 0.440312
-0.278326 0.673212 0.440291
-0.278997 0.673187 0.440214
-0.280949 0.670369 0.440879
-0.281035 0.669719 0.440985
-0.281463 0.669571 0.440938
-0.283402 0.666750 0.441583
-0.283496 0.666110 0.441664
-0.283975 0.666013 0.441529
-0.284060 0.665717 0.441500
-0.284694 0.665660 0.441357
-0.284787 0.665356 0.441340
-0.285448 0.665291 0.441213
-0.285526 0.664977 0.441210
-0.286144 0.664889 0.441124
-0.286233 0.664577 0.441121
-0.286885 0.664495 0.441027
-0.286962 0.664178 0.441030
-0.287603 0.664091 0.440943
-0.287680 0.663774 0.440946
-0.288322 0.663685 0.440861
-0.288400 0.663368 0.440863
-0.289018 0.663272 0.440787
-0.289109 0.662958 0.440786
-0.289739 0.662864 0.440704
-0.289831 0.662550 0.440702
-0.290271 0.662421 0.440662
-0.292315 0.659239 0.441364
-0.292322 0.658891 0.441362
-0.292715 0.658770 0.441305
-0.294719 0.655597 0.441948
-0.294729 0.655262 0.441917
-0.295124 0.655153 0.441834
-0.297071 0.651986 0.442348
-0.297505 0.651951 0.442242
-0.299347 0.648709 0.442665
-0.299790 0.648701 0.442538
-0.301573 0.645522 0.442755
-0.302049 0.645540 0.442614
-0.302383 0.645376 0.442339
-0.303270 0.645626 0.442019
-0.303999 0.645691 0.441819
-0.304710 0.645720 0.441668
-0.305405 0.645728 0.441556
-0.306111 0.645735 0.441443
-0.306806 0.645736 0.441342
-0.307511 0.645739 0.441233
-0.308207 0.645737 0.441132
-0.308913 0.645737 0.441024
-0.309609 0.645733 0.440923
-0.310317 0.645732 0.440814
-0.310919 0.645693 0.440745
-0.312658 0.642460 0.441284
-0.313188 0.642521 0.440986
-0.314843 0.639336 0.441385
-0.315316 0.639398 0.441063
-0.316880 0.636368 0.441128
-0.317405 0.636512 0.440737
-0.318817 0.633533 0.440700
-0.319221 0.633699 0.440281
-0.320470 0.630782 0.440156
-0.320845 0.630989 0.439708
-0.322125 0.628015 0.439740
-0.322393 0.628272 0.439203
-0.323557 0.625411 0.439112
-0.323584 0.626322 0.437853
-0.323952 0.626320 0.437709
-0.324085 0.626073 0.437539
-0.324476 0.626008 0.437459
-0.324657 0.625638 0.437424
-0.325152 0.625556 0.437365
-0.325262 0.625122 0.437399
-0.325762 0.625021 0.437361
-0.325877 0.624571 0.437414
-0.326379 0.624465 0.437383
-0.326494 0.624043 0.437420
-0.326993 0.623919 0.437397
-0.327109 0.623490 0.437440
-0.327609 0.623363 0.437421
-0.327726 0.622932 0.437467
-0.328226 0.622804 0.437450
-0.328345 0.622338 0.437520
-0.328848 0.622228 0.437497
-0.328963 0.621803 0.437537
-0.329493 0.621670 0.437530
-0.329584 0.621240 0.437572
-0.330078 0.621119 0.437550
-0.330193 0.620660 0.437613
-0.330694 0.620554 0.437588
-0.330809 0.620131 0.437625
-0.331337 0.620003 0.437615
-0.331426 0.619575 0.437655
-0.331919 0.619456 0.437632
-0.332033 0.619000 0.437692
-0.332533 0.618896 0.437666
-0.332646 0.618475 0.437701
-0.333173 0.618350 0.437689
-0.333261 0.617923 0.437727
-0.333784 0.617801 0.437713
-0.333872 0.617375 0.437750
-0.334395 0.617253 0.437735
-0.334482 0.616828 0.437771
-0.334973 0.616714 0.437745
-0.335085 0.616292 0.437780
-0.335612 0.616169 0.437767
-0.335699 0.615743 0.437804
-0.336190 0.615629 0.437778
-0.336302 0.615207 0.437813
-0.336828 0.615086 0.437799
-0.336915 0.614660 0.437834
-0.337405 0.614547 0.437808
-0.337516 0.614099 0.437859
-0.338014 0.614000 0.437830
-0.338125 0.613583 0.437859
-0.338650 0.613467 0.437840
-0.338736 0.613043 0.437872
-0.339257 0.612929 0.437852
-0.339343 0.612506 0.437882
-0.339863 0.612393 0.437861
-0.339949 0.611971 0.437890
-0.340438 0.611862 0.437860
-0.340549 0.611444 0.437888
-0.341042 0.611334 0.437859
-0.341152 0.610888 0.437905
-0.341649 0.610792 0.437874
-0.341761 0.610377 0.437899
-0.342253 0.610268 0.437868
-0.342365 0.609850 0.437894
-0.342889 0.609737 0.437872
-0.342975 0.609315 0.437900
-0.343464 0.609208 0.437869
-0.343573 0.608766 0.437908
-0.344070 0.608672 0.437875
-0.344181 0.608258 0.437896
-0.344705 0.608150 0.437868
-0.344790 0.607729 0.437892
-0.345279 0.607624 0.437858
-0.345387 0.607184 0.437893
-0.345884 0.607091 0.437858
-0.345996 0.606679 0.437876
-0.346520 0.606572 0.437845
-0.346605 0.606152 0.437867
-0.347126 0.606047 0.437836
-0.347210 0.605628 0.437856
-0.347699 0.605524 0.437820
-0.347811 0.605109 0.437837
-0.348303 0.605004 0.437801
-0.348413 0.604565 0.437833
-0.348910 0.604473 0.437795
-0.349022 0.604061 0.437810
-0.349547 0.603957 0.437775
-0.349632 0.603538 0.437793
-0.350122 0.603435 0.437755
-0.350234 0.603021 0.437769
-0.350727 0.602917 0.437731
-0.350836 0.602479 0.437758
-0.351334 0.602388 0.437718
-0.351447 0.601977 0.437730
-0.351973 0.601875 0.437691
-0.352058 0.601456 0.437706
-0.352548 0.601354 0.437665
-0.352661 0.600940 0.437677
-0.353050 0.600835 0.437641
-0.354323 0.597763 0.438074
-0.354235 0.597154 0.437905
-0.354574 0.597122 0.437765
-0.355765 0.594086 0.438092
-0.355583 0.593532 0.437780
-0.355936 0.593564 0.437589
-0.357075 0.590552 0.437850
-0.356875 0.590071 0.437454
-0.357226 0.590135 0.437235
-0.358327 0.587161 0.437443
-0.358122 0.586759 0.436985
-0.358473 0.586853 0.436744
-0.359530 0.583918 0.436906
-0.359318 0.583594 0.436395
-0.359668 0.583717 0.436137
-0.360676 0.580824 0.436254
-0.360453 0.580583 0.435698
-0.360774 0.580705 0.435429
-0.361732 0.577863 0.435508
-0.361462 0.577663 0.434923
-0.361775 0.577935 0.434480
-0.361815 0.577723 0.434266
-0.362260 0.577728 0.434106
-0.362357 0.577342 0.434060
-0.362840 0.577256 0.434005
-0.362962 0.576797 0.434036
-0.363453 0.576687 0.434007
-0.363581 0.576210 0.434057
-0.364073 0.576095 0.434034
-0.364202 0.575614 0.434088
-0.364695 0.575499 0.434067
-0.364821 0.575049 0.434101
-0.365312 0.574917 0.434086
-0.365443 0.574427 0.434148
-0.365936 0.574310 0.434129
-0.366062 0.573859 0.434165
-0.366587 0.573716 0.434163
-0.366686 0.573262 0.434199
-0.367173 0.573132 0.434184
-0.367293 0.572753 0.434199
-0.368127 0.569662 0.434466
-0.368299 0.569548 0.434096
-0.368345 0.569308 0.433965
-0.369089 0.566341 0.434097
-0.369185 0.566413 0.433554
-0.369209 0.566230 0.433369
-0.369884 0.563331 0.433436
-0.369934 0.563498 0.432830
-0.369947 0.563342 0.432628
-0.370558 0.560488 0.432660
-0.370575 0.560716 0.432034
-0.370582 0.560574 0.431830
-0.371129 0.557758 0.431838
-0.371074 0.558053 0.430996
-0.371046 0.557944 0.430650
-0.371489 0.555198 0.430463
-0.371349 0.555606 0.429397
-0.371302 0.555529 0.429002
-0.371662 0.552845 0.428767
-0.371480 0.553313 0.427695
-0.371429 0.553244 0.427314
-0.371717 0.550598 0.427080
-0.371518 0.551086 0.426067
-0.371473 0.551009 0.425718
-0.371698 0.548389 0.425502
-0.371496 0.548876 0.424566
-0.371460 0.548784 0.424254
-0.371628 0.546184 0.424060
-0.371431 0.546662 0.423201
-0.371322 0.546673 0.422738
-0.371721 0.546741 0.422491
-0.371833 0.546336 0.422418
-0.372331 0.546210 0.422390
-0.372491 0.545721 0.422434
-0.373009 0.545539 0.422459
-0.373240 0.542806 0.422500
-0.373002 0.542501 0.422231
-0.373191 0.542749 0.421818
-0.373296 0.540184 0.421715
-0.373002 0.539990 0.421352
-0.373166 0.540146 0.421032
-0.373228 0.537696 0.420842
-0.372913 0.537579 0.420435
-0.373034 0.538009 0.419887
-0.373013 0.535540 0.419747
-0.372701 0.535389 0.419388
-0.372853 0.535759 0.418914
-0.372791 0.533295 0.418797
-0.372486 0.533136 0.418468
-0.372660 0.533475 0.418042
-0.372555 0.531023 0.417942
-0.372256 0.530859 0.417636
-0.372450 0.531175 0.417247
-0.372302 0.528735 0.417161
-0.372008 0.528567 0.416876
-0.372197 0.528972 0.416446
-0.372290 0.528639 0.416381
-0.372820 0.528446 0.416346
-0.372943 0.528038 0.416337
-0.373523 0.527733 0.416397
-0.373643 0.527320 0.416393
-0.374209 0.527028 0.416440
-0.374337 0.526608 0.416442
-0.374922 0.526286 0.416520
-0.375043 0.525871 0.416517
-0.375609 0.525578 0.416568
-0.375736 0.525156 0.416572
-0.376307 0.524855 0.416633
-0.376434 0.524431 0.416638
-0.377005 0.524128 0.416701
-0.377156 0.523606 0.416738
-0.377674 0.523409 0.416758
-0.377850 0.522882 0.416804
-0.378371 0.522683 0.416828
-0.378548 0.522155 0.416876
-0.379104 0.521931 0.416929
-0.379251 0.521415 0.416962
-0.379821 0.521174 0.417034
-0.380368 0.521013 0.417060
-0.380913 0.520861 0.417079
-0.381456 0.520708 0.417098
-0.382001 0.520553 0.417121
-0.382543 0.520404 0.417138
-0.383085 0.520253 0.417158
-0.383234 0.519690 0.417211
-0.383385 0.519114 0.417271
-0.383536 0.518536 0.417334
-0.383690 0.517949 0.417404
-0.383838 0.517377 0.417462
-0.383991 0.516789 0.417532
-0.384139 0.516216 0.417592
-0.384291 0.515626 0.417664
-0.384441 0.515043 0.417732
-0.384588 0.514468 0.417793
-0.384740 0.513875 0.417868
-0.384889 0.513290 0.417938
-0.385037 0.512704 0.418008
-0.385182 0.512127 0.418072
-0.385330 0.511541 0.418142
-0.385478 0.510953 0.418215
-0.385625 0.510364 0.418288
-0.385775 0.509765 0.418370
-0.385919 0.509184 0.418438
-0.386068 0.508584 0.418520
-0.386211 0.508002 0.418590
-0.386357 0.507411 0.418666
-0.386505 0.506808 0.418752
-0.386647 0.506223 0.418824
-0.386795 0.505620 0.418911
-0.386940 0.505025 0.418992
-0.387080 0.504439 0.419065
-0.387223 0.503844 0.419146
-0.387370 0.503238 0.419238
-0.387473 0.502818 0.419236
-0.388026 0.502542 0.419303
-0.388142 0.502108 0.419317
-0.388722 0.501787 0.419431
-0.388830 0.501358 0.419440
-0.389404 0.501046 0.419547
-0.389512 0.500617 0.419556
-0.390084 0.500307 0.419662
-0.390192 0.499878 0.419671
-0.390748 0.499592 0.419755
-0.390885 0.499055 0.419810
-0.391393 0.498866 0.419854
-0.391558 0.498324 0.419920
-0.392107 0.498105 0.420000
-0.392241 0.497575 0.420052
-0.392747 0.497390 0.420095
-0.392911 0.496849 0.420160
-0.393420 0.496658 0.420211
-0.393584 0.496115 0.420280
-0.394132 0.495896 0.420363
-0.394265 0.495366 0.420416
-0.394768 0.495183 0.420462
-0.394945 0.494594 0.420563
-0.395445 0.494433 0.420599
-0.395604 0.493900 0.420660
-0.396110 0.493716 0.420709
-0.396285 0.493126 0.420813
-0.396784 0.492966 0.420850
-0.396943 0.492434 0.420912
-0.397447 0.492251 0.420963
-0.397608 0.491709 0.421032
-0.398113 0.491523 0.421088
-0.398274 0.490980 0.421159
-0.398817 0.490765 0.421248
-0.398946 0.490236 0.421303
-0.399445 0.490056 0.421353
-0.399605 0.489517 0.421422
-0.400107 0.489333 0.421478
-0.400267 0.488790 0.421550
-0.400769 0.488606 0.421608
-0.400941 0.488015 0.421717
-0.401436 0.487858 0.421759
-0.401591 0.487327 0.421823
-0.402128 0.487123 0.421907
-0.402255 0.486596 0.421963
-0.402787 0.486396 0.422043
-0.402913 0.485870 0.422097
-0.403407 0.485696 0.422148
-0.403563 0.485158 0.422217
-0.404061 0.484979 0.422276
-0.404230 0.484392 0.422385
-0.404721 0.484237 0.422429
-0.404886 0.483664 0.422527
-0.405376 0.483514 0.422567
-0.405527 0.482986 0.422630
-0.406060 0.482788 0.422715
-0.406183 0.482263 0.422771
-0.406711 0.482068 0.422852
-0.406833 0.481544 0.422907
-0.407361 0.481351 0.422988
-0.407482 0.480828 0.423043
-0.407972 0.480659 0.423096
-0.408123 0.480124 0.423166
-0.408654 0.479925 0.423256
-0.408775 0.479400 0.423314
-0.409264 0.479231 0.423368
-0.409415 0.478698 0.423438
-0.409906 0.478525 0.423498
-0.410069 0.477944 0.423608
-0.410554 0.477795 0.423654
-0.410703 0.477269 0.423718
-0.411192 0.477101 0.423775
-0.411353 0.476524 0.423882
-0.411837 0.476377 0.423927
-0.411994 0.475811 0.424025
-0.412476 0.475668 0.424067
-0.412623 0.475146 0.424128
-0.413147 0.474958 0.424213
-0.413264 0.474437 0.424269
-0.413784 0.474253 0.424351
-0.413900 0.473734 0.424405
-0.414382 0.473573 0.424458
-0.414529 0.473044 0.424527
-0.415015 0.472878 0.424587
-0.415159 0.472292 0.424699
-0.415650 0.472155 0.424745
-0.415766 0.471561 0.424855
-0.416259 0.471426 0.424902
-0.416376 0.470882 0.424973
-0.416907 0.470701 0.425063
-0.416984 0.470153 0.425131
-0.417470 0.469992 0.425193
-0.417583 0.469437 0.425275
-0.418111 0.469248 0.425374
-0.418187 0.468699 0.425444
-0.418711 0.468517 0.425537
-0.418787 0.467971 0.425605
-0.419271 0.467814 0.425666
-0.419383 0.467263 0.425745
-0.419871 0.467102 0.425812
-0.419976 0.466492 0.425940
-0.420465 0.466356 0.425993
-0.420579 0.465817 0.426063
-0.421108 0.465646 0.426150
-0.421183 0.465106 0.426214
-0.421666 0.464956 0.426272
-0.421770 0.464357 0.426390
-0.422259 0.464227 0.426440
-0.422373 0.463693 0.426505
-0.422861 0.463547 0.426562
-0.422966 0.462954 0.426677
-0.423455 0.462827 0.426725
-0.423569 0.462296 0.426788
-0.424055 0.462154 0.426835
-0.424163 0.461619 0.426880
-0.424644 0.461479 0.426898
-0.424753 0.460948 0.426935
-0.425235 0.460812 0.426951
-0.425343 0.460283 0.426987
-0.425866 0.460136 0.427011
-0.425938 0.459613 0.427041
-0.426457 0.459472 0.427062
-0.426529 0.458952 0.427091
-0.427008 0.458824 0.427102
-0.427109 0.458258 0.427158
-0.427594 0.458149 0.427162
-0.427707 0.457636 0.427187
-0.428233 0.457503 0.427202
-0.428307 0.456987 0.427228
-0.428785 0.456863 0.427238
-0.428896 0.456344 0.427267
-0.429421 0.456208 0.427286
-0.429495 0.455693 0.427312
-0.429973 0.455569 0.427322
-0.430084 0.455052 0.427350
-0.430610 0.454918 0.427367
-0.430684 0.454404 0.427392
-0.431162 0.454282 0.427402
-0.431266 0.453727 0.427451
-0.431751 0.453623 0.427453
-0.431866 0.453117 0.427474
-0.432351 0.453000 0.427480
-0.432465 0.452488 0.427505
-0.432949 0.452368 0.427514
-0.433054 0.451816 0.427561
-0.433539 0.451715 0.427562
-0.433655 0.451211 0.427582
-0.434140 0.451096 0.427587
-0.434254 0.450587 0.427610
-0.434782 0.450462 0.427623
-0.434857 0.449955 0.427644
-0.435336 0.449839 0.427651
-0.435450 0.449330 0.427674
-0.435978 0.449207 0.427687
-0.436053 0.448701 0.427707
-0.436577 0.448580 0.427718
-0.436652 0.448075 0.427737
-0.437131 0.447962 0.427743
-0.437240 0.447420 0.427783
-0.437725 0.447323 0.427783
-0.437844 0.446824 0.427798
-0.438330 0.446714 0.427801
-0.438448 0.446209 0.427818
-0.438933 0.446096 0.427823
-0.439051 0.445591 0.427841
-0.439582 0.445471 0.427850
-0.439659 0.444969 0.427866
-0.440185 0.444852 0.427874
-0.440263 0.444351 0.427888
-0.440743 0.444240 0.427892
-0.440861 0.443737 0.427908
-0.441347 0.443626 0.427912
-0.441467 0.443123 0.427926
-0.441953 0.443012 0.427930
-0.442068 0.442477 0.427962
-0.442553 0.442383 0.427960
-0.442676 0.441888 0.427968
-0.443164 0.441782 0.427969
-0.443286 0.441283 0.427980
-0.443820 0.441171 0.427984
