-0.080727 0.886065 0.407064
-0.080751 0.885966 0.407079
-0.081319 0.885887 0.407062
-0.081504 0.885935 0.406887
-0.081533 0.885835 0.406900
-0.082105 0.885754 0.406880
-0.082291 0.885794 0.406705
-0.082325 0.885694 0.406716
-0.082985 0.885610 0.406688
-0.083086 0.885643 0.406518
-0.083124 0.885544 0.406528
-0.083789 0.885459 0.406497
-0.083908 0.885492 0.406320
-0.083943 0.885390 0.406332
-0.084519 0.885305 0.406307
-0.084720 0.885337 0.406124
-0.084758 0.885235 0.406135
-0.085336 0.885149 0.406109
-0.085544 0.885178 0.405922
-0.085582 0.885075 0.405933
-0.086251 0.884982 0.405896
-0.086367 0.885008 0.405719
-0.086410 0.884907 0.405728
-0.087111 0.884811 0.405679
-0.087194 0.884830 0.405515
-0.087242 0.884732 0.405520
-0.089683 0.883138 0.405659
-0.089805 0.882138 0.405971
-0.089510 0.881787 0.405944
-0.089506 0.881636 0.405970
-0.091911 0.879972 0.406135
-0.092170 0.879253 0.406335
-0.091283 0.878390 0.406477
-0.090793 0.877778 0.406627
-0.091320 0.877651 0.406612
-0.091483 0.877651 0.406449
-0.091412 0.877346 0.406482
-0.092024 0.877291 0.406443
-0.092209 0.877339 0.406292
-0.092290 0.877134 0.406267
-0.092920 0.877096 0.406222
-0.093093 0.877018 0.406214
-0.093200 0.876966 0.406042
-0.093844 0.876938 0.405992
-0.094050 0.876834 0.405977
-0.094159 0.876812 0.405799
-0.094806 0.876786 0.405746
-0.094995 0.876718 0.405733
-0.095137 0.876688 0.405549
-0.095787 0.876659 0.405493
-0.096003 0.876558 0.405474
-0.096128 0.876538 0.405288
-0.096778 0.876509 0.405231
-0.096972 0.876440 0.405215
-0.097131 0.876407 0.405022
-0.097783 0.876375 0.404962
-0.097980 0.876304 0.404944
-0.098147 0.876265 0.404746
-0.098801 0.876231 0.404683
-0.099000 0.876158 0.404664
-0.099188 0.876103 0.404454
-0.099839 0.876066 0.404390
-0.100039 0.875992 0.404371
-0.100216 0.875947 0.404165
-0.101019 0.875945 0.404062
-0.101120 0.875850 0.404054
-0.101233 0.875751 0.403867
-0.101852 0.875694 0.403802
-0.102021 0.875593 0.403787
-0.104413 0.873887 0.403931
-0.102832 0.872152 0.404452
-0.103254 0.871933 0.404457
-0.105598 0.870145 0.404635
-0.105146 0.869254 0.404938
-0.103745 0.867985 0.405243
-0.104136 0.867736 0.405257
-0.106466 0.865891 0.405446
-0.106011 0.864976 0.405739
-0.104636 0.863713 0.406021
-0.105038 0.863385 0.406048
-0.107348 0.861549 0.406233
-0.106917 0.860654 0.406507
-0.105921 0.859738 0.406673
-0.106133 0.859246 0.406753
-0.108431 0.857382 0.406950
-0.108000 0.856484 0.407214
-0.107441 0.855952 0.407265
-0.107308 0.855190 0.407422
-0.109601 0.853296 0.407631
-0.109173 0.852395 0.407884
-0.108619 0.851871 0.407925
-0.108455 0.851113 0.408085
-0.108431 0.850904 0.408114
-0.108953 0.850765 0.408099
-0.109235 0.850798 0.407900
-0.109264 0.850623 0.407915
-0.109823 0.850505 0.407889
-0.110158 0.850567 0.407674
-0.110201 0.850395 0.407685
-0.110897 0.850276 0.407635
-0.111150 0.850332 0.407422
-0.111191 0.850158 0.407434
-0.111761 0.850037 0.407401
-0.112127 0.850094 0.407171
-0.112176 0.849919 0.407180
-0.112750 0.849797 0.407144
-0.113167 0.849848 0.406894
-0.113209 0.849669 0.406905
-0.113780 0.849543 0.406868
-0.114165 0.849590 0.406626
-0.114218 0.849413 0.406633
-0.114796 0.849287 0.406591
-0.115239 0.849328 0.406325
-0.115286 0.849147 0.406335
-0.115860 0.849017 0.406292
-0.116304 0.849052 0.406021
-0.116352 0.848870 0.406030
-0.116928 0.848737 0.405984
-0.117347 0.848772 0.405720
-0.117367 0.848482 0.405736
-0.117957 0.848378 0.405680
-0.118432 0.848458 0.405394
-0.118500 0.848281 0.405396
-0.119090 0.848149 0.405340
-0.119552 0.848181 0.405051
-0.119620 0.847997 0.405053
-0.120359 0.847844 0.404958
-0.120712 0.847861 0.404681
-0.120776 0.847675 0.404685
-0.121366 0.847533 0.404620
-0.121996 0.847502 0.404176
-0.122133 0.847293 0.404126
-0.122798 0.847123 0.404001
-0.123721 0.846958 0.403329
-0.124021 0.846532 0.403130
-0.124751 0.846345 0.402937
-0.125439 0.846224 0.402395
-0.127861 0.844285 0.402490
-0.127047 0.842881 0.403013
-0.127162 0.842303 0.403138
-0.127154 0.842195 0.403016
-0.129307 0.840239 0.403280
-0.127482 0.838637 0.404344
-0.127642 0.838433 0.404487
-0.127273 0.838485 0.404625
-0.127003 0.838266 0.404815
-0.127525 0.838260 0.404836
-0.127639 0.838398 0.404680
-0.127641 0.838180 0.404713
-0.128478 0.838161 0.404560
-0.128633 0.838193 0.404370
-0.128826 0.837922 0.404266
-0.129742 0.837809 0.404035
-0.130003 0.837817 0.403779
-0.130505 0.837373 0.403448
-0.131587 0.837202 0.403084
-0.131932 0.837177 0.402762
-0.132831 0.836479 0.402086
-0.133639 0.836306 0.401823
-0.134123 0.836253 0.401426
-0.135476 0.835284 0.400301
-0.136304 0.835081 0.399981
-0.136816 0.835000 0.399532
-0.137964 0.834098 0.398478
-0.139168 0.833746 0.397824
-0.139588 0.833637 0.397363
-0.140563 0.832663 0.396320
-0.141336 0.832424 0.395960
-0.142145 0.832214 0.395136
-0.142777 0.831441 0.394415
-0.143510 0.831194 0.394060
-0.144489 0.830873 0.392976
-0.144844 0.830316 0.392565
-0.145788 0.829931 0.391982
-0.146344 0.829731 0.391263
-0.146674 0.829202 0.390865
-0.147729 0.828735 0.390103
-0.148016 0.828642 0.389699
-0.148429 0.827981 0.389119
-0.149299 0.827682 0.388587
-0.149799 0.827555 0.387912
-0.150072 0.827086 0.387571
-0.150903 0.826770 0.387055
-0.151381 0.826639 0.386383
-0.151582 0.826359 0.386192
-0.153565 0.824417 0.386632
-0.153106 0.823558 0.387740
-0.153094 0.823526 0.387688
-0.153118 0.823312 0.387732
-0.154978 0.821404 0.388355
-0.154233 0.820730 0.389834
-0.154030 0.820814 0.390022
-0.153885 0.820577 0.390276
-0.154460 0.820496 0.390190
-0.154663 0.820528 0.389946
-0.156719 0.818721 0.390382
-0.155355 0.817768 0.391920
-0.155613 0.817662 0.392059
-0.155685 0.817850 0.392068
-0.155652 0.817590 0.392182
-0.156172 0.817475 0.392065
-0.158269 0.815598 0.392529
-0.157505 0.815092 0.393338
-0.156868 0.814736 0.393955
-0.157097 0.814718 0.394228
-0.157184 0.814772 0.394092
-0.157206 0.814462 0.394114
-0.157942 0.814384 0.393878
-0.158191 0.814411 0.393584
-0.158552 0.813993 0.393238
-0.159437 0.813839 0.392817
-0.159966 0.813821 0.392212
-0.160294 0.813407 0.391895
-0.161211 0.813165 0.391385
-0.161776 0.813088 0.390699
-0.162131 0.812633 0.390320
-0.163229 0.812298 0.389558
-0.163534 0.812243 0.389140
-0.163931 0.811790 0.388688
-0.165034 0.811448 0.387878
-0.165547 0.811347 0.387174
-0.165780 0.811061 0.386960
-0.166942 0.810573 0.385987
-0.167216 0.810510 0.385574
-0.167467 0.810229 0.385324
-0.168626 0.809747 0.384314
-0.168899 0.809685 0.383893
-0.169148 0.809403 0.383637
-0.170354 0.808870 0.382485
-0.170607 0.808815 0.382082
-0.170840 0.808542 0.381843
-0.171464 0.808298 0.381488
-0.172596 0.805835 0.383214
-0.172588 0.805827 0.383159
-0.172627 0.805607 0.383202
-0.173104 0.805424 0.383080
-0.174232 0.803090 0.384930
-0.173891 0.803124 0.385257
-0.173838 0.802922 0.385431
-0.174245 0.802761 0.385414
-0.175746 0.800484 0.386831
-0.175064 0.800432 0.387480
-0.174649 0.800147 0.388026
-0.175007 0.800041 0.388068
-0.176956 0.798100 0.388750
-0.176116 0.797715 0.389753
-0.175423 0.797404 0.390523
-0.175685 0.797309 0.390662
-0.176974 0.794992 0.392196
-0.176452 0.794934 0.392601
-0.175618 0.794646 0.393443
-0.175687 0.794636 0.393851
-0.177497 0.792634 0.394590
-0.176311 0.792210 0.395700
-0.175808 0.791968 0.396193
-0.175285 0.791932 0.397073
-0.177015 0.789873 0.397839
-0.176368 0.789482 0.398412
-0.175645 0.789135 0.399000
-0.174180 0.789092 0.400484
-0.175823 0.786990 0.401277
-0.175031 0.786576 0.401856
-0.174156 0.786207 0.402462
-0.171500 0.786207 0.404480
-0.171108 0.786267 0.404563
-0.170834 0.786054 0.404722
-0.170912 0.786012 0.404909
-0.170959 0.786040 0.404760
-0.171030 0.785807 0.404750
-0.171964 0.785713 0.404527
-0.172087 0.785732 0.404341
-0.172219 0.785492 0.404300
-0.173235 0.785365 0.404026
-0.173393 0.785382 0.403822
-0.173552 0.785139 0.403767
-0.174834 0.784974 0.403293
-0.175062 0.784975 0.403024
-0.175318 0.784713 0.402887
-0.177570 0.784401 0.401666
-0.177879 0.784103 0.401490
-0.180076 0.783714 0.400188
-0.180430 0.783403 0.399962
-0.182738 0.782953 0.398447
-0.183334 0.782455 0.397953
-0.185570 0.782088 0.396376
-0.185905 0.781771 0.396126
-0.188180 0.781253 0.394336
-0.188463 0.780937 0.394116
-0.189513 0.780639 0.393477
-0.190870 0.777901 0.394602
-0.190742 0.777665 0.394779
-0.191097 0.777531 0.394799
-0.191250 0.775329 0.397266
-0.190932 0.775126 0.397622
-0.191095 0.775019 0.397826
-0.190378 0.772778 0.400861
-0.189868 0.772573 0.401325
-0.189847 0.772473 0.401651
-0.189067 0.770095 0.404422
-0.188340 0.769872 0.404927
-0.188218 0.769749 0.405203
-0.188217 0.767109 0.406851
-0.188033 0.766855 0.406975
-0.190009 0.764564 0.407495
-0.189561 0.764057 0.408029
-0.189488 0.763805 0.408098
-0.191268 0.761101 0.408824
-0.191294 0.760969 0.409022
-0.191044 0.760610 0.409152
-0.191724 0.760606 0.409066
-0.191890 0.760278 0.409016
-0.192451 0.760228 0.408949
-0.192884 0.759945 0.408809
-0.193454 0.759896 0.408737
-0.193909 0.759614 0.408585
-0.194480 0.759564 0.408509
-0.194916 0.759280 0.408364
-0.195700 0.759277 0.408220
-0.195955 0.758951 0.408125
-0.196736 0.758941 0.407977
-0.196993 0.758611 0.407879
-0.197895 0.758628 0.407678
-0.198066 0.758271 0.407610
-0.198835 0.758255 0.407462
-0.199085 0.757922 0.407363
-0.199867 0.757907 0.407205
-0.200151 0.757568 0.407084
-0.200722 0.757510 0.406996
-0.201176 0.757213 0.406824
-0.201964 0.757200 0.406658
-0.202206 0.756877 0.406563
-0.204388 0.754583 0.407008
-0.204551 0.754146 0.407286
-0.204428 0.753824 0.407380
-0.206521 0.751494 0.407877
-0.206573 0.751049 0.408210
-0.206422 0.750724 0.408317
-0.208294 0.748010 0.409056
-0.208504 0.747893 0.409176
-0.208361 0.747565 0.409279
-0.210510 0.745209 0.409773
-0.210699 0.744767 0.410034
-0.210597 0.744436 0.410113
-0.212730 0.742042 0.410618
-0.212935 0.741588 0.410865
-0.212846 0.741255 0.410936
-0.214990 0.738840 0.411444
-0.215202 0.738396 0.411687
-0.215227 0.738128 0.411715
-0.217224 0.735263 0.412406
-0.217555 0.735162 0.412466
-0.217607 0.734899 0.412481
-0.219461 0.731935 0.413238
-0.219949 0.731896 0.413220
-0.220026 0.731589 0.413218
-0.222159 0.728756 0.413861
-0.222609 0.728677 0.413861
-0.222685 0.728413 0.413863
-0.224646 0.725421 0.414571
-0.225182 0.725391 0.414523
-0.225297 0.725139 0.414511
-0.227338 0.722149 0.415181
-0.227906 0.722126 0.415112
-0.228033 0.721874 0.415093
-0.230069 0.718864 0.415750
-0.230550 0.718814 0.415695
-0.230905 0.718555 0.415561
-0.231428 0.718506 0.415485
-0.231814 0.718226 0.415335
-0.232334 0.718174 0.415259
-0.232706 0.717885 0.415114
-0.233403 0.717878 0.414978
-0.233614 0.717544 0.414880
-0.234126 0.717488 0.414806
-0.234496 0.717194 0.414659
-0.235403 0.717247 0.414411
-0.236364 0.717314 0.414127
-0.237289 0.717372 0.413860
-0.238251 0.717436 0.413565
-0.239194 0.717496 0.413277
-0.240133 0.717552 0.412987
-0.241068 0.717606 0.412695
-0.241980 0.717654 0.412414
-0.242928 0.717708 0.412104
-0.243444 0.717646 0.412013
-0.245682 0.714809 0.412525
-0.246186 0.714760 0.412432
-0.248504 0.711983 0.412842
-0.249451 0.712087 0.412486
-0.250392 0.712155 0.412141
-0.252482 0.709565 0.412606
-0.253150 0.709272 0.412447
-0.255269 0.706376 0.412941
-0.256050 0.706494 0.412559
-0.258140 0.703899 0.412969
-0.259071 0.703791 0.412479
-0.260004 0.703904 0.412059
-0.260865 0.703962 0.411714
-0.261813 0.704017 0.411182
-0.262970 0.704113 0.410303
-0.264206 0.704232 0.409265
-0.265670 0.704415 0.407804
-0.266250 0.704367 0.407516
-0.267070 0.704184 0.406414
-0.267897 0.704194 0.405849
-0.268567 0.703978 0.404776
-0.269133 0.703923 0.404476
-0.269881 0.703722 0.403401
-0.270437 0.703663 0.403105
-0.271136 0.703447 0.402085
-0.271895 0.703435 0.401569
-0.272331 0.703157 0.400846
-0.273063 0.703133 0.400360
-0.273514 0.702853 0.399574
-0.274029 0.702779 0.399328
-0.274553 0.702507 0.398590
-0.275518 0.702554 0.397653
-0.276503 0.702615 0.396634
-0.277404 0.702650 0.395786
-0.278322 0.702689 0.394874
-0.279170 0.702706 0.394116
-0.280032 0.702726 0.393304
-0.280839 0.702728 0.392623
-0.281659 0.702733 0.391893
-0.282435 0.702722 0.391274
-0.283117 0.702688 0.390684
-0.283687 0.702618 0.390287
-0.284252 0.702544 0.389914
-0.284807 0.702466 0.389603
-0.285362 0.702386 0.389284
-0.285913 0.702306 0.388984
-0.286460 0.702223 0.388710
-0.287010 0.702140 0.388419
-0.287556 0.702056 0.388141
-0.288100 0.701971 0.387882
-0.288643 0.701886 0.387621
-0.289188 0.701800 0.387350
-0.289729 0.701713 0.387101
-0.290272 0.701625 0.386841
-0.290813 0.701537 0.386591
-0.291352 0.701448 0.386357
-0.291891 0.701358 0.386120
-0.292431 0.701268 0.385876
-0.292970 0.701178 0.385642
-0.293506 0.701086 0.385421
-0.294044 0.700994 0.385191
-0.294580 0.700902 0.384975
-0.295116 0.700809 0.384759
-0.295653 0.700716 0.384538
-0.296188 0.700622 0.384331
-0.296724 0.700527 0.384117
-0.297258 0.700432 0.383916
-0.297793 0.700337 0.383714
-0.298328 0.700241 0.383509
-0.298862 0.700145 0.383315
-0.299396 0.700048 0.383122
-0.299931 0.699951 0.382925
-0.300464 0.699854 0.382739
-0.300998 0.699755 0.382549
-0.301531 0.699657 0.382367
-0.302065 0.699558 0.382182
-0.302476 0.699440 0.382075
-0.302697 0.699057 0.381983
-0.303108 0.698936 0.381877
-0.303330 0.698548 0.381790
-0.303829 0.698434 0.381654
-0.303964 0.698042 0.381601
-0.304462 0.697925 0.381464
-0.304598 0.697531 0.381412
-0.305097 0.697413 0.381276
-0.305233 0.697018 0.381223
-0.305769 0.696905 0.381061
-0.306303 0.696803 0.380894
-0.306838 0.696702 0.380729
-0.307373 0.696600 0.380560
-0.307907 0.696498 0.380394
-0.308442 0.696396 0.380233
-0.308977 0.696293 0.380070
-0.309511 0.696190 0.379910
-0.310046 0.696087 0.379752
-0.310577 0.695983 0.379603
-0.310693 0.695616 0.379569
-0.311218 0.695470 0.379415
-0.311341 0.695164 0.379389
-0.311857 0.694956 0.379234
-0.311981 0.694648 0.379208
-0.313408 0.691999 0.379658
-0.313576 0.691827 0.379468
-0.313679 0.691502 0.379318
-0.315077 0.688897 0.379700
-0.315255 0.688730 0.379435
-0.315344 0.688438 0.379213
-0.316543 0.685661 0.379538
-0.316846 0.685690 0.379174
-0.316940 0.685412 0.378812
-0.318272 0.682812 0.379122
-0.318459 0.682611 0.378856
-0.318544 0.682378 0.378682
-0.318319 0.682452 0.377958
-0.318709 0.682355 0.377741
-0.318910 0.682067 0.377597
-0.318738 0.682069 0.377002
-0.319131 0.681957 0.376840
-0.319337 0.681658 0.376743
-0.319173 0.681630 0.376359
-0.319565 0.681521 0.376199
-0.319784 0.681172 0.376062
-0.319601 0.681198 0.375729
-0.319993 0.681089 0.375576
-0.320199 0.680791 0.375486
-0.320027 0.680770 0.375150
-0.320501 0.680675 0.374941
-0.320645 0.680371 0.374880
-0.320449 0.680341 0.374591
-0.320841 0.680229 0.374448
-0.321048 0.679929 0.374367
-0.320871 0.679910 0.374080
-0.321346 0.679812 0.373890
-0.321492 0.679507 0.373836
-0.321291 0.679481 0.373588
-0.321683 0.679367 0.373453
-0.321892 0.679065 0.373380
-0.321706 0.679061 0.373098
-0.322099 0.678943 0.372974
-0.322310 0.678638 0.372911
-0.322129 0.678620 0.372697
-0.322522 0.678505 0.372571
-0.322749 0.678147 0.372491
-0.322549 0.678186 0.372297
-0.322942 0.678072 0.372173
-0.323153 0.677768 0.372109
-0.322968 0.677759 0.371917
-0.323447 0.677654 0.371764
-0.323596 0.677347 0.371722
-0.323388 0.677329 0.371556
-0.323781 0.677212 0.371439
-0.323994 0.676907 0.371381
-0.323808 0.676899 0.371221
-0.324289 0.676792 0.371080
-0.324439 0.676484 0.371042
-0.324229 0.676469 0.370904
-0.324624 0.676352 0.370792
-0.324861 0.675955 0.370742
-0.325349 0.675827 0.370641
-0.325503 0.675416 0.370642
-0.325992 0.675283 0.370549
-0.326148 0.674862 0.370562
-0.326546 0.674730 0.370475
-0.326792 0.674314 0.370475
-0.327190 0.674182 0.370389
-0.327438 0.673761 0.370395
-0.327836 0.673631 0.370308
-0.328083 0.673212 0.370310
-0.328482 0.673082 0.370224
-0.328729 0.672666 0.370219
-0.329220 0.672537 0.370128
-0.329375 0.672123 0.370129
-0.329866 0.671989 0.370040
-0.330020 0.671671 0.370016
-0.330685 0.668967 0.369865
-0.331061 0.668886 0.369772
-0.331290 0.668532 0.369732
-0.331687 0.668403 0.369646
-0.331936 0.667982 0.369644
-0.332333 0.667852 0.369561
-0.332581 0.667439 0.369553
-0.333604 0.664786 0.369262
-0.333784 0.664527 0.369237
-0.333818 0.664362 0.369222
-0.334583 0.661604 0.368935
-0.334844 0.661578 0.368854
-0.334996 0.661350 0.368769
-0.335953 0.658698 0.368427
-0.336117 0.658456 0.368362
-0.336139 0.658310 0.368276
-0.337058 0.655662 0.367910
-0.337167 0.655543 0.367802
-0.337218 0.655323 0.367679
-0.337608 0.655201 0.367588
-0.337857 0.654776 0.367585
-0.338343 0.654645 0.367509
-0.338505 0.654216 0.367531
-0.338992 0.654080 0.367460
-0.339154 0.653648 0.367485
-0.339669 0.653513 0.367428
-0.339805 0.653078 0.367446
-0.340292 0.652943 0.367375
-0.340456 0.652503 0.367406
-0.340849 0.652372 0.367333
-0.341105 0.651934 0.367358
-0.341594 0.651803 0.367287
-0.341757 0.651364 0.367316
-0.342150 0.651234 0.367244
-0.342407 0.650796 0.367267
-0.342801 0.650665 0.367197
-0.343053 0.650246 0.367199
-0.343703 0.647431 0.366874
-0.343958 0.647407 0.366791
-0.344114 0.647167 0.366706
-0.344958 0.644485 0.366328
-0.345058 0.644373 0.366215
-0.345113 0.644142 0.366104
-0.345919 0.641461 0.365706
-0.346056 0.641243 0.365606
-0.346067 0.641112 0.365465
-0.346831 0.638442 0.365046
-0.346958 0.638237 0.364930
-0.346962 0.638119 0.364766
-0.347685 0.635452 0.364331
-0.347804 0.635255 0.364205
-0.347803 0.635143 0.364027
-0.348485 0.632481 0.363579
-0.348596 0.632293 0.363444
-0.348584 0.632203 0.363238
-0.349225 0.629541 0.362783
-0.349330 0.629357 0.362645
-0.349325 0.629251 0.362459
-0.349630 0.626554 0.361915
-0.349862 0.626573 0.361774
-0.350001 0.626346 0.361630
-0.350258 0.623657 0.361079
-0.350488 0.623679 0.360939
-0.350623 0.623459 0.360785
-0.351134 0.620816 0.360308
-0.351217 0.620655 0.360160
-0.351211 0.620556 0.359973
-0.351673 0.617931 0.359482
-0.351748 0.617784 0.359326
-0.351738 0.617695 0.359131
-0.351840 0.615065 0.358549
-0.352066 0.615099 0.358405
-0.352209 0.614867 0.358269
-0.352264 0.612245 0.357693
-0.352491 0.612280 0.357552
-0.352633 0.612053 0.357415
-0.352965 0.609447 0.356923
-0.352965 0.609470 0.356716
-0.353018 0.609243 0.356584
-0.353305 0.606648 0.356089
-0.353362 0.606524 0.355939
-0.353366 0.606428 0.355774
-0.353606 0.603852 0.355273
-0.353657 0.603740 0.355121
-0.353662 0.603649 0.354958
-0.353523 0.601102 0.354380
-0.353763 0.601167 0.354240
-0.353940 0.601052 0.354055
-0.354328 0.600944 0.353974
-0.354579 0.600385 0.354042
-0.354969 0.600253 0.353982
-0.355241 0.599669 0.354089
-0.355628 0.599539 0.354026
-0.355917 0.599034 0.354088
-0.356303 0.598905 0.354024
-0.356588 0.598407 0.354076
-0.356975 0.598277 0.354016
-0.357262 0.597774 0.354072
-0.357650 0.597644 0.354012
-0.357939 0.597136 0.354077
-0.358326 0.597008 0.354015
-0.358612 0.596507 0.354068
-0.359098 0.596365 0.354027
-0.359288 0.595872 0.354071
-0.359676 0.595742 0.354013
-0.359962 0.595238 0.354069
-0.360351 0.595108 0.354013
-0.360641 0.594597 0.354078
-0.361029 0.594469 0.354020
-0.361315 0.593966 0.354074
-0.361703 0.593836 0.354020
-0.361991 0.593330 0.354078
-0.362479 0.593187 0.354041
-0.362669 0.592692 0.354087
-0.363057 0.592561 0.354033
-0.363348 0.592049 0.354097
-0.363735 0.591921 0.354043
-0.364025 0.591411 0.354105
-0.364413 0.591283 0.354051
-0.364637 0.590906 0.354028
-0.364717 0.590769 0.353448
-0.365193 0.590635 0.353376
-0.365345 0.590265 0.353347
-0.365401 0.590135 0.352772
-0.365870 0.590000 0.352676
-0.366037 0.589559 0.352657
-0.366090 0.589490 0.352128
-0.366572 0.589361 0.351981
-0.366703 0.588992 0.351941
-0.366875 0.586304 0.351446
-0.366599 0.586255 0.350960
-0.366823 0.586512 0.350524
-0.366942 0.586091 0.350457
-0.367465 0.585934 0.350448
-0.367607 0.585490 0.350431
-0.368097 0.585315 0.350414
-0.367920 0.582712 0.349869
-0.367854 0.582549 0.349750
-0.368303 0.582479 0.349674
-0.367922 0.580105 0.349052
-0.367989 0.579849 0.348966
-0.368445 0.579725 0.348891
-0.368024 0.577362 0.348280
-0.368078 0.577100 0.348175
-0.368453 0.576988 0.348111
-0.368034 0.574747 0.347482
-0.368136 0.574439 0.347411
-0.368657 0.574252 0.347398
-0.368783 0.573877 0.347356
-0.369333 0.573606 0.347396
-0.369460 0.573230 0.347356
-0.370009 0.572961 0.347393
-0.370137 0.572582 0.347356
-0.370690 0.572308 0.347403
-0.370816 0.571930 0.347364
-0.371366 0.571662 0.347403
-0.371494 0.571282 0.347366
-0.372047 0.571007 0.347415
-0.372174 0.570628 0.347376
-0.372724 0.570360 0.347417
-0.372852 0.569979 0.347381
-0.373405 0.569704 0.347431
-0.373532 0.569324 0.347393
-0.374082 0.569055 0.347436
-0.374210 0.568673 0.347400
-0.374762 0.568402 0.347447
-0.374890 0.568019 0.347411
-0.375444 0.567744 0.347465
-0.375571 0.567363 0.347427
-0.376121 0.567094 0.347473
-0.376249 0.566710 0.347438
-0.376801 0.566439 0.347487
-0.376929 0.566055 0.347452
-0.377481 0.565783 0.347502
-0.377609 0.565399 0.347468
-0.378161 0.565127 0.347519
-0.378289 0.564743 0.347485
-0.378844 0.564467 0.347543
-0.378970 0.564084 0.347507
-0.379521 0.563814 0.347556
-0.379649 0.563429 0.347523
-0.380204 0.563153 0.347582
-0.380330 0.562769 0.347546
-0.380884 0.562495 0.347603
-0.381010 0.562110 0.347568
-0.381564 0.561837 0.347625
-0.381690 0.561452 0.347590
-0.382244 0.561178 0.347648
-0.382370 0.560793 0.347614
-0.382924 0.560519 0.347673
-0.383050 0.560133 0.347638
-0.383604 0.559860 0.347698
-0.383730 0.559474 0.347664
-0.384284 0.559200 0.347724
-0.384410 0.558814 0.347690
-0.384945 0.558562 0.347722
-0.384582 0.555969 0.347125
-0.384519 0.555813 0.347006
-0.384974 0.555749 0.346958
-0.384582 0.553215 0.346350
-0.384521 0.553072 0.346229
-0.385009 0.553030 0.346193
-0.385135 0.552646 0.346157
-0.385687 0.552381 0.346210
-0.385814 0.551990 0.346177
-0.386370 0.551713 0.346241
-0.386496 0.551323 0.346206
-0.387048 0.551051 0.346262
-0.387175 0.550659 0.346230
-0.387728 0.550385 0.346290
-0.387869 0.549919 0.346272
-0.388405 0.549721 0.346313
-0.388553 0.549226 0.346313
-0.389086 0.549052 0.346345
-0.389228 0.548586 0.346330
-0.389769 0.548383 0.346381
-0.389895 0.547990 0.346349
-0.390450 0.547714 0.346416
-0.390575 0.547321 0.346383
-0.391123 0.547057 0.346436
-0.391266 0.546585 0.346425
-0.391655 0.546433 0.346415
-0.391151 0.544136 0.345749
-0.391252 0.543816 0.345687
-0.391739 0.543646 0.345673
-0.391137 0.541296 0.345018
-0.391190 0.541054 0.344919
-0.390415 0.539016 0.344148
-0.389596 0.537049 0.343374
-0.389744 0.536530 0.343368
-0.389869 0.536133 0.343330
-0.390423 0.535854 0.343390
-0.390548 0.535457 0.343353
-0.391101 0.535182 0.343410
-0.391227 0.534783 0.343375
-0.391781 0.534507 0.343436
-0.391922 0.534032 0.343415
-0.392457 0.533832 0.343458
-0.392601 0.533356 0.343441
-0.393140 0.533151 0.343493
-0.393266 0.532752 0.343458
-0.393821 0.532473 0.343524
-0.393946 0.532073 0.343489
-0.394498 0.531798 0.343551
-0.394639 0.531322 0.343531
-0.395174 0.531122 0.343578
-0.395317 0.530644 0.343562
-0.395853 0.530443 0.343610
-0.395996 0.529965 0.343595
-0.396535 0.529760 0.343650
-0.396660 0.529358 0.343617
-0.397215 0.529079 0.343687
-0.397339 0.528678 0.343653
-0.397893 0.528399 0.343723
-0.398017 0.527997 0.343690
-0.398571 0.527719 0.343760
-0.398720 0.527188 0.343766
-0.398869 0.526655 0.343771
-0.399018 0.526119 0.343779
-0.399166 0.525585 0.343785
-0.399314 0.525051 0.343792
-0.399462 0.524516 0.343799
-0.399608 0.523983 0.343805
-0.399757 0.523444 0.343814
-0.399904 0.522907 0.343822
-0.400050 0.522373 0.343829
-0.400197 0.521832 0.343840
-0.400343 0.521296 0.343848
-0.400490 0.520755 0.343859
-0.400636 0.520215 0.343869
-0.400783 0.519671 0.343882
-0.400928 0.519134 0.343891
-0.401074 0.518593 0.343902
-0.401218 0.518054 0.343912
-0.401364 0.517509 0.343925
-0.401508 0.516969 0.343936
-0.401652 0.516425 0.343949
-0.401797 0.515881 0.343962
-0.401941 0.515334 0.343977
-0.402085 0.514789 0.343991
-0.402228 0.514247 0.344004
-0.402372 0.513698 0.344020
-0.402514 0.513154 0.344033
-0.402658 0.512604 0.344051
-0.402800 0.512057 0.344067
-0.402942 0.511512 0.344081
-0.403084 0.510964 0.344097
-0.403219 0.510446 0.344097
-0.403742 0.510282 0.344135
-0.403895 0.509741 0.344159
-0.404383 0.509596 0.344178
-0.404569 0.509041 0.344221
-0.404948 0.508921 0.344217
-0.405243 0.508345 0.344282
-0.405621 0.508227 0.344277
-0.405915 0.507655 0.344340
-0.406292 0.507537 0.344336
-0.406584 0.506971 0.344394
-0.406962 0.506851 0.344393
-0.407257 0.506274 0.344458
-0.407634 0.506157 0.344456
-0.407925 0.505590 0.344515
-0.408303 0.505471 0.344514
-0.408598 0.504891 0.344583
-0.408737 0.504343 0.344603
-0.408876 0.503793 0.344624
-0.409016 0.503238 0.344648
-0.409154 0.502690 0.344668
-0.409293 0.502135 0.344693
-0.409431 0.501587 0.344713
-0.409568 0.501035 0.344736
-0.409707 0.500478 0.344762
-0.409843 0.499929 0.344784
-0.409980 0.499376 0.344807
-0.410117 0.498819 0.344834
-0.410253 0.498268 0.344856
-0.410388 0.497714 0.344881
-0.410524 0.497159 0.344906
-0.410653 0.496636 0.344913
-0.411173 0.496477 0.344958
-0.411317 0.495948 0.344978
-0.411838 0.495788 0.345027
-0.411985 0.495242 0.345057
-0.412470 0.495104 0.345084
-0.412649 0.494554 0.345126
-0.413134 0.494415 0.345154
-0.413312 0.493865 0.345196
-0.413797 0.493727 0.345224
-0.413978 0.493167 0.345274
-0.414350 0.493053 0.345279
-0.414639 0.492480 0.345343
-0.415012 0.492366 0.345350
-0.415303 0.491786 0.345420
-0.415674 0.491675 0.345425
-0.415964 0.491099 0.345492
-0.416334 0.490988 0.345498
-0.416624 0.490412 0.345565
-0.416994 0.490302 0.345571
-0.417285 0.489722 0.345641
-0.417417 0.489168 0.345671
-0.417547 0.488617 0.345697
-0.417679 0.488060 0.345729
-0.417809 0.487509 0.345756
-0.417939 0.486954 0.345786
-0.418070 0.486396 0.345818
-0.418198 0.485845 0.345846
-0.418328 0.485286 0.345878
-0.418456 0.484734 0.345906
-0.418585 0.484179 0.345937
-0.418713 0.483620 0.345970
-0.418840 0.483068 0.345999
-0.418967 0.482513 0.346029
-0.419095 0.481953 0.346063
-0.419221 0.481397 0.346095
-0.419346 0.480845 0.346124
-0.419466 0.480320 0.346135
-0.419983 0.480171 0.346186
-0.420113 0.479670 0.346192
-0.420651 0.479482 0.346274
-0.420753 0.479061 0.346256
-0.421303 0.478806 0.346349
-0.421405 0.478383 0.346332
-0.421957 0.478122 0.346430
-0.422057 0.477700 0.346411
-0.422606 0.477447 0.346503
-0.422721 0.476950 0.346503
-0.423257 0.476766 0.346582
-0.423358 0.476344 0.346565
-0.423907 0.476087 0.346661
-0.424007 0.475666 0.346643
-0.424554 0.475415 0.346734
-0.424655 0.474992 0.346718
-0.425203 0.474740 0.346811
-0.425303 0.474316 0.346795
-0.425852 0.474060 0.346893
-0.425951 0.473638 0.346875
-0.426499 0.473385 0.346970
-0.426598 0.472964 0.346952
-0.427145 0.472712 0.347047
-0.427244 0.472290 0.347030
-0.427788 0.472043 0.347120
-0.427902 0.471547 0.347121
-0.428430 0.471373 0.347195
-0.428546 0.470876 0.347197
