-0.03101745  0.87761993  0.44277932
-0.03371037  0.87575862  0.45534979
-0.03513963  0.87405165  0.45480826
-0.03446281  0.8738323   0.44859244
-0.03509492  0.87372861  0.44215042
-0.0370232   0.87373285  0.43596264
-0.03940753  0.8738007   0.4301575 
-0.04167041  0.87387438  0.42468638
-0.04361249  0.87391156  0.42011214
-0.04472599  0.87400437  0.41704202
-0.04532241  0.87412862  0.4150604 
-0.04565043  0.87426211  0.41385327
-0.0458174   0.87436474  0.41312587
-0.04588663  0.87444583  0.41269382
-0.04591674  0.87449274  0.41245439
-0.04593792  0.87452415  0.41230021
-0.0459819   0.87453114  0.41215376
-0.04605813  0.87451876  0.41199673
-0.04613385  0.87447777  0.41187028
-0.04621993  0.87443058  0.41178523
-0.04631148  0.87437453  0.41175311
-0.04644185  0.87428538  0.41176235
-0.04661264  0.87416644  0.41179848
-0.0468094   0.87401691  0.41184778
-0.04699759  0.87386378  0.41193467
-0.04719591  0.87369468  0.41202352
-0.04740482  0.87350541  0.41208999
-0.04762701  0.87330063  0.41216223
-0.0478668   0.87308543  0.41221542
-0.04812467  0.87286321  0.41226624
-0.04837835  0.87264104  0.41233126
-0.04862127  0.87242205  0.41239898
-0.04883227  0.87220685  0.41247788
-0.04903403  0.87198453  0.41256993
-0.04924274  0.87174738  0.41265498
-0.04941977  0.87151565  0.41273714
-0.04958407  0.87127156  0.41282592
-0.04974945  0.87102174  0.41291019
-0.04993264  0.87075724  0.41299534
-0.05014014  0.87047929  0.41306444
-0.05035822  0.87018896  0.41312587
-0.05057595  0.86988833  0.41319583
-0.05078264  0.86957782  0.41329203
-0.05098774  0.86926317  0.41339421
-0.05120053  0.86894386  0.41348989
-0.05141592  0.86862328  0.41356994
-0.0516317   0.86829277  0.41364973
-0.05183011  0.86796468  0.41372455
-0.05202016  0.86763123  0.41379656
-0.05221315  0.86728007  0.41386907
-0.05240297  0.86691954  0.41394133
-0.05258949  0.86655682  0.41400875
-0.05277472  0.86619409  0.41406801
-0.0529577   0.86582864  0.41413693
-0.05314179  0.86544155  0.41420987
-0.05334354  0.86504215  0.41426937
-0.05354231  0.86464     0.41432023
-0.05374322  0.86422564  0.41438462
-0.05393942  0.8638093   0.41445478
-0.0541274   0.86338514  0.41452892
-0.05431818  0.86295145  0.41460177
-0.05451741  0.86250667  0.41466856
-0.05471927  0.86204982  0.41473361
-0.05491621  0.86157813  0.41479981
-0.05511128  0.86109225  0.41486888
-0.05530644  0.86059209  0.41493527
-0.05550897  0.86007869  0.41500753
-0.05571427  0.85956454  0.41507586
-0.05591314  0.85905167  0.41514015
-0.05611178  0.85852765  0.41521214
-0.05630115  0.85800615  0.41528466
-0.05649644  0.85747947  0.4153558 
-0.05669485  0.85694319  0.41542517
-0.05689161  0.85639976  0.41549281
-0.05709017  0.85585141  0.41555512
-0.05729625  0.85528795  0.41561917
-0.0574983   0.85472046  0.41568085
-0.05770429  0.85414152  0.41574642
-0.05791192  0.85355189  0.41581292
-0.05811899  0.85296185  0.41587437
-0.05832586  0.85236946  0.41593516
-0.05853484  0.85177545  0.41599326
-0.05873255  0.85117734  0.41605926
-0.05893518  0.85056539  0.41613164
-0.05914813  0.84993598  0.4162026 
-0.05936837  0.84929298  0.41627129
-0.05958881  0.84864027  0.41633692
-0.05980766  0.84796299  0.41641536
-0.0600313   0.84727038  0.41650038
-0.06025918  0.84656414  0.4165832 
-0.06049463  0.84583151  0.4166716 
-0.06073641  0.84508524  0.41675705
-0.06098082  0.84432842  0.4168435 
-0.06123026  0.84356679  0.41692632
-0.06148038  0.84279959  0.41701104
-0.06172461  0.84203024  0.41710222
-0.06196103  0.84125087  0.41719762
-0.06219461  0.84046583  0.4172912 
-0.06242916  0.83966721  0.41739031
-0.06266602  0.83885828  0.41748925
-0.06290597  0.83803868  0.41758361
-0.06316858  0.83741372  0.41757547
-0.06345151  0.83693528  0.41750717
-0.06369062  0.83652778  0.41745311
-0.06385647  0.83616438  0.41742864
-0.06397641  0.83581331  0.41743827
-0.06407855  0.83546718  0.41745009
-0.06418414  0.83512465  0.41746111
-0.06428533  0.83477903  0.41746378
-0.06438002  0.83442944  0.4174665 
-0.06445413  0.83407479  0.41747489
-0.06451192  0.83370646  0.41748882
-0.06454909  0.83333397  0.41751968
-0.06458034  0.83295086  0.41756266
-0.06460463  0.83255974  0.41762149
-0.06461194  0.83215059  0.41769733
-0.06461269  0.83173465  0.41778949
-0.06459758  0.83130354  0.41790005
-0.06457605  0.83086889  0.41801187
-0.06455502  0.83041733  0.41811474
-0.06453679  0.82995956  0.41820693
-0.064526    0.82949482  0.4182846 
-0.06451678  0.82902161  0.41834691
-0.06450421  0.82854745  0.41841025
-0.0644979   0.82806471  0.41846422
-0.06450114  0.82758114  0.41851381
-0.06450437  0.8270982   0.41857216
-0.06451576  0.82661738  0.41862116
-0.06451097  0.82613764  0.41866857
-0.06448587  0.82564769  0.41871902
-0.06444853  0.82514338  0.41877134
-0.06441465  0.8246104   0.41882431
-0.06437495  0.82405125  0.41888171
-0.06434256  0.82348587  0.41893968
-0.06430404  0.82291172  0.41900845
-0.0642575   0.82233537  0.41909561
-0.0642121   0.82174774  0.41918937
-0.06417866  0.82114725  0.419274  
-0.06416123  0.82053652  0.4193486 
-0.06414413  0.81992298  0.41942321
-0.06412726  0.81929928  0.41949743
-0.06411177  0.81867342  0.41956801
-0.06409032  0.81802556  0.41964004
-0.06407202  0.81736128  0.41970476
-0.06406166  0.81668388  0.41975722
-0.06405414  0.81600096  0.41980161
-0.06404295  0.81531206  0.41985592
-0.06402144  0.81460694  0.41992132
-0.06399039  0.81388309  0.4199979 
-0.06396973  0.81314815  0.42007558
-0.06395283  0.81241004  0.4201478 
-0.06395068  0.81166736  0.42021557
-0.0639493   0.8109105   0.42028419
-0.063939    0.81013561  0.42036493
-0.06392979  0.80937669  0.42045535
-0.06391088  0.80863663  0.42056205
-0.06387899  0.80789465  0.42068689
-0.06383376  0.80713906  0.42081578
-0.06378318  0.80636689  0.42094489
-0.06372309  0.80558377  0.42107918
-0.06365692  0.80479109  0.42121762
-0.06359343  0.80399431  0.42135911
-0.06352529  0.80319876  0.42150533
-0.06345176  0.8024051   0.42165029
-0.06335824  0.80160712  0.42180638
-0.06326065  0.80082044  0.42197088
-0.06316576  0.80002568  0.42212571
-0.06308225  0.79920254  0.42227549
-0.06300462  0.79835194  0.42242708
-0.06293027  0.79749457  0.42257548
-0.06285283  0.7966068   0.42272253
-0.06277618  0.79570389  0.42286796
-0.06270842  0.79480356  0.42300754
-0.06263993  0.79390231  0.42315278
-0.0625685   0.79300123  0.42330347
-0.06250971  0.79208874  0.42344834
-0.06244488  0.79116723  0.42359886
-0.062376    0.79024253  0.42375074
-0.0623041   0.78932699  0.42390347
-0.06222742  0.78839804  0.42405867
-0.06215765  0.78744704  0.42421153
-0.06208216  0.78648669  0.42436416
-0.06200171  0.78551258  0.42452243
-0.06192028  0.78453705  0.42467537
-0.06183923  0.78357177  0.42482395
-0.0617581   0.78261932  0.42497005
-0.06166183  0.78168461  0.42512289
-0.06156716  0.78078795  0.425267  
-0.06148378  0.77990747  0.4253927 
-0.06140029  0.77904357  0.42551283
-0.06131436  0.77821845  0.42562387
-0.06119951  0.77740923  0.42574935
-0.06107188  0.77660304  0.42589053
-0.06094939  0.77579128  0.4260325 
-0.06083654  0.77496917  0.42616836
-0.0607294  0.7741258  0.4262993
-0.06061848  0.77328625  0.42642846
-0.06050642  0.77244885  0.42655832
-0.06040796  0.77162674  0.4266704 
-0.06029722  0.77081392  0.42678755
-0.06017686  0.77000646  0.42690683
-0.0600486   0.76920951  0.42702548
-0.05994863  0.76840484  0.42713082
-0.05986732  0.76760748  0.42721723
-0.05977899  0.76683199  0.42729384
-0.05968838  0.7660612   0.42737232
-0.05959266  0.76528047  0.42745969
-0.05948543  0.76449973  0.42755659
-0.05937839  0.76371583  0.42765315
-0.05926968  0.76292869  0.42774376
-0.05914292  0.76213043  0.42783774
-0.05900177  0.76132367  0.427936  
-0.05887803  0.76051466  0.42802602
-0.05876665  0.75971894  0.4281028 
-0.05864796  0.7589259   0.42817876
-0.05852196  0.75812569  0.42825715
-0.05838703  0.75731388  0.4283344 
-0.05825476  0.75649459  0.42841093
-0.0581115   0.75565836  0.4284922 
-0.05797545  0.75481936  0.42856964
-0.05785738  0.75397154  0.42863566
-0.05775924  0.7531278   0.42868781
-0.05769078  0.75228843  0.42872066
-0.05761286  0.75144851  0.42875101
-0.0575354   0.75060089  0.42877579
-0.0574612   0.7497547   0.42879334
-0.05739125  0.74890764  0.4288029 
-0.05731651  0.7480529   0.42880923
-0.05721935  0.74718338  0.42881663
-0.05711107  0.74630234  0.42882265
-0.05700981  0.74541167  0.42882444
-0.05693829  0.74451713  0.42881474
-0.05688488  0.74361555  0.42879208
-0.05684572  0.74271179  0.42876155
-0.05680828  0.74179896  0.42873416
-0.05676925  0.74087274  0.42870948
-0.05674076  0.73995242  0.42868329
-0.0567138   0.73902978  0.42865666
-0.0566826   0.73810997  0.42863047
-0.05666083  0.7371854   0.42859625
-0.05663556  0.73624341  0.42856358
-0.05660067  0.73530267  0.42853234
-0.05657369  0.73437665  0.42849709
-0.05655178  0.73344971  0.42845848
-0.05650319  0.73252655  0.4284212 
-0.05644172  0.73158826  0.42839202
-0.05637958  0.73064945  0.4283612 
-0.05629719  0.72971523  0.42833443
-0.05622391  0.72878333  0.42830474
-0.05616718  0.72784053  0.4282638 
-0.0560898   0.72689291  0.42822089
-0.05600188  0.72593565  0.42818087
-0.05587333  0.72497624  0.42814109
-0.05576046  0.72401804  0.42808881
-0.05564896  0.72305494  0.42802911
-0.05554589  0.72208454  0.42797114
-0.05544191  0.72110688  0.42791565
-0.05530575  0.72014201  0.42786726
-0.05514771  0.7191961   0.42781973
-0.05499326  0.71824424  0.42777569
-0.05484853  0.71728631  0.42772572
-0.05470178  0.71633343  0.42766353
-0.05453191  0.71538334  0.42759135
-0.05437712  0.71444254  0.4275135 
-0.05421732  0.71351674  0.42743397
-0.05406614  0.71259519  0.42735461
-0.0539456   0.7116587   0.42727559
-0.05382645  0.71072557  0.42718801
-0.05373461  0.70978107  0.42710115
-0.05365145  0.70883457  0.42700868
-0.05357306  0.70788796  0.42691476
-0.05347168  0.70695359  0.42681324
-0.05337083  0.70602381  0.42670927
-0.05326961  0.70508216  0.42660227
-0.053159    0.70413576  0.42649088
-0.05303096  0.7032007   0.42638422
-0.05289093  0.70228112  0.42628374
-0.05273923  0.70136482  0.42618639
-0.05258224  0.70045268  0.42608745
-0.05244117  0.69954579  0.42598871
-0.0522945   0.69863869  0.425887  
-0.05215197  0.69773567  0.42578916
-0.05201172  0.69683127  0.42568992
-0.05187462  0.69595043  0.42559654
-0.05171397  0.69508454  0.42550636
-0.0515444   0.69422626  0.42542318
-0.05135564  0.69336585  0.42534076
-0.05116715  0.69250428  0.42526467
-0.05095937  0.69166815  0.42519002
-0.0507506   0.69083463  0.42512574
-0.05053866  0.68999654  0.42506693
-0.05034833  0.68914814  0.42501392
-0.05017781  0.68828266  0.42496899
-0.05000695  0.68741464  0.42492311
-0.04983434  0.68655731  0.4248871 
-0.04965997  0.68569956  0.42485599
-0.0494985   0.68483082  0.42483107
-0.04933871  0.68395929  0.42480455
-0.04918883  0.68308711  0.42477477
-0.0490492   0.68221362  0.42474531
-0.04892632  0.68134682  0.42471602
-0.04879476  0.68049074  0.42470389
-0.04866495  0.67963765  0.42470919
-0.04854539  0.67878259  0.42472624
-0.04842045  0.67791675  0.42474728
-0.04829641  0.67704865  0.42477371
-0.0481697   0.67616985  0.42480652
-0.04805281  0.67528792  0.42484085
-0.04793194  0.67440394  0.42487765
-0.04778734  0.67352364  0.4249206 
-0.04763556  0.67264414  0.42496795
-0.0475065   0.67175437  0.42501792
-0.04738697  0.67086014  0.42506867
-0.04727325  0.669958    0.42512278
-0.04716172  0.66905721  0.42518053
-0.04704509  0.66816965  0.42524912
-0.04690874  0.66727737  0.42532953
-0.04677834  0.66637944  0.42541241
-0.04666135  0.66547848  0.42550325
-0.04654408  0.66457455  0.42559455
-0.04643258  0.66366675  0.42569347
-0.04632802  0.66275032  0.42579782
-0.04622762  0.6618291   0.42591202
-0.04612592  0.66091195  0.42603137
-0.04602525  0.66000985  0.42615647
-0.04592088  0.65911583  0.42628423
-0.04581946  0.65821646  0.4264123 
-0.04571067  0.65730584  0.42653956
-0.04560266  0.65640609  0.42666267
-0.04550511  0.6555039   0.42678452
-0.04541251  0.65461136  0.42690356
-0.04533069  0.65371652  0.42702034
-0.04525113  0.65281224  0.4271336 
-0.04517577  0.65190187  0.42723999
-0.0451022   0.6509893   0.42734499
-0.04503929  0.65007996  0.42744756
-0.04497177  0.64916628  0.42754425
-0.04490778  0.64824247  0.42764253
-0.04485272  0.64729893  0.42773925
-0.04480292  0.64634727  0.42783409
-0.04476463  0.64539468  0.42792635
-0.04472861  0.64443615  0.42801253
-0.04469777  0.64346681  0.42809934
-0.04467637  0.64249863  0.4281863 
-0.04465658  0.64152674  0.42827198
-0.0446362   0.64054957  0.42836027
-0.04462058  0.63955898  0.42844494
-0.04461379  0.63856833  0.42852096
-0.04460501  0.63757617  0.42858956
-0.04460213  0.63658796  0.42865419
-0.04459747  0.63560186  0.42871684
-0.04459275  0.63461474  0.42877742
-0.04458831  0.63362858  0.42883728
-0.04457488  0.63262978  0.42889498
-0.04455936  0.63161397  0.4289464 
-0.04455078  0.63059628  0.42898523
-0.04454574  0.62958112  0.42901714
-0.04454505  0.62856649  0.42904031
-0.04454665  0.62754537  0.4290578 
-0.04454311  0.62653139  0.42906931
-0.04453519  0.6255236   0.42907642
-0.04451283  0.62450777  0.42908599
-0.04449271  0.62349024  0.42909415
-0.04446695  0.62246804  0.42909973
-0.04443758  0.62143635  0.42910053
-0.04440894  0.62040076  0.42909608
-0.04437867  0.61936533  0.42908935
-0.04434493  0.61832847  0.42908019
-0.04430417  0.61728788  0.42906612
-0.04426008  0.61624374  0.42904581
-0.04421481  0.61520498  0.42902567
-0.04416867  0.61417614  0.42900485
-0.04412595  0.61314378  0.42898147
-0.04407636  0.61212038  0.42895919
-0.04401837  0.61109697  0.42893723
-0.04396337  0.61008328  0.42891353
-0.04390726  0.60908799  0.42888895
-0.04384448  0.60809839  0.42886224
-0.04378273  0.60710953  0.42883302
-0.04372394  0.60612934  0.42880356
-0.04366704  0.60516402  0.42877359
-0.04360833  0.60420353  0.42874362
-0.04355289  0.60324847  0.42871342
-0.0434948   0.60226729  0.42868005
-0.0434514   0.6012825   0.42863859
-0.04341573  0.60029942  0.42859563
-0.0433867   0.59931026  0.4285492 
-0.04336315  0.59832615  0.42850243
-0.04333772  0.59734008  0.42845592
-0.0433143   0.59635494  0.42840611
-0.04329531  0.59538076  0.4283522 
-0.04327081  0.59441632  0.42829863
-0.04324433  0.59346594  0.42824423
-0.04321665  0.59251303  0.42818736
-0.04319251  0.59155898  0.42812479
-0.04316191  0.590598    0.42806388
-0.04312765  0.58963158  0.42800278
-0.04308308  0.58864674  0.42794233
-0.04304773  0.58765747  0.42787622
-0.04302448  0.58666427  0.42780454
-0.04300736  0.5856658   0.4277313 
-0.042993    0.58465385  0.42765061
-0.04298304  0.58363879  0.42756196
-0.04296409  0.5826161   0.42747496
-0.04293311  0.58158698  0.42739476
-0.04289877  0.58056299  0.42731944
-0.04287024  0.57954811  0.42724436
-0.0428478   0.57853357  0.42716828
-0.04283074  0.57753138  0.42708899
-0.04281285  0.57653613  0.42701004
-0.04279389  0.57555038  0.42693055
-0.04277235  0.57456956  0.42684925
-0.04275263  0.57359283  0.42677155
-0.04273868  0.57261465  0.42668708
-0.04273894  0.57162667  0.4265928 
-0.04274684  0.57063829  0.42649265
-0.04276261  0.56966287  0.42638797
-0.042779    0.56869803  0.42628422
-0.04279597  0.5677396   0.42617997
-0.04280951  0.5667697   0.42607442
-0.04282724  0.5658103   0.42596783
-0.04284552  0.56484824  0.4258616 
-0.04286456  0.56388306  0.42575377
-0.04288433  0.56291535  0.42564387
-0.04290877  0.56195403  0.42553166
-0.04293317  0.56098903  0.42541946
-0.04296328  0.56002413  0.4253041 
-0.04299175  0.55906136  0.42518567
-0.04302086  0.55810242  0.42506509
-0.04304219  0.55715044  0.4249477 
-0.04306274  0.55620135  0.42483405
-0.04307993  0.5552447   0.42472067
-0.04309975  0.55428855  0.4246088 
-0.04311785  0.55333708  0.42449945
-0.04313642  0.55238718  0.42439161
-0.04315992  0.55144333  0.42427711
-0.0431917   0.55051522  0.42415996
-0.04322383  0.54960181  0.424046  
-0.04324885  0.54870064  0.42393516
-0.0432789   0.54781514  0.42382271
-0.04330906  0.54694037  0.42371265
-0.043343    0.546065    0.42359874
-0.04337623  0.54518424  0.42348103
-0.04342091  0.54428965  0.42335465
-0.04347603  0.54338718  0.4232234 
-0.04354873  0.54249045  0.42308298
-0.04363174  0.54160174  0.42293701
-0.04371803  0.54072781  0.42279117
-0.04382122  0.53985897  0.42263838
-0.04394315  0.53900881  0.4224818 
-0.04407658  0.53817761  0.42232579
-0.04421558  0.53736379  0.42216916
-0.04435758  0.53654782  0.42201084
-0.04450811  0.53573165  0.42185096
-0.04466277  0.53491245  0.42169062
-0.0448156   0.53410504  0.42153775
-0.04497756  0.53331878  0.42138856
-0.04514815  0.53254077  0.42123706
-0.04532896  0.53176746  0.42108569
-0.04553144  0.53098481  0.42091821
-0.04575041  0.53019497  0.42074502
-0.04598839  0.52941381  0.42056525
-0.04624156  0.52864666  0.42038521
-0.0465096   0.52789014  0.42020337
-0.04679375  0.52713898  0.42001253
-0.04709183  0.52640511  0.41981604
-0.04740894  0.52568599  0.41961204
-0.04774389  0.524984    0.4194013 
-0.04809492  0.52429814  0.41918892
-0.04846225  0.5236307   0.41897597
-0.04885475  0.52297574  0.41875725
-0.04927446  0.52233755  0.41853848
-0.04970655  0.52171418  0.41831792
-0.05015434  0.52110567  0.41809833
-0.05061309  0.52051846  0.41787997
-0.05107485  0.51995859  0.41766606
-0.05155454  0.51940415  0.41744902
-0.05205408  0.51887334  0.41723677
-0.05256333  0.51837646  0.41703078
-0.05308833  0.51790699  0.416826  
-0.05364445  0.51745119  0.41661867
-0.05422558  0.51701273  0.4164054 
-0.05482439  0.51658543  0.41618745
-0.05543598  0.51616472  0.41597196
-0.0560808   0.51575388  0.41575011
-0.05675339  0.51535407  0.41552333
-0.05743419  0.51497824  0.41530358
-0.05813494  0.51462686  0.41508509
-0.05886556  0.51428791  0.41486116
-0.05960867  0.51396384  0.41463488
-0.06037171  0.51365088  0.41441307
-0.06115045  0.51334386  0.41419664
-0.06193707  0.5130576   0.41398468
-0.06274333  0.51279377  0.41377625
-0.06355828  0.51255347  0.41357208
-0.06435882  0.5123445   0.41337677
-0.06515821  0.51215706  0.4131877 
-0.06595719  0.51199173  0.41300301
-0.06674332  0.5118502   0.41282568
-0.06750852  0.51173606  0.41265748
-0.06827679  0.51164453  0.41248862
-0.06904686  0.5115762   0.41231434
-0.06984624  0.51151716  0.41213052
-0.07065795  0.51145207  0.41194279
-0.07147779  0.51138354  0.41174857
-0.07231246  0.51132118  0.41154927
-0.07317451  0.51126649  0.41134545
-0.07404067  0.51122335  0.41114194
-0.07492426  0.51120061  0.41094111
-0.07583311  0.51117751  0.41072963
-0.07676448  0.51115364  0.4105072 
-0.07772089  0.51112602  0.41027123
-0.07867699  0.51110547  0.41003138
-0.07958758  0.51109611  0.40980381
-0.08047354  0.51109512  0.40958889
-0.08135603  0.51111232  0.40937524
-0.08225883  0.51113879  0.40914931
-0.08319159  0.51116055  0.40891198
-0.08412998  0.51116658  0.40867302
-0.08507074  0.51117422  0.40843181
-0.08600567  0.51119364  0.40819269
-0.08691553  0.51121493  0.40796325
-0.08781218  0.51124268  0.40774259
-0.08871029  0.51126725  0.40751964
-0.08961462  0.5112835   0.4072944 
-0.09053267  0.51128383  0.40705967
-0.09145045  0.51127472  0.40682469
-0.09235658  0.51126863  0.40658998
-0.09326016  0.51127854  0.40635789
-0.09416087  0.5112976   0.40612448
-0.09507021  0.51131361  0.40588503
-0.09597442  0.51132609  0.40565119
-0.09685007  0.51133418  0.40542485
-0.09771964  0.51131846  0.40520006
-0.09859366  0.51128594  0.4049728 
-0.09946495  0.51126365  0.4047473 
-0.10034341  0.51124319  0.40452762
-0.10122854  0.51122637  0.40430381
-0.10209831  0.51120142  0.4040841 
-0.10296133  0.51117828  0.40385798
-0.10385186  0.51113636  0.40361733
-0.10473935  0.51108446  0.40337777
-0.10562469  0.51102841  0.4031372 
-0.10649185  0.51097257  0.40290397
-0.10736371  0.51090029  0.40267019
-0.10826545  0.51080463  0.4024281 
-0.10920838  0.51067458  0.40217842
-0.1101745   0.51052332  0.40192443
-0.11114181  0.51037042  0.40167003
-0.11212563  0.51023052  0.40141287
-0.11314353  0.51007444  0.40115004
-0.11417096  0.50991458  0.40088118
-0.11516385  0.50975742  0.40062009
-0.1161456   0.50959395  0.40035381
-0.11713569  0.50942391  0.40008099
-0.11814224  0.50923519  0.39980033
-0.1191795   0.50901301  0.39950931
-0.12023036  0.50877069  0.39921323
-0.12125908  0.50853034  0.39891619
-0.12224549  0.50831696  0.39863044
-0.12320899  0.50810383  0.39834908
-0.12416042  0.50788453  0.39807092
-0.12511735  0.50764226  0.39779341
-0.12608291  0.50738157  0.39751261
-0.12703675  0.50711674  0.39723061
-0.12796418  0.506856    0.39694692
-0.12889057  0.50658204  0.39666423
-0.12980578  0.50630965  0.39638465
-0.13071341  0.50603508  0.39610046
-0.13160138  0.50576886  0.39582173
-0.13246539  0.50550219  0.39554711
-0.13335745  0.50521064  0.39526457
-0.13425473  0.50489177  0.39498153
-0.13517673  0.50453739  0.39469798
-0.13611422  0.50416825  0.39441165
-0.1370667   0.50377862  0.39412452
-0.13802642  0.50337283  0.39383893
-0.13899039  0.50295207  0.39355499
-0.13998009  0.50251083  0.39326137
-0.14098098  0.50205314  0.39296678
-0.14200145  0.50158603  0.39267057
-0.14303651  0.50110658  0.39237743
-0.14408366  0.50061182  0.3920843 
-0.14513122  0.50009308  0.39179293
-0.14617424  0.49956567  0.39150126
-0.1472171   0.49902705  0.39120286
-0.14827556  0.49847421  0.39090172
-0.14935718  0.49789523  0.39059964
-0.15043615  0.49729904  0.39029816
-0.15150362  0.49670617  0.39000266
-0.15258594  0.49608934  0.38970839
-0.1536617   0.49547043  0.38941433
-0.15473865  0.49483236  0.38912624
-0.15582193  0.49417391  0.38884223
-0.15693574  0.49347597  0.38855499
-0.1580899   0.49273581  0.38825262
-0.15925107  0.49199049  0.38794214
-0.1604025   0.49125018  0.38763385
-0.16154557  0.49049633  0.38732954
-0.16270387  0.48972218  0.38701535
-0.16389079  0.48892008  0.38669134
-0.16508138  0.48809235  0.38636144
-0.16625669  0.4872403   0.38603372
-0.16742072  0.48637978  0.38570452
-0.16858449  0.48549666  0.38537298
-0.1697564   0.48458506  0.38503593
-0.17093108  0.48365118  0.38468826
-0.17211948  0.48271556  0.38433751
-0.17332465  0.48175582  0.38397988
-0.17451629  0.48080315  0.38362671
-0.17569068  0.47986686  0.38326137
-0.17684536  0.47894401  0.38290178
-0.17800701  0.47800671  0.38253723
-0.17917821  0.47705885  0.38216704
-0.18036475  0.47609513  0.38179087
-0.18156873  0.47510627  0.38140806
-0.18278467  0.47410788  0.38102144
-0.18397464  0.47313722  0.38062838
-0.18514559  0.47218858  0.38023838
-0.18631579  0.47124515  0.37984114
-0.18750298  0.4702722   0.37943442
-0.18871076  0.46928514  0.37901876
-0.18992816  0.46826985  0.37859749
-0.19113796  0.46725366  0.37817042
-0.19233729  0.46623075  0.37774367
-0.19351343  0.46522943  0.37732415
-0.19469198  0.46423979  0.37690025
-0.19586387  0.46327553  0.37648298
-0.19703272  0.46229695  0.3760712 
-0.19820954  0.46131527  0.37566079
-0.19937767  0.46032455  0.37525797
-0.20052041  0.45936744  0.37486111
-0.20166896  0.45841492  0.3744713 
-0.20280989  0.45747456  0.37409126
-0.20395054  0.45654868  0.37371406
-0.20507916  0.45565505  0.37334022
-0.20621711  0.45475631  0.37296152
-0.2073465   0.45386995  0.37259675
-0.20847396  0.45301635  0.37223705
-0.20961248  0.45218639  0.37189487
-0.21075238  0.45137157  0.37157577
-0.21188661  0.45056834  0.37126749
-0.21301846  0.44979744  0.37097613
-0.2141638  0.4490503  0.3706956
-0.21532013  0.44831635  0.37042949
-0.21649351  0.44758339  0.37018237
-0.21769291  0.44684223  0.36994189
-0.21890438  0.4461122   0.36972251
-0.2201229   0.44539442  0.36951345
-0.22135326  0.44468     0.3693164 
-0.22255789  0.44401386  0.36913376
-0.22375437  0.44339031  0.36896676
-0.22494889  0.44280249  0.36883226
-0.22616192  0.44223277  0.36871   
-0.22737244  0.44168513  0.36859537
-0.22860128  0.44117757  0.36849807
-0.22981693  0.44070379  0.36842294
-0.23104642  0.44026906  0.3683751 
-0.23229408  0.43987759  0.36837878
-0.23357544  0.4395052   0.36840565
-0.23487554  0.43917358  0.36846442
-0.23619071  0.43890056  0.36855069
-0.23749093  0.43867771  0.36866435
-0.23881309  0.43847301  0.36879305
-0.24014239  0.43827669  0.36894152
-0.24147578  0.43802508  0.3690971 
-0.24283399  0.43774499  0.36928519
-0.24420542  0.43745659  0.3695077 
-0.24559014  0.43716429  0.36978262
-0.24697909  0.43688195  0.37008889
-0.24838851  0.43660408  0.37043745
-0.24979793  0.43631394  0.37079348
-0.25122795  0.43603879  0.37116556
-0.25265939  0.43574875  0.37150838
-0.25411101  0.43545617  0.37185898
-0.25556725  0.43511507  0.37217877
-0.25703511  0.4347411   0.37247379
-0.258487    0.43435645  0.37274271
-0.25991714  0.43398116  0.37297239
-0.26129955  0.43357942  0.3731283 
-0.26267012  0.4331557   0.37322122
-0.26402221  0.4327037   0.3732936 
-0.26538902  0.43224789  0.37336296
-0.26674633  0.43179128  0.37342169
-0.26810591  0.4313141   0.37347302
-0.26945617  0.43083384  0.37351262
-0.27078513  0.43033317  0.37353018
-0.27210546  0.4298185   0.37350149
-0.27342415  0.42928366  0.37345055
-0.27472857  0.42874664  0.37337553
-0.27603678  0.42819525  0.37326433
-0.2773674   0.42762395  0.37310492
-0.27867779  0.42703644  0.3729003 
-0.27996984  0.42641286  0.37264146
-0.28126315  0.42576443  0.37234551
-0.28253424  0.4251068   0.37202242
-0.28380025  0.42441428  0.37168193
-0.28507252  0.42369066  0.37133964
-0.2863356   0.42299508  0.37099838
-0.2876094   0.42231647  0.37066032
-0.2888711   0.42162468  0.37033005
-0.29011042  0.42093635  0.36999971
-0.29131183  0.42028313  0.36968306
-0.2925123   0.41964237  0.36936797
-0.29369587  0.41902788  0.36904559
-0.29485993  0.41841229  0.36872187
-0.29600628  0.4178105   0.36839964
-0.29709477  0.41722527  0.36807268
-0.29816875  0.41663467  0.36773985
-0.29923934  0.4160061   0.36741856
-0.30025969  0.41538205  0.36713247
-0.30124657  0.41477054  0.36685847
-0.30219228  0.41421092  0.36658142
-0.30310273  0.41368199  0.36630343
-0.3039825   0.41319223  0.36602804
-0.30483484  0.41273242  0.365742  
-0.30562813  0.41228761  0.36543903
-0.30636778  0.41181702  0.36515612
-0.307087    0.41132497  0.36487712
-0.30778849  0.41082655  0.36461236
-0.30847781  0.41036769  0.36433714
-0.30913301  0.40995454  0.36404967
-0.3097536   0.40961089  0.36375587
-0.31033769  0.40932405  0.36346976
-0.31089513  0.40904004  0.36316524
-0.31146563  0.40874735  0.36285447
-0.31198573  0.4084584   0.36255425
-0.31247418  0.40817016  0.36226463
-0.31295789  0.40790212  0.36197546
-0.31340568  0.4076701   0.3617049 
-0.31385325  0.40741687  0.36145575
-0.31429758  0.40713039  0.36123132
-0.314734    0.40682938  0.36100623
-0.31515111  0.40653196  0.36078695
-0.31556344  0.40624574  0.36056149
-0.31598294  0.40595615  0.36033527
-0.31640736  0.4056712   0.36013553
-0.31685098  0.40533084  0.3599367 
-0.31728031  0.40496906  0.35974153
-0.31771252  0.40463808  0.35955095
-0.31812788  0.40429545  0.35939487
-0.31853779  0.40393076  0.35925288
-0.31893121  0.40358159  0.35912738
-0.3192957   0.40324991  0.35899706
-0.3196596   0.40289453  0.35888861
-0.32002772  0.40250096  0.35879389
-0.32040323  0.40207079  0.35869024
-0.32078547  0.40161376  0.35858896
-0.32116974  0.40112913  0.35851315
-0.32155647  0.40062501  0.35844577
-0.32193682  0.40007983  0.35839758
-0.32230587  0.39949006  0.35838193
-0.32267307  0.39888884  0.35838733
-0.32305947  0.39832118  0.35841946
-0.32342447  0.39777755  0.35845313
-0.32379339  0.39723664  0.35849406
-0.32415128  0.39670278  0.35854851
-0.32450009  0.39614317  0.35861076
-0.32482243  0.39554798  0.35865524
-0.32512791  0.39495919  0.35871843
-0.32543292  0.39437559  0.3587957 
-0.32573628  0.39374294  0.35890046
-0.32603102  0.39305414  0.35901482
-0.32630962  0.39238418  0.35912713
-0.32656928  0.39173595  0.35923068
-0.32683601  0.39108683  0.35934191
-0.32711336  0.39044879  0.35947649
-0.32735911  0.38983408  0.35960132
-0.32758346  0.38920636  0.35970333
-0.32778195  0.38856156  0.35979026
-0.32793881  0.38792703  0.35987843
-0.32808376  0.3872491   0.35997528
-0.32821473  0.3865355   0.36005531
-0.32831949  0.38578562  0.36014789
-0.32842345  0.38502054  0.36024993
-0.32850781  0.3842558   0.36035978
-0.32858294  0.38352922  0.36046671
-0.3286686   0.38277742  0.36061027
-0.32875552  0.38197601  0.36079629
-0.32885679  0.38110236  0.36100975
-0.32896451  0.38016083  0.36124725
-0.32909438  0.3791888   0.36149124
-0.32921379  0.37821222  0.3617364 
-0.32934239  0.37717449  0.36200323
-0.32946526  0.37612772  0.36225429
-0.32957685  0.37510847  0.36247626
-0.32967566  0.37410967  0.3627012 
-0.32975907  0.37311075  0.36294501
-0.32981799  0.37214461  0.36317946
-0.32987107  0.37117163  0.3634064 
-0.32991019  0.37020666  0.36361586
-0.3299393   0.36924831  0.36381113
-0.32996861  0.36826703  0.36401625
-0.33000162  0.36725911  0.36424849
-0.33002436  0.36626175  0.36445124
-0.33003537  0.36526678  0.36460665
-0.33004749  0.3642681   0.36473385
-0.33005763  0.36325978  0.36484202
-0.33007267  0.36228428  0.36493935
-0.33009382  0.36135142  0.36500363
-0.33011794  0.36044553  0.36505244
-0.33015296  0.35956653  0.36508987
-0.33021234  0.35868982  0.3650947 
-0.33026919  0.35781921  0.3650788 
-0.3303268   0.35694963  0.36503837
-0.33038151  0.35609209  0.36497803
-0.33044088  0.35524831  0.36491432
-0.33049773  0.35441882  0.36485398
-0.33054735  0.35357491  0.36478275
-0.33060017  0.35273686  0.36468469
-0.3306588   0.35190286  0.36458038
-0.3307133   0.35109226  0.36448151
-0.33074798  0.35030023  0.36439483
-0.33076384  0.34950448  0.36432431
-0.33076508  0.34872293  0.36426108
-0.33076229  0.34794687  0.36419407
-0.33075227  0.34717255  0.36411932
-0.33073438  0.34639043  0.36401628
-0.33071053  0.34562997  0.36390818
-0.33068311  0.34485091  0.36378904
-0.33065002  0.34405171  0.36368905
-0.33061697  0.34326294  0.36357307
-0.33058544  0.34245834  0.36345729
-0.33056363  0.34165084  0.36334685
-0.3305516   0.34084491  0.36322857
-0.33053155  0.34005501  0.36309728
-0.33053007  0.33927949  0.36294838
-0.33053197  0.33853119  0.36279086
-0.33053296  0.33779398  0.36263118
-0.33053886  0.33706371  0.36245991
-0.33053461  0.33633797  0.36229893
-0.33053874  0.33561463  0.36213763
-0.33054942  0.33491277  0.36196862
-0.33056705  0.33422067  0.36178764
-0.33058078  0.33353591  0.36161863
-0.33058456  0.3328674   0.36146095
-0.33058002  0.33221199  0.3613009 
-0.33056536  0.33154129  0.36115745
-0.33055625  0.33088321  0.36101795
-0.33053789  0.33022976  0.36088512
-0.3305058   0.3295896   0.36074283
-0.33047028  0.32896369  0.36061596
-0.3304356   0.3283396   0.36049383
-0.33039858  0.32770689  0.36036243
-0.33035952  0.32705668  0.36023879
-0.33031917  0.32640978  0.36012004
-0.33028886  0.32579125  0.36001444
-0.33026486  0.32518167  0.35990695
-0.33024139  0.32456988  0.3598081 
-0.33022487  0.32397718  0.35972159
-0.33021787  0.3233934   0.35963814
-0.33022356  0.32283358  0.35955523
-0.33023082  0.3222929   0.35945228
-0.33022631  0.32177119  0.35933602
-0.3302059   0.32123742  0.3592245 
-0.33018226  0.32068135  0.35912749
-0.33015005  0.32011467  0.35903803
-0.33009852  0.31953964  0.3589451 
-0.33004037  0.31896576  0.35885079
-0.32998752  0.31839377  0.35875813
-0.32993455  0.31783866  0.35866846
-0.32988622  0.31730129  0.35856958
-0.32985636  0.31680737  0.35847935
-0.32984539  0.31634532  0.35839551
-0.3298467   0.31590969  0.35831544
-0.32985611  0.31546462  0.35823382
-0.32987948  0.31503377  0.35815788
-0.32989316  0.31461298  0.35808303
-0.32989529  0.3141929   0.35802385
-0.32989833  0.31377348  0.35795727
-0.32990697  0.31336505  0.35787627
-0.3299227   0.31298914  0.35780401
-0.32993878  0.31264923  0.35773512
-0.32996333  0.3123369   0.35766476
-0.32999039  0.31203472  0.35759229
-0.33001494  0.31172541  0.35750493
-0.33003363  0.31139593  0.35741544
-0.33004398  0.31105452  0.35732749
-0.33005275  0.31071185  0.35723108
-0.33006803  0.31038391  0.35712478
-0.33007426  0.31006559  0.35702212
-0.33005854  0.30974309  0.35692652
-0.33004075  0.30939259  0.3568271 
-0.33001651  0.30903201  0.35673199
-0.33000185  0.30867178  0.35664696
-0.32998266  0.30830523  0.35656323
-0.32995513  0.30793354  0.35647878
-0.32992208  0.30755583  0.35639788
-0.32988172  0.30716662  0.35632571
-0.32983754  0.3067904   0.35627208
-0.32979462  0.30643313  0.3562309 
-0.32975042  0.30609322  0.35619404
-0.32970924  0.30575173  0.35616706
-0.3296791   0.30540413  0.3561378 
-0.32964985  0.3050444   0.35612163
-0.32962026  0.30469721  0.35611116
-0.32960268  0.30437173  0.35611484
-0.32957984  0.30405448  0.356132  
-0.32955895  0.30372978  0.35614552
-0.32955588  0.3033991   0.35617026
-0.32955282  0.30306928  0.35620311
-0.32954117  0.30275458  0.35623777
-0.32952485  0.30246466  0.35626546
-0.32950507  0.3021922   0.35630986
-0.32949437  0.30193996  0.35637929
-0.32948873  0.30171219  0.35645672
-0.32946256  0.30149643  0.35653611
-0.32943276  0.30128851  0.35662078
-0.32940078  0.30109535  0.35671462
-0.32936792  0.300915    0.3568078 
-0.32932751  0.30073239  0.35690128
-0.32929538  0.30056143  0.35698823
-0.32926607  0.30038018  0.35706461
-0.32921516  0.30018738  0.35714484
-0.32915838  0.29997666  0.35723834
-0.32908137  0.29977234  0.35734847
-0.32900213  0.29959021  0.3574706 
-0.32892688  0.2994182   0.35760873
-0.32885362  0.29923056  0.35775471
-0.3287727   0.29904341  0.35790972
-0.32867849  0.29885398  0.3580657 
-0.32858338  0.29863328  0.35822403
-0.3284866  0.2983894  0.3583807
-0.32838109  0.29812568  0.35852524
-0.32825601  0.29786097  0.35866496
-0.32813576  0.29758819  0.35880382
-0.32801021  0.29731098  0.35893461
-0.32789445  0.29703531  0.35906616
-0.32778934  0.29675641  0.35919546
-0.32768129  0.29648885  0.35933323
-0.32758691  0.29623273  0.35946438
-0.32749773  0.29598192  0.35957788
-0.3274128   0.29573183  0.35968613
-0.32732656  0.29546965  0.35978572
-0.32723973  0.29519727  0.35987736
-0.3271596   0.29491561  0.35995964
-0.3270878   0.29462314  0.36003182
-0.32702474  0.29432638  0.36010154
-0.32694501  0.29401712  0.36017149
-0.32686924  0.29370944  0.36023091
-0.3268127   0.29338927  0.36028521
-0.32676714  0.29305003  0.36032136
-0.32671576  0.29271791  0.36035242
-0.32666849  0.2923912   0.3603792 
-0.32661542  0.29210162  0.36039957
-0.32657666  0.29185459  0.36041894
-0.326551    0.29163078  0.36044056
-0.32654241  0.29141954  0.36046032
-0.3265445   0.29122328  0.36047831
-0.32654363  0.29103259  0.36050653
-0.32653494  0.29085921  0.36053568
-0.32652595  0.29069202  0.3605751 
-0.32651847  0.29052618  0.36061804
-0.3265048   0.29035969  0.36066476
-0.32649089  0.29020775  0.36070791
-0.32647657  0.29007212  0.36075068
-0.32646417  0.28994078  0.36079723
-0.32645905  0.2898136   0.36085066
-0.32645327  0.28968942  0.36089797
-0.32645105  0.28956621  0.36093767
-0.32645895  0.28944543  0.36097312
-0.32647191  0.28930583  0.3610093 
-0.32648274  0.2891478   0.36103786
-0.32648155  0.28899021  0.36106137
-0.32647595  0.28883501  0.36108121
-0.32645604  0.28869408  0.36111326
-0.32642523  0.28855511  0.36115127
-0.32640973  0.28841815  0.36118975
-0.32641283  0.28829269  0.36121948
-0.32642586  0.28818596  0.36123379
-0.32644857  0.28809194  0.36125289
-0.32647267  0.28801066  0.36126741
-0.32650019  0.2879304   0.36127706
-0.3265357   0.2878367   0.36128737
-0.32657515  0.28774127  0.36129542
-0.32660484  0.28765296  0.36131713
-0.32663783  0.28756822  0.36134037
-0.32666874  0.28749407  0.36136872
-0.32670604  0.28741745  0.36139483
-0.32674285  0.28734002  0.36142953
-0.32677732  0.28725862  0.36146897
-0.32680943  0.28717418  0.36150773
-0.32683669  0.2870967   0.36154479
-0.32685703  0.2870136   0.36158431
-0.32687323  0.28692956  0.36162279
-0.3268885   0.28685253  0.36166682
-0.32690227  0.28677945  0.3617117 
-0.32690883  0.28670765  0.36175971
-0.3269229   0.28664355  0.36180374
-0.32693924  0.28659064  0.3618318 
-0.32695734  0.28654542  0.36185353
-0.32697386  0.28649371  0.36187697
-0.3269852   0.28643976  0.36189839
-0.32699648  0.28637635  0.36192039
-0.32701703  0.28631741  0.36194605
-0.32704428  0.28626353  0.36197495
-0.32706677  0.28622219  0.36199211
-0.32709232  0.28619714  0.36199594
-0.32711448  0.28619327  0.36198253
-0.32712078  0.28620273  0.36195246