-0.080729 0.886053 0.407063
-0.081935 0.886006 0.406999
-0.082040 0.885970 0.406997
-0.083134 0.885829 0.406950
-0.085109 0.882981 0.407519
-0.085283 0.882962 0.407510
-0.085475 0.882924 0.407503
-0.086027 0.882847 0.407481
-0.087086 0.882395 0.407477
-0.088027 0.881967 0.407493
-0.089387 0.881151 0.407612
-0.089256 0.880304 0.407855
-0.089187 0.880177 0.407886
-0.089372 0.879922 0.407926
-0.089414 0.879683 0.407974
-0.089733 0.879383 0.408017
-0.089764 0.879286 0.408034
-0.090168 0.879022 0.408059
-0.090224 0.878936 0.408070
-0.090691 0.878701 0.408082
-0.090761 0.878625 0.408090
-0.091690 0.878102 0.408106
-0.092689 0.877611 0.408126
-0.093771 0.876612 0.408280
-0.093955 0.876369 0.408326
-0.094106 0.875751 0.408459
-0.094265 0.875425 0.408523
-0.094280 0.875121 0.408582
-0.094520 0.874844 0.408617
-0.094579 0.874708 0.408637
-0.095489 0.874116 0.408668
-0.096456 0.873563 0.408703
-0.097332 0.872732 0.408822
-0.097580 0.872409 0.408880
-0.097591 0.871419 0.409099
-0.097662 0.871213 0.409132
-0.097733 0.870644 0.409229
-0.097835 0.870477 0.409251
-0.097910 0.869891 0.409342
-0.098006 0.869764 0.409355
-0.098195 0.869379 0.409395
-0.098342 0.869265 0.409401
-0.098617 0.868853 0.409438
-0.098774 0.868758 0.409437
-0.099815 0.868186 0.409449
-0.100711 0.867648 0.409480
-0.101917 0.866589 0.409618
-0.101981 0.866328 0.409667
-0.102237 0.865861 0.409740
-0.102259 0.865452 0.409809
-0.102358 0.865263 0.409834
-0.102382 0.864621 0.409940
-0.102482 0.864477 0.409952
-0.102664 0.864057 0.409995
-0.102806 0.863930 0.409999
-0.103055 0.863564 0.410027
-0.103217 0.863455 0.410027
-0.103529 0.863138 0.410042
-0.103694 0.863041 0.410038
-0.104021 0.862740 0.410040
-0.104188 0.862653 0.410035
-0.104462 0.862459 0.410032
-0.104682 0.862366 0.410023
-0.105155 0.862039 0.410012
-0.105332 0.861968 0.410001
-0.105730 0.861676 0.409984
-0.106379 0.861451 0.409927
-0.107024 0.861348 0.409850
-0.107647 0.861326 0.409767
-0.107848 0.861311 0.409743
-0.108166 0.861253 0.409711
-0.108434 0.861215 0.409685
-0.108891 0.861121 0.409645
-0.109154 0.861081 0.409622
-0.110240 0.860545 0.409613
-0.111201 0.860045 0.409621
-0.111877 0.859660 0.409642
-0.112546 0.859092 0.409710
-0.112946 0.858690 0.409761
-0.112918 0.858249 0.409854
-0.113014 0.858102 0.409867
-0.113168 0.857582 0.409928
-0.113260 0.857478 0.409934
-0.113426 0.857162 0.409959
-0.113562 0.857069 0.409958
-0.113874 0.856702 0.409963
-0.114017 0.856622 0.409956
-0.114245 0.856440 0.409949
-0.114441 0.856353 0.409937
-0.114765 0.856168 0.409921
-0.115005 0.856073 0.409902
-0.115524 0.855762 0.409862
-0.115642 0.855711 0.409851
-0.115853 0.855570 0.409834
-0.116007 0.855509 0.409822
-0.116330 0.855309 0.409798
-0.116537 0.855228 0.409775
-0.117178 0.854837 0.409695
-0.117138 0.854645 0.409681
-0.117210 0.854302 0.409672
-0.117223 0.854209 0.409671
-0.117518 0.853952 0.409654
-0.117544 0.853869 0.409656
-0.117848 0.853681 0.409632
-0.117952 0.853584 0.409625
-0.118018 0.853504 0.409585
-0.118185 0.853420 0.409542
-0.118349 0.853322 0.409511
-0.119287 0.852714 0.409505
-0.120194 0.852167 0.409507
-0.120721 0.851737 0.409535
-0.120945 0.851420 0.409544
-0.121145 0.851152 0.409553
-0.121271 0.850902 0.409571
-0.121282 0.850701 0.409566
-0.121275 0.850489 0.409567
-0.121440 0.849968 0.409588
-0.121411 0.849815 0.409607
-0.121450 0.849668 0.409621
-0.121481 0.849534 0.409601
-0.121480 0.849395 0.409590
-0.121566 0.849254 0.409580
-0.121606 0.849148 0.409547
-0.121630 0.849024 0.409524
-0.121781 0.848888 0.409496
-0.121945 0.848774 0.409440
-0.122883 0.848135 0.409413
-0.123712 0.847538 0.409411
-0.124192 0.847087 0.409436
-0.124467 0.846740 0.409439
-0.124588 0.846435 0.409455
-0.124751 0.846152 0.409468
-0.124805 0.845929 0.409460
-0.124864 0.845685 0.409452
-0.124950 0.845469 0.409453
-0.125050 0.845271 0.409424
-0.125067 0.845078 0.409412
-0.125120 0.844899 0.409406
-0.125203 0.844732 0.409371
-0.125292 0.844540 0.409342
-0.125420 0.844359 0.409319
-0.125531 0.844123 0.408474
-0.125555 0.843876 0.407781
-0.125538 0.843707 0.407336
-0.125582 0.843543 0.407008
-0.125555 0.843362 0.406797
-0.125622 0.843173 0.406652
-0.125667 0.843028 0.406529
-0.125633 0.842888 0.406456
-0.125711 0.842736 0.406400
-0.125740 0.842634 0.406339
-0.125807 0.842507 0.406290
-0.125831 0.842308 0.405434
-0.126017 0.842055 0.404701
-0.126137 0.841845 0.404223
-0.126132 0.841691 0.403890
-0.126180 0.841549 0.403662
-0.126175 0.841429 0.403522
-0.126168 0.841319 0.403400
-0.126168 0.841238 0.403318
-0.126254 0.841107 0.403255
-0.126356 0.840978 0.403178
-0.126543 0.840851 0.403107
-0.126695 0.840729 0.403059
-0.126765 0.840634 0.403001
-0.126973 0.840519 0.402935
-0.127156 0.840407 0.402886
-0.127299 0.840307 0.402814
-0.127497 0.840208 0.402742
-0.127615 0.840017 0.401865
-0.127642 0.839847 0.401140
-0.127812 0.839664 0.400633
-0.127927 0.839539 0.400261
-0.127974 0.839421 0.400006
-0.128132 0.839294 0.399812
-0.128349 0.839161 0.399627
-0.128526 0.839025 0.399484
-0.128757 0.838876 0.399363
-0.128882 0.838772 0.399247
-0.129015 0.838639 0.399143
-0.129220 0.838499 0.399047
-0.130255 0.837810 0.398974
-0.130956 0.837250 0.398970
-0.131346 0.836853 0.398996
-0.131638 0.836518 0.398989
-0.131653 0.836276 0.399021
-0.131671 0.836068 0.399049
-0.131642 0.835889 0.399052
-0.131662 0.835681 0.399047
-0.131809 0.835441 0.399023
-0.132020 0.835209 0.398964
-0.132186 0.834978 0.398916
-0.132348 0.834779 0.398876
-0.132489 0.834617 0.398816
-0.132585 0.834126 0.398682
-0.132233 0.833685 0.398655
-0.132395 0.833092 0.398556
-0.132766 0.832209 0.398385
-0.133023 0.831533 0.398226
-0.132830 0.830894 0.398114
-0.133629 0.830190 0.398106
-0.134633 0.828066 0.398435
-0.133980 0.827191 0.398702
-0.133793 0.826146 0.398830
-0.133499 0.824996 0.398943
-0.132550 0.824463 0.399129
-0.133334 0.823304 0.398958
-0.132951 0.822723 0.398957
-0.132930 0.822581 0.398951
-0.134242 0.821278 0.399031
-0.134443 0.819413 0.399448
-0.132825 0.818379 0.399986
-0.132097 0.817548 0.400284
-0.132030 0.816339 0.400426
-0.131111 0.815681 0.400688
-0.131135 0.814994 0.400749
-0.130865 0.814428 0.400834
-0.131533 0.813371 0.400686
-0.131102 0.812669 0.400710
-0.130781 0.812071 0.400739
-0.131247 0.811386 0.400610
-0.131798 0.810594 0.400397
-0.131716 0.810001 0.400288
-0.131802 0.809854 0.400250
-0.132235 0.809504 0.400120
-0.132179 0.809435 0.400116
-0.132875 0.808959 0.399900
-0.133868 0.808233 0.399827
-0.134825 0.807560 0.399760
-0.136415 0.806302 0.399656
-0.136480 0.806109 0.399678
-0.136275 0.805887 0.399781
-0.136258 0.805715 0.399806
-0.136590 0.805272 0.399764
-0.136670 0.805110 0.399758
-0.136969 0.804781 0.399701
-0.137148 0.804582 0.399654
-0.137358 0.804262 0.399593
-0.137457 0.804097 0.399560
-0.137698 0.803791 0.399486
-0.137650 0.803710 0.399487
-0.137852 0.803446 0.399419
-0.137781 0.803363 0.399423
-0.138221 0.802945 0.399290
-0.138583 0.802677 0.399183
-0.139041 0.802358 0.399028
-0.139371 0.802103 0.398914
-0.139180 0.802082 0.398899
-0.139225 0.801948 0.398857
-0.139594 0.801628 0.398713
-0.139787 0.801504 0.398635
-0.140276 0.801284 0.398447
-0.140261 0.801230 0.398411
-0.140228 0.801152 0.398345
-0.140234 0.801067 0.398308
-0.140285 0.800986 0.398267
-0.140384 0.800750 0.397413
-0.140482 0.800480 0.396684
-0.140065 0.800390 0.396004
-0.139928 0.800296 0.395820
-0.140172 0.799890 0.395506
-0.140181 0.799758 0.395427
-0.140505 0.799430 0.395235
-0.140861 0.799182 0.395096
-0.141418 0.798833 0.394870
-0.141438 0.798614 0.394017
-0.141314 0.798438 0.393328
-0.141501 0.798159 0.392788
-0.141588 0.797948 0.392430
-0.141532 0.797700 0.392046
-0.141744 0.797437 0.391864
-0.142455 0.796896 0.391500
-0.142756 0.796694 0.391344
-0.143009 0.796485 0.391195
-0.143175 0.796349 0.391073
-0.143137 0.796271 0.391025
-0.142926 0.796183 0.390999
-0.142868 0.796089 0.390989
-0.142788 0.796021 0.390992
-0.142896 0.795852 0.390927
-0.142898 0.795715 0.390892
-0.142871 0.795559 0.390864
-0.142951 0.795339 0.390810
-0.142404 0.795293 0.390967
-0.142652 0.795053 0.390905
-0.142854 0.794791 0.390874
-0.142920 0.794668 0.390857
-0.143001 0.794528 0.390816
-0.143042 0.794434 0.390785
-0.143095 0.794339 0.390764
-0.143211 0.794265 0.390731
-0.143270 0.794168 0.390702
-0.143451 0.793822 0.390655
-0.143303 0.793756 0.390720
-0.142542 0.793899 0.390987
-0.142560 0.793797 0.391003
-0.142749 0.793486 0.390953
-0.142858 0.793114 0.390993
-0.142299 0.793122 0.391195
-0.142058 0.793116 0.391268
-0.141335 0.792979 0.391567
-0.139891 0.793125 0.392160
-0.139589 0.792129 0.392882
-0.141112 0.789912 0.393383
-0.140737 0.789999 0.393532
-0.140096 0.790068 0.393813
-0.140122 0.789990 0.393866
-0.140103 0.789902 0.393996
-0.140233 0.789792 0.394015
-0.140460 0.789687 0.394055
-0.140387 0.789712 0.394117
-0.140338 0.789764 0.394206
-0.140337 0.789755 0.394243
-0.141157 0.789128 0.394193
-0.141662 0.788687 0.394227
-0.141433 0.788284 0.394548
-0.141532 0.788012 0.394637
-0.141415 0.787666 0.394875
-0.141253 0.787588 0.395016
-0.140248 0.787451 0.395638
-0.141226 0.786441 0.395708
-0.140165 0.786853 0.396115
-0.140739 0.786371 0.396131
-0.139790 0.786558 0.396484
-0.141213 0.785933 0.396287
-0.140456 0.786538 0.396461
-0.141823 0.786359 0.396229
-0.141443 0.786630 0.396306
-0.142381 0.785672 0.396330
-0.141721 0.785456 0.396791
-0.142279 0.785064 0.396971
-0.141231 0.785482 0.397363
-0.141093 0.785523 0.397501
-0.141797 0.784889 0.397517
-0.143046 0.783881 0.397781
-0.142168 0.784042 0.398194
-0.141537 0.784026 0.398618
-0.140580 0.783808 0.399063
-0.140657 0.783683 0.399111
-0.142482 0.782297 0.399113
-0.142247 0.781770 0.399450
-0.141282 0.781861 0.399765
-0.141323 0.781405 0.399908
-0.141286 0.781051 0.400021
-0.141018 0.781125 0.400075
-0.142623 0.779799 0.400043
-0.141880 0.779526 0.400291
-0.142742 0.779056 0.400275
-0.142221 0.779235 0.400351
-0.141399 0.779233 0.400512
-0.142828 0.778569 0.400414
-0.142485 0.778848 0.400451
-0.143433 0.778043 0.400509
-0.143523 0.777444 0.400667
-0.142931 0.777235 0.400809
-0.142100 0.777370 0.400943
-0.143057 0.776926 0.400896
-0.142619 0.777146 0.400928
-0.142417 0.777260 0.400979
-0.143298 0.776547 0.400973
-0.144872 0.775133 0.401033
-0.144381 0.774537 0.401090
-0.144379 0.774148 0.401144
-0.143697 0.774054 0.401252
-0.144508 0.773322 0.401271
-0.145830 0.771774 0.401387
-0.145418 0.771837 0.401418
-0.146113 0.771196 0.401353
-0.145596 0.771386 0.401409
-0.146655 0.770579 0.401397
-0.148544 0.769154 0.401457
-0.148027 0.768666 0.401502
-0.146817 0.768769 0.401653
-0.148296 0.768484 0.401599
-0.147164 0.768693 0.401658
-0.147547 0.768694 0.401684
-0.147492 0.768509 0.401690
-0.147582 0.768458 0.401703
-0.147407 0.768476 0.401732
-0.148321 0.767822 0.401746
-0.149830 0.766745 0.401757
-0.151792 0.765022 0.401808
-0.152234 0.764076 0.401844
-0.153123 0.763130 0.401885
-0.154704 0.761548 0.401941
-0.155589 0.760498 0.402014
-0.154872 0.758886 0.402340
-0.155094 0.757750 0.402449
-0.154850 0.756737 0.402466
-0.154492 0.756744 0.402499
-0.154375 0.756393 0.402547
-0.153056 0.756021 0.402671
-0.153253 0.755747 0.402693
-0.153267 0.755709 0.402692
-0.153161 0.755688 0.402695
-0.153946 0.754989 0.402742
-0.154783 0.754451 0.402786
-0.155388 0.754063 0.402798
-0.155734 0.753806 0.402802
-0.155667 0.753652 0.402833
-0.155640 0.753590 0.402842
-0.155554 0.753485 0.402852
-0.155556 0.753249 0.402865
-0.155469 0.753089 0.402874
-0.155348 0.752876 0.402887
-0.155320 0.752759 0.402887
-0.154950 0.752631 0.402915
-0.154861 0.752468 0.402921
-0.154754 0.752306 0.402932
-0.155709 0.751426 0.402984
-0.157311 0.749647 0.403152
-0.155152 0.749490 0.403201
-0.155229 0.748310 0.403247
-0.154775 0.747806 0.403295
-0.154938 0.747180 0.403319
-0.154692 0.746831 0.403326
-0.154563 0.746654 0.403333
-0.154663 0.746489 0.403338
-0.154848 0.746310 0.403332
-0.154649 0.746151 0.403331
-0.154765 0.746053 0.403315
-0.154927 0.745929 0.403299
-0.155889 0.745087 0.403348
-0.156802 0.744320 0.403389
-0.157262 0.743767 0.403427
-0.157208 0.743169 0.403440
-0.156308 0.742952 0.403492
-0.156600 0.742730 0.403487
-0.157185 0.742392 0.403459
-0.158145 0.741672 0.403520
-0.158552 0.741138 0.403593
-0.159464 0.740095 0.403705
-0.160504 0.739113 0.403776
-0.161215 0.737249 0.403875
-0.160298 0.737242 0.403909
-0.159210 0.736766 0.403934
-0.159874 0.735639 0.403941
-0.160862 0.734685 0.403911
-0.159738 0.734308 0.403894
-0.160163 0.733821 0.403913
-0.158405 0.734266 0.403949
-0.158333 0.733915 0.403974
-0.158050 0.733760 0.403999
-0.158080 0.733745 0.404004
-0.158216 0.733655 0.404006
-0.159147 0.733170 0.403990
-0.158477 0.733350 0.403971
-0.158717 0.733176 0.403969
-0.158545 0.733262 0.403979
-0.158823 0.733119 0.403976
-0.158565 0.733158 0.403979
-0.158582 0.733168 0.403982
-0.159158 0.733008 0.403987
-0.158862 0.732889 0.403968
-0.159891 0.732459 0.403977
-0.158448 0.732753 0.403952
-0.158691 0.732748 0.404020
-0.159149 0.732508 0.404008
-0.160053 0.731765 0.404077
-0.161823 0.729863 0.404225
-0.162147 0.729200 0.404202
-0.161609 0.729109 0.404192
-0.161122 0.729094 0.404199
-0.162848 0.728661 0.404200
-0.161251 0.728879 0.404154
-0.162344 0.727985 0.404245
-0.164185 0.726626 0.404473
-0.164318 0.726147 0.404468
-0.164222 0.726129 0.404471
-0.164388 0.725913 0.404454
-0.164161 0.725941 0.404450
-0.163613 0.726082 0.404438
-0.163800 0.725892 0.404430
-0.164188 0.725643 0.404417
-0.163884 0.725690 0.404417
-0.164459 0.724939 0.404499
-0.165067 0.724290 0.404575
-0.165856 0.723481 0.404642
-0.166042 0.723248 0.404652
-0.166217 0.722914 0.404650
-0.166270 0.722768 0.404643
-0.166122 0.722448 0.404614
-0.166090 0.722461 0.404611
-0.165881 0.722499 0.404613
-0.165789 0.722339 0.404613
-0.165155 0.722621 0.404616
-0.165104 0.722307 0.404626
-0.165022 0.722176 0.404625
-0.164924 0.722084 0.404617
-0.165045 0.721960 0.404610
-0.166012 0.721155 0.404697
-0.168529 0.719708 0.404925
-0.167836 0.719540 0.404889
-0.167554 0.719133 0.404893
-0.168010 0.718683 0.404916
-0.167652 0.718971 0.404907
-0.167696 0.718831 0.404895
-0.167714 0.718721 0.404885
-0.167645 0.718583 0.404872
-0.167606 0.718555 0.404867
-0.167722 0.718325 0.404863
-0.167811 0.718265 0.404854
-0.168010 0.718159 0.404835
-0.168097 0.718097 0.404824
-0.168218 0.718025 0.404818
-0.168324 0.717963 0.403906
-0.168427 0.717986 0.403144
-0.168531 0.717962 0.401747
-0.168716 0.718143 0.399302
-0.169097 0.718089 0.398918
-0.169136 0.718068 0.397961
-0.168712 0.718241 0.396128
-0.169412 0.718114 0.395778
-0.169035 0.717986 0.395693
-0.170029 0.717200 0.395774
-0.170779 0.715845 0.395961
-0.171372 0.715326 0.395963
-0.171385 0.714905 0.395928
-0.170320 0.715071 0.395887
-0.171422 0.714243 0.395885
-0.171273 0.713970 0.395836
-0.171231 0.713880 0.395845
-0.171048 0.714029 0.395845
-0.171603 0.713855 0.395857
-0.171261 0.713526 0.395816
-0.171826 0.712999 0.395837
-0.172117 0.713121 0.395838
-0.172264 0.713137 0.395831
-0.172115 0.713341 0.395824
-0.171729 0.713490 0.395813
-0.171905 0.713376 0.395816
-0.171873 0.713011 0.395819
-0.172666 0.712777 0.395850
-0.172566 0.712745 0.395820
-0.173212 0.712391 0.395818
-0.173160 0.712582 0.395830
-0.173742 0.712484 0.395839
-0.174669 0.712084 0.395846
-0.174240 0.712018 0.395839
-0.175212 0.711901 0.395864
-0.174143 0.712028 0.395844
-0.175040 0.711727 0.395866
-0.174579 0.711924 0.395858
-0.174158 0.711657 0.395836
-0.174193 0.711746 0.395850
-0.174542 0.711355 0.395855
-0.174246 0.711627 0.395862
-0.175101 0.710770 0.395941
-0.175773 0.709756 0.396173
-0.175756 0.709301 0.396197
-0.174989 0.709793 0.396179
-0.173609 0.709398 0.396108
-0.174208 0.708364 0.396195
-0.175027 0.705813 0.396424
-0.173928 0.704690 0.396368
-0.174290 0.703419 0.396382
-0.173741 0.702829 0.396346
-0.173942 0.702366 0.396365
-0.173695 0.702030 0.396377
-0.173953 0.701180 0.396364
-0.173759 0.701132 0.396348
-0.173397 0.700810 0.396296
-0.173564 0.700501 0.396293
-0.173667 0.700170 0.396308
-0.173579 0.700102 0.396306
-0.173585 0.699966 0.396301
-0.174249 0.699125 0.396390
-0.175195 0.698384 0.396498
-0.176974 0.697245 0.396637
-0.177495 0.696807 0.396662
-0.177584 0.696719 0.396659
-0.177673 0.696623 0.396659
-0.177668 0.696521 0.396647
-0.177745 0.696521 0.396650
-0.178616 0.695798 0.396764
-0.179343 0.695192 0.396878
-0.179743 0.694713 0.396989
-0.179725 0.694496 0.397006
-0.179675 0.693955 0.397016
-0.179449 0.693787 0.397004
-0.179257 0.693477 0.396083
-0.179036 0.693040 0.395310
-0.179333 0.692107 0.394522
-0.179562 0.691746 0.394332
-0.180062 0.691232 0.394137
-0.180430 0.690992 0.394067
-0.180779 0.690791 0.394045
-0.180779 0.690670 0.394002
-0.180761 0.690676 0.393991
-0.180758 0.690661 0.393985
-0.181677 0.689842 0.394092
-0.182870 0.688859 0.394221
-0.184700 0.687592 0.394384
-0.184793 0.687506 0.394406
-0.184878 0.687308 0.394420
-0.184738 0.687313 0.394416
-0.184828 0.686950 0.394399
-0.184935 0.686668 0.394384
-0.185169 0.686228 0.394361
-0.185235 0.685957 0.394351
-0.185853 0.684794 0.394358
-0.186055 0.684528 0.394377
-0.186120 0.684388 0.394379
-0.186233 0.684212 0.394374
-0.187203 0.682701 0.394386
-0.188354 0.681896 0.394447
-0.187119 0.682485 0.394427
-0.187745 0.682399 0.394449
-0.188795 0.681986 0.394477
-0.188686 0.682019 0.394474
-0.188470 0.682027 0.394455
-0.188538 0.681853 0.394449
-0.188720 0.681368 0.394452
-0.188840 0.681053 0.394452
-0.189041 0.680757 0.394470
-0.189254 0.680709 0.394484
-0.189599 0.680519 0.394499
-0.189681 0.680559 0.394512
-0.189802 0.680743 0.394521
-0.189789 0.680807 0.394518
-0.189746 0.680866 0.394499
-0.189994 0.681186 0.394497
-0.190410 0.680930 0.394488
-0.191238 0.680056 0.394600
-0.194134 0.677458 0.394954
-0.194170 0.676811 0.394955
-0.194068 0.676163 0.394969
-0.193537 0.675943 0.394970
-0.194027 0.675361 0.394979
-0.193940 0.675408 0.394980
-0.194102 0.675267 0.394975
-0.193957 0.675854 0.394987
-0.194443 0.675500 0.395005
-0.193453 0.675670 0.394979
-0.194242 0.674851 0.395035
-0.193739 0.674956 0.395035
-0.193640 0.675154 0.395036
-0.193681 0.675188 0.395038
-0.193487 0.675616 0.395039
-0.193553 0.675575 0.395029
-0.193657 0.675458 0.395018
-0.194386 0.674627 0.395122
-0.195284 0.673612 0.395242
-0.195722 0.672653 0.395398
-0.195539 0.672393 0.395433
-0.195420 0.672050 0.395469
-0.195372 0.671861 0.395466
-0.195150 0.671429 0.395447
-0.195098 0.671094 0.395439
-0.194997 0.670419 0.395439
-0.195343 0.669744 0.395446
-0.194834 0.668609 0.395443
-0.194530 0.667148 0.395461
-0.193610 0.667280 0.395455
-0.193373 0.666172 0.395448
-0.193006 0.664799 0.395452
-0.193048 0.663967 0.395492
-0.192444 0.663109 0.395456
-0.192175 0.661530 0.395415
-0.191459 0.661088 0.395406
-0.191190 0.660927 0.395385
-0.191165 0.661204 0.395406
-0.191240 0.661215 0.395408
-0.191553 0.661046 0.395412
-0.191329 0.661036 0.395388
-0.191074 0.661075 0.395359
-0.191108 0.660983 0.395352
-0.191804 0.660108 0.395462
-0.192641 0.658972 0.395581
-0.193319 0.656757 0.395784
-0.192318 0.654802 0.395774
-0.191310 0.654641 0.395744
-0.191406 0.654327 0.395767
-0.191666 0.653997 0.395814
-0.190989 0.654429 0.395787
-0.192246 0.653005 0.395917
-0.192781 0.651443 0.396110
-0.194053 0.649442 0.396281
-0.196613 0.643879 0.396724
-0.196420 0.641829 0.396854
-0.195160 0.639224 0.396746
-0.196164 0.637324 0.396883
-0.197429 0.634213 0.397139
-0.200026 0.628793 0.397566
-0.201737 0.619857 0.398011
-0.203457 0.611454 0.398277
-0.203193 0.609722 0.398289
-0.202958 0.606367 0.398301
-0.200187 0.599981 0.398280
-0.199782 0.598378 0.398260
-0.199635 0.595034 0.396632
-0.198264 0.587600 0.395574
-0.194727 0.570310 0.396032
-0.194713 0.559213 0.396108
-0.194957 0.555981 0.396135
-0.195364 0.552798 0.396164
-0.196405 0.549020 0.396312
-0.197055 0.545884 0.396442
-0.197309 0.543371 0.396513
-0.197067 0.537148 0.396703
-0.197093 0.532231 0.396798
-0.197162 0.529217 0.396833
-0.197374 0.527087 0.396865
-0.197441 0.526684 0.396865
-0.197602 0.526054 0.396867
-0.197690 0.525823 0.396872
-0.197865 0.525262 0.396886
-0.198015 0.524851 0.396895
-0.198137 0.524404 0.396901
-0.198915 0.523079 0.397004
-0.199712 0.521877 0.397105
-0.201362 0.519835 0.397292
-0.202057 0.519571 0.397318
-0.202729 0.519262 0.397336
-0.202911 0.519035 0.397353
-0.203067 0.518978 0.397353
-0.204695 0.517348 0.397546
-0.206615 0.516806 0.397683
-0.207408 0.516993 0.397720
-0.207577 0.517395 0.397731
-0.207755 0.517216 0.397748
-0.208074 0.517440 0.397734
-0.208781 0.516607 0.397838
-0.210876 0.514974 0.398083
-0.212243 0.514448 0.398119
-0.212497 0.515215 0.398092
-0.213304 0.514458 0.398211
-0.214817 0.513290 0.398387
-0.215960 0.512295 0.398540
-0.219307 0.511187 0.398823
-0.220687 0.512619 0.398863
-0.221092 0.512490 0.398933
-0.221630 0.512221 0.398956
-0.222010 0.512120 0.398939
-0.223164 0.512830 0.398809
-0.223212 0.511844 0.398905
-0.223166 0.512016 0.398885
-0.223174 0.512065 0.398875
-0.223289 0.512138 0.398865
-0.223396 0.512068 0.398862
-0.223561 0.512003 0.398860
-0.223646 0.511900 0.398860
-0.223723 0.511701 0.398868
-0.224410 0.510595 0.398994
-0.225039 0.509817 0.399106
-0.226171 0.508155 0.399311
-0.227248 0.506724 0.399472
-0.228578 0.505591 0.399621
-0.229134 0.505133 0.399670
-0.230066 0.504885 0.399694
-0.230385 0.504818 0.399703
-0.231029 0.504677 0.399700
-0.231271 0.504597 0.399700
-0.231539 0.504670 0.399691
-0.232365 0.503938 0.399813
-0.233321 0.503157 0.399921
-0.234604 0.501832 0.400122
-0.235876 0.500261 0.400290
-0.238761 0.498225 0.400426
-0.240598 0.497557 0.400337
-0.242270 0.498558 0.400112
-0.243898 0.499181 0.400032
-0.243931 0.499203 0.400029
-0.245019 0.497352 0.400308
-0.246724 0.495394 0.400431
-0.247464 0.495613 0.400306
-0.247571 0.495738 0.400293
-0.247900 0.495603 0.400274
-0.248002 0.495487 0.400269
-0.248208 0.495296 0.400254
-0.248290 0.495219 0.400239
-0.248520 0.495146 0.400202
-0.248550 0.495187 0.400188
-0.248667 0.495012 0.400171
-0.248735 0.494936 0.400167
-0.249371 0.493879 0.400309
-0.250013 0.492801 0.400438
-0.250465 0.492090 0.400530
-0.251370 0.490833 0.400739
-0.252273 0.489575 0.400905
-0.253128 0.488738 0.400994
-0.254565 0.487593 0.401070
-0.255073 0.487290 0.401052
-0.255893 0.486836 0.400980
-0.256700 0.487077 0.400866
-0.257007 0.486999 0.400837
-0.257752 0.487000 0.400766
-0.258035 0.486916 0.400734
-0.258725 0.485854 0.400869
-0.259380 0.484923 0.400973
-0.260347 0.483387 0.401206
-0.261332 0.482007 0.401384
-0.262216 0.481001 0.401479
-0.263765 0.480011 0.401505
-0.264485 0.479878 0.401456
-0.265982 0.479436 0.401328
-0.266503 0.479464 0.401284
-0.266941 0.479336 0.401245
-0.267877 0.478382 0.401358
-0.268888 0.477532 0.401451
-0.270179 0.475945 0.401647
-0.271286 0.474651 0.401788
-0.273232 0.473642 0.401847
-0.274086 0.473241 0.401816
-0.275676 0.473025 0.401685
-0.276318 0.473117 0.401616
-0.277563 0.473118 0.401471
-0.278076 0.473102 0.401406
-0.278965 0.473340 0.401272
-0.280364 0.473366 0.401043
-0.281633 0.473121 0.400831
-0.282048 0.473434 0.400600
-0.282416 0.473363 0.400479
-0.282702 0.473351 0.400389
-0.282742 0.473114 0.400325
-0.282893 0.473359 0.400248
-0.283091 0.473761 0.400161
-0.283308 0.473935 0.400150
-0.283463 0.473660 0.400178
-0.283578 0.473746 0.400057
-0.283830 0.473098 0.400037
-0.283555 0.472840 0.399981
-0.283565 0.472029 0.399929
-0.283557 0.471704 0.399845
-0.283512 0.471696 0.399771
-0.283542 0.471568 0.399764
-0.283573 0.471195 0.399720
-0.283683 0.470677 0.399672
-0.283827 0.469833 0.399650
-0.284223 0.469773 0.399475
-0.284718 0.469257 0.399444
-0.285117 0.469089 0.399293
-0.285414 0.469032 0.399197
-0.285789 0.468552 0.399143
-0.286304 0.468256 0.398966
-0.286492 0.467969 0.398897
-0.286564 0.467902 0.398881
-0.286644 0.467851 0.398853
-0.286822 0.467988 0.398791
-0.286904 0.468018 0.398756
-0.286952 0.468071 0.398732
-0.286983 0.467871 0.397761
-0.287096 0.467565 0.396943
-0.287340 0.467073 0.396091
-0.287388 0.466859 0.395890
-0.287518 0.466484 0.395575
-0.287538 0.466211 0.395508
-0.287826 0.465920 0.395510
-0.288286 0.466226 0.395417
-0.288648 0.466252 0.395322
-0.289087 0.466796 0.395228
-0.290419 0.467523 0.395011
-0.291348 0.466761 0.394961
-0.291583 0.466587 0.394942
-0.292091 0.466640 0.394854
-0.292378 0.466666 0.394812
-0.293081 0.466753 0.394673
-0.293417 0.466764 0.394594
-0.294002 0.466631 0.394486
-0.294235 0.466656 0.394440
-0.294860 0.465604 0.394583
-0.295507 0.464725 0.394678
-0.296809 0.463967 0.394684
-0.297356 0.463902 0.394613
-0.298146 0.464170 0.394468
-0.298607 0.464090 0.394431
-0.299539 0.464168 0.394301
-0.301148 0.464480 0.393986
-0.302469 0.465139 0.393654
-0.302815 0.465114 0.393610
-0.303334 0.465278 0.393470
-0.303634 0.465372 0.393391
-0.304254 0.465333 0.393242
-0.304620 0.465623 0.393109
-0.304986 0.465857 0.393005
-0.305748 0.464785 0.393130
-0.306532 0.463754 0.393218
-0.307638 0.462731 0.393238
-0.308170 0.462272 0.393205
-0.309087 0.462120 0.393010
-0.309628 0.461948 0.392926
-0.310545 0.461762 0.392738
-0.311044 0.461985 0.392591
-0.312075 0.462307 0.392273
-0.312449 0.462325 0.391211
-0.312861 0.462189 0.390324
-0.313289 0.462036 0.389769
-0.313653 0.461958 0.389398
-0.314382 0.461710 0.388934
-0.314684 0.461612 0.388796
-0.315381 0.461535 0.388534
-0.315707 0.461713 0.388397
-0.315998 0.461664 0.387355
-0.316318 0.461408 0.386462
-0.316693 0.461102 0.385896
-0.317040 0.461063 0.385516
-0.317583 0.460654 0.385151
-0.317808 0.460703 0.385038
-0.318197 0.460641 0.384864
-0.318462 0.460520 0.384791
-0.319261 0.460648 0.384554
-0.320170 0.460542 0.384373
-0.320961 0.460150 0.384347
-0.321341 0.460215 0.384250
-0.321463 0.460166 0.384220
-0.321948 0.459081 0.384415
-0.322547 0.457971 0.384568
-0.323060 0.457273 0.384661
-0.323563 0.456015 0.384762
-0.323875 0.455690 0.384756
-0.324609 0.455165 0.384711
-0.324876 0.454964 0.384664
-0.325118 0.455008 0.384565
-0.325625 0.454032 0.384673
-0.326258 0.452982 0.384756
-0.326736 0.451962 0.384800
-0.327489 0.449992 0.385042
-0.329448 0.446536 0.385219
-0.330700 0.444821 0.384878
-0.331485 0.443434 0.384488
-0.331538 0.443104 0.384312
-0.331975 0.442750 0.383961
-0.332179 0.442626 0.383772
-0.332593 0.442213 0.383469
-0.332774 0.442327 0.383221
-0.333077 0.442203 0.382893
-0.333254 0.442201 0.382720
-0.333607 0.442124 0.382424
-0.333820 0.441951 0.382308
-0.334023 0.441532 0.381251
-0.334184 0.441228 0.380309
-0.334635 0.441003 0.379209
-0.334960 0.441063 0.378859
-0.335278 0.441231 0.378563
-0.335402 0.441137 0.377433
-0.335428 0.440757 0.376550
-0.335475 0.440505 0.376011
-0.335622 0.440111 0.375404
-0.335708 0.440218 0.375203
-0.336117 0.440641 0.374734
-0.336592 0.440708 0.374688
-0.337058 0.440642 0.374651
-0.337467 0.440739 0.374642
-0.338237 0.440632 0.374629
-0.338877 0.440958 0.374463
-0.340312 0.440971 0.374302
-0.341336 0.440526 0.374109
-0.342138 0.440311 0.374037
-0.342423 0.440331 0.373990
-0.342735 0.440271 0.373948
-0.343030 0.440250 0.373913
-0.343499 0.440212 0.373785
-0.343738 0.440143 0.373769
-0.344220 0.440050 0.373649
-0.344393 0.440108 0.373645
-0.344580 0.440119 0.373659
-0.345061 0.438987 0.373846
-0.345585 0.437863 0.373922
-0.346386 0.436627 0.373853
-0.346717 0.436098 0.373752
-0.347215 0.435397 0.373598
-0.347427 0.435264 0.373484
-0.347844 0.434885 0.373236
-0.347961 0.434695 0.373204
-0.348550 0.434321 0.373000
-0.348721 0.434063 0.372843
-0.349127 0.433494 0.372707
-0.349502 0.432806 0.372497
-0.349749 0.432588 0.372082
-0.349981 0.431319 0.372223
-0.350557 0.428315 0.372398
-0.350391 0.427934 0.371684
-0.350341 0.427752 0.371112
-0.350599 0.427774 0.370723
-0.350748 0.427516 0.370560
-0.351213 0.427393 0.370289
-0.351698 0.427406 0.370084
-0.352184 0.427064 0.369994
-0.352369 0.427048 0.369954
-0.352541 0.426868 0.368134
-0.352977 0.426959 0.367096
-0.353608 0.427084 0.367162
-0.354323 0.427416 0.367275
-0.355094 0.427841 0.367216
-0.355738 0.428113 0.367322
-0.355753 0.428093 0.366541
-0.355997 0.428931 0.365412
-0.356384 0.429408 0.366218
-0.357293 0.429952 0.366947
-0.358441 0.429712 0.367320
-0.359417 0.429615 0.367429
-0.359687 0.429617 0.367420
-0.359874 0.429306 0.365794
-0.359961 0.429257 0.365367
-0.360312 0.429221 0.364974
-0.360439 0.429231 0.364915
-0.360769 0.429257 0.364913
-0.360948 0.429220 0.364901
-0.361330 0.429157 0.364897
-0.361535 0.429051 0.364896
-0.362050 0.429244 0.364748
-0.362332 0.429333 0.364726
-0.363020 0.429313 0.364709
-0.363352 0.429280 0.364687
-0.363526 0.429043 0.363778
-0.363644 0.428940 0.362963
-0.363826 0.428887 0.362463
-0.363997 0.428927 0.362178
-0.364429 0.428829 0.362004
-0.364698 0.428792 0.361978
-0.365184 0.428641 0.361979
-0.365479 0.428639 0.361905
-0.366001 0.428468 0.361843
-0.366331 0.428469 0.361821
-0.366817 0.428488 0.361815
-0.367098 0.428472 0.361828
-0.367599 0.428503 0.361796
-0.367881 0.428523 0.361774
-0.368358 0.428328 0.361819
-0.368586 0.428278 0.361852
-0.369116 0.428107 0.361891
-0.369309 0.428014 0.361922
-0.369723 0.427844 0.361888
-0.369905 0.427618 0.361933
-0.370295 0.427158 0.362018
-0.370501 0.427001 0.361966
-0.370843 0.426830 0.361892
-0.370987 0.426722 0.361876
-0.371219 0.426482 0.361841
-0.371405 0.426411 0.361813
-0.371775 0.426151 0.361659
-0.371998 0.426027 0.361562
-0.372370 0.425718 0.361375
-0.372855 0.425568 0.361132
-0.373103 0.425582 0.360992
-0.373695 0.425620 0.360726
-0.373893 0.425599 0.360634
-0.374285 0.425553 0.360465
-0.374450 0.425508 0.360386
-0.374700 0.425416 0.360393
-0.375221 0.425116 0.360283
-0.375345 0.424594 0.360335
-0.375374 0.424543 0.360114
-0.375338 0.424212 0.360026
-0.375278 0.424033 0.359974
-0.375197 0.423810 0.359849
-0.375215 0.423675 0.359806
-0.375187 0.423329 0.359712
-0.375198 0.423150 0.359685
-0.375186 0.422732 0.359627
-0.375570 0.422076 0.359218
-0.375789 0.421228 0.358776
-0.376018 0.420344 0.358332
-0.376278 0.419850 0.357870
-0.376585 0.419408 0.357625
-0.376910 0.418953 0.357550
-0.377152 0.418776 0.357221
-0.377338 0.418791 0.357073
-0.377447 0.418785 0.357066
-0.377976 0.416710 0.357564
-0.378560 0.414576 0.357372
-0.378642 0.413479 0.356900
-0.378863 0.412850 0.356400
-0.379331 0.412650 0.355828
-0.379737 0.412477 0.355468
-0.380341 0.412209 0.355245
-0.380535 0.412212 0.355144
-0.380669 0.414332 0.354466
-0.381624 0.415740 0.354171
-0.382567 0.416184 0.354561
-0.383448 0.416526 0.354986
-0.384318 0.416832 0.355300
-0.385385 0.416918 0.355499
-0.386617 0.416838 0.355711
-0.387552 0.417195 0.356072
-0.388751 0.417417 0.356269
-0.389501 0.418164 0.356927
-0.390179 0.418544 0.357106
-0.391117 0.418733 0.357307
-0.392189 0.418677 0.357604
-0.392956 0.418832 0.357779
-0.393412 0.419306 0.358031
-0.393881 0.419456 0.358441
-0.394438 0.419692 0.358526
-0.395270 0.419526 0.358844
-0.395753 0.419908 0.358857
-0.396483 0.420106 0.359034
-0.397580 0.419953 0.359257
-0.398609 0.420296 0.359522
-0.399265 0.420428 0.359710
-0.399911 0.420543 0.359988
-0.400028 0.420606 0.359967
-0.400339 0.420673 0.359922
-0.400413 0.420856 0.359902
-0.400644 0.421048 0.359986
-0.400822 0.421119 0.360039
-0.401307 0.421368 0.360073
-0.401544 0.421591 0.360107
-0.402054 0.421902 0.360144
-0.402247 0.422148 0.360181
-0.402595 0.422363 0.360285
-0.402787 0.422520 0.360356
-0.403110 0.423026 0.360489
-0.403200 0.423342 0.360541
-0.403670 0.423867 0.361086
-0.404246 0.424498 0.361605
-0.404424 0.425428 0.362326
-0.404559 0.425685 0.362403
-0.404970 0.425748 0.362704
-0.405233 0.425823 0.362822
-0.405754 0.425930 0.362985
-0.406015 0.425951 0.363057
-0.406561 0.425669 0.363240
-0.406790 0.425527 0.363336
-0.407178 0.425485 0.363319
-0.407339 0.425439 0.363338
-0.407737 0.425325 0.363352
-0.408019 0.425192 0.363306
-0.408568 0.424877 0.363207
-0.408863 0.424804 0.363084
-0.409593 0.424424 0.362727
-0.409724 0.424235 0.362624
-0.409956 0.423858 0.362495
-0.410117 0.423594 0.362400
-0.410291 0.423005 0.362297
-0.410918 0.422364 0.361910
-0.411586 0.421921 0.361596
-0.411813 0.421892 0.361425
-0.412098 0.421748 0.361421
-0.412339 0.421767 0.361265
-0.412829 0.421774 0.361363
-0.413386 0.421917 0.361390
-0.414095 0.421417 0.361398
-0.414840 0.421377 0.361319
-0.415228 0.421643 0.361394
-0.415826 0.421700 0.361312
-0.416317 0.421828 0.361312
-0.416889 0.421861 0.361406
-0.417298 0.421929 0.361422
-0.418044 0.421765 0.361463
-0.418547 0.422083 0.361524
-0.418522 0.422339 0.361717
-0.418766 0.422461 0.361746
-0.418691 0.422660 0.362018
-0.418980 0.422634 0.362267
-0.419336 0.422548 0.362312
-0.419440 0.422956 0.362317
-0.419711 0.422826 0.362414
-0.419851 0.422712 0.362352
-0.420002 0.422689 0.362284
-0.420345 0.422691 0.362240
-0.420543 0.422692 0.362163
-0.420897 0.422565 0.362014
-0.421212 0.422471 0.361975
-0.421676 0.422211 0.361999
-0.421956 0.422066 0.362011
-0.422597 0.421652 0.362091
-0.423000 0.421519 0.362109
-0.423775 0.421425 0.362114
-0.424242 0.421416 0.362061
-0.425341 0.421400 0.362022
-0.425776 0.421265 0.362050
-0.426552 0.420831 0.362043
-0.426839 0.420677 0.361972
-0.427379 0.420249 0.361860
-0.427666 0.419974 0.361772
-0.428367 0.419377 0.361575
-0.428761 0.419067 0.361475
-0.429423 0.418723 0.361311
-0.429746 0.418455 0.361251
-0.430471 0.417932 0.360952
-0.432267 0.416999 0.360188
-0.433032 0.416812 0.359831
-0.434122 0.416404 0.360016
