-0.080727 0.886064 0.407064
-0.080744 0.886040 0.407066
-0.081375 0.885923 0.407051
-0.081410 0.885895 0.407053
-0.082047 0.885774 0.407036
-0.082127 0.885715 0.407040
-0.082702 0.885608 0.407022
-0.082811 0.885545 0.407025
-0.083406 0.885434 0.407004
-0.083546 0.885345 0.407008
-0.084044 0.885254 0.406988
-0.084238 0.885157 0.406988
-0.084752 0.885065 0.406966
-0.085730 0.884624 0.406958
-0.087377 0.883617 0.407054
-0.087850 0.883197 0.407137
-0.088832 0.882605 0.407178
-0.090363 0.880955 0.407481
-0.090568 0.880246 0.407671
-0.090188 0.879532 0.407877
-0.090272 0.879097 0.407971
-0.090053 0.878603 0.408087
-0.090245 0.878379 0.408117
-0.090272 0.877983 0.408189
-0.090400 0.877155 0.408291
-0.090928 0.877061 0.408266
-0.091048 0.876994 0.408266
-0.091729 0.876876 0.408234
-0.091790 0.876843 0.408233
-0.092220 0.876756 0.408213
-0.094658 0.875513 0.408260
-0.094926 0.875227 0.408310
-0.095349 0.874179 0.408553
-0.095287 0.874040 0.408587
-0.095445 0.873393 0.408710
-0.095416 0.873290 0.408729
-0.095756 0.872763 0.408795
-0.096295 0.872504 0.408791
-0.096980 0.872409 0.408746
-0.097839 0.872421 0.408665
-0.098628 0.872462 0.408587
-0.098717 0.872452 0.408578
-0.099555 0.872415 0.408509
-0.099639 0.872395 0.408502
-0.100262 0.872319 0.408458
-0.102136 0.871403 0.408468
-0.102651 0.871049 0.408508
-0.103496 0.870315 0.408636
-0.105700 0.868267 0.408934
-0.105415 0.866709 0.409374
-0.105318 0.865991 0.409544
-0.105588 0.865545 0.409613
-0.105588 0.865474 0.409623
-0.106102 0.865152 0.409636
-0.106084 0.864860 0.409669
-0.105967 0.864509 0.409715
-0.105957 0.864429 0.409724
-0.108123 0.862102 0.410042
-0.107355 0.860977 0.410336
-0.106526 0.859986 0.410561
-0.106003 0.859266 0.410701
-0.105509 0.858524 0.410832
-0.105168 0.857930 0.410926
-0.104804 0.857276 0.411026
-0.104480 0.856653 0.411116
-0.104182 0.856047 0.411201
-0.103900 0.855449 0.411283
-0.103876 0.855344 0.411295
-0.106063 0.853091 0.411541
-0.105356 0.851759 0.411854
-0.104481 0.850634 0.412089
-0.103851 0.849726 0.412254
-0.103444 0.849031 0.412366
-0.103345 0.848774 0.412402
-0.105432 0.846726 0.412598
-0.104839 0.845189 0.412932
-0.104027 0.844105 0.413151
-0.103717 0.843601 0.413238
-0.105661 0.841429 0.413466
-0.105454 0.840462 0.413661
-0.107097 0.838379 0.413909
-0.106934 0.837065 0.414168
-0.108433 0.834241 0.414575
-0.108131 0.833333 0.414758
-0.109346 0.829885 0.415290
-0.109142 0.829435 0.415377
-0.109792 0.828460 0.415491
-0.110845 0.825854 0.415907
-0.110249 0.824674 0.416128
-0.109839 0.823621 0.416313
-0.109434 0.822973 0.416416
-0.109470 0.822485 0.416487
-0.109265 0.821916 0.416568
-0.109492 0.821613 0.416605
-0.109514 0.821296 0.416644
-0.109858 0.821062 0.416666
-0.109949 0.820736 0.416702
-0.110831 0.820091 0.416754
-0.111795 0.819499 0.416811
-0.112873 0.817935 0.417047
-0.113707 0.817176 0.417127
-0.114465 0.816449 0.417215
-0.115392 0.814794 0.417474
-0.116931 0.813217 0.417674
-0.117282 0.812601 0.417766
-0.117674 0.811354 0.417970
-0.119506 0.809114 0.418285
-0.119608 0.808597 0.418368
-0.119708 0.807491 0.418547
-0.121184 0.805863 0.418769
-0.121608 0.804727 0.418945
-0.121592 0.803442 0.419152
-0.121224 0.802753 0.419245
-0.121247 0.802266 0.419310
-0.121115 0.801815 0.419363
-0.121334 0.801434 0.419414
-0.121340 0.801216 0.419437
-0.121727 0.800890 0.419479
-0.121753 0.800800 0.419488
-0.122252 0.800500 0.419522
-0.122310 0.800337 0.419536
-0.122812 0.800096 0.419562
-0.122856 0.800017 0.419568
-0.123426 0.799755 0.419592
-0.123505 0.799601 0.419603
-0.123673 0.799521 0.419609
-0.126170 0.797801 0.419850
-0.126627 0.796916 0.419987
-0.126759 0.796712 0.420017
-0.128613 0.795210 0.420233
-0.129363 0.793877 0.420445
-0.129532 0.793022 0.420578
-0.129437 0.792664 0.420620
-0.129618 0.792181 0.420680
-0.129569 0.791827 0.420715
-0.129854 0.791574 0.420743
-0.129932 0.791282 0.420770
-0.130346 0.791048 0.420796
-0.130437 0.790813 0.420815
-0.130734 0.790681 0.420827
-0.131721 0.789989 0.420922
-0.133477 0.788226 0.421205
-0.133647 0.787999 0.421241
-0.135525 0.786442 0.421487
-0.136295 0.785115 0.421709
-0.136520 0.784659 0.421786
-0.137432 0.783854 0.421913
-0.138894 0.782232 0.422200
-0.139289 0.781488 0.422352
-0.139253 0.781219 0.422393
-0.139519 0.780919 0.422450
-0.139546 0.780741 0.422472
-0.139930 0.780549 0.422549
-0.140509 0.780549 0.422563
-0.141206 0.780611 0.422573
-0.141994 0.780722 0.422579
-0.142499 0.780741 0.422584
-0.142799 0.780616 0.422594
-0.143148 0.780563 0.422601
-0.143490 0.780369 0.422615
-0.143956 0.780292 0.422624
-0.144212 0.780099 0.422635
-0.144546 0.780026 0.422641
-0.144682 0.779944 0.422646
-0.147023 0.778165 0.422957
-0.147879 0.777522 0.423095
-0.147983 0.777361 0.423122
-0.150180 0.775419 0.423486
-0.150791 0.774853 0.423611
-0.150933 0.774626 0.423655
-0.153119 0.772566 0.424063
-0.153798 0.771800 0.424247
-0.153788 0.771277 0.424354
-0.153979 0.771126 0.424390
-0.154075 0.770781 0.424449
-0.154203 0.770731 0.424460
-0.154542 0.770425 0.424505
-0.154841 0.770356 0.424521
-0.154964 0.770273 0.424531
-0.157515 0.768157 0.424966
-0.157787 0.767941 0.425017
-0.158007 0.767718 0.425059
-0.160565 0.765328 0.425574
-0.160812 0.765083 0.425634
-0.161106 0.764655 0.425722
-0.163229 0.762639 0.426167
-0.163814 0.762065 0.426315
-0.163990 0.761450 0.426451
-0.164200 0.761292 0.426493
-0.164320 0.760940 0.426557
-0.164786 0.760846 0.426606
-0.165384 0.760870 0.426636
-0.166067 0.760938 0.426658
-0.166831 0.761045 0.426673
-0.167539 0.761122 0.426685
-0.168323 0.761229 0.426693
-0.169087 0.761325 0.426697
-0.169248 0.761140 0.426702
-0.170107 0.760395 0.426855
-0.171772 0.758371 0.427291
-0.172595 0.757548 0.427467
-0.174069 0.755447 0.427940
-0.174880 0.754571 0.428134
-0.176202 0.752204 0.428683
-0.176978 0.751348 0.428879
-0.178260 0.749019 0.429434
-0.179034 0.748160 0.429635
-0.180263 0.745728 0.430227
-0.179913 0.745143 0.430324
-0.179645 0.744658 0.430379
-0.179512 0.744258 0.430410
-0.179406 0.743853 0.430432
-0.179288 0.743417 0.430449
-0.179191 0.742999 0.430462
-0.179123 0.742611 0.430474
-0.179025 0.742178 0.430485
-0.178935 0.741757 0.430494
-0.178868 0.741367 0.430504
-0.178792 0.740958 0.430514
-0.178795 0.740848 0.430519
-0.181208 0.738085 0.431153
-0.181230 0.737893 0.431181
-0.183516 0.735094 0.431846
-0.183557 0.734844 0.431891
-0.185795 0.731910 0.432604
-0.185577 0.731028 0.432753
-0.185275 0.730474 0.432804
-0.185130 0.730048 0.432829
-0.184996 0.729595 0.432847
-0.184915 0.729192 0.432860
-0.184833 0.728774 0.432871
-0.184730 0.728323 0.432879
-0.184640 0.727890 0.432886
-0.184574 0.727488 0.432894
-0.184499 0.727068 0.432901
-0.184398 0.726613 0.432907
-0.184327 0.726204 0.432914
-0.184228 0.725751 0.432920
-0.184157 0.725341 0.432927
-0.184057 0.724887 0.432933
-0.183966 0.724447 0.432939
-0.183877 0.724011 0.432946
-0.183790 0.723575 0.432952
-0.183702 0.723139 0.432958
-0.183655 0.722764 0.432966
-0.184470 0.721947 0.433160
-0.186126 0.719732 0.433664
-0.186940 0.718856 0.433878
-0.188471 0.716410 0.434449
-0.188251 0.715834 0.434505
-0.188078 0.715362 0.434529
-0.187951 0.714912 0.434544
-0.188754 0.714088 0.434747
-0.190394 0.711976 0.435252
-0.191223 0.711057 0.435483
-0.192734 0.708589 0.436041
-0.194220 0.706751 0.436498
-0.194794 0.704744 0.436874
-0.195528 0.703764 0.437107
-0.196621 0.700694 0.437706
-0.196169 0.699804 0.437744
-0.195791 0.699055 0.437749
-0.195575 0.698467 0.437750
-0.195388 0.697886 0.437749
-0.195178 0.697261 0.437744
-0.194994 0.696668 0.437738
-0.194821 0.696085 0.437733
-0.194683 0.695549 0.437731
-0.194532 0.694987 0.437728
-0.194373 0.694416 0.437724
-0.194177 0.693791 0.437718
-0.194029 0.693239 0.437714
-0.193872 0.692668 0.437711
-0.193710 0.692089 0.437707
-0.193510 0.691458 0.437700
-0.193328 0.690855 0.437695
-0.193184 0.690306 0.437692
-0.192995 0.689686 0.437686
-0.192847 0.689130 0.437684
-0.192656 0.688506 0.437678
-0.192506 0.687948 0.437675
-0.192346 0.687368 0.437672
-0.192145 0.686731 0.437666
-0.191991 0.686166 0.437663
-0.191828 0.685581 0.437659
-0.191658 0.684989 0.437655
-0.191486 0.684392 0.437651
-0.191311 0.683792 0.437647
-0.191101 0.683141 0.437640
-0.190941 0.682567 0.437637
-0.190773 0.681974 0.437633
-0.190565 0.681324 0.437627
-0.190372 0.680701 0.437621
-0.190219 0.680133 0.437618
-0.190020 0.679491 0.437613
-0.189862 0.678917 0.437610
-0.189659 0.678270 0.437604
-0.189499 0.677693 0.437601
-0.189329 0.677094 0.437598
-0.189152 0.676485 0.437594
-0.189008 0.675932 0.437593
-0.189786 0.675048 0.437802
-0.191342 0.672630 0.438309
-0.192145 0.671641 0.438543
-0.193572 0.668672 0.439131
-0.193187 0.667782 0.439152
-0.192892 0.667088 0.439148
-0.192665 0.666445 0.439142
-0.192466 0.665819 0.439136
-0.192312 0.665246 0.439132
-0.192112 0.664597 0.439125
-0.191956 0.664016 0.439120
-0.191789 0.663412 0.439115
-0.191615 0.662798 0.439110
-0.191404 0.662129 0.439101
-0.191241 0.661538 0.439096
-0.191037 0.660877 0.439088
-0.191812 0.660001 0.439302
-0.193410 0.657625 0.439823
-0.194947 0.655786 0.440286
-0.195778 0.654062 0.440630
-0.197677 0.651574 0.441251
-0.198040 0.650235 0.441478
-0.199470 0.648371 0.441946
-0.200102 0.646180 0.442336
-0.199803 0.645438 0.442346
-0.199556 0.644787 0.442338
-0.199312 0.644109 0.442324
-0.199111 0.643474 0.442312
-0.198930 0.642851 0.442300
-0.198785 0.642277 0.442292
-0.198630 0.641676 0.442284
-0.198436 0.641017 0.442271
-0.198287 0.640431 0.442263
-0.198129 0.639823 0.442254
-0.198877 0.638921 0.442482
-0.200445 0.636490 0.443033
-0.201229 0.635485 0.443288
-0.202777 0.632842 0.443886
-0.203542 0.631816 0.444146
-0.205020 0.628955 0.444779
-0.205749 0.627962 0.445034
-0.207186 0.625329 0.445637
-0.208605 0.623402 0.446152
-0.209344 0.621326 0.446571
-0.209076 0.620561 0.446585
-0.208829 0.619924 0.446568
-0.208585 0.619265 0.446544
-0.208415 0.618688 0.446526
-0.208216 0.618049 0.446503
-0.208036 0.617433 0.446482
-0.207895 0.616864 0.446468
-0.207716 0.616225 0.446448
-0.207549 0.615606 0.446430
-0.207416 0.615033 0.446418
-0.207365 0.614637 0.446417
-0.207578 0.614379 0.446441
-0.207634 0.614127 0.446451
-0.207942 0.613870 0.446488
-0.208034 0.613543 0.446503
-0.208350 0.613354 0.446538
-0.208456 0.613046 0.446554
-0.208735 0.612887 0.446585
-0.208877 0.612569 0.446606
-0.209227 0.612395 0.446644
-0.210003 0.611503 0.446893
-0.210742 0.610607 0.447135
-0.212203 0.608968 0.447593
-0.212251 0.608811 0.447611
-0.212637 0.608413 0.447676
-0.212674 0.608283 0.447683
-0.213061 0.607934 0.447730
-0.213130 0.607692 0.447742
-0.213499 0.607433 0.447780
-0.213580 0.606952 0.447789
-0.213535 0.606426 0.447787
-0.213439 0.605843 0.447780
-0.213318 0.605239 0.447771
-0.214014 0.604299 0.448013
-0.215544 0.601648 0.448630
-0.216258 0.600647 0.448893
-0.217747 0.598022 0.449525
-0.219125 0.596060 0.450058
-0.219918 0.593923 0.450518
-0.219727 0.593263 0.450535
-0.219534 0.592654 0.450526
-0.219328 0.592006 0.450508
-0.219178 0.591428 0.450494
-0.218998 0.590787 0.450475
-0.218860 0.590209 0.450462
-0.218688 0.589567 0.450443
-0.218554 0.588987 0.450429
-0.218386 0.588342 0.450411
-0.218229 0.587718 0.450394
-0.218103 0.587141 0.450382
-0.217966 0.586538 0.450369
-0.217823 0.585926 0.450355
-0.217652 0.585266 0.450336
-0.217496 0.584634 0.450320
-0.217347 0.584011 0.450305
-0.217200 0.583389 0.450290
-0.217054 0.582767 0.450276
-0.216932 0.582186 0.450266
-0.217000 0.582133 0.450270
-0.217199 0.581642 0.450295
-0.217293 0.581594 0.450302
-0.217579 0.581104 0.450332
-0.217677 0.581069 0.450340
-0.217976 0.580644 0.450371
-0.218082 0.580604 0.450379
-0.218419 0.580147 0.450412
-0.218523 0.580115 0.450419
-0.218842 0.579700 0.450451
-0.218952 0.579662 0.450458
-0.219216 0.579327 0.450486
-0.221042 0.576960 0.451127
-0.221401 0.576598 0.451236
-0.221854 0.576003 0.451368
-0.223800 0.573397 0.452081
-0.224169 0.573004 0.452200
-0.224626 0.572375 0.452344
-0.226813 0.569344 0.453184
-0.227070 0.569084 0.453266
-0.227576 0.568308 0.453427
-0.227684 0.568257 0.453441
-0.228000 0.567784 0.453483
-0.228099 0.567754 0.453489
-0.228404 0.567343 0.453515
-0.228511 0.567307 0.453520
-0.228856 0.566860 0.453542
-0.228960 0.566832 0.453546
-0.229307 0.566398 0.453564
-0.229413 0.566370 0.453568
-0.229744 0.565962 0.453586
-0.229855 0.565927 0.453590
-0.230221 0.565484 0.453604
-0.230328 0.565456 0.453607
-0.230709 0.565008 0.453617
-0.230739 0.564493 0.453600
-0.231377 0.563523 0.453844
-0.232875 0.560832 0.454465
-0.233528 0.559790 0.454730
-0.234971 0.557097 0.455367
-0.235630 0.556002 0.455646
-0.237097 0.552957 0.456358
-0.237011 0.552288 0.456389
-0.236848 0.551652 0.456374
-0.236725 0.551081 0.456357
-0.236573 0.550449 0.456333
-0.236454 0.549876 0.456314
-0.236301 0.549244 0.456289
-0.236179 0.548671 0.456270
-0.236023 0.548037 0.456246
-0.235898 0.547464 0.456227
-0.235761 0.546869 0.456208
-0.235594 0.546228 0.456184
-0.235461 0.545651 0.456166
-0.235295 0.545015 0.456143
-0.235160 0.544439 0.456126
-0.235016 0.543842 0.456108
-0.234839 0.543198 0.456085
-0.234698 0.542619 0.456069
-0.234523 0.541980 0.456047
-0.234382 0.541402 0.456031
-0.234204 0.540762 0.456010
-0.234061 0.540183 0.455994
-0.234043 0.540024 0.455993
-0.235860 0.536645 0.456780
-0.235939 0.536346 0.456824
-0.237882 0.532736 0.457696
-0.237984 0.531725 0.457823
-0.237834 0.531113 0.457816
-0.237678 0.530512 0.457798
-0.237546 0.529945 0.457782
-0.238106 0.528935 0.458026
-0.239401 0.526264 0.458620
-0.240012 0.525151 0.458896
-0.241381 0.522311 0.459547
-0.242546 0.520209 0.460082
-0.243417 0.518103 0.460539
-0.243367 0.517436 0.460564
-0.243222 0.516814 0.460541
-0.243082 0.516215 0.460513
-0.242966 0.515653 0.460488
-0.242836 0.515068 0.460462
-0.242776 0.514662 0.460452
-0.244114 0.512028 0.461074
-0.244515 0.510875 0.461282
-0.246176 0.507610 0.462079
-0.246451 0.506716 0.462229
-0.247840 0.503939 0.462902
-0.248349 0.502315 0.463181
-0.248293 0.501732 0.463165
-0.248180 0.501127 0.463120
-0.248168 0.500978 0.463115
-0.249758 0.497459 0.463888
-0.249884 0.496912 0.463952
-0.251414 0.493604 0.464707
-0.251723 0.492383 0.464852
-0.251672 0.491749 0.464800
-0.251630 0.491301 0.464762
-0.252558 0.489277 0.465216
-0.253291 0.487273 0.465556
-0.253792 0.486149 0.465809
-0.255043 0.483068 0.466385
-0.255540 0.481947 0.466635
-0.256846 0.478783 0.467187
-0.256932 0.478157 0.467080
-0.256943 0.477676 0.466948
-0.257391 0.476627 0.467165
-0.258520 0.473828 0.467609
-0.259013 0.472663 0.467847
-0.260346 0.469460 0.468274
-0.260433 0.469058 0.468188
-0.260756 0.468985 0.468028
-0.260854 0.468792 0.467947
-0.261303 0.468770 0.467719
-0.261357 0.468679 0.467675
-0.261835 0.468604 0.467430
-0.261939 0.468439 0.467335
-0.262397 0.468483 0.467073
-0.262453 0.468405 0.467024
-0.262931 0.468392 0.466752
-0.262986 0.468314 0.466700
-0.263461 0.468316 0.466419
-0.264206 0.469758 0.464942
-0.264257 0.469808 0.464620
-0.264241 0.469740 0.464356
-0.264189 0.469622 0.464111
-0.264107 0.469506 0.463853
-0.264022 0.469373 0.463625
-0.263953 0.469161 0.463480
-0.264017 0.469181 0.463441
-0.264203 0.468975 0.463282
-0.264293 0.468998 0.463244
-0.264558 0.468797 0.463092
-0.264754 0.468848 0.463021
-0.264988 0.468645 0.462892
-0.265085 0.468661 0.462859
-0.265395 0.468413 0.462716
-0.265492 0.468429 0.462686
-0.265805 0.468156 0.462562
-0.265902 0.468167 0.462535
-0.266216 0.467858 0.462430
-0.266312 0.467862 0.462406
-0.266600 0.467530 0.462327
-0.266800 0.467522 0.462284
-0.267011 0.467197 0.462235
-0.267290 0.467158 0.462181
-0.267455 0.466810 0.462148
-0.267642 0.466760 0.462115
-0.267833 0.466376 0.462084
-0.268026 0.466316 0.462053
-0.268223 0.465917 0.462030
-0.268494 0.465834 0.461995
-0.268627 0.465497 0.461986
-0.268958 0.465354 0.461952
-0.269060 0.465006 0.461952
-0.269369 0.464846 0.461927
-0.269441 0.464579 0.461929
-0.269759 0.464353 0.461906
-0.269850 0.463975 0.461914
-0.270147 0.463792 0.461899
-0.270215 0.463516 0.461907
-0.270572 0.463247 0.461897
-0.270602 0.463102 0.461902
-0.270999 0.462704 0.461900
-0.271021 0.462557 0.461906
-0.271357 0.462177 0.461905
-0.271383 0.462023 0.461911
-0.271727 0.461633 0.461911
-0.271754 0.461478 0.461917
-0.272100 0.461086 0.461919
-0.272126 0.460931 0.461926
-0.272472 0.460537 0.461930
-0.272517 0.460242 0.461946
-0.272799 0.459975 0.461948
-0.272857 0.459681 0.461963
-0.273196 0.459390 0.461972
-0.273223 0.459242 0.461980
-0.273607 0.458838 0.461996
-0.273627 0.458690 0.462004
-0.273955 0.458314 0.462014
-0.273996 0.458023 0.462030
-0.274273 0.457769 0.462034
-0.274329 0.457480 0.462048
-0.274667 0.457205 0.462056
-0.274694 0.457061 0.462063
-0.275079 0.456678 0.462075
-0.275099 0.456533 0.462083
-0.275461 0.456151 0.462095
-0.275479 0.456006 0.462102
-0.275805 0.455654 0.462105
-0.275828 0.455506 0.462112
-0.276203 0.455128 0.462117
-0.276223 0.454985 0.462123
-0.276553 0.454643 0.462122
-0.276578 0.454497 0.462127
-0.276924 0.454154 0.462122
-0.276951 0.454010 0.462127
-0.277339 0.453650 0.462123
-0.277359 0.453510 0.462128
-0.277698 0.453182 0.462120
-0.277742 0.452910 0.462128
-0.278030 0.452696 0.462116
-0.278091 0.452428 0.462121
-0.278446 0.452204 0.462108
-0.278476 0.452069 0.462111
-0.278847 0.451765 0.462094
-0.278877 0.451626 0.462096
-0.279318 0.451285 0.462079
-0.279830 0.451311 0.462062
-0.280346 0.451391 0.462035
-0.280913 0.451506 0.461996
-0.281506 0.451643 0.461944
-0.282114 0.451795 0.461880
-0.282733 0.451958 0.461807
-0.283422 0.452153 0.461715
-0.284082 0.452344 0.461618
-0.284736 0.452536 0.461514
-0.285391 0.452733 0.461404
-0.285991 0.452909 0.461301
-0.286690 0.453126 0.461178
-0.287310 0.453312 0.461065
-0.287959 0.453508 0.460946
-0.288623 0.453711 0.460821
-0.289295 0.453918 0.460693
-0.289346 0.453909 0.460736
-0.289944 0.453960 0.460621
-0.290079 0.453949 0.460640
-0.290830 0.454161 0.460334
-0.291675 0.454598 0.459977
-0.292398 0.454962 0.459696
-0.292554 0.455022 0.459645
-0.293124 0.455183 0.459491
-0.293293 0.455239 0.459424
-0.293908 0.455446 0.459184
-0.294254 0.455591 0.459022
-0.294811 0.455889 0.458733
-0.294982 0.455972 0.458642
-0.295602 0.456332 0.458285
-0.296553 0.457073 0.457668
-0.297345 0.457687 0.457211
-0.298226 0.458326 0.456747
-0.298975 0.458801 0.456393
-0.299736 0.459232 0.456073
-0.300573 0.459678 0.455742
-0.301359 0.460064 0.455448
-0.302122 0.460404 0.455184
-0.302804 0.460669 0.454970
-0.303586 0.460962 0.454738
-0.304922 0.461846 0.454055
-0.305334 0.461895 0.453987
-0.305913 0.461996 0.453891
-0.306490 0.462103 0.453788
-0.306727 0.462035 0.452828
-0.307560 0.461825 0.450856
-0.307776 0.461719 0.449847
-0.308534 0.461317 0.447871
-0.308708 0.461191 0.446914
-0.309333 0.460678 0.445109
-0.309487 0.460537 0.444167
-0.310058 0.459882 0.442476
-0.310447 0.459543 0.442797
-0.310944 0.459333 0.443048
-0.311059 0.459311 0.443069
-0.311816 0.458850 0.440373
-0.311925 0.458804 0.440339
-0.312560 0.458323 0.437709
-0.312773 0.458206 0.437629
-0.313293 0.457702 0.435089
-0.313391 0.457634 0.435040
-0.313922 0.457097 0.432496
-0.314022 0.457027 0.432460
-0.314531 0.456499 0.429976
-0.314946 0.456127 0.430369
-0.315410 0.455902 0.430901
-0.315893 0.455787 0.431248
-0.316442 0.455736 0.431515
-0.317081 0.455730 0.431754
-0.317207 0.455732 0.431780
-0.317685 0.455751 0.431647
-0.317958 0.455765 0.431648
-0.318342 0.455806 0.431449
-0.318748 0.455845 0.431405
-0.319099 0.455901 0.431164
-0.319379 0.455929 0.431110
-0.319570 0.455893 0.430127
-0.319943 0.455838 0.428287
-0.320235 0.455841 0.427946
-0.320556 0.455765 0.426060
-0.320743 0.455734 0.425110
-0.321017 0.455730 0.424785
-0.321303 0.455653 0.422932
-0.321467 0.455622 0.422023
-0.321726 0.455616 0.421739
-0.322060 0.455531 0.419455
-0.322121 0.455523 0.419123
-0.322609 0.455548 0.418866
-0.322711 0.455562 0.418826
-0.323125 0.455599 0.418937
-0.323256 0.455620 0.418873
-0.323793 0.455688 0.418933
-0.323861 0.455701 0.418880
-0.324436 0.455784 0.418802
-0.324510 0.455800 0.418732
-0.325186 0.455910 0.418583
-0.325254 0.455925 0.418504
-0.325915 0.456033 0.418303
-0.325983 0.456049 0.418215
-0.326650 0.456158 0.417964
-0.326719 0.456174 0.417869
-0.327320 0.456268 0.417600
-0.327402 0.456286 0.417494
-0.328047 0.456391 0.417185
-0.328213 0.456429 0.416970
-0.328751 0.456509 0.416736
-0.328938 0.456550 0.416510
-0.329507 0.456638 0.416254
-0.329786 0.456702 0.415933
-0.330339 0.456788 0.415704
-0.330533 0.456832 0.415468
-0.331114 0.456925 0.415187
-0.331318 0.456972 0.414937
-0.332022 0.457095 0.414587
-0.332120 0.457119 0.414457
-0.332837 0.457246 0.414029
-0.332937 0.457270 0.413892
-0.333664 0.457399 0.413443
-0.333753 0.457453 0.414349
-0.333919 0.457501 0.415107
-0.334713 0.457680 0.415556
-0.334887 0.457707 0.415478
-0.335585 0.457855 0.414779
-0.335943 0.457917 0.414579
-0.336576 0.458088 0.413890
-0.336749 0.458121 0.413794
-0.337530 0.458323 0.413023
-0.337698 0.458355 0.412936
-0.338371 0.458524 0.412283
-0.338548 0.458558 0.412192
-0.339341 0.458768 0.411447
-0.339511 0.458801 0.411365
-0.340187 0.458972 0.410724
-0.340364 0.459006 0.410636
-0.341159 0.459217 0.409900
-0.341969 0.459423 0.409487
-0.342862 0.459664 0.409110
-0.343620 0.459855 0.408835
-0.344475 0.460072 0.408550
-0.344784 0.460124 0.408469
-0.345199 0.459892 0.408325
-0.345497 0.459887 0.408249
-0.345889 0.459610 0.408117
-0.346300 0.459603 0.408015
-0.346625 0.459322 0.407903
-0.346894 0.459300 0.407843
-0.347267 0.458980 0.407722
-0.347385 0.458971 0.407696
-0.347770 0.458620 0.407580
-0.347879 0.458615 0.407560
-0.348213 0.458271 0.407478
-0.348326 0.458259 0.407459
-0.348698 0.457097 0.407471
-0.349443 0.454411 0.407471
-0.349743 0.454043 0.407423
-0.349869 0.453684 0.407373
-0.350146 0.453600 0.407309
-0.350310 0.453274 0.407239
-0.350589 0.453239 0.407179
-0.350738 0.452962 0.407130
-0.351035 0.452894 0.407072
-0.351191 0.452607 0.407027
-0.351492 0.452535 0.406973
-0.351677 0.452204 0.406922
-0.351963 0.452159 0.406877
-0.352116 0.451873 0.406843
-0.352416 0.451797 0.406800
-0.352574 0.451502 0.406768
-0.352943 0.451420 0.406717
-0.353071 0.451130 0.406692
-0.353422 0.451045 0.406647
-0.353543 0.450752 0.406625
-0.353890 0.450663 0.406584
-0.354009 0.450369 0.406564
-0.354355 0.450279 0.406526
-0.354447 0.450052 0.406512
-0.354868 0.449903 0.406464
-0.354910 0.449783 0.406457
-0.355344 0.449535 0.406407
-0.355386 0.449410 0.406400
-0.355858 0.449149 0.406343
-0.355892 0.449026 0.406338
-0.356301 0.448770 0.406291
-0.356341 0.448643 0.406285
-0.356369 0.448500 0.405343
-0.356707 0.448259 0.403628
-0.356735 0.448129 0.403616
-0.356744 0.447984 0.402693
-0.356992 0.447748 0.401198
-0.357050 0.447408 0.401265
-0.357333 0.447272 0.401524
-0.357415 0.446946 0.401705
-0.357402 0.446867 0.400822
-0.357587 0.446752 0.399455
-0.357658 0.446506 0.399350
-0.357645 0.446409 0.398439
-0.357827 0.446285 0.397111
-0.357921 0.445928 0.397195
-0.358094 0.445876 0.397368
-0.358267 0.445516 0.397698
-0.358539 0.445457 0.397892
-0.358698 0.445111 0.398096
-0.358972 0.445054 0.398209
-0.359115 0.444756 0.398302
-0.359410 0.444671 0.398370
-0.359564 0.444369 0.398426
-0.359629 0.444336 0.399381
-0.359987 0.444274 0.400910
-0.360204 0.443904 0.401112
-0.360513 0.443839 0.401013
-0.360686 0.443541 0.400903
-0.361009 0.443462 0.400800
-0.361187 0.443167 0.400716
-0.361511 0.443094 0.400638
-0.361690 0.442804 0.400574
-0.362089 0.442732 0.400493
-0.362199 0.442514 0.400459
-0.362527 0.442394 0.400403
-0.362565 0.442379 0.399453
-0.362627 0.442104 0.397930
-0.362821 0.442060 0.397729
-0.362873 0.442061 0.396001
-0.362926 0.441829 0.395263
-0.363186 0.441801 0.395312
-0.363324 0.441539 0.395489
-0.363686 0.441488 0.395690
-0.363811 0.441214 0.395802
-0.364103 0.441146 0.395878
-0.364261 0.440857 0.395932
-0.364643 0.440784 0.395973
-0.364747 0.440564 0.395986
-0.365143 0.440436 0.395994
-0.365284 0.440144 0.395994
-0.365588 0.440068 0.395985
-0.365756 0.439775 0.395973
-0.366077 0.439702 0.395952
-0.366288 0.439372 0.395925
-0.366598 0.439331 0.395900
-0.366773 0.439048 0.395874
-0.367100 0.438979 0.395843
-0.367284 0.438691 0.395812
-0.367693 0.438620 0.395766
-0.367846 0.438339 0.395734
-0.368346 0.438276 0.395670
-0.368965 0.438349 0.395605
-0.369535 0.438423 0.395555
-0.370190 0.438518 0.395496
-0.370771 0.438596 0.395445
-0.371380 0.438679 0.395392
-0.372052 0.438778 0.395329
-0.372640 0.438855 0.395276
-0.373306 0.438950 0.395214
-0.373945 0.439038 0.395154
-0.374525 0.439111 0.395101
-0.375137 0.439189 0.395045
-0.375760 0.439270 0.394988
-0.376388 0.439351 0.394930
-0.377072 0.439445 0.394866
-0.377720 0.439529 0.394805
-0.378357 0.439610 0.394746
-0.378940 0.439677 0.394694
-0.379610 0.439762 0.394632
-0.380256 0.439841 0.394573
-0.380843 0.439906 0.394521
-0.381462 0.439977 0.394467
-0.382092 0.440049 0.394411
-0.382783 0.440134 0.394348
-0.383384 0.440199 0.394296
-0.384009 0.440267 0.394241
-0.384644 0.440337 0.394186
-0.385338 0.440418 0.394124
-0.385942 0.440480 0.394072
-0.386626 0.440557 0.394012
-0.387228 0.440616 0.393961
-0.387856 0.440678 0.393908
-0.388550 0.440754 0.393847
-0.389156 0.440811 0.393797
-0.389298 0.440818 0.393787
-0.389867 0.440865 0.393327
-0.390007 0.440869 0.393294
-0.390509 0.440894 0.392799
-0.390657 0.440897 0.392750
-0.391248 0.440929 0.392155
-0.391390 0.440931 0.392109
-0.391960 0.440959 0.391514
-0.392100 0.440960 0.391467
-0.392605 0.440980 0.390920
-0.393323 0.441030 0.390651
-0.393940 0.441078 0.390525
-0.394579 0.441133 0.390431
-0.395156 0.441178 0.390363
-0.395285 0.441180 0.391248
-0.396073 0.441122 0.392612
-0.396189 0.441112 0.393455
-0.396878 0.441024 0.394597
-0.396999 0.441012 0.395415
-0.397871 0.440937 0.396167
-0.398542 0.440984 0.395523
-0.399283 0.441091 0.395066
-0.399561 0.441112 0.394972
-0.399788 0.441222 0.392605
-0.400153 0.441286 0.392446
-0.400284 0.441418 0.390340
-0.400866 0.441561 0.390619
-0.401437 0.441613 0.390884
-0.402106 0.441658 0.391005
-0.402756 0.441692 0.391035
-0.403018 0.441689 0.391032
-0.403692 0.438426 0.391225
-0.404011 0.437942 0.391289
-0.404469 0.434959 0.391482
-0.404766 0.434143 0.391580
-0.405185 0.430667 0.391834
-0.405508 0.430057 0.391938
-0.405974 0.430075 0.391903
-0.406601 0.430131 0.391825
-0.407236 0.430184 0.391742
-0.407872 0.430233 0.391664
-0.408509 0.430280 0.391590
-0.409095 0.430314 0.391529
-0.409767 0.430361 0.391461
-0.410362 0.430395 0.391404
-0.411038 0.430439 0.391340
-0.411687 0.430479 0.391280
-0.412327 0.430516 0.391223
-0.412913 0.430543 0.391173
-0.413532 0.430573 0.391121
-0.414218 0.430613 0.391062
-0.414483 0.430611 0.391044
-0.414834 0.430290 0.390999
-0.415101 0.430244 0.390975
-0.415450 0.429896 0.390924
-0.416098 0.429850 0.390854
-0.416684 0.429865 0.390806
-0.417304 0.429887 0.390759
-0.417992 0.429919 0.390706
-0.418646 0.429947 0.390656
-0.419238 0.429965 0.390612
-0.419916 0.429993 0.390560
-0.420515 0.430011 0.390515
-0.421196 0.430038 0.390462
-0.421848 0.430061 0.390412
-0.422441 0.430075 0.390368
-0.423064 0.430092 0.390322
-0.423699 0.430109 0.390275
-0.424338 0.430127 0.390227
-0.425035 0.430151 0.390174
-0.425693 0.430170 0.390124
-0.426287 0.430179 0.390081
-0.426911 0.430191 0.390036
-0.427602 0.430210 0.389984
-0.428259 0.430225 0.389935
-0.428905 0.430237 0.389888
-0.429496 0.430242 0.389847
-0.430174 0.430255 0.389798
-0.430774 0.430259 0.389756
-0.431456 0.430271 0.389707
-0.432056 0.430274 0.389666
-0.432683 0.430278 0.389623
-0.433319 0.430282 0.389580
-0.434015 0.430292 0.389531
-0.434619 0.430292 0.389491
-0.435302 0.430298 0.389443
-0.435903 0.430296 0.389403
-0.436530 0.430295 0.389362
-0.437222 0.430300 0.389315
-0.437824 0.430295 0.389276
-0.438507 0.430297 0.389230
-0.439160 0.430295 0.389187
-0.439752 0.430287 0.389149
-0.440375 0.430280 0.389110
-0.441008 0.430273 0.389070
-0.441646 0.430266 0.389030
-0.442341 0.430264 0.388985
-0.442944 0.430253 0.388948
-0.443570 0.430242 0.388910
-0.444261 0.430236 0.388866
-0.444916 0.430227 0.388825
-0.445507 0.430211 0.388789
-0.446128 0.430196 0.388752
-0.446760 0.430182 0.388715
-0.447452 0.430171 0.388673
-0.448052 0.430153 0.388637
-0.448732 0.430140 0.388596
-0.449382 0.430124 0.388558
-0.449970 0.430103 0.388524
-0.450644 0.430086 0.388485
-0.451239 0.430063 0.388451
-0.451915 0.430045 0.388412
-0.452509 0.430021 0.388379
-0.453129 0.429996 0.388345
-0.453813 0.429977 0.388306
-0.454461 0.429954 0.388270
-0.455046 0.429927 0.388238
