-0.080734 0.886030 0.407060
-0.081371 0.886020 0.407026
-0.081904 0.886011 0.406994
-0.082158 0.885975 0.406984
-0.082674 0.885938 0.406956
-0.082885 0.885883 0.406951
-0.083412 0.885825 0.406927
-0.083647 0.885742 0.406924
-0.084151 0.885678 0.406900
-0.084354 0.885602 0.406897
-0.084957 0.885517 0.406869
-0.085108 0.885440 0.406868
-0.085615 0.885358 0.406843
-0.085818 0.885269 0.406841
-0.086338 0.885181 0.406816
-0.086545 0.885088 0.406812
-0.087149 0.884983 0.406782
-0.087302 0.884895 0.406779
-0.088215 0.884444 0.406774
-0.090201 0.883434 0.406846
-0.090455 0.883016 0.406945
-0.091352 0.882415 0.406992
-0.093249 0.880776 0.407272
-0.093120 0.880067 0.407487
-0.093258 0.879544 0.407622
-0.093148 0.879125 0.407733
-0.093378 0.878777 0.407796
-0.093346 0.878466 0.407860
-0.093693 0.878135 0.407899
-0.093600 0.877731 0.407968
-0.093345 0.877268 0.408048
-0.093120 0.876853 0.408119
-0.092882 0.876418 0.408195
-0.092853 0.876330 0.408209
-0.092626 0.875927 0.408149
-0.092603 0.875844 0.408156
-0.092445 0.875514 0.408079
-0.092424 0.875430 0.408083
-0.092239 0.875047 0.408001
-0.093091 0.874531 0.408001
-0.093887 0.874028 0.408021
-0.094483 0.872809 0.408135
-0.095267 0.872127 0.408184
-0.096279 0.870943 0.408341
-0.095668 0.869198 0.408672
-0.095450 0.868907 0.408742
-0.094387 0.867745 0.408916
-0.094043 0.867312 0.409005
-0.093423 0.866617 0.409051
-0.093180 0.866263 0.409107
-0.092625 0.865583 0.409122
-0.092544 0.865436 0.409142
-0.092077 0.864755 0.409135
-0.092023 0.864629 0.409151
-0.091740 0.864132 0.409112
-0.091699 0.864015 0.409123
-0.091419 0.863482 0.409076
-0.091389 0.863376 0.409086
-0.091205 0.862958 0.409026
-0.092054 0.862398 0.409025
-0.092845 0.861851 0.409045
-0.093426 0.860529 0.409152
-0.094898 0.859150 0.409255
-0.095218 0.858585 0.409338
-0.095086 0.857359 0.409505
-0.096373 0.855787 0.409656
-0.096608 0.855139 0.409759
-0.096249 0.853706 0.409971
-0.097418 0.852009 0.410153
-0.097600 0.851307 0.410266
-0.096498 0.848974 0.410653
-0.096207 0.848594 0.410728
-0.094639 0.846897 0.410960
-0.094442 0.846641 0.411004
-0.093426 0.845495 0.411097
-0.093305 0.845308 0.411124
-0.092643 0.844478 0.411144
-0.092567 0.844330 0.411163
-0.092182 0.843769 0.411133
-0.091801 0.843121 0.411219
-0.090905 0.841723 0.411443
-0.091222 0.841655 0.411438
-0.091513 0.841431 0.411456
-0.091690 0.841389 0.411454
-0.092164 0.841129 0.411469
-0.092352 0.841086 0.411466
-0.092881 0.840796 0.411482
-0.093066 0.840755 0.411478
-0.093580 0.840496 0.411486
-0.093966 0.840419 0.411478
-0.094283 0.840252 0.411482
-0.095224 0.839675 0.411490
-0.097227 0.838454 0.411572
-0.097477 0.837743 0.411688
-0.098326 0.837025 0.411733
-0.099779 0.835863 0.411840
-0.100091 0.834745 0.412025
-0.100891 0.833925 0.412095
-0.102220 0.832597 0.412245
-0.102020 0.830714 0.412588
-0.101997 0.830452 0.412633
-0.101347 0.829065 0.412875
-0.100645 0.828108 0.413028
-0.100198 0.827406 0.413131
-0.100088 0.827142 0.413164
-0.099838 0.826766 0.413110
-0.099750 0.826521 0.413124
-0.099536 0.826173 0.413056
-0.099463 0.825939 0.413067
-0.099227 0.825543 0.412994
-0.099201 0.825430 0.413000
-0.099009 0.825018 0.412925
-0.098985 0.824904 0.412930
-0.098800 0.824488 0.412856
-0.098777 0.824372 0.412862
-0.098555 0.823890 0.412790
-0.098535 0.823779 0.412797
-0.098368 0.823372 0.412725
-0.098348 0.823258 0.412730
-0.098178 0.822840 0.412656
-0.098157 0.822723 0.412662
-0.097948 0.822236 0.412591
-0.097929 0.822123 0.412599
-0.097805 0.821776 0.412528
-0.098672 0.821140 0.412541
-0.099901 0.820041 0.412614
-0.100092 0.819119 0.412647
-0.101623 0.817631 0.412740
-0.101972 0.817036 0.412803
-0.101757 0.815540 0.412912
-0.102477 0.814704 0.412968
-0.103128 0.813903 0.413037
-0.102750 0.811410 0.413254
-0.102545 0.811108 0.413290
-0.101545 0.810010 0.413310
-0.101237 0.809589 0.413346
-0.100659 0.808986 0.413302
-0.100441 0.808648 0.413319
-0.099913 0.808078 0.413253
-0.098466 0.806561 0.413385
-0.099092 0.806595 0.413386
-0.099875 0.806725 0.413382
-0.100803 0.806952 0.413368
-0.101756 0.807200 0.413349
-0.102731 0.807456 0.413325
-0.103650 0.807673 0.413301
-0.104612 0.807906 0.413272
-0.105677 0.808194 0.413233
-0.106719 0.808467 0.413190
-0.107680 0.808688 0.413149
-0.108675 0.808919 0.413102
-0.109687 0.809156 0.413050
-0.110496 0.809303 0.413010
-0.110818 0.809274 0.412996
-0.111420 0.809255 0.412977
-0.111739 0.809142 0.412972
-0.112429 0.809064 0.412954
-0.112672 0.808916 0.412954
-0.113212 0.808805 0.412942
-0.113529 0.808577 0.412945
-0.114049 0.808456 0.412934
-0.114316 0.808260 0.412935
-0.114959 0.808096 0.412920
-0.115131 0.807954 0.412919
-0.115870 0.807738 0.412899
-0.115953 0.807663 0.412898
-0.116720 0.807396 0.412875
-0.116802 0.807315 0.412875
-0.117565 0.807024 0.412850
-0.117647 0.806939 0.412849
-0.118411 0.806632 0.412822
-0.118556 0.806461 0.412820
-0.118955 0.806299 0.412806
-0.119210 0.806216 0.412718
-0.119447 0.805982 0.412666
-0.119647 0.805904 0.412651
-0.120002 0.805806 0.412550
-0.120988 0.805167 0.412545
-0.122669 0.803742 0.412629
-0.122942 0.803455 0.412658
-0.123140 0.803231 0.412642
-0.124109 0.802439 0.412664
-0.125581 0.800700 0.412825
-0.125770 0.800339 0.412875
-0.125860 0.799635 0.412900
-0.125735 0.799216 0.412946
-0.125801 0.799026 0.412964
-0.125848 0.798555 0.412914
-0.125831 0.798416 0.412921
-0.126083 0.798148 0.412927
-0.126220 0.797886 0.412834
-0.126239 0.797782 0.412832
-0.126406 0.797664 0.412826
-0.126793 0.797424 0.412703
-0.126847 0.797330 0.412696
-0.127043 0.797223 0.412685
-0.127520 0.797018 0.412544
-0.127593 0.796930 0.412533
-0.127806 0.796829 0.412519
-0.128342 0.796642 0.412365
-0.128427 0.796557 0.412351
-0.128861 0.796382 0.412317
-0.129226 0.796273 0.412183
-0.129396 0.796114 0.412146
-0.129608 0.796029 0.412127
-0.130098 0.795895 0.411979
-0.130373 0.795670 0.411923
-0.130583 0.795594 0.411903
-0.130959 0.795500 0.411789
-0.131370 0.795216 0.411693
-0.132279 0.794536 0.411717
-0.133258 0.793914 0.411740
-0.133901 0.793404 0.411774
-0.134541 0.792530 0.411780
-0.135409 0.791715 0.411836
-0.136319 0.790981 0.411892
-0.137153 0.789926 0.412021
-0.137181 0.789084 0.412086
-0.137936 0.788256 0.412161
-0.138624 0.787489 0.412243
-0.139107 0.786914 0.412316
-0.139281 0.785703 0.412465
-0.139191 0.785534 0.412500
-0.139246 0.785369 0.412525
-0.139196 0.785002 0.412495
-0.138867 0.784592 0.412581
-0.138620 0.784219 0.412655
-0.138396 0.783822 0.412722
-0.138190 0.783412 0.412784
-0.138001 0.782994 0.412841
-0.137827 0.782571 0.412895
-0.137631 0.782107 0.412952
-0.137492 0.781697 0.412997
-0.137618 0.781641 0.412996
-0.137998 0.781296 0.413003
-0.138166 0.781248 0.412997
-0.138681 0.780940 0.412983
-0.139053 0.780866 0.412963
-0.139471 0.780638 0.412940
-0.140015 0.780544 0.412903
-0.140330 0.780365 0.412880
-0.141243 0.779677 0.412927
-0.143219 0.778399 0.413042
-0.143560 0.777967 0.413102
-0.145244 0.776507 0.413266
-0.146317 0.775487 0.413439
-0.146398 0.775263 0.413485
-0.148003 0.773720 0.413690
-0.148942 0.772641 0.413906
-0.148981 0.772405 0.413961
-0.150513 0.770832 0.414196
-0.151361 0.769732 0.414438
-0.151229 0.769169 0.414599
-0.151271 0.768877 0.414695
-0.150839 0.768426 0.414849
-0.150470 0.768049 0.414946
-0.150153 0.767646 0.415025
-0.149829 0.767194 0.415102
-0.149606 0.766788 0.415159
-0.149364 0.766328 0.415216
-0.149191 0.765914 0.415261
-0.148991 0.765447 0.415310
-0.148845 0.765029 0.415349
-0.148698 0.764592 0.415388
-0.148521 0.764112 0.415430
-0.148390 0.763685 0.415466
-0.148256 0.763243 0.415502
-0.148118 0.762794 0.415538
-0.147979 0.762340 0.415574
-0.147841 0.761885 0.415610
-0.147833 0.761772 0.415618
-0.150167 0.759176 0.415990
-0.150151 0.758980 0.416020
-0.152247 0.756338 0.416443
-0.152224 0.756084 0.416489
-0.154080 0.753103 0.417019
-0.153305 0.752272 0.417199
-0.152644 0.751698 0.417301
-0.152153 0.751192 0.417376
-0.152223 0.751128 0.417385
-0.152378 0.750740 0.417431
-0.152625 0.750652 0.417443
-0.152854 0.750359 0.417470
-0.152998 0.750317 0.417473
-0.153445 0.749988 0.417494
-0.153602 0.749953 0.417496
-0.154095 0.749665 0.417507
-0.154270 0.749628 0.417508
-0.154817 0.749338 0.417513
-0.155000 0.749301 0.417512
-0.155581 0.749013 0.417511
-0.155954 0.748951 0.417507
-0.156477 0.748686 0.417495
-0.156640 0.748341 0.417493
-0.156692 0.748015 0.417501
-0.156972 0.747895 0.417501
-0.157278 0.747583 0.417505
-0.157739 0.747461 0.417498
-0.158004 0.747246 0.417495
-0.158610 0.747112 0.417479
-0.158856 0.746912 0.417471
-0.159466 0.746781 0.417450
-0.159719 0.746581 0.417440
-0.160231 0.746457 0.417422
-0.161193 0.745730 0.417517
-0.162635 0.744562 0.417679
-0.163688 0.743750 0.417802
-0.164601 0.742959 0.417921
-0.165446 0.742210 0.418035
-0.166838 0.740814 0.418286
-0.167691 0.740005 0.418419
-0.168484 0.739238 0.418546
-0.169672 0.737716 0.418861
-0.169655 0.737574 0.418885
-0.169910 0.737180 0.418958
-0.169767 0.736770 0.419018
-0.169611 0.736369 0.419062
-0.169447 0.735932 0.419102
-0.169249 0.735445 0.419144
-0.169105 0.735006 0.419178
-0.168927 0.734513 0.419214
-0.168765 0.734035 0.419247
-0.168701 0.733684 0.419269
-0.170709 0.731768 0.419592
-0.171103 0.730911 0.419739
-0.173066 0.728767 0.420131
-0.173282 0.727653 0.420347
-0.174734 0.726031 0.420652
-0.175113 0.724276 0.421017
-0.174517 0.723606 0.421141
-0.174054 0.723068 0.421219
-0.173707 0.722566 0.421276
-0.173385 0.722041 0.421327
-0.173136 0.721548 0.421367
-0.172960 0.721084 0.421398
-0.172944 0.720955 0.421405
-0.172706 0.720497 0.421289
-0.172689 0.720364 0.421291
-0.172492 0.719941 0.421170
-0.172472 0.719800 0.421170
-0.172222 0.719292 0.421040
-0.172204 0.719153 0.421042
-0.171964 0.718653 0.420915
-0.171947 0.718515 0.420916
-0.171796 0.718133 0.420801
-0.172603 0.717305 0.420930
-0.173371 0.716486 0.421059
-0.174084 0.714969 0.421162
-0.175604 0.713196 0.421461
-0.176004 0.712534 0.421566
-0.176090 0.711189 0.421635
-0.176825 0.710234 0.421793
-0.177512 0.709310 0.421947
-0.177918 0.707536 0.422096
-0.178650 0.706534 0.422266
-0.179326 0.705575 0.422428
-0.179412 0.703308 0.422630
-0.179289 0.703058 0.422650
-0.178480 0.702166 0.422578
-0.178388 0.701986 0.422586
-0.177804 0.701322 0.422479
-0.177744 0.701163 0.422483
-0.177306 0.700589 0.422363
-0.177264 0.700440 0.422366
-0.176907 0.699905 0.422239
-0.176875 0.699760 0.422241
-0.176613 0.699301 0.422114
-0.176583 0.699151 0.422113
-0.176327 0.698677 0.421982
-0.176298 0.698525 0.421981
-0.176045 0.698044 0.421849
-0.176017 0.697892 0.421848
-0.175718 0.697348 0.421710
-0.175693 0.697203 0.421711
-0.175461 0.696739 0.421581
-0.176260 0.695900 0.421729
-0.177022 0.695069 0.421874
-0.177729 0.693397 0.421986
-0.178517 0.692474 0.422150
-0.179253 0.691577 0.422307
-0.179722 0.689577 0.422452
-0.179651 0.689354 0.422464
-0.179073 0.688584 0.422356
-0.179009 0.688415 0.422359
-0.178616 0.687872 0.422236
-0.178511 0.687560 0.422236
-0.178224 0.687189 0.422114
-0.178133 0.686884 0.422107
-0.177869 0.686522 0.421980
-0.177787 0.686221 0.421972
-0.177537 0.685864 0.421843
-0.177460 0.685564 0.421834
-0.177219 0.685209 0.421705
-0.177146 0.684910 0.421696
-0.176910 0.684556 0.421567
-0.176788 0.684141 0.421556
-0.176607 0.683902 0.421444
-0.176484 0.683487 0.421422
-0.176303 0.683248 0.421306
-0.176127 0.682736 0.421281
-0.175948 0.682533 0.421167
-0.175836 0.682137 0.421144
-0.175612 0.681854 0.421012
-0.176408 0.681015 0.421160
-0.177166 0.680183 0.421305
-0.177903 0.678543 0.421403
-0.178696 0.677621 0.421569
-0.179436 0.676724 0.421728
-0.180090 0.675099 0.421840
-0.181580 0.673270 0.422174
-0.181980 0.672594 0.422282
-0.182040 0.671112 0.422319
-0.181464 0.670152 0.422341
-0.180962 0.669360 0.422358
-0.180474 0.668560 0.422372
-0.180132 0.667891 0.422383
-0.179814 0.667215 0.422393
-0.179511 0.666540 0.422403
-0.179167 0.665805 0.422412
-0.178901 0.665162 0.422421
-0.178969 0.665087 0.422430
-0.179153 0.664564 0.422462
-0.179261 0.664499 0.422472
-0.179591 0.663995 0.422511
-0.179714 0.663948 0.422521
-0.180030 0.663628 0.422551
-0.181712 0.662027 0.422889
-0.182724 0.661191 0.423075
-0.183274 0.660483 0.423180
-0.184153 0.659556 0.423367
-0.185657 0.658205 0.423665
-0.186496 0.656927 0.423861
-0.186621 0.656820 0.423879
-0.186951 0.656249 0.423930
-0.187077 0.656185 0.423941
-0.187502 0.655693 0.423983
-0.187638 0.655649 0.423992
-0.188095 0.655250 0.424027
-0.188394 0.655177 0.424045
-0.188767 0.654861 0.424069
-0.189082 0.654777 0.424086
-0.189473 0.654453 0.424108
-0.189795 0.654369 0.424123
-0.190250 0.654013 0.424144
-0.190408 0.653971 0.424150
-0.190954 0.653588 0.424174
-0.191119 0.653548 0.424181
-0.191689 0.653172 0.424201
-0.191857 0.653134 0.424207
-0.192499 0.652745 0.424223
-0.192664 0.652714 0.424227
-0.193303 0.652345 0.424239
-0.193468 0.652315 0.424243
-0.194052 0.651968 0.424252
-0.194224 0.651932 0.424255
-0.194826 0.651574 0.424262
-0.195001 0.651538 0.424264
-0.195612 0.651178 0.424266
-0.195788 0.651142 0.424267
-0.196528 0.650756 0.424258
-0.196696 0.650471 0.424257
-0.199030 0.647951 0.424730
-0.199363 0.647187 0.424821
-0.201324 0.644804 0.425273
-0.201771 0.643715 0.425427
-0.203670 0.641196 0.425910
-0.204029 0.639843 0.426104
-0.205813 0.637381 0.426587
-0.205949 0.635685 0.426830
-0.205525 0.634891 0.426889
-0.205179 0.634197 0.426929
-0.204927 0.633582 0.426958
-0.204633 0.632894 0.426987
-0.204401 0.632279 0.427011
-0.204161 0.631642 0.427033
-0.203914 0.630995 0.427055
-0.203663 0.630343 0.427076
-0.203408 0.629687 0.427097
-0.203151 0.629029 0.427117
-0.203878 0.628115 0.427298
-0.205361 0.625659 0.427722
-0.206826 0.623771 0.428105
-0.207621 0.621855 0.428412
-0.208350 0.620854 0.428613
-0.209765 0.618204 0.429081
-0.210506 0.617163 0.429292
-0.211928 0.614436 0.429780
-0.212662 0.613386 0.429995
-0.214076 0.610635 0.430490
-0.215470 0.608670 0.430903
-0.216206 0.606550 0.431250
-0.215897 0.605691 0.431308
-0.215667 0.605057 0.431335
-0.215423 0.604380 0.431357
-0.215240 0.603782 0.431375
-0.215198 0.603484 0.431384
-0.215399 0.603157 0.431400
-0.215455 0.602794 0.431409
-0.215762 0.602583 0.431417
-0.215884 0.602266 0.431421
-0.216191 0.602109 0.431426
-0.216377 0.601793 0.431428
-0.216726 0.601646 0.431430
-0.217532 0.600738 0.431623
-0.218788 0.599222 0.431913
-0.219826 0.598262 0.432073
-0.220647 0.597292 0.432277
-0.221417 0.596340 0.432462
-0.222869 0.594806 0.432728
-0.223707 0.593783 0.432941
-0.224486 0.592792 0.433131
-0.225952 0.591191 0.433399
-0.226785 0.590155 0.433612
-0.228056 0.588474 0.433921
-0.229233 0.587320 0.434081
-0.229611 0.586782 0.434063
-0.229820 0.586254 0.434028
-0.229939 0.585756 0.434005
-0.230002 0.585192 0.433985
-0.230026 0.584669 0.433975
-0.230006 0.584117 0.433970
-0.229937 0.583512 0.433967
-0.229865 0.582960 0.433970
-0.229861 0.582808 0.433973
-0.230171 0.582370 0.433965
-0.230202 0.582239 0.433964
-0.230615 0.581899 0.433946
-0.230709 0.581657 0.433941
-0.231162 0.581428 0.433910
-0.231225 0.581310 0.433906
-0.231505 0.581110 0.433894
-0.233493 0.578731 0.434341
-0.233817 0.578270 0.434402
-0.234365 0.577709 0.434455
-0.236800 0.574748 0.434988
-0.237035 0.574396 0.435023
-0.237293 0.574127 0.435040
-0.240045 0.570816 0.435590
-0.240228 0.570547 0.435604
-0.241028 0.570041 0.435551
-0.241132 0.569916 0.435535
-0.241851 0.569665 0.435426
-0.241958 0.569556 0.435406
-0.242799 0.569353 0.435258
-0.242903 0.569253 0.435237
-0.243734 0.569070 0.435083
-0.244179 0.568765 0.434957
-0.244441 0.568362 0.434860
-0.244609 0.567887 0.434776
-0.244690 0.567422 0.434725
-0.244710 0.566917 0.434691
-0.244680 0.566387 0.434670
-0.244680 0.566239 0.434669
-0.245020 0.565835 0.434621
-0.245054 0.565708 0.434616
-0.245530 0.565384 0.434546
-0.246205 0.564418 0.434717
-0.246859 0.563445 0.434865
-0.248157 0.561908 0.435015
-0.248909 0.560837 0.435194
-0.250077 0.559098 0.435426
-0.251253 0.558002 0.435439
-0.251366 0.557857 0.435419
-0.252079 0.557603 0.435262
-0.252181 0.557498 0.435233
-0.252898 0.557318 0.435055
-0.253004 0.557218 0.435025
-0.253831 0.557065 0.434806
-0.253931 0.556971 0.434776
-0.254642 0.556803 0.434592
-0.254746 0.556702 0.434562
-0.255464 0.556522 0.434375
-0.255568 0.556420 0.434344
-0.256284 0.556235 0.434155
-0.256477 0.556043 0.434094
-0.257044 0.555926 0.433944
-0.257249 0.555731 0.433882
-0.257825 0.555613 0.433731
-0.258109 0.555361 0.433639
-0.258655 0.555296 0.433491
-0.258932 0.555053 0.433403
-0.259362 0.554980 0.433292
-0.259664 0.554720 0.433201
-0.260217 0.554653 0.433052
-0.260418 0.554462 0.432992
-0.260985 0.554342 0.432842
-0.261186 0.554141 0.432780
-0.261750 0.554010 0.432628
-0.261950 0.553806 0.432566
-0.262609 0.553678 0.432378
-0.262706 0.553574 0.432348
-0.263385 0.553359 0.432158
-0.263564 0.553153 0.432098
-0.264101 0.553005 0.431946
-0.264548 0.552638 0.431758
-0.264595 0.552515 0.431739
-0.266657 0.549025 0.432085
-0.266740 0.548809 0.432075
-0.268710 0.545341 0.432410
-0.269078 0.544578 0.432249
-0.269233 0.544220 0.432072
-0.269303 0.543936 0.432010
-0.269670 0.543839 0.431879
-0.269858 0.543578 0.431800
-0.270222 0.543498 0.431687
-0.270476 0.543230 0.431594
-0.270880 0.543152 0.431471
-0.271160 0.542885 0.431370
-0.271581 0.542807 0.431241
-0.271873 0.542539 0.431135
-0.272412 0.542464 0.430962
-0.272607 0.542265 0.430892
-0.273258 0.542141 0.430675
-0.273352 0.542035 0.430641
-0.274023 0.541813 0.430420
-0.274116 0.541700 0.430385
-0.274866 0.541465 0.430125
-0.274950 0.541354 0.430092
-0.275590 0.541113 0.429876
-0.275679 0.540996 0.429841
-0.276413 0.540745 0.429584
-0.276495 0.540632 0.429550
-0.277207 0.540382 0.429298
-0.277287 0.540269 0.429266
-0.277913 0.540014 0.429052
-0.278000 0.539895 0.429018
-0.278645 0.539631 0.428797
-0.278735 0.539511 0.428762
-0.279471 0.539245 0.428497
-0.279554 0.539130 0.428463
-0.280191 0.538869 0.428240
-0.280280 0.538749 0.428204
-0.281017 0.538478 0.427936
-0.281100 0.538362 0.427901
-0.281739 0.538097 0.427674
-0.281829 0.537976 0.427637
-0.282487 0.537703 0.427402
-0.282580 0.537582 0.427364
-0.283333 0.537306 0.427082
-0.283418 0.537189 0.427045
-0.284069 0.536920 0.426806
-0.284161 0.536799 0.426768
-0.284831 0.536522 0.426521
-0.285008 0.536292 0.426444
-0.285642 0.536106 0.426201
-0.285736 0.535988 0.426162
-0.286415 0.535720 0.425909
-0.286511 0.535599 0.425868
-0.287199 0.535321 0.425608
-0.287384 0.535091 0.425525
-0.288031 0.534903 0.425270
-0.288128 0.534785 0.425228
-0.288820 0.534514 0.424963
-0.289389 0.533489 0.425058
-0.289949 0.532459 0.425122
-0.291195 0.530909 0.425011
-0.291810 0.529797 0.425096
-0.292398 0.528719 0.425146
-0.294015 0.527074 0.424798
-0.294143 0.526962 0.424711
-0.295125 0.526885 0.424010
-0.295257 0.526806 0.423890
-0.296188 0.526720 0.423181
-0.296492 0.526559 0.422899
-0.297481 0.526539 0.422097
-0.297652 0.526453 0.421939
-0.298914 0.526369 0.420878
-0.299089 0.526282 0.420705
-0.300207 0.526162 0.419745
-0.300575 0.525991 0.419369
-0.301508 0.525928 0.418546
-0.301906 0.525756 0.418144
-0.303081 0.525721 0.417054
-0.303283 0.525634 0.416841
-0.304507 0.525513 0.415690
-0.304713 0.525421 0.415466
-0.306149 0.525316 0.414028
-0.306348 0.525228 0.413796
-0.307760 0.525126 0.412311
-0.307957 0.525038 0.412072
-0.309355 0.524930 0.410547
-0.309550 0.524841 0.410303
-0.310742 0.524700 0.408999
-0.310943 0.524604 0.408748
-0.312335 0.524468 0.407161
-0.312526 0.524376 0.406909
-0.313692 0.524214 0.405572
-0.314236 0.523221 0.405426
-0.314780 0.522221 0.405246
-0.316182 0.520825 0.404219
-0.317266 0.518868 0.403843
-0.317656 0.518216 0.403601
-0.319019 0.517486 0.402055
-0.320127 0.517657 0.399821
-0.320931 0.517685 0.397981
-0.321645 0.517574 0.396251
-0.322275 0.517364 0.394649
-0.322827 0.517079 0.393183
-0.323094 0.516801 0.392497
-0.323480 0.516725 0.391323
-0.323770 0.516439 0.390573
-0.324080 0.516354 0.389625
-0.324470 0.515997 0.388565
-0.324778 0.515937 0.387590
-0.325085 0.515632 0.386753
-0.325406 0.515531 0.385733
-0.325804 0.515158 0.384591
-0.326015 0.515100 0.383882
-0.326502 0.514681 0.382392
-0.326604 0.514657 0.382029
-0.327064 0.514227 0.380452
-0.327137 0.514205 0.380092
-0.327439 0.513752 0.378344
-0.327485 0.513735 0.378008
-0.327716 0.513265 0.376150
-0.327702 0.513122 0.375081
-0.327533 0.512329 0.372503
-0.327471 0.512157 0.371539
-0.327188 0.511307 0.369733
-0.326996 0.510925 0.368142
-0.326675 0.510086 0.367627
-0.326573 0.509866 0.366869
-0.325904 0.508655 0.366443
-0.325428 0.507822 0.367837
-0.325010 0.506961 0.369155
-0.324552 0.506010 0.370536
-0.324191 0.505175 0.371599
-0.323844 0.504333 0.372574
-0.323507 0.503499 0.373472
-0.323182 0.502676 0.374306
-0.322809 0.501793 0.375211
-0.322457 0.500954 0.376047
-0.320280 0.498985 0.381319
-0.320187 0.498485 0.381550
-0.320034 0.497842 0.381815
-0.319894 0.497222 0.382041
-0.319712 0.496517 0.382310
-0.319647 0.496086 0.382423
-0.319707 0.496248 0.384653
-0.319855 0.495853 0.385192
-0.320063 0.496083 0.387225
-0.320416 0.495733 0.387393
-0.320629 0.495929 0.388819
-0.321158 0.495658 0.389072
-0.321619 0.495926 0.390566
-0.322647 0.495568 0.389350
-0.323512 0.495083 0.387376
-0.324339 0.494573 0.385215
-0.325034 0.494081 0.383265
-0.325624 0.493580 0.381519
-0.326062 0.493083 0.380171
-0.326395 0.492529 0.378824
-0.326512 0.492000 0.377908
-0.326558 0.491600 0.377511
-0.326437 0.491096 0.375157
-0.326328 0.490580 0.374494
-0.326075 0.490026 0.372363
-0.325653 0.489180 0.372341
-0.325360 0.488506 0.373047
-0.325090 0.487791 0.373724
-0.325015 0.487441 0.373933
-0.324548 0.486682 0.372118
-0.324326 0.486281 0.372215
-0.323413 0.485381 0.370767
-0.323251 0.485179 0.370954
-0.322116 0.484145 0.369954
-0.321915 0.483930 0.370226
-0.320586 0.482836 0.369585
-0.319069 0.481830 0.372406
-0.317960 0.480973 0.374790
-0.316773 0.480028 0.377253
-0.315672 0.479127 0.379421
-0.309778 0.476961 0.389831
-0.309718 0.476905 0.390438
-0.309766 0.476900 0.390515
-0.309854 0.476469 0.390952
-0.309914 0.476446 0.391005
-0.310074 0.475997 0.391253
-0.310151 0.475964 0.391284
-0.310386 0.475492 0.391429
-0.310569 0.475429 0.391450
-0.310787 0.475020 0.391493
-0.310993 0.474940 0.391478
-0.311255 0.474519 0.391452
-0.311579 0.474413 0.391381
-0.311840 0.474008 0.391298
-0.312075 0.473927 0.391222
-0.312401 0.473505 0.391079
-0.312663 0.473424 0.390974
-0.313096 0.472959 0.390730
-0.313230 0.472924 0.390667
-0.313750 0.472450 0.390357
-0.314046 0.472390 0.390204
-0.314484 0.471989 0.389910
-0.314798 0.471913 0.389734
-0.315352 0.471458 0.389319
-0.315508 0.471425 0.389223
-0.316135 0.470957 0.388755
-0.316302 0.470924 0.388649
-0.317067 0.470426 0.388039
-0.317234 0.470401 0.387926
-0.317913 0.469948 0.387379
-0.318267 0.469892 0.387136
-0.318814 0.469494 0.386671
-0.319341 0.469399 0.386286
-0.319749 0.469061 0.385921
-0.320287 0.468928 0.385517
-0.320812 0.468513 0.385013
-0.321171 0.468430 0.384737
-0.321840 0.467958 0.384087
-0.322019 0.467922 0.383948
-0.322752 0.467437 0.383271
-0.323124 0.467371 0.382981
-0.323821 0.466911 0.382300
-0.324003 0.466876 0.382156
-0.324751 0.466389 0.381454
-0.324940 0.466353 0.381306
-0.325709 0.465862 0.380589
-0.325901 0.465825 0.380438
-0.326681 0.465331 0.379709
-0.326874 0.465293 0.379556
-0.327773 0.464757 0.378683
-0.327957 0.464726 0.378533
-0.328715 0.464239 0.377807
-0.329092 0.464169 0.377503
-0.329683 0.463740 0.376925
-0.330232 0.463622 0.376470
-0.330771 0.463194 0.375906
-0.331134 0.463101 0.375607
-0.331699 0.462648 0.375040
-0.332068 0.462551 0.374740
-0.332750 0.462040 0.374041
-0.332928 0.461997 0.373895
-0.333653 0.461470 0.373194
-0.333829 0.461427 0.373050
-0.334467 0.460884 0.372327
-0.334597 0.460851 0.372213
-0.335040 0.460357 0.371708
-0.335164 0.460317 0.371607
-0.335581 0.459807 0.371162
-0.335701 0.459766 0.371071
-0.336105 0.459253 0.370671
-0.336223 0.459212 0.370588
-0.336618 0.458698 0.370224
-0.336734 0.458657 0.370148
-0.337124 0.458142 0.369812
-0.337240 0.458100 0.369741
-0.337662 0.457545 0.369379
-0.337771 0.457511 0.369316
-0.338171 0.456974 0.368990
-0.338277 0.456942 0.368932
-0.338670 0.456409 0.368631
-0.338776 0.456377 0.368576
-0.339166 0.455847 0.368293
-0.339271 0.455816 0.368241
-0.339627 0.455323 0.368006
-0.339846 0.455252 0.367900
-0.340152 0.454770 0.367682
-0.340258 0.454731 0.367632
-0.340520 0.454339 0.367484
-0.341019 0.452276 0.367651
-0.341245 0.451688 0.367687
-0.341750 0.450540 0.367649
-0.341851 0.450536 0.367614
-0.342231 0.450207 0.367397
-0.342337 0.450205 0.367350
-0.342735 0.449806 0.367099
-0.342843 0.449792 0.367051
-0.343243 0.449335 0.366795
-0.343350 0.449314 0.366747
-0.343713 0.448857 0.366529
-0.343826 0.448824 0.366479
-0.344240 0.448304 0.366222
-0.344348 0.448276 0.366174
-0.344746 0.447759 0.365929
-0.344852 0.447730 0.365884
-0.345213 0.447246 0.365677
-0.345325 0.447209 0.365629
-0.345738 0.446672 0.365386
-0.346260 0.446569 0.365128
-0.346816 0.446571 0.364888
-0.347341 0.446605 0.364682
-0.347902 0.446661 0.364471
-0.348478 0.446728 0.364259
-0.349113 0.446816 0.364020
-0.349667 0.446886 0.363817
-0.350295 0.446975 0.363584
-0.350849 0.447046 0.363384
-0.351428 0.447120 0.363179
-0.352016 0.447197 0.362973
-0.352148 0.447208 0.362933
-0.353170 0.444233 0.363268
-0.353294 0.444214 0.363261
-0.354185 0.441409 0.363652
-0.354750 0.441635 0.363586
-0.355348 0.442018 0.363375
-0.356026 0.442318 0.363095
-0.356611 0.442487 0.362854
-0.357212 0.442615 0.362616
-0.357869 0.442739 0.362359
-0.358117 0.442762 0.362278
-0.358922 0.439831 0.362587
-0.359047 0.439757 0.362585
-0.359902 0.436803 0.362963
-0.360413 0.437122 0.362821
-0.361005 0.437479 0.362569
-0.361681 0.437757 0.362263
-0.362266 0.437915 0.362011
-0.362529 0.437953 0.361920
-0.363289 0.435020 0.362177
-0.363413 0.434946 0.362165
-0.364195 0.431970 0.362456
-0.364306 0.431979 0.362431
-0.365010 0.429223 0.362649
-0.365593 0.429593 0.362330
-0.366226 0.430041 0.361910
-0.366811 0.430289 0.361568
-0.367417 0.430466 0.361258
-0.368078 0.430622 0.360951
-0.368697 0.430740 0.360694
-0.369253 0.430822 0.360497
-0.369834 0.430899 0.360314
-0.370424 0.430973 0.360143
-0.371017 0.431044 0.359982
-0.371611 0.431113 0.359829
-0.372258 0.431193 0.359665
-0.372820 0.431253 0.359529
-0.373456 0.431326 0.359378
-0.374016 0.431383 0.359249
-0.374601 0.431442 0.359119
-0.375248 0.431513 0.358974
-0.375813 0.431568 0.358851
-0.376402 0.431625 0.358725
-0.377052 0.431694 0.358585
-0.377620 0.431747 0.358465
-0.378212 0.431802 0.358343
-0.378866 0.431870 0.358206
-0.379437 0.431921 0.358089
-0.380031 0.431974 0.357969
-0.380689 0.432039 0.357835
-0.381262 0.432089 0.357720
-0.381913 0.432151 0.357590
-0.382536 0.432210 0.357465
-0.383153 0.432266 0.357343
-0.383718 0.432309 0.357235
-0.384368 0.432367 0.357111
-0.384943 0.432411 0.357003
-0.385599 0.432468 0.356879
-0.386177 0.432512 0.356773
-0.386781 0.432557 0.356663
-0.387395 0.432603 0.356552
-0.388013 0.432651 0.356442
-0.388688 0.432709 0.356318
-0.389275 0.432751 0.356213
-0.389885 0.432794 0.356106
-0.390559 0.432850 0.355986
-0.391147 0.432890 0.355884
-0.391814 0.432942 0.355767
-0.392453 0.432990 0.355655
-0.393085 0.433035 0.355546
-0.393663 0.433069 0.355450
-0.394329 0.433116 0.355338
-0.394970 0.433161 0.355231
-0.395491 0.433183 0.355149
-0.395617 0.432126 0.355282
-0.396245 0.430050 0.355541
-0.396330 0.428989 0.355682
-0.396854 0.427097 0.355878
-0.397351 0.427412 0.355665
-0.397970 0.427660 0.355416
-0.398619 0.427824 0.355187
-0.399269 0.427938 0.354990
-0.399972 0.428037 0.354801
-0.400629 0.428108 0.354648
-0.401271 0.428163 0.354518
-0.401907 0.428209 0.354404
-0.402489 0.428239 0.354312
-0.403102 0.428269 0.354221
-0.403727 0.428299 0.354132
-0.404412 0.428339 0.354035
-0.405007 0.428365 0.353953
-0.405682 0.428401 0.353861
-0.406328 0.428433 0.353772
-0.407261 0.428573 0.353559
-0.407666 0.428549 0.353526
-0.408264 0.428549 0.353470
-0.408835 0.428554 0.353414
-0.409446 0.428566 0.353349
-0.410072 0.428582 0.353281
-0.410761 0.428610 0.353200
-0.411360 0.428626 0.353130
-0.412040 0.428652 0.353048
-0.412638 0.428668 0.352977
-0.413263 0.428684 0.352905
-0.413897 0.428702 0.352832
-0.414591 0.428728 0.352748
-0.415249 0.428751 0.352669
-0.415896 0.428771 0.352591
-0.416540 0.428790 0.352516
-0.417183 0.428807 0.352441
-0.417773 0.428815 0.352377
-0.418453 0.428832 0.352301
-0.419054 0.428841 0.352236
-0.419739 0.428858 0.352160
-0.420341 0.428866 0.352096
-0.421027 0.428882 0.352021
-0.421685 0.428896 0.351948
-0.422282 0.428901 0.351886
-0.422966 0.428914 0.351814
-0.423570 0.428918 0.351752
-0.424201 0.428922 0.351689
-0.424899 0.428935 0.351617
-0.425508 0.428938 0.351556
-0.426198 0.428949 0.351485
-0.426805 0.428950 0.351425
-0.427438 0.428951 0.351364
-0.428139 0.428961 0.351294
-0.428749 0.428961 0.351236
-0.429441 0.428968 0.351168
-0.430049 0.428966 0.351111
-0.430683 0.428963 0.351053
-0.431385 0.428969 0.350986
