-0.080727 0.886065 0.407064
-0.080744 0.885952 0.407083
-0.080745 0.885827 0.407105
-0.081079 0.885754 0.407098
-0.081344 0.885615 0.407110
-0.081832 0.885528 0.407096
-0.082036 0.885415 0.407103
-0.082408 0.885351 0.407089
-0.082714 0.885227 0.407090
-0.083100 0.885164 0.407074
-0.083440 0.885022 0.407073
-0.083631 0.884989 0.407064
-0.084150 0.884809 0.407055
-0.084341 0.884778 0.407044
-0.084848 0.884618 0.407031
-0.085047 0.884584 0.407020
-0.086137 0.884128 0.407004
-0.088058 0.882894 0.407141
-0.088490 0.882400 0.407253
-0.088446 0.881933 0.407380
-0.088772 0.881667 0.407422
-0.088843 0.881435 0.407466
-0.089262 0.881241 0.407475
-0.089398 0.881063 0.407497
-0.089864 0.880907 0.407490
-0.090048 0.880721 0.407504
-0.090408 0.880627 0.407490
-0.090708 0.880448 0.407491
-0.091210 0.880332 0.407467
-0.091437 0.880181 0.407465
-0.091813 0.880098 0.407444
-0.092160 0.879910 0.407436
-0.092351 0.879868 0.407424
-0.092865 0.879658 0.407405
-0.093063 0.879615 0.407392
-0.093596 0.879407 0.407370
-0.093796 0.879364 0.407356
-0.094360 0.879132 0.407328
-0.094554 0.879091 0.407314
-0.095087 0.878885 0.407285
-0.095483 0.878806 0.407256
-0.095841 0.878647 0.407236
-0.096751 0.878166 0.407227
-0.097758 0.877708 0.407223
-0.098944 0.876287 0.407492
-0.099042 0.876132 0.407521
-0.099019 0.875380 0.407688
-0.099127 0.875270 0.407699
-0.099288 0.874702 0.407780
-0.099427 0.874616 0.407779
-0.099728 0.874107 0.407818
-0.099601 0.873698 0.407869
-0.099587 0.873611 0.407879
-0.100064 0.873178 0.407885
-0.100082 0.873100 0.407890
-0.100673 0.872723 0.407871
-0.100704 0.872654 0.407873
-0.100900 0.872568 0.407862
-0.101406 0.872334 0.407701
-0.101452 0.872274 0.407692
-0.101661 0.872196 0.407671
-0.102181 0.872023 0.407500
-0.102249 0.871967 0.407483
-0.102476 0.871893 0.407456
-0.103100 0.871716 0.407244
-0.103164 0.871666 0.407228
-0.104080 0.871139 0.407206
-0.105082 0.870638 0.407192
-0.106241 0.869730 0.407192
-0.106256 0.869124 0.407305
-0.106350 0.868943 0.407330
-0.106478 0.868529 0.407296
-0.106438 0.868259 0.407316
-0.106565 0.868119 0.407317
-0.106812 0.867807 0.407225
-0.106838 0.867498 0.407217
-0.106989 0.867390 0.407207
-0.107325 0.867155 0.407081
-0.107422 0.866982 0.407052
-0.107613 0.866885 0.407030
-0.108036 0.866685 0.406877
-0.108175 0.866533 0.406835
-0.108584 0.866369 0.406780
-0.108844 0.866267 0.406662
-0.109062 0.866070 0.406576
-0.109267 0.865993 0.406543
-0.109754 0.865843 0.406361
-0.109993 0.865662 0.406273
-0.110208 0.865589 0.406234
-0.110438 0.865527 0.406149
-0.111458 0.864984 0.406069
-0.113174 0.863745 0.406066
-0.113453 0.863463 0.406093
-0.113779 0.862869 0.406080
-0.113701 0.862371 0.406133
-0.113809 0.862209 0.406135
-0.114033 0.861833 0.406027
-0.114064 0.861460 0.405991
-0.114217 0.861329 0.405966
-0.114583 0.861032 0.405783
-0.114742 0.860714 0.405682
-0.114934 0.860599 0.405636
-0.115408 0.860338 0.405394
-0.115661 0.860044 0.405239
-0.115881 0.859935 0.405174
-0.116300 0.859754 0.404965
-0.116680 0.859451 0.404743
-0.117170 0.859238 0.404577
-0.117373 0.859153 0.404455
-0.117826 0.858838 0.404160
-0.118353 0.858616 0.403956
-0.118574 0.858526 0.403816
-0.119077 0.858192 0.403472
-0.119631 0.857954 0.403234
-0.119867 0.857856 0.403077
-0.120411 0.857494 0.402685
-0.120988 0.857235 0.402414
-0.121235 0.857126 0.402240
-0.121943 0.856609 0.401673
-0.122228 0.856466 0.401525
-0.122537 0.856329 0.401327
-0.123491 0.855609 0.400552
-0.123775 0.855451 0.400390
-0.124087 0.855300 0.400177
-0.125058 0.854502 0.399330
-0.125342 0.854329 0.399154
-0.125652 0.854119 0.398978
-0.126688 0.853419 0.398807
-0.128503 0.851873 0.398436
-0.129072 0.851170 0.398297
-0.129324 0.850545 0.398202
-0.129437 0.849791 0.397945
-0.129597 0.849541 0.397841
-0.129994 0.848769 0.397560
-0.130143 0.848338 0.397298
-0.130978 0.847168 0.396526
-0.131908 0.846162 0.395746
-0.132978 0.845144 0.394833
-0.134028 0.844245 0.393949
-0.134982 0.843548 0.393211
-0.136024 0.842851 0.392406
-0.137070 0.842185 0.391590
-0.137360 0.841488 0.391153
-0.137458 0.840771 0.390890
-0.137501 0.840474 0.390815
-0.139370 0.838226 0.391202
-0.138764 0.836993 0.391919
-0.138059 0.835907 0.392401
-0.137674 0.835046 0.392621
-0.137403 0.834192 0.392740
-0.137151 0.833212 0.392801
-0.137100 0.832744 0.392803
-0.137487 0.832168 0.392650
-0.137606 0.831718 0.392576
-0.138109 0.831175 0.392351
-0.138282 0.830744 0.392236
-0.138833 0.830220 0.391970
-0.139032 0.829798 0.391833
-0.139606 0.829283 0.391544
-0.139772 0.828994 0.391438
-0.140466 0.828358 0.391070
-0.140547 0.828212 0.391015
-0.140768 0.828042 0.390921
-0.143210 0.825823 0.391184
-0.143239 0.825576 0.391303
-0.143450 0.824706 0.391635
-0.143433 0.824546 0.391691
-0.143762 0.823789 0.391754
-0.143778 0.823655 0.391765
-0.144288 0.823057 0.391639
-0.144378 0.822797 0.391612
-0.144952 0.822240 0.391397
-0.145019 0.822110 0.391368
-0.145701 0.821519 0.391087
-0.145903 0.820846 0.390912
-0.145913 0.820001 0.390785
-0.145846 0.819105 0.390694
-0.145746 0.818173 0.390621
-0.145658 0.817330 0.390565
-0.145523 0.816325 0.390508
-0.145415 0.815436 0.390459
-0.146096 0.814798 0.390525
-0.146861 0.812502 0.391556
-0.146081 0.811471 0.392249
-0.145662 0.810678 0.392561
-0.145748 0.810547 0.392555
-0.146024 0.809853 0.392536
-0.146314 0.809609 0.392452
-0.146629 0.809087 0.392350
-0.147085 0.808747 0.392182
-0.147377 0.808257 0.392045
-0.147722 0.808016 0.391909
-0.148118 0.807491 0.391724
-0.148613 0.807144 0.391511
-0.148900 0.806747 0.391364
-0.149512 0.806294 0.391081
-0.149752 0.805906 0.390942
-0.150341 0.805450 0.390662
-0.150574 0.805058 0.390524
-0.151064 0.804687 0.390300
-0.151347 0.804270 0.390147
-0.151950 0.803794 0.389858
-0.152186 0.803391 0.389716
-0.152766 0.802920 0.389434
-0.152945 0.802638 0.389335
-0.153564 0.802135 0.389044
-0.153749 0.801845 0.388943
-0.154453 0.801311 0.388592
-0.154545 0.801190 0.388542
-0.154768 0.801048 0.388451
-0.157089 0.799303 0.388763
-0.157218 0.799095 0.388896
-0.157652 0.798597 0.389273
-0.157667 0.798510 0.389332
-0.158148 0.798188 0.389403
-0.158234 0.797891 0.389471
-0.158263 0.797522 0.389510
-0.158267 0.797068 0.389531
-0.158286 0.796645 0.389530
-0.158304 0.796195 0.389521
-0.158326 0.796086 0.389516
-0.158509 0.795680 0.389209
-0.158549 0.795576 0.389180
-0.158791 0.795223 0.388814
-0.158843 0.795114 0.388768
-0.159148 0.794700 0.388291
-0.159201 0.794593 0.388241
-0.159369 0.794406 0.388016
-0.161121 0.792959 0.388213
-0.161399 0.792482 0.388472
-0.161295 0.792107 0.388758
-0.161268 0.792019 0.388807
-0.161231 0.791767 0.388741
-0.161242 0.791677 0.388740
-0.161372 0.791391 0.388485
-0.161408 0.791293 0.388456
-0.161635 0.790970 0.388093
-0.161729 0.790770 0.388006
-0.161942 0.790512 0.387651
-0.162057 0.790302 0.387534
-0.162333 0.789985 0.387070
-0.162395 0.789877 0.387007
-0.162727 0.789509 0.386505
-0.162794 0.789396 0.386437
-0.163137 0.789010 0.385914
-0.163204 0.788894 0.385842
-0.163588 0.788449 0.385232
-0.163653 0.788337 0.385165
-0.163997 0.787951 0.384632
-0.164065 0.787835 0.384558
-0.164454 0.787389 0.383933
-0.164519 0.787276 0.383863
-0.164868 0.786889 0.383317
-0.164937 0.786772 0.383241
-0.165331 0.786324 0.382600
-0.165397 0.786211 0.382529
-0.165750 0.785822 0.381969
-0.165819 0.785705 0.381892
-0.166184 0.785304 0.381311
-0.166255 0.785185 0.381230
-0.166624 0.784777 0.380635
-0.166696 0.784657 0.380552
-0.167026 0.784302 0.380034
-0.167760 0.783710 0.380086
-0.168818 0.782750 0.380267
-0.169158 0.782087 0.380587
-0.169144 0.781985 0.380645
-0.169105 0.781685 0.380569
-0.169096 0.781355 0.380560
-0.169631 0.781100 0.380313
-0.170373 0.780976 0.379958
-0.171200 0.780906 0.379557
-0.172000 0.780850 0.379176
-0.172200 0.780822 0.379092
-0.173055 0.780507 0.378676
-0.173323 0.780166 0.378495
-0.173442 0.779899 0.378424
-0.175074 0.778451 0.378879
-0.175004 0.777665 0.379946
-0.174642 0.777346 0.380429
-0.174407 0.776939 0.380736
-0.174302 0.776495 0.380897
-0.174277 0.776061 0.380968
-0.174259 0.775550 0.381012
-0.174272 0.775085 0.381022
-0.174291 0.774596 0.381020
-0.174300 0.774049 0.381008
-0.174327 0.773566 0.380988
-0.174254 0.772641 0.380894
-0.174336 0.772313 0.380880
-0.174393 0.771916 0.380866
-0.174433 0.771458 0.380849
-0.174464 0.770969 0.380829
-0.174480 0.770419 0.380805
-0.174510 0.769929 0.380778
-0.174535 0.769809 0.380771
-0.176294 0.767746 0.381813
-0.175834 0.767333 0.382579
-0.175415 0.766942 0.383072
-0.175235 0.766540 0.383313
-0.175111 0.766046 0.383481
-0.175069 0.765583 0.383563
-0.175050 0.765089 0.383611
-0.175059 0.764633 0.383630
-0.175180 0.764544 0.383592
-0.175654 0.764032 0.383424
-0.175986 0.763875 0.383295
-0.176486 0.763440 0.383069
-0.176662 0.763362 0.382997
-0.177324 0.762887 0.382693
-0.178064 0.762268 0.382803
-0.178845 0.761708 0.382884
-0.179930 0.760696 0.383349
-0.180626 0.760047 0.383612
-0.181765 0.759126 0.384064
-0.182096 0.758576 0.384737
-0.182722 0.757932 0.385082
-0.183733 0.757030 0.385679
-0.183644 0.756483 0.387015
-0.183628 0.756462 0.387189
-0.183372 0.756304 0.387984
-0.183428 0.756284 0.388051
-0.183595 0.756035 0.388376
-0.183707 0.755998 0.388386
-0.184121 0.755678 0.388425
-0.184274 0.755623 0.388400
-0.184869 0.755214 0.388288
-0.185034 0.755156 0.388240
-0.185659 0.754751 0.388040
-0.186032 0.754624 0.387908
-0.186605 0.754236 0.387667
-0.186792 0.754165 0.387594
-0.187502 0.753711 0.387283
-0.187701 0.753635 0.387200
-0.188453 0.753167 0.386850
-0.188861 0.753022 0.386669
-0.189508 0.752598 0.386328
-0.189706 0.752521 0.386238
-0.190465 0.752042 0.385857
-0.190671 0.751962 0.385763
-0.191455 0.751475 0.385364
-0.191872 0.751325 0.385168
-0.192459 0.750940 0.384856
-0.192883 0.750777 0.384657
-0.193085 0.750643 0.384564
-0.195063 0.748923 0.384851
-0.195660 0.748473 0.385021
-0.195931 0.748165 0.385170
-0.197552 0.746527 0.385868
-0.197800 0.746287 0.386067
-0.197855 0.745796 0.386987
-0.197900 0.745773 0.387066
-0.197984 0.745537 0.387460
-0.197864 0.745232 0.387716
-0.197776 0.744815 0.387872
-0.197743 0.744376 0.387952
-0.197727 0.743888 0.387998
-0.197721 0.743375 0.388020
-0.197712 0.742802 0.388025
-0.197731 0.742291 0.388015
-0.197754 0.741760 0.387997
-0.197778 0.741221 0.387972
-0.197793 0.740629 0.387941
-0.197814 0.740051 0.387906
-0.197796 0.739354 0.387883
-0.197754 0.738642 0.387871
-0.197680 0.737847 0.387864
-0.197685 0.737668 0.387861
-0.197750 0.736893 0.387539
-0.197775 0.736716 0.387508
-0.197923 0.736145 0.387167
-0.198603 0.735395 0.387273
-0.199234 0.734653 0.387390
-0.199740 0.733091 0.387864
-0.199686 0.732922 0.387936
-0.199463 0.732376 0.387942
-0.199415 0.732075 0.387966
-0.199363 0.731579 0.387750
-0.199377 0.731420 0.387727
-0.199501 0.730831 0.387369
-0.199538 0.730660 0.387325
-0.199745 0.730021 0.386878
-0.199795 0.729842 0.386818
-0.200052 0.729168 0.386307
-0.200224 0.728188 0.385933
-0.200289 0.727313 0.385724
-0.200275 0.726303 0.385561
-0.200214 0.725312 0.385453
-0.200225 0.725127 0.385438
-0.200706 0.724266 0.385178
-0.200762 0.724092 0.385144
-0.200934 0.723895 0.385074
-0.203144 0.721443 0.385686
-0.203190 0.721226 0.385805
-0.203407 0.720594 0.386141
-0.203266 0.720080 0.386349
-0.203112 0.719445 0.386491
-0.202963 0.718712 0.386594
-0.202778 0.717819 0.386685
-0.202767 0.717480 0.386700
-0.204338 0.715228 0.387443
-0.204246 0.714542 0.387938
-0.205439 0.712380 0.389131
-0.205262 0.711930 0.389643
-0.206222 0.709772 0.391134
-0.204712 0.709102 0.393015
-0.203579 0.708730 0.394062
-0.202750 0.708222 0.394819
-0.202119 0.707600 0.395382
-0.201617 0.706894 0.395808
-0.201206 0.706125 0.396133
-0.200860 0.705311 0.396382
-0.200565 0.704464 0.396574
-0.200256 0.703496 0.396743
-0.199998 0.702550 0.396865
-0.199821 0.701705 0.396943
-0.199614 0.700732 0.397015
-0.199466 0.699873 0.397060
-0.199286 0.698888 0.397104
-0.199154 0.698022 0.397132
-0.198989 0.697031 0.397161
-0.198866 0.696162 0.397181
-0.198708 0.695168 0.397202
-0.198558 0.694200 0.397220
-0.198447 0.693341 0.397235
-0.198446 0.693148 0.397236
-0.200019 0.690348 0.398163
-0.199356 0.689623 0.398829
-0.198731 0.688972 0.399286
-0.198241 0.688252 0.399625
-0.197847 0.687473 0.399885
-0.197456 0.686562 0.400116
-0.197140 0.685653 0.400287
-0.196921 0.684830 0.400401
-0.196720 0.683967 0.400495
-0.196530 0.683082 0.400572
-0.196311 0.682082 0.400646
-0.196153 0.681210 0.400696
-0.195999 0.680314 0.400742
-0.195811 0.679306 0.400788
-0.195638 0.678332 0.400827
-0.195510 0.677470 0.400858
-0.195377 0.676579 0.400889
-0.195204 0.675575 0.400925
-0.195074 0.674699 0.400954
-0.194905 0.673702 0.400989
-0.194744 0.672736 0.401023
-0.194621 0.671877 0.401052
-0.194456 0.670893 0.401089
-0.194295 0.669934 0.401125
-0.194170 0.669079 0.401156
-0.194002 0.668098 0.401197
-0.193838 0.667141 0.401237
-0.193710 0.666287 0.401272
-0.193571 0.665402 0.401312
-0.193389 0.664403 0.401359
-0.194014 0.663625 0.401513
-0.194996 0.661640 0.402265
-0.196040 0.660192 0.402795
-0.195742 0.658977 0.404106
-0.194420 0.658590 0.405109
-0.193370 0.658064 0.405822
-0.192552 0.657394 0.406356
-0.192187 0.656867 0.406604
-0.193244 0.655389 0.406980
-0.193444 0.654107 0.407695
-0.194393 0.652614 0.408249
-0.193518 0.651359 0.409829
-0.192078 0.651036 0.410766
-0.190650 0.650528 0.411608
-0.189646 0.649948 0.412180
-0.189509 0.649790 0.412265
-0.190460 0.647121 0.413392
-0.188974 0.646549 0.414352
-0.187577 0.646009 0.415076
-0.186557 0.645418 0.415584
-0.185656 0.644733 0.416013
-0.184724 0.643912 0.416431
-0.183929 0.643080 0.416774
-0.183345 0.642309 0.417022
-0.182728 0.641408 0.417269
-0.182664 0.641226 0.417301
-0.184165 0.638551 0.417936
-0.184098 0.638315 0.418049
-0.185015 0.635622 0.419152
-0.183460 0.635202 0.419948
-0.181857 0.634783 0.420588
-0.180130 0.634208 0.421219
-0.178792 0.633614 0.421684
-0.177550 0.632942 0.422090
-0.176458 0.632199 0.422390
-0.175538 0.631402 0.422625
-0.175155 0.630896 0.422730
-0.176616 0.628511 0.423122
-0.176425 0.627821 0.423333
-0.177724 0.625774 0.423708
-0.176808 0.624675 0.424235
-0.175596 0.624164 0.424513
-0.175060 0.623774 0.424633
-0.176338 0.621757 0.424950
-0.176265 0.620910 0.425175
-0.177606 0.618554 0.425639
-0.177427 0.618091 0.425790
-0.178589 0.615579 0.426350
-0.178449 0.615386 0.426419
-0.179397 0.612726 0.427041
-0.179210 0.612575 0.427097
-0.180126 0.609942 0.427677
-0.178556 0.609444 0.427905
-0.177096 0.608903 0.428032
-0.176922 0.608758 0.428049
-0.176349 0.608281 0.428114
-0.176251 0.608143 0.428125
-0.176102 0.607738 0.428164
-0.176056 0.607600 0.428174
-0.176089 0.607180 0.428208
-0.176076 0.607050 0.428215
-0.176290 0.606675 0.428238
-0.176312 0.606420 0.428252
-0.176619 0.606118 0.428268
-0.176659 0.605990 0.428273
-0.176787 0.605857 0.428277
-0.179309 0.603505 0.428609
-0.179665 0.603040 0.428675
-0.179840 0.602898 0.428694
-0.182072 0.600833 0.429008
-0.182615 0.600222 0.429108
-0.183177 0.599896 0.429180
-0.183281 0.599692 0.429199
-0.183631 0.599537 0.429215
-0.183728 0.599331 0.429226
-0.184162 0.599140 0.429234
-0.184221 0.599029 0.429239
-0.184795 0.598730 0.429243
-0.184858 0.598613 0.429247
-0.185409 0.598296 0.429247
-0.185550 0.598056 0.429252
-0.186031 0.597808 0.429248
-0.186260 0.597472 0.429253
-0.186662 0.597292 0.429245
-0.186871 0.597038 0.429246
-0.187690 0.596130 0.429359
-0.189795 0.594422 0.429614
-0.190001 0.594221 0.429638
-0.191676 0.592447 0.429894
-0.192972 0.591483 0.430070
-0.193557 0.590989 0.430157
-0.193549 0.590566 0.430185
-0.193398 0.589990 0.430216
-0.193219 0.589390 0.430248
-0.193269 0.589308 0.430249
-0.193418 0.588717 0.430269
-0.193604 0.588599 0.430267
-0.193761 0.588330 0.430272
-0.195246 0.586621 0.430509
-0.196174 0.585819 0.430638
-0.196630 0.585332 0.430703
-0.198699 0.583084 0.431066
-0.199092 0.582784 0.431125
-0.199865 0.582118 0.431245
-0.199996 0.582095 0.431249
-0.200397 0.581783 0.431266
-0.200520 0.581763 0.431263
-0.200981 0.581400 0.431261
-0.201107 0.581378 0.431256
-0.201568 0.581006 0.431246
-0.201709 0.580973 0.431239
-0.202280 0.580547 0.431217
-0.202424 0.580516 0.431208
-0.202971 0.580113 0.431182
-0.203128 0.580074 0.431172
-0.203642 0.579689 0.431147
-0.204421 0.578792 0.431267
-0.205244 0.578018 0.431377
-0.206849 0.576613 0.431565
-0.207647 0.575707 0.431702
-0.208394 0.574831 0.431833
-0.209842 0.573599 0.432034
-0.210662 0.572675 0.432185
-0.211910 0.571232 0.432421
-0.213051 0.570541 0.432580
-0.213142 0.570441 0.432591
-0.213697 0.570298 0.432591
-0.213767 0.570201 0.432592
-0.214369 0.570013 0.432561
-0.214436 0.569908 0.432559
-0.215058 0.569661 0.432514
-0.215131 0.569547 0.432510
-0.215789 0.569262 0.432454
-0.216523 0.568373 0.432584
-0.217228 0.567495 0.432708
-0.218641 0.566231 0.432887
-0.219444 0.565278 0.433040
-0.220677 0.563783 0.433277
-0.221746 0.563050 0.433411
-0.222515 0.562136 0.433564
-0.223235 0.561252 0.433707
-0.224801 0.560029 0.433937
-0.225550 0.559119 0.434096
-0.226253 0.558233 0.434243
-0.227643 0.557051 0.434465
-0.228414 0.556100 0.434634
-0.230342 0.553908 0.435082
-0.230387 0.553583 0.435134
-0.230242 0.553145 0.435168
-0.230028 0.552603 0.435200
-0.229734 0.551954 0.435238
-0.229440 0.551291 0.435274
-0.229191 0.550661 0.435306
-0.228881 0.549941 0.435343
-0.228848 0.549776 0.435349
-0.230705 0.546452 0.435905
-0.230741 0.546239 0.435932
-0.232643 0.543051 0.436503
-0.232719 0.542798 0.436542
-0.234667 0.539571 0.437145
-0.234747 0.539323 0.437186
-0.236760 0.535982 0.437839
-0.236806 0.535793 0.437869
-0.238688 0.532651 0.438470
-0.238814 0.532233 0.438538
-0.240545 0.529358 0.439084
-0.240769 0.528806 0.439176
-0.242555 0.525845 0.439737
-0.242855 0.524955 0.439898
-0.242732 0.524517 0.439923
-0.242518 0.523972 0.439941
-0.242494 0.523826 0.439945
-0.242684 0.523465 0.439930
-0.242703 0.523326 0.439929
-0.243089 0.522995 0.439886
-0.243127 0.522868 0.439882
-0.243607 0.522573 0.439822
-0.243657 0.522449 0.439816
-0.244136 0.522171 0.439754
-0.244200 0.522044 0.439746
-0.244653 0.521778 0.439687
-0.245292 0.520791 0.439844
-0.246327 0.519176 0.440075
-0.247187 0.518386 0.440158
-0.247907 0.517332 0.440330
-0.249043 0.515666 0.440576
-0.250188 0.514830 0.440658
-0.250884 0.513823 0.440823
-0.251543 0.512840 0.440968
-0.253213 0.511441 0.441114
-0.253898 0.510435 0.441277
-0.254548 0.509451 0.441418
-0.256218 0.508058 0.441544
-0.256894 0.507047 0.441702
-0.257537 0.506059 0.441840
-0.259375 0.504654 0.441921
-0.259517 0.504547 0.441900
-0.260329 0.504445 0.441739
-0.260442 0.504353 0.441711
-0.261289 0.504255 0.441505
-0.261387 0.504157 0.441477
-0.262076 0.504000 0.441310
-0.262260 0.503798 0.441257
-0.262803 0.503687 0.441125
-0.262996 0.503477 0.441072
-0.263549 0.503358 0.440940
-0.264145 0.502352 0.441080
-0.264724 0.501350 0.441201
-0.266076 0.499916 0.441279
-0.266734 0.498828 0.441430
-0.267355 0.497778 0.441556
-0.269007 0.496253 0.441596
-0.269641 0.495209 0.441736
-0.270245 0.494187 0.441851
-0.271894 0.492731 0.441849
-0.272520 0.491688 0.441981
-0.273118 0.490667 0.442087
-0.274577 0.489278 0.442083
-0.275226 0.488194 0.442210
-0.275840 0.487146 0.442310
-0.277756 0.485692 0.442163
-0.277920 0.485594 0.442108
-0.278853 0.485563 0.441778
-0.278988 0.485484 0.441719
-0.279844 0.485438 0.441395
-0.280083 0.485275 0.441286
-0.280728 0.485244 0.441045
-0.281061 0.485018 0.440895
-0.281666 0.485015 0.440674
-0.282192 0.484733 0.440422
-0.282448 0.484336 0.440244
-0.282549 0.483871 0.440123
-0.282549 0.483336 0.440036
-0.282491 0.482821 0.439997
-0.282383 0.482269 0.439982
-0.282239 0.481699 0.439985
-0.282214 0.481541 0.439988
-0.283552 0.477817 0.440447
-0.283595 0.477594 0.440453
-0.285025 0.474002 0.440858
-0.285294 0.473275 0.440789
-0.285334 0.472856 0.440670
-0.285310 0.472427 0.440596
-0.285238 0.471940 0.440549
-0.285130 0.471419 0.440525
-0.284970 0.470841 0.440520
-0.284925 0.470561 0.440523
-0.285152 0.470314 0.440467
-0.285176 0.470179 0.440460
-0.285571 0.469884 0.440365
-0.285616 0.469751 0.440351
-0.286154 0.469459 0.440206
-0.286205 0.469332 0.440188
-0.286711 0.469064 0.440046
-0.286774 0.468934 0.440024
-0.287399 0.468659 0.439837
-0.287461 0.468534 0.439813
-0.288092 0.468269 0.439616
-0.288157 0.468145 0.439590
-0.288798 0.467883 0.439385
-0.288864 0.467759 0.439359
-0.289587 0.467497 0.439118
-0.290317 0.467575 0.438894
-0.291239 0.467743 0.438615
-0.292080 0.467907 0.438358
-0.292973 0.468092 0.438081
-0.294006 0.468319 0.437747
-0.295016 0.468540 0.437409
-0.296018 0.468759 0.437066
-0.296914 0.468947 0.436762
-0.297963 0.469177 0.436399
-0.298881 0.469369 0.436080
-0.299947 0.469599 0.435702
-0.300876 0.469790 0.435371
-0.301838 0.469987 0.435029
-0.302932 0.470217 0.434629
-0.303989 0.470434 0.434234
-0.304919 0.470616 0.433890
-0.305359 0.469579 0.433985
-0.307231 0.467437 0.433881
-0.307700 0.466364 0.433966
-0.309848 0.464288 0.433681
-0.311132 0.464708 0.433059
-0.312200 0.465075 0.432537
-0.313405 0.465445 0.431959
-0.314424 0.465715 0.431488
-0.315573 0.466000 0.430965
-0.316549 0.466217 0.430533
-0.317655 0.466457 0.430045
-0.318715 0.466671 0.429533
-0.319775 0.466862 0.428938
-0.320741 0.467019 0.428368
-0.320943 0.467045 0.428261
-0.321928 0.466737 0.424983
-0.322083 0.466747 0.424858
-0.322712 0.466396 0.421942
-0.322950 0.466398 0.421757
-0.323304 0.466031 0.419139
-0.323383 0.466024 0.419079
-0.323607 0.465617 0.416634
-0.323713 0.465601 0.416654
-0.323739 0.465194 0.414495
-0.323766 0.465180 0.414522
-0.323727 0.464745 0.412411
-0.323655 0.464688 0.412969
-0.323832 0.464662 0.413369
-0.324258 0.464666 0.413577
-0.324783 0.464694 0.413605
-0.325499 0.464765 0.413523
-0.326268 0.464857 0.413369
-0.326999 0.464949 0.413192
-0.327883 0.465079 0.412949
-0.328764 0.465214 0.412688
-0.329649 0.465352 0.412413
-0.330453 0.465473 0.412164
-0.331303 0.465604 0.411898
-0.332177 0.465741 0.411620
-0.333164 0.465904 0.411294
-0.334109 0.466056 0.410975
-0.334945 0.466182 0.410699
-0.335914 0.466336 0.410373
-0.336760 0.466462 0.410093
-0.337736 0.466613 0.409764
-0.338585 0.466737 0.409481
-0.339467 0.466864 0.409190
-0.340364 0.466993 0.408893
-0.341370 0.467143 0.408551
-0.342329 0.467283 0.408220
-0.342501 0.467299 0.408167
-0.343080 0.467022 0.405362
-0.343356 0.467038 0.405198
-0.343665 0.466776 0.402649
-0.343763 0.466782 0.402601
-0.343955 0.466503 0.400194
-0.344034 0.466508 0.400174
-0.344134 0.466226 0.397882
-0.344202 0.466231 0.397881
-0.344246 0.465953 0.395656
-0.344374 0.465966 0.395715
-0.344360 0.465706 0.393606
-0.344536 0.465724 0.393604
-0.344467 0.465478 0.391488
-0.344714 0.465561 0.391713
-0.345207 0.465663 0.392126
-0.345833 0.465739 0.392291
-0.346323 0.465777 0.392303
-0.346493 0.465572 0.392299
-0.347018 0.465438 0.392246
-0.347252 0.465141 0.392203
-0.347685 0.465047 0.392127
-0.347849 0.464748 0.392079
-0.348163 0.464651 0.392018
-0.348342 0.464338 0.391961
-0.348663 0.464238 0.391892
-0.348739 0.464109 0.391870
-0.348750 0.463709 0.390114
-0.348985 0.463544 0.389200
-0.349042 0.463422 0.389121
-0.348985 0.462970 0.386917
-0.349184 0.462927 0.386515
-0.349294 0.462686 0.386580
-0.349394 0.462657 0.386619
-0.349454 0.462400 0.384557
-0.349494 0.462129 0.384203
-0.349736 0.462097 0.384274
-0.349863 0.461839 0.384401
-0.350148 0.461780 0.384491
-0.350329 0.461455 0.384567
-0.350535 0.461410 0.384582
-0.350773 0.461063 0.384585
-0.351069 0.459897 0.384740
-0.351443 0.458865 0.384877
-0.352065 0.456957 0.385131
-0.352346 0.455742 0.385306
-0.352702 0.454679 0.385458
-0.353238 0.452857 0.385717
-0.353778 0.450501 0.386068
-0.354010 0.449818 0.386181
-0.354399 0.448459 0.386384
-0.354497 0.448409 0.386390
-0.354793 0.447998 0.386357
-0.354904 0.447985 0.386342
-0.355289 0.447616 0.386232
-0.355401 0.447609 0.386212
-0.355799 0.447245 0.386083
-0.355912 0.447238 0.386061
-0.356281 0.446883 0.385946
-0.356402 0.446870 0.385921
-0.356790 0.446504 0.385799
-0.356913 0.446491 0.385773
-0.357346 0.446110 0.385629
-0.357463 0.446102 0.385605
-0.357879 0.445727 0.385468
-0.357994 0.445719 0.385446
-0.358371 0.445358 0.385331
-0.358493 0.445344 0.385308
-0.358925 0.444960 0.385169
-0.359043 0.444952 0.385147
-0.359425 0.444589 0.385032
-0.359548 0.444575 0.385008
-0.359985 0.444190 0.384870
-0.360102 0.444182 0.384847
-0.360488 0.443818 0.384733
-0.360731 0.443795 0.384685
-0.361022 0.443465 0.384593
-0.361267 0.443425 0.384544
-0.361511 0.443125 0.384469
-0.361482 0.442972 0.383527
-0.361673 0.442800 0.382000
-0.361850 0.442527 0.381765
-0.362153 0.442527 0.381808
-0.362362 0.442238 0.381867
-0.362582 0.442209 0.381879
-0.362843 0.441881 0.381874
-0.363173 0.441840 0.381848
-0.363405 0.441512 0.381804
-0.363633 0.441470 0.381774
-0.363907 0.441125 0.381707
-0.364245 0.441076 0.381650
-0.364445 0.440783 0.381591
-0.364872 0.440699 0.381507
-0.364998 0.440472 0.381466
-0.365348 0.440338 0.381397
-0.365340 0.440223 0.380458
-0.365330 0.439882 0.379211
-0.365729 0.439800 0.378725
-0.365778 0.439699 0.378738
-0.366026 0.439557 0.378767
-0.366036 0.439328 0.376469
-0.366055 0.439228 0.376363
-0.366478 0.439114 0.376408
-0.366565 0.438918 0.376475
-0.367012 0.438826 0.376571
-0.367062 0.438712 0.376581
-0.366998 0.438511 0.375672
-0.367222 0.438331 0.374074
-0.367263 0.438236 0.374067
-0.367187 0.438058 0.373166
-0.367349 0.437932 0.371720
-0.367474 0.437748 0.371754
-0.367792 0.437760 0.371889
-0.367983 0.437526 0.371992
-0.368328 0.437490 0.372053
-0.368533 0.437222 0.372076
-0.368886 0.437162 0.372074
-0.369138 0.436839 0.372045
-0.369474 0.436797 0.372013
-0.369556 0.436678 0.371999
-0.370199 0.433660 0.372417
-0.370509 0.432991 0.372543
-0.370609 0.432718 0.372576
-0.371229 0.429515 0.373088
-0.371615 0.428658 0.373297
-0.371795 0.428131 0.373382
-0.372088 0.428069 0.373391
-0.372260 0.427781 0.373372
-0.372595 0.427710 0.373337
-0.372792 0.427416 0.373290
-0.373143 0.427341 0.373237
-0.373392 0.427004 0.373161
-0.373729 0.426959 0.373105
-0.373931 0.426668 0.373045
-0.374286 0.426593 0.372984
-0.374497 0.426294 0.372919
-0.374856 0.426216 0.372854
-0.375115 0.425876 0.372768
-0.375358 0.425835 0.372727
-0.375456 0.425707 0.372704
-0.376053 0.422672 0.373118
-0.376462 0.421854 0.373267
-0.376675 0.421332 0.373301
-0.376897 0.421276 0.373294
-0.377202 0.420907 0.373234
-0.377320 0.420894 0.373221
-0.377717 0.420526 0.373131
-0.377845 0.420513 0.373113
-0.378276 0.420147 0.373009
-0.378536 0.420127 0.372970
-0.378906 0.419776 0.372865
-0.379032 0.419764 0.372847
-0.379457 0.419395 0.372739
-0.379590 0.419382 0.372720
-0.380081 0.419001 0.372591
-0.380208 0.418994 0.372572
-0.380638 0.418634 0.372467
-0.380772 0.418622 0.372447
-0.381221 0.418255 0.372337
-0.381357 0.418242 0.372317
-0.381863 0.417861 0.372186
-0.381991 0.417855 0.372168
-0.382476 0.417481 0.372045
-0.382603 0.417474 0.372028
-0.383037 0.417113 0.371925
-0.383301 0.417092 0.371887
-0.383575 0.416799 0.371821
-0.383510 0.416669 0.370909
-0.383675 0.416564 0.369479
-0.383918 0.416344 0.369315
-0.384283 0.416372 0.369386
-0.384515 0.416129 0.369437
-0.384899 0.416086 0.369459
-0.385136 0.415807 0.369451
-0.385520 0.415742 0.369429
-0.385808 0.415411 0.369377
-0.386169 0.415368 0.369336
-0.386442 0.415037 0.369269
-0.386798 0.414991 0.369222
-0.387021 0.414696 0.369166
-0.387397 0.414617 0.369110
-0.387630 0.414314 0.369048
-0.388105 0.414229 0.368970
-0.388306 0.413933 0.368911
-0.388758 0.413847 0.368837
-0.388899 0.413616 0.368797
-0.389374 0.413472 0.368718
-0.389520 0.413234 0.368676
-0.390001 0.413086 0.368592
-0.390203 0.412779 0.368529
-0.390657 0.412688 0.368452
-0.390799 0.412456 0.368411
-0.391356 0.412304 0.368312
-0.391423 0.412180 0.368293
-0.391996 0.411928 0.368190
-0.392064 0.411800 0.368169
-0.392707 0.411534 0.368046
-0.392929 0.411144 0.367950
-0.392981 0.410718 0.367872
-0.392982 0.410383 0.367832
-0.393225 0.410276 0.367787
-0.393379 0.409952 0.367731
-0.393717 0.409857 0.367674
-0.393931 0.409541 0.367610
-0.394307 0.409452 0.367549
-0.394598 0.409098 0.367462
-0.394858 0.409052 0.367425
-0.395251 0.408670 0.367319
-0.395383 0.408654 0.367301
-0.395850 0.408267 0.367194
-0.396127 0.408239 0.367157
-0.396492 0.407895 0.367071
-0.397211 0.407851 0.366954
-0.397863 0.407880 0.366884
-0.398620 0.407928 0.366814
-0.399289 0.407968 0.366760
-0.399989 0.408012 0.366705
-0.400701 0.408057 0.366650
-0.401419 0.408102 0.366595
-0.402208 0.408155 0.366534
-0.402953 0.408202 0.366478
-0.403098 0.408208 0.366471
-0.403228 0.408168 0.364191
-0.403372 0.408208 0.364172
-0.403532 0.408317 0.362098
-0.404304 0.408623 0.362437
-0.405176 0.408808 0.362692
-0.405969 0.408903 0.362761
-0.406658 0.408952 0.362761
-0.407441 0.409003 0.362732
-0.408124 0.409037 0.362701
-0.408835 0.409070 0.362665
-0.409143 0.409075 0.362654
-0.409634 0.408732 0.362591
-0.409779 0.408717 0.362581
-0.410308 0.408329 0.362499
-0.410457 0.408312 0.362485
-0.411060 0.407905 0.362378
-0.411202 0.407894 0.362365
-0.411721 0.407506 0.362275
-0.412012 0.407473 0.362246
-0.412412 0.407119 0.362170
-0.412709 0.407069 0.362139
-0.413178 0.406679 0.362043
-0.413320 0.406660 0.362029
-0.413903 0.406243 0.361918
-0.414043 0.406230 0.361905
-0.414561 0.405836 0.361814
-0.414710 0.405817 0.361799
-0.415317 0.405400 0.361688
-0.415459 0.405387 0.361675
-0.415987 0.404992 0.361583
-0.416137 0.404972 0.361569
-0.416689 0.404568 0.361472
-0.416842 0.404548 0.361457
-0.417403 0.404142 0.361358
-0.417706 0.404106 0.361328
-0.418193 0.403718 0.361234
-0.418339 0.403698 0.361221
-0.418879 0.403289 0.361126
-0.419177 0.403252 0.361097
-0.419659 0.402861 0.361004
-0.419804 0.402841 0.360991
-0.420407 0.402413 0.360882
-0.420550 0.402399 0.360869
-0.421085 0.401995 0.360778
-0.421383 0.401956 0.360751
