-0.080728 0.886058 0.407063
-0.081366 0.886042 0.407029
-0.081900 0.886032 0.406996
-0.082125 0.885997 0.406987
-0.082747 0.885956 0.406954
-0.082908 0.885905 0.406950
-0.083297 0.885856 0.406932
-0.084322 0.885421 0.406921
-0.086028 0.884440 0.407016
-0.086627 0.883767 0.407177
-0.086566 0.883418 0.407278
-0.086880 0.883142 0.407329
-0.086932 0.882908 0.407381
-0.087337 0.882715 0.407398
-0.087459 0.882500 0.407433
-0.087900 0.882363 0.407429
-0.088073 0.882197 0.407445
-0.088543 0.882085 0.407430
-0.088744 0.881941 0.407436
-0.089112 0.881864 0.407421
-0.089390 0.881740 0.407418
-0.090317 0.881271 0.407420
-0.092315 0.880226 0.407504
-0.092571 0.879796 0.407603
-0.093468 0.879178 0.407655
-0.095217 0.877778 0.407867
-0.094969 0.876658 0.408179
-0.094901 0.876031 0.408334
-0.094603 0.875492 0.408469
-0.094661 0.874919 0.408582
-0.094568 0.874656 0.408635
-0.094826 0.874218 0.408696
-0.094775 0.873921 0.408746
-0.095142 0.873598 0.408772
-0.095181 0.873437 0.408791
-0.095686 0.873125 0.408799
-0.095719 0.873057 0.408804
-0.096317 0.872780 0.408795
-0.096360 0.872718 0.408797
-0.097030 0.872443 0.408776
-0.097069 0.872389 0.408777
-0.097717 0.872162 0.408749
-0.097807 0.872060 0.408749
-0.098391 0.871879 0.408720
-0.098515 0.871777 0.408719
-0.099127 0.871602 0.408686
-0.099205 0.871550 0.408683
-0.100143 0.871021 0.408688
-0.102273 0.869619 0.408828
-0.102331 0.869391 0.408880
-0.103200 0.868701 0.408939
-0.104831 0.866518 0.409336
-0.104721 0.866227 0.409414
-0.105454 0.865462 0.409502
-0.106653 0.862970 0.409992
-0.106484 0.862629 0.410081
-0.107164 0.861806 0.410185
-0.108328 0.859486 0.410619
-0.108180 0.859074 0.410722
-0.108859 0.858182 0.410842
-0.109926 0.855679 0.411319
-0.109259 0.854482 0.411612
-0.108744 0.853314 0.411869
-0.108420 0.852811 0.411972
-0.108204 0.851864 0.412141
-0.108128 0.851689 0.412171
-0.108270 0.850999 0.412263
-0.108246 0.850865 0.412281
-0.108581 0.850276 0.412337
-0.108581 0.850174 0.412347
-0.109060 0.849726 0.412366
-0.109081 0.849642 0.412372
-0.109631 0.849308 0.412370
-0.109652 0.848894 0.412395
-0.109525 0.848424 0.412436
-0.109379 0.847966 0.412483
-0.109157 0.847405 0.412547
-0.108961 0.846896 0.412605
-0.108747 0.846360 0.412669
-0.108657 0.846047 0.412705
-0.109028 0.845711 0.412717
-0.109086 0.845444 0.412738
-0.109497 0.845217 0.412734
-0.109629 0.845042 0.412741
-0.110530 0.844422 0.412766
-0.112570 0.842832 0.412939
-0.112625 0.842577 0.412989
-0.114228 0.841109 0.413141
-0.115110 0.839762 0.413379
-0.114890 0.838872 0.413579
-0.114805 0.838067 0.413740
-0.114563 0.837554 0.413836
-0.114726 0.837144 0.413890
-0.114690 0.836754 0.413945
-0.115025 0.836378 0.413976
-0.115067 0.836175 0.413995
-0.115523 0.835862 0.414003
-0.115611 0.835612 0.414019
-0.116036 0.835404 0.414012
-0.116206 0.835168 0.414020
-0.116747 0.834942 0.414002
-0.116820 0.834865 0.414002
-0.116878 0.834798 0.413960
-0.117486 0.834588 0.413848
-0.117569 0.834516 0.413840
-0.117636 0.834453 0.413791
-0.118342 0.834237 0.413649
-0.118415 0.834171 0.413640
-0.118478 0.834113 0.413591
-0.118687 0.834043 0.413541
-0.121208 0.832461 0.413584
-0.121500 0.832112 0.413629
-0.121641 0.831837 0.413630
-0.122056 0.831102 0.413662
-0.122054 0.830939 0.413681
-0.122038 0.830796 0.413657
-0.122378 0.830281 0.413607
-0.122393 0.830169 0.413613
-0.122561 0.830044 0.413610
-0.122943 0.829717 0.413478
-0.122977 0.829628 0.413474
-0.123164 0.829523 0.413463
-0.123641 0.829268 0.413302
-0.123690 0.829189 0.413294
-0.123892 0.829093 0.413279
-0.124430 0.828873 0.413100
-0.124489 0.828800 0.413089
-0.124700 0.828708 0.413071
-0.125221 0.828526 0.412900
-0.125356 0.828383 0.412871
-0.125558 0.828302 0.412852
-0.126008 0.828164 0.412701
-0.126181 0.828020 0.412658
-0.126395 0.827939 0.412633
-0.126873 0.827805 0.412472
-0.127112 0.827605 0.412408
-0.127315 0.827532 0.412384
-0.127787 0.827410 0.412219
-0.128033 0.827215 0.412152
-0.128239 0.827143 0.412126
-0.128721 0.827022 0.411956
-0.128832 0.826949 0.411926
-0.129766 0.826290 0.411934
-0.130765 0.825682 0.411947
-0.131935 0.824678 0.411950
-0.132028 0.824433 0.411975
-0.133641 0.822917 0.412116
-0.134164 0.822360 0.412192
-0.134578 0.821603 0.412261
-0.134548 0.821012 0.412357
-0.135293 0.820174 0.412448
-0.136548 0.818829 0.412632
-0.136730 0.818391 0.412682
-0.136588 0.817377 0.412858
-0.137275 0.816520 0.412964
-0.138037 0.815737 0.413066
-0.138454 0.815149 0.413126
-0.138375 0.813627 0.413411
-0.139041 0.812763 0.413529
-0.139784 0.811974 0.413641
-0.140185 0.811383 0.413707
-0.140230 0.810140 0.413928
-0.140917 0.809231 0.414056
-0.141664 0.808408 0.414179
-0.142059 0.807794 0.414252
-0.141693 0.805983 0.414621
-0.141646 0.805749 0.414674
-0.141630 0.805487 0.414725
-0.141126 0.804690 0.414790
-0.141171 0.804565 0.414805
-0.141250 0.804397 0.414823
-0.141216 0.803991 0.414768
-0.141330 0.803905 0.414765
-0.141558 0.803664 0.414771
-0.141621 0.803433 0.414668
-0.141770 0.803374 0.414654
-0.141945 0.803265 0.414646
-0.142224 0.803044 0.414512
-0.142402 0.802991 0.414492
-0.142741 0.802809 0.414470
-0.142981 0.802661 0.414322
-0.143166 0.802617 0.414298
-0.143374 0.802521 0.414281
-0.143765 0.802338 0.414115
-0.143966 0.802292 0.414087
-0.144187 0.802194 0.414067
-0.144664 0.801987 0.413869
-0.144863 0.801944 0.413843
-0.145084 0.801848 0.413823
-0.145525 0.801663 0.413642
-0.145736 0.801616 0.413610
-0.145967 0.801517 0.413586
-0.146434 0.801325 0.413392
-0.146649 0.801276 0.413358
-0.146885 0.801176 0.413331
-0.147429 0.800953 0.413103
-0.147638 0.800906 0.413071
-0.147871 0.800806 0.413044
-0.148356 0.800606 0.412840
-0.148792 0.800515 0.412769
-0.148978 0.800429 0.412743
-0.149397 0.800242 0.412535
-0.149611 0.800189 0.412496
-0.150659 0.799494 0.412525
-0.151603 0.798828 0.412567
-0.152644 0.797565 0.412613
-0.152794 0.797381 0.412623
-0.153753 0.796572 0.412701
-0.154599 0.795809 0.412788
-0.155304 0.794536 0.412915
-0.155494 0.794043 0.412988
-0.156329 0.793204 0.413095
-0.157116 0.790365 0.413719
-0.156209 0.789348 0.414008
-0.155535 0.788557 0.414199
-0.155043 0.787867 0.414339
-0.154660 0.787224 0.414447
-0.154289 0.786535 0.414548
-0.154036 0.785949 0.414620
-0.153801 0.785348 0.414686
-0.153576 0.784737 0.414748
-0.153329 0.784094 0.414809
-0.153200 0.783628 0.414846
-0.153100 0.783187 0.414879
-0.152988 0.782719 0.414914
-0.152916 0.782314 0.414943
-0.152839 0.781897 0.414974
-0.152758 0.781475 0.415005
-0.152675 0.781050 0.415037
-0.152569 0.780588 0.415072
-0.152517 0.780221 0.415098
-0.153335 0.779509 0.415172
-0.154782 0.777632 0.415491
-0.155568 0.776828 0.415607
-0.156704 0.774739 0.416063
-0.158074 0.773212 0.416335
-0.158211 0.771635 0.416789
-0.158894 0.770825 0.416934
-0.159723 0.768713 0.417466
-0.160416 0.767871 0.417624
-0.160885 0.765431 0.418304
-0.159859 0.764763 0.418580
-0.159283 0.764324 0.418724
-0.158875 0.763905 0.418827
-0.158514 0.763459 0.418914
-0.158289 0.763063 0.418972
-0.158096 0.762650 0.419021
-0.157891 0.762196 0.419069
-0.157751 0.761789 0.419105
-0.157616 0.761366 0.419139
-0.157483 0.760935 0.419172
-0.157354 0.760499 0.419203
-0.157200 0.760026 0.419236
-0.157090 0.759607 0.419264
-0.156948 0.759138 0.419295
-0.156947 0.759032 0.419301
-0.159322 0.756416 0.419738
-0.159318 0.756224 0.419769
-0.161454 0.753379 0.420299
-0.160960 0.752624 0.420453
-0.160517 0.752098 0.420538
-0.160473 0.751979 0.420551
-0.162673 0.749287 0.421050
-0.162651 0.749091 0.421083
-0.164766 0.746379 0.421609
-0.164759 0.746126 0.421655
-0.166761 0.743093 0.422275
-0.166192 0.742304 0.422431
-0.165648 0.741724 0.422519
-0.165298 0.741237 0.422576
-0.165088 0.740809 0.422615
-0.164875 0.740334 0.422649
-0.164731 0.739909 0.422675
-0.164592 0.739466 0.422699
-0.164549 0.739171 0.422714
-0.164889 0.738955 0.422736
-0.164993 0.738712 0.422749
-0.165371 0.738564 0.422764
-0.165561 0.738330 0.422776
-0.166063 0.738187 0.422789
-0.166206 0.738030 0.422795
-0.166749 0.737862 0.422806
-0.166900 0.737701 0.422811
-0.167521 0.737525 0.422818
-0.167596 0.737442 0.422820
-0.168256 0.737212 0.422826
-0.168390 0.737051 0.422829
-0.168935 0.736872 0.422832
-0.169134 0.736653 0.422835
-0.169668 0.736512 0.422835
-0.169872 0.736302 0.422835
-0.170323 0.736176 0.422836
-0.170574 0.735956 0.422837
-0.171138 0.735822 0.422833
-0.171355 0.735617 0.422832
-0.171695 0.735515 0.422831
-0.172666 0.734744 0.422966
-0.174428 0.733191 0.423248
-0.174959 0.732785 0.423324
-0.176807 0.731206 0.423635
-0.177630 0.730279 0.423817
-0.178107 0.729805 0.423913
-0.180362 0.727691 0.424360
-0.180637 0.727291 0.424442
-0.181182 0.726623 0.424585
-0.183277 0.724552 0.425039
-0.183529 0.724155 0.425123
-0.184057 0.723328 0.425318
-0.184062 0.723196 0.425338
-0.184401 0.722835 0.425405
-0.184428 0.722731 0.425415
-0.184916 0.722435 0.425453
-0.184957 0.722344 0.425458
-0.185489 0.722085 0.425477
-0.185593 0.721912 0.425483
-0.186136 0.721716 0.425488
-0.186203 0.721627 0.425490
-0.186824 0.721382 0.425491
-0.187032 0.721046 0.425481
-0.187054 0.720642 0.425482
-0.187008 0.720205 0.425490
-0.186951 0.719784 0.425503
-0.186869 0.719339 0.425518
-0.186749 0.718852 0.425535
-0.186657 0.718414 0.425552
-0.186556 0.717959 0.425570
-0.186447 0.717498 0.425589
-0.186309 0.717001 0.425608
-0.186184 0.716525 0.425627
-0.186050 0.716023 0.425648
-0.185904 0.715496 0.425670
-0.185841 0.715130 0.425685
-0.187758 0.712956 0.426098
-0.188084 0.711891 0.426268
-0.190080 0.709007 0.426834
-0.189709 0.707547 0.427050
-0.189115 0.706673 0.427130
-0.188661 0.705929 0.427182
-0.188301 0.705240 0.427222
-0.187940 0.704515 0.427257
-0.187787 0.704037 0.427278
-0.189677 0.701862 0.427709
-0.190012 0.700807 0.427878
-0.191867 0.698342 0.428373
-0.192094 0.697150 0.428567
-0.193844 0.694596 0.429085
-0.193910 0.693116 0.429324
-0.195575 0.690629 0.429839
-0.195292 0.688728 0.430133
-0.194727 0.687893 0.430199
-0.194243 0.687111 0.430243
-0.193891 0.686420 0.430273
-0.193651 0.685818 0.430294
-0.193628 0.685669 0.430299
-0.193896 0.685196 0.430327
-0.193930 0.684945 0.430336
-0.194276 0.684651 0.430353
-0.194365 0.684421 0.430361
-0.194782 0.684164 0.430375
-0.194897 0.683948 0.430381
-0.195402 0.683699 0.430390
-0.195465 0.683594 0.430392
-0.196072 0.683287 0.430399
-0.196129 0.683185 0.430400
-0.196728 0.682879 0.430404
-0.197568 0.682044 0.430582
-0.198371 0.681215 0.430751
-0.199740 0.679787 0.431029
-0.200612 0.678830 0.431233
-0.201416 0.677911 0.431423
-0.202699 0.676303 0.431737
-0.204292 0.674470 0.432142
-0.204744 0.673809 0.432275
-0.205519 0.672454 0.432523
-0.205530 0.672266 0.432541
-0.205822 0.671707 0.432595
-0.205840 0.671581 0.432601
-0.206240 0.671209 0.432622
-0.206284 0.671090 0.432626
-0.206770 0.670754 0.432637
-0.206826 0.670640 0.432639
-0.207397 0.670311 0.432640
-0.207451 0.670205 0.432641
-0.208033 0.669895 0.432636
-0.208090 0.669790 0.432636
-0.208637 0.669493 0.432632
-0.208703 0.669384 0.432632
-0.209321 0.669072 0.432620
-0.209381 0.668968 0.432620
-0.209989 0.668664 0.432605
-0.210144 0.668271 0.432590
-0.210110 0.667729 0.432582
-0.209989 0.667147 0.432584
-0.209857 0.666588 0.432591
-0.209690 0.665994 0.432602
-0.209463 0.665331 0.432615
-0.209279 0.664738 0.432628
-0.209081 0.664123 0.432642
-0.208831 0.663445 0.432657
-0.208596 0.662793 0.432672
-0.208406 0.662199 0.432687
-0.209143 0.661291 0.432872
-0.210594 0.658686 0.433358
-0.211328 0.657706 0.433563
-0.212689 0.655093 0.434071
-0.213419 0.654056 0.434291
-0.214662 0.651139 0.434861
-0.215354 0.650129 0.435079
-0.216594 0.647436 0.435617
-0.217946 0.645475 0.436053
-0.218448 0.643321 0.436460
-0.217950 0.642427 0.436542
-0.217635 0.641785 0.436576
-0.217380 0.641160 0.436598
-0.217356 0.641004 0.436604
-0.217591 0.640540 0.436622
-0.217614 0.640402 0.436625
-0.218026 0.639995 0.436632
-0.218063 0.639876 0.436634
-0.218515 0.639542 0.436635
-0.218607 0.639316 0.436637
-0.219014 0.639084 0.436633
-0.219165 0.638786 0.436631
-0.219577 0.638615 0.436622
-0.219743 0.638336 0.436619
-0.220172 0.638178 0.436608
-0.220310 0.637973 0.436606
-0.220778 0.637775 0.436595
-0.220962 0.637495 0.436589
-0.221329 0.637350 0.436579
-0.221546 0.637063 0.436572
-0.222010 0.636911 0.436555
-0.222160 0.636710 0.436550
-0.222715 0.636513 0.436526
-0.222789 0.636408 0.436523
-0.223374 0.636134 0.436500
-0.223505 0.635925 0.436494
-0.224035 0.635710 0.436466
-0.224106 0.635602 0.436463
-0.224737 0.635313 0.436428
-0.224801 0.635206 0.436425
-0.225411 0.634911 0.436390
-0.225473 0.634802 0.436387
-0.226027 0.634511 0.436358
-0.226097 0.634397 0.436355
-0.226668 0.634097 0.436323
-0.226740 0.633983 0.436319
-0.227522 0.632980 0.436509
-0.229461 0.630916 0.436907
-0.229711 0.630465 0.436958
-0.230479 0.629422 0.437166
-0.232146 0.627528 0.437550
-0.232592 0.626628 0.437673
-0.232896 0.626407 0.437684
-0.233071 0.626032 0.437683
-0.233392 0.625913 0.437669
-0.233620 0.625588 0.437653
-0.233876 0.625500 0.437639
-0.234187 0.625161 0.437617
-0.234464 0.625077 0.437600
-0.234803 0.624745 0.437573
-0.235090 0.624664 0.437553
-0.235393 0.624379 0.437531
-0.236147 0.623415 0.437719
-0.237854 0.621653 0.438061
-0.238351 0.620942 0.438148
-0.239101 0.619911 0.438354
-0.240426 0.618415 0.438652
-0.241121 0.617384 0.438809
-0.241877 0.616306 0.439027
-0.243520 0.614371 0.439416
-0.243876 0.613767 0.439500
-0.244628 0.612660 0.439722
-0.246251 0.610679 0.440112
-0.246709 0.609778 0.440222
-0.246944 0.609618 0.440220
-0.247246 0.609157 0.440172
-0.247288 0.608724 0.440132
-0.247248 0.608225 0.440103
-0.247184 0.607734 0.440088
-0.247265 0.607673 0.440080
-0.247540 0.607197 0.440053
-0.248047 0.607115 0.439994
-0.248776 0.607219 0.439912
-0.249501 0.607352 0.439834
-0.250365 0.607549 0.439735
-0.251149 0.607716 0.439643
-0.252052 0.607932 0.439530
-0.252857 0.608107 0.439429
-0.253695 0.608292 0.439321
-0.254634 0.608522 0.439191
-0.255541 0.608738 0.439060
-0.256357 0.608911 0.438945
-0.257291 0.609132 0.438806
-0.258119 0.609309 0.438683
-0.258772 0.609416 0.438594
-0.260688 0.607168 0.439021
-0.261596 0.606513 0.439107
-0.263847 0.603706 0.439639
-0.264809 0.603234 0.439646
-0.265139 0.603241 0.439601
-0.265584 0.603036 0.439516
-0.265911 0.603008 0.439459
-0.266405 0.602748 0.439340
-0.266560 0.602728 0.439310
-0.267116 0.602413 0.439187
-0.267274 0.602389 0.439157
-0.267841 0.602062 0.439033
-0.268000 0.602037 0.439004
-0.268621 0.601693 0.438860
-0.268772 0.601672 0.438832
-0.269320 0.601338 0.438717
-0.269631 0.601293 0.438661
-0.270100 0.600981 0.438554
-0.270249 0.600952 0.438528
-0.270783 0.600591 0.438419
-0.270937 0.600560 0.438392
-0.271484 0.600196 0.438282
-0.271639 0.600165 0.438254
-0.272241 0.599787 0.438124
-0.272389 0.599761 0.438098
-0.272925 0.599404 0.437991
-0.273231 0.599351 0.437938
-0.273642 0.599044 0.437855
-0.273953 0.598974 0.437800
-0.274416 0.598628 0.437696
-0.274563 0.598593 0.437669
-0.275093 0.598212 0.437561
-0.275246 0.598177 0.437533
-0.275794 0.597799 0.437421
-0.275950 0.597765 0.437393
-0.276506 0.597387 0.437279
-0.276818 0.597330 0.437221
-0.277293 0.596993 0.437113
-0.277443 0.596959 0.437084
-0.277925 0.596603 0.436991
-0.278574 0.595585 0.437159
-0.279294 0.594669 0.437294
-0.280485 0.593023 0.437446
-0.281766 0.590951 0.437789
-0.282244 0.590322 0.437874
-0.282968 0.589245 0.437950
-0.284600 0.586518 0.438378
-0.284920 0.586113 0.438418
-0.285452 0.585337 0.438425
-0.286669 0.583289 0.438737
-0.287451 0.582285 0.438837
-0.288003 0.581485 0.438795
-0.288291 0.581392 0.438715
-0.288666 0.581113 0.438561
-0.289091 0.581093 0.438420
-0.289460 0.580867 0.438264
-0.289894 0.580842 0.438128
-0.290205 0.580622 0.438017
-0.290663 0.580556 0.437885
-0.290981 0.580315 0.437779
-0.291439 0.580234 0.437651
-0.291756 0.579982 0.437550
-0.292211 0.579891 0.437428
-0.292586 0.579595 0.437304
-0.292889 0.579531 0.437227
-0.293357 0.579189 0.437079
-0.293505 0.579158 0.437043
-0.294048 0.578783 0.436896
-0.294202 0.578752 0.436860
-0.294820 0.578363 0.436690
-0.294968 0.578339 0.436656
-0.295571 0.577958 0.436495
-0.295718 0.577933 0.436462
-0.296264 0.577562 0.436328
-0.296572 0.577508 0.436260
-0.297497 0.577157 0.435873
-0.297979 0.577155 0.435800
-0.298583 0.577200 0.435694
-0.298676 0.577108 0.435678
-0.299350 0.576887 0.435546
-0.299443 0.576776 0.435526
-0.300107 0.576508 0.435377
-0.300198 0.576391 0.435355
-0.300930 0.576103 0.435172
-0.301011 0.575989 0.435151
-0.301643 0.575698 0.434996
-0.301731 0.575577 0.434973
-0.302316 0.574446 0.435129
-0.303881 0.572150 0.435343
-0.304024 0.571885 0.435340
-0.305176 0.569619 0.435639
-0.306099 0.568253 0.435725
-0.306247 0.567985 0.435714
-0.307384 0.565721 0.435992
-0.308302 0.564383 0.436043
-0.308450 0.564126 0.436020
-0.309574 0.561878 0.436271
-0.310631 0.560446 0.436243
-0.310745 0.560269 0.436198
-0.311303 0.559102 0.436322
-0.312929 0.556759 0.436310
-0.313038 0.556596 0.436254
-0.313582 0.555438 0.436363
-0.315062 0.553236 0.436343
-0.315392 0.552803 0.436139
-0.315817 0.552778 0.435873
-0.316127 0.552630 0.435631
-0.316715 0.552705 0.435293
-0.317028 0.552561 0.435081
-0.317502 0.552565 0.434852
-0.317848 0.552377 0.434661
-0.318453 0.552372 0.434393
-0.318992 0.551353 0.434496
-0.319527 0.550328 0.434568
-0.320677 0.548833 0.434452
-0.321726 0.546747 0.434616
-0.322062 0.546037 0.434626
-0.322893 0.545049 0.434380
-0.323395 0.543974 0.434457
-0.323891 0.542923 0.434498
-0.324940 0.541476 0.434248
-0.325920 0.539441 0.434329
-0.326235 0.538760 0.434298
-0.327210 0.537977 0.433675
-0.327292 0.537924 0.433566
-0.327969 0.538023 0.432994
-0.328166 0.537943 0.432799
-0.328864 0.538075 0.432310
-0.328971 0.538016 0.432228
-0.329895 0.538070 0.431663
-0.331207 0.538678 0.430832
-0.331407 0.538416 0.430626
-0.331481 0.538033 0.430518
-0.331492 0.537571 0.430462
-0.331447 0.537030 0.430451
-0.331378 0.536467 0.430480
-0.331331 0.535960 0.430518
-0.331673 0.534859 0.430663
-0.332391 0.532079 0.430862
-0.332731 0.530907 0.430988
-0.333355 0.528008 0.430974
-0.333246 0.527725 0.430654
-0.333235 0.527464 0.430306
-0.333261 0.527125 0.429998
-0.333286 0.526720 0.429752
-0.333295 0.526262 0.429574
-0.333283 0.525760 0.429463
-0.333261 0.525250 0.429418
-0.333200 0.524662 0.429423
-0.333141 0.524098 0.429470
-0.333040 0.523458 0.429572
-0.332927 0.522813 0.429718
-0.332825 0.522202 0.429872
-0.332706 0.521560 0.430051
-0.332542 0.520852 0.430291
-0.332402 0.520204 0.430518
-0.332248 0.519533 0.430762
-0.332049 0.518798 0.431068
-0.331879 0.518131 0.431309
-0.331669 0.517394 0.431534
-0.331507 0.516733 0.431701
-0.331347 0.516063 0.431853
-0.331157 0.515343 0.432021
-0.331009 0.514700 0.432156
-0.330829 0.513997 0.432308
-0.330658 0.513318 0.432452
-0.330521 0.512694 0.432571
-0.330378 0.512054 0.432687
-0.330682 0.510939 0.432842
-0.331342 0.508097 0.433094
-0.331657 0.506906 0.433229
-0.332298 0.503923 0.433277
-0.332235 0.503578 0.433068
-0.332208 0.503252 0.432901
-0.332182 0.502845 0.432774
-0.332147 0.502383 0.432708
-0.332106 0.501895 0.432690
-0.332041 0.501356 0.432702
-0.332330 0.500253 0.432835
-0.332989 0.497475 0.432990
-0.333286 0.496296 0.433101
-0.333939 0.493416 0.433011
-0.333920 0.493176 0.432605
-0.333953 0.492939 0.432183
-0.334001 0.492617 0.431861
-0.334035 0.492220 0.431591
-0.334050 0.491771 0.431381
-0.334045 0.491282 0.431229
-0.334010 0.490731 0.431124
-0.333958 0.490166 0.431086
-0.333955 0.490017 0.431085
-0.334294 0.489607 0.431019
-0.334336 0.489457 0.431013
-0.334868 0.489033 0.430921
-0.334919 0.488891 0.430914
-0.335432 0.488507 0.430824
-0.335496 0.488361 0.430814
-0.336110 0.487948 0.430703
-0.336169 0.487807 0.430693
-0.336711 0.487427 0.430591
-0.336779 0.487281 0.430578
-0.337272 0.486926 0.430482
-0.337610 0.485819 0.430586
-0.338477 0.483067 0.430624
-0.338765 0.481893 0.430702
-0.339470 0.479073 0.430369
-0.339479 0.478860 0.429815
-0.339498 0.478640 0.429305
-0.339518 0.478341 0.428808
-0.339534 0.477980 0.428469
-0.339757 0.476904 0.428530
-0.340166 0.474283 0.428383
-0.340362 0.473138 0.428419
-0.340605 0.470516 0.427856
-0.340515 0.470491 0.427026
-0.340526 0.470348 0.426586
-0.340773 0.470412 0.426237
-0.340931 0.470224 0.425930
-0.341320 0.470243 0.425522
-0.341480 0.470018 0.425268
-0.341796 0.469974 0.425003
-0.341983 0.469701 0.424786
-0.342311 0.469623 0.424561
-0.342501 0.469322 0.424384
-0.342899 0.469211 0.424147
-0.343053 0.468898 0.424017
-0.343427 0.468761 0.423834
-0.343572 0.468429 0.423740
-0.343872 0.468288 0.423627
-0.344072 0.467867 0.423535
-0.344366 0.467745 0.423450
-0.344564 0.467320 0.423391
-0.344857 0.467191 0.423328
-0.345024 0.466823 0.423297
-0.345399 0.466624 0.423237
-0.345538 0.466252 0.423226
-0.345832 0.466075 0.423189
-0.345996 0.465682 0.423183
-0.346301 0.465496 0.423153
-0.346470 0.465097 0.423155
-0.346842 0.464873 0.423136
-0.346978 0.464485 0.423152
-0.347331 0.464261 0.423146
-0.347430 0.463971 0.423158
-0.347803 0.463685 0.423151
-0.347935 0.463284 0.423176
-0.348223 0.463088 0.423172
-0.348381 0.462680 0.423195
-0.348682 0.462484 0.423193
-0.348874 0.462000 0.423232
-0.349160 0.461840 0.423235
-0.349321 0.461445 0.423263
-0.349511 0.460300 0.423379
-0.350081 0.458256 0.423482
-0.350195 0.457658 0.423456
-0.350370 0.456440 0.423534
-0.350939 0.454191 0.423445
-0.351002 0.453759 0.423230
-0.351245 0.453761 0.422953
-0.351391 0.453580 0.422698
-0.351703 0.453600 0.422426
-0.351890 0.453381 0.422193
-0.352223 0.453353 0.421953
-0.352420 0.453090 0.421755
-0.352830 0.453025 0.421496
-0.352952 0.452803 0.421392
-0.353364 0.452642 0.421177
-0.353521 0.452318 0.421061
-0.353900 0.452180 0.420900
-0.354010 0.451927 0.420842
-0.354407 0.451710 0.420710
-0.354519 0.451440 0.420667
-0.354970 0.451179 0.420550
-0.355018 0.451038 0.420537
-0.355522 0.450643 0.420437
-0.355560 0.450499 0.420431
-0.356032 0.450087 0.420365
-0.356068 0.449941 0.420363
-0.356492 0.449547 0.420318
-0.356536 0.449394 0.420317
-0.356978 0.448984 0.420282
-0.357023 0.448829 0.420284
-0.357470 0.448412 0.420259
-0.357554 0.448115 0.420267
-0.357916 0.447830 0.420254
-0.358046 0.447430 0.420271
-0.358400 0.447208 0.420268
-0.358500 0.446919 0.420279
-0.358880 0.446642 0.420273
-0.358985 0.446345 0.420284
-0.359370 0.446064 0.420278
-0.359508 0.445666 0.420298
-0.359958 0.445400 0.420318
-0.360463 0.445314 0.420325
-0.361037 0.445282 0.420311
-0.361554 0.445279 0.420271
-0.362100 0.445297 0.420204
-0.362658 0.445330 0.420117
-0.363222 0.445372 0.420014
-0.363835 0.445434 0.419884
-0.364418 0.445495 0.419747
-0.364953 0.445547 0.419617
-0.365561 0.445618 0.419463
-0.366103 0.445675 0.419323
-0.366670 0.445736 0.419177
-0.367293 0.445813 0.419011
-0.367885 0.445886 0.418847
-0.368470 0.445957 0.418685
-0.369010 0.446014 0.418540
-0.369579 0.446074 0.418391
-0.370158 0.446137 0.418241
-0.370788 0.446215 0.418073
-0.371386 0.446286 0.417910
-0.371931 0.446342 0.417767
-0.372505 0.446401 0.417621
-0.373135 0.446474 0.417457
-0.373689 0.446530 0.417315
-0.374314 0.446601 0.417154
-0.374565 0.446608 0.417096
-0.375102 0.443693 0.417236
-0.375318 0.443412 0.417144
-0.375742 0.440493 0.417132
-0.376126 0.440475 0.416561
-0.376721 0.441009 0.415857
-0.377362 0.441420 0.415248
-0.378000 0.441722 0.414748
-0.378625 0.441948 0.414343
-0.379192 0.442096 0.414051
-0.379831 0.442242 0.413769
-0.380440 0.442358 0.413535
-0.380993 0.442436 0.413356
-0.381572 0.442507 0.413193
-0.382205 0.442586 0.413025
-0.382806 0.442654 0.412875
-0.383354 0.442701 0.412749
-0.383975 0.442760 0.412614
-0.384572 0.442813 0.412487
-0.385119 0.442851 0.412377
-0.385741 0.442901 0.412255
-0.386293 0.442937 0.412150
-0.386871 0.442974 0.412043
-0.387504 0.443023 0.411926
-0.388105 0.443068 0.411812
-0.388699 0.443109 0.411701
-0.389246 0.443138 0.411603
-0.389824 0.443170 0.411502
-0.390458 0.443214 0.411391
-0.391062 0.443255 0.411283
-0.391412 0.443254 0.411224
-0.391790 0.442863 0.409060
-0.392076 0.442734 0.408995
-0.392358 0.442231 0.407147
-0.392600 0.442033 0.407319
-0.392822 0.441548 0.405770
-0.393113 0.441192 0.406034
-0.393262 0.440804 0.404817
-0.393589 0.440246 0.404997
-0.393661 0.440033 0.404343
-0.394032 0.439223 0.404126
-0.394088 0.439000 0.403490
-0.394406 0.438235 0.403154
-0.394461 0.437998 0.402518
-0.394776 0.437193 0.402285
-0.394825 0.436950 0.401672
-0.395139 0.436022 0.401828
-0.395174 0.435783 0.401247
-0.395432 0.434973 0.401024
-0.395458 0.434731 0.400360
-0.395693 0.433833 0.400072
-0.395705 0.433605 0.399392
-0.395935 0.432865 0.398822
-0.395951 0.432439 0.397566
-0.396177 0.431786 0.397888
-0.396528 0.431417 0.398852
-0.396856 0.430146 0.401631
-0.396799 0.429792 0.399341
-0.396638 0.429381 0.397449
-0.396448 0.428984 0.395758
-0.396191 0.428588 0.394344
-0.395913 0.428262 0.393069
-0.395645 0.428029 0.391694
-0.395354 0.427905 0.390369
-0.395199 0.427812 0.389106
-0.395080 0.427571 0.388950
-0.395138 0.427564 0.389098
-0.395119 0.427496 0.387622
-0.395143 0.427364 0.387839
-0.395233 0.427383 0.388019
-0.395259 0.427404 0.386552
-0.395324 0.427344 0.386742
-0.395605 0.427502 0.387277
-0.395771 0.427417 0.387784
-0.396091 0.427523 0.388213
-0.396277 0.427389 0.388562
-0.396610 0.427454 0.388853
-0.396805 0.427284 0.389089
-0.397222 0.427348 0.389350
-0.397388 0.427154 0.389506
-0.397714 0.427156 0.389640
-0.397909 0.426928 0.389744
-0.398252 0.426907 0.389832
-0.398425 0.425762 0.390019
-0.398737 0.423470 0.390464
-0.398922 0.423054 0.390636
-0.399066 0.421812 0.390865
-0.399297 0.419408 0.391394
-0.399525 0.418856 0.391746
-0.399586 0.418558 0.391900
-0.399908 0.418531 0.392041
-0.400038 0.418285 0.392112
-0.400416 0.418254 0.392182
-0.400637 0.417947 0.392243
-0.400679 0.417574 0.392276
-0.400660 0.417171 0.392275
-0.400624 0.416745 0.392245
-0.400592 0.416316 0.392198
-0.400547 0.415847 0.392121
-0.400512 0.415398 0.392044
-0.400474 0.414931 0.391954
-0.400426 0.414438 0.391841
-0.400389 0.413975 0.391740
-0.400342 0.413477 0.391617
-0.400233 0.413426 0.390714
-0.400039 0.413143 0.389139
-0.399926 0.413129 0.388251
-0.399753 0.413020 0.386898
-0.399639 0.413037 0.386053
-0.399488 0.413054 0.384867
-0.399372 0.413094 0.384047
-0.399236 0.413206 0.382952
-0.399027 0.413350 0.381496
-0.399038 0.413660 0.381290
-0.399153 0.413722 0.381818
-0.399213 0.413619 0.382142
-0.399231 0.413374 0.382267
-0.399232 0.413051 0.382307
-0.399319 0.413040 0.382314
-0.399635 0.412672 0.382302
-0.400163 0.412666 0.382285
-0.400807 0.412722 0.382280
-0.401394 0.412769 0.382285
-0.402064 0.412826 0.382290
-0.402659 0.412867 0.382295
-0.403280 0.412907 0.382298
-0.403911 0.412947 0.382299
-0.404544 0.412986 0.382300
-0.405233 0.413033 0.382301
-0.405833 0.413065 0.382303
-0.406111 0.413067 0.382305
-0.406155 0.413256 0.379967
-0.406295 0.413314 0.379945
-0.406461 0.413721 0.377792
-0.407325 0.414259 0.378215
-0.408042 0.414528 0.378499
-0.408734 0.414708 0.378654
-0.409405 0.414839 0.378746
-0.410122 0.414957 0.378815
-0.410738 0.415031 0.378858
-0.411374 0.415091 0.378889
-0.412071 0.415155 0.378918
-0.412678 0.415195 0.378940
-0.413362 0.415241 0.378959
-0.413965 0.415269 0.378975
-0.414647 0.415306 0.378990
-0.415249 0.415328 0.379003
-0.415930 0.415358 0.379016
-0.416532 0.415377 0.379028
-0.417159 0.415395 0.379037
-0.417850 0.415421 0.379049
-0.418505 0.415444 0.379062
-0.419100 0.415457 0.379072
-0.419725 0.415470 0.379081
-0.420361 0.415483 0.379091
-0.421054 0.415505 0.379102
-0.421659 0.415516 0.379114
-0.422342 0.415535 0.379125
-0.422943 0.415544 0.379137
