-0.080729 0.886055 0.407063
-0.082005 0.886022 0.406993
-0.082810 0.885991 0.406944
-0.083974 0.885576 0.406923
-0.086070 0.884403 0.407050
-0.087014 0.883915 0.407133
-0.087229 0.883525 0.407224
-0.088091 0.883204 0.407249
-0.088352 0.882728 0.407336
-0.088271 0.882257 0.407422
-0.088252 0.881963 0.407469
-0.087001 0.881755 0.407584
-0.086674 0.881390 0.407658
-0.085395 0.881137 0.407782
-0.084632 0.880511 0.407927
-0.083609 0.880291 0.408034
-0.082513 0.879554 0.408219
-0.081406 0.879271 0.408341
-0.081018 0.879055 0.408398
-0.082356 0.876807 0.408679
-0.081863 0.876442 0.408791
-0.081323 0.876040 0.408904
-0.082044 0.873133 0.409366
-0.081414 0.872629 0.409509
-0.078192 0.869745 0.410216
-0.077431 0.869376 0.410323
-0.074402 0.866974 0.410858
-0.073712 0.866662 0.410944
-0.072545 0.865901 0.411111
-0.073488 0.863044 0.411444
-0.072930 0.862552 0.411554
-0.072331 0.862018 0.411663
-0.072923 0.858625 0.412087
-0.072281 0.858028 0.412209
-0.071603 0.857392 0.412328
-0.071946 0.853651 0.412780
-0.071259 0.852987 0.412901
-0.069900 0.851619 0.413124
-0.070324 0.847825 0.413536
-0.069658 0.847160 0.413642
-0.066786 0.844052 0.414069
-0.066011 0.843577 0.414139
-0.062980 0.840677 0.414489
-0.062317 0.840319 0.414538
-0.060096 0.838285 0.414761
-0.059472 0.837969 0.414802
-0.056925 0.835505 0.415060
-0.057669 0.834743 0.415083
-0.058696 0.832256 0.415275
-0.058889 0.831815 0.415321
-0.060000 0.830930 0.415363
-0.061381 0.827770 0.415645
-0.061544 0.827357 0.415690
-0.062640 0.826487 0.415734
-0.064153 0.823835 0.415961
-0.064373 0.823387 0.416008
-0.065500 0.822483 0.416061
-0.067039 0.819762 0.416297
-0.067462 0.818606 0.416422
-0.067249 0.817564 0.416520
-0.067722 0.816663 0.416632
-0.066388 0.813881 0.416959
-0.068541 0.817125 0.416165
-0.068659 0.817145 0.416162
-0.069765 0.816647 0.416177
-0.070760 0.816205 0.416202
-0.071528 0.815943 0.416231
-0.072247 0.815429 0.416267
-0.072491 0.815313 0.416275
-0.072650 0.814807 0.416303
-0.072527 0.814316 0.416323
-0.072047 0.813895 0.416343
-0.071877 0.813504 0.416359
-0.071761 0.813232 0.416372
-0.071558 0.812893 0.416410
-0.071182 0.812412 0.416455
-0.071048 0.812077 0.416498
-0.070044 0.810587 0.416667
-0.069927 0.810077 0.416686
-0.069835 0.809599 0.416743
-0.070058 0.809398 0.416775
-0.070327 0.809389 0.416798
-0.070756 0.809377 0.416819
-0.070917 0.809258 0.416851
-0.071365 0.809351 0.416882
-0.071892 0.809416 0.416893
-0.072333 0.809563 0.416899
-0.073138 0.809666 0.416888
-0.073520 0.809663 0.416895
-0.073539 0.809614 0.416907
-0.073667 0.809595 0.416915
-0.073877 0.809451 0.416933
-0.073954 0.809394 0.416944
-0.074038 0.809163 0.416967
-0.074126 0.809028 0.416981
-0.075113 0.808409 0.417026
-0.076066 0.807786 0.417074
-0.076675 0.807350 0.417115
-0.077927 0.806448 0.417179
-0.078963 0.805586 0.417239
-0.080113 0.803930 0.417363
-0.080172 0.803404 0.417382
-0.080225 0.802487 0.417435
-0.079965 0.801663 0.417477
-0.079798 0.800657 0.417515
-0.079610 0.800379 0.417531
-0.079288 0.799965 0.417572
-0.079182 0.799478 0.417598
-0.079173 0.799132 0.417632
-0.079195 0.798816 0.417658
-0.079249 0.798702 0.417671
-0.079260 0.798453 0.417695
-0.079268 0.798381 0.417709
-0.079259 0.797899 0.417760
-0.079284 0.797762 0.417765
-0.079258 0.797323 0.417788
-0.079230 0.797201 0.417810
-0.079259 0.796927 0.417846
-0.079300 0.796799 0.417863
-0.079303 0.796515 0.417890
-0.079382 0.796423 0.417906
-0.079554 0.796201 0.417942
-0.079655 0.796101 0.417947
-0.080708 0.795443 0.417977
-0.081658 0.794882 0.418016
-0.082763 0.794107 0.418069
-0.082974 0.793833 0.418090
-0.083214 0.793483 0.418126
-0.083333 0.793261 0.418127
-0.083567 0.792989 0.418129
-0.083652 0.792853 0.418129
-0.083881 0.792681 0.418140
-0.084047 0.792518 0.418140
-0.084291 0.792387 0.418141
-0.084397 0.792295 0.418151
-0.084530 0.792229 0.418167
-0.084583 0.792092 0.418186
-0.084739 0.791995 0.418197
-0.084771 0.791853 0.418205
-0.084929 0.791739 0.418214
-0.084956 0.791623 0.418223
-0.085254 0.791501 0.418240
-0.085304 0.791488 0.418251
-0.085572 0.791440 0.418280
-0.085595 0.791381 0.418291
-0.085711 0.791324 0.418314
-0.085782 0.791249 0.418324
-0.086083 0.791117 0.418353
-0.086077 0.791106 0.418358
-0.086193 0.791076 0.418371
-0.086249 0.791018 0.418375
-0.086479 0.790898 0.418389
-0.086577 0.790816 0.418394
-0.086970 0.790607 0.418410
-0.087024 0.790562 0.418414
-0.087397 0.790402 0.418432
-0.087447 0.790343 0.418437
-0.087652 0.790246 0.418448
-0.087818 0.790083 0.418465
-0.088170 0.789952 0.418480
-0.088224 0.789934 0.418491
-0.088457 0.789921 0.418505
-0.088602 0.789813 0.418507
-0.088828 0.789693 0.418505
-0.090008 0.789007 0.418533
-0.091114 0.788332 0.418567
-0.092212 0.787561 0.418622
-0.092739 0.787107 0.418626
-0.092970 0.786887 0.418635
-0.093095 0.786727 0.418640
-0.093158 0.786709 0.418643
-0.093226 0.786676 0.418647
-0.093600 0.786574 0.418648
-0.093645 0.786552 0.418655
-0.093860 0.786532 0.418667
-0.093953 0.786464 0.418673
-0.094174 0.786379 0.418683
-0.094249 0.786313 0.418687
-0.094442 0.786210 0.418701
-0.094529 0.786122 0.418705
-0.094774 0.785983 0.418711
-0.094830 0.785928 0.418721
-0.095017 0.785824 0.418740
-0.095061 0.785766 0.418750
-0.095226 0.785639 0.418771
-0.095294 0.785581 0.418780
-0.095546 0.785449 0.418795
-0.095844 0.785373 0.418797
-0.095915 0.785417 0.418823
-0.095952 0.785387 0.418832
-0.096239 0.785320 0.418849
-0.096555 0.785116 0.418862
-0.096773 0.784797 0.418879
-0.096879 0.784508 0.418892
-0.096810 0.784278 0.418911
-0.096894 0.783861 0.418925
-0.096576 0.783660 0.418960
-0.096688 0.783374 0.418957
-0.096705 0.783062 0.418963
-0.096534 0.782823 0.418971
-0.096542 0.782260 0.418983
-0.096132 0.781996 0.419021
-0.095795 0.781879 0.419051
-0.095923 0.781514 0.419048
-0.095810 0.781139 0.419071
-0.095692 0.780748 0.419088
-0.095361 0.780517 0.419135
-0.095285 0.780476 0.419141
-0.094999 0.780417 0.419141
-0.094899 0.780389 0.419146
-0.095758 0.779772 0.419183
-0.096521 0.779229 0.419216
-0.097229 0.778399 0.419247
-0.097263 0.778156 0.419258
-0.096942 0.777908 0.419284
-0.096497 0.777815 0.419293
-0.096282 0.777541 0.419283
-0.096083 0.777321 0.419255
-0.095893 0.776972 0.419249
-0.095681 0.776846 0.419248
-0.095338 0.776466 0.419240
-0.095080 0.776344 0.419239
-0.094834 0.776235 0.419241
-0.095677 0.775507 0.419275
-0.096464 0.774850 0.419309
-0.097748 0.773826 0.419382
-0.098664 0.772989 0.419444
-0.099313 0.771907 0.419500
-0.099520 0.771410 0.419491
-0.099351 0.770328 0.419483
-0.099085 0.770182 0.419475
-0.098574 0.769842 0.419452
-0.098233 0.769740 0.419442
-0.097755 0.769464 0.419430
-0.097463 0.769387 0.419423
-0.096956 0.769201 0.419408
-0.096720 0.769040 0.419396
-0.096371 0.768775 0.419378
-0.096186 0.768717 0.419371
-0.095900 0.768531 0.419350
-0.095624 0.768468 0.419338
-0.095196 0.768295 0.419313
-0.094952 0.768108 0.419302
-0.094541 0.767727 0.419281
-0.094262 0.767592 0.419270
-0.093690 0.767400 0.419250
-0.093432 0.767363 0.419236
-0.094249 0.766666 0.419288
-0.095062 0.765948 0.419334
-0.095510 0.765138 0.419368
-0.095480 0.764634 0.419361
-0.095110 0.764193 0.419331
-0.094922 0.764036 0.419324
-0.094152 0.763582 0.419266
-0.093473 0.762719 0.419210
-0.093111 0.761988 0.419178
-0.092678 0.761345 0.419149
-0.092219 0.760932 0.419154
-0.091638 0.760433 0.419134
-0.091360 0.760042 0.419116
-0.091082 0.759866 0.419107
-0.090665 0.759663 0.419119
-0.090732 0.759384 0.419112
-0.090657 0.758862 0.419089
-0.090549 0.758827 0.419088
-0.090167 0.758807 0.419079
-0.090048 0.758738 0.419077
-0.089702 0.758556 0.419060
-0.089503 0.758441 0.419052
-0.089208 0.758192 0.419015
-0.089022 0.758087 0.419015
-0.089788 0.757453 0.419101
-0.090440 0.756959 0.419170
-0.090937 0.756247 0.419224
-0.090914 0.756026 0.419226
-0.090828 0.755520 0.419198
-0.090698 0.755397 0.419172
-0.090204 0.755074 0.419109
-0.090013 0.754951 0.419083
-0.089577 0.754619 0.419017
-0.089411 0.754514 0.419009
-0.089081 0.754294 0.418991
-0.088692 0.753933 0.418954
-0.088522 0.753679 0.418946
-0.088111 0.753065 0.418904
-0.087921 0.752914 0.418902
-0.087427 0.752730 0.418890
-0.087268 0.752556 0.418874
-0.086923 0.752151 0.418829
-0.086770 0.751980 0.418812
-0.086185 0.751676 0.418778
-0.086036 0.751525 0.418767
-0.085662 0.751094 0.418736
-0.085516 0.750875 0.418720
-0.086349 0.750090 0.418796
-0.087095 0.749456 0.418860
-0.087580 0.748586 0.418908
-0.087531 0.748148 0.418893
-0.087236 0.747642 0.418855
-0.087060 0.747532 0.418840
-0.086726 0.747130 0.418788
-0.086613 0.746992 0.418766
-0.086508 0.746677 0.418723
-0.086370 0.746587 0.418694
-0.086045 0.746259 0.418653
-0.085817 0.746099 0.418630
-0.085434 0.745784 0.418595
-0.085048 0.745432 0.418542
-0.084868 0.745130 0.418519
-0.084514 0.744744 0.418471
-0.084349 0.744623 0.418463
-0.083793 0.744396 0.418430
-0.083665 0.744266 0.418430
-0.084507 0.743522 0.418518
-0.085224 0.742885 0.418594
-0.085887 0.742111 0.418645
-0.086020 0.741866 0.418634
-0.085937 0.741035 0.418585
-0.085776 0.740855 0.418563
-0.085429 0.740319 0.418510
-0.085176 0.740092 0.418486
-0.084767 0.739653 0.418450
-0.084531 0.739409 0.418431
-0.083992 0.738265 0.418373
-0.083730 0.738087 0.418364
-0.083335 0.737618 0.418346
-0.082836 0.737196 0.418312
-0.082716 0.736955 0.418303
-0.082343 0.736629 0.418279
-0.082162 0.736468 0.418275
-0.081687 0.736222 0.418256
-0.081456 0.736007 0.418242
-0.082260 0.735144 0.418327
-0.082951 0.734321 0.418405
-0.083344 0.733772 0.418446
-0.083541 0.733411 0.418459
-0.083557 0.732756 0.418454
-0.083463 0.732434 0.418438
-0.083200 0.731627 0.418389
-0.082959 0.731267 0.418352
-0.082559 0.730476 0.418301
-0.082315 0.730081 0.418277
-0.081808 0.729362 0.418241
-0.081467 0.728979 0.418215
-0.080798 0.728135 0.418161
-0.080479 0.727720 0.418134
-0.079937 0.726945 0.418085
-0.079585 0.726610 0.418066
-0.079073 0.725896 0.418043
-0.078806 0.725545 0.418024
-0.078391 0.724665 0.417981
-0.078080 0.724234 0.417961
-0.077286 0.723153 0.417917
-0.076978 0.722885 0.417909
-0.076471 0.722207 0.417898
-0.076165 0.721876 0.417882
-0.075750 0.721139 0.417866
-0.075474 0.720759 0.417848
-0.074928 0.719809 0.417818
-0.074659 0.719353 0.417802
-0.074203 0.718507 0.417779
-0.074001 0.718217 0.417765
-0.074910 0.717296 0.417847
-0.075721 0.716434 0.417939
-0.076141 0.715837 0.417987
-0.077393 0.714721 0.418106
-0.078443 0.713788 0.418222
-0.079297 0.712566 0.418279
-0.079430 0.712053 0.418277
-0.079220 0.711093 0.418231
-0.078928 0.710194 0.418208
-0.078696 0.709693 0.418160
-0.077909 0.708413 0.418047
-0.077520 0.706838 0.417989
-0.077481 0.706488 0.417982
-0.077211 0.705474 0.417967
-0.077158 0.705158 0.417976
-0.077060 0.704581 0.418004
-0.077067 0.704301 0.418008
-0.077096 0.703619 0.418015
-0.076997 0.703184 0.418036
-0.076884 0.702948 0.418060
-0.077002 0.702660 0.418085
-0.077019 0.702544 0.418089
-0.078046 0.701873 0.418215
-0.079088 0.701325 0.418347
-0.079702 0.700844 0.418429
-0.080319 0.700299 0.418493
-0.080499 0.700007 0.418497
-0.080748 0.699661 0.418522
-0.080819 0.699504 0.418518
-0.080993 0.699234 0.418531
-0.081028 0.699101 0.418534
-0.081177 0.698913 0.418544
-0.081230 0.698737 0.418548
-0.081336 0.698530 0.418553
-0.082460 0.697737 0.418685
-0.083459 0.696993 0.418818
-0.085110 0.695657 0.419022
-0.086433 0.694494 0.419180
-0.087872 0.693076 0.419336
-0.088505 0.691119 0.419307
-0.088652 0.688976 0.419223
-0.087861 0.687376 0.419123
-0.087782 0.685156 0.419060
-0.087326 0.683493 0.419044
-0.086705 0.681096 0.419050
-0.085706 0.680835 0.419042
-0.085286 0.680492 0.419056
-0.085220 0.680072 0.419065
-0.085045 0.678867 0.419047
-0.084825 0.677362 0.419011
-0.084540 0.676079 0.419043
-0.084576 0.675147 0.419032
-0.084398 0.675017 0.419020
-0.084296 0.674905 0.419037
-0.084150 0.674702 0.419042
-0.084111 0.674414 0.419038
-0.084146 0.673912 0.419032
-0.083969 0.673329 0.419024
-0.083543 0.672487 0.419000
-0.083196 0.671428 0.419016
-0.082899 0.670373 0.419016
-0.082478 0.669935 0.418988
-0.082409 0.669584 0.419015
-0.082272 0.669464 0.419030
-0.082321 0.669034 0.419030
-0.082280 0.667933 0.419002
-0.082006 0.666857 0.419009
-0.081870 0.666643 0.419001
-0.082841 0.666052 0.419135
-0.083786 0.665319 0.419267
-0.086576 0.663607 0.419669
-0.088785 0.660947 0.419848
-0.088936 0.659600 0.419700
-0.088819 0.658915 0.419626
-0.088681 0.658467 0.419596
-0.088619 0.657568 0.419570
-0.088333 0.657121 0.419544
-0.088057 0.656392 0.419556
-0.087922 0.655971 0.419555
-0.087959 0.655365 0.419564
-0.087670 0.655466 0.419549
-0.087787 0.654912 0.419575
-0.087509 0.653879 0.419571
-0.087075 0.653554 0.419572
-0.087028 0.652718 0.419584
-0.086843 0.652698 0.419586
-0.086751 0.652305 0.419585
-0.086630 0.652184 0.419588
-0.086729 0.651589 0.419606
-0.086445 0.651080 0.419608
-0.086267 0.650884 0.419615
-0.086109 0.650626 0.419617
-0.086106 0.649583 0.419620
-0.085900 0.649285 0.419615
-0.085900 0.648605 0.419621
-0.085959 0.647472 0.419630
-0.085707 0.647502 0.419645
-0.085673 0.647538 0.419669
-0.085644 0.647367 0.419674
-0.085656 0.647274 0.419680
-0.085652 0.647105 0.419688
-0.085653 0.646949 0.419712
-0.085603 0.646124 0.419737
-0.085359 0.645228 0.419723
-0.085268 0.645182 0.419723
-0.085057 0.645097 0.419709
-0.085039 0.644830 0.419711
-0.084794 0.644571 0.419686
-0.084749 0.644247 0.419673
-0.084525 0.643587 0.419645
-0.084488 0.643073 0.419630
-0.084396 0.642488 0.419615
-0.085294 0.641256 0.419743
-0.086138 0.640064 0.419875
-0.086587 0.639098 0.419948
-0.086858 0.637419 0.419997
-0.086770 0.636841 0.419988
-0.086536 0.635767 0.419940
-0.086373 0.635308 0.419912
-0.085875 0.633987 0.419830
-0.085793 0.633359 0.419800
-0.085587 0.631897 0.419771
-0.085362 0.631277 0.419755
-0.084911 0.630065 0.419704
-0.084683 0.629434 0.419677
-0.084269 0.628186 0.419629
-0.084073 0.627524 0.419606
-0.083708 0.626386 0.419568
-0.083400 0.626012 0.419547
-0.082984 0.624954 0.419505
-0.082309 0.624578 0.419456
-0.082142 0.624168 0.419438
-0.081792 0.623362 0.419395
-0.081726 0.622746 0.419377
-0.081441 0.621618 0.419337
-0.081230 0.621222 0.419324
-0.080779 0.620384 0.419287
-0.080610 0.619952 0.419269
-0.080257 0.619069 0.419223
-0.080136 0.618536 0.419213
-0.079750 0.617643 0.419206
-0.079590 0.617150 0.419195
-0.079073 0.615844 0.419147
-0.078997 0.615307 0.419150
-0.078755 0.614273 0.419128
-0.078721 0.613452 0.419126
-0.078533 0.611775 0.419116
-0.078369 0.611070 0.419114
-0.077906 0.609802 0.419095
-0.077714 0.609170 0.419088
-0.077207 0.608215 0.419062
-0.077088 0.607454 0.419052
-0.076879 0.605744 0.419035
-0.076714 0.605063 0.419036
-0.076311 0.603959 0.419007
-0.076099 0.603539 0.418996
-0.076915 0.602536 0.419133
-0.077631 0.601710 0.419263
-0.079062 0.600446 0.419483
-0.080318 0.599134 0.419676
-0.081446 0.597756 0.419830
-0.081994 0.596487 0.419872
-0.082022 0.596065 0.419871
-0.081885 0.594948 0.419813
-0.081763 0.594636 0.419787
-0.081480 0.594184 0.419738
-0.081437 0.593689 0.419716
-0.081271 0.592957 0.419686
-0.081231 0.592422 0.419669
-0.081149 0.591206 0.419645
-0.080979 0.590964 0.419616
-0.080756 0.590246 0.419582
-0.080596 0.590021 0.419562
-0.080353 0.589473 0.419533
-0.080240 0.589200 0.419520
-0.080144 0.588408 0.419500
-0.080047 0.588071 0.419497
-0.079903 0.587485 0.419485
-0.079744 0.586697 0.419472
-0.079691 0.586212 0.419472
-0.079461 0.585525 0.419447
-0.079358 0.585131 0.419438
-0.079202 0.584823 0.419428
-0.080074 0.583896 0.419573
-0.080892 0.583133 0.419725
-0.081430 0.582450 0.419814
-0.082767 0.581267 0.420024
-0.083977 0.580069 0.420216
-0.085227 0.578394 0.420425
-0.085493 0.577938 0.420470
-0.085793 0.576881 0.420507
-0.085765 0.576693 0.420499
-0.085653 0.575913 0.420454
-0.085598 0.575714 0.420435
-0.085367 0.575448 0.420389
-0.085295 0.575253 0.420369
-0.085258 0.574446 0.420340
-0.085244 0.574036 0.420339
-0.085120 0.573359 0.420332
-0.084999 0.573107 0.420325
-0.084830 0.572328 0.420304
-0.084793 0.571837 0.420295
-0.084673 0.570842 0.420283
-0.084637 0.570284 0.420279
-0.084599 0.569001 0.420263
-0.084581 0.568343 0.420260
-0.084435 0.567127 0.420242
-0.084235 0.566892 0.420230
-0.083728 0.566311 0.420178
-0.083659 0.566021 0.420177
-0.083597 0.565652 0.420173
-0.084495 0.564700 0.420335
-0.085386 0.563700 0.420500
-0.086962 0.562304 0.420774
-0.088146 0.561367 0.421002
-0.088965 0.560548 0.421154
-0.089551 0.559731 0.421243
-0.089975 0.558942 0.421298
-0.090166 0.558420 0.421322
-0.090378 0.557433 0.421337
-0.090375 0.557036 0.421340
-0.090406 0.555988 0.421345
-0.090181 0.555515 0.421314
-0.090058 0.555348 0.421294
-0.090869 0.554661 0.421447
-0.091672 0.553907 0.421596
-0.092594 0.552726 0.421754
-0.092777 0.552397 0.421786
-0.092980 0.551730 0.421809
-0.092990 0.551414 0.421810
-0.093048 0.550633 0.421811
-0.092973 0.550425 0.421802
-0.092849 0.549999 0.421786
-0.092789 0.549717 0.421775
-0.092649 0.549264 0.421757
-0.092564 0.549065 0.421743
-0.092402 0.548719 0.421721
-0.092380 0.548374 0.421716
-0.092406 0.547427 0.421716
-0.092265 0.547290 0.421702
-0.092044 0.546976 0.421674
-0.092021 0.546616 0.421663
-0.091904 0.546114 0.421648
-0.091858 0.545806 0.421643
-0.091800 0.545507 0.421641
-0.092658 0.544690 0.421818
-0.093542 0.543758 0.421998
-0.094993 0.542597 0.422286
-0.096165 0.541653 0.422524
-0.097053 0.540641 0.422691
-0.098609 0.539145 0.422991
-0.099886 0.537901 0.423244
-0.101608 0.536431 0.423596
-0.102965 0.535255 0.423878
-0.104541 0.533642 0.424193
-0.104930 0.533131 0.424269
-0.105390 0.532174 0.424353
-0.105576 0.531295 0.424373
-0.105633 0.529648 0.424353
-0.105722 0.528255 0.424354
-0.105766 0.527875 0.424368
-0.105806 0.527097 0.424403
-0.105855 0.526713 0.424419
-0.105976 0.525804 0.424456
-0.106051 0.525336 0.424476
-0.106209 0.523860 0.424545
-0.106203 0.523538 0.424568
-0.106142 0.523106 0.424591
-0.106125 0.522962 0.424602
-0.106179 0.522404 0.424644
-0.106256 0.522022 0.424666
-0.106355 0.521242 0.424715
-0.106415 0.520873 0.424739
-0.107312 0.519949 0.424949
-0.108177 0.519005 0.425157
-0.108775 0.518320 0.425311
-0.109179 0.517771 0.425419
-0.109514 0.517171 0.425504
-0.109963 0.515978 0.425628
-0.110160 0.515355 0.425683
-0.110410 0.514288 0.425770
-0.110469 0.513951 0.425806
-0.110491 0.513453 0.425847
-0.110542 0.513160 0.425872
-0.110560 0.512781 0.425905
-0.110589 0.512654 0.425924
-0.110643 0.512325 0.425966
-0.110712 0.512077 0.425994
-0.110750 0.511877 0.426021
-0.110866 0.511450 0.426070
-0.110882 0.511246 0.426089
-0.110910 0.510952 0.426128
-0.110931 0.510799 0.426141
-0.111013 0.510534 0.426169
-0.111043 0.510388 0.426180
-0.111928 0.509507 0.426386
-0.112830 0.508526 0.426606
-0.113869 0.507210 0.426867
-0.114148 0.506835 0.426941
-0.114461 0.506321 0.427044
-0.114785 0.505513 0.427151
-0.114946 0.505071 0.427216
-0.115219 0.504034 0.427308
-0.115339 0.503442 0.427347
-0.115437 0.502733 0.427406
-0.115643 0.501905 0.427471
-0.115711 0.501653 0.427518
-0.115715 0.501826 0.427542
-0.115852 0.501940 0.427568
-0.116020 0.502026 0.427608
-0.116141 0.501903 0.427634
-0.116968 0.501268 0.427827
-0.119164 0.498946 0.428375
-0.119670 0.498624 0.428517
-0.120042 0.498192 0.428613
-0.120218 0.497870 0.428668
-0.120280 0.498068 0.428696
-0.120497 0.497872 0.428736
-0.120565 0.497979 0.428758
-0.120647 0.498246 0.428767
-0.120777 0.498431 0.428790
-0.120866 0.498766 0.428805
-0.121008 0.498780 0.428836
-0.121802 0.498195 0.429022
-0.123169 0.497215 0.429352
-0.124380 0.496225 0.429646
-0.126135 0.495218 0.430084
-0.127441 0.494346 0.430410
-0.130281 0.492871 0.431140
-0.131395 0.492746 0.431352
-0.131956 0.492543 0.431463
-0.132142 0.492863 0.431505
-0.132381 0.492813 0.431546
-0.132721 0.492303 0.431647
-0.132839 0.492120 0.431694
-0.132932 0.491816 0.431732
-0.133005 0.491837 0.431764
-0.133199 0.491410 0.431820
-0.133243 0.491364 0.431833
-0.134767 0.489928 0.432244
-0.135321 0.489533 0.432384
-0.137433 0.487983 0.432944
-0.139229 0.487823 0.433413
-0.139862 0.488565 0.433498
-0.140356 0.489975 0.433516
-0.140522 0.490689 0.433498
-0.140665 0.491281 0.433473
-0.141001 0.490842 0.433524
-0.141068 0.491349 0.433525
-0.141357 0.491070 0.433586
-0.141438 0.491320 0.433599
-0.141540 0.491624 0.433614
-0.141712 0.491573 0.433658
-0.141996 0.490827 0.433749
-0.142059 0.491233 0.433780
-0.142145 0.491133 0.433804
-0.143699 0.489470 0.434249
-0.144246 0.489026 0.434398
-0.146332 0.487089 0.434994
-0.147062 0.486597 0.435190
-0.149342 0.484794 0.435831
-0.151588 0.483518 0.436470
-0.152066 0.485223 0.436482
-0.152510 0.486383 0.436454
-0.153019 0.487135 0.436465
-0.153209 0.487654 0.436454
-0.153249 0.487881 0.436451
-0.154619 0.487180 0.436837
-0.155216 0.486672 0.436998
-0.157366 0.484635 0.437634
-0.158071 0.484159 0.437837
-0.160459 0.481482 0.438579
-0.161304 0.480408 0.438858
-0.163627 0.477274 0.439651
-0.164382 0.476252 0.439923
-0.166499 0.473848 0.440668
-0.167293 0.472756 0.440940
-0.169531 0.469872 0.441725
-0.171694 0.466041 0.442600
-0.172468 0.463876 0.442934
-0.172432 0.461233 0.443160
-0.172406 0.460493 0.443278
-0.172449 0.458343 0.443411
-0.172173 0.458757 0.443401
-0.172237 0.459107 0.443434
-0.172502 0.458488 0.443552
-0.172515 0.458573 0.443555
-0.172506 0.458485 0.443559
-0.172498 0.458614 0.443541
-0.172559 0.458495 0.443571
-0.172619 0.458447 0.443588
-0.172646 0.458401 0.443611
-0.172657 0.458418 0.443612
-0.172749 0.458431 0.443617
-0.173403 0.457528 0.443839
-0.174027 0.456713 0.444059
-0.174539 0.455650 0.444263
-0.175113 0.454202 0.444523
-0.175287 0.453916 0.444597
-0.175448 0.453400 0.444673
-0.175583 0.453032 0.444728
-0.175702 0.452588 0.444790
-0.175784 0.452309 0.444820
-0.175913 0.452027 0.444886
-0.175994 0.451777 0.444916
-0.176093 0.451182 0.444977
-0.176335 0.450252 0.445183
-0.176521 0.449775 0.445274
-0.176616 0.449513 0.445335
-0.176725 0.449352 0.445372
-0.176860 0.449220 0.445438
-0.177137 0.449758 0.445486
-0.177520 0.450193 0.445596
-0.177818 0.451065 0.445629
-0.178047 0.451701 0.445650
-0.178543 0.452006 0.445767
-0.178776 0.451894 0.445863
-0.179075 0.451327 0.445949
-0.179132 0.452071 0.445895
-0.179351 0.452241 0.445911
-0.179612 0.452562 0.445976
-0.179736 0.452851 0.445983
-0.179975 0.452330 0.446051
-0.180175 0.452860 0.446060
-0.180256 0.452447 0.446074
-0.180577 0.452677 0.446158
-0.180771 0.452449 0.446206
-0.180862 0.452995 0.446191
-0.181228 0.453078 0.446233
-0.181297 0.452814 0.446242
-0.181348 0.452431 0.446281
-0.181572 0.453054 0.446337
-0.181849 0.452837 0.446367
-0.181970 0.452801 0.446399
-0.182138 0.452816 0.446442
-0.182382 0.452965 0.446512
-0.182550 0.452523 0.446517
-0.182755 0.452571 0.446576
-0.182937 0.452794 0.446597
-0.182957 0.452123 0.446630
-0.183264 0.451479 0.446769
-0.183262 0.451664 0.446752
-0.183515 0.451668 0.445857
-0.183935 0.451841 0.444652
-0.184295 0.451768 0.443469
-0.185303 0.451777 0.441406
-0.185618 0.450062 0.441237
-0.185620 0.449462 0.441223
-0.185823 0.449304 0.440333
-0.186167 0.449060 0.439146
-0.186476 0.448726 0.437969
-0.187135 0.447630 0.435915
-0.187576 0.448250 0.435567
-0.187949 0.447803 0.435618
-0.188057 0.447578 0.435650
-0.188297 0.447460 0.434757
-0.188713 0.446845 0.433574
-0.189031 0.446548 0.432404
-0.189799 0.446516 0.430327
-0.190139 0.445958 0.430064
-0.190398 0.445038 0.430111
-0.190629 0.443708 0.430270
-0.190798 0.443021 0.430359
-0.190831 0.442557 0.430450
-0.190951 0.443130 0.430422
-0.191156 0.442943 0.429527
-0.191520 0.442465 0.428317
-0.191793 0.442037 0.427138
-0.192412 0.441093 0.425058
-0.192245 0.439858 0.424649
-0.192274 0.439804 0.424640
-0.193395 0.438173 0.424943
-0.194495 0.436774 0.425233
-0.195034 0.436609 0.425327
-0.195375 0.436635 0.425406
-0.195820 0.437133 0.425498
-0.196121 0.436833 0.425561
-0.196441 0.436879 0.425623
-0.196667 0.436863 0.425640
-0.196822 0.437296 0.425651
-0.196941 0.437457 0.425674
-0.197406 0.437454 0.424040
-0.197603 0.437526 0.423557
-0.198238 0.437570 0.421389
-0.198875 0.437664 0.420029
-0.199658 0.439603 0.419771
-0.200131 0.440055 0.419855
-0.200647 0.440457 0.419873
-0.201139 0.440897 0.419926
-0.201365 0.441085 0.419890
-0.201693 0.441587 0.419918
-0.202094 0.441556 0.420019
-0.202205 0.441535 0.420046
-0.203458 0.439870 0.420396
-0.204924 0.438828 0.420751
-0.205445 0.438443 0.420838
-0.205848 0.438880 0.420847
-0.206269 0.438853 0.420909
-0.206693 0.439435 0.420964
-0.207061 0.439831 0.421025
-0.207408 0.439937 0.421071
-0.207940 0.440096 0.421171
-0.208363 0.440548 0.421144
-0.208948 0.441445 0.421168
-0.209849 0.442133 0.421253
-0.210312 0.442631 0.421284
-0.211178 0.443908 0.421354
-0.211646 0.443780 0.421419
-0.212157 0.444224 0.421438
-0.212684 0.444329 0.421482
-0.213351 0.444604 0.421544
-0.213683 0.445073 0.421503
-0.214442 0.445770 0.421511
-0.215332 0.446451 0.421570
-0.215992 0.447111 0.421576
-0.216159 0.447042 0.421576
-0.216844 0.446027 0.421745
-0.219265 0.444557 0.422255
-0.220620 0.444692 0.422475
-0.221384 0.445707 0.422442
-0.222720 0.446989 0.422487
-0.223410 0.447640 0.422438
-0.224037 0.448030 0.422525
-0.224651 0.448116 0.422585
-0.224995 0.448148 0.422540
-0.225699 0.448424 0.422547
-0.225851 0.448195 0.422523
-0.226116 0.448394 0.422513
-0.226312 0.448382 0.422477
-0.226416 0.448447 0.422494
-0.227569 0.446702 0.422840
-0.228153 0.446369 0.422960
-0.230105 0.444723 0.423443
-0.232837 0.445232 0.423798
-0.234894 0.445861 0.423922
-0.236564 0.446574 0.423997
-0.238358 0.448096 0.424012
-0.239518 0.447901 0.424140
-0.240122 0.448062 0.424178
-0.240690 0.447960 0.424131
-0.241182 0.448321 0.424123
-0.241497 0.448152 0.424039
-0.242154 0.448719 0.424028
-0.242684 0.448701 0.424118
-0.243362 0.449133 0.424127
-0.244085 0.449392 0.424125
-0.245277 0.450492 0.424007
-0.246582 0.451357 0.423975
-0.247691 0.451874 0.423990
-0.248924 0.452476 0.423873
-0.249781 0.452509 0.423904
-0.250501 0.452531 0.423853
-0.251281 0.452860 0.423763
-0.251856 0.453090 0.423774
-0.252798 0.453682 0.423674
-0.253309 0.454014 0.423679
-0.253827 0.453902 0.423630
