-0.800023 1.000024 0.249801 1.000000 0.000001 -0.000004 0.000071
-0.800021 1.000025 0.249885 1.000000 -0.000002 0.000002 0.000074
-0.800022 1.000023 0.249913 1.000000 0.000002 -0.000001 0.000074
-0.800023 1.000022 0.249903 1.000000 0.000005 -0.000001 0.000075
-0.800024 1.000021 0.249853 1.000000 0.000007 -0.000002 0.000077
-0.800021 1.000025 0.249833 1.000000 -0.000000 0.000003 0.000078
-0.800021 1.000025 0.249849 1.000000 -0.000000 0.000004 0.000079
-0.800022 1.000025 0.249858 1.000000 -0.000000 0.000003 0.000081
-0.800024 1.000025 0.249846 1.000000 0.000001 -0.000001 0.000084
-0.800025 1.000026 0.249898 1.000000 -0.000000 -0.000002 0.000087
-0.800026 1.000026 0.249902 1.000000 -0.000001 -0.000003 0.000089
-0.800025 1.000027 0.249915 1.000000 -0.000002 -0.000001 0.000090
-0.800025 1.000026 0.249912 1.000000 -0.000001 -0.000001 0.000091
-0.800025 1.000027 0.249882 1.000000 -0.000002 -0.000001 0.000092
-0.800026 1.000025 0.249910 1.000000 0.000001 -0.000002 0.000094
-0.800025 1.000026 0.249932 1.000000 0.000000 -0.000001 0.000094
-0.800025 1.000027 0.249939 1.000000 -0.000001 0.000000 0.000096
-0.800026 1.000025 0.249924 1.000000 0.000003 -0.000003 0.000097
-0.800025 1.000025 0.249917 1.000000 0.000003 -0.000000 0.000097
-0.800024 1.000026 0.249870 1.000000 0.000001 0.000003 0.000100
-0.800024 1.000027 0.249853 1.000000 -0.000001 0.000002 0.000101
-0.800025 1.000028 0.249866 1.000000 -0.000002 -0.000001 0.000101
-0.800026 1.000028 0.249920 1.000000 -0.000002 -0.000002 0.000101
-0.800026 1.000027 0.249913 1.000000 -0.000000 -0.000001 0.000102
-0.800026 1.000027 0.249938 1.000000 0.000000 -0.000000 0.000104
-0.800024 1.000028 0.249939 1.000000 -0.000002 0.000002 0.000105
-0.800026 1.000028 0.249913 1.000000 -0.000001 -0.000001 0.000107
-0.800025 1.000028 0.249924 1.000000 -0.000001 0.000001 0.000107
-0.800026 1.000029 0.249920 1.000000 -0.000003 -0.000000 0.000108
-0.800028 1.000028 0.249882 1.000000 -0.000001 -0.000004 0.000108
-0.800028 1.000025 0.249861 1.000000 0.000005 -0.000003 0.000108
-0.800028 1.000026 0.249832 1.000000 0.000003 -0.000003 0.000108
-0.800027 1.000031 0.249781 1.000000 -0.000006 -0.000001 0.000109
-0.800028 1.000028 0.249793 1.000000 -0.000001 -0.000003 0.000110
-0.800028 1.000029 0.249811 1.000000 -0.000002 -0.000003 0.000110
-0.800028 1.000026 0.249829 1.000000 0.000004 -0.000003 0.000113
-0.800028 1.000030 0.249833 1.000000 -0.000004 -0.000002 0.000113
-0.800028 1.000028 0.249849 1.000000 0.000001 -0.000002 0.000115
-0.800030 1.000029 0.249871 1.000000 -0.000001 -0.000005 0.000116
-0.800028 1.000025 0.249849 1.000000 0.000007 -0.000001 0.000117
-0.800026 1.000030 0.249831 1.000000 -0.000002 0.000002 0.000118
-0.800026 1.000030 0.249839 1.000000 -0.000003 0.000003 0.000118
-0.800032 1.000029 0.249800 1.000000 -0.000000 -0.000007 0.000120
-0.800028 1.000029 0.249801 1.000000 0.000000 0.000001 0.000120
-0.800029 1.000029 0.249882 1.000000 0.000001 -0.000001 0.000121
-0.800029 1.000031 0.249898 1.000000 -0.000004 -0.000001 0.000121
-0.800031 1.000029 0.249923 1.000000 0.000000 -0.000004 0.000123
-0.800030 1.000030 0.249911 1.000000 -0.000001 -0.000001 0.000124
-0.800029 1.000030 0.249926 1.000000 -0.000000 0.000000 0.000125
-0.800030 1.000031 0.249930 1.000000 -0.000002 -0.000002 0.000126
-0.800030 1.000030 0.249920 1.000000 -0.000001 -0.000001 0.000126
-0.800031 1.000030 0.249937 1.000000 -0.000000 -0.000002 0.000127
-0.800030 1.000031 0.249944 1.000000 -0.000002 -0.000001 0.000127
-0.800031 1.000030 0.249945 1.000000 -0.000001 -0.000003 0.000127
-0.800030 1.000031 0.249940 1.000000 -0.000002 -0.000001 0.000128
-0.800031 1.000031 0.249935 1.000000 -0.000002 -0.000001 0.000128
-0.800032 1.000030 0.249933 1.000000 0.000000 -0.000003 0.000129
-0.800032 1.000031 0.249927 1.000000 -0.000000 -0.000003 0.000131
-0.800032 1.000030 0.249926 1.000000 0.000002 -0.000003 0.000132
-0.800029 1.000031 0.249927 1.000000 -0.000000 0.000003 0.000133
-0.800030 1.000030 0.249857 1.000000 0.000001 0.000001 0.000135
-0.390041 0.695043 0.249909 1.000000 -0.000000 0.000001 0.000359
-0.390041 0.695042 0.249927 1.000000 0.000002 -0.000001 0.000377
-0.390041 0.695043 0.249924 1.000000 0.000001 -0.000001 0.000378
-0.390041 0.695045 0.249919 1.000000 -0.000003 -0.000001 0.000379
-0.390042 0.695043 0.249911 1.000000 0.000001 -0.000002 0.000379
-0.390042 0.695043 0.249901 1.000000 0.000001 -0.000003 0.000379
-0.390040 0.695043 0.249908 1.000000 0.000000 0.000001 0.000380
-0.390043 0.695046 0.249896 1.000000 -0.000006 -0.000003 0.000381
-0.390039 0.695047 0.249806 1.000000 -0.000007 0.000005 0.000383
-0.390043 0.695041 0.249828 1.000000 0.000006 -0.000004 0.000384
-0.390042 0.695042 0.249870 1.000000 0.000003 -0.000001 0.000386
-0.390043 0.695043 0.249888 1.000000 0.000001 -0.000003 0.000390
-0.390042 0.695042 0.249859 1.000000 0.000003 -0.000002 0.000391
-0.390040 0.695045 0.249822 1.000000 -0.000003 0.000003 0.000391
-0.390042 0.695044 0.249858 1.000000 -0.000000 -0.000002 0.000393
-0.390040 0.695042 0.249866 1.000000 0.000004 0.000003 0.000394
-0.390042 0.695045 0.249949 1.000000 -0.000001 -0.000002 0.000413
-0.390042 0.695044 0.249961 1.000000 0.000002 -0.000001 0.000414
-0.390042 0.695045 0.249966 1.000000 -0.000002 -0.000001 0.000415
-0.390041 0.695044 0.249962 1.000000 0.000000 0.000001 0.000415
-0.390042 0.695044 0.249966 1.000000 0.000002 -0.000001 0.000416
-0.390042 0.695044 0.249953 1.000000 0.000001 -0.000001 0.000417
-0.390042 0.695045 0.249939 1.000000 -0.000002 -0.000001 0.000419
-0.390043 0.695045 0.249938 1.000000 0.000000 -0.000003 0.000420
-0.390041 0.695044 0.249941 1.000000 0.000001 0.000001 0.000421
-0.390042 0.695044 0.249930 1.000000 0.000001 -0.000002 0.000422
-0.390042 0.695045 0.249899 1.000000 -0.000001 -0.000001 0.000425
-0.390040 0.695046 0.249937 1.000000 -0.000002 0.000002 0.000426
-0.390042 0.695045 0.249933 1.000000 0.000000 -0.000002 0.000426
-0.390043 0.695044 0.249930 1.000000 0.000002 -0.000004 0.000426
-0.390039 0.695045 0.249898 1.000000 0.000001 0.000005 0.000427
-0.390043 0.695047 0.249868 1.000000 -0.000004 -0.000004 0.000428
-0.390042 0.695045 0.249839 1.000000 0.000000 -0.000002 0.000428
-0.390039 0.695046 0.249841 1.000000 -0.000002 0.000005 0.000429
-0.390042 0.695044 0.249851 1.000000 0.000002 -0.000001 0.000429
-0.390043 0.695042 0.249857 1.000000 0.000005 -0.000003 0.000430
-0.390040 0.695046 0.249861 1.000000 -0.000001 0.000003 0.000431
-0.390040 0.695045 0.249874 1.000000 0.000000 0.000003 0.000432
-0.390042 0.695045 0.249886 1.000000 0.000000 -0.000002 0.000432
-0.390042 0.695047 0.249877 1.000000 -0.000004 -0.000002 0.000433
-0.390041 0.695044 0.249873 1.000000 0.000001 0.000001 0.000434
-0.390042 0.695044 0.249882 1.000000 0.000003 -0.000002 0.000436
-0.390042 0.695045 0.249918 1.000000 0.000001 -0.000001 0.000437
-0.390042 0.695044 0.249919 1.000000 0.000002 -0.000002 0.000438
-0.390042 0.695045 0.249933 1.000000 0.000001 -0.000002 0.000438
-0.390042 0.695045 0.249955 1.000000 0.000001 -0.000002 0.000438
-0.390042 0.695044 0.249958 1.000000 0.000002 -0.000002 0.000438
-0.390041 0.695045 0.249954 1.000000 0.000001 0.000000 0.000439
-0.390041 0.695045 0.249960 1.000000 0.000001 -0.000000 0.000439
-0.390042 0.695044 0.249953 1.000000 0.000003 -0.000001 0.000439
-0.390044 0.695045 0.249921 1.000000 0.000001 -0.000005 0.000441
-0.390042 0.695046 0.249897 1.000000 -0.000001 -0.000002 0.000441
-0.390042 0.695045 0.249881 1.000000 0.000001 -0.000002 0.000444
-0.390042 0.695046 0.249906 1.000000 -0.000001 -0.000001 0.000444
-0.390041 0.695045 0.249911 1.000000 0.000001 0.000000 0.000446
-0.390041 0.695044 0.249906 1.000000 0.000003 0.000001 0.000446
-0.390041 0.695045 0.249881 1.000000 0.000002 -0.000001 0.000447
-0.390041 0.695044 0.249878 1.000000 0.000002 0.000000 0.000447
-0.390042 0.695045 0.249883 1.000000 0.000002 -0.000003 0.000448
-0.390042 0.695046 0.249878 1.000000 -0.000002 -0.000002 0.000448
-0.390042 0.695046 0.249889 1.000000 0.000000 -0.000001 0.000449
-0.390042 0.695045 0.249901 1.000000 0.000001 -0.000001 0.000450
-0.390040 0.695045 0.249907 1.000000 0.000002 0.000001 0.000450
-0.390041 0.695046 0.249894 1.000000 -0.000000 -0.000000 0.000450
-0.390041 0.695047 0.249892 1.000000 -0.000002 0.000000 0.000451
-0.390042 0.695046 0.249892 1.000000 -0.000001 -0.000002 0.000452
-0.390041 0.695043 0.249896 1.000000 0.000005 -0.000001 0.000453
-0.390041 0.695045 0.249893 1.000000 0.000001 -0.000000 0.000454
-0.390041 0.695046 0.249877 1.000000 0.000000 0.000001 0.000455
-0.390041 0.695045 0.249878 1.000000 0.000002 -0.000000 0.000455
-0.390040 0.695046 0.249904 1.000000 -0.000000 0.000001 0.000456
-0.390041 0.695047 0.249920 1.000000 -0.000002 -0.000000 0.000457
-0.390041 0.695046 0.249921 1.000000 0.000001 0.000000 0.000457
-0.390041 0.695045 0.249918 1.000000 0.000002 -0.000000 0.000458
-0.390041 0.695047 0.249912 1.000000 -0.000001 -0.000001 0.000459
-0.390040 0.695046 0.249918 1.000000 -0.000000 0.000001 0.000460
-0.390040 0.695045 0.249887 1.000000 0.000002 0.000001 0.000461
-0.390041 0.695044 0.249853 1.000000 0.000004 -0.000000 0.000463
-0.390040 0.695047 0.249834 1.000000 -0.000001 0.000002 0.000464
-0.390040 0.695046 0.249830 1.000000 0.000000 0.000002 0.000465
-0.390044 0.695046 0.249824 1.000000 0.000002 -0.000006 0.000466
-0.390041 0.695046 0.249818 1.000000 0.000001 -0.000001 0.000467
-0.390042 0.695047 0.249823 1.000000 -0.000002 -0.000001 0.000469
-0.390041 0.695048 0.249824 1.000000 -0.000003 0.000001 0.000469
-0.390042 0.695044 0.249830 1.000000 0.000006 -0.000002 0.000470
-0.390043 0.695046 0.249826 1.000000 0.000001 -0.000004 0.000471
-0.390040 0.695047 0.249847 1.000000 -0.000002 0.000002 0.000474
-0.390040 0.695046 0.249851 1.000000 0.000001 0.000002 0.000474
-0.390042 0.695044 0.249852 1.000000 0.000005 -0.000001 0.000475
-0.390042 0.695048 0.249859 1.000000 -0.000002 -0.000001 0.000476
-0.390043 0.695044 0.249873 1.000000 0.000005 -0.000003 0.000477
-0.390040 0.695047 0.249874 1.000000 -0.000000 0.000002 0.000478
-0.390041 0.695046 0.249879 1.000000 0.000001 0.000001 0.000480
-0.390042 0.695048 0.249869 1.000000 -0.000003 -0.000001 0.000480
-0.390043 0.695044 0.249861 1.000000 0.000005 -0.000003 0.000483
-0.390040 0.695047 0.249853 1.000000 -0.000001 0.000003 0.000484
-0.390041 0.695046 0.249858 1.000000 0.000002 -0.000001 0.000486
-0.390040 0.695047 0.249867 1.000000 0.000001 0.000002 0.000487
-0.390041 0.695049 0.249882 1.000000 -0.000004 0.000001 0.000488
-0.390040 0.695050 0.249869 1.000000 -0.000005 0.000002 0.000488
-0.390038 0.695046 0.249818 1.000000 0.000003 0.000006 0.000489
-0.390042 0.695046 0.249800 1.000000 0.000001 -0.000002 0.000489
-0.390043 0.695044 0.249805 1.000000 0.000006 -0.000003 0.000489
-0.390040 0.695047 0.249810 1.000000 0.000000 0.000003 0.000490
-0.390040 0.695048 0.249821 1.000000 -0.000001 0.000003 0.000490
-0.390041 0.695046 0.249879 1.000000 0.000002 -0.000001 0.000491
-0.390042 0.695047 0.249930 1.000000 0.000000 -0.000002 0.000492
-0.390041 0.695048 0.249953 1.000000 -0.000001 0.000001 0.000492
-0.390041 0.695049 0.249915 1.000000 -0.000003 -0.000000 0.000492
-0.390041 0.695046 0.249894 1.000000 0.000003 0.000000 0.000493
-0.390041 0.695046 0.249872 1.000000 0.000003 0.000001 0.000494
-0.390040 0.695047 0.249850 1.000000 0.000001 0.000003 0.000495
-0.390042 0.695047 0.249837 1.000000 0.000002 -0.000001 0.000496
-0.390042 0.695048 0.249852 1.000000 -0.000001 -0.000002 0.000496
-0.390041 0.695049 0.249871 1.000000 -0.000003 0.000001 0.000497
-0.390042 0.695048 0.249883 1.000000 -0.000002 -0.000001 0.000497
-0.390042 0.695047 0.249884 1.000000 0.000001 -0.000001 0.000498
-0.390041 0.695046 0.249884 1.000000 0.000002 0.000001 0.000499
-0.390042 0.695046 0.249874 1.000000 0.000003 -0.000001 0.000499
-0.390041 0.695046 0.249859 1.000000 0.000002 0.000000 0.000500
-0.390042 0.695048 0.249852 1.000000 -0.000001 -0.000001 0.000501
-0.390042 0.695048 0.249873 1.000000 -0.000000 -0.000003 0.000502
-0.390042 0.695048 0.249882 1.000000 -0.000001 -0.000002 0.000502
-0.390043 0.695047 0.249882 1.000000 0.000001 -0.000003 0.000502
-0.390040 0.695048 0.249889 1.000000 -0.000002 0.000001 0.000503
-0.390041 0.695047 0.249902 1.000000 0.000002 0.000000 0.000504
-0.390041 0.695047 0.249920 1.000000 0.000001 0.000000 0.000504
-0.390041 0.695048 0.249944 1.000000 -0.000001 0.000000 0.000505
-0.390041 0.695048 0.249952 1.000000 -0.000000 -0.000001 0.000505
-0.390043 0.695046 0.249916 1.000000 0.000004 -0.000003 0.000506
-0.390040 0.695050 0.249912 1.000000 -0.000003 0.000003 0.000509
-0.390041 0.695047 0.249895 1.000000 0.000001 0.000001 0.000511
-0.390042 0.695048 0.249934 1.000000 -0.000001 -0.000001 0.000512
-0.390042 0.695047 0.249882 1.000000 0.000002 -0.000001 0.000514
-0.390041 0.695048 0.249901 1.000000 0.000001 0.000001 0.000517
-0.390042 0.695049 0.249920 1.000000 -0.000001 -0.000002 0.000518
-0.390042 0.695050 0.249850 1.000000 -0.000003 -0.000001 0.000521
-0.390041 0.695047 0.249818 1.000000 0.000002 0.000001 0.000523
-0.390043 0.695047 0.249850 1.000000 0.000002 -0.000003 0.000525
-0.390040 0.695049 0.249884 1.000000 -0.000002 0.000002 0.000528
-0.390042 0.695049 0.249934 1.000000 -0.000002 -0.000001 0.000530
-0.390041 0.695050 0.249915 1.000000 -0.000003 -0.000000 0.000532
-0.390042 0.695050 0.249855 1.000000 -0.000003 -0.000001 0.000535
-0.390041 0.695048 0.249870 1.000000 0.000002 0.000001 0.000538
-0.390041 0.695048 0.249912 1.000000 0.000002 0.000001 0.000540
-0.390042 0.695050 0.249963 1.000000 -0.000003 -0.000001 0.000540
-0.390042 0.695049 0.249957 1.000000 -0.000001 -0.000001 0.000541
-0.390041 0.695047 0.249928 1.000000 0.000003 0.000001 0.000542
-0.390040 0.695048 0.249901 1.000000 0.000001 0.000001 0.000542
-0.390041 0.695049 0.249898 1.000000 0.000000 0.000001 0.000543
-0.390043 0.695049 0.249908 1.000000 0.000000 -0.000003 0.000543
-0.390041 0.695048 0.249934 1.000000 0.000002 -0.000001 0.000544
-0.390041 0.695048 0.249936 1.000000 0.000002 0.000000 0.000544
-0.390042 0.695048 0.249917 1.000000 0.000003 -0.000001 0.000545
-0.390042 0.695049 0.249901 1.000000 -0.000001 -0.000003 0.000546
-0.390040 0.695048 0.249893 1.000000 0.000002 0.000003 0.000548
-0.390042 0.695051 0.249843 1.000000 -0.000003 -0.000001 0.000549
-0.390041 0.695048 0.249818 1.000000 0.000003 -0.000000 0.000550
-0.390039 0.695049 0.249820 1.000000 0.000001 0.000004 0.000550
-0.390040 0.695048 0.249825 1.000000 0.000003 0.000002 0.000551
-0.390044 0.695048 0.249825 1.000000 0.000003 -0.000005 0.000551
-0.390041 0.695050 0.249825 1.000000 -0.000002 -0.000001 0.000552
-0.390039 0.695050 0.249828 1.000000 -0.000001 0.000004 0.000552
-0.390041 0.695048 0.249841 1.000000 0.000002 -0.000000 0.000553
-0.390042 0.695048 0.249857 1.000000 0.000003 -0.000001 0.000553
-0.390039 0.695050 0.249873 1.000000 -0.000001 0.000004 0.000554
-0.390041 0.695048 0.249899 1.000000 0.000003 -0.000000 0.000555
-0.390041 0.695052 0.249896 1.000000 -0.000005 -0.000000 0.000555
-0.390040 0.695051 0.249874 1.000000 -0.000003 0.000002 0.000557
-0.390042 0.695050 0.249874 1.000000 -0.000002 -0.000001 0.000558
-0.390042 0.695050 0.249891 1.000000 -0.000001 -0.000002 0.000559
-0.390042 0.695050 0.249891 1.000000 -0.000001 -0.000002 0.000560
-0.390042 0.695050 0.249904 1.000000 -0.000001 -0.000001 0.000561
-0.390042 0.695048 0.249920 1.000000 0.000002 -0.000002 0.000561
-0.390042 0.695051 0.249922 1.000000 -0.000003 -0.000001 0.000562
-0.390041 0.695050 0.249913 1.000000 -0.000001 -0.000000 0.000563
-0.390042 0.695049 0.249908 1.000000 0.000001 -0.000003 0.000564
-0.390042 0.695050 0.249921 1.000000 0.000000 -0.000002 0.000565
-0.390041 0.695049 0.249934 1.000000 0.000002 -0.000000 0.000565
-0.390041 0.695048 0.249922 1.000000 0.000004 -0.000001 0.000566
-0.390042 0.695049 0.249898 1.000000 0.000001 -0.000001 0.000567
-0.390043 0.695050 0.249884 1.000000 0.000000 -0.000004 0.000568
-0.390040 0.695049 0.249880 1.000000 0.000002 0.000001 0.000569
-0.390041 0.695050 0.249887 1.000000 -0.000001 0.000001 0.000570
-0.390040 0.695050 0.249919 1.000000 0.000000 0.000001 0.000570
-0.390041 0.695049 0.249930 1.000000 0.000001 0.000000 0.000570
-0.390043 0.695050 0.249932 1.000000 -0.000000 -0.000003 0.000571
-0.390042 0.695051 0.249921 1.000000 -0.000003 -0.000002 0.000571
-0.390041 0.695048 0.249884 1.000000 0.000004 -0.000001 0.000572
-0.390039 0.695048 0.249828 1.000000 0.000005 0.000003 0.000573
-0.390040 0.695052 0.249807 1.000000 -0.000003 0.000003 0.000574
-0.390042 0.695048 0.249813 1.000000 0.000004 -0.000002 0.000574
-0.390042 0.695049 0.249869 1.000000 0.000003 -0.000002 0.000576
-0.390041 0.695049 0.249933 1.000000 0.000001 -0.000000 0.000578
-0.390042 0.695049 0.249944 1.000000 0.000003 -0.000002 0.000580
-0.390041 0.695050 0.249842 1.000000 0.000000 -0.000001 0.000583
-0.390041 0.695049 0.249817 1.000000 0.000003 -0.000000 0.000586
-0.390041 0.695051 0.249876 1.000000 -0.000000 -0.000001 0.000589
-0.390041 0.695049 0.249869 1.000000 0.000002 -0.000001 0.000591
-0.390041 0.695050 0.249869 1.000000 0.000002 0.000000 0.000594
-0.390043 0.695052 0.249776 1.000000 -0.000003 -0.000005 0.000595
-0.390039 0.695052 0.249787 1.000000 -0.000002 0.000003 0.000598
-0.390041 0.695050 0.249875 1.000000 0.000002 -0.000001 0.000600
-0.390041 0.695049 0.249891 1.000000 0.000003 -0.000000 0.000601
-0.390042 0.695051 0.249899 1.000000 -0.000001 -0.000002 0.000602
-0.390041 0.695051 0.249895 1.000000 -0.000000 -0.000002 0.000603
-0.390041 0.695051 0.249902 1.000000 0.000000 -0.000000 0.000604
-0.390041 0.695050 0.249914 1.000000 0.000001 -0.000001 0.000604
-0.390041 0.695052 0.249933 1.000000 -0.000002 -0.000000 0.000605
-0.390042 0.695050 0.249928 1.000000 0.000002 -0.000002 0.000605
-0.390041 0.695051 0.249918 1.000000 0.000001 -0.000001 0.000606
-0.390041 0.695051 0.249910 1.000000 0.000000 -0.000002 0.000606
-0.390041 0.695052 0.249905 1.000000 -0.000002 -0.000002 0.000607
-0.390041 0.695048 0.249902 1.000000 0.000006 -0.000000 0.000608
-0.390041 0.695053 0.249885 1.000000 -0.000004 -0.000001 0.000610
-0.390041 0.695050 0.249877 1.000000 0.000002 -0.000002 0.000611
-0.390040 0.695052 0.249865 1.000000 -0.000001 -0.000000 0.000613
-0.390042 0.695052 0.249858 1.000000 -0.000001 -0.000004 0.000614
-0.390039 0.695051 0.249858 1.000000 0.000001 0.000003 0.000616
-0.390040 0.695051 0.249863 1.000000 0.000002 -0.000000 0.000616
-0.390042 0.695051 0.249880 1.000000 0.000000 -0.000004 0.000617
-0.390039 0.695053 0.249900 1.000000 -0.000002 0.000002 0.000618
-0.390039 0.695051 0.249911 1.000000 0.000002 0.000003 0.000618
-0.390039 0.695050 0.249857 1.000000 0.000003 0.000001 0.000619
-0.390043 0.695053 0.249846 1.000000 -0.000003 -0.000006 0.000620
-0.390040 0.695051 0.249842 1.000000 0.000001 0.000000 0.000621
-0.390040 0.695051 0.249871 1.000000 0.000001 -0.000000 0.000622
-0.390040 0.695053 0.249919 1.000000 -0.000002 0.000001 0.000622
-0.390040 0.695051 0.249925 1.000000 0.000001 0.000001 0.000622
-0.390040 0.695052 0.249934 1.000000 0.000000 0.000001 0.000623
-0.390041 0.695052 0.249936 1.000000 -0.000001 -0.000001 0.000623
-0.390041 0.695051 0.249937 1.000000 0.000002 -0.000001 0.000624
-0.390039 0.695051 0.249932 1.000000 0.000001 0.000002 0.000624
-0.390041 0.695052 0.249910 1.000000 -0.000001 -0.000001 0.000624
-0.390042 0.695051 0.249879 1.000000 0.000002 -0.000005 0.000625
-0.390041 0.695052 0.249828 1.000000 0.000001 -0.000002 0.000626
-0.390040 0.695050 0.249837 1.000000 0.000003 0.000000 0.000627
-0.390041 0.695054 0.249829 1.000000 -0.000003 -0.000001 0.000629
-0.390041 0.695053 0.249847 1.000000 -0.000001 -0.000002 0.000630
-0.390041 0.695053 0.249914 1.000000 -0.000003 -0.000001 0.000631
-0.390041 0.695053 0.249914 1.000000 -0.000002 -0.000001 0.000631
-0.390040 0.695052 0.249877 1.000000 -0.000000 -0.000001 0.000632
-0.390041 0.695050 0.249867 1.000000 0.000004 -0.000001 0.000633
-0.390040 0.695053 0.249867 1.000000 -0.000002 0.000000 0.000634
-0.390039 0.695054 0.249884 1.000000 -0.000002 0.000002 0.000634
-0.390039 0.695053 0.249911 1.000000 -0.000002 0.000002 0.000635
-0.390041 0.695054 0.249922 1.000000 -0.000003 -0.000001 0.000636
-0.390041 0.695052 0.249909 1.000000 0.000000 -0.000003 0.000637
-0.390040 0.695050 0.249888 1.000000 0.000005 -0.000000 0.000639
-0.390040 0.695052 0.249880 1.000000 0.000000 -0.000001 0.000640
-0.390041 0.695052 0.249891 1.000000 0.000002 -0.000002 0.000642
-0.390040 0.695052 0.249904 1.000000 0.000002 0.000000 0.000643
-0.390040 0.695054 0.249901 1.000000 -0.000004 0.000000 0.000643
-0.390041 0.695053 0.249898 1.000000 -0.000001 -0.000003 0.000644
-0.390039 0.695053 0.249887 1.000000 -0.000001 0.000002 0.000645
-0.390041 0.695051 0.249883 1.000000 0.000003 -0.000003 0.000645
-0.390040 0.695053 0.249910 1.000000 0.000000 -0.000001 0.000646
-0.390041 0.695053 0.249927 1.000000 0.000001 -0.000002 0.000646
-0.390040 0.695052 0.249925 1.000000 0.000001 0.000000 0.000647
-0.390039 0.695052 0.249917 1.000000 0.000001 0.000001 0.000647
-0.390039 0.695052 0.249936 1.000000 0.000001 0.000001 0.000648
-0.390040 0.695052 0.249933 1.000000 0.000002 -0.000000 0.000648
-0.390041 0.695053 0.249884 1.000000 -0.000000 -0.000003 0.000651
-0.390040 0.695053 0.249882 1.000000 0.000001 -0.000001 0.000651
-0.390041 0.695053 0.249915 1.000000 0.000001 -0.000003 0.000652
-0.390040 0.695052 0.249938 1.000000 0.000002 -0.000001 0.000652
-0.390040 0.695053 0.249933 1.000000 -0.000000 0.000000 0.000653
-0.390040 0.695053 0.249916 1.000000 0.000001 -0.000001 0.000654
-0.390040 0.695054 0.249912 1.000000 -0.000001 -0.000001 0.000654
-0.390040 0.695052 0.249917 1.000000 0.000003 -0.000001 0.000655
-0.390039 0.695052 0.249914 1.000000 0.000002 0.000001 0.000656
-0.390039 0.695052 0.249906 1.000000 0.000002 0.000001 0.000657
-0.390041 0.695052 0.249901 1.000000 0.000003 -0.000002 0.000657
-0.390040 0.695054 0.249913 1.000000 -0.000002 -0.000001 0.000657
-0.390040 0.695055 0.249923 1.000000 -0.000002 -0.000002 0.000658
-0.390038 0.695051 0.249899 1.000000 0.000005 0.000002 0.000659
-0.390040 0.695053 0.249866 1.000000 0.000000 -0.000002 0.000659
-0.390037 0.695051 0.249820 1.000000 0.000004 0.000004 0.000660
-0.390039 0.695056 0.249801 1.000000 -0.000006 0.000001 0.000660
-0.390037 0.695053 0.249771 1.000000 0.000000 0.000004 0.000660
-0.390040 0.695056 0.249774 1.000000 -0.000006 -0.000001 0.000661
-0.390043 0.695055 0.249788 1.000000 -0.000003 -0.000007 0.000663
-0.390037 0.695051 0.249782 1.000000 0.000005 0.000006 0.000663
-0.390040 0.695054 0.249761 1.000000 -0.000002 -0.000002 0.000663
-0.390041 0.695052 0.249761 1.000000 0.000003 -0.000003 0.000664
-0.390038 0.695053 0.249801 1.000000 0.000000 0.000003 0.000665
-0.390039 0.695053 0.249827 1.000000 0.000002 0.000001 0.000666
-0.390039 0.695054 0.249874 1.000000 -0.000001 0.000000 0.000667
-0.390038 0.695055 0.249892 1.000000 -0.000003 0.000002 0.000668
-0.390040 0.695054 0.249906 1.000000 -0.000000 -0.000001 0.000668
-0.390040 0.695053 0.249912 1.000000 0.000001 -0.000001 0.000668
-0.390039 0.695055 0.249930 1.000000 -0.000002 -0.000000 0.000669
-0.390040 0.695053 0.249934 1.000000 0.000001 -0.000001 0.000669
-0.390039 0.695052 0.249943 1.000000 0.000003 -0.000001 0.000670
-0.390040 0.695054 0.249943 1.000000 -0.000001 -0.000002 0.000670
-0.390039 0.695051 0.249910 1.000000 0.000005 -0.000000 0.000671
-0.390039 0.695054 0.249895 1.000000 0.000000 0.000000 0.000672
-0.390040 0.695054 0.249892 1.000000 0.000001 -0.000002 0.000674
-0.390040 0.695053 0.249900 1.000000 0.000003 -0.000002 0.000674
-0.390039 0.695054 0.249910 1.000000 -0.000001 0.000000 0.000675
-0.390039 0.695053 0.249908 1.000000 0.000002 0.000000 0.000675
-0.390040 0.695053 0.249899 1.000000 0.000002 -0.000002 0.000676
-0.390040 0.695056 0.249891 1.000000 -0.000004 -0.000001 0.000676
-0.390038 0.695055 0.249884 1.000000 -0.000001 0.000003 0.000677
-0.390039 0.695054 0.249897 1.000000 0.000001 0.000000 0.000677
-0.390039 0.695054 0.249918 1.000000 0.000001 -0.000000 0.000678
-0.390039 0.695053 0.249946 1.000000 0.000003 0.000001 0.000678
-0.390039 0.695053 0.249930 1.000000 0.000002 -0.000000 0.000678
-0.390039 0.695056 0.249922 1.000000 -0.000003 0.000001 0.000679
-0.390040 0.695052 0.249918 1.000000 0.000004 -0.000001 0.000679
-0.390040 0.695055 0.249910 1.000000 -0.000002 -0.000002 0.000680
-0.390041 0.695055 0.249864 1.000000 -0.000001 -0.000003 0.000682
-0.390042 0.695053 0.249822 1.000000 0.000003 -0.000006 0.000684
-0.390042 0.695052 0.249811 1.000000 0.000004 -0.000006 0.000685
-0.390042 0.695052 0.249812 1.000000 0.000005 -0.000005 0.000686
-0.390038 0.695054 0.249813 1.000000 0.000001 0.000002 0.000686
-0.390041 0.695055 0.249832 1.000000 -0.000001 -0.000003 0.000688
-0.390040 0.695055 0.249837 1.000000 -0.000002 -0.000001 0.000689
-0.390042 0.695055 0.249844 1.000000 -0.000001 -0.000005 0.000691
-0.390037 0.695056 0.249838 1.000000 -0.000003 0.000004 0.000692
-0.390040 0.695055 0.249867 1.000000 -0.000001 -0.000002 0.000693
-0.390038 0.695054 0.249901 1.000000 0.000001 0.000002 0.000694
-0.390039 0.695053 0.249902 1.000000 0.000003 0.000000 0.000694
-0.390039 0.695053 0.249893 1.000000 0.000002 -0.000000 0.000695
-0.390040 0.695056 0.249893 1.000000 -0.000003 -0.000001 0.000695
-0.390040 0.695055 0.249896 1.000000 -0.000001 -0.000002 0.000695
-0.390039 0.695054 0.249927 1.000000 0.000001 -0.000000 0.000696
-0.390040 0.695055 0.249941 1.000000 -0.000000 -0.000001 0.000696
-0.390040 0.695054 0.249960 1.000000 0.000002 -0.000002 0.000697
-0.390039 0.695053 0.249954 1.000000 0.000003 -0.000000 0.000697
-0.390041 0.695056 0.249915 1.000000 -0.000002 -0.000003 0.000698
-0.390039 0.695052 0.249891 1.000000 0.000004 -0.000001 0.000699
-0.390037 0.695056 0.249855 1.000000 -0.000002 0.000003 0.000699
-0.390040 0.695053 0.249862 1.000000 0.000003 -0.000003 0.000700
-0.390038 0.695054 0.249876 1.000000 0.000001 0.000002 0.000701
-0.390038 0.695056 0.249895 1.000000 -0.000003 0.000003 0.000701
-0.390039 0.695055 0.249907 1.000000 -0.000000 0.000001 0.000701
-0.390040 0.695052 0.249906 1.000000 0.000005 -0.000002 0.000702
-0.390039 0.695054 0.249896 1.000000 0.000001 0.000001 0.000702
-0.390039 0.695053 0.249880 1.000000 0.000003 0.000001 0.000703
-0.390040 0.695055 0.249930 1.000000 -0.000001 -0.000002 0.000705
-0.390040 0.695057 0.249869 1.000000 -0.000004 -0.000003 0.000708
-0.390041 0.695056 0.249802 1.000000 -0.000002 -0.000003 0.000710
-0.390038 0.695058 0.249834 1.000000 -0.000005 0.000002 0.000712
-0.390040 0.695054 0.249892 1.000000 0.000001 -0.000002 0.000714
-0.390039 0.695055 0.249911 1.000000 0.000001 -0.000001 0.000717
-0.390041 0.695057 0.249871 1.000000 -0.000003 -0.000003 0.000718
-0.390039 0.695056 0.249848 1.000000 -0.000001 0.000000 0.000720
-0.390038 0.695054 0.249879 1.000000 0.000002 0.000001 0.000722
-0.390040 0.695055 0.249916 1.000000 0.000002 -0.000001 0.000724
-0.390040 0.695055 0.249911 1.000000 0.000001 -0.000002 0.000727
-0.390039 0.695055 0.249868 1.000000 0.000001 -0.000001 0.000729
-0.390039 0.695055 0.249955 1.000000 0.000001 0.000000 0.000730
-0.390039 0.695055 0.249907 1.000000 0.000002 -0.000001 0.000732
-0.390040 0.695056 0.249892 1.000000 -0.000000 -0.000002 0.000734
-0.390037 0.695056 0.249887 1.000000 0.000001 0.000003 0.000737
-0.390038 0.695058 0.249851 1.000000 -0.000003 0.000001 0.000739
-0.390039 0.695055 0.249821 1.000000 0.000003 -0.000001 0.000741
-0.390040 0.695054 0.249833 1.000000 0.000006 -0.000002 0.000743
-0.390039 0.695054 0.249861 1.000000 0.000005 0.000001 0.000745
-0.390042 0.695056 0.249839 1.000000 0.000001 -0.000006 0.000749
-0.390039 0.695056 0.249863 1.000000 0.000001 0.000001 0.000751
-0.390040 0.695057 0.249916 1.000000 -0.000000 -0.000003 0.000754
-0.390040 0.695056 0.249922 1.000000 0.000002 -0.000002 0.000754
-0.390041 0.695056 0.249917 1.000000 0.000001 -0.000004 0.000756
-0.390039 0.695056 0.249837 1.000000 0.000002 -0.000001 0.000758
-0.390040 0.695056 0.249840 1.000000 0.000003 -0.000003 0.000761
-0.390040 0.695059 0.249889 1.000000 -0.000003 -0.000002 0.000764
-0.390039 0.695055 0.249840 1.000000 0.000004 -0.000000 0.000765
-0.390040 0.695053 0.249813 1.000000 0.000008 -0.000002 0.000765
-0.390040 0.695058 0.249797 1.000000 -0.000002 -0.000002 0.000766
-0.390034 0.695058 0.249787 1.000000 -0.000002 0.000009 0.000767
-0.390041 0.695057 0.249803 1.000000 0.000001 -0.000005 0.000773
-0.390041 0.695057 0.249810 1.000000 0.000000 -0.000004 0.000776
-0.390040 0.695057 0.249917 1.000000 0.000001 -0.000002 0.000778
-0.390039 0.695058 0.249956 1.000000 -0.000001 -0.000001 0.000779
-0.390038 0.695057 0.249954 1.000000 0.000000 0.000001 0.000780
-0.390041 0.695058 0.249873 1.000000 -0.000002 -0.000004 0.000781
-0.390034 0.695057 0.249767 1.000000 0.000000 0.000010 0.000782
-0.390036 0.695060 0.249808 1.000000 -0.000004 0.000006 0.000787
-0.390039 0.695057 0.249825 1.000000 0.000001 -0.000001 0.000790
-0.390041 0.695058 0.249853 1.000000 -0.000001 -0.000004 0.000792
-0.390039 0.695058 0.249888 1.000000 0.000000 -0.000002 0.000795
-0.390039 0.695060 0.249912 1.000000 -0.000004 -0.000001 0.000797
-0.390039 0.695060 0.249818 1.000000 -0.000003 -0.000001 0.000800
-0.390037 0.695058 0.249848 1.000000 -0.000000 0.000002 0.000802
-0.390038 0.695059 0.249900 1.000000 -0.000001 0.000001 0.000804
-0.390037 0.695061 0.249885 1.000000 -0.000006 0.000002 0.000805
-0.390040 0.695059 0.249888 1.000000 -0.000001 -0.000002 0.000807
-0.390039 0.695059 0.249874 1.000000 -0.000001 -0.000001 0.000809
-0.390039 0.695059 0.249917 1.000000 0.000000 -0.000001 0.000812
-0.390040 0.695057 0.249888 1.000000 0.000004 -0.000004 0.000815
-0.390039 0.695060 0.249839 1.000000 -0.000003 -0.000002 0.000817
-0.390038 0.695060 0.249899 1.000000 -0.000002 0.000000 0.000821
-0.390038 0.695059 0.249944 1.000000 0.000000 -0.000000 0.000822
-0.390039 0.695058 0.249965 1.000000 0.000001 -0.000001 0.000823
-0.390039 0.695059 0.249938 1.000000 0.000001 -0.000001 0.000824
-0.390039 0.695058 0.249960 1.000000 0.000002 -0.000002 0.000824
-0.390038 0.695059 0.249951 1.000000 -0.000001 -0.000000 0.000825
-0.390040 0.695058 0.249905 1.000000 0.000003 -0.000003 0.000827
-0.390039 0.695059 0.249896 1.000000 0.000001 -0.000001 0.000828
-0.390040 0.695059 0.249909 1.000000 0.000000 -0.000003 0.000828
-0.390039 0.695059 0.249943 1.000000 0.000001 -0.000000 0.000828
-0.390038 0.695061 0.249928 1.000000 -0.000003 -0.000000 0.000830
-0.390039 0.695058 0.249938 1.000000 0.000002 -0.000002 0.000832
-0.390040 0.695061 0.249937 1.000000 -0.000004 -0.000002 0.000832
-0.390040 0.695059 0.249900 1.000000 0.000001 -0.000003 0.000834
-0.390038 0.695061 0.249874 1.000000 -0.000004 -0.000000 0.000835
-0.390039 0.695056 0.249862 1.000000 0.000006 -0.000001 0.000836
-0.390038 0.695059 0.249854 1.000000 0.000001 0.000001 0.000836
-0.390040 0.695059 0.249849 1.000000 0.000002 -0.000004 0.000837
-0.390039 0.695060 0.249850 1.000000 -0.000001 -0.000001 0.000838
-0.390038 0.695060 0.249852 1.000000 -0.000001 0.000001 0.000839
-0.390037 0.695059 0.249852 1.000000 0.000001 0.000002 0.000839
-0.390039 0.695059 0.249863 1.000000 0.000001 -0.000001 0.000840
-0.390039 0.695060 0.249889 1.000000 -0.000001 -0.000002 0.000840
-0.390038 0.695059 0.249918 1.000000 0.000001 0.000001 0.000841
-0.390038 0.695060 0.249929 1.000000 0.000000 0.000001 0.000841
-0.390039 0.695059 0.249936 1.000000 0.000002 -0.000001 0.000842
-0.390039 0.695060 0.249939 1.000000 -0.000001 -0.000002 0.000842
-0.390038 0.695060 0.249913 1.000000 -0.000000 0.000001 0.000843
-0.390037 0.695061 0.249917 1.000000 -0.000002 0.000002 0.000843
-0.390038 0.695059 0.249912 1.000000 0.000001 0.000000 0.000844
-0.390039 0.695062 0.249904 1.000000 -0.000003 -0.000002 0.000845
-0.390039 0.695061 0.249866 1.000000 -0.000003 -0.000002 0.000846
-0.390039 0.695057 0.249855 1.000000 0.000006 -0.000001 0.000847
-0.390038 0.695062 0.249826 1.000000 -0.000005 0.000001 0.000848
-0.390039 0.695062 0.249824 1.000000 -0.000004 -0.000000 0.000849
-0.390038 0.695063 0.249828 1.000000 -0.000006 0.000000 0.000850
-0.390037 0.695061 0.249826 1.000000 -0.000003 0.000002 0.000851
-0.390041 0.695061 0.249800 1.000000 -0.000001 -0.000005 0.000852
-0.390040 0.695061 0.249782 1.000000 -0.000003 -0.000003 0.000852
-0.390038 0.695056 0.249791 1.000000 0.000008 0.000001 0.000853
-0.390044 0.695060 0.249783 1.000000 -0.000000 -0.000012 0.000854
-0.390043 0.695055 0.249770 1.000000 0.000010 -0.000009 0.000855
-0.390037 0.695058 0.249752 1.000000 0.000005 0.000002 0.000855
-0.390041 0.695058 0.249749 1.000000 0.000004 -0.000006 0.000855
-0.390039 0.695060 0.249748 1.000000 0.000001 -0.000002 0.000855
-0.390040 0.695058 0.249756 1.000000 0.000004 -0.000003 0.000855
-0.390038 0.695058 0.249780 1.000000 0.000004 0.000000 0.000856
-0.390039 0.695060 0.249797 1.000000 -0.000000 -0.000002 0.000856
-0.390038 0.695061 0.249867 1.000000 -0.000000 0.000002 0.000857
-0.390039 0.695060 0.249898 1.000000 0.000001 -0.000001 0.000858
-0.390040 0.695061 0.249906 1.000000 -0.000001 -0.000002 0.000859
-0.390041 0.695061 0.249897 1.000000 -0.000000 -0.000005 0.000859
-0.390038 0.695060 0.249870 1.000000 0.000001 0.000001 0.000861
-0.390039 0.695060 0.249873 1.000000 0.000002 -0.000001 0.000861
-0.390038 0.695061 0.249908 1.000000 -0.000001 -0.000000 0.000862
-0.390039 0.695061 0.249921 1.000000 -0.000000 -0.000001 0.000862
-0.390038 0.695061 0.249909 1.000000 -0.000000 0.000001 0.000863
-0.390038 0.695060 0.249915 1.000000 0.000001 0.000001 0.000864
-0.390039 0.695061 0.249907 1.000000 -0.000001 -0.000001 0.000864
-0.390037 0.695063 0.249890 1.000000 -0.000004 0.000002 0.000865
-0.390039 0.695061 0.249872 1.000000 -0.000001 -0.000002 0.000866
-0.390040 0.695060 0.249882 1.000000 0.000001 -0.000004 0.000866
-0.390039 0.695062 0.249874 1.000000 -0.000003 -0.000001 0.000868
-0.390038 0.695062 0.249869 1.000000 -0.000002 0.000001 0.000868
-0.390038 0.695060 0.249884 1.000000 0.000001 0.000001 0.000869
-0.390040 0.695060 0.249898 1.000000 0.000001 -0.000003 0.000869
-0.390038 0.695061 0.249903 1.000000 -0.000001 0.000001 0.000869
-0.390039 0.695064 0.249890 1.000000 -0.000007 -0.000001 0.000870
-0.390039 0.695061 0.249885 1.000000 0.000001 -0.000002 0.000871
-0.390039 0.695060 0.249926 1.000000 0.000001 -0.000001 0.000872
-0.390040 0.695061 0.249942 1.000000 0.000000 -0.000003 0.000872
-0.390039 0.695060 0.249963 1.000000 0.000001 -0.000002 0.000872
-0.390039 0.695061 0.249966 1.000000 0.000001 -0.000001 0.000872
-0.390039 0.695062 0.249953 1.000000 -0.000002 -0.000001 0.000872
-0.390038 0.695058 0.249931 1.000000 0.000005 0.000000 0.000873
-0.390037 0.695063 0.249867 1.000000 -0.000004 0.000003 0.000874
-0.390040 0.695061 0.249860 1.000000 0.000000 -0.000003 0.000874
-0.390038 0.695062 0.249859 1.000000 -0.000002 0.000002 0.000875
-0.390038 0.695062 0.249855 1.000000 -0.000002 -0.000000 0.000875
-0.390040 0.695059 0.249852 1.000000 0.000005 -0.000003 0.000877
-0.390038 0.695060 0.249843 1.000000 0.000003 0.000001 0.000877
-0.390038 0.695062 0.249855 1.000000 -0.000002 -0.000000 0.000878
-0.390039 0.695061 0.249876 1.000000 0.000001 -0.000002 0.000878
-0.390038 0.695060 0.249889 1.000000 0.000003 -0.000000 0.000879
-0.390038 0.695062 0.249891 1.000000 -0.000001 0.000000 0.000879
-0.390037 0.695062 0.249890 1.000000 -0.000002 0.000002 0.000881
-0.390041 0.695061 0.249884 1.000000 0.000001 -0.000005 0.000881
-0.390038 0.695061 0.249879 1.000000 0.000000 0.000001 0.000881
-0.390037 0.695061 0.249904 1.000000 0.000000 0.000002 0.000882
-0.390039 0.695060 0.249912 1.000000 0.000003 -0.000002 0.000882
-0.390039 0.695062 0.249917 1.000000 -0.000001 -0.000002 0.000883
-0.390039 0.695063 0.249915 1.000000 -0.000002 -0.000001 0.000883
-0.390040 0.695061 0.249907 1.000000 0.000000 -0.000003 0.000884
-0.390036 0.695059 0.249884 1.000000 0.000004 0.000004 0.000885
-0.390040 0.695064 0.249855 1.000000 -0.000005 -0.000004 0.000885
-0.390035 0.695062 0.249829 1.000000 -0.000002 0.000006 0.000886
-0.390036 0.695060 0.249791 1.000000 0.000002 0.000005 0.000886
-0.390035 0.695061 0.249779 1.000000 0.000002 0.000007 0.000887
-0.390037 0.695065 0.249763 1.000000 -0.000008 0.000002 0.000887
-0.390036 0.695059 0.249760 1.000000 0.000005 0.000005 0.000888
-0.390037 0.695060 0.249799 1.000000 0.000002 0.000002 0.000889
-0.390039 0.695060 0.249818 1.000000 0.000004 -0.000002 0.000890
-0.390036 0.695061 0.249829 1.000000 0.000001 0.000004 0.000891
-0.390039 0.695063 0.249821 1.000000 -0.000003 -0.000002 0.000892
-0.390038 0.695061 0.249832 1.000000 0.000002 0.000001 0.000893
-0.390037 0.695063 0.249854 1.000000 -0.000002 0.000001 0.000894
-0.390040 0.695061 0.249867 1.000000 0.000002 -0.000003 0.000895
-0.390038 0.695062 0.249879 1.000000 -0.000001 0.000001 0.000895
-0.390037 0.695064 0.249907 1.000000 -0.000003 0.000002 0.000896
-0.390038 0.695063 0.249900 1.000000 -0.000003 0.000001 0.000896
-0.390038 0.695062 0.249881 1.000000 -0.000001 -0.000000 0.000897
-0.390038 0.695062 0.249885 1.000000 -0.000000 -0.000000 0.000898
-0.390039 0.695060 0.249888 1.000000 0.000004 -0.000002 0.000899
-0.390039 0.695062 0.249874 1.000000 0.000000 -0.000002 0.000899
-0.390039 0.695059 0.249845 1.000000 0.000005 -0.000002 0.000900
-0.390041 0.695062 0.249842 1.000000 0.000000 -0.000006 0.000901
-0.390039 0.695066 0.249796 1.000000 -0.000008 -0.000001 0.000902
-0.390037 0.695062 0.249802 1.000000 0.000001 0.000001 0.000903
-0.390041 0.695062 0.249813 1.000000 0.000000 -0.000005 0.000903
-0.390037 0.695062 0.249828 1.000000 -0.000000 0.000003 0.000905
-0.390038 0.695066 0.249836 1.000000 -0.000008 0.000000 0.000906
-0.390037 0.695061 0.249833 1.000000 0.000002 0.000002 0.000906
-0.390040 0.695064 0.249830 1.000000 -0.000003 -0.000004 0.000907
-0.390037 0.695059 0.249824 1.000000 0.000007 0.000002 0.000908
-0.390042 0.695065 0.249812 1.000000 -0.000007 -0.000007 0.000908
-0.390040 0.695062 0.249793 1.000000 -0.000000 -0.000003 0.000908
-0.390036 0.695060 0.249775 1.000000 0.000005 0.000005 0.000908
-0.390040 0.695067 0.249760 1.000000 -0.000009 -0.000004 0.000909
-0.390035 0.695061 0.249758 1.000000 0.000003 0.000007 0.000909
-0.390038 0.695067 0.249757 1.000000 -0.000009 -0.000000 0.000909
-0.390038 0.695065 0.249763 1.000000 -0.000005 0.000001 0.000910
-0.390038 0.695059 0.249773 1.000000 0.000006 -0.000001 0.000911
-0.390040 0.695063 0.249795 1.000000 -0.000002 -0.000004 0.000912
-0.390039 0.695063 0.249805 1.000000 -0.000002 -0.000003 0.000912
-0.390037 0.695062 0.249840 1.000000 0.000001 0.000001 0.000913
-0.390038 0.695061 0.249863 1.000000 0.000002 -0.000001 0.000914
-0.390039 0.695063 0.249911 1.000000 -0.000001 -0.000002 0.000914
-0.390039 0.695062 0.249928 1.000000 0.000000 -0.000002 0.000915
-0.390039 0.695062 0.249954 1.000000 0.000001 -0.000002 0.000915
-0.390037 0.695063 0.249959 1.000000 -0.000000 0.000002 0.000915
-0.390038 0.695062 0.249952 1.000000 0.000001 -0.000001 0.000915
-0.390039 0.695061 0.249951 1.000000 0.000002 -0.000001 0.000916
-0.390038 0.695062 0.249935 1.000000 -0.000000 0.000000 0.000917
-0.390040 0.695061 0.249929 1.000000 0.000003 -0.000003 0.000917
-0.390037 0.695063 0.249918 1.000000 -0.000001 0.000001 0.000918
-0.390040 0.695062 0.249915 1.000000 0.000001 -0.000003 0.000919
-0.390038 0.695061 0.249928 1.000000 0.000002 0.000000 0.000919
-0.390039 0.695063 0.249929 1.000000 -0.000001 -0.000001 0.000919
-0.390038 0.695062 0.249940 1.000000 0.000001 -0.000000 0.000920
-0.390037 0.695062 0.249934 1.000000 0.000000 0.000001 0.000921
-0.390038 0.695063 0.249922 1.000000 -0.000001 0.000001 0.000921
-0.390040 0.695063 0.249920 1.000000 -0.000001 -0.000003 0.000922
-0.390038 0.695062 0.249919 1.000000 0.000001 0.000001 0.000922
-0.390038 0.695064 0.249920 1.000000 -0.000003 -0.000000 0.000923
-0.390039 0.695062 0.249912 1.000000 0.000001 -0.000002 0.000923
-0.390039 0.695062 0.249900 1.000000 0.000001 -0.000002 0.000923
-0.390039 0.695062 0.249897 1.000000 0.000002 -0.000001 0.000924
-0.390038 0.695062 0.249888 1.000000 0.000002 -0.000001 0.000925
-0.390037 0.695062 0.249873 1.000000 0.000001 0.000002 0.000926
-0.390037 0.695064 0.249852 1.000000 -0.000002 0.000002 0.000926
-0.390038 0.695065 0.249831 1.000000 -0.000004 -0.000000 0.000926
-0.390038 0.695061 0.249827 1.000000 0.000004 -0.000001 0.000927
-0.390038 0.695064 0.249834 1.000000 -0.000003 0.000001 0.000928
-0.390040 0.695063 0.249841 1.000000 0.000000 -0.000003 0.000929
-0.390038 0.695065 0.249858 1.000000 -0.000003 0.000000 0.000930
-0.390039 0.695063 0.249890 1.000000 0.000001 -0.000001 0.000931
-0.390038 0.695064 0.249942 1.000000 -0.000001 -0.000001 0.000932
-0.390037 0.695062 0.249856 1.000000 0.000001 0.000002 0.000934
-0.390037 0.695064 0.249841 1.000000 -0.000002 0.000002 0.000935
-0.390037 0.695064 0.249870 1.000000 -0.000003 0.000001 0.000935
-0.390040 0.695062 0.249885 1.000000 0.000002 -0.000004 0.000936
-0.390038 0.695065 0.249878 1.000000 -0.000004 0.000000 0.000936
-0.390037 0.695066 0.249867 1.000000 -0.000006 0.000001 0.000937
-0.390039 0.695064 0.249864 1.000000 -0.000003 -0.000002 0.000938
-0.390039 0.695065 0.249868 1.000000 -0.000003 -0.000002 0.000938
-0.390037 0.695063 0.249855 1.000000 0.000001 0.000001 0.000939
-0.390039 0.695061 0.249859 1.000000 0.000004 -0.000002 0.000939
-0.390036 0.695064 0.249847 1.000000 -0.000001 0.000005 0.000940
-0.390040 0.695063 0.249833 1.000000 -0.000000 -0.000003 0.000941
-0.390039 0.695063 0.249824 1.000000 0.000001 -0.000002 0.000942
-0.390037 0.695065 0.249824 1.000000 -0.000004 0.000002 0.000942
-0.390039 0.695063 0.249837 1.000000 0.000001 -0.000001 0.000942
-0.390039 0.695063 0.249857 1.000000 0.000002 -0.000003 0.000942
-0.390039 0.695063 0.249880 1.000000 0.000001 -0.000002 0.000943
-0.390037 0.695064 0.249899 1.000000 -0.000001 0.000002 0.000943
-0.390038 0.695063 0.249900 1.000000 0.000000 -0.000001 0.000943
-0.390037 0.695064 0.249880 1.000000 -0.000001 0.000002 0.000944
-0.390040 0.695063 0.249887 1.000000 0.000001 -0.000003 0.000945
-0.390037 0.695065 0.249904 1.000000 -0.000003 0.000003 0.000945
-0.390037 0.695064 0.249914 1.000000 -0.000000 0.000002 0.000946
-0.390038 0.695062 0.249916 1.000000 0.000002 0.000000 0.000947
-0.390039 0.695062 0.249907 1.000000 0.000002 -0.000001 0.000947
-0.390039 0.695062 0.249917 1.000000 0.000002 -0.000001 0.000948
-0.390038 0.695063 0.249920 1.000000 0.000002 0.000000 0.000949
-0.390038 0.695065 0.249928 1.000000 -0.000003 -0.000000 0.000950
-0.390038 0.695063 0.249925 1.000000 0.000001 -0.000000 0.000950
-0.390038 0.695063 0.249919 1.000000 0.000002 0.000001 0.000951
-0.390038 0.695063 0.249906 1.000000 0.000002 -0.000000 0.000951
-0.390038 0.695062 0.249914 1.000000 0.000002 0.000000 0.000951
-0.390041 0.695064 0.249909 1.000000 0.000000 -0.000006 0.000952
-0.390039 0.695062 0.249889 1.000000 0.000002 -0.000001 0.000953
-0.390039 0.695065 0.249868 1.000000 -0.000002 -0.000002 0.000954
-0.390038 0.695062 0.249863 1.000000 0.000005 0.000000 0.000955
-0.390039 0.695067 0.249861 1.000000 -0.000007 -0.000002 0.000956
-0.390036 0.695067 0.249857 1.000000 -0.000006 0.000003 0.000957
-0.390037 0.695063 0.249842 1.000000 0.000001 0.000002 0.000959
-0.390037 0.695065 0.249857 1.000000 -0.000003 0.000002 0.000959
-0.390038 0.695062 0.249884 1.000000 0.000005 -0.000001 0.000961
-0.390037 0.695063 0.249837 1.000000 0.000003 0.000001 0.000963
-0.390034 0.695065 0.249806 1.000000 -0.000003 0.000007 0.000966
-0.390041 0.695061 0.249807 1.000000 0.000006 -0.000007 0.000970
-0.390037 0.695061 0.249796 1.000000 0.000006 0.000002 0.000972
-0.390039 0.695067 0.249791 1.000000 -0.000005 -0.000003 0.000974
-0.390039 0.695066 0.249818 1.000000 -0.000003 -0.000002 0.000977
-0.390038 0.695064 0.249874 1.000000 0.000000 0.000000 0.000981
-0.390037 0.695066 0.249906 1.000000 -0.000002 0.000001 0.000982
-0.390038 0.695064 0.249876 1.000000 0.000000 0.000000 0.000984
-0.390037 0.695064 0.249914 1.000000 0.000001 0.000002 0.000985
-0.390039 0.695066 0.249878 1.000000 -0.000002 -0.000002 0.000986
-0.390039 0.695060 0.249860 1.000000 0.000009 -0.000003 0.000987
-0.390038 0.695062 0.249836 1.000000 0.000005 0.000000 0.000988
-0.390039 0.695063 0.249838 1.000000 0.000003 -0.000001 0.000990
-0.390040 0.695065 0.249898 1.000000 0.000000 -0.000004 0.000991
-0.390039 0.695066 0.249891 1.000000 -0.000002 -0.000002 0.000993
-0.390039 0.695065 0.249888 1.000000 0.000001 -0.000001 0.000997
-0.390039 0.695064 0.249954 1.000000 0.000002 -0.000002 0.000998
-0.390038 0.695065 0.249928 0.999999 0.000000 0.000001 0.001000
-0.390037 0.695065 0.249877 0.999999 0.000000 0.000003 0.001002
-0.390040 0.695067 0.249877 0.999999 -0.000004 -0.000003 0.001004
-0.390039 0.695066 0.249863 0.999999 -0.000002 -0.000001 0.001007
-0.390039 0.695065 0.249876 0.999999 0.000002 -0.000001 0.001008
-0.390039 0.695068 0.249872 0.999999 -0.000005 -0.000001 0.001009
-0.390039 0.695063 0.249858 0.999999 0.000005 -0.000003 0.001010
-0.390037 0.695065 0.249846 0.999999 0.000001 0.000003 0.001011
-0.390040 0.695065 0.249850 0.999999 0.000001 -0.000004 0.001013
-0.390039 0.695066 0.249857 0.999999 -0.000001 -0.000001 0.001013
-0.390039 0.695067 0.249864 0.999999 -0.000002 -0.000002 0.001016
-0.390037 0.695066 0.249888 0.999999 0.000000 0.000001 0.001019
-0.390039 0.695066 0.249931 0.999999 -0.000001 -0.000002 0.001021
-0.390038 0.695067 0.249924 0.999999 -0.000002 0.000001 0.001023
-0.390038 0.695066 0.249952 0.999999 -0.000001 -0.000000 0.001023
-0.390038 0.695064 0.249933 0.999999 0.000004 -0.000001 0.001025
-0.390037 0.695066 0.249902 0.999999 0.000001 0.000001 0.001027
-0.390038 0.695068 0.249857 0.999999 -0.000004 -0.000000 0.001030
-0.390038 0.695068 0.249869 0.999999 -0.000003 -0.000000 0.001033
-0.390039 0.695066 0.249879 0.999999 0.000001 -0.000003 0.001036
-0.390039 0.695067 0.249899 0.999999 -0.000000 -0.000003 0.001036
-0.390037 0.695066 0.249928 0.999999 0.000001 0.000001 0.001037
-0.390037 0.695067 0.249934 0.999999 -0.000001 0.000002 0.001037
-0.390036 0.695068 0.249932 0.999999 -0.000002 0.000003 0.001037
-0.390039 0.695067 0.249942 0.999999 -0.000001 -0.000002 0.001039
-0.390037 0.695068 0.249928 0.999999 -0.000002 0.000001 0.001041
-0.390038 0.695066 0.249960 0.999999 0.000002 -0.000001 0.001042
-0.390036 0.695066 0.249887 0.999999 0.000001 0.000003 0.001044
-0.390035 0.695066 0.249859 0.999999 0.000002 0.000005 0.001046
-0.390040 0.695066 0.249782 0.999999 0.000002 -0.000004 0.001047
-0.390038 0.695069 0.249808 0.999999 -0.000004 -0.000000 0.001050
-0.390039 0.695066 0.249890 0.999999 0.000003 -0.000003 0.001052
-0.390038 0.695067 0.249915 0.999999 -0.000000 0.000000 0.001053
-0.390037 0.695068 0.249881 0.999999 -0.000003 0.000002 0.001055
-0.390038 0.695066 0.249863 0.999999 0.000003 0.000000 0.001058
-0.390040 0.695066 0.249866 0.999999 0.000002 -0.000003 0.001060
-0.390038 0.695067 0.249906 0.999999 0.000001 0.000000 0.001062
-0.390038 0.695069 0.249904 0.999999 -0.000003 0.000001 0.001062
-0.390038 0.695068 0.249890 0.999999 -0.000001 0.000000 0.001063
-0.390039 0.695066 0.249898 0.999999 0.000003 -0.000002 0.001063
-0.390039 0.695066 0.249914 0.999999 0.000002 -0.000001 0.001064
-0.390039 0.695068 0.249926 0.999999 -0.000001 -0.000002 0.001064
-0.390039 0.695067 0.249930 0.999999 0.000001 -0.000002 0.001064
-0.390037 0.695067 0.249908 0.999999 0.000002 0.000002 0.001067
-0.390039 0.695069 0.249838 0.999999 -0.000004 -0.000003 0.001070
-0.390040 0.695066 0.249843 0.999999 0.000003 -0.000003 0.001072
-0.390038 0.695068 0.249906 0.999999 0.000000 -0.000000 0.001075
-0.390037 0.695068 0.249924 0.999999 -0.000001 0.000002 0.001075
-0.390039 0.695068 0.249924 0.999999 -0.000000 -0.000001 0.001076
-0.390038 0.695067 0.249932 0.999999 0.000002 -0.000000 0.001076
-0.390039 0.695068 0.249915 0.999999 -0.000001 -0.000001 0.001077
-0.390039 0.695069 0.249881 0.999999 -0.000002 -0.000002 0.001078
-0.390039 0.695069 0.249883 0.999999 -0.000001 -0.000001 0.001079
-0.390039 0.695067 0.249871 0.999999 0.000001 -0.000003 0.001080
-0.390040 0.695067 0.249857 0.999999 0.000002 -0.000004 0.001080
-0.390038 0.695068 0.249831 0.999999 0.000001 0.000001 0.001082
-0.390038 0.695068 0.249847 0.999999 -0.000001 -0.000000 0.001082
-0.390037 0.695068 0.249904 0.999999 -0.000000 0.000002 0.001083
-0.390038 0.695070 0.249919 0.999999 -0.000003 -0.000000 0.001083
-0.390038 0.695067 0.249916 0.999999 0.000003 -0.000000 0.001084
-0.390038 0.695067 0.249820 0.999999 0.000002 -0.000001 0.001086
-0.390038 0.695068 0.249918 0.999999 0.000000 -0.000001 0.001088
-0.390039 0.695065 0.249843 0.999999 0.000006 -0.000002 0.001090
-0.390038 0.695066 0.249825 0.999999 0.000006 -0.000001 0.001093
-0.390039 0.695071 0.249803 0.999999 -0.000005 -0.000002 0.001095
-0.390040 0.695067 0.249810 0.999999 0.000003 -0.000005 0.001097
-0.390038 0.695067 0.249800 0.999999 0.000005 -0.000001 0.001100
-0.390038 0.695070 0.249886 0.999999 -0.000001 -0.000001 0.001103
-0.390038 0.695067 0.249895 0.999999 0.000003 -0.000000 0.001104
-0.390038 0.695068 0.249888 0.999999 0.000003 0.000000 0.001105
-0.390039 0.695070 0.249886 0.999999 -0.000002 -0.000002 0.001106
-0.390039 0.695068 0.249893 0.999999 0.000003 -0.000003 0.001108
-0.390039 0.695071 0.249877 0.999999 -0.000003 -0.000003 0.001110
-0.390039 0.695068 0.249843 0.999999 0.000002 -0.000004 0.001112
-0.390038 0.695070 0.249866 0.999999 -0.000002 -0.000001 0.001112
-0.390038 0.695068 0.249881 0.999999 0.000003 -0.000000 0.001113
-0.390038 0.695068 0.249871 0.999999 0.000002 0.000000 0.001113
-0.390038 0.695069 0.249877 0.999999 0.000001 -0.000001 0.001114
-0.390038 0.695068 0.249895 0.999999 0.000003 -0.000001 0.001114
-0.390039 0.695070 0.249911 0.999999 -0.000002 -0.000002 0.001115
-0.390040 0.695070 0.249911 0.999999 -0.000000 -0.000004 0.001116
-0.390039 0.695069 0.249908 0.999999 0.000001 -0.000002 0.001116
-0.390037 0.695068 0.249916 0.999999 0.000003 0.000000 0.001117
-0.390039 0.695072 0.249896 0.999999 -0.000005 -0.000003 0.001118
-0.390037 0.695068 0.249880 0.999999 0.000002 0.000001 0.001119
-0.390038 0.695071 0.249853 0.999999 -0.000003 -0.000001 0.001120
-0.390038 0.695071 0.249852 0.999999 -0.000002 -0.000002 0.001120
-0.390037 0.695070 0.249859 0.999999 -0.000001 0.000000 0.001122
-0.390038 0.695070 0.249855 0.999999 0.000001 -0.000001 0.001125
-0.390036 0.695070 0.249882 0.999999 0.000001 0.000002 0.001127
-0.390039 0.695067 0.249852 0.999999 0.000005 -0.000003 0.001128
-0.390037 0.695072 0.249765 0.999999 -0.000003 -0.000001 0.001130
-0.390037 0.695070 0.249825 0.999999 0.000001 0.000000 0.001131
-0.390036 0.695071 0.249908 0.999999 -0.000002 0.000002 0.001133
-0.390038 0.695071 0.249912 0.999999 -0.000002 -0.000002 0.001135
-0.390038 0.695070 0.249932 0.999999 0.000001 -0.000001 0.001137
-0.390038 0.695070 0.249899 0.999999 0.000001 -0.000002 0.001138
-0.390038 0.695073 0.249880 0.999999 -0.000005 -0.000001 0.001142
-0.390040 0.695068 0.249852 0.999999 0.000004 -0.000006 0.001144
-0.390037 0.695065 0.249768 0.999999 0.000010 -0.000000 0.001145
-0.390037 0.695069 0.249767 0.999999 0.000003 0.000000 0.001147
-0.390038 0.695071 0.249838 0.999999 -0.000001 -0.000002 0.001149
-0.390036 0.695072 0.249873 0.999999 -0.000002 0.000002 0.001152
-0.390038 0.695071 0.249889 0.999999 0.000000 -0.000002 0.001153
-0.390037 0.695072 0.249907 0.999999 -0.000002 0.000000 0.001155
-0.390038 0.695073 0.249839 0.999999 -0.000003 -0.000002 0.001156
-0.390038 0.695069 0.249847 0.999999 0.000004 -0.000002 0.001157
-0.390038 0.695071 0.249932 0.999999 0.000001 -0.000003 0.001160
-0.390039 0.695071 0.249941 0.999999 0.000000 -0.000003 0.001162
-0.390038 0.695071 0.249931 0.999999 0.000002 -0.000001 0.001163
-0.390037 0.695068 0.249856 0.999999 0.000007 0.000000 0.001166
-0.390037 0.695073 0.249805 0.999999 -0.000002 0.000000 0.001168
-0.390038 0.695070 0.249855 0.999999 0.000003 -0.000001 0.001171
-0.390036 0.695072 0.249885 0.999999 0.000001 0.000002 0.001175
-0.390036 0.695073 0.249848 0.999999 -0.000001 0.000002 0.001177
-0.390038 0.695071 0.249921 0.999999 0.000003 -0.000001 0.001179
-0.390037 0.695072 0.249938 0.999999 0.000001 -0.000001 0.001180
-0.390038 0.695072 0.249868 0.999999 0.000000 -0.000002 0.001182
-0.390039 0.695072 0.249859 0.999999 0.000001 -0.000004 0.001185
-0.390037 0.695072 0.249851 0.999999 0.000000 -0.000001 0.001187
-0.390038 0.695074 0.249900 0.999999 -0.000003 -0.000002 0.001189
-0.390036 0.695073 0.249883 0.999999 -0.000001 0.000001 0.001190
-0.390037 0.695073 0.249952 0.999999 -0.000000 -0.000000 0.001191
-0.390037 0.695072 0.249959 0.999999 0.000002 -0.000002 0.001191
-0.390037 0.695074 0.249963 0.999999 -0.000002 -0.000001 0.001191
-0.390037 0.695073 0.249944 0.999999 0.000000 -0.000001 0.001192
-0.390037 0.695072 0.249946 0.999999 0.000002 -0.000002 0.001192
-0.390036 0.695076 0.249922 0.999999 -0.000007 0.000002 0.001193
-0.390037 0.695070 0.249858 0.999999 0.000006 -0.000001 0.001196
-0.390035 0.695072 0.249861 0.999999 0.000002 0.000004 0.001198
-0.390037 0.695072 0.249853 0.999999 0.000003 -0.000001 0.001199
-0.390037 0.695074 0.249861 0.999999 -0.000003 -0.000000 0.001200
-0.390037 0.695072 0.249869 0.999999 0.000003 -0.000002 0.001201
-0.390037 0.695073 0.249871 0.999999 0.000001 0.000000 0.001203
-0.390037 0.695072 0.249906 0.999999 0.000003 -0.000001 0.001205
-0.390036 0.695074 0.249873 0.999999 -0.000001 0.000002 0.001206
-0.390038 0.695072 0.249896 0.999999 0.000003 -0.000002 0.001207
-0.390035 0.695073 0.249903 0.999999 0.000000 0.000003 0.001207
-0.390037 0.695071 0.249884 0.999999 0.000004 0.000000 0.001209
-0.390038 0.695073 0.249871 0.999999 0.000000 -0.000003 0.001209
-0.390037 0.695073 0.249892 0.999999 -0.000000 -0.000001 0.001212
-0.390038 0.695073 0.249925 0.999999 0.000001 -0.000003 0.001213
-0.390037 0.695074 0.249954 0.999999 -0.000000 -0.000001 0.001214
-0.390034 0.695073 0.249878 0.999999 0.000001 0.000005 0.001217
-0.390037 0.695073 0.249787 0.999999 0.000001 -0.000002 0.001219
-0.390035 0.695072 0.249806 0.999999 0.000004 0.000004 0.001221
-0.390037 0.695075 0.249813 0.999999 -0.000003 -0.000002 0.001222
-0.390037 0.695074 0.249830 0.999999 0.000001 -0.000002 0.001223
-0.390036 0.695074 0.249884 0.999999 -0.000000 -0.000000 0.001224
-0.390037 0.695073 0.249908 0.999999 0.000002 -0.000001 0.001225
-0.390037 0.695074 0.249915 0.999999 0.000000 -0.000002 0.001226
-0.390037 0.695074 0.249882 0.999999 0.000000 -0.000001 0.001228
-0.390034 0.695074 0.249876 0.999999 -0.000001 0.000003 0.001229
-0.390036 0.695074 0.249891 0.999999 0.000001 0.000001 0.001230
-0.390037 0.695072 0.249863 0.999999 0.000004 -0.000002 0.001232
-0.390036 0.695072 0.249900 0.999999 0.000005 -0.000000 0.001234
-0.390037 0.695073 0.249900 0.999999 0.000002 -0.000002 0.001236
-0.390036 0.695074 0.249919 0.999999 0.000002 -0.000000 0.001237
-0.390037 0.695075 0.249922 0.999999 -0.000001 -0.000002 0.001239
-0.390036 0.695075 0.249896 0.999999 0.000000 0.000000 0.001242
-0.390036 0.695075 0.249922 0.999999 -0.000001 0.000000 0.001244
-0.390035 0.695075 0.249939 0.999999 0.000000 0.000002 0.001245
-0.390036 0.695076 0.249940 0.999999 -0.000002 -0.000000 0.001245
-0.390036 0.695075 0.249949 0.999999 -0.000001 -0.000000 0.001245
-0.390036 0.695074 0.249954 0.999999 0.000001 -0.000000 0.001245
-0.390036 0.695075 0.249964 0.999999 -0.000001 0.000001 0.001246
-0.390038 0.695074 0.249933 0.999999 0.000002 -0.000003 0.001246
-0.390036 0.695073 0.249880 0.999999 0.000003 -0.000000 0.001249
-0.390037 0.695075 0.249903 0.999999 -0.000001 -0.000002 0.001251
-0.390035 0.695076 0.249939 0.999999 -0.000001 0.000001 0.001253
-0.390036 0.695075 0.249900 0.999999 0.000001 -0.000001 0.001254
-0.390035 0.695075 0.249907 0.999999 0.000001 0.000001 0.001257
-0.390037 0.695075 0.249883 0.999999 0.000001 -0.000003 0.001259
-0.390036 0.695073 0.249876 0.999999 0.000005 -0.000001 0.001261
-0.390035 0.695077 0.249869 0.999999 -0.000003 0.000002 0.001262
-0.390037 0.695073 0.249861 0.999999 0.000004 -0.000002 0.001263
-0.390035 0.695076 0.249906 0.999999 -0.000001 0.000002 0.001266
-0.390035 0.695074 0.249876 0.999999 0.000003 0.000002 0.001267
-0.390035 0.695075 0.249883 0.999999 0.000001 0.000001 0.001269
-0.390034 0.695074 0.249887 0.999999 0.000005 0.000003 0.001270
-0.390036 0.695078 0.249865 0.999999 -0.000005 -0.000001 0.001275
-0.390034 0.695077 0.249854 0.999999 -0.000002 0.000003 0.001277
-0.390036 0.695076 0.249880 0.999999 0.000000 -0.000001 0.001279
-0.390036 0.695076 0.249889 0.999999 0.000001 -0.000001 0.001282
-0.390036 0.695076 0.249930 0.999999 0.000000 0.000001 0.001284
-0.390036 0.695075 0.249939 0.999999 0.000003 -0.000001 0.001285
-0.390036 0.695078 0.249898 0.999999 -0.000002 -0.000001 0.001286
-0.390036 0.695076 0.249927 0.999999 0.000002 0.000000 0.001287
-0.390036 0.695076 0.249923 0.999999 0.000001 -0.000001 0.001288
-0.390037 0.695075 0.249934 0.999999 0.000004 -0.000002 0.001290
-0.390034 0.695076 0.249916 0.999999 0.000002 0.000003 0.001292
-0.390036 0.695079 0.249894 0.999999 -0.000005 -0.000000 0.001293
-0.390037 0.695077 0.249949 0.999999 -0.000001 -0.000001 0.001295
-0.390035 0.695077 0.249885 0.999999 0.000000 0.000002 0.001296
-0.390036 0.695077 0.249943 0.999999 0.000001 -0.000000 0.001298
-0.390037 0.695077 0.249933 0.999999 -0.000000 -0.000001 0.001298
-0.390037 0.695077 0.249944 0.999999 0.000001 -0.000001 0.001300
-0.390036 0.695078 0.249953 0.999999 -0.000001 -0.000001 0.001300
-0.390037 0.695077 0.249957 0.999999 0.000001 -0.000002 0.001300
-0.390036 0.695077 0.249935 0.999999 0.000002 0.000001 0.001301
-0.390038 0.695078 0.249898 0.999999 -0.000000 -0.000003 0.001303
-0.390036 0.695077 0.249940 0.999999 0.000001 -0.000000 0.001304
-0.390038 0.695077 0.249923 0.999999 0.000001 -0.000003 0.001305
-0.390037 0.695079 0.249900 0.999999 -0.000001 -0.000002 0.001308
-0.390037 0.695077 0.249877 0.999999 0.000003 -0.000001 0.001311
-0.390037 0.695078 0.249889 0.999999 0.000001 -0.000002 0.001313
-0.390037 0.695079 0.249889 0.999999 -0.000001 -0.000003 0.001315
-0.390038 0.695079 0.249863 0.999999 -0.000002 -0.000003 0.001317
-0.390036 0.695077 0.249906 0.999999 0.000002 -0.000000 0.001318
-0.390036 0.695077 0.249844 0.999999 0.000003 -0.000000 0.001320
-0.390035 0.695079 0.249872 0.999999 -0.000001 0.000001 0.001322
-0.390036 0.695078 0.249887 0.999999 0.000001 0.000001 0.001322
-0.390036 0.695080 0.249915 0.999999 -0.000002 0.000000 0.001323
-0.390036 0.695080 0.249919 0.999999 -0.000003 -0.000000 0.001323
-0.390038 0.695078 0.249912 0.999999 0.000002 -0.000003 0.001324
-0.390036 0.695078 0.249891 0.999999 0.000001 -0.000001 0.001326
-0.390036 0.695078 0.249852 0.999999 0.000001 0.000001 0.001328
-0.390035 0.695078 0.249915 0.999999 0.000001 0.000001 0.001328
-0.390036 0.695080 0.249946 0.999999 -0.000002 -0.000001 0.001329
-0.390037 0.695078 0.249899 0.999999 0.000001 -0.000002 0.001331
-0.390037 0.695078 0.249954 0.999999 0.000001 -0.000001 0.001332
-0.390037 0.695080 0.249918 0.999999 -0.000002 -0.000002 0.001334
-0.390037 0.695078 0.249933 0.999999 0.000002 -0.000001 0.001335
-0.390036 0.695079 0.249944 0.999999 0.000001 -0.000000 0.001337
-0.390036 0.695079 0.249952 0.999999 0.000001 -0.000001 0.001337
-0.390039 0.695081 0.249867 0.999999 -0.000003 -0.000006 0.001340
-0.390037 0.695080 0.249830 0.999999 -0.000000 -0.000003 0.001342
-0.390036 0.695078 0.249853 0.999999 0.000002 0.000001 0.001344
-0.390035 0.695080 0.249899 0.999999 -0.000000 0.000002 0.001347
-0.390037 0.695079 0.249903 0.999999 0.000002 -0.000002 0.001349
-0.390037 0.695079 0.249909 0.999999 0.000002 -0.000001 0.001350
-0.390036 0.695078 0.249919 0.999999 0.000003 -0.000001 0.001352
-0.390036 0.695079 0.249898 0.999999 0.000002 -0.000001 0.001355
-0.390035 0.695080 0.249883 0.999999 0.000001 0.000002 0.001356
-0.390037 0.695080 0.249871 0.999999 0.000001 -0.000002 0.001358
-0.390037 0.695081 0.249927 0.999999 -0.000002 -0.000002 0.001360
-0.390037 0.695080 0.249893 0.999999 0.000001 -0.000003 0.001363
-0.390036 0.695080 0.249913 0.999999 0.000001 0.000000 0.001364
-0.390036 0.695080 0.249900 0.999999 0.000001 0.000000 0.001366
