-0.080732 0.886040 0.407061
-0.079454 0.886078 0.407131
-0.079436 0.886015 0.407141
-0.079064 0.885987 0.407170
-0.080516 0.884497 0.407341
-0.080517 0.884203 0.407411
-0.078488 0.883114 0.407791
-0.078243 0.882862 0.407855
-0.075578 0.881597 0.408254
-0.074130 0.880109 0.408615
-0.073984 0.879885 0.408662
-0.074463 0.878952 0.408821
-0.074376 0.878592 0.408891
-0.075153 0.877898 0.408989
-0.075173 0.877751 0.409013
-0.076228 0.877096 0.409082
-0.076260 0.876975 0.409099
-0.077185 0.876619 0.409105
-0.079124 0.875631 0.409119
-0.079649 0.875204 0.409163
-0.080998 0.873816 0.409385
-0.080980 0.873579 0.409433
-0.080659 0.870834 0.409910
-0.081927 0.870688 0.409855
-0.083511 0.870738 0.409743
-0.083637 0.870703 0.409736
-0.085152 0.870580 0.409646
-0.085293 0.870526 0.409641
-0.086911 0.870326 0.409550
-0.087023 0.870262 0.409547
-0.088473 0.870009 0.409467
-0.088604 0.869932 0.409464
-0.089585 0.869388 0.409451
-0.092366 0.867909 0.409520
-0.092511 0.867641 0.409568
-0.093444 0.866920 0.409608
-0.095825 0.864906 0.409852
-0.095811 0.864194 0.410010
-0.096572 0.863399 0.410082
-0.098527 0.861118 0.410412
-0.098201 0.859943 0.410682
-0.098496 0.859002 0.410845
-0.098312 0.858144 0.411007
-0.098843 0.857433 0.411086
-0.098882 0.856751 0.411185
-0.099684 0.856048 0.411226
-0.099794 0.855673 0.411263
-0.100858 0.854967 0.411264
-0.100938 0.854801 0.411274
-0.101332 0.854608 0.411261
-0.104623 0.852233 0.411396
-0.104685 0.851902 0.411452
-0.105018 0.851565 0.411482
-0.107800 0.849030 0.411722
-0.107873 0.848569 0.411808
-0.108176 0.848122 0.411868
-0.110678 0.844815 0.412316
-0.110592 0.844349 0.412413
-0.110648 0.842375 0.412769
-0.110551 0.842071 0.412820
-0.111092 0.840858 0.412950
-0.111090 0.840607 0.412980
-0.111974 0.839616 0.413026
-0.112024 0.839399 0.413043
-0.113115 0.838541 0.413034
-0.113247 0.838159 0.413051
-0.114385 0.837439 0.413001
-0.114489 0.837258 0.413002
-0.115809 0.836531 0.412921
-0.116015 0.836183 0.412916
-0.117180 0.835601 0.412828
-0.117456 0.835245 0.412815
-0.118817 0.834572 0.412689
-0.118957 0.834395 0.412678
-0.121946 0.828859 0.411015
-0.116149 0.835485 0.411311
-0.116207 0.835653 0.411395
-0.116287 0.835653 0.411409
-0.116422 0.835671 0.411416
-0.116523 0.835683 0.411428
-0.118313 0.833170 0.412130
-0.118333 0.833134 0.412139
-0.118160 0.833047 0.412207
-0.119044 0.832427 0.412223
-0.119887 0.831843 0.412255
-0.120396 0.831419 0.412312
-0.121516 0.830519 0.412390
-0.122442 0.829728 0.412481
-0.122961 0.828741 0.412726
-0.122907 0.828388 0.412848
-0.122582 0.827583 0.413138
-0.122469 0.827329 0.413212
-0.122226 0.826488 0.413421
-0.122080 0.826341 0.413478
-0.121642 0.825996 0.413625
-0.121600 0.825836 0.413659
-0.121680 0.825511 0.413707
-0.121734 0.825202 0.413748
-0.121834 0.824983 0.413783
-0.122041 0.824704 0.413794
-0.122070 0.824524 0.413838
-0.122249 0.824099 0.413859
-0.121933 0.823732 0.413930
-0.121775 0.823444 0.413980
-0.121899 0.822877 0.414001
-0.121700 0.822438 0.414043
-0.121236 0.822011 0.414133
-0.121322 0.821369 0.414164
-0.122163 0.820673 0.414189
-0.123316 0.819565 0.414289
-0.125075 0.817793 0.414480
-0.124826 0.815496 0.415057
-0.123569 0.814355 0.415360
-0.122357 0.813292 0.415607
-0.121242 0.812581 0.415821
-0.120388 0.811741 0.416016
-0.119977 0.810922 0.416119
-0.119121 0.810245 0.416279
-0.118636 0.809211 0.416408
-0.117971 0.808509 0.416536
-0.117605 0.807805 0.416624
-0.117449 0.807080 0.416695
-0.116773 0.806244 0.416822
-0.116091 0.805794 0.416944
-0.116093 0.804813 0.417006
-0.115781 0.804087 0.417089
-0.115689 0.803276 0.417143
-0.115344 0.802370 0.417229
-0.114789 0.801613 0.417333
-0.114419 0.801017 0.417416
-0.114088 0.800287 0.417503
-0.113941 0.799458 0.417562
-0.113240 0.798751 0.417690
-0.112547 0.797985 0.417821
-0.112193 0.797345 0.417911
-0.111721 0.796497 0.418021
-0.111350 0.795881 0.418105
-0.111370 0.795302 0.418128
-0.111328 0.795181 0.418139
-0.111462 0.794919 0.418144
-0.111404 0.794818 0.418163
-0.111549 0.794634 0.418171
-0.111723 0.794482 0.418160
-0.112734 0.793731 0.418156
-0.113658 0.793119 0.418165
-0.114319 0.792601 0.418176
-0.115576 0.791617 0.418206
-0.116676 0.790857 0.418244
-0.118203 0.789546 0.418354
-0.118497 0.789295 0.418371
-0.118911 0.788881 0.418397
-0.118880 0.788731 0.418451
-0.118899 0.788498 0.418490
-0.119003 0.788432 0.418492
-0.119233 0.788276 0.418497
-0.119411 0.788193 0.418507
-0.119588 0.788054 0.418509
-0.119778 0.788014 0.418499
-0.119913 0.787967 0.418498
-0.120373 0.787841 0.418476
-0.120562 0.787719 0.418479
-0.121103 0.787605 0.418440
-0.121610 0.787540 0.418405
-0.121929 0.787480 0.418375
-0.122370 0.787373 0.418343
-0.122718 0.787331 0.418307
-0.123255 0.787238 0.418259
-0.123433 0.787266 0.418246
-0.123683 0.787295 0.418231
-0.123932 0.787288 0.418208
-0.124077 0.787292 0.418199
-0.125157 0.786629 0.418201
-0.126317 0.786089 0.418193
-0.127244 0.785648 0.418180
-0.128780 0.784737 0.418195
-0.130118 0.784012 0.418219
-0.131188 0.783403 0.418228
-0.132872 0.782320 0.418262
-0.134054 0.781516 0.418333
-0.135528 0.780454 0.418424
-0.135738 0.780257 0.418481
-0.136134 0.779496 0.418633
-0.136056 0.779180 0.418703
-0.135498 0.778897 0.418820
-0.134001 0.778986 0.419001
-0.133562 0.778631 0.419080
-0.133359 0.778273 0.419140
-0.133466 0.777727 0.419159
-0.133319 0.777429 0.419197
-0.132974 0.777186 0.419243
-0.132577 0.776713 0.419304
-0.132027 0.776467 0.419374
-0.131356 0.776237 0.419461
-0.131075 0.775757 0.419528
-0.130319 0.775638 0.419621
-0.129663 0.775240 0.419705
-0.128860 0.775062 0.419806
-0.129440 0.774272 0.419795
-0.129122 0.774274 0.419830
-0.128767 0.774053 0.419854
-0.128528 0.774002 0.419879
-0.128037 0.773795 0.419918
-0.128556 0.773110 0.419997
-0.129097 0.772502 0.420069
-0.129166 0.772088 0.420142
-0.130154 0.771036 0.420228
-0.131023 0.770092 0.420314
-0.132409 0.768661 0.420434
-0.133321 0.767528 0.420553
-0.133859 0.766678 0.420643
-0.135072 0.765335 0.420768
-0.135787 0.764292 0.420896
-0.135730 0.763047 0.421116
-0.135404 0.762599 0.421194
-0.134452 0.761551 0.421357
-0.133954 0.761369 0.421411
-0.132718 0.760844 0.421527
-0.132353 0.760622 0.421550
-0.131654 0.760106 0.421591
-0.130723 0.759998 0.421641
-0.130290 0.759894 0.421669
-0.129197 0.759569 0.421730
-0.128776 0.759480 0.421757
-0.127804 0.759285 0.421791
-0.127455 0.759143 0.421809
-0.126955 0.759042 0.421827
-0.127336 0.758275 0.421920
-0.128297 0.756859 0.422066
-0.129934 0.754847 0.422308
-0.130556 0.754109 0.422373
-0.131490 0.753136 0.422448
-0.131871 0.752747 0.422456
-0.132075 0.752255 0.422497
-0.132154 0.752047 0.422501
-0.132151 0.751702 0.422530
-0.132028 0.751648 0.422542
-0.131819 0.751457 0.422568
-0.131803 0.751375 0.422573
-0.131854 0.751242 0.422590
-0.131578 0.751131 0.422610
-0.132032 0.750709 0.422604
-0.132053 0.750540 0.422615
-0.132108 0.750542 0.422627
-0.132123 0.750499 0.422638
-0.132183 0.750472 0.422644
-0.132316 0.750321 0.422658
-0.133214 0.749575 0.422763
-0.134007 0.748892 0.422863
-0.134392 0.748463 0.422936
-0.135466 0.747462 0.423085
-0.136433 0.746575 0.423211
-0.137373 0.745533 0.423358
-0.137844 0.744223 0.423457
-0.137486 0.744152 0.423485
-0.137026 0.743712 0.423502
-0.136557 0.743526 0.423516
-0.136106 0.743207 0.423522
-0.135537 0.742861 0.423539
-0.135133 0.742533 0.423549
-0.135425 0.742054 0.423556
-0.134863 0.742061 0.423574
-0.135019 0.741652 0.423579
-0.134787 0.741504 0.423598
-0.134600 0.741159 0.423601
-0.134580 0.741024 0.423604
-0.136323 0.739466 0.423835
-0.136938 0.738920 0.423898
-0.139316 0.737011 0.424201
-0.139918 0.736438 0.424287
-0.142146 0.734488 0.424615
-0.143660 0.732304 0.424849
-0.143202 0.731709 0.424843
-0.143147 0.731273 0.424853
-0.143163 0.731148 0.424858
-0.143132 0.730864 0.424867
-0.143323 0.730677 0.424871
-0.143588 0.730276 0.424890
-0.143562 0.730230 0.424897
-0.143784 0.729753 0.424913
-0.143027 0.729633 0.424913
-0.142886 0.729395 0.424916
-0.142796 0.729274 0.424911
-0.142456 0.729069 0.424905
-0.142386 0.728961 0.424901
-0.142318 0.728803 0.424901
-0.143082 0.727992 0.425040
-0.143922 0.727208 0.425172
-0.144236 0.726697 0.425257
-0.145199 0.725644 0.425444
-0.146254 0.724664 0.425598
-0.146952 0.723825 0.425691
-0.148172 0.722543 0.425894
-0.149006 0.721490 0.426068
-0.150463 0.719921 0.426322
-0.151596 0.718630 0.426529
-0.152754 0.716898 0.426721
-0.153020 0.714531 0.426830
-0.152518 0.713347 0.426816
-0.152069 0.712060 0.426817
-0.151034 0.711924 0.426808
-0.150430 0.710948 0.426810
-0.149511 0.710300 0.426817
-0.149238 0.708972 0.426802
-0.148408 0.708574 0.426800
-0.147686 0.707399 0.426782
-0.147401 0.706872 0.426780
-0.146563 0.706345 0.426757
-0.146176 0.705705 0.426757
-0.145630 0.704982 0.426731
-0.145176 0.704302 0.426726
-0.145350 0.703016 0.426736
-0.145615 0.702010 0.426734
-0.145346 0.701340 0.426726
-0.145271 0.701068 0.426725
-0.146710 0.699262 0.427030
-0.147004 0.698641 0.427119
-0.148876 0.696408 0.427514
-0.150951 0.693549 0.427803
-0.150218 0.692797 0.427769
-0.149184 0.691887 0.427723
-0.148576 0.691359 0.427702
-0.148241 0.690573 0.427698
-0.148156 0.689502 0.427692
-0.148415 0.688768 0.427704
-0.148292 0.688450 0.427695
-0.148312 0.687780 0.427706
-0.147842 0.687011 0.427687
-0.147266 0.686407 0.427667
-0.147221 0.685579 0.427673
-0.146838 0.684960 0.427666
-0.146159 0.684497 0.427642
-0.146077 0.683568 0.427645
-0.145877 0.682503 0.427640
-0.145812 0.681924 0.427647
-0.145586 0.681150 0.427644
-0.144996 0.680526 0.427625
-0.144891 0.679214 0.427632
-0.144020 0.678736 0.427617
-0.143120 0.678105 0.427586
-0.142750 0.677157 0.427577
-0.142403 0.675734 0.427550
-0.142275 0.674962 0.427543
-0.141848 0.673714 0.427540
-0.141606 0.672291 0.427530
-0.141116 0.671942 0.427498
-0.140847 0.671435 0.427496
-0.140632 0.670726 0.427498
-0.140526 0.669985 0.427512
-0.140177 0.668505 0.427505
-0.140100 0.667562 0.427509
-0.139821 0.666512 0.427518
-0.139193 0.665542 0.427496
-0.138989 0.664583 0.427489
-0.138556 0.663083 0.427500
-0.138071 0.662422 0.427479
-0.138052 0.662138 0.427482
-0.137973 0.661911 0.427485
-0.137919 0.661329 0.427496
-0.137931 0.661045 0.427502
-0.137894 0.660738 0.427515
-0.137975 0.660427 0.427526
-0.138064 0.659882 0.427553
-0.138140 0.659605 0.427562
-0.138345 0.659040 0.427606
-0.138352 0.658791 0.427613
-0.138629 0.658399 0.427634
-0.138673 0.658305 0.427645
-0.138789 0.658097 0.427673
-0.138818 0.657997 0.427685
-0.139025 0.657848 0.427724
-0.139101 0.657701 0.427734
-0.139292 0.657540 0.427764
-0.139431 0.657366 0.427781
-0.139770 0.657170 0.427832
-0.139737 0.656791 0.427868
-0.139940 0.656139 0.427907
-0.139818 0.655806 0.427903
-0.139243 0.655159 0.427895
-0.139244 0.654605 0.427901
-0.139534 0.653970 0.427932
-0.139068 0.653524 0.427922
-0.139056 0.653184 0.427929
-0.140633 0.651267 0.428232
-0.141753 0.649653 0.428446
-0.141725 0.648629 0.428448
-0.141469 0.647464 0.428448
-0.140946 0.646962 0.428431
-0.140289 0.646842 0.428395
-0.140339 0.645896 0.428394
-0.140080 0.644973 0.428402
-0.140164 0.644121 0.428417
-0.140226 0.643755 0.428420
-0.140293 0.643257 0.428432
-0.140182 0.642711 0.428445
-0.140094 0.642461 0.428451
-0.139629 0.641851 0.428442
-0.139450 0.641409 0.428440
-0.138884 0.640885 0.428412
-0.138612 0.640648 0.428398
-0.138274 0.640183 0.428367
-0.138060 0.640005 0.428359
-0.137265 0.639675 0.428303
-0.137195 0.639255 0.428301
-0.136690 0.638562 0.428273
-0.136573 0.638079 0.428268
-0.136131 0.637405 0.428241
-0.136016 0.636999 0.428238
-0.135633 0.636386 0.428215
-0.135438 0.636041 0.428206
-0.134644 0.635842 0.428148
-0.135441 0.634894 0.428281
-0.136094 0.634103 0.428411
-0.136426 0.633427 0.428484
-0.137479 0.632093 0.428680
-0.138449 0.630774 0.428853
-0.139666 0.628639 0.429011
-0.140083 0.627510 0.429060
-0.140430 0.625057 0.429109
-0.140241 0.624703 0.429095
-0.139738 0.624100 0.429057
-0.138698 0.623314 0.428969
-0.138205 0.621674 0.428938
-0.137121 0.620935 0.428854
-0.135913 0.620019 0.428783
-0.135358 0.618825 0.428755
-0.135198 0.618438 0.428749
-0.134663 0.617864 0.428728
-0.134489 0.617493 0.428714
-0.134279 0.616709 0.428700
-0.134133 0.616389 0.428690
-0.134912 0.615285 0.428841
-0.135692 0.614385 0.428992
-0.136673 0.613162 0.429155
-0.136868 0.612781 0.429195
-0.137120 0.611568 0.429248
-0.137017 0.610663 0.429245
-0.136623 0.609862 0.429219
-0.136286 0.609307 0.429211
-0.136156 0.608637 0.429198
-0.135781 0.608377 0.429175
-0.135544 0.607949 0.429172
-0.135186 0.607248 0.429145
-0.135257 0.606333 0.429161
-0.134856 0.605244 0.429154
-0.134424 0.604247 0.429138
-0.133897 0.603999 0.429124
-0.133949 0.603057 0.429129
-0.133872 0.602768 0.429123
-0.133805 0.602421 0.429129
-0.133761 0.602051 0.429126
-0.133575 0.601353 0.429123
-0.133399 0.600293 0.429133
-0.133200 0.599221 0.429129
-0.132706 0.598450 0.429102
-0.132232 0.597735 0.429089
-0.132062 0.597418 0.429090
-0.132031 0.596500 0.429101
-0.131970 0.595689 0.429119
-0.132024 0.595312 0.429126
-0.132060 0.595102 0.429139
-0.132071 0.594937 0.429149
-0.132159 0.594622 0.429165
-0.132232 0.594262 0.429183
-0.133885 0.592447 0.429529
-0.134971 0.590222 0.429774
-0.134825 0.589172 0.429790
-0.135002 0.588123 0.429801
-0.134733 0.587550 0.429800
-0.134796 0.586609 0.429815
-0.134501 0.586141 0.429824
-0.134317 0.586118 0.429821
-0.134130 0.585795 0.429817
-0.134273 0.584816 0.429848
-0.134041 0.584619 0.429831
-0.134052 0.584079 0.429849
-0.134117 0.582707 0.429870
-0.133597 0.582241 0.429866
-0.133419 0.581954 0.429855
-0.133492 0.580917 0.429870
-0.133378 0.579680 0.429895
-0.133197 0.579042 0.429903
-0.133237 0.578676 0.429910
-0.133400 0.577661 0.429941
-0.134222 0.576638 0.430106
-0.134973 0.575628 0.430269
-0.135588 0.574811 0.430381
-0.136722 0.573556 0.430617
-0.137628 0.572610 0.430816
-0.138253 0.571975 0.430945
-0.139522 0.570821 0.431191
-0.140663 0.569823 0.431403
-0.141490 0.569164 0.431540
-0.142488 0.568165 0.431698
-0.142888 0.567751 0.431751
-0.143179 0.567182 0.431811
-0.143259 0.567064 0.431830
-0.143295 0.566902 0.431856
-0.143348 0.566818 0.431868
-0.143398 0.566458 0.431892
-0.143506 0.566179 0.431908
-0.143681 0.565646 0.431940
-0.143846 0.565289 0.431964
-0.143974 0.564737 0.431998
-0.143996 0.564544 0.432012
-0.143989 0.564045 0.432037
-0.144042 0.563830 0.432048
-0.144929 0.562831 0.432231
-0.145730 0.561863 0.432409
-0.146235 0.561302 0.432523
-0.147518 0.559981 0.432778
-0.148548 0.558904 0.433004
-0.149756 0.557919 0.433254
-0.149926 0.557832 0.433306
-0.150158 0.557789 0.433365
-0.150199 0.557827 0.433378
-0.150377 0.557745 0.433405
-0.150371 0.557908 0.433404
-0.150563 0.557903 0.433422
-0.150640 0.557801 0.433432
-0.150755 0.557808 0.433446
-0.150767 0.557885 0.433447
-0.150904 0.557989 0.433459
-0.151078 0.557547 0.433500
-0.151329 0.557142 0.433546
-0.151507 0.556634 0.433585
-0.151520 0.555984 0.433613
-0.152428 0.554810 0.433809
-0.153658 0.553220 0.434108
-0.154689 0.552306 0.434352
-0.156302 0.550694 0.434722
-0.157614 0.549190 0.435014
-0.159393 0.547229 0.435428
-0.160784 0.545412 0.435738
-0.163255 0.541797 0.436373
-0.163671 0.540375 0.436507
-0.163652 0.540294 0.436513
-0.163514 0.540208 0.436508
-0.163487 0.540220 0.436508
-0.163421 0.540234 0.436503
-0.163448 0.540133 0.436507
-0.163569 0.539749 0.436529
-0.163732 0.539091 0.436565
-0.163735 0.538766 0.436581
-0.163769 0.538237 0.436607
-0.163829 0.537802 0.436630
-0.164037 0.536791 0.436684
-0.164075 0.536520 0.436702
-0.164130 0.535932 0.436735
-0.164264 0.535715 0.436758
-0.164294 0.535543 0.436777
-0.164296 0.534948 0.436818
-0.164303 0.534628 0.436833
-0.164281 0.534111 0.436866
-0.164264 0.533983 0.436875
-0.164356 0.533420 0.436906
-0.164450 0.533119 0.436930
-0.164633 0.532447 0.436981
-0.164771 0.532033 0.437009
-0.164925 0.531363 0.437063
-0.165014 0.530905 0.437088
-0.165010 0.530005 0.437124
-0.165140 0.529419 0.437157
-0.165231 0.528850 0.437194
-0.166022 0.527503 0.437408
-0.166629 0.526376 0.437599
-0.167095 0.525448 0.437737
-0.167692 0.523897 0.437918
-0.167907 0.523063 0.437990
-0.168040 0.521682 0.438088
-0.168093 0.521071 0.438124
-0.168086 0.520511 0.438156
-0.168184 0.520096 0.438185
-0.168290 0.518710 0.438269
-0.168216 0.518614 0.438277
-0.168050 0.518609 0.438276
-0.168026 0.518447 0.438286
-0.167986 0.518229 0.438300
-0.168027 0.518003 0.438313
-0.167998 0.517426 0.438339
-0.168137 0.516969 0.438362
-0.168266 0.516706 0.438382
-0.169071 0.515600 0.438582
-0.169780 0.514363 0.438789
-0.170508 0.512802 0.439031
-0.170797 0.512088 0.439109
-0.171130 0.511252 0.439205
-0.171159 0.511090 0.439233
-0.171890 0.510091 0.439435
-0.172599 0.509093 0.439633
-0.173794 0.507475 0.439955
-0.174882 0.505875 0.440245
-0.175696 0.504557 0.440457
-0.176964 0.502712 0.440792
-0.178012 0.501198 0.441088
-0.178753 0.499922 0.441305
-0.179908 0.497885 0.441654
-0.180754 0.496114 0.441947
-0.182021 0.494071 0.442336
-0.183136 0.492114 0.442674
-0.184535 0.489613 0.443106
-0.185664 0.487974 0.443444
-0.187047 0.486215 0.443858
-0.188183 0.484803 0.444194
-0.189034 0.483024 0.444469
-0.190408 0.481287 0.444851
-0.191646 0.479558 0.445199
-0.192497 0.478420 0.445445
-0.193774 0.476488 0.445824
-0.194881 0.474989 0.446148
-0.195717 0.474151 0.446377
-0.196956 0.472359 0.446752
-0.198007 0.471351 0.447046
-0.198775 0.470687 0.447254
-0.199993 0.469326 0.447601
-0.201089 0.468095 0.447917
-0.202429 0.466413 0.448335
-0.203671 0.464975 0.448693
-0.204718 0.463654 0.448981
-0.206060 0.462066 0.449378
-0.207324 0.460469 0.449731
-0.208802 0.458221 0.450193
-0.210151 0.456246 0.450599
-0.212172 0.453698 0.451110
-0.212739 0.452217 0.451286
-0.213468 0.449942 0.451546
-0.214481 0.448040 0.451701
-0.214902 0.446922 0.451813
-0.215144 0.445550 0.451825
-0.215067 0.444566 0.451846
-0.214890 0.443375 0.451843
-0.214572 0.442200 0.451841
-0.214408 0.442111 0.451771
-0.214406 0.441785 0.451753
-0.214370 0.441281 0.451781
-0.214057 0.440351 0.451796
-0.214056 0.439823 0.451840
-0.214041 0.439598 0.451842
-0.214074 0.439309 0.451844
-0.214081 0.439080 0.451845
-0.214177 0.438700 0.451866
-0.214237 0.438610 0.451873
-0.214430 0.438457 0.451890
-0.214475 0.438327 0.451895
-0.214613 0.438150 0.451894
-0.214680 0.437907 0.451898
-0.214786 0.437244 0.451941
-0.214791 0.436895 0.451947
-0.214809 0.436370 0.451939
-0.214620 0.435785 0.451917
-0.214265 0.435293 0.451909
-0.214124 0.434568 0.451919
-0.213912 0.433592 0.451930
-0.213003 0.431875 0.451938
-0.212546 0.431090 0.451935
-0.212010 0.430716 0.451907
-0.211954 0.430214 0.451933
-0.211672 0.429243 0.451967
-0.211198 0.428638 0.451960
-0.211015 0.428914 0.451893
-0.210868 0.428552 0.451885
-0.210595 0.427393 0.451910
-0.210321 0.426777 0.451903
-0.209913 0.426158 0.451889
-0.209798 0.426010 0.451881
-0.209642 0.425648 0.451874
-0.209546 0.425451 0.451870
-0.209434 0.424858 0.451874
-0.209350 0.424600 0.451863
-0.209233 0.424318 0.451833
-0.209180 0.424109 0.451824
-0.209152 0.423685 0.451813
-0.209170 0.423563 0.451810
-0.209254 0.423435 0.451810
-0.209248 0.423284 0.451813
-0.209313 0.423161 0.451806
-0.209317 0.423070 0.451805
-0.209334 0.422944 0.451799
-0.209354 0.422626 0.451794
-0.209155 0.421790 0.451821
-0.208869 0.421136 0.451832
-0.208757 0.420816 0.451810
-0.208661 0.420343 0.451812
-0.208491 0.419815 0.451827
-0.208397 0.419917 0.451802
-0.208424 0.419817 0.451787
-0.208284 0.419046 0.451815
-0.208117 0.418553 0.451830
-0.207901 0.417998 0.451831
-0.207691 0.417070 0.451847
-0.207541 0.416792 0.451819
-0.207529 0.416741 0.451813
-0.207509 0.416450 0.451812
-0.207472 0.416006 0.451826
-0.207441 0.415620 0.451847
-0.207288 0.414748 0.451885
-0.206850 0.413612 0.451904
-0.206498 0.413133 0.451866
-0.206671 0.413963 0.451820
-0.206622 0.412788 0.451877
-0.206763 0.413048 0.451868
-0.206966 0.413252 0.451855
-0.207207 0.413668 0.451851
-0.207491 0.413270 0.451884
-0.207978 0.413727 0.451887
-0.208219 0.413983 0.451896
-0.208569 0.413562 0.451921
-0.208872 0.413989 0.451921
-0.209279 0.414154 0.451946
-0.209623 0.414414 0.451956
-0.209951 0.414526 0.451959
-0.210444 0.415057 0.451969
-0.210783 0.415158 0.451982
-0.210889 0.415246 0.451988
-0.211212 0.415264 0.451082
-0.211760 0.415170 0.449872
-0.212182 0.415200 0.448667
-0.212772 0.415338 0.447139
-0.213148 0.415306 0.445861
-0.214042 0.415563 0.443601
-0.214543 0.415146 0.443274
-0.215010 0.415774 0.443228
-0.215433 0.416406 0.443175
-0.215840 0.416340 0.443175
-0.216272 0.416403 0.443186
-0.216915 0.416694 0.443202
-0.217373 0.416762 0.443202
-0.217735 0.416977 0.443202
-0.218379 0.417298 0.443200
-0.218785 0.417612 0.443199
-0.219468 0.418661 0.443161
-0.220600 0.419579 0.443145
-0.221735 0.421336 0.443026
-0.223031 0.421585 0.443109
-0.223463 0.421447 0.443112
-0.224153 0.422214 0.443056
-0.224689 0.422524 0.443051
-0.225454 0.423766 0.442988
-0.226863 0.425918 0.442861
-0.228205 0.426164 0.442925
-0.229137 0.426985 0.442892
-0.229965 0.426789 0.442959
-0.230515 0.426670 0.442958
-0.230893 0.426269 0.442946
-0.231417 0.426876 0.442849
-0.232304 0.427118 0.442752
-0.232827 0.427174 0.442745
-0.233755 0.427919 0.442651
-0.234406 0.428281 0.442679
-0.235353 0.428662 0.442598
-0.236679 0.429703 0.442487
-0.237784 0.429601 0.442414
-0.239102 0.429816 0.442296
-0.240547 0.430785 0.442162
-0.242560 0.432776 0.441928
-0.245179 0.434436 0.441685
-0.246634 0.434277 0.441660
-0.247726 0.433752 0.441603
-0.248181 0.433631 0.440615
-0.248657 0.433782 0.439758
-0.249680 0.433787 0.437126
-0.250059 0.433708 0.436395
-0.250753 0.433253 0.433946
-0.251030 0.433099 0.433233
-0.251723 0.433049 0.430723
-0.252036 0.433390 0.430001
-0.252721 0.433664 0.427487
-0.253050 0.434087 0.426772
-0.253979 0.435055 0.424242
-0.254536 0.435758 0.423484
-0.255735 0.436750 0.420912
-0.257980 0.439105 0.419197
-0.260319 0.441146 0.418836
-0.262950 0.443026 0.418490
-0.264713 0.443621 0.418371
-0.265176 0.444047 0.418291
-0.266033 0.444668 0.418160
-0.266472 0.444851 0.418099
-0.267180 0.445034 0.418013
-0.267588 0.445217 0.417943
-0.268388 0.445406 0.417810
-0.268808 0.445492 0.417762
-0.269647 0.445693 0.417641
-0.270003 0.445628 0.417636
-0.270715 0.445766 0.417566
-0.271593 0.446044 0.417453
-0.272093 0.446190 0.417394
-0.273080 0.446386 0.417239
-0.273585 0.446627 0.417126
-0.274524 0.446776 0.416961
-0.275040 0.447001 0.416888
-0.276043 0.447219 0.416738
-0.276421 0.447343 0.416666
-0.277330 0.447750 0.416532
-0.277794 0.447933 0.416452
-0.278779 0.448165 0.416288
-0.279226 0.448069 0.416237
-0.280038 0.448073 0.416102
-0.280868 0.448066 0.415969
-0.281779 0.448203 0.415767
-0.282155 0.448275 0.415662
-0.282941 0.448846 0.415445
-0.283326 0.449050 0.415380
-0.284152 0.449383 0.415267
-0.284593 0.449353 0.415202
-0.285052 0.449269 0.415136
-0.285600 0.449212 0.414130
-0.286073 0.449110 0.413230
-0.286625 0.449148 0.412625
-0.287161 0.449140 0.411274
-0.287577 0.448877 0.410273
-0.288153 0.448855 0.409285
-0.288507 0.448629 0.409008
-0.289142 0.448662 0.408748
-0.289399 0.448492 0.408686
-0.289769 0.448352 0.408608
-0.290065 0.448178 0.408569
-0.290710 0.448035 0.408443
-0.291181 0.447929 0.408399
-0.292314 0.447993 0.408285
-0.292940 0.448079 0.408206
-0.294130 0.448324 0.408019
-0.295013 0.448526 0.407802
-0.295372 0.448784 0.407693
-0.296009 0.449373 0.407485
-0.296465 0.449451 0.407387
-0.297305 0.449533 0.407234
-0.297762 0.449577 0.407159
-0.298508 0.449497 0.407007
-0.298987 0.449545 0.406913
-0.299992 0.449689 0.406650
-0.300480 0.449789 0.406542
-0.301090 0.449792 0.406372
-0.301532 0.449720 0.406254
-0.302519 0.449658 0.406092
-0.303059 0.449605 0.406027
-0.303859 0.449814 0.405847
-0.304321 0.449834 0.405752
-0.305105 0.449822 0.405578
-0.305611 0.449692 0.405479
-0.307151 0.449558 0.405274
-0.308985 0.449285 0.404962
-0.311020 0.449107 0.404816
-0.312405 0.449103 0.404342
-0.313848 0.449016 0.403896
-0.314905 0.448825 0.403614
-0.315161 0.448618 0.403542
-0.315716 0.448174 0.403436
-0.317748 0.447882 0.403198
-0.318623 0.447990 0.402776
-0.319747 0.447934 0.402534
-0.320815 0.447652 0.402395
-0.322427 0.447933 0.402041
-0.323606 0.448163 0.401795
-0.325365 0.447738 0.401556
-0.325903 0.448296 0.401243
-0.327589 0.448736 0.401078
-0.329539 0.449358 0.400799
-0.330544 0.448625 0.400467
-0.331918 0.448508 0.400302
-0.333316 0.448490 0.400070
-0.335321 0.448042 0.399704
-0.336769 0.448127 0.399576
-0.337189 0.448163 0.399495
-0.338631 0.446365 0.399639
-0.340263 0.444717 0.399935
-0.341586 0.444059 0.399988
-0.343312 0.443574 0.399793
-0.344768 0.443531 0.399715
-0.345530 0.443849 0.399580
-0.347163 0.443697 0.399435
-0.348715 0.443408 0.399455
-0.349566 0.443475 0.399578
-0.350101 0.443187 0.399577
-0.350988 0.443130 0.399520
-0.352194 0.443039 0.399257
-0.353356 0.443500 0.399002
-0.354546 0.443852 0.399110
-0.355580 0.444373 0.398851
-0.357261 0.444697 0.398689
-0.359198 0.445221 0.398406
-0.360651 0.445121 0.398362
-0.362527 0.445443 0.398256
-0.364579 0.445340 0.398050
-0.365254 0.444918 0.398146
-0.367104 0.444536 0.398006
-0.368013 0.444643 0.398037
-0.368361 0.444648 0.398053
-0.368830 0.444611 0.398035
-0.369466 0.444548 0.397931
-0.369787 0.444241 0.397856
-0.370348 0.443920 0.397604
-0.370121 0.443913 0.397961
-0.370404 0.443425 0.397739
-0.369918 0.443475 0.397819
-0.369544 0.442760 0.397785
-0.369362 0.442336 0.397902
-0.369078 0.441800 0.397960
-0.368467 0.441270 0.398157
-0.368491 0.440497 0.398118
-0.367990 0.440614 0.398345
-0.367466 0.440038 0.398431
-0.367367 0.439067 0.398357
-0.366962 0.438769 0.398515
-0.366642 0.438742 0.398541
-0.365719 0.438205 0.398710
-0.364852 0.437725 0.398727
-0.364201 0.437448 0.398860
-0.363476 0.436816 0.398986
-0.361548 0.435913 0.399169
-0.360327 0.434543 0.399095
-0.358660 0.434314 0.399371
-0.357600 0.433669 0.399506
-0.356733 0.433633 0.399624
-0.356187 0.433461 0.399733
-0.355504 0.433049 0.399837
-0.355093 0.432696 0.399741
-0.354609 0.432045 0.399799
-0.353813 0.432035 0.400127
-0.352799 0.431472 0.400399
-0.352141 0.430805 0.400631
-0.351867 0.430034 0.400455
-0.351559 0.429705 0.400371
-0.351005 0.429074 0.400325
-0.350239 0.428322 0.400407
-0.349816 0.427834 0.400462
-0.348929 0.426863 0.400430
-0.345767 0.424519 0.400537
-0.345631 0.423965 0.400460
-0.345434 0.422759 0.400412
-0.345682 0.422500 0.400368
-0.345697 0.422153 0.400475
-0.345746 0.421641 0.400314
-0.346195 0.421549 0.400094
-0.346437 0.421092 0.399998
-0.347275 0.421061 0.400064
-0.347692 0.421063 0.400009
-0.348070 0.420650 0.399844
-0.348538 0.420203 0.399735
-0.348981 0.419841 0.399666
-0.349596 0.419808 0.399606
-0.350499 0.419591 0.399463
-0.351648 0.419138 0.399245
-0.352375 0.418921 0.399197
