-0.800021 1.000022 0.249780 1.000000 0.000004 -0.000001 0.000062
-0.800021 1.000021 0.249824 1.000000 0.000005 -0.000001 0.000065
-0.800020 1.000026 0.249825 1.000000 -0.000004 0.000000 0.000065
-0.800020 1.000024 0.249836 1.000000 -0.000001 0.000002 0.000065
-0.800026 1.000025 0.249814 1.000000 -0.000002 -0.000010 0.000067
-0.800025 1.000020 0.249794 1.000000 0.000008 -0.000009 0.000068
-0.800021 1.000026 0.249761 1.000000 -0.000003 -0.000000 0.000069
-0.800017 1.000022 0.249757 1.000000 0.000004 0.000008 0.000070
-0.800021 1.000026 0.249776 1.000000 -0.000004 0.000002 0.000071
-0.800021 1.000025 0.249885 1.000000 -0.000002 0.000002 0.000074
-0.800022 1.000026 0.249903 1.000000 -0.000003 0.000001 0.000074
-0.800021 1.000025 0.249862 1.000000 -0.000000 0.000003 0.000076
-0.800026 1.000025 0.249844 1.000000 -0.000000 -0.000007 0.000077
-0.800021 1.000025 0.249849 1.000000 -0.000000 0.000004 0.000079
-0.800025 1.000025 0.249863 1.000000 0.000000 -0.000003 0.000080
-0.800023 1.000025 0.249830 1.000000 -0.000000 0.000001 0.000083
-0.800024 1.000027 0.249845 1.000000 -0.000003 0.000000 0.000084
-0.800024 1.000026 0.249845 1.000000 -0.000002 -0.000001 0.000085
-0.800025 1.000024 0.249867 1.000000 0.000003 -0.000003 0.000086
-0.800025 1.000025 0.249883 1.000000 0.000000 -0.000002 0.000087
-0.800025 1.000026 0.249893 1.000000 -0.000000 -0.000003 0.000089
-0.800024 1.000026 0.249896 1.000000 -0.000002 -0.000001 0.000090
-0.800027 1.000026 0.249904 1.000000 0.000002 -0.000002 0.000103
-0.800024 1.000028 0.249939 1.000000 -0.000002 0.000002 0.000105
-0.800026 1.000028 0.249913 1.000000 -0.000001 -0.000001 0.000107
-0.800025 1.000028 0.249924 1.000000 -0.000001 0.000001 0.000107
-0.800027 1.000026 0.249887 1.000000 0.000003 -0.000001 0.000108
-0.800028 1.000028 0.249882 1.000000 -0.000001 -0.000004 0.000108
-0.800027 1.000031 0.249781 1.000000 -0.000006 -0.000001 0.000109
-0.800028 1.000028 0.249793 1.000000 -0.000001 -0.000003 0.000110
-0.800028 1.000026 0.249829 1.000000 0.000004 -0.000003 0.000113
-0.800028 1.000030 0.249833 1.000000 -0.000004 -0.000002 0.000113
-0.800027 1.000028 0.249836 1.000000 0.000001 -0.000000 0.000114
-0.800025 1.000027 0.249893 1.000000 0.000002 0.000003 0.000116
-0.800030 1.000029 0.249871 1.000000 -0.000001 -0.000005 0.000116
-0.800028 1.000025 0.249849 1.000000 0.000007 -0.000001 0.000117
-0.800029 1.000026 0.249829 1.000000 0.000005 -0.000003 0.000118
-0.800026 1.000030 0.249839 1.000000 -0.000003 0.000003 0.000118
-0.800029 1.000025 0.249839 1.000000 0.000007 -0.000002 0.000119
-0.800028 1.000028 0.249807 1.000000 0.000002 -0.000000 0.000119
-0.800028 1.000031 0.249811 1.000000 -0.000005 0.000001 0.000120
-0.800029 1.000030 0.249858 1.000000 -0.000001 0.000001 0.000120
-0.800030 1.000029 0.249900 1.000000 -0.000001 -0.000001 0.000121
-0.800030 1.000028 0.249910 1.000000 0.000002 -0.000003 0.000123
-0.800031 1.000029 0.249923 1.000000 0.000000 -0.000004 0.000123
-0.800030 1.000029 0.249917 1.000000 0.000001 -0.000002 0.000125
-0.800030 1.000031 0.249930 1.000000 -0.000002 -0.000002 0.000126
-0.800031 1.000030 0.249925 1.000000 0.000001 -0.000002 0.000127
-0.800031 1.000030 0.249937 1.000000 -0.000000 -0.000002 0.000127
-0.800030 1.000031 0.249944 1.000000 -0.000002 -0.000001 0.000127
-0.800030 1.000031 0.249940 1.000000 -0.000002 -0.000001 0.000128
-0.800031 1.000031 0.249935 1.000000 -0.000002 -0.000001 0.000128
-0.800032 1.000030 0.249933 1.000000 0.000000 -0.000003 0.000129
-0.800032 1.000031 0.249927 1.000000 -0.000000 -0.000003 0.000131
-0.800030 1.000032 0.249919 1.000000 -0.000003 0.000000 0.000131
-0.800031 1.000031 0.249921 1.000000 -0.000001 -0.000001 0.000131
-0.800032 1.000029 0.249910 1.000000 0.000003 -0.000003 0.000134
-0.800033 1.000031 0.249887 1.000000 -0.000001 -0.000005 0.000134
-0.800033 1.000031 0.249859 1.000000 0.000000 -0.000004 0.000135
-0.800031 1.000029 0.249854 1.000000 0.000003 0.000000 0.000136
-0.800028 1.000032 0.249794 1.000000 -0.000001 0.000006 0.000138
-0.800032 1.000032 0.249808 1.000000 -0.000002 -0.000002 0.000138
-0.800029 1.000033 0.249827 1.000000 -0.000002 0.000005 0.000140
-0.800034 1.000031 0.249828 1.000000 0.000001 -0.000004 0.000141
-0.800034 1.000034 0.249787 1.000000 -0.000004 -0.000005 0.000143
-0.800032 1.000036 0.249769 1.000000 -0.000007 0.000000 0.000143
-0.800029 1.000033 0.249767 1.000000 -0.000002 0.000006 0.000145
-0.800032 1.000038 0.249758 1.000000 -0.000011 0.000001 0.000145
-0.815032 1.000032 0.249752 1.000000 -0.000000 0.000000 0.000146
-0.820035 1.000035 0.249761 1.000000 -0.000005 -0.000005 0.000147
-0.835032 1.000035 0.249754 1.000000 -0.000004 0.000001 0.000147
-0.840030 1.000032 0.249779 1.000000 0.000000 0.000005 0.000148
-0.855028 1.000032 0.249759 1.000000 0.000001 0.000009 0.000149
-0.855033 1.000036 0.249760 1.000000 -0.000007 0.000000 0.000150
-0.450044 0.650043 0.249916 1.000000 0.000003 -0.000003 0.000393
-0.450042 0.650046 0.249872 1.000000 -0.000001 0.000000 0.000422
-0.450042 0.650044 0.249910 1.000000 0.000003 -0.000000 0.000424
-0.450044 0.650046 0.249910 1.000000 -0.000001 -0.000004 0.000424
-0.450043 0.650046 0.249894 1.000000 -0.000001 -0.000002 0.000425
-0.450044 0.650046 0.249872 1.000000 -0.000001 -0.000003 0.000425
-0.450042 0.650045 0.249848 1.000000 0.000003 -0.000001 0.000435
-0.450043 0.650047 0.249863 1.000000 -0.000002 -0.000002 0.000436
-0.450041 0.650049 0.249844 1.000000 -0.000006 0.000002 0.000439
-0.450041 0.650046 0.249826 1.000000 0.000001 0.000002 0.000439
-0.450044 0.650045 0.249814 1.000000 0.000002 -0.000003 0.000440
-0.450042 0.650046 0.249816 1.000000 0.000001 -0.000000 0.000441
-0.450041 0.650046 0.249832 1.000000 0.000001 0.000001 0.000441
-0.450043 0.650046 0.249857 1.000000 0.000002 -0.000002 0.000442
-0.450042 0.650046 0.249914 1.000000 0.000001 -0.000001 0.000442
-0.450043 0.650046 0.249929 1.000000 0.000000 -0.000002 0.000443
-0.450041 0.650046 0.249937 1.000000 0.000001 0.000003 0.000443
-0.450041 0.650048 0.249909 1.000000 -0.000002 0.000002 0.000443
-0.450043 0.650044 0.249844 1.000000 0.000006 -0.000000 0.000445
-0.450045 0.650048 0.249832 1.000000 -0.000002 -0.000005 0.000446
-0.450043 0.650047 0.249839 1.000000 -0.000001 -0.000002 0.000448
-0.450044 0.650046 0.249852 1.000000 0.000001 -0.000003 0.000449
-0.450043 0.650046 0.249886 1.000000 0.000003 -0.000001 0.000450
-0.450044 0.650046 0.249888 1.000000 0.000001 -0.000002 0.000452
-0.450042 0.650046 0.249868 1.000000 0.000003 0.000002 0.000453
-0.450042 0.650047 0.249852 1.000000 0.000000 0.000001 0.000453
-0.450042 0.650046 0.249874 1.000000 0.000002 0.000002 0.000454
-0.450044 0.650047 0.249913 1.000000 0.000000 -0.000001 0.000457
-0.450043 0.650044 0.249868 1.000000 0.000008 -0.000001 0.000461
-0.450041 0.650049 0.249850 1.000000 -0.000004 0.000003 0.000467
-0.450045 0.650046 0.249826 1.000000 0.000002 -0.000004 0.000470
-0.450044 0.650045 0.249870 1.000000 0.000005 -0.000001 0.000472
-0.450043 0.650048 0.249910 1.000000 -0.000000 0.000000 0.000474
-0.450044 0.650049 0.249928 1.000000 -0.000003 -0.000001 0.000476
-0.450043 0.650047 0.249919 1.000000 0.000003 -0.000000 0.000477
-0.450044 0.650046 0.249886 1.000000 0.000003 -0.000001 0.000478
-0.450044 0.650049 0.249872 1.000000 -0.000002 -0.000001 0.000480
-0.450044 0.650047 0.249907 1.000000 0.000002 -0.000002 0.000482
-0.450045 0.650049 0.249837 1.000000 -0.000002 -0.000003 0.000485
-0.450044 0.650049 0.249807 1.000000 -0.000001 -0.000001 0.000488
-0.450045 0.650047 0.249910 1.000000 0.000003 -0.000002 0.000489
-0.450044 0.650048 0.249953 1.000000 0.000001 -0.000001 0.000490
-0.450044 0.650048 0.249946 1.000000 0.000001 -0.000000 0.000492
-0.450044 0.650050 0.249853 1.000000 -0.000002 0.000000 0.000494
-0.450044 0.650049 0.249919 1.000000 0.000000 -0.000000 0.000497
-0.450045 0.650048 0.249928 1.000000 0.000002 -0.000002 0.000498
-0.450045 0.650048 0.249908 1.000000 0.000001 -0.000002 0.000501
-0.450044 0.650050 0.249912 1.000000 -0.000001 0.000000 0.000503
-0.450045 0.650049 0.249847 1.000000 -0.000000 -0.000001 0.000505
-0.450046 0.650049 0.249917 1.000000 0.000001 -0.000002 0.000506
-0.450046 0.650048 0.249857 1.000000 0.000002 -0.000003 0.000509
-0.450043 0.650051 0.249751 1.000000 -0.000004 0.000002 0.000510
-0.450043 0.650054 0.249740 1.000000 -0.000010 0.000002 0.000511
-0.450041 0.650048 0.249767 1.000000 0.000003 0.000006 0.000512
-0.450048 0.650049 0.249821 1.000000 0.000001 -0.000008 0.000515
-0.450044 0.650053 0.249847 1.000000 -0.000006 0.000002 0.000518
-0.450049 0.650051 0.249812 1.000000 -0.000002 -0.000008 0.000520
-0.450045 0.650049 0.249832 1.000000 0.000001 -0.000001 0.000523
-0.450045 0.650051 0.249896 1.000000 -0.000003 -0.000001 0.000524
-0.450046 0.650050 0.249906 1.000000 0.000000 -0.000002 0.000528
-0.450046 0.650050 0.249902 1.000000 0.000000 -0.000003 0.000530
-0.450045 0.650055 0.249785 1.000000 -0.000009 0.000000 0.000532
-0.450048 0.650049 0.249798 1.000000 0.000002 -0.000007 0.000534
-0.450045 0.650051 0.249849 1.000000 -0.000002 0.000000 0.000537
-0.450045 0.650050 0.249867 1.000000 0.000001 -0.000001 0.000538
-0.450046 0.650050 0.249916 1.000000 0.000001 -0.000002 0.000538
-0.450046 0.650050 0.249934 1.000000 0.000001 -0.000002 0.000539
-0.450044 0.650051 0.249945 1.000000 -0.000002 0.000002 0.000539
-0.450045 0.650050 0.249946 1.000000 0.000001 -0.000000 0.000539
-0.450046 0.650050 0.249949 1.000000 -0.000000 -0.000002 0.000539
-0.450046 0.650050 0.249952 1.000000 0.000001 -0.000002 0.000539
-0.450046 0.650050 0.249956 1.000000 0.000001 -0.000002 0.000539
-0.450047 0.650050 0.249957 1.000000 0.000000 -0.000003 0.000539
-0.450046 0.650051 0.249958 1.000000 -0.000001 -0.000002 0.000540
-0.450045 0.650050 0.249936 1.000000 0.000000 0.000000 0.000541
-0.450046 0.650050 0.249930 1.000000 0.000002 -0.000003 0.000542
-0.450045 0.650048 0.249913 1.000000 0.000004 -0.000000 0.000543
-0.450045 0.650053 0.249893 1.000000 -0.000005 -0.000001 0.000545
-0.450045 0.650051 0.249878 1.000000 -0.000001 0.000000 0.000547
-0.450046 0.650052 0.249883 1.000000 -0.000002 -0.000002 0.000548
-0.450044 0.650050 0.249874 1.000000 0.000001 0.000002 0.000551
-0.450046 0.650050 0.249864 1.000000 0.000002 -0.000002 0.000552
-0.450045 0.650050 0.249883 1.000000 0.000001 -0.000000 0.000554
-0.450045 0.650050 0.249905 1.000000 0.000001 -0.000001 0.000555
-0.450045 0.650050 0.249926 1.000000 0.000001 -0.000001 0.000555
-0.450046 0.650050 0.249951 1.000000 0.000002 -0.000002 0.000555
-0.450045 0.650050 0.249955 1.000000 0.000001 -0.000000 0.000556
-0.450046 0.650051 0.249941 1.000000 -0.000000 -0.000003 0.000556
-0.450045 0.650051 0.249930 1.000000 -0.000001 0.000000 0.000557
-0.450046 0.650050 0.249913 1.000000 0.000001 -0.000002 0.000557
-0.450045 0.650051 0.249871 1.000000 0.000000 -0.000001 0.000559
-0.450047 0.650051 0.249879 1.000000 -0.000001 -0.000003 0.000559
-0.450046 0.650050 0.249898 1.000000 0.000002 -0.000001 0.000560
-0.450046 0.650052 0.249918 1.000000 -0.000001 -0.000001 0.000560
-0.450046 0.650050 0.249932 1.000000 0.000001 -0.000002 0.000561
-0.450045 0.650050 0.249923 1.000000 0.000002 0.000000 0.000561
-0.450045 0.650051 0.249909 1.000000 0.000001 0.000001 0.000562
-0.450046 0.650049 0.249897 1.000000 0.000003 -0.000001 0.000562
-0.450046 0.650053 0.249891 1.000000 -0.000004 -0.000002 0.000563
-0.450045 0.650050 0.249884 1.000000 0.000003 -0.000000 0.000564
-0.450045 0.650052 0.249881 1.000000 -0.000001 0.000001 0.000565
-0.450046 0.650054 0.249872 1.000000 -0.000006 -0.000002 0.000566
-0.450045 0.650051 0.249863 1.000000 0.000001 -0.000000 0.000567
-0.450046 0.650050 0.249858 1.000000 0.000002 -0.000002 0.000567
-0.450044 0.650052 0.249858 1.000000 -0.000001 0.000002 0.000567
-0.450047 0.650052 0.249853 1.000000 -0.000002 -0.000003 0.000568
-0.450046 0.650051 0.249845 1.000000 0.000001 -0.000002 0.000569
-0.450047 0.650049 0.249839 1.000000 0.000006 -0.000003 0.000573
-0.450045 0.650049 0.249814 1.000000 0.000005 -0.000000 0.000575
-0.450045 0.650051 0.249858 1.000000 0.000002 0.000001 0.000579
-0.450046 0.650051 0.249882 1.000000 0.000001 -0.000002 0.000582
-0.450046 0.650051 0.249907 1.000000 0.000001 -0.000002 0.000584
-0.450047 0.650052 0.249925 1.000000 0.000001 -0.000002 0.000584
-0.450046 0.650051 0.249917 1.000000 0.000002 -0.000000 0.000586
-0.450047 0.650054 0.249899 1.000000 -0.000003 -0.000003 0.000589
-0.450046 0.650051 0.249782 1.000000 0.000002 -0.000001 0.000590
-0.450046 0.650052 0.249814 1.000000 0.000002 -0.000000 0.000595
-0.450045 0.650054 0.249892 1.000000 -0.000002 0.000002 0.000597
-0.450046 0.650052 0.249924 1.000000 0.000000 -0.000001 0.000598
-0.450047 0.650052 0.249933 1.000000 0.000001 -0.000003 0.000600
-0.450045 0.650052 0.249867 1.000000 0.000002 0.000003 0.000604
-0.450046 0.650050 0.249781 1.000000 0.000006 -0.000001 0.000607
-0.450046 0.650053 0.249764 1.000000 0.000001 -0.000000 0.000609
-0.450045 0.650053 0.249796 1.000000 -0.000001 0.000002 0.000611
-0.450047 0.650054 0.249815 1.000000 -0.000001 -0.000002 0.000611
-0.450049 0.650054 0.249813 1.000000 -0.000001 -0.000007 0.000612
-0.450044 0.650051 0.249806 1.000000 0.000004 0.000003 0.000613
-0.450044 0.650057 0.249811 1.000000 -0.000008 0.000003 0.000614
-0.450047 0.650054 0.249814 1.000000 -0.000002 -0.000001 0.000615
-0.450045 0.650051 0.249821 1.000000 0.000004 0.000002 0.000616
-0.450049 0.650055 0.249815 1.000000 -0.000004 -0.000006 0.000616
-0.450046 0.650052 0.249802 1.000000 0.000003 -0.000001 0.000617
-0.450048 0.650053 0.249802 1.000000 0.000002 -0.000003 0.000618
-0.450045 0.650053 0.249808 1.000000 0.000001 0.000001 0.000618
-0.450046 0.650053 0.249823 1.000000 -0.000000 -0.000000 0.000619
-0.450046 0.650054 0.249845 1.000000 -0.000001 0.000000 0.000620
-0.450047 0.650055 0.249871 1.000000 -0.000003 -0.000001 0.000621
-0.450046 0.650054 0.249884 1.000000 -0.000002 0.000000 0.000622
-0.450047 0.650049 0.249884 1.000000 0.000008 -0.000003 0.000624
-0.450045 0.650055 0.249868 1.000000 -0.000004 0.000001 0.000625
-0.450046 0.650054 0.249829 1.000000 -0.000000 0.000001 0.000627
-0.450045 0.650054 0.249818 1.000000 -0.000001 0.000002 0.000627
-0.450047 0.650054 0.249863 1.000000 0.000000 -0.000001 0.000629
-0.450047 0.650053 0.249891 1.000000 0.000002 -0.000002 0.000629
-0.450047 0.650053 0.249911 1.000000 0.000001 -0.000001 0.000630
-0.450045 0.650054 0.249926 1.000000 -0.000000 0.000002 0.000630
-0.450046 0.650055 0.249930 1.000000 -0.000003 0.000000 0.000630
-0.450047 0.650052 0.249919 1.000000 0.000004 -0.000002 0.000631
-0.450045 0.650054 0.249914 1.000000 0.000000 0.000002 0.000631
-0.450047 0.650053 0.249917 1.000000 0.000002 -0.000002 0.000633
-0.450046 0.650053 0.249917 1.000000 0.000002 0.000001 0.000633
-0.450047 0.650053 0.249906 1.000000 0.000002 -0.000001 0.000634
-0.450047 0.650055 0.249904 1.000000 -0.000002 -0.000001 0.000634
-0.450047 0.650054 0.249930 1.000000 0.000001 -0.000001 0.000635
-0.450047 0.650052 0.249934 1.000000 0.000004 -0.000001 0.000636
-0.450047 0.650053 0.249919 1.000000 0.000001 -0.000001 0.000637
-0.450046 0.650056 0.249911 1.000000 -0.000003 -0.000000 0.000638
-0.450047 0.650053 0.249903 1.000000 0.000003 -0.000001 0.000638
-0.450049 0.650054 0.249867 1.000000 -0.000000 -0.000006 0.000641
-0.450045 0.650055 0.249844 1.000000 -0.000003 0.000003 0.000641
-0.450047 0.650054 0.249838 1.000000 -0.000001 -0.000001 0.000644
-0.450047 0.650055 0.249849 1.000000 -0.000001 -0.000002 0.000645
-0.450047 0.650056 0.249879 1.000000 -0.000003 -0.000002 0.000647
-0.450046 0.650055 0.249883 1.000000 -0.000001 0.000000 0.000648
-0.450046 0.650053 0.249884 1.000000 0.000003 -0.000000 0.000650
-0.450046 0.650054 0.249884 1.000000 0.000001 -0.000000 0.000651
-0.450047 0.650054 0.249923 1.000000 0.000001 -0.000002 0.000651
-0.450046 0.650054 0.249935 1.000000 0.000000 0.000000 0.000652
-0.450046 0.650054 0.249939 1.000000 0.000000 0.000001 0.000652
-0.450047 0.650054 0.249946 1.000000 0.000001 -0.000002 0.000652
-0.450046 0.650054 0.249953 1.000000 0.000001 0.000001 0.000653
-0.450046 0.650055 0.249948 1.000000 -0.000001 0.000000 0.000653
-0.450047 0.650054 0.249940 1.000000 0.000001 -0.000001 0.000653
-0.450047 0.650054 0.249931 1.000000 0.000002 -0.000002 0.000653
-0.450046 0.650055 0.249929 1.000000 -0.000000 0.000001 0.000654
-0.450046 0.650054 0.249931 1.000000 0.000000 0.000001 0.000654
-0.450046 0.650056 0.249933 1.000000 -0.000002 0.000000 0.000654
-0.450047 0.650054 0.249948 1.000000 0.000001 -0.000002 0.000654
-0.450045 0.650056 0.249925 1.000000 -0.000002 0.000003 0.000657
-0.450047 0.650057 0.249951 1.000000 -0.000004 -0.000002 0.000658
-0.450047 0.650057 0.249823 1.000000 -0.000004 -0.000001 0.000661
-0.450045 0.650054 0.249863 1.000000 0.000002 0.000002 0.000665
-0.450047 0.650055 0.249904 1.000000 -0.000000 -0.000001 0.000668
-0.450046 0.650056 0.249910 1.000000 -0.000002 0.000001 0.000671
-0.450048 0.650055 0.249890 1.000000 -0.000000 -0.000003 0.000673
-0.450046 0.650054 0.249875 1.000000 0.000003 0.000001 0.000674
-0.450048 0.650055 0.249852 1.000000 0.000002 -0.000003 0.000677
-0.450048 0.650055 0.249902 1.000000 0.000001 -0.000002 0.000679
-0.450047 0.650053 0.249925 1.000000 0.000004 0.000000 0.000680
-0.450047 0.650055 0.249894 1.000000 0.000000 -0.000001 0.000683
-0.450045 0.650055 0.249896 1.000000 0.000001 0.000003 0.000683
-0.450049 0.650055 0.249853 1.000000 0.000002 -0.000003 0.000684
-0.450048 0.650057 0.249831 1.000000 -0.000003 -0.000002 0.000685
-0.450048 0.650058 0.249839 1.000000 -0.000004 -0.000002 0.000687
-0.450047 0.650054 0.249850 1.000000 0.000004 0.000000 0.000688
-0.450046 0.650057 0.249849 1.000000 -0.000003 0.000002 0.000689
-0.450047 0.650056 0.249834 1.000000 0.000000 0.000000 0.000692
-0.450048 0.650054 0.249885 1.000000 0.000004 -0.000002 0.000693
-0.450048 0.650054 0.249898 1.000000 0.000003 -0.000001 0.000695
-0.450047 0.650056 0.249892 1.000000 -0.000001 0.000001 0.000696
-0.450048 0.650058 0.249877 1.000000 -0.000003 -0.000002 0.000697
-0.450045 0.650056 0.249870 1.000000 -0.000000 0.000004 0.000699
-0.450048 0.650057 0.249844 1.000000 -0.000001 -0.000001 0.000701
-0.450048 0.650057 0.249848 1.000000 -0.000002 -0.000002 0.000702
-0.450048 0.650057 0.249896 1.000000 -0.000000 -0.000002 0.000705
-0.450046 0.650055 0.249885 1.000000 0.000002 0.000003 0.000707
-0.450049 0.650057 0.249867 1.000000 -0.000001 -0.000003 0.000708
-0.450048 0.650056 0.249881 1.000000 0.000001 -0.000001 0.000709
-0.450047 0.650056 0.249918 1.000000 0.000001 0.000002 0.000709
-0.450047 0.650060 0.249908 1.000000 -0.000006 -0.000000 0.000710
-0.450048 0.650056 0.249898 1.000000 0.000001 -0.000000 0.000710
-0.450048 0.650058 0.249889 1.000000 -0.000002 -0.000002 0.000711
-0.450048 0.650055 0.249884 1.000000 0.000003 -0.000000 0.000712
-0.450047 0.650056 0.249885 1.000000 0.000002 0.000001 0.000713
-0.450048 0.650056 0.249885 1.000000 0.000001 -0.000001 0.000714
-0.450048 0.650057 0.249895 1.000000 -0.000000 -0.000002 0.000715
-0.450047 0.650056 0.249913 1.000000 0.000001 0.000001 0.000715
-0.450048 0.650057 0.249930 1.000000 -0.000000 -0.000002 0.000715
-0.450047 0.650057 0.249937 1.000000 -0.000001 0.000000 0.000716
-0.450047 0.650057 0.249935 1.000000 0.000000 0.000000 0.000716
-0.450047 0.650056 0.249935 1.000000 0.000001 0.000002 0.000716
-0.450048 0.650058 0.249910 1.000000 -0.000002 -0.000001 0.000718
-0.450048 0.650057 0.249890 1.000000 0.000000 -0.000001 0.000723
-0.450048 0.650057 0.249934 1.000000 0.000001 -0.000001 0.000724
-0.450047 0.650058 0.249929 1.000000 -0.000001 0.000002 0.000726
-0.450048 0.650057 0.249916 1.000000 0.000001 -0.000001 0.000728
-0.450047 0.650058 0.249844 1.000000 -0.000002 0.000000 0.000732
-0.450049 0.650058 0.249925 1.000000 -0.000000 -0.000003 0.000735
-0.450048 0.650057 0.249951 1.000000 0.000000 -0.000000 0.000736
-0.450047 0.650059 0.249954 1.000000 -0.000002 0.000001 0.000736
-0.450048 0.650057 0.249934 1.000000 0.000001 -0.000001 0.000738
-0.450048 0.650059 0.249909 1.000000 -0.000003 -0.000001 0.000740
-0.450048 0.650058 0.249830 1.000000 0.000000 -0.000000 0.000742
-0.450047 0.650060 0.249899 1.000000 -0.000003 0.000001 0.000745
-0.450049 0.650057 0.249881 1.000000 0.000002 -0.000002 0.000747
-0.450048 0.650059 0.249882 1.000000 -0.000001 -0.000000 0.000749
-0.450048 0.650058 0.249942 1.000000 0.000000 0.000001 0.000751
-0.450049 0.650058 0.249936 1.000000 0.000001 -0.000002 0.000752
-0.450048 0.650057 0.249914 1.000000 0.000003 -0.000000 0.000755
-0.450047 0.650059 0.249904 1.000000 -0.000000 0.000001 0.000756
-0.450047 0.650056 0.249891 1.000000 0.000005 0.000001 0.000758
-0.450049 0.650058 0.249876 1.000000 0.000002 -0.000003 0.000758
-0.450047 0.650058 0.249871 1.000000 0.000002 0.000001 0.000759
-0.450048 0.650058 0.249903 1.000000 0.000001 -0.000000 0.000761
-0.450048 0.650058 0.249939 1.000000 0.000002 -0.000001 0.000762
-0.450048 0.650058 0.249861 1.000000 0.000002 0.000000 0.000763
-0.450049 0.650059 0.249901 1.000000 0.000000 -0.000001 0.000765
-0.450049 0.650058 0.249930 1.000000 0.000003 -0.000000 0.000767
-0.450050 0.650057 0.249878 1.000000 0.000005 -0.000002 0.000771
-0.450049 0.650059 0.249880 1.000000 -0.000001 -0.000002 0.000776
-0.450048 0.650057 0.249843 1.000000 0.000003 0.000000 0.000778
-0.450050 0.650062 0.249827 1.000000 -0.000006 -0.000004 0.000781
-0.450050 0.650059 0.249812 1.000000 0.000001 -0.000002 0.000783
-0.450049 0.650062 0.249865 1.000000 -0.000004 -0.000002 0.000784
-0.450050 0.650059 0.249872 1.000000 0.000002 -0.000003 0.000787
-0.450050 0.650060 0.249908 1.000000 0.000000 -0.000003 0.000789
-0.450049 0.650060 0.249922 1.000000 -0.000001 -0.000000 0.000791
-0.450050 0.650059 0.249929 1.000000 0.000001 -0.000001 0.000792
-0.450048 0.650059 0.249856 1.000000 0.000001 0.000002 0.000796
-0.450049 0.650057 0.249845 1.000000 0.000006 -0.000001 0.000799
-0.450049 0.650060 0.249853 1.000000 -0.000001 -0.000000 0.000803
-0.450049 0.650060 0.249877 1.000000 -0.000000 -0.000000 0.000806
-0.450050 0.650060 0.249921 1.000000 0.000002 -0.000002 0.000807
-0.450049 0.650062 0.249892 1.000000 -0.000004 -0.000000 0.000809
-0.450050 0.650060 0.249910 1.000000 0.000000 -0.000001 0.000812
-0.450049 0.650060 0.249948 1.000000 0.000001 0.000000 0.000814
-0.450050 0.650059 0.249928 1.000000 0.000002 -0.000001 0.000816
-0.450049 0.650061 0.249935 1.000000 -0.000001 0.000001 0.000818
-0.450050 0.650061 0.249893 1.000000 -0.000000 -0.000001 0.000820
-0.450050 0.650060 0.249944 1.000000 0.000001 -0.000002 0.000821
-0.450050 0.650061 0.249860 1.000000 -0.000001 -0.000001 0.000822
-0.450051 0.650064 0.249831 1.000000 -0.000006 -0.000004 0.000824
-0.450051 0.650062 0.249783 1.000000 -0.000002 -0.000003 0.000826
-0.450052 0.650058 0.249791 1.000000 0.000006 -0.000005 0.000828
-0.450052 0.650060 0.249839 1.000000 0.000001 -0.000005 0.000830
-0.450052 0.650066 0.249807 1.000000 -0.000010 -0.000004 0.000832
-0.450053 0.650062 0.249749 1.000000 -0.000003 -0.000006 0.000833
-0.450051 0.650059 0.249761 1.000000 0.000004 -0.000001 0.000835
-0.450052 0.650061 0.249807 1.000000 0.000000 -0.000004 0.000836
-0.450051 0.650060 0.249816 1.000000 0.000003 -0.000002 0.000838
-0.450051 0.650061 0.249938 1.000000 0.000001 -0.000001 0.000839
-0.450052 0.650061 0.249950 1.000000 0.000000 -0.000003 0.000840
-0.450053 0.650062 0.249946 1.000000 -0.000001 -0.000004 0.000840
-0.450050 0.650059 0.249874 1.000000 0.000005 0.000002 0.000841
-0.450053 0.650062 0.249838 1.000000 -0.000002 -0.000004 0.000841
-0.450049 0.650059 0.249792 1.000000 0.000006 0.000003 0.000841
-0.450051 0.650063 0.249785 1.000000 -0.000003 -0.000001 0.000841
-0.450049 0.650061 0.249795 1.000000 0.000001 0.000003 0.000843
-0.450050 0.650062 0.249794 1.000000 -0.000001 0.000001 0.000844
-0.450050 0.650063 0.249825 1.000000 -0.000003 0.000000 0.000846
-0.450051 0.650060 0.249844 1.000000 0.000004 -0.000001 0.000846
-0.450051 0.650063 0.249873 1.000000 -0.000002 -0.000001 0.000848
-0.450051 0.650061 0.249888 1.000000 0.000001 -0.000001 0.000849
-0.450051 0.650061 0.249928 1.000000 0.000001 -0.000002 0.000850
-0.450050 0.650061 0.249939 1.000000 0.000002 0.000001 0.000850
-0.450049 0.650059 0.249901 1.000000 0.000005 0.000002 0.000851
-0.450051 0.650062 0.249864 1.000000 -0.000000 -0.000002 0.000852
-0.450051 0.650061 0.249864 1.000000 0.000002 -0.000001 0.000853
-0.450050 0.650062 0.249878 1.000000 0.000000 -0.000001 0.000854
-0.450050 0.650061 0.249929 1.000000 0.000001 0.000001 0.000855
-0.450051 0.650062 0.249960 1.000000 0.000001 -0.000001 0.000856
-0.450051 0.650063 0.249939 1.000000 -0.000002 -0.000002 0.000857
-0.450051 0.650062 0.249954 1.000000 0.000001 -0.000001 0.000859
-0.450051 0.650061 0.249953 1.000000 0.000001 -0.000002 0.000860
-0.450051 0.650063 0.249896 1.000000 -0.000001 -0.000001 0.000861
-0.450050 0.650060 0.249864 1.000000 0.000004 0.000000 0.000865
-0.450049 0.650063 0.249858 1.000000 -0.000001 0.000004 0.000868
-0.450052 0.650061 0.249871 1.000000 0.000003 -0.000003 0.000869
-0.450051 0.650064 0.249889 1.000000 -0.000003 -0.000000 0.000871
-0.450050 0.650059 0.249848 1.000000 0.000007 0.000000 0.000876
-0.450053 0.650061 0.249804 1.000000 0.000002 -0.000005 0.000878
-0.450050 0.650068 0.249793 1.000000 -0.000010 0.000001 0.000881
-0.450051 0.650063 0.249821 1.000000 -0.000001 -0.000001 0.000881
-0.450051 0.650064 0.249864 1.000000 -0.000002 0.000000 0.000883
-0.450048 0.650063 0.249872 1.000000 -0.000001 0.000006 0.000885
-0.450050 0.650058 0.249775 1.000000 0.000008 0.000001 0.000887
-0.450052 0.650062 0.249874 1.000000 0.000001 -0.000001 0.000891
-0.450052 0.650066 0.249886 1.000000 -0.000007 -0.000001 0.000894
-0.450051 0.650064 0.249839 1.000000 -0.000002 0.000001 0.000896
-0.450054 0.650064 0.249810 1.000000 -0.000002 -0.000005 0.000898
-0.450054 0.650061 0.249797 1.000000 0.000004 -0.000004 0.000898
-0.450049 0.650067 0.249780 1.000000 -0.000007 0.000005 0.000899
-0.450052 0.650066 0.249776 1.000000 -0.000005 -0.000001 0.000899
-0.450055 0.650064 0.249799 1.000000 -0.000001 -0.000007 0.000900
-0.450050 0.650061 0.249796 1.000000 0.000004 0.000003 0.000901
-0.450053 0.650061 0.249785 1.000000 0.000005 -0.000002 0.000902
-0.450054 0.650064 0.249786 1.000000 -0.000002 -0.000004 0.000903
-0.450052 0.650063 0.249866 1.000000 0.000001 -0.000001 0.000904
-0.450052 0.650062 0.249881 1.000000 0.000002 -0.000000 0.000905
-0.450052 0.650064 0.249904 1.000000 -0.000000 -0.000001 0.000907
-0.450052 0.650062 0.249923 1.000000 0.000002 -0.000001 0.000907
-0.450052 0.650063 0.249940 1.000000 -0.000000 -0.000001 0.000908
-0.450052 0.650062 0.249948 1.000000 0.000002 -0.000001 0.000908
-0.450052 0.650064 0.249951 1.000000 -0.000001 0.000000 0.000909
-0.450052 0.650063 0.249953 1.000000 0.000001 -0.000001 0.000909
-0.450052 0.650063 0.249960 1.000000 0.000000 0.000000 0.000910
-0.450051 0.650064 0.249946 1.000000 -0.000001 0.000002 0.000910
-0.450051 0.650065 0.249918 1.000000 -0.000002 0.000002 0.000910
-0.450055 0.650063 0.249890 1.000000 -0.000000 -0.000005 0.000910
-0.450052 0.650063 0.249873 1.000000 0.000000 -0.000001 0.000911
-0.450051 0.650064 0.249856 1.000000 -0.000001 0.000003 0.000912
-0.450052 0.650063 0.249849 1.000000 0.000000 -0.000001 0.000913
-0.450053 0.650062 0.249868 1.000000 0.000002 -0.000002 0.000913
-0.450051 0.650064 0.249879 1.000000 -0.000001 0.000002 0.000915
-0.450051 0.650063 0.249875 1.000000 0.000002 0.000002 0.000915
-0.450053 0.650064 0.249879 1.000000 -0.000001 -0.000002 0.000916
-0.450053 0.650063 0.249927 1.000000 0.000001 -0.000001 0.000918
-0.450053 0.650063 0.249957 1.000000 0.000001 -0.000001 0.000919
-0.450053 0.650064 0.249962 1.000000 0.000000 -0.000002 0.000919
-0.450053 0.650063 0.249958 1.000000 0.000001 -0.000001 0.000920
-0.450053 0.650064 0.249946 1.000000 -0.000001 -0.000001 0.000921
-0.450052 0.650064 0.249933 1.000000 -0.000001 0.000001 0.000922
-0.450053 0.650063 0.249888 1.000000 0.000001 -0.000001 0.000923
-0.450052 0.650063 0.249894 1.000000 0.000002 0.000000 0.000923
-0.450052 0.650063 0.249903 1.000000 0.000002 0.000001 0.000923
-0.450053 0.650065 0.249901 1.000000 -0.000002 -0.000001 0.000924
-0.450055 0.650065 0.249888 1.000000 -0.000002 -0.000004 0.000925
-0.450054 0.650062 0.249875 1.000000 0.000004 -0.000002 0.000926
-0.450052 0.650064 0.249873 1.000000 0.000001 0.000001 0.000927
-0.450052 0.650064 0.249895 1.000000 0.000001 0.000000 0.000927
-0.450054 0.650063 0.249933 1.000000 0.000002 -0.000003 0.000928
-0.450053 0.650064 0.249915 1.000000 0.000001 -0.000001 0.000930
-0.450054 0.650064 0.249896 1.000000 0.000001 -0.000002 0.000931
-0.450053 0.650063 0.249903 1.000000 0.000002 0.000000 0.000933
-0.450054 0.650065 0.249925 1.000000 -0.000000 -0.000002 0.000936
-0.450054 0.650064 0.249957 1.000000 0.000001 -0.000001 0.000937
-0.450052 0.650066 0.249938 1.000000 -0.000003 0.000002 0.000938
-0.450054 0.650066 0.249857 1.000000 -0.000002 -0.000001 0.000940
-0.450054 0.650065 0.249901 1.000000 -0.000001 -0.000002 0.000943
-0.450052 0.650064 0.249899 1.000000 0.000002 0.000002 0.000945
-0.450055 0.650066 0.249890 1.000000 -0.000002 -0.000003 0.000947
-0.450057 0.650066 0.249808 1.000000 -0.000002 -0.000008 0.000949
-0.450052 0.650065 0.249797 1.000000 0.000000 0.000002 0.000951
-0.450054 0.650065 0.249872 1.000000 0.000001 -0.000000 0.000954
-0.450054 0.650065 0.249944 1.000000 0.000001 -0.000001 0.000955
-0.450054 0.650066 0.249961 1.000000 -0.000000 -0.000002 0.000955
-0.450055 0.650065 0.249936 1.000000 0.000001 -0.000002 0.000957
-0.450054 0.650065 0.249957 1.000000 0.000001 -0.000001 0.000957
-0.450055 0.650064 0.249962 1.000000 0.000003 -0.000002 0.000958
-0.450054 0.650064 0.249918 1.000000 0.000002 0.000001 0.000960
-0.450054 0.650067 0.249942 1.000000 -0.000002 -0.000000 0.000962
-0.450055 0.650066 0.249923 1.000000 -0.000000 -0.000002 0.000964
-0.450055 0.650065 0.249958 1.000000 0.000002 -0.000001 0.000965
-0.450054 0.650065 0.249960 1.000000 0.000001 -0.000000 0.000966
-0.450054 0.650065 0.249960 1.000000 0.000002 -0.000000 0.000966
-0.450054 0.650065 0.249961 1.000000 0.000001 0.000001 0.000966
-0.450055 0.650065 0.249956 1.000000 0.000001 -0.000002 0.000966
-0.450055 0.650067 0.249945 1.000000 -0.000002 -0.000001 0.000966
-0.450054 0.650066 0.249913 1.000000 0.000000 0.000000 0.000967
-0.450051 0.650065 0.249838 1.000000 0.000002 0.000006 0.000968
-0.450054 0.650066 0.249812 1.000000 0.000001 0.000001 0.000971
-0.450055 0.650065 0.249901 1.000000 0.000003 -0.000001 0.000973
-0.450055 0.650064 0.249886 1.000000 0.000004 -0.000002 0.000975
-0.450056 0.650066 0.249863 1.000000 0.000001 -0.000004 0.000979
-0.450054 0.650067 0.249876 1.000000 -0.000000 0.000002 0.000981
-0.450056 0.650066 0.249924 1.000000 0.000002 -0.000002 0.000982
-0.450055 0.650064 0.249931 1.000000 0.000005 -0.000000 0.000983
-0.450055 0.650068 0.249887 1.000000 -0.000003 -0.000001 0.000989
-0.450055 0.650065 0.249883 1.000000 0.000005 -0.000001 0.000992
-0.450055 0.650066 0.249904 1.000000 0.000002 -0.000001 0.000994
-0.450053 0.650068 0.249882 1.000000 -0.000001 0.000002 0.000996
-0.450056 0.650067 0.249837 1.000000 -0.000000 -0.000003 0.000999
-0.450055 0.650067 0.249875 0.999999 -0.000001 -0.000001 0.001001
-0.450056 0.650067 0.249947 0.999999 0.000000 -0.000002 0.001002
-0.450055 0.650069 0.249913 0.999999 -0.000004 -0.000001 0.001003
-0.450056 0.650067 0.249894 0.999999 0.000000 -0.000002 0.001005
-0.450055 0.650069 0.249933 0.999999 -0.000002 -0.000001 0.001005
-0.450056 0.650067 0.249933 0.999999 0.000001 -0.000002 0.001006
-0.450056 0.650067 0.249912 0.999999 0.000000 -0.000001 0.001007
-0.450055 0.650068 0.249907 0.999999 -0.000001 0.000000 0.001008
-0.450056 0.650067 0.249915 0.999999 -0.000000 -0.000001 0.001008
-0.450056 0.650066 0.249922 0.999999 0.000003 -0.000003 0.001008
-0.450056 0.650067 0.249925 0.999999 -0.000000 -0.000001 0.001009
-0.450056 0.650066 0.249935 0.999999 0.000002 -0.000002 0.001009
-0.450056 0.650068 0.249944 0.999999 -0.000001 -0.000002 0.001009
-0.450056 0.650068 0.249938 0.999999 -0.000001 -0.000002 0.001009
-0.450056 0.650067 0.249935 0.999999 -0.000000 -0.000002 0.001010
-0.450055 0.650067 0.249943 0.999999 0.000000 0.000000 0.001010
-0.450056 0.650069 0.249935 0.999999 -0.000003 -0.000001 0.001011
-0.450053 0.650067 0.249915 0.999999 0.000000 0.000005 0.001012
-0.450056 0.650065 0.249864 0.999999 0.000006 -0.000002 0.001013
-0.450055 0.650066 0.249857 0.999999 0.000002 -0.000000 0.001014
-0.450055 0.650066 0.249820 0.999999 0.000003 -0.000000 0.001014
-0.450053 0.650067 0.249800 0.999999 0.000001 0.000004 0.001014
-0.450055 0.650067 0.249794 0.999999 0.000002 0.000001 0.001015
-0.450058 0.650065 0.249796 0.999999 0.000005 -0.000006 0.001016
-0.450055 0.650070 0.249794 0.999999 -0.000004 0.000001 0.001017
-0.450055 0.650070 0.249793 0.999999 -0.000004 -0.000000 0.001018
-0.450053 0.650068 0.249811 0.999999 0.000000 0.000004 0.001020
-0.450056 0.650068 0.249817 0.999999 0.000000 -0.000002 0.001021
-0.450053 0.650069 0.249830 0.999999 -0.000002 0.000004 0.001023
-0.450056 0.650066 0.249837 0.999999 0.000003 -0.000001 0.001023
-0.450057 0.650069 0.249842 0.999999 -0.000001 -0.000003 0.001024
-0.450057 0.650068 0.249840 0.999999 0.000000 -0.000003 0.001024
-0.450055 0.650069 0.249851 0.999999 -0.000002 0.000000 0.001025
-0.450055 0.650067 0.249875 0.999999 0.000002 0.000001 0.001025
-0.450055 0.650067 0.249897 0.999999 0.000002 -0.000000 0.001026
-0.450056 0.650067 0.249937 0.999999 0.000001 -0.000002 0.001026
-0.450056 0.650068 0.249949 0.999999 0.000001 -0.000002 0.001026
-0.450056 0.650068 0.249960 0.999999 0.000001 -0.000002 0.001026
-0.450057 0.650068 0.249963 0.999999 0.000001 -0.000002 0.001026
-0.450056 0.650070 0.249941 0.999999 -0.000003 -0.000001 0.001027
-0.450055 0.650069 0.249914 0.999999 -0.000003 -0.000000 0.001028
-0.450056 0.650067 0.249915 0.999999 0.000002 -0.000001 0.001029
-0.450056 0.650068 0.249926 0.999999 -0.000000 -0.000001 0.001029
-0.450056 0.650067 0.249943 0.999999 0.000002 -0.000001 0.001029
-0.450055 0.650068 0.249951 0.999999 0.000000 0.000000 0.001030
-0.450055 0.650068 0.249958 0.999999 0.000001 0.000001 0.001030
-0.450056 0.650068 0.249913 0.999999 -0.000000 -0.000001 0.001031
-0.450057 0.650067 0.249920 0.999999 0.000002 -0.000003 0.001034
-0.450056 0.650068 0.249854 0.999999 0.000000 0.000000 0.001035
-0.450056 0.650067 0.249828 0.999999 0.000003 0.000001 0.001038
-0.450055 0.650069 0.249829 0.999999 -0.000002 0.000001 0.001038
-0.450056 0.650070 0.249855 0.999999 -0.000003 -0.000000 0.001038
-0.450055 0.650069 0.249872 0.999999 -0.000001 0.000002 0.001039
-0.450057 0.650070 0.249896 0.999999 -0.000003 -0.000002 0.001040
-0.450054 0.650067 0.249885 0.999999 0.000003 0.000004 0.001041
-0.450055 0.650066 0.249831 0.999999 0.000005 0.000002 0.001042
-0.450060 0.650066 0.249811 0.999999 0.000004 -0.000008 0.001043
-0.450057 0.650068 0.249825 0.999999 0.000000 -0.000001 0.001045
-0.450058 0.650069 0.249872 0.999999 -0.000001 -0.000004 0.001047
-0.450056 0.650070 0.249868 0.999999 -0.000002 0.000001 0.001048
-0.450056 0.650068 0.249887 0.999999 0.000002 0.000000 0.001048
-0.450056 0.650068 0.249891 0.999999 0.000002 0.000000 0.001049
-0.450055 0.650069 0.249888 0.999999 -0.000001 0.000002 0.001050
-0.450056 0.650069 0.249896 0.999999 -0.000001 0.000001 0.001051
-0.450057 0.650065 0.249903 0.999999 0.000006 -0.000001 0.001051
-0.450055 0.650070 0.249868 0.999999 -0.000003 0.000002 0.001053
-0.450056 0.650067 0.249855 0.999999 0.000003 0.000000 0.001054
-0.450056 0.650068 0.249848 0.999999 0.000001 0.000000 0.001055
-0.450056 0.650068 0.249865 0.999999 0.000001 0.000001 0.001056
-0.450059 0.650069 0.249894 0.999999 -0.000000 -0.000005 0.001056
-0.450056 0.650066 0.249880 0.999999 0.000005 0.000000 0.001057
-0.450056 0.650070 0.249846 0.999999 -0.000002 0.000001 0.001058
-0.450057 0.650070 0.249841 0.999999 -0.000002 -0.000000 0.001060
-0.450056 0.650069 0.249866 0.999999 0.000001 -0.000000 0.001061
-0.450056 0.650069 0.249899 0.999999 -0.000001 0.000001 0.001062
-0.450059 0.650069 0.249889 0.999999 0.000000 -0.000005 0.001062
-0.450056 0.650068 0.249855 0.999999 0.000003 0.000002 0.001063
-0.450056 0.650068 0.249842 0.999999 0.000003 0.000000 0.001064
-0.450057 0.650069 0.249857 0.999999 0.000001 -0.000001 0.001065
-0.450057 0.650068 0.249880 0.999999 0.000001 -0.000002 0.001066
-0.450056 0.650069 0.249924 0.999999 -0.000001 0.000001 0.001067
-0.450057 0.650069 0.249934 0.999999 -0.000001 -0.000001 0.001067
-0.450058 0.650066 0.249903 0.999999 0.000005 -0.000002 0.001068
-0.450058 0.650068 0.249882 0.999999 0.000001 -0.000002 0.001069
-0.450057 0.650069 0.249856 0.999999 0.000001 -0.000001 0.001070
-0.450057 0.650068 0.249860 0.999999 0.000002 -0.000001 0.001070
-0.450056 0.650070 0.249870 0.999999 -0.000001 0.000002 0.001071
-0.450056 0.650070 0.249889 0.999999 -0.000002 0.000002 0.001071
-0.450057 0.650069 0.249904 0.999999 -0.000000 -0.000001 0.001072
-0.450057 0.650067 0.249906 0.999999 0.000004 -0.000000 0.001073
-0.450057 0.650072 0.249905 0.999999 -0.000005 -0.000000 0.001074
-0.450056 0.650068 0.249900 0.999999 0.000003 0.000001 0.001075
-0.450057 0.650071 0.249898 0.999999 -0.000003 -0.000000 0.001077
-0.450057 0.650070 0.249898 0.999999 -0.000000 0.000000 0.001077
-0.450057 0.650069 0.249899 0.999999 0.000001 -0.000000 0.001078
-0.450058 0.650069 0.249908 0.999999 0.000001 -0.000002 0.001078
-0.450056 0.650068 0.249915 0.999999 0.000003 0.000001 0.001079
-0.450056 0.650068 0.249889 0.999999 0.000004 0.000001 0.001080
-0.450056 0.650065 0.249840 0.999999 0.000009 0.000001 0.001081
-0.450061 0.650071 0.249816 0.999999 -0.000003 -0.000009 0.001082
-0.450057 0.650065 0.249784 0.999999 0.000010 -0.000001 0.001082
-0.450057 0.650072 0.249783 0.999999 -0.000004 -0.000001 0.001083
-0.450053 0.650071 0.249782 0.999999 -0.000002 0.000007 0.001085
-0.450060 0.650069 0.249797 0.999999 0.000002 -0.000005 0.001086
-0.450057 0.650069 0.249807 0.999999 0.000002 -0.000000 0.001087
-0.450055 0.650071 0.249814 0.999999 -0.000002 0.000005 0.001087
-0.450057 0.650071 0.249814 0.999999 -0.000003 0.000001 0.001088
-0.450058 0.650071 0.249825 0.999999 -0.000002 -0.000001 0.001088
-0.450057 0.650070 0.249834 0.999999 -0.000001 0.000001 0.001089
-0.450058 0.650068 0.249880 0.999999 0.000003 -0.000002 0.001090
-0.450057 0.650069 0.249893 0.999999 0.000002 0.000001 0.001090
-0.450059 0.650072 0.249885 0.999999 -0.000004 -0.000003 0.001091
-0.450056 0.650072 0.249866 0.999999 -0.000005 0.000002 0.001091
-0.450059 0.650068 0.249857 0.999999 0.000003 -0.000003 0.001092
-0.450058 0.650069 0.249862 0.999999 0.000001 -0.000001 0.001092
-0.450057 0.650070 0.249862 0.999999 -0.000001 -0.000000 0.001093
-0.450059 0.650070 0.249862 0.999999 -0.000001 -0.000003 0.001093
-0.450058 0.650070 0.249854 0.999999 -0.000000 -0.000002 0.001094
-0.450058 0.650070 0.249866 0.999999 0.000001 -0.000001 0.001094
-0.450058 0.650069 0.249895 0.999999 0.000002 -0.000002 0.001094
-0.450058 0.650070 0.249917 0.999999 -0.000000 -0.000001 0.001095
-0.450057 0.650069 0.249933 0.999999 0.000001 0.000000 0.001095
-0.450058 0.650069 0.249945 0.999999 0.000001 -0.000001 0.001095
-0.450058 0.650070 0.249955 0.999999 0.000001 -0.000001 0.001095
-0.450058 0.650069 0.249957 0.999999 0.000002 -0.000001 0.001095
-0.450058 0.650068 0.249948 0.999999 0.000003 -0.000002 0.001096
-0.450057 0.650071 0.249934 0.999999 -0.000002 -0.000000 0.001096
-0.450058 0.650070 0.249927 0.999999 0.000000 -0.000001 0.001097
-0.450056 0.650070 0.249931 0.999999 -0.000001 0.000003 0.001097
-0.450059 0.650069 0.249931 0.999999 0.000001 -0.000003 0.001098
-0.450058 0.650070 0.249936 0.999999 0.000001 -0.000001 0.001098
-0.450058 0.650069 0.249946 0.999999 0.000002 -0.000001 0.001098
-0.450056 0.650071 0.249949 0.999999 -0.000001 0.000002 0.001098
-0.450058 0.650071 0.249938 0.999999 -0.000001 -0.000001 0.001099
-0.450058 0.650070 0.249913 0.999999 0.000001 -0.000001 0.001099
-0.450058 0.650068 0.249895 0.999999 0.000003 -0.000000 0.001100
-0.450058 0.650072 0.249893 0.999999 -0.000004 0.000000 0.001100
-0.450058 0.650069 0.249888 0.999999 0.000002 -0.000002 0.001101
-0.450058 0.650070 0.249876 0.999999 -0.000000 -0.000001 0.001101
-0.450058 0.650068 0.249861 0.999999 0.000003 0.000000 0.001102
-0.450057 0.650068 0.249852 0.999999 0.000004 0.000001 0.001102
-0.450058 0.650069 0.249840 0.999999 0.000002 -0.000002 0.001103
-0.450056 0.650070 0.249842 0.999999 -0.000000 0.000004 0.001103
-0.450059 0.650071 0.249840 0.999999 -0.000002 -0.000002 0.001104
-0.450059 0.650071 0.249846 0.999999 -0.000001 -0.000003 0.001105
-0.450058 0.650071 0.249850 0.999999 -0.000002 -0.000000 0.001106
-0.450059 0.650069 0.249860 0.999999 0.000002 -0.000003 0.001108
-0.450058 0.650071 0.249861 0.999999 -0.000000 -0.000001 0.001108
-0.450058 0.650070 0.249857 0.999999 0.000001 -0.000001 0.001110
-0.450058 0.650070 0.249938 0.999999 0.000002 -0.000002 0.001112
-0.450057 0.650072 0.249956 0.999999 -0.000002 0.000002 0.001113
-0.450058 0.650070 0.249930 0.999999 0.000002 0.000000 0.001115
-0.450059 0.650070 0.249867 0.999999 0.000002 -0.000002 0.001117
-0.450058 0.650069 0.249871 0.999999 0.000003 -0.000001 0.001120
-0.450059 0.650070 0.249878 0.999999 0.000002 -0.000002 0.001123
-0.450058 0.650070 0.249911 0.999999 0.000002 -0.000001 0.001125
-0.450059 0.650070 0.249893 0.999999 0.000001 -0.000002 0.001127
-0.450058 0.650070 0.249901 0.999999 0.000001 -0.000001 0.001128
-0.450058 0.650072 0.249921 0.999999 -0.000002 -0.000000 0.001130
-0.450059 0.650071 0.249906 0.999999 0.000000 -0.000001 0.001133
-0.450057 0.650071 0.249911 0.999999 0.000000 0.000002 0.001134
-0.450059 0.650071 0.249904 0.999999 0.000001 -0.000002 0.001134
-0.450059 0.650071 0.249906 0.999999 0.000001 -0.000002 0.001134
-0.450058 0.650070 0.249895 0.999999 0.000003 0.000000 0.001135
-0.450057 0.650070 0.249875 0.999999 0.000003 0.000001 0.001135
-0.450058 0.650071 0.249878 0.999999 -0.000000 -0.000000 0.001136
-0.450057 0.650071 0.249900 0.999999 0.000001 0.000002 0.001136
-0.450058 0.650071 0.249925 0.999999 0.000000 -0.000001 0.001137
-0.450058 0.650072 0.249920 0.999999 -0.000001 -0.000001 0.001138
-0.450058 0.650072 0.249909 0.999999 -0.000002 0.000001 0.001139
-0.450059 0.650070 0.249906 0.999999 0.000003 -0.000001 0.001139
-0.450059 0.650072 0.249917 0.999999 -0.000001 -0.000001 0.001141
-0.450059 0.650072 0.249954 0.999999 -0.000000 -0.000002 0.001142
-0.450059 0.650073 0.249916 0.999999 -0.000002 -0.000002 0.001145
-0.450059 0.650073 0.249893 0.999999 -0.000002 -0.000002 0.001149
-0.450057 0.650070 0.249822 0.999999 0.000004 0.000003 0.001153
-0.450060 0.650070 0.249814 0.999999 0.000004 -0.000005 0.001155
-0.450059 0.650070 0.249826 0.999999 0.000003 -0.000001 0.001158
-0.450059 0.650073 0.249825 0.999999 -0.000003 -0.000001 0.001160
-0.450058 0.650073 0.249886 0.999999 -0.000002 -0.000000 0.001162
-0.450059 0.650072 0.249930 0.999999 0.000001 -0.000001 0.001163
-0.450058 0.650071 0.249958 0.999999 0.000002 0.000000 0.001164
-0.450060 0.650071 0.249900 0.999999 0.000002 -0.000002 0.001166
-0.450059 0.650073 0.249899 0.999999 -0.000001 -0.000001 0.001169
-0.450059 0.650074 0.249903 0.999999 -0.000002 -0.000001 0.001172
-0.450059 0.650074 0.249828 0.999999 -0.000004 -0.000001 0.001176
-0.450059 0.650072 0.249888 0.999999 0.000001 -0.000001 0.001178
-0.450059 0.650072 0.249913 0.999999 0.000001 -0.000001 0.001178
-0.450059 0.650073 0.249935 0.999999 -0.000001 -0.000002 0.001179
-0.450059 0.650073 0.249941 0.999999 -0.000001 -0.000001 0.001180
-0.450059 0.650071 0.249932 0.999999 0.000003 -0.000001 0.001180
-0.450058 0.650072 0.249920 0.999999 0.000002 0.000001 0.001181
-0.450058 0.650073 0.249907 0.999999 -0.000000 0.000001 0.001182
-0.450057 0.650073 0.249911 0.999999 -0.000000 0.000004 0.001182
-0.450060 0.650073 0.249876 0.999999 0.000000 -0.000003 0.001183
-0.450058 0.650074 0.249864 0.999999 -0.000002 0.000001 0.001184
-0.450058 0.650072 0.249887 0.999999 0.000003 0.000001 0.001184
-0.450060 0.650071 0.249878 0.999999 0.000004 -0.000003 0.001185
-0.450060 0.650075 0.249859 0.999999 -0.000004 -0.000002 0.001186
-0.450057 0.650071 0.249838 0.999999 0.000003 0.000002 0.001187
-0.450059 0.650074 0.249815 0.999999 -0.000001 -0.000002 0.001187
-0.450058 0.650073 0.249929 0.999999 0.000000 0.000000 0.001189
-0.450059 0.650074 0.249959 0.999999 -0.000001 -0.000001 0.001190
-0.450058 0.650074 0.249877 0.999999 -0.000001 0.000000 0.001192
-0.450060 0.650073 0.249930 0.999999 0.000000 -0.000002 0.001193
-0.450060 0.650074 0.249885 0.999999 -0.000002 -0.000002 0.001195
-0.450061 0.650073 0.249847 0.999999 0.000001 -0.000005 0.001198
-0.450059 0.650072 0.249852 0.999999 0.000004 0.000000 0.001201
-0.450058 0.650073 0.249871 0.999999 0.000001 0.000001 0.001202
-0.450060 0.650073 0.249912 0.999999 0.000002 -0.000001 0.001205
-0.450060 0.650074 0.249954 0.999999 -0.000000 -0.000001 0.001206
-0.450060 0.650075 0.249944 0.999999 -0.000002 -0.000002 0.001208
-0.450060 0.650074 0.249951 0.999999 0.000001 -0.000002 0.001210
-0.450060 0.650073 0.249954 0.999999 0.000001 -0.000001 0.001210
-0.450060 0.650073 0.249957 0.999999 0.000001 -0.000001 0.001211
-0.450060 0.650073 0.249963 0.999999 0.000001 -0.000001 0.001211
-0.450059 0.650073 0.249967 0.999999 0.000001 -0.000000 0.001211
-0.450060 0.650074 0.249968 0.999999 0.000001 -0.000001 0.001211
-0.450060 0.650075 0.249967 0.999999 -0.000001 -0.000002 0.001212
-0.450060 0.650075 0.249903 0.999999 -0.000001 -0.000001 0.001215
-0.450060 0.650073 0.249916 0.999999 0.000002 -0.000001 0.001218
-0.450059 0.650076 0.249850 0.999999 -0.000003 -0.000000 0.001221
-0.450058 0.650074 0.249870 0.999999 0.000000 0.000003 0.001224
-0.450060 0.650074 0.249921 0.999999 0.000000 -0.000001 0.001226
-0.450060 0.650074 0.249919 0.999999 0.000001 -0.000001 0.001227
-0.450060 0.650074 0.249924 0.999999 0.000001 -0.000001 0.001229
-0.450058 0.650076 0.249937 0.999999 -0.000002 0.000002 0.001230
-0.450059 0.650076 0.249934 0.999999 -0.000001 0.000002 0.001232
-0.450060 0.650074 0.249931 0.999999 0.000002 0.000001 0.001234
-0.450061 0.650076 0.249888 0.999999 -0.000003 -0.000002 0.001235
-0.450061 0.650073 0.249856 0.999999 0.000004 -0.000002 0.001238
-0.450062 0.650075 0.249849 0.999999 0.000001 -0.000003 0.001241
-0.450061 0.650075 0.249936 0.999999 0.000001 -0.000001 0.001241
-0.450060 0.650076 0.249938 0.999999 -0.000002 0.000000 0.001243
-0.450063 0.650076 0.249841 0.999999 -0.000000 -0.000006 0.001247
-0.450060 0.650077 0.249864 0.999999 -0.000003 0.000001 0.001250
-0.450061 0.650075 0.249874 0.999999 0.000002 -0.000002 0.001250
-0.450060 0.650074 0.249881 0.999999 0.000003 0.000001 0.001251
-0.450061 0.650078 0.249858 0.999999 -0.000003 -0.000002 0.001253
-0.450062 0.650076 0.249851 0.999999 -0.000000 -0.000003 0.001253
-0.450059 0.650076 0.249881 0.999999 0.000000 0.000001 0.001254
-0.450059 0.650076 0.249889 0.999999 0.000000 0.000002 0.001255
-0.450060 0.650075 0.249908 0.999999 0.000001 0.000001 0.001256
-0.450060 0.650077 0.249959 0.999999 -0.000001 0.000001 0.001257
-0.450060 0.650077 0.249911 0.999999 -0.000001 0.000001 0.001258
-0.450060 0.650077 0.249898 0.999999 -0.000000 0.000001 0.001260
-0.450061 0.650079 0.249852 0.999999 -0.000005 -0.000000 0.001262
-0.450062 0.650078 0.249826 0.999999 -0.000004 -0.000003 0.001264
-0.450062 0.650075 0.249805 0.999999 0.000003 -0.000003 0.001268
-0.450059 0.650077 0.249821 0.999999 -0.000001 0.000003 0.001271
-0.450059 0.650079 0.249829 0.999999 -0.000004 0.000003 0.001274
-0.450062 0.650076 0.249884 0.999999 0.000001 -0.000002 0.001276
-0.450061 0.650076 0.249904 0.999999 0.000001 -0.000000 0.001278
-0.450062 0.650075 0.249862 0.999999 0.000004 -0.000002 0.001283
-0.450061 0.650077 0.249859 0.999999 0.000001 0.000000 0.001286
-0.450061 0.650079 0.249916 0.999999 -0.000003 0.000000 0.001288
-0.450059 0.650077 0.249872 0.999999 0.000001 0.000003 0.001290
-0.450061 0.650076 0.249884 0.999999 0.000003 -0.000000 0.001294
-0.450063 0.650078 0.249847 0.999999 -0.000001 -0.000004 0.001298
-0.450063 0.650078 0.249866 0.999999 -0.000000 -0.000004 0.001301
-0.450063 0.650077 0.249898 0.999999 0.000001 -0.000003 0.001303
-0.450062 0.650078 0.249898 0.999999 0.000000 -0.000001 0.001305
-0.450060 0.650079 0.249887 0.999999 -0.000002 0.000003 0.001307
-0.450059 0.650080 0.249877 0.999999 -0.000004 0.000004 0.001310
-0.450061 0.650078 0.249868 0.999999 -0.000000 0.000000 0.001313
-0.450062 0.650078 0.249911 0.999999 0.000002 -0.000000 0.001315
-0.450061 0.650077 0.249904 0.999999 0.000002 0.000001 0.001316
-0.450063 0.650078 0.249894 0.999999 0.000002 -0.000002 0.001318
-0.450062 0.650079 0.249892 0.999999 -0.000001 -0.000001 0.001320
-0.450062 0.650078 0.249871 0.999999 0.000002 -0.000000 0.001321
-0.450062 0.650080 0.249896 0.999999 -0.000003 0.000001 0.001323
-0.450060 0.650079 0.249876 0.999999 -0.000001 0.000005 0.001325
-0.450066 0.650080 0.249830 0.999999 -0.000002 -0.000007 0.001327
-0.450061 0.650081 0.249815 0.999999 -0.000003 0.000002 0.001330
-0.450061 0.650079 0.249818 0.999999 -0.000000 0.000003 0.001332
-0.450064 0.650076 0.249771 0.999999 0.000006 -0.000002 0.001335
-0.450065 0.650082 0.249781 0.999999 -0.000005 -0.000004 0.001337
-0.450064 0.650080 0.249789 0.999999 -0.000001 -0.000002 0.001340
-0.450062 0.650081 0.249918 0.999999 -0.000004 0.000002 0.001342
-0.450064 0.650080 0.249859 0.999999 -0.000001 -0.000001 0.001343
-0.450065 0.650080 0.249845 0.999999 -0.000001 -0.000003 0.001345
-0.450064 0.650081 0.249835 0.999999 -0.000002 -0.000002 0.001346
-0.450063 0.650082 0.249831 0.999999 -0.000004 -0.000000 0.001346
-0.450064 0.650080 0.249861 0.999999 -0.000001 -0.000002 0.001347
-0.450065 0.650080 0.249883 0.999999 0.000000 -0.000004 0.001348
-0.450064 0.650080 0.249904 0.999999 -0.000000 -0.000001 0.001348
-0.450062 0.650081 0.249899 0.999999 -0.000001 0.000003 0.001349
-0.450067 0.650081 0.249852 0.999999 -0.000003 -0.000007 0.001350
-0.450063 0.650079 0.249829 0.999999 0.000003 0.000001 0.001350
-0.450063 0.650081 0.249801 0.999999 -0.000002 0.000000 0.001351
-0.450063 0.650082 0.249800 0.999999 -0.000004 -0.000000 0.001351
-0.450064 0.650079 0.249824 0.999999 0.000002 -0.000001 0.001352
-0.450064 0.650079 0.249848 0.999999 0.000002 -0.000002 0.001353
-0.450064 0.650080 0.249896 0.999999 0.000001 -0.000002 0.001353
-0.450062 0.650080 0.249914 0.999999 0.000000 0.000002 0.001355
-0.450064 0.650081 0.249852 0.999999 -0.000001 -0.000001 0.001357
-0.450063 0.650080 0.249880 0.999999 0.000001 0.000002 0.001359
-0.450064 0.650077 0.249844 0.999999 0.000008 -0.000001 0.001361
-0.450065 0.650081 0.249829 0.999999 -0.000001 -0.000002 0.001362
-0.450063 0.650083 0.249803 0.999999 -0.000004 0.000001 0.001363
-0.450063 0.650082 0.249812 0.999999 -0.000002 0.000001 0.001363
-0.450063 0.650078 0.249818 0.999999 0.000005 0.000001 0.001364
-0.450065 0.650083 0.249822 0.999999 -0.000005 -0.000002 0.001364
-0.450063 0.650084 0.249829 0.999999 -0.000007 0.000002 0.001365
-0.450065 0.650078 0.249832 0.999999 0.000005 -0.000001 0.001365
-0.450065 0.650082 0.249829 0.999999 -0.000004 -0.000003 0.001366
-0.450065 0.650080 0.249826 0.999999 0.000001 -0.000001 0.001367
-0.450064 0.650081 0.249872 0.999999 -0.000001 0.000001 0.001368
-0.450064 0.650083 0.249904 0.999999 -0.000004 -0.000000 0.001369
-0.450064 0.650079 0.249902 0.999999 0.000003 0.000000 0.001370
-0.450065 0.650081 0.249909 0.999999 -0.000000 -0.000002 0.001371
-0.450064 0.650081 0.249916 0.999999 -0.000001 -0.000000 0.001372
-0.450064 0.650080 0.249942 0.999999 0.000001 0.000000 0.001372
-0.450064 0.650080 0.249948 0.999999 0.000002 0.000001 0.001373
-0.450064 0.650080 0.249923 0.999999 0.000003 0.000001 0.001373
-0.450066 0.650083 0.249885 0.999999 -0.000005 -0.000004 0.001373
-0.450065 0.650083 0.249821 0.999999 -0.000005 -0.000002 0.001374
-0.450064 0.650083 0.249819 0.999999 -0.000005 -0.000000 0.001374
-0.450066 0.650077 0.249823 0.999999 0.000008 -0.000004 0.001376
-0.450066 0.650078 0.249825 0.999999 0.000005 -0.000002 0.001376
-0.450063 0.650082 0.249814 0.999999 -0.000002 0.000003 0.001377
-0.450062 0.650079 0.249792 0.999999 0.000004 0.000005 0.001378
-0.450067 0.650079 0.249771 0.999999 0.000004 -0.000004 0.001379
-0.450065 0.650076 0.249763 0.999999 0.000011 0.000000 0.001379
-0.450065 0.650083 0.249780 0.999999 -0.000003 0.000000 0.001380
-0.450066 0.650080 0.249802 0.999999 0.000002 -0.000003 0.001381
-0.450065 0.650081 0.249846 0.999999 0.000001 0.000000 0.001382
-0.450065 0.650079 0.249855 0.999999 0.000004 -0.000001 0.001383
-0.450065 0.650081 0.249863 0.999999 0.000000 -0.000001 0.001384
-0.450065 0.650083 0.249868 0.999999 -0.000003 -0.000000 0.001385
-0.450065 0.650080 0.249872 0.999999 0.000003 -0.000001 0.001386
-0.450066 0.650081 0.249884 0.999999 0.000000 -0.000002 0.001387
-0.450066 0.650081 0.249903 0.999999 0.000001 -0.000002 0.001387
-0.450064 0.650081 0.249915 0.999999 0.000001 0.000001 0.001388
-0.450065 0.650081 0.249935 0.999999 0.000001 0.000000 0.001388
-0.450064 0.650082 0.249943 0.999999 -0.000001 0.000001 0.001388
-0.450065 0.650082 0.249922 0.999999 -0.000002 -0.000001 0.001389
-0.450065 0.650080 0.249912 0.999999 0.000004 -0.000000 0.001389
-0.450066 0.650084 0.249886 0.999999 -0.000004 -0.000003 0.001391
-0.450064 0.650081 0.249862 0.999999 0.000002 0.000001 0.001392
-0.450067 0.650080 0.249836 0.999999 0.000004 -0.000005 0.001393
-0.450065 0.650080 0.249827 0.999999 0.000003 -0.000001 0.001394
-0.450063 0.650084 0.249804 0.999999 -0.000005 0.000002 0.001395
-0.450065 0.650083 0.249801 0.999999 -0.000003 -0.000001 0.001396
-0.450065 0.650082 0.249830 0.999999 -0.000001 -0.000000 0.001397
-0.450067 0.650081 0.249839 0.999999 0.000002 -0.000005 0.001399
-0.450063 0.650084 0.249839 0.999999 -0.000003 0.000003 0.001399
-0.450065 0.650082 0.249844 0.999999 0.000000 -0.000001 0.001400
-0.450063 0.650083 0.249846 0.999999 -0.000002 0.000004 0.001402
-0.450067 0.650080 0.249846 0.999999 0.000004 -0.000004 0.001403
-0.450064 0.650082 0.249848 0.999999 -0.000001 0.000002 0.001404
-0.450066 0.650082 0.249878 0.999999 0.000000 -0.000002 0.001406
-0.450066 0.650082 0.249903 0.999999 0.000001 -0.000002 0.001406
-0.450064 0.650082 0.249936 0.999999 0.000001 0.000001 0.001407
-0.450065 0.650082 0.249940 0.999999 -0.000001 -0.000000 0.001407
-0.450065 0.650081 0.249934 0.999999 0.000003 -0.000000 0.001408
-0.450065 0.650081 0.249922 0.999999 0.000002 0.000000 0.001409
-0.450066 0.650081 0.249895 0.999999 0.000002 -0.000002 0.001410
-0.450066 0.650082 0.249892 0.999999 0.000000 -0.000002 0.001411
-0.450065 0.650083 0.249899 0.999999 -0.000001 -0.000001 0.001412
-0.450065 0.650082 0.249904 0.999999 -0.000000 -0.000000 0.001413
-0.450065 0.650082 0.249934 0.999999 -0.000001 -0.000001 0.001413
-0.450066 0.650082 0.249944 0.999999 0.000001 -0.000002 0.001413
-0.450063 0.650082 0.249906 0.999999 0.000000 0.000004 0.001416
-0.450068 0.650083 0.249798 0.999999 -0.000002 -0.000006 0.001419
-0.450066 0.650084 0.249771 0.999999 -0.000003 -0.000003 0.001420
-0.450065 0.650088 0.249815 0.999999 -0.000011 -0.000001 0.001423
-0.450064 0.650086 0.249811 0.999999 -0.000006 0.000002 0.001426
-0.450065 0.650084 0.249828 0.999999 -0.000002 -0.000001 0.001427
-0.450064 0.650082 0.249829 0.999999 0.000001 0.000003 0.001428
-0.450065 0.650083 0.249836 0.999999 -0.000001 -0.000001 0.001429
-0.450065 0.650084 0.249882 0.999999 -0.000002 0.000002 0.001431
-0.450066 0.650081 0.249849 0.999999 0.000004 -0.000001 0.001433
-0.450067 0.650084 0.249850 0.999999 -0.000001 -0.000003 0.001438
-0.450066 0.650083 0.249896 0.999999 0.000001 -0.000002 0.001441
-0.450065 0.650083 0.249925 0.999999 -0.000000 0.000001 0.001442
-0.450066 0.650085 0.249903 0.999999 -0.000004 -0.000000 0.001444
-0.450064 0.650084 0.249900 0.999999 -0.000001 0.000003 0.001448
-0.450065 0.650084 0.249908 0.999999 -0.000001 0.000000 0.001450
-0.450067 0.650083 0.249920 0.999999 0.000001 -0.000003 0.001452
-0.450065 0.650085 0.249948 0.999999 -0.000003 0.000000 0.001453
-0.450065 0.650082 0.249859 0.999999 0.000002 0.000000 0.001455
-0.450065 0.650081 0.249836 0.999999 0.000005 0.000002 0.001457
-0.450066 0.650083 0.249837 0.999999 0.000002 0.000000 0.001459
-0.450065 0.650081 0.249881 0.999999 0.000005 0.000001 0.001464
-0.450067 0.650083 0.249873 0.999999 0.000003 -0.000002 0.001466
-0.450069 0.650082 0.249866 0.999999 0.000004 -0.000006 0.001467
-0.450063 0.650085 0.249849 0.999999 -0.000002 0.000006 0.001469
-0.450066 0.650085 0.249866 0.999999 -0.000001 -0.000000 0.001472
-0.450065 0.650085 0.249880 0.999999 -0.000002 0.000002 0.001474
-0.450065 0.650085 0.249875 0.999999 -0.000001 0.000002 0.001476
-0.450068 0.650083 0.249898 0.999999 0.000003 -0.000003 0.001477
-0.450067 0.650084 0.249903 0.999999 0.000001 -0.000002 0.001479
-0.450067 0.650086 0.249884 0.999999 -0.000003 -0.000000 0.001482
-0.450066 0.650085 0.249901 0.999999 -0.000001 0.000000 0.001484
-0.450067 0.650083 0.249912 0.999999 0.000003 -0.000000 0.001486
-0.450068 0.650083 0.249929 0.999999 0.000004 -0.000002 0.001487
-0.450068 0.650085 0.249901 0.999999 -0.000000 -0.000003 0.001488
-0.450067 0.650086 0.249869 0.999999 -0.000003 0.000001 0.001490
-0.450066 0.650085 0.249887 0.999999 -0.000001 0.000001 0.001491
-0.450067 0.650085 0.249912 0.999999 0.000001 0.000000 0.001492
-0.450068 0.650085 0.249923 0.999999 0.000000 -0.000001 0.001494
-0.450068 0.650085 0.249837 0.999999 0.000001 -0.000002 0.001498
-0.450067 0.650083 0.249871 0.999999 0.000005 -0.000000 0.001502
-0.450066 0.650088 0.249858 0.999999 -0.000005 0.000002 0.001506
-0.450066 0.650082 0.249803 0.999999 0.000008 0.000002 0.001508
-0.450066 0.650086 0.249833 0.999999 -0.000000 0.000002 0.001511
-0.450068 0.650084 0.249916 0.999999 0.000003 -0.000002 0.001513
-0.450071 0.650083 0.249818 0.999999 0.000005 -0.000007 0.001517
-0.450069 0.650086 0.249854 0.999999 0.000000 -0.000003 0.001520
-0.450067 0.650086 0.249905 0.999999 -0.000001 -0.000000 0.001521
-0.450068 0.650085 0.249855 0.999999 0.000003 -0.000002 0.001523
-0.450067 0.650087 0.249898 0.999999 -0.000002 0.000000 0.001525
-0.450066 0.650087 0.249864 0.999999 -0.000002 0.000003 0.001529
-0.450067 0.650084 0.249867 0.999999 0.000004 -0.000000 0.001532
-0.450070 0.650087 0.249800 0.999999 -0.000002 -0.000006 0.001534
-0.450068 0.650085 0.249792 0.999999 0.000003 -0.000003 0.001537
-0.450068 0.650085 0.249852 0.999999 0.000004 -0.000002 0.001540
-0.450068 0.650086 0.249915 0.999999 0.000000 -0.000001 0.001542
-0.450068 0.650086 0.249945 0.999999 0.000001 -0.000001 0.001543
-0.450068 0.650086 0.249879 0.999999 0.000001 -0.000000 0.001546
-0.450069 0.650086 0.249920 0.999999 0.000001 -0.000002 0.001548
-0.450068 0.650088 0.249915 0.999999 -0.000002 -0.000001 0.001549
-0.450067 0.650086 0.249861 0.999999 0.000003 0.000002 0.001552
-0.450069 0.650088 0.249863 0.999999 -0.000001 -0.000002 0.001554
-0.450068 0.650087 0.249872 0.999999 0.000001 -0.000001 0.001557
-0.450068 0.650087 0.249891 0.999999 0.000001 -0.000001 0.001561
-0.450068 0.650087 0.249926 0.999999 0.000001 -0.000001 0.001562
-0.450068 0.650086 0.249924 0.999999 0.000002 -0.000000 0.001563
-0.450069 0.650089 0.249892 0.999999 -0.000004 -0.000001 0.001567
-0.450070 0.650090 0.249816 0.999999 -0.000004 -0.000004 0.001570
-0.450072 0.650081 0.249761 0.999999 0.000012 -0.000009 0.001572
-0.450063 0.650086 0.249743 0.999999 0.000003 0.000010 0.001573
-0.450065 0.650088 0.249753 0.999999 0.000000 0.000006 0.001574
-0.450065 0.650088 0.249810 0.999999 -0.000001 0.000005 0.001576
-0.450068 0.650087 0.249854 0.999999 0.000001 -0.000000 0.001580
-0.450067 0.650090 0.249870 0.999999 -0.000005 0.000002 0.001583
-0.450068 0.650087 0.249877 0.999999 0.000002 -0.000000 0.001586
-0.450067 0.650088 0.249890 0.999999 0.000001 0.000003 0.001588
-0.450068 0.650089 0.249897 0.999999 -0.000001 -0.000001 0.001589
-0.450069 0.650088 0.249954 0.999999 0.000001 -0.000002 0.001591
-0.450069 0.650088 0.249949 0.999999 0.000001 -0.000001 0.001592
-0.450070 0.650087 0.249946 0.999999 0.000003 -0.000003 0.001593
-0.450069 0.650088 0.249953 0.999999 0.000001 -0.000002 0.001595
-0.450069 0.650088 0.249956 0.999999 0.000001 -0.000002 0.001596
-0.450069 0.650088 0.249942 0.999999 0.000002 -0.000001 0.001598
-0.450070 0.650088 0.249880 0.999999 0.000001 -0.000003 0.001601
-0.450067 0.650090 0.249850 0.999999 -0.000002 0.000002 0.001605
-0.450072 0.650088 0.249832 0.999999 0.000002 -0.000005 0.001605
-0.450069 0.650089 0.249882 0.999999 -0.000000 0.000000 0.001607
-0.450070 0.650090 0.249913 0.999999 0.000001 -0.000000 0.001652
-0.450069 0.650091 0.249920 0.999999 -0.000001 0.000000 0.001654
-0.450071 0.650091 0.249892 0.999999 0.000001 -0.000003 0.001657
-0.450071 0.650089 0.249883 0.999999 0.000004 -0.000003 0.001660
-0.450070 0.650091 0.249915 0.999999 -0.000001 -0.000001 0.001664
-0.450070 0.650090 0.249945 0.999999 0.000003 -0.000002 0.001665
-0.450069 0.650091 0.249887 0.999999 0.000000 -0.000000 0.001669
-0.450070 0.650091 0.249899 0.999999 0.000001 -0.000001 0.001672
-0.450070 0.650092 0.249946 0.999999 -0.000000 -0.000001 0.001673
-0.450070 0.650092 0.249868 0.999999 -0.000002 -0.000002 0.001676
-0.450070 0.650093 0.249842 0.999999 -0.000003 -0.000000 0.001679
-0.450069 0.650091 0.249864 0.999999 0.000003 -0.000000 0.001682
-0.450070 0.650092 0.249823 0.999999 -0.000000 -0.000002 0.001685
-0.450069 0.650093 0.249833 0.999999 -0.000003 0.000001 0.001686
-0.450070 0.650094 0.249927 0.999999 -0.000004 0.000000 0.001688
-0.450069 0.650093 0.249916 0.999999 -0.000002 0.000002 0.001691
-0.450069 0.650092 0.249891 0.999999 0.000000 0.000001 0.001692
