-0.080741 0.885999 0.407057
-0.082065 0.885992 0.406982
-0.082137 0.885959 0.406981
-0.083446 0.885801 0.406927
-0.084415 0.885377 0.406918
-0.085322 0.884945 0.406931
-0.087373 0.883606 0.407154
-0.086578 0.882158 0.407541
-0.085058 0.882030 0.407649
-0.082639 0.881247 0.407943
-0.083878 0.881097 0.407904
-0.085370 0.881132 0.407807
-0.087073 0.881302 0.407664
-0.088879 0.881558 0.407487
-0.090727 0.881879 0.407274
-0.089683 0.882132 0.407272
-0.089312 0.882175 0.407291
-0.090848 0.880630 0.407493
-0.090007 0.880373 0.407638
-0.091287 0.878436 0.407962
-0.088712 0.876891 0.408517
-0.085674 0.875555 0.408974
-0.083231 0.874640 0.409276
-0.080922 0.873839 0.409530
-0.078721 0.873112 0.409754
-0.079460 0.872529 0.409785
-0.079155 0.870633 0.410128
-0.080421 0.869224 0.410277
-0.078179 0.866456 0.410873
-0.075377 0.864979 0.411199
-0.072871 0.863838 0.411431
-0.070427 0.862763 0.411630
-0.069922 0.862651 0.411659
-0.068191 0.861530 0.411826
-0.067681 0.861397 0.411856
-0.066551 0.860747 0.411948
-0.068152 0.858944 0.412088
-0.067865 0.858539 0.412150
-0.066148 0.856608 0.412423
-0.065526 0.856325 0.412470
-0.063188 0.854389 0.412714
-0.062604 0.854152 0.412750
-0.060716 0.852665 0.412922
-0.059584 0.852207 0.412983
-0.058319 0.851024 0.413107
-0.057205 0.850559 0.413164
-0.055736 0.849109 0.413313
-0.055195 0.848891 0.413341
-0.053453 0.847456 0.413485
-0.052902 0.847233 0.413511
-0.050933 0.845525 0.413676
-0.050405 0.845314 0.413700
-0.048945 0.844146 0.413803
-0.049677 0.843416 0.413826
-0.050015 0.842770 0.413859
-0.049406 0.840584 0.414025
-0.050114 0.839684 0.414062
-0.050404 0.838890 0.414104
-0.048919 0.835291 0.414350
-0.048290 0.834888 0.414373
-0.045860 0.832385 0.414503
-0.045281 0.832084 0.414516
-0.043171 0.830004 0.414611
-0.042637 0.829753 0.414619
-0.040926 0.828145 0.414683
-0.040394 0.827897 0.414690
-0.038507 0.826043 0.414762
-0.038004 0.825818 0.414768
-0.036223 0.824057 0.414832
-0.035733 0.823843 0.414836
-0.034182 0.822361 0.414880
-0.030858 0.819105 0.415024
-0.034198 0.819395 0.415028
-0.043557 0.822073 0.415152
-0.045581 0.823685 0.415150
-0.046742 0.824549 0.415123
-0.047219 0.825102 0.415122
-0.047510 0.825361 0.415128
-0.047821 0.825290 0.415146
-0.047897 0.825228 0.415161
-0.047845 0.825022 0.415192
-0.047782 0.824822 0.415230
-0.047590 0.824475 0.415271
-0.047662 0.824404 0.415310
-0.047649 0.824297 0.415338
-0.047491 0.823939 0.415379
-0.047284 0.823548 0.415415
-0.047268 0.823247 0.415456
-0.047140 0.822823 0.415483
-0.047196 0.822704 0.415523
-0.047249 0.822646 0.415566
-0.047173 0.822417 0.415590
-0.047136 0.822401 0.415604
-0.048079 0.821889 0.415606
-0.049639 0.820328 0.415694
-0.049628 0.819902 0.415696
-0.049593 0.819365 0.415726
-0.049512 0.819056 0.415741
-0.049471 0.818412 0.415767
-0.049336 0.817945 0.415806
-0.049418 0.817625 0.415841
-0.049407 0.817238 0.415867
-0.049437 0.817108 0.415883
-0.049485 0.816723 0.415927
-0.049598 0.816418 0.415957
-0.049678 0.816230 0.415994
-0.049805 0.816088 0.416031
-0.049827 0.816001 0.416048
-0.050005 0.815873 0.416079
-0.050021 0.815809 0.416095
-0.050198 0.815692 0.416125
-0.050248 0.815646 0.416142
-0.050488 0.815599 0.416188
-0.050571 0.815477 0.416195
-0.050798 0.815293 0.416214
-0.050830 0.815175 0.416232
-0.050963 0.814895 0.416279
-0.050986 0.814809 0.416293
-0.051150 0.814638 0.416324
-0.051209 0.814593 0.416340
-0.051445 0.814544 0.416372
-0.051466 0.814398 0.416380
-0.051648 0.814130 0.416406
-0.051666 0.813962 0.416424
-0.051712 0.813820 0.416443
-0.052730 0.813166 0.416457
-0.053680 0.812538 0.416481
-0.054795 0.811311 0.416584
-0.054831 0.810991 0.416617
-0.054863 0.810464 0.416672
-0.054212 0.808692 0.416791
-0.053644 0.807713 0.416868
-0.053236 0.806991 0.416967
-0.052878 0.805760 0.417055
-0.052638 0.805204 0.417119
-0.052471 0.804582 0.417177
-0.052199 0.804229 0.417246
-0.052157 0.803634 0.417280
-0.051599 0.802620 0.417370
-0.051406 0.801933 0.417429
-0.051189 0.801244 0.417488
-0.051082 0.800638 0.417553
-0.050726 0.800051 0.417619
-0.050627 0.800019 0.417636
-0.050659 0.799979 0.417667
-0.050674 0.799926 0.417683
-0.050752 0.799888 0.417695
-0.051788 0.799342 0.417695
-0.052829 0.798849 0.417698
-0.054047 0.798123 0.417713
-0.054324 0.797766 0.417716
-0.054625 0.797138 0.417729
-0.054678 0.796672 0.417745
-0.054679 0.796469 0.417760
-0.054475 0.796119 0.417785
-0.054452 0.796062 0.417791
-0.054491 0.795716 0.417817
-0.054422 0.795412 0.417827
-0.054273 0.795035 0.417833
-0.054053 0.794582 0.417838
-0.053935 0.794197 0.417859
-0.053795 0.793804 0.417885
-0.053775 0.793690 0.417891
-0.053798 0.793624 0.417891
-0.053835 0.793252 0.417907
-0.053755 0.793181 0.417925
-0.053829 0.793074 0.417931
-0.053823 0.793052 0.417936
-0.053971 0.792985 0.417951
-0.054047 0.792961 0.417959
-0.054305 0.792777 0.417972
-0.054353 0.792751 0.417981
-0.055340 0.792211 0.417983
-0.056289 0.791796 0.418002
-0.057220 0.791126 0.418031
-0.057465 0.790980 0.418041
-0.057895 0.790549 0.418045
-0.057538 0.789827 0.418058
-0.057028 0.789279 0.418052
-0.056763 0.789162 0.418061
-0.056520 0.788983 0.418074
-0.056316 0.788660 0.418066
-0.056222 0.788177 0.418064
-0.055745 0.787686 0.418083
-0.055719 0.787179 0.418075
-0.055327 0.786913 0.418073
-0.055257 0.786589 0.418080
-0.055128 0.786264 0.418099
-0.054909 0.785744 0.418100
-0.054828 0.785546 0.418125
-0.054708 0.785241 0.418125
-0.054661 0.784876 0.418137
-0.054441 0.784779 0.418160
-0.054199 0.784058 0.418186
-0.053999 0.783768 0.418195
-0.053996 0.783623 0.418199
-0.054055 0.783534 0.418201
-0.054137 0.783353 0.418214
-0.054221 0.783328 0.418222
-0.054337 0.783291 0.418243
-0.054460 0.783249 0.418252
-0.054686 0.783081 0.418264
-0.054789 0.783054 0.418277
-0.054899 0.783011 0.418288
-0.055963 0.782398 0.418293
-0.056940 0.781945 0.418313
-0.057502 0.781654 0.418335
-0.058804 0.780841 0.418355
-0.060016 0.780333 0.418379
-0.061445 0.779411 0.418416
-0.061499 0.778744 0.418335
-0.060962 0.777970 0.418241
-0.060624 0.777878 0.418227
-0.060404 0.777955 0.418211
-0.060400 0.777820 0.418193
-0.060315 0.777422 0.418166
-0.060385 0.777279 0.418156
-0.060318 0.777135 0.418137
-0.060234 0.776954 0.418127
-0.060244 0.776637 0.418129
-0.059837 0.776281 0.418130
-0.059527 0.775875 0.418104
-0.059462 0.775275 0.418129
-0.058893 0.774549 0.418125
-0.058660 0.773876 0.418133
-0.058411 0.773581 0.418128
-0.058293 0.773124 0.418135
-0.057959 0.773124 0.418157
-0.058090 0.772690 0.418171
-0.057836 0.772458 0.418170
-0.057692 0.771883 0.418162
-0.057554 0.771855 0.418181
-0.057556 0.771841 0.418198
-0.057586 0.771723 0.418204
-0.057580 0.771769 0.418233
-0.057531 0.771638 0.418235
-0.057451 0.771361 0.418244
-0.057496 0.770862 0.418223
-0.057274 0.769943 0.418186
-0.057037 0.769188 0.418206
-0.056582 0.769046 0.418229
-0.056524 0.768684 0.418233
-0.056285 0.767858 0.418207
-0.056156 0.767754 0.418213
-0.056011 0.767392 0.418208
-0.056023 0.767349 0.418216
-0.056104 0.767235 0.418225
-0.057144 0.766580 0.418249
-0.058172 0.766069 0.418285
-0.059174 0.765437 0.418332
-0.059389 0.765330 0.418352
-0.059584 0.765103 0.418368
-0.059669 0.764991 0.418370
-0.059808 0.764769 0.418372
-0.059895 0.764734 0.418371
-0.060027 0.764507 0.418371
-0.060156 0.764491 0.418383
-0.060247 0.764251 0.418410
-0.060001 0.763496 0.418361
-0.059435 0.762486 0.418319
-0.059194 0.762553 0.418340
-0.059129 0.762221 0.418331
-0.059115 0.761981 0.418348
-0.059000 0.761569 0.418329
-0.059932 0.760976 0.418357
-0.061359 0.760200 0.418421
-0.062635 0.759432 0.418455
-0.064231 0.758310 0.418479
-0.065574 0.757473 0.418498
-0.067760 0.755711 0.418490
-0.067542 0.755135 0.418325
-0.067511 0.755012 0.418297
-0.067654 0.754654 0.418248
-0.067657 0.754437 0.418222
-0.067660 0.753977 0.418163
-0.067589 0.753759 0.418156
-0.067493 0.753454 0.418145
-0.067463 0.753366 0.418141
-0.067533 0.753151 0.418138
-0.067556 0.753096 0.418142
-0.067651 0.752969 0.418150
-0.067624 0.752949 0.418175
-0.067677 0.752750 0.418168
-0.067672 0.752779 0.418166
-0.067525 0.752757 0.418150
-0.067493 0.752661 0.418140
-0.067308 0.752574 0.418120
-0.067117 0.752287 0.418099
-0.066894 0.752021 0.418064
-0.066823 0.751430 0.418034
-0.066685 0.751264 0.418027
-0.066281 0.751045 0.418029
-0.067239 0.750338 0.418073
-0.068140 0.749708 0.418117
-0.068546 0.749254 0.418141
-0.069708 0.748397 0.418205
-0.070682 0.747552 0.418246
-0.071341 0.746419 0.418243
-0.071360 0.745829 0.418204
-0.071254 0.745425 0.418161
-0.070701 0.744317 0.418049
-0.070475 0.744020 0.418012
-0.070031 0.743401 0.417946
-0.069809 0.743108 0.417910
-0.069215 0.742311 0.417833
-0.068982 0.742093 0.417810
-0.068588 0.741659 0.417777
-0.068404 0.741508 0.417762
-0.068074 0.741098 0.417732
-0.067900 0.740904 0.417717
-0.067630 0.740450 0.417703
-0.067505 0.740259 0.417687
-0.067177 0.739706 0.417656
-0.067027 0.739443 0.417637
-0.066677 0.738878 0.417611
-0.066484 0.738645 0.417589
-0.066444 0.738319 0.416770
-0.066385 0.738051 0.416104
-0.066259 0.737667 0.415665
-0.066191 0.737282 0.414587
-0.066096 0.736727 0.413750
-0.065919 0.736337 0.413213
-0.065806 0.735758 0.412071
-0.065620 0.735301 0.411199
-0.065557 0.734676 0.409844
-0.065478 0.734051 0.408839
-0.065242 0.732681 0.407818
-0.065000 0.732210 0.407574
-0.064756 0.731682 0.407424
-0.064654 0.730893 0.407359
-0.064570 0.730111 0.407339
-0.064625 0.729350 0.407371
-0.064560 0.728741 0.407413
-0.064429 0.728162 0.407448
-0.063943 0.727173 0.407506
-0.063746 0.726699 0.407527
-0.063266 0.725620 0.407537
-0.062984 0.725175 0.407556
-0.062365 0.724438 0.407574
-0.062106 0.723937 0.407575
-0.061853 0.723545 0.407575
-0.062631 0.722665 0.407603
-0.063371 0.721893 0.407643
-0.064825 0.720621 0.407690
-0.065948 0.719629 0.407725
-0.066904 0.718006 0.407725
-0.067015 0.717281 0.407695
-0.066888 0.716024 0.407652
-0.066645 0.715485 0.407626
-0.066213 0.714299 0.407580
-0.065912 0.713840 0.407560
-0.065325 0.712904 0.407525
-0.065101 0.712491 0.407515
-0.064540 0.711251 0.407494
-0.064415 0.710691 0.407474
-0.064071 0.709918 0.407459
-0.063899 0.709557 0.407449
-0.063732 0.709154 0.407438
-0.063697 0.708645 0.406645
-0.063554 0.708155 0.406002
-0.063145 0.707514 0.405356
-0.063003 0.707145 0.405193
-0.062774 0.706599 0.405050
-0.062615 0.706340 0.405006
-0.063494 0.705483 0.405001
-0.064339 0.704637 0.405020
-0.064920 0.703383 0.405033
-0.064953 0.702782 0.405037
-0.064795 0.701590 0.405022
-0.064649 0.701106 0.405013
-0.064140 0.700333 0.404973
-0.063967 0.699825 0.404947
-0.063604 0.698934 0.404905
-0.063417 0.698478 0.404885
-0.063030 0.697437 0.404839
-0.062848 0.696941 0.404836
-0.062152 0.695912 0.404834
-0.061980 0.695556 0.404838
-0.061516 0.694984 0.404837
-0.061390 0.694587 0.404835
-0.061130 0.693737 0.404823
-0.060575 0.692123 0.404832
-0.060278 0.690918 0.404879
-0.059853 0.690104 0.404916
-0.059689 0.688855 0.404922
-0.059099 0.688466 0.404971
-0.059082 0.687163 0.404949
-0.058791 0.686279 0.405003
-0.058748 0.685662 0.405052
-0.058513 0.684407 0.405056
-0.058177 0.683439 0.405056
-0.057990 0.682476 0.405071
-0.057546 0.681174 0.405074
-0.057389 0.679823 0.405098
-0.056924 0.679209 0.405122
-0.056829 0.678126 0.405125
-0.056616 0.677190 0.405144
-0.056364 0.676279 0.405176
-0.056166 0.675392 0.405158
-0.056131 0.674056 0.405159
-0.055993 0.672176 0.405164
-0.055502 0.670884 0.405176
-0.055278 0.669425 0.405163
-0.055118 0.669262 0.405184
-0.054888 0.668883 0.405209
-0.054858 0.668682 0.405219
-0.054687 0.667952 0.405262
-0.054663 0.666915 0.405264
-0.054392 0.665946 0.405278
-0.054131 0.664838 0.405252
-0.053795 0.663228 0.405277
-0.053503 0.662077 0.405296
-0.053177 0.661454 0.405340
-0.052786 0.661367 0.405357
-0.052892 0.660149 0.405327
-0.052700 0.659028 0.405306
-0.052164 0.658042 0.405326
-0.051795 0.656855 0.405343
-0.051583 0.655488 0.405358
-0.051297 0.653593 0.405338
-0.050844 0.652974 0.405366
-0.050614 0.651946 0.405380
-0.050260 0.651228 0.405414
-0.050246 0.650346 0.405449
-0.050029 0.649915 0.405470
-0.050007 0.648991 0.405475
-0.049805 0.647912 0.405468
-0.049640 0.646579 0.405468
-0.049322 0.645169 0.405489
-0.049212 0.644037 0.405511
-0.048831 0.643709 0.405545
-0.048665 0.643676 0.405560
-0.048677 0.643613 0.405559
-0.048806 0.643471 0.404817
-0.049114 0.641847 0.403398
-0.049054 0.639832 0.403331
-0.048680 0.638583 0.403391
-0.048523 0.636395 0.403442
-0.049524 0.635363 0.403471
-0.051431 0.633359 0.403583
-0.051647 0.632119 0.403563
-0.051589 0.630762 0.403536
-0.051401 0.629628 0.403526
-0.051290 0.628634 0.403539
-0.051203 0.626745 0.403562
-0.051031 0.625563 0.403575
-0.050924 0.624383 0.403599
-0.050946 0.623962 0.403602
-0.050899 0.623469 0.403628
-0.050962 0.621603 0.403666
-0.050594 0.620771 0.403744
-0.050504 0.619127 0.403784
-0.050574 0.615642 0.403804
-0.050510 0.611559 0.403875
-0.050321 0.607769 0.403960
-0.049862 0.605697 0.404032
-0.049466 0.602951 0.404077
-0.049044 0.601456 0.404139
-0.048646 0.600824 0.404177
-0.048650 0.599839 0.404179
-0.048386 0.599018 0.404189
-0.048462 0.597724 0.404194
-0.048531 0.596101 0.404237
-0.048251 0.595365 0.404272
-0.048274 0.594577 0.404284
-0.048299 0.593414 0.404302
-0.048228 0.592160 0.404313
-0.047997 0.591831 0.404328
-0.047893 0.591381 0.404343
-0.047871 0.591293 0.404349
-0.047986 0.590905 0.404362
-0.048034 0.590326 0.404392
-0.047975 0.589679 0.404424
-0.047966 0.588421 0.404449
-0.047756 0.588058 0.404474
-0.047695 0.587286 0.404484
-0.047785 0.586271 0.404496
-0.047985 0.584416 0.404502
-0.047952 0.582785 0.404520
-0.047930 0.580704 0.404542
-0.047871 0.579070 0.404545
-0.048069 0.575973 0.404559
-0.047808 0.574884 0.404620
-0.047558 0.573927 0.404648
-0.047296 0.573611 0.404680
-0.047103 0.573707 0.404715
-0.046867 0.574277 0.404720
-0.047272 0.572923 0.404703
-0.047145 0.572416 0.404733
-0.046874 0.572633 0.404762
-0.046761 0.572792 0.404775
-0.046661 0.573146 0.404782
-0.046767 0.572787 0.404776
-0.046815 0.572353 0.404782
-0.046752 0.572164 0.404780
-0.046855 0.571476 0.404763
-0.046956 0.571082 0.404755
-0.046952 0.571013 0.404767
-0.047038 0.570712 0.404769
-0.047168 0.570339 0.404773
-0.048435 0.569219 0.404783
-0.049565 0.568151 0.404811
-0.050820 0.566573 0.404862
-0.051153 0.565927 0.404877
-0.051670 0.564537 0.404898
-0.051753 0.563992 0.404899
-0.051959 0.562826 0.404908
-0.052045 0.562161 0.404909
-0.052100 0.561132 0.404925
-0.052105 0.560645 0.404944
-0.052282 0.559451 0.404977
-0.052311 0.558898 0.404996
-0.052505 0.557619 0.405037
-0.052522 0.557058 0.405049
-0.052493 0.556294 0.405096
-0.052309 0.556324 0.405123
-0.052159 0.556239 0.405171
-0.052236 0.555347 0.405225
-0.052172 0.555017 0.405258
-0.052244 0.554305 0.405271
-0.052537 0.552434 0.405269
-0.052533 0.551333 0.405310
-0.052592 0.549956 0.405307
-0.052720 0.548633 0.405332
-0.052308 0.548843 0.405401
-0.052400 0.548200 0.405417
-0.052120 0.548409 0.405441
-0.052133 0.548260 0.405444
-0.052415 0.546820 0.405424
-0.052332 0.546233 0.405422
-0.052285 0.546151 0.405424
-0.053920 0.545656 0.405503
-0.054545 0.545301 0.405516
-0.057158 0.543960 0.405592
-0.058760 0.544190 0.405638
-0.059822 0.542376 0.405541
-0.060048 0.541033 0.405484
-0.059976 0.540406 0.405457
-0.059599 0.540631 0.405452
-0.059528 0.540659 0.405436
-0.059766 0.539631 0.405424
-0.059261 0.540825 0.405453
-0.059551 0.540196 0.405416
-0.059661 0.539443 0.405428
-0.059284 0.540307 0.405443
-0.059545 0.539528 0.405429
-0.059596 0.539033 0.405445
-0.059554 0.538663 0.405442
-0.059689 0.537809 0.405435
-0.059279 0.538482 0.405457
-0.059509 0.537719 0.405447
-0.059308 0.537941 0.405463
-0.059246 0.538005 0.405472
-0.059259 0.537795 0.405472
-0.059194 0.537887 0.405470
-0.059229 0.537794 0.405469
-0.059299 0.537652 0.405470
-0.059305 0.537626 0.405486
-0.059322 0.537641 0.405495
-0.059439 0.537457 0.405511
-0.059482 0.537387 0.405520
-0.059644 0.536905 0.405543
-0.059882 0.535785 0.405570
-0.059890 0.535115 0.405602
-0.059923 0.534592 0.405621
-0.059725 0.534771 0.405664
-0.059734 0.534664 0.405667
-0.059670 0.534767 0.405679
-0.059791 0.534351 0.405686
-0.059638 0.534613 0.405711
-0.059681 0.534510 0.405705
-0.061613 0.533458 0.405798
-0.063467 0.531165 0.405843
-0.063723 0.529970 0.405813
-0.063661 0.529969 0.405812
-0.063627 0.529999 0.405818
-0.063646 0.529934 0.405820
-0.063807 0.529575 0.405826
-0.063886 0.529351 0.405833
-0.063793 0.529559 0.405863
-0.063884 0.529339 0.405866
-0.063899 0.529393 0.405892
-0.064013 0.529158 0.405904
-0.063930 0.529387 0.405932
-0.064105 0.529022 0.405935
-0.064133 0.529056 0.405966
-0.064354 0.528348 0.406020
-0.064413 0.528151 0.406022
-0.064627 0.527618 0.406033
-0.064587 0.527608 0.406046
-0.064649 0.527425 0.406058
-0.065585 0.526967 0.406119
-0.066419 0.526615 0.406183
-0.067099 0.526207 0.406227
-0.068513 0.525432 0.406310
-0.069735 0.524638 0.406382
-0.071634 0.522313 0.406446
-0.072137 0.521513 0.406467
-0.072699 0.520358 0.406499
-0.072844 0.519913 0.406503
-0.073930 0.518847 0.406569
-0.074851 0.518090 0.406649
-0.076261 0.517335 0.406776
-0.077653 0.516151 0.406872
-0.078752 0.514967 0.406939
-0.080467 0.513390 0.407055
-0.081740 0.512298 0.407160
-0.082460 0.511870 0.407233
-0.083913 0.510890 0.407352
-0.085246 0.509769 0.407451
-0.086241 0.508776 0.407527
-0.087936 0.507150 0.407664
-0.089293 0.505864 0.407785
-0.090160 0.505057 0.407870
-0.091602 0.503969 0.408017
-0.092838 0.502963 0.408148
-0.093615 0.502437 0.408234
-0.094938 0.501723 0.408378
-0.096149 0.500888 0.408512
-0.098012 0.499221 0.408702
-0.099598 0.497609 0.408876
-0.101560 0.495717 0.409115
-0.103152 0.493990 0.409323
-0.104921 0.492483 0.409566
-0.106482 0.490832 0.409788
-0.107629 0.489378 0.409948
-0.109176 0.487785 0.410177
-0.110477 0.486417 0.410387
-0.112204 0.484681 0.410662
-0.113618 0.483183 0.410902
-0.114624 0.481998 0.411081
-0.116135 0.480342 0.411336
-0.117326 0.479138 0.411565
-0.118157 0.478259 0.411725
-0.119499 0.476969 0.411970
-0.120625 0.475898 0.412194
-0.121500 0.474882 0.412365
-0.122851 0.473545 0.412620
-0.124084 0.472077 0.412856
-0.124917 0.471049 0.413028
-0.126276 0.469554 0.413306
-0.127435 0.468198 0.413552
-0.129061 0.466197 0.413892
-0.130435 0.464513 0.414209
-0.132127 0.462601 0.414592
-0.133418 0.461311 0.414918
-0.134353 0.460342 0.415164
-0.135768 0.458755 0.415505
-0.136980 0.457271 0.415819
-0.138536 0.455414 0.416210
-0.139816 0.453892 0.416547
-0.140664 0.452962 0.416793
-0.142002 0.451262 0.417143
-0.143103 0.449865 0.417447
-0.144488 0.448415 0.417820
-0.145675 0.447148 0.418152
-0.147147 0.445589 0.418567
-0.148364 0.444273 0.418922
-0.149247 0.443409 0.419177
-0.150550 0.441959 0.419538
-0.151614 0.440813 0.419852
-0.152393 0.440058 0.420085
-0.153579 0.438767 0.420431
-0.154584 0.437689 0.420736
-0.155326 0.436885 0.420972
-0.156442 0.435813 0.421313
-0.157392 0.434822 0.421610
-0.158771 0.433018 0.422027
-0.159860 0.432006 0.422370
-0.161223 0.430612 0.422800
-0.162377 0.429568 0.423168
-0.163262 0.428798 0.423447
-0.164482 0.427680 0.423838
-0.165491 0.426847 0.424174
-0.166313 0.426145 0.424446
-0.167524 0.424882 0.424844
-0.168565 0.423590 0.425204
-0.169320 0.422923 0.425459
-0.170439 0.421613 0.425843
-0.171416 0.420326 0.426202
-0.172140 0.419524 0.426464
-0.173194 0.418135 0.426855
-0.175515 0.415262 0.427797
-0.176313 0.413766 0.428177
-0.176549 0.412403 0.428368
-0.176649 0.411061 0.428541
-0.176554 0.410500 0.428614
-0.176556 0.410308 0.428634
-0.176571 0.410164 0.428674
-0.176637 0.410238 0.428694
-0.176744 0.409847 0.428748
-0.176781 0.409535 0.428781
-0.176890 0.409329 0.428849
-0.176949 0.409608 0.428863
-0.177015 0.409709 0.428862
-0.177125 0.409930 0.428880
-0.177237 0.410068 0.428884
-0.177280 0.409791 0.428900
-0.178268 0.407688 0.429310
-0.179070 0.406098 0.429713
-0.179456 0.405095 0.429896
-0.179570 0.405008 0.429963
-0.179760 0.405125 0.430018
-0.179881 0.405179 0.430053
-0.180047 0.404957 0.430111
-0.180144 0.405091 0.430135
-0.180186 0.405015 0.430145
-0.180592 0.404688 0.428567
-0.180714 0.404733 0.428102
-0.181198 0.404619 0.426017
-0.181741 0.404224 0.424604
-0.182064 0.403961 0.424555
-0.182309 0.404588 0.424572
-0.182428 0.404079 0.424617
-0.182464 0.403956 0.424634
-0.182813 0.403530 0.423058
-0.182941 0.403334 0.422609
-0.183388 0.402706 0.420553
-0.183541 0.402699 0.419966
-0.183979 0.402437 0.417749
-0.184163 0.402307 0.417158
-0.184639 0.402009 0.414918
-0.185358 0.401541 0.413496
-0.185653 0.401441 0.413398
-0.185820 0.401547 0.413408
-0.185971 0.402017 0.413394
-0.186282 0.402119 0.413475
-0.186346 0.402177 0.413488
-0.186603 0.402100 0.413550
-0.187012 0.401772 0.413668
-0.187195 0.401285 0.413722
-0.187237 0.401649 0.413724
-0.187334 0.401714 0.413741
-0.187466 0.401675 0.413775
-0.187666 0.401539 0.413832
-0.187790 0.401583 0.413867
-0.187959 0.401370 0.413915
-0.187988 0.401502 0.413918
-0.188107 0.401497 0.413941
-0.188263 0.401607 0.413962
-0.188440 0.401142 0.414028
-0.188537 0.401129 0.414051
-0.188623 0.400814 0.414091
-0.188669 0.400672 0.414116
-0.188791 0.400720 0.414146
-0.188972 0.400863 0.414180
-0.189006 0.400760 0.414195
-0.189946 0.398782 0.414529
-0.190282 0.398291 0.414643
-0.190973 0.397287 0.414874
-0.191597 0.396481 0.415090
-0.193270 0.394560 0.415639
-0.193913 0.394154 0.415819
-0.195671 0.392191 0.416386
-0.198081 0.391680 0.416988
-0.199038 0.391762 0.417168
-0.199779 0.392255 0.417262
-0.200272 0.393181 0.417289
-0.200690 0.393100 0.417365
-0.201040 0.393145 0.417420
-0.201282 0.393349 0.417449
-0.201434 0.393399 0.417474
-0.201559 0.393252 0.417504
-0.201775 0.393401 0.417546
-0.201919 0.393554 0.417564
-0.202084 0.393558 0.417578
-0.202294 0.393556 0.417614
-0.202542 0.393401 0.417647
-0.202714 0.393624 0.417673
-0.203120 0.394163 0.417689
-0.203165 0.394080 0.417700
-0.204034 0.392268 0.418048
-0.204351 0.391821 0.418167
-0.205613 0.390055 0.418645
-0.207316 0.389101 0.419164
-0.207961 0.389311 0.419268
-0.208346 0.388986 0.419324
-0.208525 0.389075 0.419354
-0.208640 0.388799 0.419380
-0.208847 0.388894 0.419406
-0.208993 0.388747 0.419428
-0.209063 0.388418 0.419456
-0.209091 0.388055 0.419488
-0.209235 0.388315 0.419487
-0.209374 0.388456 0.419504
-0.209524 0.388429 0.419534
-0.209771 0.388419 0.419570
-0.209963 0.388597 0.419601
-0.210147 0.388821 0.419597
-0.210317 0.388739 0.418686
-0.210472 0.388787 0.417906
-0.210929 0.388727 0.415416
-0.211101 0.388837 0.414741
-0.211523 0.388697 0.412359
-0.212320 0.389586 0.410714
-0.213018 0.390484 0.410590
-0.213805 0.391100 0.410598
-0.214448 0.391878 0.410631
-0.215130 0.392716 0.410625
-0.215474 0.392855 0.410651
-0.215779 0.393371 0.410625
-0.215963 0.393296 0.410650
-0.216136 0.393383 0.410655
-0.216304 0.393491 0.410665
-0.216574 0.393833 0.410669
-0.216870 0.394003 0.410675
-0.217135 0.393940 0.410701
-0.217423 0.394169 0.410708
-0.217747 0.394571 0.410741
-0.218099 0.395010 0.410750
-0.218074 0.394493 0.410762
-0.218268 0.394556 0.410805
-0.218448 0.394603 0.410799
-0.218641 0.394777 0.410805
-0.218746 0.394625 0.410814
-0.218871 0.394786 0.410796
-0.218912 0.394764 0.410782
-0.219146 0.394996 0.410793
-0.219393 0.395175 0.410799
-0.219548 0.395187 0.410783
-0.219606 0.395202 0.410784
-0.219709 0.394951 0.409867
-0.219815 0.394761 0.409103
-0.220016 0.394227 0.406624
-0.220460 0.394103 0.405044
-0.220847 0.394380 0.404891
-0.221118 0.394124 0.404911
-0.221376 0.394007 0.404914
-0.221766 0.394683 0.404909
-0.222117 0.394924 0.404900
-0.222349 0.395028 0.404933
-0.222623 0.395103 0.404958
-0.223022 0.395517 0.404951
-0.223358 0.396103 0.404946
-0.223826 0.396237 0.404971
-0.224244 0.396410 0.404978
-0.224438 0.396281 0.405021
-0.224594 0.396257 0.405019
-0.224727 0.396265 0.405007
-0.224796 0.396377 0.405010
-0.225651 0.394749 0.405347
-0.226930 0.393513 0.405715
-0.228168 0.395704 0.405628
-0.228691 0.395745 0.405643
-0.229245 0.395721 0.405711
-0.229914 0.396575 0.405684
-0.230628 0.397406 0.405706
-0.231375 0.398031 0.405731
-0.232420 0.398541 0.405869
-0.233766 0.399854 0.405825
-0.234925 0.400610 0.405899
-0.235832 0.401183 0.405825
-0.237115 0.401886 0.405867
-0.237958 0.402214 0.405877
-0.238711 0.402777 0.405915
-0.239505 0.403095 0.405965
-0.240217 0.403292 0.405984
-0.240483 0.403437 0.405945
-0.240968 0.402610 0.406113
-0.241884 0.401262 0.406435
-0.242635 0.400223 0.406682
-0.244588 0.398148 0.407220
-0.245885 0.397818 0.407387
-0.247104 0.398603 0.407429
-0.248416 0.398995 0.407481
-0.249209 0.399173 0.407480
-0.250258 0.399828 0.407486
-0.250839 0.399539 0.407528
-0.251287 0.398604 0.407727
-0.252259 0.397518 0.408063
-0.253027 0.396379 0.408354
-0.254535 0.395051 0.408770
-0.255531 0.393776 0.409070
-0.257589 0.393056 0.409481
-0.258787 0.391967 0.409821
-0.260953 0.390643 0.410347
-0.262203 0.389415 0.410750
-0.266291 0.387988 0.411628
-0.269098 0.387738 0.412026
-0.272166 0.387504 0.412207
-0.274722 0.388283 0.412116
-0.277373 0.389504 0.412090
-0.280407 0.391452 0.412079
-0.283157 0.392575 0.411831
-0.285625 0.393821 0.411698
-0.287913 0.394516 0.411789
-0.290023 0.394721 0.411945
-0.293063 0.395562 0.411985
-0.295608 0.396301 0.412048
