-0.800020 1.000023 0.249954 1.000000 -0.000002 -0.000002 0.000051
-0.800018 1.000020 0.249813 1.000000 0.000005 0.000003 0.000054
-0.800022 1.000025 0.249794 1.000000 -0.000005 -0.000005 0.000054
-0.800017 1.000023 0.249785 1.000000 -0.000001 0.000004 0.000056
-0.800022 1.000021 0.249808 1.000000 0.000004 -0.000004 0.000056
-0.800019 1.000024 0.249820 1.000000 -0.000001 0.000001 0.000057
-0.800021 1.000024 0.249841 1.000000 -0.000003 -0.000002 0.000059
-0.800021 1.000026 0.249761 1.000000 -0.000003 -0.000000 0.000069
-0.800021 1.000026 0.249776 1.000000 -0.000004 0.000002 0.000071
-0.800024 1.000026 0.249837 1.000000 -0.000002 -0.000003 0.000079
-0.800024 1.000023 0.249820 1.000000 0.000005 -0.000002 0.000083
-0.800023 1.000027 0.249857 1.000000 -0.000003 0.000002 0.000086
-0.800026 1.000026 0.249902 1.000000 -0.000001 -0.000003 0.000089
-0.800023 1.000027 0.249919 1.000000 -0.000002 0.000003 0.000091
-0.800026 1.000025 0.249910 1.000000 0.000001 -0.000002 0.000094
-0.800025 1.000025 0.249929 1.000000 0.000002 -0.000001 0.000096
-0.800026 1.000025 0.249924 1.000000 0.000003 -0.000003 0.000097
-0.800024 1.000026 0.249870 1.000000 0.000001 0.000003 0.000100
-0.800025 1.000028 0.249866 1.000000 -0.000002 -0.000001 0.000101
-0.800026 1.000028 0.249920 1.000000 -0.000002 -0.000002 0.000101
-0.800026 1.000026 0.249938 1.000000 0.000002 -0.000001 0.000104
-0.800026 1.000027 0.249897 1.000000 0.000001 -0.000001 0.000107
-0.800025 1.000029 0.249891 1.000000 -0.000003 0.000003 0.000108
-0.800028 1.000029 0.249790 1.000000 -0.000003 -0.000003 0.000108
-0.800027 1.000029 0.249824 1.000000 -0.000003 0.000000 0.000112
-0.800024 1.000028 0.249826 1.000000 -0.000000 0.000005 0.000112
-0.800026 1.000028 0.249871 1.000000 -0.000000 0.000001 0.000115
-0.800025 1.000027 0.249893 1.000000 0.000002 0.000003 0.000116
-0.800026 1.000030 0.249831 1.000000 -0.000002 0.000002 0.000118
-0.800028 1.000028 0.249807 1.000000 0.000002 -0.000000 0.000119
-0.800029 1.000030 0.249858 1.000000 -0.000001 0.000001 0.000120
-0.800028 1.000029 0.249919 1.000000 0.000001 0.000001 0.000123
-0.800028 1.000031 0.249925 1.000000 -0.000002 0.000003 0.000123
-0.800029 1.000030 0.249926 1.000000 -0.000000 0.000000 0.000125
-0.800030 1.000031 0.249930 1.000000 -0.000002 -0.000002 0.000126
-0.800030 1.000030 0.249900 1.000000 0.000000 0.000000 0.000126
-0.800031 1.000030 0.249937 1.000000 -0.000000 -0.000002 0.000127
-0.800030 1.000031 0.249944 1.000000 -0.000002 -0.000001 0.000127
-0.800030 1.000031 0.249940 1.000000 -0.000002 -0.000001 0.000128
-0.800031 1.000031 0.249935 1.000000 -0.000002 -0.000001 0.000128
-0.800030 1.000032 0.249919 1.000000 -0.000003 0.000000 0.000131
-0.800031 1.000031 0.249921 1.000000 -0.000001 -0.000001 0.000131
-0.800032 1.000029 0.249910 1.000000 0.000003 -0.000003 0.000134
-0.800029 1.000032 0.249867 1.000000 -0.000003 0.000003 0.000134
-0.800032 1.000032 0.249855 1.000000 -0.000002 -0.000001 0.000135
-0.800031 1.000029 0.249854 1.000000 0.000003 0.000000 0.000136
-0.800028 1.000032 0.249794 1.000000 -0.000001 0.000006 0.000138
-0.800032 1.000032 0.249808 1.000000 -0.000002 -0.000002 0.000138
-0.800029 1.000033 0.249827 1.000000 -0.000002 0.000005 0.000140
-0.800034 1.000031 0.249828 1.000000 0.000001 -0.000004 0.000141
-0.800032 1.000030 0.249774 1.000000 0.000003 -0.000000 0.000143
-0.800032 1.000036 0.249769 1.000000 -0.000007 0.000000 0.000143
-0.800028 1.000031 0.249775 1.000000 0.000003 0.000008 0.000144
-0.800029 1.000033 0.249767 1.000000 -0.000002 0.000006 0.000145
-0.800032 1.000038 0.249758 1.000000 -0.000011 0.000001 0.000145
-0.800034 1.000032 0.249746 1.000000 0.000000 -0.000004 0.000145
-0.800031 1.000033 0.249752 1.000000 -0.000001 0.000003 0.000146
-0.800032 1.000036 0.249764 1.000000 -0.000006 0.000001 0.000146
-0.800031 1.000033 0.249806 1.000000 -0.000001 0.000003 0.000147
-0.800033 1.000035 0.249817 1.000000 -0.000005 -0.000000 0.000148
-0.800036 1.000036 0.249780 1.000000 -0.000007 -0.000006 0.000150
-0.800034 1.000032 0.249772 1.000000 0.000003 -0.000002 0.000150
-0.800034 1.000034 0.249777 1.000000 -0.000002 -0.000001 0.000153
-0.800034 1.000032 0.249779 1.000000 0.000002 -0.000001 0.000153
-0.800035 1.000038 0.249764 1.000000 -0.000010 -0.000003 0.000155
-0.800030 1.000039 0.249763 1.000000 -0.000011 0.000006 0.000155
-0.800035 1.000033 0.249850 1.000000 0.000001 -0.000002 0.000157
-0.800035 1.000033 0.249884 1.000000 0.000001 -0.000002 0.000157
-0.800035 1.000031 0.249846 1.000000 0.000006 -0.000002 0.000159
-0.800037 1.000034 0.249841 1.000000 -0.000001 -0.000006 0.000160
-0.800035 1.000033 0.249843 1.000000 0.000003 -0.000001 0.000160
-0.345041 0.660043 0.249879 1.000000 -0.000002 0.000001 0.000307
-0.345042 0.660042 0.249879 1.000000 0.000000 -0.000001 0.000307
-0.345042 0.660041 0.249886 1.000000 0.000002 -0.000002 0.000309
-0.345041 0.660040 0.249928 1.000000 0.000003 0.000000 0.000310
-0.345042 0.660042 0.249903 1.000000 0.000001 -0.000001 0.000313
-0.345040 0.660041 0.249893 1.000000 0.000002 0.000001 0.000316
-0.345043 0.660043 0.249941 1.000000 -0.000001 -0.000003 0.000317
-0.345042 0.660042 0.249914 1.000000 -0.000000 -0.000002 0.000319
-0.345042 0.660040 0.249893 1.000000 0.000004 -0.000002 0.000321
-0.345041 0.660043 0.249919 1.000000 -0.000002 0.000000 0.000322
-0.345041 0.660042 0.249951 1.000000 0.000001 -0.000001 0.000323
-0.345040 0.660042 0.249948 1.000000 0.000001 0.000002 0.000323
-0.345041 0.660043 0.249888 1.000000 -0.000000 0.000000 0.000325
-0.345042 0.660042 0.249937 1.000000 0.000000 -0.000003 0.000326
-0.345041 0.660043 0.249935 1.000000 0.000000 -0.000001 0.000327
-0.345039 0.660042 0.249849 1.000000 0.000002 0.000003 0.000329
-0.345041 0.660039 0.249828 1.000000 0.000007 -0.000001 0.000333
-0.345042 0.660042 0.249825 1.000000 0.000002 -0.000004 0.000336
-0.345042 0.660049 0.249793 1.000000 -0.000012 -0.000003 0.000339
-0.345041 0.660044 0.249781 1.000000 -0.000003 -0.000001 0.000342
-0.345040 0.660046 0.249777 1.000000 -0.000006 0.000000 0.000344
-0.345040 0.660048 0.249784 1.000000 -0.000010 -0.000000 0.000344
-0.345040 0.660048 0.249804 1.000000 -0.000010 -0.000001 0.000345
-0.345040 0.660040 0.249814 1.000000 0.000007 0.000000 0.000347
-0.345042 0.660042 0.249812 1.000000 0.000003 -0.000005 0.000347
-0.345040 0.660041 0.249787 1.000000 0.000004 0.000001 0.000348
-0.345040 0.660046 0.249776 1.000000 -0.000005 -0.000000 0.000348
-0.345041 0.660040 0.249782 1.000000 0.000005 -0.000001 0.000349
-0.345039 0.660040 0.249789 1.000000 0.000007 0.000002 0.000350
-0.345041 0.660045 0.249779 1.000000 -0.000003 -0.000001 0.000351
-0.345042 0.660046 0.249771 1.000000 -0.000006 -0.000003 0.000351
-0.345037 0.660043 0.249770 1.000000 0.000001 0.000007 0.000351
-0.345041 0.660040 0.249765 1.000000 0.000006 -0.000002 0.000352
-0.345042 0.660041 0.249770 1.000000 0.000005 -0.000005 0.000352
-0.345040 0.660045 0.249783 1.000000 -0.000003 0.000000 0.000352
-0.345040 0.660040 0.249811 1.000000 0.000007 -0.000000 0.000353
-0.345041 0.660040 0.249813 1.000000 0.000006 -0.000002 0.000353
-0.345037 0.660043 0.249798 1.000000 0.000001 0.000006 0.000355
-0.345041 0.660049 0.249785 1.000000 -0.000011 -0.000001 0.000355
-0.345037 0.660043 0.249773 1.000000 0.000000 0.000006 0.000356
-0.345040 0.660042 0.249775 1.000000 0.000002 -0.000001 0.000357
-0.345042 0.660043 0.249839 1.000000 0.000001 -0.000004 0.000359
-0.345040 0.660045 0.249857 1.000000 -0.000003 -0.000000 0.000359
-0.345041 0.660045 0.249860 1.000000 -0.000003 -0.000003 0.000360
-0.345041 0.660041 0.249854 1.000000 0.000006 -0.000002 0.000361
-0.345041 0.660043 0.249885 1.000000 -0.000000 -0.000002 0.000362
-0.345041 0.660042 0.249892 1.000000 0.000004 -0.000001 0.000363
-0.345040 0.660044 0.249879 1.000000 -0.000001 0.000000 0.000364
-0.345042 0.660043 0.249888 1.000000 0.000000 -0.000004 0.000364
-0.345039 0.660043 0.249860 1.000000 0.000001 0.000002 0.000365
-0.345039 0.660043 0.249853 1.000000 0.000001 0.000002 0.000366
-0.345041 0.660043 0.249886 1.000000 0.000002 -0.000002 0.000366
-0.345040 0.660043 0.249904 1.000000 0.000001 -0.000000 0.000366
-0.345040 0.660043 0.249919 1.000000 0.000002 -0.000001 0.000367
-0.345041 0.660043 0.249931 1.000000 0.000002 -0.000002 0.000367
-0.345041 0.660043 0.249940 1.000000 0.000001 -0.000002 0.000367
-0.345039 0.660043 0.249937 1.000000 0.000001 0.000002 0.000367
-0.345040 0.660042 0.249916 1.000000 0.000004 -0.000000 0.000368
-0.345039 0.660043 0.249872 1.000000 0.000001 0.000002 0.000369
-0.345040 0.660045 0.249920 1.000000 -0.000003 -0.000001 0.000372
-0.345039 0.660045 0.249903 1.000000 -0.000002 0.000002 0.000374
-0.345039 0.660044 0.249917 1.000000 -0.000001 0.000001 0.000376
-0.345042 0.660044 0.249863 1.000000 0.000001 -0.000005 0.000377
-0.345040 0.660045 0.249902 1.000000 -0.000001 -0.000001 0.000380
-0.345040 0.660043 0.249934 1.000000 0.000003 -0.000000 0.000381
-0.345040 0.660043 0.249932 1.000000 0.000003 -0.000001 0.000383
-0.345040 0.660042 0.249840 1.000000 0.000004 -0.000001 0.000385
-0.345041 0.660045 0.249862 1.000000 0.000000 -0.000003 0.000389
-0.345039 0.660044 0.249915 1.000000 0.000001 0.000001 0.000390
-0.345040 0.660045 0.249906 1.000000 -0.000001 -0.000001 0.000392
-0.345039 0.660045 0.249877 1.000000 0.000001 0.000001 0.000395
-0.345040 0.660042 0.249822 1.000000 0.000005 -0.000002 0.000397
-0.345038 0.660046 0.249825 1.000000 -0.000002 0.000002 0.000398
-0.345040 0.660046 0.249822 1.000000 -0.000001 -0.000003 0.000400
-0.345041 0.660043 0.249822 1.000000 0.000004 -0.000005 0.000400
-0.345038 0.660044 0.249822 1.000000 0.000001 0.000001 0.000401
-0.345037 0.660048 0.249819 1.000000 -0.000006 0.000003 0.000402
-0.345039 0.660043 0.249825 1.000000 0.000004 -0.000000 0.000402
-0.345040 0.660044 0.249833 1.000000 0.000002 -0.000002 0.000403
-0.345038 0.660046 0.249836 1.000000 -0.000003 0.000002 0.000404
-0.345039 0.660046 0.249836 1.000000 -0.000001 -0.000001 0.000405
-0.345039 0.660042 0.249844 1.000000 0.000005 -0.000001 0.000406
-0.345039 0.660046 0.249836 1.000000 -0.000002 -0.000001 0.000408
-0.345038 0.660042 0.249813 1.000000 0.000006 0.000000 0.000409
-0.345041 0.660045 0.249809 1.000000 0.000001 -0.000005 0.000409
-0.345038 0.660044 0.249788 1.000000 0.000003 0.000000 0.000412
-0.345039 0.660045 0.249893 1.000000 0.000001 -0.000001 0.000414
-0.345037 0.660044 0.249904 1.000000 0.000003 0.000003 0.000416
-0.345039 0.660046 0.249886 1.000000 -0.000000 -0.000002 0.000417
-0.345038 0.660045 0.249877 1.000000 0.000002 0.000000 0.000420
-0.345040 0.660047 0.249831 1.000000 -0.000003 -0.000003 0.000422
-0.345041 0.660049 0.249787 1.000000 -0.000006 -0.000006 0.000424
-0.345037 0.660044 0.249781 1.000000 0.000003 0.000002 0.000424
-0.345038 0.660046 0.249862 1.000000 0.000000 -0.000000 0.000427
-0.345038 0.660045 0.249910 1.000000 0.000002 -0.000000 0.000429
-0.345039 0.660044 0.249916 1.000000 0.000004 -0.000001 0.000429
-0.345037 0.660045 0.249894 1.000000 0.000002 0.000002 0.000430
-0.345038 0.660046 0.249892 1.000000 0.000001 -0.000001 0.000431
-0.345038 0.660046 0.249907 1.000000 0.000000 -0.000001 0.000431
-0.345038 0.660045 0.249928 1.000000 0.000002 0.000001 0.000432
-0.345039 0.660046 0.249928 1.000000 0.000001 -0.000001 0.000432
-0.345038 0.660045 0.249932 1.000000 0.000001 -0.000001 0.000432
-0.345039 0.660045 0.249940 1.000000 0.000002 -0.000002 0.000432
-0.345039 0.660045 0.249951 1.000000 0.000002 -0.000001 0.000433
-0.345038 0.660045 0.249940 1.000000 0.000002 0.000000 0.000433
-0.345039 0.660045 0.249890 1.000000 0.000001 -0.000002 0.000435
-0.345040 0.660045 0.249873 1.000000 0.000003 -0.000003 0.000437
-0.345037 0.660047 0.249872 1.000000 -0.000002 0.000002 0.000438
-0.345039 0.660046 0.249948 1.000000 0.000001 -0.000002 0.000439
-0.345037 0.660046 0.249958 1.000000 0.000001 0.000002 0.000440
-0.345039 0.660046 0.249937 1.000000 0.000001 -0.000002 0.000441
-0.345039 0.660046 0.249904 1.000000 -0.000000 -0.000003 0.000442
-0.345039 0.660046 0.249921 1.000000 0.000001 -0.000002 0.000443
-0.345038 0.660046 0.249927 1.000000 0.000000 0.000000 0.000444
-0.345038 0.660048 0.249900 1.000000 -0.000003 0.000000 0.000445
-0.345039 0.660048 0.249896 1.000000 -0.000003 -0.000002 0.000448
-0.345040 0.660046 0.249822 1.000000 0.000001 -0.000005 0.000450
-0.345039 0.660045 0.249894 1.000000 0.000004 -0.000002 0.000452
-0.345039 0.660046 0.249875 1.000000 0.000002 -0.000002 0.000454
-0.345037 0.660047 0.249908 1.000000 0.000000 0.000001 0.000455
-0.345038 0.660048 0.249858 1.000000 -0.000001 0.000000 0.000458
-0.345039 0.660047 0.249880 1.000000 -0.000000 -0.000003 0.000460
-0.345037 0.660048 0.249883 1.000000 -0.000002 0.000001 0.000462
-0.345037 0.660047 0.249864 1.000000 0.000001 0.000002 0.000464
-0.345038 0.660047 0.249865 1.000000 0.000001 -0.000002 0.000465
-0.345038 0.660048 0.249883 1.000000 -0.000001 -0.000001 0.000465
-0.345037 0.660047 0.249898 1.000000 0.000001 0.000001 0.000466
-0.345037 0.660048 0.249908 1.000000 0.000000 0.000002 0.000467
-0.345039 0.660049 0.249916 1.000000 -0.000003 -0.000003 0.000467
-0.345037 0.660049 0.249898 1.000000 -0.000002 0.000000 0.000467
-0.345039 0.660050 0.249862 1.000000 -0.000005 -0.000004 0.000468
-0.345038 0.660045 0.249836 1.000000 0.000005 -0.000002 0.000469
-0.345040 0.660047 0.249814 1.000000 0.000002 -0.000005 0.000469
-0.345037 0.660043 0.249796 1.000000 0.000010 0.000001 0.000470
-0.345042 0.660048 0.249785 1.000000 -0.000000 -0.000008 0.000470
-0.345036 0.660046 0.249782 1.000000 0.000003 0.000002 0.000471
-0.345038 0.660051 0.249787 1.000000 -0.000006 -0.000000 0.000471
-0.345036 0.660051 0.249803 1.000000 -0.000007 0.000003 0.000472
-0.345037 0.660048 0.249812 1.000000 -0.000001 0.000000 0.000474
-0.345038 0.660047 0.249887 1.000000 0.000001 -0.000001 0.000476
-0.345039 0.660049 0.249877 1.000000 -0.000002 -0.000004 0.000478
-0.345039 0.660047 0.249847 1.000000 0.000001 -0.000003 0.000480
-0.345038 0.660046 0.249854 1.000000 0.000005 -0.000002 0.000482
-0.345037 0.660049 0.249845 1.000000 -0.000002 -0.000001 0.000485
-0.345037 0.660046 0.249819 1.000000 0.000005 -0.000001 0.000488
-0.345037 0.660047 0.249833 1.000000 0.000002 -0.000000 0.000490
-0.345036 0.660047 0.249875 1.000000 0.000004 0.000002 0.000493
-0.345036 0.660047 0.249850 1.000000 0.000003 0.000000 0.000497
-0.345037 0.660048 0.249880 1.000000 0.000001 -0.000002 0.000502
-0.345037 0.660050 0.249884 1.000000 -0.000002 -0.000001 0.000505
-0.345036 0.660048 0.249909 1.000000 0.000001 -0.000001 0.000507
-0.345036 0.660048 0.249902 1.000000 0.000001 -0.000000 0.000509
-0.345039 0.660050 0.249821 1.000000 -0.000003 -0.000007 0.000512
-0.345036 0.660048 0.249811 1.000000 0.000003 -0.000001 0.000514
-0.345038 0.660048 0.249807 1.000000 0.000003 -0.000006 0.000516
-0.345038 0.660047 0.249776 1.000000 0.000005 -0.000005 0.000518
-0.345036 0.660050 0.249868 1.000000 -0.000001 -0.000001 0.000519
-0.345037 0.660049 0.249898 1.000000 0.000001 -0.000002 0.000520
-0.345036 0.660048 0.249915 1.000000 0.000003 -0.000001 0.000521
-0.345036 0.660051 0.249877 1.000000 -0.000002 -0.000000 0.000523
-0.345035 0.660049 0.249878 1.000000 0.000002 0.000001 0.000526
-0.345036 0.660048 0.249940 1.000000 0.000003 -0.000002 0.000527
-0.345036 0.660051 0.249904 1.000000 -0.000003 -0.000001 0.000528
-0.345035 0.660049 0.249913 1.000000 0.000002 0.000001 0.000530
-0.345035 0.660050 0.249908 1.000000 0.000000 0.000000 0.000532
-0.345034 0.660050 0.249913 1.000000 0.000001 0.000001 0.000533
-0.345036 0.660048 0.249884 1.000000 0.000004 -0.000002 0.000534
-0.345037 0.660050 0.249872 1.000000 0.000000 -0.000003 0.000536
-0.345035 0.660046 0.249848 1.000000 0.000008 0.000001 0.000537
-0.345034 0.660051 0.249806 1.000000 -0.000001 0.000003 0.000539
-0.345036 0.660051 0.249886 1.000000 -0.000002 -0.000002 0.000541
-0.345036 0.660053 0.249810 1.000000 -0.000004 -0.000002 0.000543
-0.345033 0.660052 0.249839 1.000000 -0.000002 0.000005 0.000546
-0.345037 0.660048 0.249818 1.000000 0.000005 -0.000004 0.000548
-0.345034 0.660054 0.249819 1.000000 -0.000006 0.000002 0.000548
-0.345035 0.660051 0.249822 1.000000 -0.000001 -0.000001 0.000549
-0.345036 0.660051 0.249830 1.000000 -0.000000 -0.000003 0.000549
-0.345035 0.660053 0.249837 1.000000 -0.000004 -0.000001 0.000549
-0.345036 0.660050 0.249861 1.000000 0.000002 -0.000002 0.000551
-0.345034 0.660050 0.249859 1.000000 0.000002 0.000002 0.000551
-0.345034 0.660052 0.249834 1.000000 -0.000003 0.000001 0.000552
-0.345037 0.660051 0.249838 1.000000 0.000001 -0.000004 0.000553
-0.345034 0.660051 0.249843 1.000000 0.000000 0.000001 0.000553
-0.345035 0.660049 0.249846 1.000000 0.000005 -0.000000 0.000554
-0.345035 0.660051 0.249863 1.000000 0.000000 -0.000001 0.000555
-0.345036 0.660051 0.249884 1.000000 0.000001 -0.000002 0.000555
-0.345035 0.660051 0.249936 1.000000 0.000001 -0.000001 0.000557
-0.345035 0.660052 0.249939 1.000000 -0.000002 -0.000000 0.000557
-0.345036 0.660051 0.249931 1.000000 0.000000 -0.000003 0.000559
-0.345035 0.660051 0.249924 1.000000 0.000001 -0.000001 0.000561
-0.345036 0.660051 0.249954 1.000000 0.000001 -0.000002 0.000561
-0.345034 0.660051 0.249931 1.000000 0.000001 0.000001 0.000563
-0.345036 0.660051 0.249949 1.000000 0.000001 -0.000003 0.000564
-0.345035 0.660052 0.249946 1.000000 -0.000001 -0.000002 0.000564
-0.345035 0.660050 0.249933 1.000000 0.000002 -0.000000 0.000565
-0.345036 0.660050 0.249933 1.000000 0.000003 -0.000002 0.000565
-0.345034 0.660051 0.249942 1.000000 0.000002 0.000001 0.000566
-0.345035 0.660050 0.249925 1.000000 0.000004 -0.000001 0.000566
-0.345037 0.660051 0.249836 1.000000 0.000002 -0.000005 0.000568
-0.345032 0.660050 0.249799 1.000000 0.000003 0.000004 0.000570
-0.345032 0.660050 0.249785 1.000000 0.000004 0.000004 0.000571
-0.345032 0.660050 0.249761 1.000000 0.000004 0.000005 0.000571
-0.345037 0.660053 0.249757 1.000000 -0.000002 -0.000006 0.000572
-0.345034 0.660049 0.249763 1.000000 0.000005 0.000000 0.000573
-0.345036 0.660053 0.249770 1.000000 -0.000002 -0.000003 0.000573
-0.345033 0.660051 0.249768 1.000000 0.000001 0.000002 0.000574
-0.345035 0.660052 0.249767 1.000000 -0.000001 -0.000002 0.000574
-0.345034 0.660052 0.249771 1.000000 -0.000000 0.000001 0.000575
-0.345032 0.660051 0.249771 1.000000 0.000001 0.000004 0.000575
-0.345033 0.660050 0.249764 1.000000 0.000005 0.000003 0.000576
-0.345034 0.660052 0.249782 1.000000 -0.000000 0.000001 0.000578
-0.345035 0.660056 0.249814 1.000000 -0.000008 -0.000001 0.000579
-0.345033 0.660056 0.249817 1.000000 -0.000009 0.000002 0.000579
-0.345033 0.660059 0.249827 1.000000 -0.000014 0.000003 0.000579
-0.345035 0.660056 0.249826 1.000000 -0.000008 -0.000001 0.000580
-0.345036 0.660050 0.249817 1.000000 0.000005 -0.000003 0.000581
-0.345036 0.660046 0.249787 1.000000 0.000014 -0.000004 0.000581
-0.345032 0.660058 0.249770 1.000000 -0.000011 0.000005 0.000582
-0.345033 0.660059 0.249764 1.000000 -0.000013 0.000002 0.000582
-0.345035 0.660057 0.249775 1.000000 -0.000010 -0.000001 0.000583
-0.345037 0.660048 0.249822 1.000000 0.000009 -0.000004 0.000584
-0.345034 0.660050 0.249819 1.000000 0.000006 0.000000 0.000584
-0.345035 0.660054 0.249822 1.000000 -0.000003 -0.000000 0.000584
-0.345033 0.660054 0.249820 1.000000 -0.000002 0.000003 0.000585
-0.345037 0.660051 0.249821 1.000000 0.000003 -0.000004 0.000586
-0.345034 0.660053 0.249826 1.000000 -0.000000 0.000001 0.000587
-0.345036 0.660051 0.249852 1.000000 0.000002 -0.000003 0.000588
-0.345034 0.660054 0.249875 1.000000 -0.000002 0.000002 0.000589
-0.345034 0.660051 0.249869 1.000000 0.000003 0.000002 0.000589
-0.345034 0.660052 0.249871 1.000000 0.000002 0.000001 0.000591
-0.345034 0.660051 0.249882 1.000000 0.000002 0.000000 0.000592
-0.345035 0.660053 0.249904 1.000000 -0.000002 -0.000001 0.000592
-0.345034 0.660053 0.249918 1.000000 -0.000001 0.000001 0.000593
-0.345034 0.660052 0.249871 1.000000 0.000001 0.000001 0.000594
-0.345036 0.660052 0.249868 1.000000 0.000002 -0.000003 0.000594
-0.345036 0.660052 0.249884 1.000000 0.000001 -0.000003 0.000594
-0.345035 0.660053 0.249890 1.000000 0.000000 -0.000001 0.000595
-0.345035 0.660051 0.249862 1.000000 0.000003 -0.000000 0.000596
-0.345035 0.660053 0.249842 1.000000 -0.000000 -0.000001 0.000596
-0.345035 0.660054 0.249832 1.000000 -0.000003 -0.000001 0.000597
-0.345033 0.660053 0.249843 1.000000 0.000001 0.000002 0.000597
-0.345034 0.660052 0.249859 1.000000 0.000002 0.000000 0.000598
-0.345035 0.660053 0.249877 1.000000 0.000000 -0.000001 0.000599
-0.345036 0.660053 0.249913 1.000000 0.000001 -0.000003 0.000599
-0.345035 0.660053 0.249921 1.000000 0.000000 -0.000002 0.000600
-0.345033 0.660054 0.249925 1.000000 -0.000002 0.000002 0.000600
-0.345033 0.660053 0.249928 1.000000 0.000000 0.000002 0.000600
-0.345035 0.660053 0.249915 1.000000 0.000001 -0.000001 0.000600
-0.345036 0.660053 0.249888 1.000000 -0.000000 -0.000003 0.000601
-0.345035 0.660050 0.249876 1.000000 0.000005 -0.000002 0.000601
-0.345033 0.660053 0.249866 1.000000 0.000001 0.000003 0.000602
-0.345034 0.660056 0.249855 1.000000 -0.000007 0.000000 0.000602
-0.345034 0.660052 0.249855 1.000000 0.000002 0.000001 0.000603
-0.345036 0.660051 0.249852 1.000000 0.000005 -0.000003 0.000603
-0.345035 0.660054 0.249849 1.000000 -0.000002 -0.000000 0.000603
-0.345035 0.660051 0.249850 1.000000 0.000004 -0.000001 0.000604
-0.345036 0.660052 0.249861 1.000000 0.000002 -0.000002 0.000605
-0.345036 0.660052 0.249881 1.000000 0.000001 -0.000003 0.000605
-0.345033 0.660055 0.249891 1.000000 -0.000003 0.000003 0.000606
-0.345035 0.660051 0.249892 1.000000 0.000004 -0.000002 0.000606
-0.345034 0.660052 0.249894 1.000000 0.000001 0.000001 0.000607
-0.345034 0.660054 0.249903 1.000000 -0.000001 0.000000 0.000607
-0.345034 0.660054 0.249914 1.000000 -0.000001 0.000001 0.000607
-0.345036 0.660053 0.249925 1.000000 0.000001 -0.000003 0.000608
-0.345035 0.660053 0.249932 1.000000 0.000001 -0.000002 0.000608
-0.345034 0.660052 0.249947 1.000000 0.000002 0.000001 0.000608
-0.345036 0.660052 0.249940 1.000000 0.000002 -0.000003 0.000608
-0.345035 0.660054 0.249894 1.000000 -0.000001 -0.000001 0.000609
-0.345035 0.660052 0.249881 1.000000 0.000002 -0.000001 0.000609
-0.345034 0.660051 0.249883 1.000000 0.000004 -0.000000 0.000610
-0.345035 0.660055 0.249886 1.000000 -0.000003 -0.000002 0.000610
-0.345034 0.660053 0.249883 1.000000 0.000001 -0.000000 0.000611
-0.345034 0.660055 0.249897 1.000000 -0.000002 -0.000000 0.000611
-0.345034 0.660052 0.249911 1.000000 0.000002 -0.000001 0.000612
-0.345035 0.660055 0.249899 1.000000 -0.000002 -0.000002 0.000613
-0.345034 0.660056 0.249884 1.000000 -0.000004 -0.000001 0.000614
-0.345035 0.660051 0.249860 1.000000 0.000005 -0.000001 0.000615
-0.345036 0.660054 0.249851 1.000000 -0.000001 -0.000005 0.000616
-0.345033 0.660054 0.249837 1.000000 -0.000001 0.000002 0.000617
-0.345035 0.660054 0.249852 1.000000 -0.000000 -0.000002 0.000617
-0.345034 0.660053 0.249906 1.000000 0.000002 -0.000001 0.000618
-0.345034 0.660055 0.249918 1.000000 -0.000002 0.000000 0.000618
-0.345034 0.660052 0.249860 1.000000 0.000005 -0.000000 0.000620
-0.345033 0.660056 0.249846 1.000000 -0.000003 0.000002 0.000621
-0.345035 0.660051 0.249836 1.000000 0.000006 -0.000002 0.000622
-0.345033 0.660052 0.249836 1.000000 0.000003 0.000002 0.000622
-0.345034 0.660054 0.249828 1.000000 0.000001 -0.000001 0.000623
-0.345035 0.660055 0.249834 1.000000 -0.000003 -0.000002 0.000624
-0.345034 0.660052 0.249843 1.000000 0.000003 -0.000001 0.000625
-0.345033 0.660055 0.249863 1.000000 -0.000002 0.000001 0.000626
-0.345035 0.660055 0.249871 1.000000 -0.000002 -0.000003 0.000626
-0.345036 0.660056 0.249835 1.000000 -0.000003 -0.000005 0.000627
-0.345031 0.660054 0.249807 1.000000 -0.000001 0.000005 0.000627
-0.345035 0.660055 0.249788 1.000000 -0.000002 -0.000003 0.000628
-0.345032 0.660053 0.249780 1.000000 0.000001 0.000003 0.000628
-0.345035 0.660050 0.249775 1.000000 0.000007 -0.000002 0.000629
-0.345034 0.660049 0.249791 1.000000 0.000010 -0.000001 0.000629
-0.345035 0.660050 0.249810 1.000000 0.000009 -0.000002 0.000630
-0.345034 0.660055 0.249815 1.000000 -0.000001 0.000000 0.000631
-0.345034 0.660052 0.249827 1.000000 0.000003 -0.000001 0.000632
-0.345034 0.660053 0.249829 1.000000 0.000003 -0.000002 0.000633
-0.345035 0.660055 0.249827 1.000000 -0.000001 -0.000003 0.000634
-0.345034 0.660054 0.249834 1.000000 -0.000000 -0.000001 0.000634
-0.345036 0.660055 0.249833 1.000000 -0.000002 -0.000004 0.000635
-0.345035 0.660052 0.249830 1.000000 0.000005 -0.000002 0.000636
-0.345034 0.660054 0.249850 1.000000 0.000001 -0.000001 0.000638
-0.345034 0.660054 0.249870 1.000000 0.000001 -0.000002 0.000638
-0.345033 0.660056 0.249911 1.000000 -0.000002 0.000001 0.000639
-0.345034 0.660055 0.249916 1.000000 -0.000001 -0.000001 0.000639
-0.345033 0.660053 0.249922 1.000000 0.000002 0.000000 0.000639
-0.345034 0.660057 0.249901 1.000000 -0.000004 -0.000001 0.000641
-0.345034 0.660056 0.249860 1.000000 -0.000002 -0.000001 0.000644
-0.345034 0.660054 0.249901 1.000000 0.000002 -0.000002 0.000645
-0.345032 0.660056 0.249901 1.000000 -0.000002 0.000002 0.000646
-0.345033 0.660054 0.249888 1.000000 0.000003 -0.000000 0.000647
-0.345033 0.660054 0.249941 1.000000 0.000002 -0.000001 0.000648
-0.345032 0.660055 0.249919 1.000000 -0.000000 0.000003 0.000650
-0.345034 0.660055 0.249936 1.000000 0.000001 -0.000001 0.000651
-0.345034 0.660056 0.249925 1.000000 -0.000002 -0.000002 0.000652
-0.345033 0.660054 0.249911 1.000000 0.000001 0.000000 0.000654
-0.345035 0.660055 0.249888 1.000000 -0.000001 -0.000004 0.000656
-0.345033 0.660054 0.249883 1.000000 0.000002 -0.000001 0.000659
-0.345034 0.660056 0.249811 1.000000 -0.000002 -0.000002 0.000661
-0.345033 0.660056 0.249792 1.000000 -0.000002 -0.000000 0.000662
-0.345033 0.660055 0.249893 1.000000 0.000001 -0.000001 0.000663
-0.345033 0.660055 0.249937 1.000000 0.000001 -0.000001 0.000664
-0.345034 0.660056 0.249944 1.000000 -0.000001 -0.000002 0.000665
-0.345032 0.660057 0.249880 1.000000 -0.000002 0.000000 0.000669
-0.345034 0.660056 0.249870 1.000000 -0.000001 -0.000003 0.000672
-0.345031 0.660057 0.249829 1.000000 -0.000002 0.000003 0.000673
-0.345032 0.660058 0.249868 1.000000 -0.000003 0.000001 0.000675
-0.345034 0.660056 0.249892 1.000000 0.000000 -0.000003 0.000676
-0.345034 0.660057 0.249893 1.000000 -0.000002 -0.000003 0.000676
-0.345034 0.660054 0.249847 1.000000 0.000004 -0.000003 0.000677
-0.345034 0.660056 0.249828 1.000000 0.000000 -0.000005 0.000677
-0.345031 0.660059 0.249804 1.000000 -0.000006 0.000002 0.000681
-0.345034 0.660053 0.249807 1.000000 0.000006 -0.000005 0.000682
-0.345033 0.660052 0.249802 1.000000 0.000010 -0.000003 0.000684
-0.345033 0.660057 0.249808 1.000000 -0.000001 -0.000002 0.000686
-0.345033 0.660056 0.249840 1.000000 -0.000000 -0.000002 0.000688
-0.345032 0.660056 0.249876 1.000000 -0.000000 -0.000001 0.000691
-0.345032 0.660056 0.249914 1.000000 0.000001 -0.000000 0.000692
-0.345033 0.660056 0.249942 1.000000 0.000001 -0.000002 0.000693
-0.345032 0.660056 0.249930 1.000000 0.000001 -0.000000 0.000694
-0.345032 0.660057 0.249921 1.000000 -0.000001 -0.000000 0.000695
-0.345032 0.660056 0.249951 1.000000 0.000001 -0.000001 0.000695
-0.345031 0.660056 0.249947 1.000000 0.000001 0.000002 0.000696
-0.345034 0.660057 0.249864 1.000000 -0.000001 -0.000005 0.000697
-0.345032 0.660054 0.249779 1.000000 0.000005 0.000001 0.000699
-0.345033 0.660056 0.249869 1.000000 0.000001 -0.000002 0.000701
-0.345030 0.660057 0.249905 1.000000 -0.000001 0.000005 0.000703
-0.345033 0.660056 0.249843 1.000000 0.000002 -0.000002 0.000706
-0.345032 0.660058 0.249863 1.000000 -0.000002 -0.000001 0.000708
-0.345032 0.660056 0.249929 1.000000 0.000001 -0.000001 0.000709
-0.345033 0.660057 0.249943 1.000000 -0.000001 -0.000002 0.000710
-0.345031 0.660058 0.249931 1.000000 -0.000001 0.000002 0.000711
-0.345031 0.660056 0.249926 1.000000 0.000001 0.000001 0.000712
-0.345031 0.660056 0.249924 1.000000 0.000002 0.000001 0.000714
-0.345032 0.660058 0.249944 1.000000 -0.000001 -0.000001 0.000714
-0.345032 0.660057 0.249912 1.000000 0.000001 -0.000001 0.000716
-0.345032 0.660058 0.249953 1.000000 -0.000001 -0.000000 0.000716
-0.345031 0.660057 0.249950 1.000000 0.000001 0.000001 0.000717
-0.345032 0.660056 0.249942 1.000000 0.000003 0.000000 0.000717
-0.345033 0.660058 0.249920 1.000000 -0.000001 -0.000002 0.000719
-0.345033 0.660057 0.249933 1.000000 0.000001 -0.000002 0.000721
-0.345034 0.660058 0.249929 1.000000 -0.000000 -0.000004 0.000722
-0.345031 0.660056 0.249908 1.000000 0.000002 0.000000 0.000723
-0.345032 0.660058 0.249901 1.000000 -0.000000 -0.000001 0.000723
-0.345032 0.660057 0.249924 1.000000 0.000002 -0.000000 0.000724
-0.345031 0.660059 0.249941 1.000000 -0.000003 0.000001 0.000725
-0.345033 0.660057 0.249950 1.000000 0.000001 -0.000002 0.000726
-0.345032 0.660058 0.249948 1.000000 -0.000000 -0.000000 0.000727
-0.345032 0.660056 0.249915 1.000000 0.000004 -0.000002 0.000727
-0.345032 0.660058 0.249908 1.000000 -0.000001 -0.000000 0.000729
-0.345033 0.660057 0.249896 1.000000 0.000001 -0.000003 0.000732
-0.345031 0.660058 0.249886 1.000000 0.000000 0.000001 0.000733
-0.345031 0.660059 0.249896 1.000000 -0.000001 0.000000 0.000734
-0.345031 0.660058 0.249924 1.000000 -0.000000 0.000001 0.000734
-0.345030 0.660059 0.249845 1.000000 -0.000002 0.000002 0.000737
-0.345031 0.660058 0.249885 1.000000 0.000001 -0.000001 0.000739
-0.345031 0.660058 0.249937 1.000000 0.000001 0.000000 0.000740
-0.345030 0.660059 0.249927 1.000000 -0.000001 0.000002 0.000741
-0.345033 0.660060 0.249822 1.000000 -0.000002 -0.000005 0.000743
-0.345032 0.660057 0.249807 1.000000 0.000004 -0.000002 0.000746
-0.345031 0.660058 0.249864 1.000000 0.000001 -0.000001 0.000748
-0.345032 0.660059 0.249901 1.000000 -0.000000 -0.000002 0.000750
-0.345030 0.660057 0.249889 1.000000 0.000003 0.000002 0.000752
-0.345030 0.660058 0.249881 1.000000 0.000002 0.000001 0.000754
-0.345032 0.660058 0.249921 1.000000 0.000001 -0.000002 0.000755
-0.345031 0.660059 0.249881 1.000000 0.000001 -0.000000 0.000757
-0.345031 0.660059 0.249880 1.000000 0.000001 -0.000001 0.000759
-0.345031 0.660059 0.249937 1.000000 -0.000001 -0.000000 0.000760
-0.345033 0.660058 0.249837 1.000000 0.000003 -0.000006 0.000763
-0.345032 0.660057 0.249833 1.000000 0.000005 -0.000003 0.000766
-0.345030 0.660059 0.249820 1.000000 0.000001 0.000000 0.000769
-0.345032 0.660059 0.249829 1.000000 -0.000000 -0.000004 0.000772
-0.345027 0.660058 0.249816 1.000000 0.000004 0.000007 0.000774
-0.345031 0.660061 0.249805 1.000000 -0.000002 -0.000002 0.000777
-0.345028 0.660059 0.249805 1.000000 0.000001 0.000004 0.000778
-0.345028 0.660061 0.249808 1.000000 -0.000003 0.000004 0.000779
-0.345028 0.660060 0.249810 1.000000 -0.000000 0.000004 0.000781
-0.345030 0.660061 0.249862 1.000000 -0.000003 0.000001 0.000783
-0.345028 0.660060 0.249925 1.000000 0.000000 0.000004 0.000784
-0.345030 0.660062 0.249918 1.000000 -0.000004 0.000000 0.000786
-0.345030 0.660061 0.249900 1.000000 -0.000002 -0.000001 0.000788
-0.345029 0.660059 0.249859 1.000000 0.000002 0.000002 0.000791
-0.345030 0.660057 0.249781 1.000000 0.000007 -0.000001 0.000792
-0.345029 0.660062 0.249798 1.000000 -0.000004 0.000001 0.000794
-0.345031 0.660058 0.249847 1.000000 0.000004 -0.000002 0.000795
-0.345029 0.660059 0.249860 1.000000 0.000002 0.000002 0.000798
-0.345030 0.660061 0.249863 1.000000 -0.000001 -0.000000 0.000800
-0.345030 0.660059 0.249861 1.000000 0.000003 0.000001 0.000802
-0.345029 0.660063 0.249864 1.000000 -0.000005 0.000002 0.000803
-0.345029 0.660061 0.249835 1.000000 0.000000 0.000001 0.000804
-0.345027 0.660056 0.249772 1.000000 0.000008 0.000005 0.000806
-0.345030 0.660056 0.249752 1.000000 0.000010 0.000000 0.000807
-0.345030 0.660055 0.249787 1.000000 0.000011 -0.000002 0.000809
-0.345030 0.660062 0.249822 1.000000 -0.000002 -0.000000 0.000812
-0.345028 0.660062 0.249869 1.000000 -0.000002 0.000003 0.000814
-0.345033 0.660062 0.249790 1.000000 -0.000002 -0.000008 0.000815
-0.345031 0.660065 0.249766 1.000000 -0.000008 -0.000003 0.000817
-0.345031 0.660065 0.249766 1.000000 -0.000008 -0.000004 0.000818
-0.345028 0.660061 0.249792 1.000000 0.000001 0.000003 0.000821
-0.345030 0.660065 0.249813 1.000000 -0.000007 -0.000002 0.000824
-0.345028 0.660062 0.249827 1.000000 -0.000002 0.000001 0.000826
-0.345029 0.660059 0.249835 1.000000 0.000004 0.000000 0.000827
-0.345029 0.660062 0.249846 1.000000 -0.000001 0.000001 0.000828
-0.345031 0.660061 0.249855 1.000000 0.000000 -0.000003 0.000829
-0.345030 0.660062 0.249870 1.000000 -0.000001 -0.000002 0.000829
-0.345031 0.660061 0.249888 1.000000 0.000001 -0.000003 0.000829
-0.345030 0.660062 0.249900 1.000000 -0.000001 -0.000002 0.000830
-0.345029 0.660062 0.249888 1.000000 -0.000001 -0.000000 0.000830
-0.345030 0.660061 0.249879 1.000000 0.000001 -0.000003 0.000831
-0.345030 0.660060 0.249870 1.000000 0.000002 -0.000002 0.000832
-0.345029 0.660060 0.249880 1.000000 0.000003 -0.000001 0.000832
-0.345029 0.660062 0.249880 1.000000 -0.000002 0.000000 0.000833
-0.345031 0.660063 0.249875 1.000000 -0.000002 -0.000003 0.000834
-0.345029 0.660063 0.249844 1.000000 -0.000003 -0.000001 0.000835
-0.345027 0.660061 0.249826 1.000000 0.000001 0.000003 0.000836
-0.345026 0.660061 0.249795 1.000000 0.000000 0.000005 0.000837
-0.345030 0.660061 0.249785 1.000000 0.000001 -0.000003 0.000837
-0.345028 0.660062 0.249809 1.000000 -0.000001 0.000002 0.000839
-0.345028 0.660061 0.249829 1.000000 0.000002 0.000001 0.000839
-0.345028 0.660064 0.249850 1.000000 -0.000004 0.000002 0.000841
-0.345029 0.660062 0.249851 1.000000 -0.000000 -0.000000 0.000841
-0.345027 0.660063 0.249853 1.000000 -0.000002 0.000003 0.000842
-0.345029 0.660061 0.249887 1.000000 0.000001 -0.000001 0.000844
-0.345029 0.660062 0.249888 1.000000 -0.000001 -0.000002 0.000846
-0.345030 0.660061 0.249938 1.000000 0.000001 -0.000003 0.000848
-0.345030 0.660061 0.249894 1.000000 0.000002 -0.000003 0.000849
-0.345029 0.660063 0.249862 1.000000 -0.000002 -0.000002 0.000851
-0.345027 0.660062 0.249873 1.000000 0.000000 0.000001 0.000855
-0.345028 0.660062 0.249919 1.000000 0.000000 -0.000001 0.000856
-0.345028 0.660060 0.249905 1.000000 0.000004 -0.000000 0.000857
-0.345027 0.660058 0.249837 1.000000 0.000008 0.000002 0.000861
-0.345026 0.660059 0.249783 1.000000 0.000006 0.000004 0.000862
-0.345027 0.660065 0.249800 1.000000 -0.000005 0.000001 0.000864
-0.345029 0.660062 0.249834 1.000000 -0.000000 -0.000004 0.000867
-0.345028 0.660063 0.249881 1.000000 -0.000000 -0.000000 0.000869
-0.345029 0.660062 0.249893 1.000000 0.000001 -0.000003 0.000869
-0.345028 0.660063 0.249907 1.000000 -0.000001 -0.000001 0.000870
-0.345028 0.660062 0.249898 1.000000 0.000001 -0.000000 0.000870
-0.345028 0.660064 0.249875 1.000000 -0.000004 -0.000001 0.000871
-0.345028 0.660063 0.249833 1.000000 -0.000001 -0.000000 0.000872
-0.345028 0.660061 0.249852 1.000000 0.000003 -0.000001 0.000874
-0.345032 0.660064 0.249762 1.000000 -0.000002 -0.000009 0.000876
-0.345026 0.660058 0.249750 1.000000 0.000009 0.000002 0.000878
-0.345031 0.660063 0.249756 1.000000 -0.000001 -0.000008 0.000880
-0.345027 0.660063 0.249810 1.000000 0.000000 0.000000 0.000882
-0.345026 0.660061 0.249885 1.000000 0.000003 0.000003 0.000884
-0.345026 0.660064 0.249842 1.000000 -0.000001 0.000002 0.000887
-0.345027 0.660063 0.249854 1.000000 0.000000 0.000001 0.000889
-0.345028 0.660064 0.249822 1.000000 -0.000000 -0.000002 0.000891
-0.345027 0.660062 0.249870 1.000000 0.000003 0.000000 0.000893
-0.345025 0.660061 0.249840 1.000000 0.000006 0.000004 0.000896
-0.345026 0.660063 0.249794 1.000000 0.000002 0.000003 0.000897
-0.345026 0.660064 0.249884 1.000000 -0.000001 0.000003 0.000899
-0.345027 0.660064 0.249870 1.000000 -0.000001 0.000001 0.000901
-0.345029 0.660063 0.249870 1.000000 0.000001 -0.000004 0.000903
-0.345028 0.660063 0.249824 1.000000 0.000002 -0.000002 0.000906
-0.345026 0.660063 0.249831 1.000000 0.000002 0.000002 0.000907
-0.345028 0.660063 0.249855 1.000000 0.000002 -0.000002 0.000909
-0.345025 0.660062 0.249785 1.000000 0.000005 0.000003 0.000912
-0.345026 0.660063 0.249818 1.000000 0.000004 0.000000 0.000915
-0.345027 0.660064 0.249832 1.000000 0.000001 -0.000002 0.000915
-0.345026 0.660065 0.249853 1.000000 -0.000000 -0.000000 0.000916
-0.345027 0.660064 0.249877 1.000000 0.000001 -0.000002 0.000917
-0.345027 0.660065 0.249890 1.000000 -0.000001 -0.000002 0.000918
-0.345026 0.660064 0.249913 1.000000 0.000001 0.000001 0.000918
-0.345027 0.660064 0.249917 1.000000 0.000002 -0.000001 0.000919
-0.345026 0.660064 0.249933 1.000000 0.000001 -0.000000 0.000919
-0.345026 0.660063 0.249915 1.000000 0.000004 -0.000001 0.000921
-0.345026 0.660064 0.249901 1.000000 0.000001 -0.000001 0.000923
-0.345027 0.660062 0.249869 1.000000 0.000006 -0.000001 0.000925
-0.345026 0.660064 0.249876 1.000000 0.000001 0.000001 0.000928
-0.345026 0.660068 0.249848 1.000000 -0.000006 -0.000001 0.000929
-0.345026 0.660062 0.249828 1.000000 0.000006 -0.000000 0.000930
-0.345026 0.660064 0.249905 1.000000 0.000002 -0.000000 0.000932
-0.345027 0.660069 0.249900 1.000000 -0.000007 -0.000002 0.000933
-0.345025 0.660068 0.249880 1.000000 -0.000005 0.000001 0.000934
-0.345026 0.660066 0.249850 1.000000 -0.000001 -0.000001 0.000935
-0.345027 0.660066 0.249877 1.000000 -0.000001 -0.000001 0.000937
-0.345025 0.660065 0.249941 1.000000 0.000000 0.000001 0.000938
-0.345027 0.660065 0.249948 1.000000 0.000001 -0.000001 0.000938
-0.345025 0.660065 0.249951 1.000000 -0.000000 0.000001 0.000938
-0.345027 0.660065 0.249947 1.000000 0.000001 -0.000002 0.000939
-0.345025 0.660066 0.249926 1.000000 -0.000000 0.000003 0.000939
-0.345025 0.660065 0.249911 1.000000 0.000001 0.000001 0.000939
-0.345025 0.660067 0.249896 1.000000 -0.000004 0.000001 0.000940
-0.345027 0.660066 0.249891 1.000000 -0.000001 -0.000003 0.000940
-0.345026 0.660066 0.249878 1.000000 -0.000001 0.000000 0.000941
-0.345026 0.660067 0.249896 1.000000 -0.000003 -0.000001 0.000942
-0.345026 0.660065 0.249898 1.000000 0.000002 -0.000001 0.000943
-0.345025 0.660066 0.249906 1.000000 -0.000000 0.000002 0.000944
-0.345026 0.660066 0.249928 1.000000 -0.000000 -0.000001 0.000944
-0.345026 0.660064 0.249928 1.000000 0.000003 -0.000001 0.000946
-0.345025 0.660065 0.249923 1.000000 0.000002 0.000001 0.000946
-0.345026 0.660065 0.249927 1.000000 0.000001 -0.000000 0.000946
-0.345026 0.660066 0.249935 1.000000 -0.000000 -0.000001 0.000946
-0.345027 0.660066 0.249940 1.000000 -0.000001 -0.000002 0.000947
-0.345027 0.660066 0.249941 1.000000 -0.000001 -0.000002 0.000947
-0.345026 0.660065 0.249934 1.000000 0.000003 -0.000001 0.000947
-0.345026 0.660064 0.249922 1.000000 0.000003 -0.000000 0.000948
-0.345027 0.660066 0.249907 1.000000 -0.000001 -0.000002 0.000948
-0.345026 0.660063 0.249894 1.000000 0.000006 0.000000 0.000949
-0.345024 0.660067 0.249854 1.000000 -0.000002 0.000003 0.000951
-0.345025 0.660069 0.249840 1.000000 -0.000006 0.000001 0.000952
-0.345025 0.660067 0.249855 1.000000 -0.000002 0.000000 0.000953
-0.345024 0.660067 0.249865 1.000000 -0.000002 0.000002 0.000953
-0.345026 0.660066 0.249863 1.000000 -0.000000 -0.000001 0.000954
-0.345026 0.660062 0.249863 1.000000 0.000008 -0.000001 0.000955
-0.345027 0.660067 0.249860 1.000000 -0.000001 -0.000003 0.000956
-0.345023 0.660066 0.249845 1.000000 0.000001 0.000004 0.000957
-0.345026 0.660069 0.249823 1.000000 -0.000005 -0.000001 0.000957
-0.345025 0.660067 0.249815 1.000000 -0.000002 0.000001 0.000957
-0.345026 0.660065 0.249832 1.000000 0.000002 -0.000002 0.000958
-0.345025 0.660067 0.249841 1.000000 -0.000002 0.000000 0.000958
-0.345025 0.660064 0.249854 1.000000 0.000004 -0.000000 0.000959
-0.345026 0.660067 0.249868 1.000000 -0.000001 -0.000002 0.000959
-0.345027 0.660067 0.249882 1.000000 -0.000001 -0.000003 0.000960
-0.345024 0.660067 0.249886 1.000000 -0.000002 0.000002 0.000960
-0.345025 0.660067 0.249897 1.000000 -0.000002 0.000001 0.000960
-0.345025 0.660067 0.249908 1.000000 -0.000001 0.000001 0.000960
-0.345025 0.660066 0.249917 1.000000 0.000001 0.000001 0.000961
-0.345025 0.660066 0.249925 1.000000 0.000001 -0.000000 0.000961
-0.345025 0.660066 0.249926 1.000000 0.000000 0.000001 0.000961
-0.345024 0.660066 0.249926 1.000000 0.000001 0.000002 0.000961
-0.345025 0.660066 0.249932 1.000000 0.000000 0.000001 0.000961
-0.345025 0.660065 0.249938 1.000000 0.000002 -0.000000 0.000961
-0.345026 0.660065 0.249936 1.000000 0.000002 -0.000001 0.000961
-0.345025 0.660066 0.249931 1.000000 0.000000 -0.000000 0.000962
-0.345026 0.660066 0.249930 1.000000 0.000001 -0.000001 0.000962
-0.345026 0.660067 0.249934 1.000000 -0.000000 -0.000001 0.000962
-0.345026 0.660067 0.249932 1.000000 -0.000002 -0.000002 0.000963
-0.345027 0.660067 0.249917 1.000000 -0.000002 -0.000003 0.000963
-0.345026 0.660065 0.249911 1.000000 0.000002 -0.000001 0.000964
-0.345025 0.660065 0.249912 1.000000 0.000003 -0.000000 0.000964
-0.345026 0.660065 0.249914 1.000000 0.000003 -0.000001 0.000965
-0.345026 0.660066 0.249915 1.000000 0.000001 -0.000001 0.000965
-0.345025 0.660067 0.249917 1.000000 -0.000001 0.000001 0.000965
-0.345025 0.660066 0.249923 1.000000 0.000001 0.000001 0.000965
-0.345025 0.660066 0.249915 1.000000 0.000002 -0.000001 0.000965
-0.345026 0.660066 0.249895 1.000000 0.000001 -0.000001 0.000966
-0.345025 0.660067 0.249895 1.000000 -0.000000 -0.000001 0.000966
-0.345026 0.660066 0.249911 1.000000 0.000001 -0.000002 0.000966
-0.345025 0.660066 0.249924 1.000000 0.000000 -0.000000 0.000967
-0.345026 0.660066 0.249934 1.000000 0.000001 -0.000002 0.000967
-0.345026 0.660066 0.249944 1.000000 0.000001 -0.000001 0.000967
-0.345026 0.660067 0.249950 1.000000 -0.000000 -0.000002 0.000967
-0.345025 0.660067 0.249948 1.000000 0.000000 -0.000000 0.000967
-0.345023 0.660066 0.249936 1.000000 0.000001 0.000004 0.000967
-0.345026 0.660068 0.249910 1.000000 -0.000003 -0.000003 0.000968
-0.345025 0.660068 0.249870 1.000000 -0.000002 0.000000 0.000968
-0.345025 0.660066 0.249835 1.000000 0.000001 0.000000 0.000968
-0.345026 0.660068 0.249809 1.000000 -0.000003 -0.000002 0.000969
-0.345025 0.660065 0.249789 1.000000 0.000003 -0.000000 0.000969
-0.345022 0.660063 0.249775 1.000000 0.000008 0.000005 0.000969
-0.345027 0.660067 0.249765 1.000000 0.000000 -0.000003 0.000969
-0.345029 0.660069 0.249759 1.000000 -0.000005 -0.000009 0.000970
-0.345025 0.660062 0.249754 1.000000 0.000009 0.000001 0.000970
-0.345028 0.660066 0.249753 1.000000 0.000002 -0.000006 0.000970
-0.345028 0.660064 0.249756 1.000000 0.000005 -0.000006 0.000971
-0.345023 0.660063 0.249760 1.000000 0.000007 0.000004 0.000971
-0.345026 0.660065 0.249760 1.000000 0.000003 -0.000003 0.000971
-0.345027 0.660069 0.249756 1.000000 -0.000005 -0.000003 0.000971
-0.345028 0.660067 0.249751 1.000000 0.000000 -0.000007 0.000971
-0.345023 0.660065 0.249749 1.000000 0.000003 0.000005 0.000971
-0.345023 0.660065 0.249749 1.000000 0.000004 0.000005 0.000972
-0.345026 0.660069 0.249749 1.000000 -0.000003 -0.000002 0.000972
-0.345026 0.660064 0.249759 1.000000 0.000006 -0.000002 0.000972
-0.345027 0.660067 0.249782 1.000000 0.000000 -0.000004 0.000973
-0.345024 0.660068 0.249792 1.000000 -0.000001 0.000002 0.000973
-0.345024 0.660067 0.249801 1.000000 0.000001 0.000003 0.000973
-0.345028 0.660066 0.249813 1.000000 0.000002 -0.000005 0.000974
-0.345023 0.660068 0.249822 1.000000 -0.000002 0.000004 0.000975
-0.345027 0.660065 0.249834 1.000000 0.000004 -0.000004 0.000975
-0.345025 0.660067 0.249838 1.000000 -0.000001 -0.000000 0.000975
-0.345026 0.660068 0.249841 1.000000 -0.000002 -0.000001 0.000975
-0.345024 0.660065 0.249836 1.000000 0.000005 0.000002 0.000976
-0.345025 0.660065 0.249828 1.000000 0.000004 -0.000001 0.000976
-0.345026 0.660069 0.249827 1.000000 -0.000004 -0.000002 0.000977
-0.345026 0.660066 0.249829 1.000000 0.000003 -0.000001 0.000978
-0.345024 0.660065 0.249823 1.000000 0.000005 0.000002 0.000979
-0.345025 0.660065 0.249816 1.000000 0.000003 0.000001 0.000979
-0.345026 0.660066 0.249817 1.000000 0.000002 -0.000003 0.000979
-0.345026 0.660069 0.249809 1.000000 -0.000003 -0.000003 0.000980
-0.345025 0.660066 0.249798 1.000000 0.000002 0.000001 0.000980
-0.345027 0.660068 0.249791 1.000000 -0.000002 -0.000005 0.000980
-0.345026 0.660069 0.249792 1.000000 -0.000004 -0.000002 0.000980
-0.345025 0.660064 0.249806 1.000000 0.000006 -0.000000 0.000980
-0.345027 0.660065 0.249824 1.000000 0.000005 -0.000004 0.000981
-0.345026 0.660069 0.249834 1.000000 -0.000004 -0.000002 0.000983
-0.345026 0.660067 0.249862 1.000000 -0.000000 -0.000002 0.000986
-0.345025 0.660069 0.249867 1.000000 -0.000002 -0.000001 0.000989
-0.345025 0.660068 0.249901 1.000000 -0.000000 -0.000001 0.000992
-0.345026 0.660067 0.249952 1.000000 0.000001 -0.000002 0.000992
-0.345026 0.660067 0.249944 1.000000 0.000000 -0.000002 0.000993
-0.345026 0.660067 0.249915 1.000000 0.000002 -0.000003 0.000994
-0.345027 0.660067 0.249822 1.000000 0.000002 -0.000005 0.000998
-0.345026 0.660069 0.249808 0.999999 -0.000003 -0.000003 0.001001
-0.345023 0.660070 0.249813 0.999999 -0.000004 0.000002 0.001004
-0.345024 0.660071 0.249835 0.999999 -0.000005 -0.000001 0.001007
-0.345023 0.660069 0.249849 0.999999 -0.000001 0.000001 0.001009
-0.345025 0.660068 0.249920 0.999999 0.000001 -0.000002 0.001010
-0.345023 0.660068 0.249884 0.999999 0.000000 0.000000 0.001013
-0.345022 0.660068 0.249896 0.999999 0.000001 0.000002 0.001017
-0.345024 0.660067 0.249883 0.999999 0.000002 -0.000002 0.001017
-0.345023 0.660069 0.249863 0.999999 -0.000001 0.000000 0.001018
-0.345023 0.660069 0.249838 0.999999 -0.000001 0.000001 0.001020
-0.345023 0.660068 0.249920 0.999999 0.000002 -0.000000 0.001022
-0.345024 0.660068 0.249911 0.999999 0.000003 -0.000002 0.001025
-0.345023 0.660068 0.249861 0.999999 0.000003 -0.000000 0.001027
-0.345024 0.660070 0.249872 0.999999 -0.000001 -0.000002 0.001029
-0.345024 0.660069 0.249914 0.999999 0.000000 -0.000003 0.001031
-0.345023 0.660069 0.249919 0.999999 0.000001 0.000000 0.001033
-0.345023 0.660069 0.249926 0.999999 0.000001 -0.000001 0.001034
-0.345023 0.660069 0.249946 0.999999 0.000001 -0.000000 0.001034
-0.345023 0.660069 0.249952 0.999999 0.000001 0.000000 0.001034
-0.345024 0.660067 0.249932 0.999999 0.000004 -0.000002 0.001034
-0.345023 0.660071 0.249856 0.999999 -0.000003 0.000000 0.001036
-0.345023 0.660069 0.249840 0.999999 0.000001 -0.000001 0.001037
-0.345022 0.660070 0.249907 0.999999 -0.000001 0.000001 0.001039
-0.345023 0.660069 0.249927 0.999999 0.000002 -0.000001 0.001040
-0.345023 0.660070 0.249929 0.999999 -0.000002 0.000000 0.001040
-0.345024 0.660067 0.249926 0.999999 0.000004 -0.000002 0.001040
-0.345022 0.660070 0.249906 0.999999 0.000000 0.000001 0.001040
-0.345024 0.660071 0.249906 0.999999 -0.000002 -0.000002 0.001041
-0.345024 0.660069 0.249895 0.999999 0.000002 -0.000002 0.001042
-0.345024 0.660068 0.249843 0.999999 0.000003 -0.000003 0.001042
-0.345022 0.660069 0.249816 0.999999 0.000002 0.000002 0.001043
-0.345023 0.660071 0.249791 0.999999 -0.000002 -0.000001 0.001044
-0.345023 0.660070 0.249867 0.999999 0.000001 0.000000 0.001047
-0.345023 0.660068 0.249927 0.999999 0.000004 -0.000000 0.001048
-0.345023 0.660071 0.249907 0.999999 -0.000002 -0.000000 0.001050
-0.345021 0.660071 0.249897 0.999999 -0.000001 0.000002 0.001051
-0.345024 0.660069 0.249862 0.999999 0.000003 -0.000002 0.001053
-0.345023 0.660070 0.249869 0.999999 -0.000000 -0.000001 0.001053
-0.345021 0.660071 0.249898 0.999999 -0.000002 0.000003 0.001054
-0.345023 0.660068 0.249876 0.999999 0.000004 -0.000002 0.001056
-0.345023 0.660070 0.249886 0.999999 0.000000 -0.000002 0.001058
-0.345023 0.660072 0.249859 0.999999 -0.000004 -0.000001 0.001059
-0.345026 0.660069 0.249792 0.999999 0.000002 -0.000007 0.001061
-0.345024 0.660075 0.249789 0.999999 -0.000009 -0.000005 0.001063
-0.345023 0.660069 0.249772 0.999999 0.000004 -0.000001 0.001065
-0.345025 0.660069 0.249816 0.999999 0.000002 -0.000005 0.001067
-0.345022 0.660071 0.249816 0.999999 -0.000001 -0.000001 0.001069
-0.345023 0.660066 0.249861 0.999999 0.000010 -0.000001 0.001071
-0.345018 0.660070 0.249821 0.999999 0.000002 0.000008 0.001073
-0.345023 0.660066 0.249793 0.999999 0.000009 -0.000003 0.001075
-0.345025 0.660072 0.249789 0.999999 -0.000003 -0.000006 0.001078
-0.345023 0.660068 0.249802 0.999999 0.000005 -0.000003 0.001080
-0.345020 0.660072 0.249803 0.999999 -0.000003 0.000003 0.001081
-0.345025 0.660071 0.249829 0.999999 -0.000000 -0.000006 0.001084
-0.345022 0.660072 0.249845 0.999999 -0.000002 -0.000001 0.001086
-0.345021 0.660072 0.249898 0.999999 -0.000002 0.000002 0.001087
-0.345023 0.660071 0.249904 0.999999 -0.000001 -0.000002 0.001088
-0.345020 0.660072 0.249892 0.999999 -0.000001 0.000002 0.001089
-0.345023 0.660071 0.249887 0.999999 -0.000000 -0.000002 0.001090
-0.345023 0.660070 0.249884 0.999999 0.000002 -0.000002 0.001090
-0.345021 0.660072 0.249881 0.999999 -0.000002 0.000001 0.001091
-0.345022 0.660070 0.249907 0.999999 0.000002 -0.000001 0.001091
-0.345022 0.660072 0.249914 0.999999 -0.000002 -0.000001 0.001092
-0.345020 0.660070 0.249908 0.999999 0.000002 0.000002 0.001093
-0.345023 0.660074 0.249788 0.999999 -0.000006 -0.000003 0.001095
-0.345020 0.660077 0.249780 0.999999 -0.000012 0.000002 0.001096
-0.345020 0.660074 0.249811 0.999999 -0.000005 0.000002 0.001099
-0.345021 0.660073 0.249813 0.999999 -0.000003 -0.000000 0.001101
-0.345021 0.660074 0.249843 0.999999 -0.000005 0.000000 0.001103
-0.345022 0.660072 0.249880 0.999999 -0.000001 -0.000001 0.001106
-0.345022 0.660071 0.249860 0.999999 0.000001 -0.000002 0.001108
-0.345022 0.660071 0.249918 0.999999 0.000001 -0.000002 0.001109
-0.345021 0.660072 0.249941 0.999999 -0.000001 -0.000000 0.001109
-0.345020 0.660071 0.249923 0.999999 0.000002 0.000002 0.001111
-0.345021 0.660072 0.249839 0.999999 -0.000001 -0.000000 0.001113
-0.345023 0.660068 0.249831 0.999999 0.000007 -0.000003 0.001115
-0.345023 0.660074 0.249813 0.999999 -0.000004 -0.000003 0.001117
-0.345020 0.660075 0.249795 0.999999 -0.000005 0.000002 0.001120
-0.345021 0.660076 0.249827 0.999999 -0.000008 0.000000 0.001122
-0.345022 0.660068 0.249834 0.999999 0.000008 -0.000002 0.001124
-0.345021 0.660068 0.249834 0.999999 0.000009 -0.000000 0.001124
-0.345021 0.660074 0.249831 0.999999 -0.000003 -0.000001 0.001125
-0.345020 0.660075 0.249830 0.999999 -0.000006 0.000002 0.001125
-0.345023 0.660070 0.249832 0.999999 0.000005 -0.000004 0.001126
-0.345021 0.660070 0.249838 0.999999 0.000004 0.000000 0.001128
-0.345021 0.660074 0.249841 0.999999 -0.000002 -0.000001 0.001130
-0.345021 0.660069 0.249906 0.999999 0.000006 0.000001 0.001132
-0.345022 0.660073 0.249882 0.999999 -0.000001 -0.000003 0.001134
-0.345021 0.660073 0.249918 0.999999 0.000000 -0.000000 0.001136
-0.345022 0.660073 0.249894 0.999999 0.000000 -0.000002 0.001138
-0.345022 0.660074 0.249856 0.999999 -0.000002 -0.000003 0.001139
-0.345020 0.660072 0.249822 0.999999 0.000002 0.000000 0.001141
-0.345021 0.660073 0.249923 0.999999 0.000000 -0.000001 0.001142
-0.345019 0.660075 0.249940 0.999999 -0.000003 0.000004 0.001143
-0.345022 0.660073 0.249888 0.999999 -0.000000 -0.000004 0.001145
-0.345020 0.660074 0.249925 0.999999 -0.000001 -0.000000 0.001146
-0.345022 0.660073 0.249921 0.999999 0.000000 -0.000003 0.001148
-0.345021 0.660072 0.249875 0.999999 0.000003 -0.000001 0.001150
-0.345020 0.660072 0.249849 0.999999 0.000002 0.000000 0.001151
-0.345019 0.660075 0.249857 0.999999 -0.000004 0.000003 0.001152
-0.345022 0.660072 0.249854 0.999999 0.000003 -0.000003 0.001153
-0.345020 0.660074 0.249873 0.999999 -0.000001 0.000001 0.001154
-0.345021 0.660073 0.249889 0.999999 0.000001 -0.000002 0.001155
-0.345019 0.660074 0.249914 0.999999 -0.000000 0.000002 0.001156
-0.345020 0.660073 0.249900 0.999999 0.000001 -0.000001 0.001157
-0.345020 0.660073 0.249926 0.999999 0.000002 0.000000 0.001158
-0.345019 0.660074 0.249913 0.999999 -0.000002 0.000003 0.001160
-0.345021 0.660073 0.249874 0.999999 0.000001 -0.000002 0.001162
-0.345019 0.660075 0.249933 0.999999 -0.000002 0.000002 0.001164
-0.345021 0.660074 0.249946 0.999999 -0.000001 -0.000001 0.001165
-0.345020 0.660073 0.249948 0.999999 0.000001 -0.000001 0.001166
-0.345020 0.660074 0.249956 0.999999 -0.000000 0.000000 0.001167
-0.345020 0.660074 0.249940 0.999999 -0.000001 0.000000 0.001168
-0.345019 0.660076 0.249891 0.999999 -0.000003 0.000001 0.001170
-0.345020 0.660073 0.249865 0.999999 0.000002 -0.000001 0.001172
-0.345020 0.660074 0.249903 0.999999 0.000001 -0.000000 0.001175
-0.345020 0.660073 0.249874 0.999999 0.000002 -0.000001 0.001177
-0.345021 0.660075 0.249909 0.999999 -0.000001 -0.000003 0.001179
-0.345019 0.660073 0.249880 0.999999 0.000002 -0.000000 0.001181
-0.345021 0.660074 0.249863 0.999999 0.000000 -0.000003 0.001183
-0.345019 0.660077 0.249857 0.999999 -0.000004 0.000001 0.001185
-0.345019 0.660073 0.249846 0.999999 0.000002 -0.000001 0.001187
-0.345020 0.660076 0.249920 0.999999 -0.000003 -0.000001 0.001188
-0.345019 0.660073 0.249914 0.999999 0.000004 -0.000001 0.001190
-0.345019 0.660076 0.249860 0.999999 -0.000002 -0.000001 0.001192
-0.345019 0.660074 0.249874 0.999999 0.000002 -0.000000 0.001194
-0.345019 0.660075 0.249908 0.999999 -0.000000 -0.000001 0.001195
-0.345019 0.660074 0.249831 0.999999 0.000003 0.000001 0.001197
-0.345020 0.660075 0.249842 0.999999 0.000001 -0.000002 0.001199
-0.345020 0.660076 0.249901 0.999999 -0.000001 -0.000002 0.001200
-0.345019 0.660073 0.249900 0.999999 0.000005 -0.000000 0.001201
-0.345018 0.660074 0.249894 0.999999 0.000002 0.000001 0.001202
-0.345020 0.660074 0.249881 0.999999 0.000004 -0.000002 0.001202
-0.345018 0.660073 0.249858 0.999999 0.000006 0.000001 0.001204
-0.345017 0.660076 0.249803 0.999999 -0.000002 0.000003 0.001205
-0.345017 0.660077 0.249862 0.999999 -0.000002 0.000002 0.001207
-0.345018 0.660073 0.249884 0.999999 0.000005 0.000000 0.001208
-0.345018 0.660076 0.249886 0.999999 -0.000001 0.000001 0.001212
-0.345018 0.660076 0.249923 0.999999 -0.000001 -0.000001 0.001214
-0.345016 0.660077 0.249865 0.999999 -0.000002 0.000003 0.001217
-0.345018 0.660079 0.249837 0.999999 -0.000005 -0.000001 0.001220
-0.345018 0.660077 0.249854 0.999999 -0.000002 -0.000001 0.001222
-0.345018 0.660077 0.249906 0.999999 -0.000001 -0.000001 0.001225
-0.345018 0.660077 0.249938 0.999999 0.000000 -0.000000 0.001225
-0.345018 0.660076 0.249880 0.999999 0.000002 -0.000001 0.001227
-0.345018 0.660076 0.249904 0.999999 0.000001 -0.000000 0.001229
-0.345018 0.660077 0.249931 0.999999 -0.000000 -0.000001 0.001230
-0.345017 0.660077 0.249929 0.999999 0.000000 0.000002 0.001231
-0.345018 0.660076 0.249948 0.999999 0.000002 -0.000000 0.001232
-0.345018 0.660076 0.249952 0.999999 0.000002 -0.000001 0.001232
-0.345019 0.660076 0.249952 0.999999 0.000002 -0.000002 0.001232
-0.345018 0.660078 0.249909 0.999999 -0.000002 -0.000000 0.001235
-0.345016 0.660078 0.249845 0.999999 -0.000001 0.000003 0.001238
-0.345018 0.660077 0.249889 0.999999 -0.000001 -0.000001 0.001239
-0.345019 0.660078 0.249911 0.999999 -0.000001 -0.000003 0.001240
-0.345017 0.660076 0.249893 0.999999 0.000003 0.000000 0.001241
-0.345017 0.660078 0.249846 0.999999 -0.000002 0.000001 0.001243
-0.345017 0.660077 0.249895 0.999999 0.000002 -0.000000 0.001244
-0.345016 0.660078 0.249932 0.999999 -0.000001 0.000002 0.001245
-0.345017 0.660079 0.249869 0.999999 -0.000003 0.000001 0.001247
-0.345017 0.660076 0.249893 0.999999 0.000004 -0.000000 0.001249
-0.345016 0.660078 0.249865 0.999999 0.000000 0.000001 0.001252
-0.345017 0.660079 0.249885 0.999999 -0.000001 0.000000 0.001255
-0.345016 0.660075 0.249813 0.999999 0.000006 0.000002 0.001257
-0.345017 0.660081 0.249784 0.999999 -0.000006 0.000000 0.001259
-0.345017 0.660078 0.249822 0.999999 0.000001 -0.000001 0.001261
-0.345017 0.660077 0.249815 0.999999 0.000002 0.000001 0.001263
-0.345018 0.660078 0.249827 0.999999 0.000000 -0.000003 0.001264
-0.345019 0.660078 0.249838 0.999999 0.000001 -0.000004 0.001265
-0.345017 0.660078 0.249843 0.999999 0.000001 -0.000001 0.001266
-0.345018 0.660077 0.249854 0.999999 0.000002 -0.000002 0.001267
-0.345019 0.660078 0.249855 0.999999 -0.000000 -0.000004 0.001268
-0.345017 0.660078 0.249871 0.999999 0.000001 0.000000 0.001270
-0.345017 0.660078 0.249948 0.999999 0.000002 -0.000001 0.001271
-0.345016 0.660078 0.249902 0.999999 0.000001 0.000001 0.001273
-0.345017 0.660079 0.249893 0.999999 -0.000001 -0.000002 0.001274
-0.345018 0.660077 0.249887 0.999999 0.000003 -0.000002 0.001276
-0.345017 0.660079 0.249890 0.999999 0.000000 -0.000000 0.001278
-0.345017 0.660080 0.249883 0.999999 -0.000003 -0.000000 0.001278
-0.345018 0.660079 0.249880 0.999999 0.000001 -0.000003 0.001279
-0.345016 0.660079 0.249892 0.999999 0.000000 0.000001 0.001279
-0.345016 0.660079 0.249913 0.999999 0.000000 0.000001 0.001280
-0.345017 0.660079 0.249921 0.999999 -0.000001 -0.000000 0.001280
-0.345017 0.660080 0.249936 0.999999 -0.000002 -0.000001 0.001281
-0.345017 0.660079 0.249934 0.999999 0.000001 -0.000000 0.001281
-0.345018 0.660080 0.249925 0.999999 -0.000002 -0.000002 0.001282
-0.345017 0.660076 0.249912 0.999999 0.000007 -0.000001 0.001283
-0.345019 0.660079 0.249840 0.999999 0.000001 -0.000005 0.001284
-0.345016 0.660080 0.249833 0.999999 -0.000002 0.000001 0.001286
-0.345016 0.660078 0.249817 0.999999 0.000003 0.000001 0.001290
-0.345013 0.660081 0.249772 0.999999 -0.000003 0.000006 0.001292
-0.345019 0.660078 0.249775 0.999999 0.000002 -0.000007 0.001294
-0.345016 0.660083 0.249804 0.999999 -0.000007 -0.000000 0.001296
-0.345016 0.660079 0.249834 0.999999 0.000002 0.000001 0.001298
-0.345013 0.660080 0.249866 0.999999 0.000000 0.000005 0.001302
-0.345015 0.660079 0.249907 0.999999 0.000002 0.000001 0.001305
-0.345016 0.660080 0.249899 0.999999 -0.000001 0.000000 0.001307
-0.345016 0.660080 0.249926 0.999999 0.000001 -0.000001 0.001308
-0.345015 0.660079 0.249919 0.999999 0.000003 0.000001 0.001310
