-0.080749 0.885955 0.407053
-0.080806 0.885867 0.407063
-0.079557 0.885777 0.407163
-0.079503 0.885695 0.407179
-0.080365 0.885196 0.407188
-0.080627 0.883901 0.407448
-0.080300 0.883350 0.407596
-0.080998 0.882675 0.407663
-0.080861 0.881150 0.407990
-0.079566 0.879504 0.408424
-0.078153 0.878887 0.408635
-0.075370 0.876616 0.409200
-0.075117 0.876293 0.409268
-0.075036 0.874757 0.409565
-0.074929 0.874514 0.409612
-0.075480 0.873528 0.409771
-0.075457 0.873330 0.409806
-0.076299 0.872544 0.409910
-0.076310 0.872225 0.409961
-0.077180 0.871626 0.409981
-0.079455 0.870234 0.410093
-0.079716 0.869547 0.410215
-0.080583 0.868795 0.410273
-0.082770 0.866652 0.410559
-0.082764 0.866239 0.410640
-0.084248 0.864616 0.410809
-0.085345 0.862917 0.411081
-0.085217 0.862004 0.411259
-0.085939 0.861124 0.411347
-0.087703 0.858586 0.411716
-0.087624 0.858093 0.411809
-0.088370 0.857144 0.411907
-0.090092 0.854432 0.412304
-0.089585 0.853017 0.412568
-0.089648 0.851646 0.412797
-0.089439 0.851007 0.412900
-0.089904 0.850016 0.413037
-0.089860 0.849524 0.413107
-0.090610 0.848647 0.413212
-0.090637 0.848452 0.413235
-0.091639 0.847712 0.413300
-0.091722 0.847379 0.413335
-0.092577 0.846949 0.413355
-0.093602 0.846332 0.413375
-0.095288 0.844789 0.413524
-0.096188 0.843873 0.413646
-0.097147 0.843131 0.413698
-0.098440 0.841780 0.413843
-0.099197 0.839521 0.414212
-0.099847 0.838683 0.414320
-0.101286 0.837973 0.414295
-0.102588 0.838000 0.414238
-0.102697 0.837935 0.414238
-0.104065 0.837715 0.414201
-0.105042 0.837164 0.414216
-0.105958 0.836578 0.414251
-0.107897 0.835244 0.414404
-0.108848 0.834513 0.414465
-0.109703 0.833770 0.414541
-0.111205 0.831533 0.414910
-0.111145 0.831246 0.414958
-0.111692 0.830074 0.415122
-0.111680 0.829865 0.415148
-0.112546 0.829081 0.415212
-0.112598 0.828895 0.415229
-0.113706 0.828147 0.415260
-0.113768 0.827985 0.415271
-0.114695 0.827527 0.415267
-0.117100 0.825841 0.415397
-0.117388 0.825406 0.415455
-0.118190 0.824681 0.415535
-0.120570 0.822564 0.415773
-0.120797 0.822030 0.415857
-0.121460 0.821144 0.415981
-0.123641 0.818835 0.416279
-0.123813 0.818251 0.416376
-0.124439 0.816937 0.416584
-0.125998 0.815256 0.416794
-0.126366 0.814543 0.416903
-0.127051 0.812439 0.417258
-0.126970 0.812090 0.417312
-0.127407 0.810845 0.417472
-0.127392 0.810585 0.417502
-0.128165 0.809554 0.417588
-0.128194 0.809350 0.417605
-0.129182 0.808604 0.417630
-0.129307 0.808239 0.417651
-0.130366 0.807636 0.417645
-0.130467 0.807462 0.417651
-0.131702 0.806834 0.417627
-0.131910 0.805967 0.417644
-0.131259 0.803361 0.417706
-0.131303 0.803225 0.417713
-0.132425 0.802718 0.417694
-0.132533 0.802559 0.417699
-0.133869 0.801957 0.417659
-0.133971 0.801798 0.417661
-0.135243 0.801213 0.417607
-0.136176 0.800532 0.417648
-0.137061 0.799805 0.417706
-0.138925 0.798206 0.417877
-0.139839 0.797374 0.417963
-0.140673 0.796522 0.418063
-0.142239 0.794611 0.418346
-0.143080 0.793720 0.418457
-0.143847 0.792815 0.418578
-0.145054 0.790292 0.419028
-0.144987 0.789976 0.419081
-0.145503 0.788868 0.419213
-0.145499 0.788396 0.419263
-0.146248 0.787715 0.419289
-0.146397 0.787294 0.419313
-0.147348 0.786712 0.419295
-0.147627 0.786224 0.419300
-0.148677 0.785836 0.419240
-0.148970 0.785529 0.419229
-0.150309 0.785108 0.419131
-0.150466 0.784955 0.419122
-0.151777 0.784492 0.419029
-0.152757 0.783793 0.419077
-0.154241 0.782549 0.419199
-0.155582 0.781663 0.419288
-0.156574 0.780865 0.419381
-0.157997 0.779499 0.419576
-0.159299 0.778402 0.419779
-0.160173 0.777627 0.419891
-0.160997 0.776838 0.420010
-0.162667 0.775352 0.420305
-0.163536 0.774540 0.420440
-0.164344 0.773722 0.420580
-0.165929 0.771985 0.421027
-0.165933 0.771783 0.421075
-0.166746 0.771171 0.421201
-0.166799 0.771014 0.421221
-0.167904 0.770516 0.421239
-0.167995 0.770365 0.421247
-0.169272 0.769877 0.421208
-0.169385 0.769725 0.421209
-0.170667 0.769241 0.421146
-0.170814 0.769078 0.421142
-0.172190 0.768571 0.421052
-0.172350 0.768405 0.421043
-0.166254 0.772582 0.419127
-0.166400 0.772560 0.419123
-0.166784 0.772370 0.419122
-0.168453 0.771030 0.419311
-0.169049 0.770601 0.419385
-0.169802 0.769837 0.419548
-0.171419 0.768334 0.419816
-0.172300 0.767536 0.420006
-0.172038 0.767476 0.420123
-0.172477 0.766758 0.420330
-0.172986 0.766118 0.420515
-0.173409 0.765279 0.420773
-0.173446 0.765030 0.420872
-0.173367 0.764639 0.421034
-0.173391 0.764482 0.421090
-0.173196 0.763957 0.421300
-0.172902 0.763581 0.421425
-0.172903 0.763490 0.421443
-0.174516 0.762000 0.421697
-0.174799 0.761266 0.421902
-0.176213 0.759542 0.422272
-0.176863 0.758209 0.422586
-0.177536 0.757273 0.422789
-0.178384 0.755588 0.423240
-0.179117 0.754558 0.423464
-0.179514 0.751864 0.424239
-0.178353 0.751252 0.424505
-0.177798 0.750370 0.424685
-0.177216 0.750029 0.424795
-0.176808 0.749593 0.424878
-0.176630 0.749209 0.424931
-0.176211 0.748896 0.425001
-0.176136 0.748830 0.425017
-0.175988 0.748746 0.425065
-0.175972 0.748588 0.425082
-0.176017 0.748489 0.425102
-0.176075 0.748402 0.425108
-0.176526 0.748201 0.425102
-0.176740 0.748074 0.425104
-0.177365 0.747829 0.425078
-0.177549 0.747735 0.425072
-0.178470 0.747367 0.425033
-0.178406 0.747395 0.425033
-0.178544 0.747391 0.425025
-0.178775 0.747219 0.425012
-0.178895 0.747167 0.425007
-0.179119 0.746975 0.425001
-0.179289 0.746895 0.424993
-0.179880 0.746574 0.424958
-0.180173 0.746473 0.424936
-0.181245 0.745660 0.425062
-0.182176 0.744907 0.425183
-0.182908 0.744386 0.425251
-0.183997 0.743352 0.425459
-0.184991 0.742414 0.425623
-0.186244 0.741073 0.425890
-0.187351 0.739878 0.426099
-0.188676 0.738459 0.426330
-0.189239 0.737865 0.426372
-0.189812 0.737222 0.426444
-0.189699 0.737105 0.426489
-0.189491 0.736970 0.426557
-0.189565 0.736797 0.426569
-0.189847 0.736554 0.426590
-0.189590 0.736274 0.426656
-0.190246 0.735800 0.426632
-0.189963 0.735637 0.426650
-0.189525 0.735339 0.426703
-0.189867 0.735035 0.426702
-0.190078 0.734803 0.426693
-0.190191 0.734531 0.426689
-0.189942 0.734362 0.426713
-0.189559 0.734119 0.426748
-0.189188 0.733869 0.426805
-0.189498 0.733449 0.426796
-0.190223 0.732641 0.426955
-0.191387 0.731265 0.427199
-0.192231 0.730184 0.427439
-0.193176 0.728563 0.427798
-0.194131 0.727229 0.428063
-0.195890 0.724137 0.428616
-0.194636 0.723213 0.428862
-0.194627 0.722344 0.428963
-0.194024 0.722024 0.429039
-0.194081 0.721421 0.429093
-0.193996 0.720870 0.429119
-0.193252 0.720820 0.429184
-0.192897 0.720524 0.429225
-0.191995 0.720203 0.429308
-0.192106 0.720006 0.429319
-0.192233 0.719266 0.429360
-0.192136 0.718762 0.429375
-0.192037 0.718234 0.429382
-0.192453 0.717568 0.429377
-0.192471 0.717469 0.429376
-0.192450 0.717415 0.429391
-0.192431 0.717258 0.429401
-0.192811 0.717000 0.429396
-0.192718 0.716959 0.429405
-0.192673 0.716847 0.429421
-0.193635 0.715969 0.429580
-0.194716 0.715108 0.429715
-0.195511 0.714523 0.429800
-0.196752 0.713368 0.430029
-0.197748 0.712406 0.430225
-0.198962 0.711282 0.430427
-0.199183 0.710950 0.430482
-0.199041 0.710473 0.430602
-0.199103 0.710324 0.430616
-0.199362 0.710076 0.430641
-0.199421 0.709866 0.430664
-0.199555 0.709676 0.430681
-0.199678 0.709426 0.430693
-0.199787 0.709379 0.430695
-0.200060 0.709168 0.430693
-0.200394 0.709034 0.430689
-0.200693 0.708891 0.430672
-0.201269 0.708626 0.430653
-0.201622 0.708487 0.430625
-0.202627 0.708385 0.430548
-0.202876 0.708428 0.430519
-0.203407 0.708521 0.430469
-0.203765 0.708534 0.430431
-0.204053 0.708488 0.430410
-0.205355 0.708379 0.430301
-0.205838 0.708356 0.430195
-0.206333 0.708065 0.430125
-0.206461 0.707742 0.430089
-0.205742 0.707573 0.430130
-0.205085 0.707412 0.430170
-0.205782 0.706773 0.430141
-0.205859 0.706651 0.430129
-0.205786 0.706529 0.430107
-0.205744 0.706413 0.430104
-0.205658 0.705999 0.430093
-0.205484 0.705914 0.430106
-0.205322 0.705706 0.430105
-0.205226 0.705593 0.430109
-0.204880 0.705430 0.430119
-0.204556 0.705391 0.430148
-0.203687 0.705292 0.430207
-0.202262 0.704612 0.430336
-0.201548 0.703162 0.430459
-0.200012 0.702534 0.430568
-0.200068 0.701632 0.430624
-0.200166 0.701417 0.430625
-0.202415 0.698827 0.431070
-0.202752 0.697192 0.431218
-0.201422 0.696390 0.431349
-0.202295 0.695301 0.431331
-0.201595 0.695021 0.431346
-0.201642 0.694913 0.431355
-0.201706 0.694728 0.431374
-0.201766 0.694627 0.431385
-0.201974 0.694325 0.431398
-0.202232 0.694164 0.431386
-0.202757 0.693798 0.431367
-0.202828 0.693736 0.431367
-0.202932 0.693519 0.431367
-0.203744 0.692614 0.431539
-0.204479 0.691790 0.431701
-0.205422 0.690422 0.431947
-0.205542 0.690207 0.431963
-0.205875 0.689865 0.431981
-0.206344 0.689457 0.431970
-0.207351 0.688995 0.431922
-0.207204 0.689019 0.431926
-0.207261 0.688943 0.431914
-0.207342 0.688830 0.431911
-0.207785 0.688517 0.431894
-0.208203 0.688288 0.431845
-0.208630 0.688022 0.431794
-0.208279 0.687952 0.431794
-0.208691 0.687572 0.431771
-0.209170 0.686964 0.431725
-0.210309 0.686302 0.431601
-0.211157 0.685764 0.431492
-0.210994 0.685636 0.431440
-0.210607 0.685200 0.431440
-0.210465 0.684765 0.431451
-0.210414 0.684392 0.431462
-0.210881 0.683623 0.431448
-0.210733 0.683407 0.431442
-0.211355 0.682422 0.431626
-0.212547 0.680773 0.431891
-0.213682 0.679392 0.432122
-0.215239 0.677249 0.432459
-0.216557 0.675677 0.432705
-0.219488 0.671576 0.433202
-0.220719 0.669096 0.433186
-0.221151 0.667972 0.433102
-0.221575 0.666793 0.433018
-0.221050 0.665952 0.433011
-0.220946 0.664717 0.433027
-0.220357 0.664378 0.433024
-0.219519 0.663959 0.433096
-0.219197 0.663128 0.433183
-0.217764 0.662887 0.433306
-0.217541 0.661725 0.433386
-0.216564 0.661377 0.433470
-0.216864 0.660401 0.433499
-0.216819 0.660275 0.433507
-0.216821 0.660148 0.433514
-0.216770 0.660057 0.433525
-0.216647 0.659961 0.433550
-0.216841 0.659656 0.433549
-0.217011 0.659263 0.433551
-0.217089 0.659026 0.433554
-0.217038 0.658757 0.433575
-0.216977 0.658581 0.433584
-0.216989 0.658315 0.433587
-0.217021 0.658121 0.433585
-0.217434 0.657569 0.433567
-0.217516 0.657405 0.433558
-0.217822 0.657190 0.433523
-0.217882 0.657087 0.433513
-0.217875 0.657059 0.433498
-0.217900 0.656883 0.433500
-0.218042 0.656695 0.433502
-0.218205 0.656562 0.433492
-0.218551 0.656437 0.433471
-0.218907 0.656103 0.433452
-0.219558 0.655710 0.433410
-0.219629 0.655674 0.433398
-0.219820 0.655616 0.433373
-0.220752 0.654722 0.433522
-0.221830 0.653806 0.433640
-0.223056 0.652786 0.433686
-0.224416 0.651842 0.433698
-0.225658 0.651238 0.433623
-0.226088 0.650822 0.433590
-0.226758 0.650007 0.433543
-0.227064 0.649639 0.433505
-0.227864 0.648840 0.433409
-0.228149 0.648605 0.433361
-0.228913 0.648081 0.433260
-0.229366 0.647745 0.433196
-0.230755 0.647029 0.432993
-0.231045 0.647024 0.432917
-0.232018 0.646658 0.432750
-0.232494 0.646345 0.432672
-0.233393 0.645780 0.432523
-0.233671 0.645718 0.432447
-0.234256 0.645628 0.432298
-0.234729 0.645363 0.432212
-0.235375 0.645218 0.432076
-0.235557 0.645397 0.431999
-0.235868 0.645761 0.431871
-0.235967 0.645816 0.431830
-0.236318 0.645905 0.431733
-0.237693 0.645445 0.431473
-0.239335 0.645003 0.431160
-0.240953 0.643909 0.430835
-0.242674 0.642004 0.430493
-0.243964 0.641126 0.430119
-0.245289 0.640044 0.429706
-0.246115 0.639623 0.429419
-0.246657 0.639270 0.429194
-0.247899 0.638808 0.428840
-0.249001 0.638106 0.428555
-0.249087 0.637986 0.428514
-0.250539 0.636100 0.428758
-0.251673 0.634385 0.428895
-0.252369 0.633313 0.428797
-0.252558 0.632769 0.428701
-0.252673 0.632267 0.428625
-0.252991 0.631901 0.428508
-0.253190 0.631120 0.428497
-0.252886 0.631217 0.428486
-0.252824 0.631141 0.428457
-0.252704 0.630926 0.428477
-0.252234 0.630754 0.428575
-0.252249 0.630769 0.428568
-0.252369 0.630511 0.428574
-0.252357 0.630480 0.428578
-0.252433 0.630289 0.428564
-0.252576 0.630120 0.428551
-0.252797 0.629663 0.428541
-0.252954 0.629588 0.428503
-0.253228 0.629459 0.428423
-0.253256 0.629476 0.428407
-0.253675 0.629074 0.428321
-0.254377 0.628056 0.428467
-0.256191 0.625443 0.428742
-0.257067 0.623368 0.428762
-0.257338 0.621950 0.428699
-0.257447 0.620778 0.428665
-0.257208 0.619158 0.428716
-0.256057 0.619111 0.428859
-0.255890 0.618155 0.428924
-0.256460 0.616839 0.429128
-0.257445 0.614919 0.429395
-0.258241 0.613296 0.429668
-0.259513 0.609450 0.430333
-0.259886 0.608420 0.430387
-0.259150 0.608136 0.430556
-0.259607 0.607079 0.430770
-0.260646 0.604979 0.431099
-0.261177 0.603658 0.431412
-0.261538 0.601044 0.432267
-0.260218 0.600736 0.432651
-0.258979 0.599251 0.433071
-0.257977 0.597704 0.433402
-0.257729 0.597155 0.433514
-0.258924 0.593669 0.434128
-0.258645 0.591343 0.434547
-0.256759 0.589497 0.434997
-0.255512 0.588980 0.435245
-0.254843 0.587314 0.435475
-0.254048 0.586096 0.435695
-0.253082 0.584588 0.435928
-0.252272 0.583119 0.436118
-0.251523 0.582092 0.436259
-0.251121 0.582031 0.436317
-0.251617 0.579855 0.436760
-0.251375 0.578460 0.437098
-0.251783 0.575783 0.437881
-0.250904 0.572636 0.438569
-0.250188 0.571164 0.438838
-0.248876 0.570137 0.439105
-0.248148 0.569375 0.439248
-0.247615 0.568562 0.439381
-0.246913 0.567269 0.439521
-0.246391 0.566972 0.439603
-0.246033 0.566453 0.439665
-0.246126 0.565796 0.439693
-0.245964 0.565258 0.439724
-0.245407 0.564851 0.439759
-0.244810 0.563868 0.439876
-0.244377 0.563021 0.439956
-0.243320 0.562222 0.440084
-0.242974 0.561455 0.440159
-0.242673 0.560065 0.440285
-0.242028 0.559120 0.440367
-0.241246 0.557846 0.440482
-0.240563 0.556529 0.440619
-0.240178 0.556094 0.440677
-0.239599 0.555190 0.440768
-0.238884 0.553753 0.440917
-0.237972 0.552529 0.441056
-0.237752 0.551976 0.441109
-0.238368 0.549460 0.441507
-0.238580 0.548575 0.441642
-0.239617 0.545982 0.442146
-0.240014 0.544917 0.442323
-0.241619 0.541636 0.442861
-0.242874 0.538586 0.443319
-0.242799 0.537519 0.443454
-0.242620 0.536517 0.443525
-0.241852 0.535473 0.443629
-0.241267 0.534430 0.443715
-0.240800 0.533826 0.443747
-0.240221 0.532660 0.443825
-0.239993 0.532440 0.443861
-0.240684 0.530467 0.444221
-0.240875 0.529521 0.444372
-0.242153 0.526440 0.444894
-0.242497 0.525350 0.445079
-0.243926 0.522544 0.445606
-0.245027 0.520406 0.446061
-0.244997 0.519803 0.446162
-0.245270 0.519426 0.446128
-0.245266 0.519071 0.446130
-0.245137 0.518691 0.446154
-0.245080 0.518544 0.446169
-0.245067 0.518355 0.446191
-0.245111 0.518124 0.446193
-0.245401 0.517887 0.446170
-0.245505 0.517724 0.446163
-0.245651 0.517517 0.446170
-0.246309 0.516413 0.446348
-0.246954 0.515360 0.446508
-0.247956 0.514473 0.446623
-0.248361 0.514150 0.446652
-0.249302 0.513548 0.446668
-0.249551 0.513374 0.446676
-0.250026 0.513220 0.446671
-0.250192 0.513039 0.446665
-0.250505 0.513010 0.446620
-0.250667 0.512967 0.446595
-0.251377 0.511965 0.446737
-0.252079 0.510958 0.446880
-0.252682 0.510091 0.446983
-0.253701 0.508413 0.447217
-0.254736 0.506835 0.446458
-0.255460 0.505779 0.445794
-0.255989 0.505074 0.445372
-0.256505 0.504423 0.444174
-0.256826 0.503931 0.443229
-0.257135 0.503378 0.441702
-0.257377 0.503104 0.440529
-0.257572 0.503000 0.439772
-0.257928 0.502891 0.438324
-0.258156 0.502747 0.437236
-0.258267 0.502642 0.436576
-0.258441 0.502414 0.435225
-0.258609 0.502163 0.434161
-0.258833 0.501893 0.432538
-0.258987 0.501735 0.431324
-0.259301 0.501736 0.430077
-0.259457 0.501609 0.429790
-0.259828 0.501499 0.429493
-0.260441 0.500396 0.429607
-0.261039 0.499391 0.429736
-0.261473 0.498641 0.429835
-0.262301 0.497128 0.430097
-0.263063 0.495827 0.430326
-0.263724 0.494841 0.430500
-0.264260 0.494126 0.430607
-0.264733 0.493703 0.430661
-0.265123 0.493380 0.430686
-0.265950 0.492238 0.430870
-0.266774 0.491231 0.431033
-0.267441 0.490446 0.431150
-0.268415 0.488881 0.431401
-0.269355 0.487453 0.431609
-0.270654 0.485540 0.431896
-0.271773 0.484001 0.432128
-0.273109 0.481915 0.432461
-0.274184 0.480339 0.432741
-0.275800 0.478793 0.433038
-0.276366 0.478548 0.433093
-0.277006 0.478151 0.432162
-0.277567 0.477942 0.431360
-0.278085 0.477651 0.430863
-0.278615 0.477378 0.429592
-0.279058 0.477153 0.428563
-0.279478 0.476993 0.427918
-0.279927 0.476796 0.426547
-0.280254 0.476496 0.425510
-0.280590 0.476338 0.424864
-0.280949 0.476274 0.424450
-0.281578 0.476329 0.424031
-0.281860 0.476378 0.423901
-0.283315 0.474621 0.424089
-0.285093 0.472803 0.424323
-0.285795 0.472682 0.424285
-0.286560 0.471504 0.424446
-0.288554 0.468135 0.424904
-0.289247 0.467775 0.424875
-0.289334 0.467634 0.424859
-0.289583 0.467144 0.424888
-0.290090 0.466561 0.424772
-0.290272 0.465861 0.424683
-0.290286 0.465685 0.424619
-0.290107 0.465267 0.424588
-0.290076 0.464943 0.424535
-0.289867 0.464506 0.424493
-0.289625 0.464182 0.424440
-0.289378 0.463998 0.424436
-0.289068 0.463641 0.424470
-0.289300 0.462394 0.424649
-0.289898 0.459365 0.425100
-0.289632 0.457694 0.425321
-0.289135 0.456894 0.425381
-0.288932 0.456748 0.425302
-0.288512 0.456364 0.425349
-0.288206 0.455969 0.425401
-0.287933 0.455422 0.425432
-0.287642 0.454963 0.425482
-0.287593 0.454820 0.425515
-0.287546 0.454442 0.425558
-0.287555 0.454351 0.425566
-0.287510 0.454052 0.425581
-0.287567 0.453689 0.425524
-0.287620 0.453843 0.425528
-0.287897 0.453588 0.425492
-0.288209 0.453915 0.425470
-0.288655 0.453960 0.425355
-0.289206 0.454014 0.425301
-0.289933 0.454439 0.425187
-0.290640 0.454571 0.425083
-0.291425 0.454421 0.425021
-0.291713 0.454414 0.424015
-0.292195 0.454369 0.422647
-0.292414 0.454170 0.421350
-0.293084 0.454310 0.419660
-0.293388 0.454209 0.418273
-0.294436 0.454672 0.415935
-0.296165 0.455425 0.415521
-0.298041 0.456231 0.415354
-0.299899 0.456072 0.415294
-0.301305 0.456446 0.415169
-0.303013 0.457109 0.414950
-0.304284 0.457914 0.414599
-0.306062 0.458459 0.414325
-0.307649 0.459283 0.414134
-0.309089 0.458660 0.414084
-0.310450 0.458942 0.413880
-0.311949 0.459658 0.413670
-0.313419 0.459910 0.413404
-0.314697 0.460061 0.413183
-0.316096 0.460240 0.412883
-0.317489 0.460632 0.412536
-0.318956 0.461516 0.412200
-0.320161 0.461431 0.412081
-0.321142 0.461306 0.411900
-0.322412 0.461045 0.411734
-0.323584 0.461162 0.411560
-0.324288 0.461164 0.411367
-0.325570 0.461261 0.411172
-0.326479 0.461647 0.410945
-0.327486 0.461225 0.410897
-0.328365 0.461307 0.410810
-0.329736 0.461391 0.410666
-0.331114 0.461460 0.410551
-0.332744 0.461618 0.410286
-0.333625 0.461535 0.410130
-0.334604 0.461600 0.409996
-0.335209 0.461894 0.409733
-0.336651 0.461925 0.409394
-0.337282 0.461779 0.409173
-0.337855 0.462201 0.409071
-0.338352 0.462358 0.409042
-0.339303 0.462676 0.408850
-0.339408 0.462514 0.408831
-0.339520 0.462297 0.408816
-0.339985 0.461026 0.408986
-0.340643 0.459753 0.409128
-0.341416 0.457674 0.409478
-0.341982 0.456006 0.409815
-0.342607 0.454313 0.410211
-0.342897 0.453844 0.410265
-0.343323 0.453196 0.410370
-0.343603 0.453042 0.410447
-0.344294 0.452939 0.410431
-0.344659 0.452876 0.410433
-0.345173 0.452949 0.410370
-0.345437 0.452917 0.410314
-0.346230 0.452618 0.410225
-0.347270 0.452576 0.410124
-0.348672 0.452568 0.410107
-0.349451 0.452519 0.409947
-0.350184 0.452393 0.409838
-0.351019 0.452583 0.409748
-0.352389 0.452894 0.409708
-0.353475 0.452927 0.409636
-0.354956 0.453004 0.409793
-0.355367 0.453704 0.409484
-0.356168 0.453687 0.409357
-0.356854 0.453771 0.409013
-0.357586 0.453737 0.408939
-0.358406 0.453841 0.408766
-0.359248 0.453839 0.408650
-0.359540 0.454434 0.408472
-0.360122 0.454204 0.408461
-0.360626 0.454014 0.408518
-0.361356 0.454063 0.408535
-0.361988 0.454406 0.408253
-0.362924 0.453839 0.408347
-0.363206 0.454331 0.408182
-0.363534 0.453938 0.408179
-0.363983 0.454205 0.408046
-0.364467 0.454310 0.407904
-0.365206 0.454302 0.408044
-0.366133 0.454360 0.407961
-0.367004 0.454001 0.408149
-0.367786 0.453954 0.407964
-0.368229 0.454040 0.407872
-0.368901 0.453965 0.407856
-0.369709 0.453764 0.407856
-0.370412 0.453721 0.407663
-0.371294 0.453240 0.407776
-0.371825 0.453494 0.407898
-0.372593 0.453588 0.407854
-0.373442 0.453502 0.407823
-0.374301 0.453604 0.407683
-0.374910 0.453575 0.407851
-0.375256 0.453594 0.407724
