-0.800017 1.000022 0.249932 1.000000 -0.000001 0.000004 0.000048
-0.800020 1.000020 0.249910 1.000000 0.000004 -0.000003 0.000048
-0.800020 1.000022 0.249930 1.000000 0.000000 -0.000001 0.000049
-0.800020 1.000023 0.249936 1.000000 -0.000001 -0.000002 0.000050
-0.800021 1.000022 0.249944 1.000000 0.000000 -0.000003 0.000050
-0.800020 1.000023 0.249955 1.000000 -0.000000 -0.000002 0.000051
-0.800018 1.000023 0.249950 1.000000 0.000000 0.000002 0.000051
-0.800019 1.000023 0.249938 1.000000 -0.000002 0.000001 0.000052
-0.800020 1.000021 0.249855 1.000000 0.000004 -0.000000 0.000053
-0.800017 1.000022 0.249781 1.000000 0.000003 0.000005 0.000054
-0.800018 1.000022 0.249772 1.000000 0.000001 0.000002 0.000055
-0.800019 1.000022 0.249829 1.000000 0.000002 0.000001 0.000057
-0.800019 1.000023 0.249835 1.000000 0.000001 0.000002 0.000058
-0.800018 1.000021 0.249803 1.000000 0.000004 0.000004 0.000061
-0.800022 1.000025 0.249791 1.000000 -0.000004 -0.000003 0.000062
-0.800022 1.000023 0.249817 1.000000 0.000002 -0.000003 0.000064
-0.800022 1.000023 0.249828 1.000000 0.000001 -0.000004 0.000064
-0.800023 1.000025 0.249847 1.000000 -0.000002 -0.000005 0.000066
-0.800026 1.000025 0.249814 1.000000 -0.000002 -0.000010 0.000067
-0.800025 1.000020 0.249794 1.000000 0.000008 -0.000009 0.000068
-0.800019 1.000020 0.249768 1.000000 0.000008 0.000004 0.000069
-0.800021 1.000026 0.249761 1.000000 -0.000003 -0.000000 0.000069
-0.800017 1.000022 0.249757 1.000000 0.000004 0.000008 0.000070
-0.800023 1.000024 0.249751 1.000000 -0.000001 -0.000003 0.000071
-0.800021 1.000023 0.249758 1.000000 0.000002 -0.000000 0.000071
-0.800023 1.000024 0.249801 1.000000 0.000001 -0.000004 0.000071
-0.800022 1.000023 0.249860 1.000000 0.000002 -0.000001 0.000073
-0.800021 1.000026 0.249877 1.000000 -0.000003 0.000002 0.000074
-0.800021 1.000025 0.249885 1.000000 -0.000002 0.000002 0.000074
-0.800023 1.000023 0.249888 1.000000 0.000004 -0.000002 0.000075
-0.800022 1.000026 0.249870 1.000000 -0.000004 -0.000000 0.000076
-0.800021 1.000025 0.249862 1.000000 -0.000000 0.000003 0.000076
-0.800021 1.000025 0.249833 1.000000 -0.000000 0.000003 0.000078
-0.800021 1.000025 0.249849 1.000000 -0.000000 0.000004 0.000079
-0.800022 1.000027 0.249839 1.000000 -0.000004 0.000003 0.000082
-0.800024 1.000023 0.249820 1.000000 0.000005 -0.000002 0.000083
-0.800026 1.000026 0.249845 1.000000 -0.000001 -0.000004 0.000085
-0.800023 1.000027 0.249857 1.000000 -0.000003 0.000002 0.000086
-0.800025 1.000026 0.249913 1.000000 -0.000000 -0.000003 0.000088
-0.800026 1.000026 0.249902 1.000000 -0.000001 -0.000003 0.000089
-0.800025 1.000025 0.249917 1.000000 0.000001 -0.000002 0.000091
-0.800025 1.000026 0.249912 1.000000 -0.000001 -0.000001 0.000091
-0.800025 1.000027 0.249882 1.000000 -0.000002 -0.000001 0.000092
-0.800025 1.000025 0.249898 1.000000 0.000002 -0.000001 0.000093
-0.800026 1.000025 0.249910 1.000000 0.000001 -0.000002 0.000094
-0.800025 1.000027 0.249936 1.000000 -0.000001 -0.000000 0.000095
-0.800026 1.000027 0.249943 1.000000 -0.000001 -0.000002 0.000095
-0.800025 1.000027 0.249939 1.000000 -0.000001 0.000000 0.000096
-0.800024 1.000026 0.249870 1.000000 0.000001 0.000003 0.000100
-0.800026 1.000028 0.249920 1.000000 -0.000002 -0.000002 0.000101
-0.560036 0.720033 0.249870 1.000000 0.000002 -0.000006 0.000238
-0.560034 0.720034 0.249832 1.000000 0.000000 -0.000002 0.000242
-0.560031 0.720034 0.249837 1.000000 -0.000001 0.000004 0.000243
-0.560033 0.720034 0.249887 1.000000 0.000001 0.000001 0.000247
-0.560034 0.720032 0.249888 1.000000 0.000003 -0.000001 0.000248
-0.560034 0.720033 0.249893 1.000000 0.000001 -0.000001 0.000248
-0.560034 0.720035 0.249894 1.000000 -0.000001 -0.000001 0.000249
-0.560032 0.720032 0.249875 1.000000 0.000005 0.000003 0.000250
-0.560033 0.720033 0.249853 1.000000 0.000002 0.000001 0.000250
-0.560033 0.720034 0.249893 1.000000 0.000001 0.000002 0.000253
-0.560035 0.720035 0.249913 1.000000 -0.000001 -0.000002 0.000253
-0.560034 0.720036 0.249885 1.000000 -0.000003 -0.000000 0.000257
-0.560035 0.720035 0.249885 1.000000 -0.000001 -0.000001 0.000258
-0.560035 0.720033 0.249924 1.000000 0.000002 -0.000002 0.000259
-0.560033 0.720034 0.249923 1.000000 0.000000 0.000003 0.000259
-0.560035 0.720036 0.249811 1.000000 -0.000003 -0.000000 0.000263
-0.560035 0.720032 0.249797 1.000000 0.000005 -0.000000 0.000263
-0.560032 0.720036 0.249805 1.000000 -0.000002 0.000005 0.000264
-0.560033 0.720033 0.249818 1.000000 0.000003 0.000003 0.000266
-0.560036 0.720037 0.249808 1.000000 -0.000004 -0.000003 0.000267
-0.560035 0.720036 0.249791 1.000000 -0.000003 -0.000000 0.000268
-0.560035 0.720035 0.249857 1.000000 0.000000 -0.000001 0.000270
-0.560035 0.720034 0.249882 1.000000 0.000002 -0.000001 0.000271
-0.560036 0.720035 0.249903 1.000000 -0.000001 -0.000001 0.000272
-0.560037 0.720036 0.249888 1.000000 -0.000002 -0.000004 0.000274
-0.560036 0.720036 0.249867 1.000000 -0.000002 -0.000002 0.000274
-0.560034 0.720037 0.249885 1.000000 -0.000004 0.000002 0.000277
-0.560036 0.720034 0.249890 1.000000 0.000003 -0.000002 0.000277
-0.560036 0.720034 0.249888 1.000000 0.000002 -0.000002 0.000278
-0.560034 0.720035 0.249881 1.000000 -0.000001 0.000002 0.000281
-0.560036 0.720034 0.249886 1.000000 0.000002 -0.000001 0.000281
-0.560036 0.720036 0.249902 1.000000 -0.000001 -0.000000 0.000285
-0.560036 0.720034 0.249902 1.000000 0.000003 -0.000001 0.000286
-0.560035 0.720036 0.249824 1.000000 -0.000001 0.000002 0.000291
-0.560036 0.720037 0.249814 1.000000 -0.000003 -0.000001 0.000291
-0.560036 0.720036 0.249898 1.000000 -0.000001 -0.000000 0.000294
-0.560036 0.720034 0.249893 1.000000 0.000002 -0.000001 0.000296
-0.560037 0.720035 0.249951 1.000000 0.000001 -0.000002 0.000297
-0.560037 0.720035 0.249962 1.000000 0.000002 -0.000002 0.000298
-0.560037 0.720035 0.249966 1.000000 0.000002 -0.000002 0.000299
-0.560036 0.720035 0.249909 1.000000 0.000001 0.000001 0.000302
-0.560039 0.720037 0.249827 1.000000 -0.000001 -0.000004 0.000332
-0.560039 0.720035 0.249852 1.000000 0.000002 -0.000002 0.000332
-0.560037 0.720037 0.249923 1.000000 -0.000001 0.000002 0.000335
-0.560036 0.720037 0.249925 1.000000 -0.000001 0.000002 0.000336
-0.560038 0.720037 0.249969 1.000000 0.000000 -0.000000 0.000338
-0.560039 0.720037 0.249971 1.000000 -0.000000 -0.000002 0.000338
-0.560037 0.720038 0.249872 1.000000 -0.000002 0.000001 0.000341
-0.560040 0.720035 0.249854 1.000000 0.000003 -0.000003 0.000341
-0.560038 0.720036 0.249854 1.000000 0.000002 0.000000 0.000341
-0.560039 0.720037 0.249875 1.000000 0.000001 -0.000001 0.000342
-0.560038 0.720036 0.249873 1.000000 0.000001 0.000000 0.000343
-0.560040 0.720035 0.249867 1.000000 0.000004 -0.000003 0.000343
-0.560039 0.720038 0.249844 1.000000 -0.000001 -0.000001 0.000346
-0.560037 0.720036 0.249831 1.000000 0.000003 0.000002 0.000347
-0.560040 0.720038 0.249818 1.000000 -0.000002 -0.000004 0.000347
-0.560039 0.720038 0.249880 1.000000 -0.000001 -0.000001 0.000352
-0.560039 0.720037 0.249892 1.000000 0.000001 -0.000001 0.000353
-0.560038 0.720036 0.249930 1.000000 0.000002 0.000001 0.000355
-0.560039 0.720036 0.249885 1.000000 0.000003 -0.000002 0.000356
-0.560039 0.720036 0.249891 1.000000 0.000002 -0.000001 0.000360
-0.560039 0.720040 0.249854 1.000000 -0.000005 -0.000000 0.000361
-0.560040 0.720038 0.249843 1.000000 -0.000001 -0.000003 0.000364
-0.560038 0.720037 0.249866 1.000000 0.000001 0.000000 0.000366
-0.560038 0.720038 0.249894 1.000000 0.000000 0.000001 0.000368
-0.560039 0.720037 0.249916 1.000000 0.000001 -0.000001 0.000369
-0.560039 0.720036 0.249854 1.000000 0.000004 -0.000001 0.000371
-0.560039 0.720036 0.249861 1.000000 0.000003 -0.000001 0.000373
-0.560042 0.720038 0.249890 1.000000 -0.000000 -0.000005 0.000376
-0.560039 0.720038 0.249874 1.000000 0.000001 -0.000000 0.000376
-0.560041 0.720040 0.249841 1.000000 -0.000003 -0.000004 0.000377
-0.560040 0.720040 0.249807 1.000000 -0.000003 -0.000003 0.000379
-0.560038 0.720039 0.249811 1.000000 -0.000001 0.000001 0.000380
-0.560039 0.720037 0.249840 1.000000 0.000003 0.000000 0.000382
-0.560039 0.720038 0.249898 1.000000 0.000002 -0.000000 0.000386
-0.560037 0.720039 0.249898 1.000000 -0.000001 0.000004 0.000387
-0.560040 0.720039 0.249893 1.000000 -0.000002 -0.000001 0.000388
-0.560036 0.720039 0.249826 1.000000 -0.000000 0.000006 0.000390
-0.560036 0.720037 0.249804 1.000000 0.000002 0.000006 0.000390
-0.560041 0.720042 0.249786 1.000000 -0.000008 -0.000003 0.000391
-0.560039 0.720039 0.249774 1.000000 -0.000002 0.000002 0.000394
-0.560038 0.720041 0.249774 1.000000 -0.000006 0.000004 0.000394
-0.560039 0.720040 0.249773 1.000000 -0.000002 0.000000 0.000397
-0.560039 0.720040 0.249806 1.000000 -0.000001 0.000002 0.000398
-0.560040 0.720040 0.249931 1.000000 -0.000002 -0.000002 0.000401
-0.560041 0.720038 0.249933 1.000000 0.000003 -0.000002 0.000402
-0.560039 0.720039 0.249901 1.000000 -0.000001 0.000002 0.000405
-0.560040 0.720039 0.249886 1.000000 -0.000000 -0.000000 0.000406
-0.560039 0.720039 0.249867 1.000000 0.000000 0.000002 0.000408
-0.560039 0.720040 0.249876 1.000000 -0.000001 0.000001 0.000408
-0.560042 0.720039 0.249901 1.000000 -0.000000 -0.000004 0.000410
-0.560041 0.720039 0.249903 1.000000 0.000001 -0.000001 0.000410
-0.560041 0.720042 0.249852 1.000000 -0.000005 0.000001 0.000427
-0.560040 0.720038 0.249846 1.000000 0.000004 0.000002 0.000428
-0.560039 0.720040 0.249839 1.000000 -0.000000 0.000004 0.000431
-0.560042 0.720039 0.249836 1.000000 0.000001 -0.000002 0.000432
-0.560042 0.720040 0.249836 1.000000 0.000001 -0.000000 0.000433
-0.560042 0.720039 0.249877 1.000000 0.000003 -0.000001 0.000435
-0.560042 0.720039 0.249890 1.000000 0.000002 -0.000000 0.000437
-0.560043 0.720040 0.249918 1.000000 0.000000 -0.000002 0.000439
-0.560042 0.720041 0.249924 1.000000 -0.000001 -0.000001 0.000439
-0.560042 0.720039 0.249924 1.000000 0.000002 -0.000001 0.000440
-0.560042 0.720039 0.249921 1.000000 0.000002 -0.000000 0.000441
-0.560043 0.720038 0.249876 1.000000 0.000005 -0.000002 0.000442
-0.560041 0.720040 0.249863 1.000000 0.000001 0.000001 0.000443
-0.560042 0.720039 0.249848 1.000000 0.000002 -0.000000 0.000445
-0.560044 0.720039 0.249845 1.000000 0.000003 -0.000004 0.000446
-0.560041 0.720040 0.249935 1.000000 0.000001 0.000001 0.000448
-0.560042 0.720039 0.249922 1.000000 0.000002 0.000000 0.000450
-0.560042 0.720039 0.249915 1.000000 0.000004 -0.000001 0.000450
-0.560043 0.720041 0.249914 1.000000 -0.000001 -0.000001 0.000452
-0.560043 0.720039 0.249942 1.000000 0.000003 -0.000003 0.000452
-0.560042 0.720042 0.249933 1.000000 -0.000003 0.000001 0.000453
-0.560043 0.720040 0.249859 1.000000 0.000002 -0.000001 0.000454
-0.560042 0.720040 0.249844 1.000000 0.000002 -0.000000 0.000455
-0.560044 0.720039 0.249848 1.000000 0.000003 -0.000003 0.000457
-0.560041 0.720041 0.249849 1.000000 -0.000000 0.000003 0.000458
-0.560041 0.720042 0.249803 1.000000 -0.000003 0.000002 0.000462
-0.560044 0.720041 0.249867 1.000000 0.000001 -0.000003 0.000464
-0.560043 0.720042 0.249923 1.000000 -0.000002 -0.000001 0.000468
-0.560042 0.720042 0.249897 1.000000 -0.000002 0.000002 0.000473
-0.560043 0.720042 0.249932 1.000000 -0.000002 0.000001 0.000475
-0.560042 0.720040 0.249879 1.000000 0.000002 0.000003 0.000479
-0.560043 0.720041 0.249869 1.000000 0.000000 -0.000001 0.000483
-0.560042 0.720041 0.249872 1.000000 0.000001 0.000003 0.000484
-0.560044 0.720042 0.249872 1.000000 -0.000001 -0.000001 0.000485
-0.560044 0.720042 0.249894 1.000000 -0.000001 -0.000001 0.000487
-0.560044 0.720041 0.249920 1.000000 0.000000 -0.000002 0.000489
-0.560044 0.720043 0.249933 1.000000 -0.000002 -0.000001 0.000489
-0.560043 0.720042 0.249923 1.000000 -0.000001 0.000000 0.000491
-0.560044 0.720040 0.249891 1.000000 0.000003 -0.000002 0.000492
-0.560044 0.720041 0.249872 1.000000 0.000001 -0.000001 0.000494
-0.560042 0.720041 0.249859 1.000000 0.000003 0.000003 0.000495
-0.560042 0.720042 0.249803 1.000000 -0.000000 0.000003 0.000497
-0.560045 0.720039 0.249801 1.000000 0.000005 -0.000004 0.000497
-0.560045 0.720044 0.249779 1.000000 -0.000005 -0.000004 0.000498
-0.560044 0.720043 0.249773 1.000000 -0.000003 -0.000000 0.000499
-0.560041 0.720040 0.249769 1.000000 0.000003 0.000005 0.000499
-0.560043 0.720044 0.249773 1.000000 -0.000005 -0.000000 0.000501
-0.560043 0.720044 0.249778 1.000000 -0.000004 0.000001 0.000501
-0.560044 0.720040 0.249791 1.000000 0.000003 -0.000001 0.000503
-0.560043 0.720041 0.249810 1.000000 0.000001 0.000001 0.000504
-0.560042 0.720042 0.249832 1.000000 0.000001 0.000003 0.000505
-0.560045 0.720041 0.249851 1.000000 0.000002 -0.000002 0.000506
-0.560046 0.720040 0.249859 1.000000 0.000005 -0.000004 0.000506
-0.560042 0.720043 0.249852 1.000000 -0.000002 0.000003 0.000506
-0.560042 0.720043 0.249847 1.000000 -0.000001 0.000003 0.000507
-0.560047 0.720041 0.249847 1.000000 0.000003 -0.000007 0.000508
-0.560044 0.720042 0.249847 1.000000 0.000001 0.000000 0.000509
-0.560041 0.720044 0.249832 1.000000 -0.000003 0.000005 0.000511
-0.560047 0.720042 0.249817 1.000000 -0.000001 -0.000007 0.000512
-0.560043 0.720042 0.249813 1.000000 0.000000 0.000002 0.000514
-0.560046 0.720046 0.249811 1.000000 -0.000008 -0.000004 0.000514
-0.560044 0.720042 0.249784 1.000000 -0.000000 -0.000000 0.000516
-0.560043 0.720042 0.249775 1.000000 -0.000000 0.000001 0.000516
-0.560046 0.720043 0.249780 1.000000 -0.000002 -0.000004 0.000517
-0.560044 0.720041 0.249854 1.000000 0.000002 0.000000 0.000519
-0.560044 0.720042 0.249897 1.000000 0.000001 0.000000 0.000522
-0.560045 0.720043 0.249926 1.000000 -0.000002 -0.000001 0.000524
-0.560045 0.720042 0.249931 1.000000 0.000001 -0.000000 0.000525
-0.560046 0.720042 0.249880 1.000000 0.000001 -0.000003 0.000528
-0.560046 0.720043 0.249888 1.000000 -0.000002 -0.000002 0.000530
-0.560044 0.720041 0.249874 1.000000 0.000003 0.000001 0.000533
-0.560046 0.720041 0.249867 1.000000 0.000004 -0.000001 0.000536
-0.560046 0.720043 0.249887 1.000000 -0.000000 -0.000002 0.000540
-0.560045 0.720042 0.249931 1.000000 0.000002 -0.000000 0.000543
-0.560045 0.720042 0.249929 1.000000 0.000002 -0.000000 0.000544
-0.560046 0.720043 0.249918 1.000000 -0.000000 -0.000001 0.000545
-0.560045 0.720044 0.249936 1.000000 -0.000001 0.000000 0.000545
-0.560045 0.720043 0.249947 1.000000 0.000001 0.000000 0.000546
-0.560046 0.720044 0.249946 1.000000 -0.000001 -0.000002 0.000547
-0.560045 0.720045 0.249937 1.000000 -0.000003 -0.000000 0.000548
-0.560045 0.720042 0.249875 1.000000 0.000002 0.000001 0.000551
-0.560047 0.720044 0.249803 1.000000 -0.000001 -0.000003 0.000553
-0.560047 0.720043 0.249908 1.000000 0.000000 -0.000004 0.000556
-0.560046 0.720044 0.249938 1.000000 -0.000000 -0.000002 0.000558
-0.560046 0.720044 0.249939 1.000000 -0.000001 -0.000002 0.000560
-0.560047 0.720042 0.249861 1.000000 0.000004 -0.000003 0.000563
-0.560049 0.720039 0.249807 1.000000 0.000009 -0.000005 0.000565
-0.560044 0.720045 0.249796 1.000000 -0.000003 0.000004 0.000568
-0.560049 0.720044 0.249840 1.000000 -0.000001 -0.000005 0.000574
-0.560047 0.720044 0.249842 1.000000 0.000000 -0.000001 0.000575
-0.560046 0.720043 0.249913 1.000000 0.000001 0.000001 0.000577
-0.560045 0.720046 0.249846 1.000000 -0.000004 0.000002 0.000580
-0.560047 0.720044 0.249854 1.000000 -0.000000 0.000000 0.000585
-0.560047 0.720043 0.249954 1.000000 0.000002 -0.000001 0.000588
-0.560048 0.720044 0.249960 1.000000 0.000002 -0.000002 0.000588
-0.560046 0.720045 0.249967 1.000000 -0.000002 0.000001 0.000589
-0.560047 0.720044 0.249974 1.000000 0.000002 -0.000001 0.000589
-0.560048 0.720043 0.249959 1.000000 0.000004 -0.000002 0.000590
-0.560046 0.720044 0.249943 1.000000 0.000001 0.000001 0.000590
-0.560046 0.720045 0.249917 1.000000 -0.000001 0.000001 0.000592
-0.560047 0.720043 0.249916 1.000000 0.000003 0.000001 0.000593
-0.560046 0.720044 0.249894 1.000000 0.000002 0.000001 0.000594
-0.560047 0.720043 0.249868 1.000000 0.000003 -0.000000 0.000594
-0.560047 0.720046 0.249860 1.000000 -0.000003 -0.000000 0.000595
-0.560048 0.720045 0.249866 1.000000 -0.000000 -0.000003 0.000596
-0.560045 0.720042 0.249866 1.000000 0.000005 0.000004 0.000597
-0.560050 0.720044 0.249843 1.000000 0.000001 -0.000006 0.000598
-0.560046 0.720045 0.249827 1.000000 0.000000 0.000001 0.000599
-0.560049 0.720044 0.249836 1.000000 0.000001 -0.000004 0.000600
-0.560049 0.720045 0.249841 1.000000 -0.000001 -0.000003 0.000602
-0.560046 0.720046 0.249857 1.000000 -0.000002 0.000003 0.000603
-0.560048 0.720046 0.249877 1.000000 -0.000002 -0.000001 0.000604
-0.560046 0.720046 0.249880 1.000000 -0.000002 0.000003 0.000606
-0.560048 0.720044 0.249879 1.000000 0.000002 -0.000000 0.000606
-0.560048 0.720046 0.249874 1.000000 -0.000001 -0.000001 0.000608
-0.560045 0.720045 0.249864 1.000000 -0.000001 0.000004 0.000610
-0.560049 0.720048 0.249844 1.000000 -0.000005 -0.000002 0.000611
-0.560050 0.720045 0.249808 1.000000 0.000001 -0.000004 0.000613
-0.560048 0.720044 0.249801 1.000000 0.000003 -0.000000 0.000613
-0.560048 0.720044 0.249797 1.000000 0.000002 0.000000 0.000615
-0.560049 0.720045 0.249809 1.000000 0.000001 -0.000003 0.000615
-0.560048 0.720045 0.249864 1.000000 0.000000 -0.000002 0.000616
-0.560048 0.720047 0.249894 1.000000 -0.000003 -0.000001 0.000618
-0.560047 0.720046 0.249898 1.000000 -0.000002 0.000001 0.000619
-0.560049 0.720045 0.249919 1.000000 0.000001 -0.000002 0.000620
-0.560049 0.720046 0.249925 1.000000 -0.000001 -0.000002 0.000623
-0.560048 0.720045 0.249871 1.000000 0.000001 -0.000001 0.000627
-0.560049 0.720046 0.249931 1.000000 -0.000000 -0.000002 0.000631
-0.560047 0.720046 0.249964 1.000000 0.000000 0.000002 0.000632
-0.560048 0.720047 0.249947 1.000000 -0.000002 -0.000000 0.000635
-0.560049 0.720046 0.249893 1.000000 -0.000001 -0.000002 0.000638
-0.560050 0.720046 0.249872 1.000000 -0.000001 -0.000003 0.000638
-0.560049 0.720047 0.249876 1.000000 -0.000003 -0.000001 0.000640
-0.560049 0.720045 0.249894 1.000000 0.000001 -0.000001 0.000641
-0.560048 0.720047 0.249931 1.000000 -0.000002 0.000001 0.000643
-0.560048 0.720046 0.249938 1.000000 -0.000000 0.000000 0.000643
-0.560048 0.720045 0.249946 1.000000 0.000002 -0.000000 0.000644
-0.560048 0.720046 0.249938 1.000000 -0.000000 0.000000 0.000645
-0.560049 0.720045 0.249925 1.000000 0.000002 -0.000002 0.000646
-0.560050 0.720046 0.249923 1.000000 0.000000 -0.000003 0.000647
-0.560048 0.720048 0.249905 1.000000 -0.000004 0.000001 0.000648
-0.560049 0.720046 0.249945 1.000000 0.000000 -0.000002 0.000650
-0.560049 0.720046 0.249923 1.000000 0.000000 -0.000000 0.000652
-0.560047 0.720047 0.249925 1.000000 -0.000000 0.000003 0.000654
-0.560049 0.720046 0.249849 1.000000 0.000000 -0.000001 0.000657
-0.560050 0.720047 0.249839 1.000000 -0.000001 -0.000003 0.000657
-0.560048 0.720046 0.249830 1.000000 0.000002 0.000001 0.000660
-0.560050 0.720046 0.249949 1.000000 0.000001 -0.000002 0.000662
-0.560050 0.720046 0.249918 1.000000 0.000000 -0.000003 0.000664
-0.560050 0.720047 0.249838 1.000000 -0.000000 -0.000001 0.000667
-0.560050 0.720050 0.249807 1.000000 -0.000007 -0.000002 0.000669
-0.560050 0.720048 0.249793 1.000000 -0.000001 -0.000001 0.000670
-0.560048 0.720047 0.249784 1.000000 0.000000 0.000003 0.000670
-0.560049 0.720048 0.249794 1.000000 -0.000002 0.000000 0.000671
-0.560050 0.720047 0.249834 1.000000 -0.000000 -0.000001 0.000673
-0.560047 0.720046 0.249832 1.000000 0.000002 0.000004 0.000674
-0.560047 0.720046 0.249814 1.000000 0.000002 0.000006 0.000675
-0.560052 0.720051 0.249800 1.000000 -0.000008 -0.000004 0.000675
-0.560048 0.720048 0.249770 1.000000 -0.000002 0.000003 0.000676
-0.560050 0.720051 0.249764 1.000000 -0.000008 -0.000001 0.000676
-0.560047 0.720048 0.249761 1.000000 -0.000001 0.000005 0.000677
-0.560050 0.720052 0.249762 1.000000 -0.000010 -0.000000 0.000679
-0.560045 0.720049 0.249759 1.000000 -0.000005 0.000009 0.000679
-0.560050 0.720053 0.249755 1.000000 -0.000013 0.000000 0.000680
-0.560048 0.720052 0.249759 1.000000 -0.000010 0.000003 0.000681
-0.560050 0.720048 0.249769 1.000000 -0.000001 -0.000001 0.000682
-0.560051 0.720046 0.249782 1.000000 0.000002 -0.000001 0.000683
-0.560051 0.720047 0.249822 1.000000 0.000000 -0.000003 0.000684
-0.560052 0.720048 0.249839 1.000000 -0.000001 -0.000004 0.000685
-0.560049 0.720047 0.249846 1.000000 -0.000000 0.000001 0.000686
-0.560052 0.720047 0.249871 1.000000 0.000000 -0.000003 0.000688
-0.560051 0.720049 0.249915 1.000000 -0.000002 -0.000002 0.000691
-0.560052 0.720046 0.249869 1.000000 0.000003 -0.000002 0.000695
-0.560051 0.720048 0.249909 1.000000 -0.000001 -0.000000 0.000698
-0.560050 0.720047 0.249889 1.000000 0.000002 0.000001 0.000703
-0.560050 0.720048 0.249898 1.000000 -0.000001 0.000003 0.000706
-0.560050 0.720048 0.249888 1.000000 -0.000001 0.000002 0.000709
-0.560053 0.720048 0.249893 1.000000 -0.000001 -0.000002 0.000711
-0.560051 0.720049 0.249926 1.000000 -0.000001 0.000002 0.000713
-0.560052 0.720046 0.249861 1.000000 0.000004 -0.000001 0.000716
-0.560052 0.720049 0.249855 1.000000 -0.000000 0.000000 0.000718
-0.560054 0.720048 0.249884 1.000000 0.000001 -0.000003 0.000721
-0.560053 0.720049 0.249930 1.000000 0.000000 -0.000002 0.000722
-0.560053 0.720048 0.249948 1.000000 0.000001 -0.000001 0.000722
-0.560052 0.720051 0.249963 1.000000 -0.000004 0.000000 0.000722
-0.560053 0.720049 0.249948 1.000000 -0.000000 -0.000002 0.000723
-0.560052 0.720046 0.249884 1.000000 0.000005 0.000000 0.000724
-0.560056 0.720049 0.249855 1.000000 -0.000000 -0.000007 0.000725
-0.560051 0.720050 0.249775 1.000000 -0.000002 0.000003 0.000727
-0.560053 0.720051 0.249813 1.000000 -0.000005 0.000001 0.000727
-0.560056 0.720048 0.249821 1.000000 0.000002 -0.000004 0.000729
-0.560054 0.720048 0.249851 1.000000 0.000002 0.000000 0.000732
-0.560054 0.720047 0.249892 1.000000 0.000004 0.000000 0.000735
-0.560054 0.720049 0.249867 1.000000 0.000001 0.000000 0.000738
-0.560056 0.720049 0.249881 1.000000 0.000001 -0.000003 0.000743
-0.560055 0.720049 0.249895 1.000000 0.000001 0.000000 0.000747
-0.560056 0.720049 0.249936 1.000000 0.000001 -0.000002 0.000749
-0.560054 0.720050 0.249943 1.000000 -0.000001 0.000002 0.000752
-0.560055 0.720049 0.249968 1.000000 0.000002 -0.000000 0.000753
-0.560054 0.720051 0.249946 1.000000 -0.000001 0.000001 0.000756
-0.560057 0.720052 0.249876 1.000000 -0.000005 -0.000003 0.000760
-0.560052 0.720049 0.249847 1.000000 0.000001 0.000005 0.000760
-0.560055 0.720049 0.249823 1.000000 0.000002 -0.000000 0.000761
-0.560057 0.720049 0.249827 1.000000 0.000002 -0.000003 0.000762
-0.560054 0.720051 0.249857 1.000000 -0.000001 0.000002 0.000763
-0.560055 0.720051 0.249872 1.000000 -0.000001 0.000001 0.000764
-0.560056 0.720050 0.249888 1.000000 0.000001 -0.000001 0.000766
-0.560056 0.720048 0.249879 1.000000 0.000004 -0.000002 0.000767
-0.560057 0.720051 0.249871 1.000000 -0.000002 -0.000003 0.000767
-0.560057 0.720049 0.249872 1.000000 0.000003 -0.000002 0.000768
-0.560059 0.720051 0.249856 1.000000 -0.000002 -0.000007 0.000769
-0.560054 0.720048 0.249832 1.000000 0.000005 0.000003 0.000769
-0.560054 0.720051 0.249790 1.000000 -0.000002 0.000004 0.000770
-0.560051 0.720049 0.249776 1.000000 0.000002 0.000009 0.000771
-0.560056 0.720051 0.249776 1.000000 -0.000002 0.000000 0.000771
-0.560057 0.720048 0.249786 1.000000 0.000005 -0.000003 0.000772
-0.560057 0.720049 0.249831 1.000000 0.000003 -0.000002 0.000773
-0.560057 0.720051 0.249844 1.000000 -0.000000 -0.000002 0.000773
-0.560058 0.720050 0.249846 1.000000 0.000001 -0.000003 0.000774
-0.560056 0.720049 0.249845 1.000000 0.000003 0.000001 0.000775
-0.560057 0.720052 0.249814 1.000000 -0.000002 -0.000002 0.000775
-0.560058 0.720051 0.249821 1.000000 -0.000001 -0.000004 0.000776
-0.560055 0.720051 0.249856 1.000000 -0.000000 0.000004 0.000777
-0.560057 0.720049 0.249860 1.000000 0.000003 -0.000002 0.000777
-0.560058 0.720051 0.249865 1.000000 -0.000001 -0.000002 0.000778
-0.560057 0.720051 0.249874 1.000000 -0.000001 -0.000001 0.000778
-0.560057 0.720050 0.249888 1.000000 0.000001 -0.000000 0.000778
-0.560058 0.720050 0.249900 1.000000 0.000002 -0.000002 0.000779
-0.560057 0.720051 0.249934 1.000000 0.000000 -0.000001 0.000779
-0.560057 0.720052 0.249924 1.000000 -0.000001 -0.000001 0.000782
-0.560057 0.720052 0.249922 1.000000 -0.000002 -0.000001 0.000783
-0.560057 0.720052 0.249890 1.000000 -0.000002 -0.000001 0.000784
-0.560057 0.720052 0.249890 1.000000 -0.000001 -0.000001 0.000785
-0.560058 0.720051 0.249930 1.000000 0.000000 -0.000002 0.000786
-0.560058 0.720051 0.249951 1.000000 0.000001 -0.000002 0.000786
-0.560058 0.720050 0.249972 1.000000 0.000002 -0.000002 0.000786
-0.560057 0.720050 0.249967 1.000000 0.000001 -0.000000 0.000786
-0.560057 0.720051 0.249926 1.000000 0.000000 -0.000000 0.000789
-0.560057 0.720050 0.249917 1.000000 0.000002 -0.000002 0.000789
-0.560057 0.720053 0.249904 1.000000 -0.000005 0.000000 0.000791
-0.560057 0.720051 0.249884 1.000000 0.000000 -0.000001 0.000792
-0.560058 0.720049 0.249838 1.000000 0.000005 -0.000002 0.000792
-0.560057 0.720050 0.249832 1.000000 0.000003 -0.000000 0.000792
-0.560058 0.720046 0.249841 1.000000 0.000010 -0.000001 0.000793
-0.560060 0.720049 0.249843 1.000000 0.000005 -0.000005 0.000794
-0.560054 0.720053 0.249831 1.000000 -0.000003 0.000007 0.000796
-0.560055 0.720053 0.249829 1.000000 -0.000003 0.000005 0.000798
-0.560061 0.720051 0.249833 1.000000 0.000001 -0.000006 0.000799
-0.560056 0.720052 0.249834 1.000000 -0.000001 0.000003 0.000800
-0.560057 0.720051 0.249818 1.000000 0.000001 0.000001 0.000801
-0.560059 0.720051 0.249847 1.000000 0.000000 -0.000002 0.000806
-0.560061 0.720049 0.249870 1.000000 0.000005 -0.000006 0.000808
-0.560057 0.720051 0.249869 1.000000 0.000001 0.000002 0.000812
-0.560059 0.720053 0.249823 1.000000 -0.000002 -0.000002 0.000815
-0.560060 0.720050 0.249844 1.000000 0.000004 -0.000002 0.000817
-0.560060 0.720052 0.249840 1.000000 0.000001 -0.000003 0.000821
-0.560061 0.720052 0.249865 1.000000 0.000000 -0.000004 0.000823
-0.560060 0.720051 0.249861 1.000000 0.000003 -0.000001 0.000825
-0.560059 0.720051 0.249847 1.000000 0.000003 0.000002 0.000829
-0.560061 0.720051 0.249885 1.000000 0.000002 -0.000001 0.000831
-0.560061 0.720051 0.249897 1.000000 0.000003 -0.000002 0.000831
-0.560059 0.720052 0.249901 1.000000 0.000000 0.000002 0.000832
-0.560060 0.720053 0.249836 1.000000 -0.000002 0.000001 0.000835
-0.560059 0.720053 0.249875 1.000000 0.000000 0.000002 0.000837
-0.560061 0.720051 0.249915 1.000000 0.000002 -0.000002 0.000840
-0.560060 0.720052 0.249927 1.000000 0.000001 0.000001 0.000841
-0.560060 0.720052 0.249893 1.000000 0.000001 0.000001 0.000843
-0.560064 0.720053 0.249850 1.000000 0.000000 -0.000005 0.000846
-0.560060 0.720054 0.249863 1.000000 -0.000003 0.000002 0.000849
-0.560061 0.720053 0.249876 1.000000 -0.000001 0.000002 0.000852
-0.560061 0.720054 0.249939 1.000000 -0.000001 0.000000 0.000854
-0.560062 0.720054 0.249937 1.000000 -0.000002 -0.000000 0.000854
-0.560062 0.720052 0.249922 1.000000 0.000003 -0.000001 0.000855
-0.560061 0.720054 0.249907 1.000000 -0.000000 0.000002 0.000857
-0.560061 0.720054 0.249908 1.000000 -0.000001 0.000001 0.000857
-0.560064 0.720055 0.249876 1.000000 -0.000003 -0.000005 0.000858
-0.560061 0.720051 0.249844 1.000000 0.000004 0.000002 0.000858
-0.560061 0.720052 0.249804 1.000000 0.000002 0.000002 0.000859
-0.560062 0.720057 0.249801 1.000000 -0.000006 -0.000001 0.000860
-0.560062 0.720055 0.249820 1.000000 -0.000003 -0.000000 0.000861
-0.560061 0.720051 0.249808 1.000000 0.000005 0.000003 0.000861
-0.560062 0.720050 0.249765 1.000000 0.000008 0.000000 0.000862
-0.560066 0.720057 0.249765 1.000000 -0.000006 -0.000007 0.000863
-0.560060 0.720056 0.249758 1.000000 -0.000004 0.000004 0.000864
-0.560061 0.720054 0.249778 1.000000 -0.000001 0.000002 0.000866
-0.560063 0.720055 0.249845 1.000000 -0.000002 -0.000001 0.000871
-0.560063 0.720052 0.249905 1.000000 0.000003 -0.000001 0.000874
-0.560065 0.720056 0.249787 1.000000 -0.000004 -0.000005 0.000875
-0.560063 0.720052 0.249745 1.000000 0.000004 -0.000000 0.000876
-0.560064 0.720053 0.249782 1.000000 0.000002 -0.000003 0.000878
-0.560063 0.720054 0.249786 1.000000 0.000001 -0.000001 0.000878
-0.560062 0.720055 0.249814 1.000000 -0.000002 0.000002 0.000880
-0.560064 0.720055 0.249835 1.000000 -0.000001 -0.000002 0.000880
-0.560064 0.720054 0.249886 1.000000 0.000002 -0.000002 0.000885
-0.560063 0.720054 0.249863 1.000000 0.000001 -0.000000 0.000888
-0.560063 0.720058 0.249858 1.000000 -0.000007 0.000000 0.000891
-0.560062 0.720056 0.249845 1.000000 -0.000002 0.000002 0.000892
-0.560064 0.720055 0.249838 1.000000 -0.000000 -0.000001 0.000893
-0.560065 0.720055 0.249852 1.000000 -0.000000 -0.000003 0.000894
-0.560065 0.720055 0.249905 1.000000 -0.000001 -0.000003 0.000898
-0.560063 0.720055 0.249854 1.000000 -0.000001 0.000001 0.000901
-0.560062 0.720058 0.249821 1.000000 -0.000006 0.000004 0.000903
-0.560065 0.720054 0.249795 1.000000 0.000002 -0.000002 0.000906
-0.560064 0.720055 0.249814 1.000000 -0.000000 -0.000000 0.000906
-0.560065 0.720056 0.249879 1.000000 -0.000002 -0.000002 0.000908
-0.560064 0.720053 0.249875 1.000000 0.000004 0.000000 0.000911
-0.560065 0.720055 0.249834 1.000000 -0.000000 -0.000002 0.000916
-0.560066 0.720053 0.249860 1.000000 0.000004 -0.000002 0.000918
-0.560066 0.720055 0.249880 1.000000 0.000000 -0.000003 0.000921
-0.560065 0.720056 0.249901 1.000000 -0.000001 -0.000000 0.000923
-0.560065 0.720055 0.249908 1.000000 0.000001 0.000001 0.000925
-0.560067 0.720054 0.249879 1.000000 0.000002 -0.000004 0.000929
-0.560066 0.720056 0.249873 1.000000 -0.000002 -0.000003 0.000932
-0.560067 0.720057 0.249862 1.000000 -0.000002 -0.000003 0.000932
-0.560067 0.720056 0.249857 1.000000 -0.000000 -0.000004 0.000934
-0.560066 0.720055 0.249899 1.000000 0.000002 -0.000003 0.000935
-0.560065 0.720058 0.249928 1.000000 -0.000005 -0.000000 0.000936
-0.560064 0.720057 0.249928 1.000000 -0.000001 0.000002 0.000938
-0.560065 0.720056 0.249950 1.000000 -0.000001 -0.000000 0.000939
-0.560065 0.720055 0.249924 1.000000 0.000002 0.000001 0.000942
-0.560064 0.720058 0.249863 1.000000 -0.000004 0.000003 0.000945
-0.560067 0.720056 0.249925 1.000000 0.000001 -0.000002 0.000947
-0.560065 0.720057 0.249963 1.000000 -0.000002 0.000002 0.000948
-0.560066 0.720055 0.249882 1.000000 0.000002 -0.000000 0.000950
-0.560065 0.720057 0.249903 1.000000 -0.000001 0.000003 0.000954
-0.560067 0.720055 0.249899 1.000000 0.000002 -0.000001 0.000956
-0.560068 0.720055 0.249874 1.000000 0.000003 -0.000003 0.000959
-0.560067 0.720057 0.249948 1.000000 -0.000000 -0.000002 0.000961
-0.560067 0.720056 0.249976 1.000000 0.000001 -0.000002 0.000961
-0.560065 0.720055 0.249923 1.000000 0.000003 0.000003 0.000964
-0.560066 0.720058 0.249870 1.000000 -0.000002 0.000002 0.000967
-0.560068 0.720056 0.249914 1.000000 0.000002 -0.000003 0.000969
-0.560068 0.720054 0.249915 1.000000 0.000006 -0.000002 0.000971
-0.560066 0.720057 0.249857 1.000000 -0.000000 0.000001 0.000975
-0.560068 0.720058 0.249888 1.000000 -0.000001 -0.000001 0.000980
-0.560069 0.720059 0.249883 1.000000 -0.000003 -0.000004 0.000982
-0.560068 0.720056 0.249791 1.000000 0.000002 -0.000001 0.000983
-0.560068 0.720060 0.249791 1.000000 -0.000006 -0.000001 0.000986
-0.560068 0.720060 0.249780 1.000000 -0.000005 -0.000002 0.000988
-0.560070 0.720059 0.249797 1.000000 -0.000002 -0.000004 0.000991
-0.560066 0.720053 0.249790 1.000000 0.000009 0.000004 0.000991
-0.560070 0.720061 0.249771 1.000000 -0.000006 -0.000006 0.000992
-0.560066 0.720055 0.249769 1.000000 0.000005 0.000002 0.000992
-0.560068 0.720056 0.249773 1.000000 0.000003 -0.000002 0.000993
-0.560067 0.720057 0.249790 1.000000 0.000002 0.000002 0.000994
-0.560069 0.720058 0.249842 1.000000 -0.000001 -0.000002 0.000996
-0.560068 0.720060 0.249906 1.000000 -0.000003 -0.000001 0.000999
-0.560069 0.720058 0.249895 0.999999 -0.000000 -0.000003 0.001001
-0.560068 0.720056 0.249815 0.999999 0.000004 -0.000001 0.001005
-0.560069 0.720058 0.249830 0.999999 0.000001 -0.000001 0.001010
-0.560069 0.720056 0.249818 0.999999 0.000006 -0.000002 0.001012
-0.560070 0.720060 0.249863 0.999999 -0.000002 -0.000002 0.001014
-0.560069 0.720059 0.249870 0.999999 -0.000000 -0.000001 0.001018
-0.560070 0.720059 0.249878 0.999999 -0.000002 -0.000002 0.001019
-0.560069 0.720059 0.249907 0.999999 0.000000 -0.000001 0.001020
-0.560069 0.720058 0.249908 0.999999 0.000000 -0.000000 0.001021
-0.560068 0.720059 0.249913 0.999999 -0.000001 0.000001 0.001022
-0.560069 0.720059 0.249924 0.999999 -0.000001 0.000001 0.001022
-0.560069 0.720059 0.249940 0.999999 -0.000001 0.000000 0.001023
-0.560069 0.720063 0.249869 0.999999 -0.000008 0.000001 0.001025
-0.560071 0.720057 0.249828 0.999999 0.000003 -0.000003 0.001026
-0.560071 0.720059 0.249865 0.999999 0.000001 -0.000003 0.001030
-0.560070 0.720060 0.249840 0.999999 -0.000003 0.000001 0.001031
-0.560071 0.720061 0.249868 0.999999 -0.000004 -0.000000 0.001034
-0.560067 0.720060 0.249850 0.999999 -0.000002 0.000007 0.001035
-0.560070 0.720057 0.249827 0.999999 0.000005 0.000001 0.001035
-0.560075 0.720059 0.249822 0.999999 0.000001 -0.000007 0.001035
-0.560070 0.720066 0.249810 0.999999 -0.000012 0.000001 0.001037
-0.560071 0.720065 0.249801 0.999999 -0.000011 -0.000001 0.001038
-0.560070 0.720066 0.249795 0.999999 -0.000012 0.000002 0.001038
-0.560072 0.720062 0.249803 0.999999 -0.000006 -0.000002 0.001038
-0.560069 0.720062 0.249809 0.999999 -0.000005 0.000005 0.001038
-0.560072 0.720060 0.249791 0.999999 -0.000001 -0.000001 0.001039
-0.560074 0.720059 0.249803 0.999999 0.000001 -0.000004 0.001040
-0.560075 0.720059 0.249829 0.999999 0.000002 -0.000007 0.001043
-0.560075 0.720060 0.249831 0.999999 -0.000000 -0.000006 0.001044
-0.560072 0.720061 0.249838 0.999999 -0.000002 -0.000001 0.001047
-0.560072 0.720056 0.249843 0.999999 0.000006 -0.000001 0.001048
-0.560072 0.720062 0.249840 0.999999 -0.000005 -0.000001 0.001050
-0.560073 0.720061 0.249836 0.999999 -0.000002 -0.000003 0.001051
-0.560071 0.720057 0.249826 0.999999 0.000005 0.000000 0.001052
-0.560073 0.720060 0.249813 0.999999 -0.000001 -0.000002 0.001052
-0.560073 0.720060 0.249801 0.999999 0.000000 -0.000004 0.001053
-0.560071 0.720058 0.249791 0.999999 0.000004 0.000002 0.001054
-0.560072 0.720063 0.249798 0.999999 -0.000006 0.000000 0.001054
-0.560069 0.720059 0.249803 0.999999 0.000001 0.000005 0.001055
-0.560073 0.720063 0.249796 0.999999 -0.000006 -0.000003 0.001056
-0.560069 0.720059 0.249788 0.999999 0.000002 0.000005 0.001056
-0.560072 0.720062 0.249785 0.999999 -0.000005 -0.000001 0.001057
-0.560072 0.720062 0.249787 0.999999 -0.000004 0.000000 0.001058
-0.560071 0.720060 0.249801 0.999999 -0.000001 0.000002 0.001059
-0.560072 0.720060 0.249807 0.999999 -0.000001 -0.000001 0.001060
-0.560073 0.720059 0.249809 0.999999 0.000002 -0.000002 0.001061
-0.560073 0.720059 0.249836 0.999999 0.000001 -0.000002 0.001061
-0.560073 0.720059 0.249872 0.999999 0.000001 -0.000002 0.001061
-0.560073 0.720060 0.249902 0.999999 -0.000000 -0.000003 0.001061
-0.560073 0.720061 0.249917 0.999999 -0.000001 -0.000003 0.001062
-0.560074 0.720061 0.249906 0.999999 -0.000002 -0.000004 0.001062
-0.560072 0.720061 0.249872 0.999999 -0.000002 -0.000000 0.001063
-0.560071 0.720061 0.249812 0.999999 -0.000002 0.000003 0.001064
-0.560072 0.720056 0.249798 0.999999 0.000008 -0.000001 0.001064
-0.560072 0.720058 0.249791 0.999999 0.000003 0.000001 0.001066
-0.560074 0.720063 0.249787 0.999999 -0.000006 -0.000003 0.001066
-0.560071 0.720060 0.249787 0.999999 0.000001 0.000001 0.001067
-0.560075 0.720064 0.249783 0.999999 -0.000007 -0.000007 0.001067
-0.560072 0.720058 0.249773 0.999999 0.000005 0.000000 0.001068
-0.560071 0.720056 0.249765 0.999999 0.000008 0.000002 0.001068
-0.560076 0.720062 0.249759 0.999999 -0.000003 -0.000008 0.001068
-0.560072 0.720056 0.249760 0.999999 0.000008 0.000001 0.001068
-0.560074 0.720061 0.249767 0.999999 -0.000002 -0.000005 0.001069
-0.560071 0.720061 0.249777 0.999999 -0.000001 0.000003 0.001070
-0.560072 0.720065 0.249792 0.999999 -0.000009 0.000000 0.001071
-0.560072 0.720059 0.249810 0.999999 0.000002 0.000001 0.001071
-0.560073 0.720058 0.249823 0.999999 0.000004 -0.000002 0.001071
-0.560073 0.720059 0.249828 0.999999 0.000003 0.000000 0.001072
-0.560073 0.720063 0.249826 0.999999 -0.000005 0.000000 0.001072
-0.560074 0.720061 0.249838 0.999999 -0.000001 -0.000003 0.001073
-0.560075 0.720060 0.249853 0.999999 -0.000000 -0.000004 0.001073
-0.560073 0.720061 0.249860 0.999999 -0.000002 -0.000001 0.001074
-0.560072 0.720061 0.249864 0.999999 -0.000002 0.000002 0.001074
-0.560073 0.720061 0.249883 0.999999 -0.000001 0.000000 0.001075
-0.560074 0.720062 0.249889 0.999999 -0.000003 -0.000001 0.001075
-0.560073 0.720059 0.249889 0.999999 0.000004 0.000000 0.001076
-0.560075 0.720060 0.249879 0.999999 0.000001 -0.000004 0.001076
-0.560071 0.720062 0.249878 0.999999 -0.000003 0.000005 0.001077
-0.560075 0.720059 0.249872 0.999999 0.000002 -0.000003 0.001078
-0.560073 0.720060 0.249866 0.999999 0.000001 -0.000000 0.001079
-0.560071 0.720060 0.249861 0.999999 0.000001 0.000005 0.001079
-0.560074 0.720061 0.249850 0.999999 -0.000002 -0.000002 0.001079
-0.560074 0.720057 0.249849 0.999999 0.000007 -0.000001 0.001080
-0.560076 0.720061 0.249847 0.999999 -0.000000 -0.000004 0.001081
-0.560071 0.720061 0.249844 0.999999 -0.000002 0.000005 0.001082
-0.560074 0.720060 0.249853 0.999999 0.000001 -0.000000 0.001083
-0.560072 0.720064 0.249854 0.999999 -0.000007 0.000003 0.001084
-0.560075 0.720059 0.249854 0.999999 0.000002 -0.000002 0.001085
-0.560072 0.720059 0.249848 0.999999 0.000002 0.000004 0.001087
-0.560074 0.720061 0.249803 0.999999 0.000000 0.000000 0.001088
-0.560075 0.720059 0.249789 0.999999 0.000003 -0.000003 0.001088
-0.560073 0.720060 0.249812 0.999999 0.000002 0.000003 0.001092
-0.560073 0.720058 0.249796 0.999999 0.000005 0.000002 0.001094
-0.560073 0.720062 0.249795 0.999999 -0.000001 0.000002 0.001095
-0.560076 0.720058 0.249815 0.999999 0.000005 -0.000003 0.001095
-0.560074 0.720061 0.249865 0.999999 0.000000 0.000001 0.001101
-0.560077 0.720061 0.249858 0.999999 -0.000001 -0.000005 0.001104
-0.560074 0.720061 0.249795 0.999999 -0.000000 0.000001 0.001107
-0.560077 0.720062 0.249792 0.999999 -0.000002 -0.000004 0.001110
-0.560076 0.720065 0.249803 0.999999 -0.000007 -0.000001 0.001111
-0.560076 0.720065 0.249779 0.999999 -0.000006 -0.000002 0.001113
-0.560075 0.720061 0.249761 0.999999 0.000001 0.000002 0.001115
-0.560077 0.720066 0.249763 0.999999 -0.000010 -0.000003 0.001117
-0.560075 0.720063 0.249762 0.999999 -0.000003 0.000002 0.001117
-0.560076 0.720059 0.249765 0.999999 0.000006 -0.000001 0.001118
-0.560078 0.720056 0.249790 0.999999 0.000010 -0.000003 0.001120
-0.560075 0.720063 0.249794 0.999999 -0.000002 0.000003 0.001122
-0.560077 0.720061 0.249832 0.999999 0.000001 -0.000002 0.001126
-0.560077 0.720061 0.249954 0.999999 0.000003 -0.000000 0.001128
-0.560077 0.720061 0.249854 0.999999 0.000003 -0.000000 0.001130
-0.560077 0.720063 0.249904 0.999999 -0.000002 0.000000 0.001132
-0.560078 0.720062 0.249868 0.999999 -0.000000 -0.000003 0.001136
-0.560076 0.720061 0.249846 0.999999 0.000002 0.000002 0.001138
-0.560076 0.720063 0.249849 0.999999 -0.000001 0.000002 0.001138
-0.560079 0.720063 0.249855 0.999999 -0.000001 -0.000004 0.001140
-0.560078 0.720062 0.249851 0.999999 0.000001 -0.000002 0.001140
-0.560078 0.720063 0.249866 0.999999 -0.000001 -0.000002 0.001141
-0.560078 0.720063 0.249927 0.999999 -0.000001 -0.000001 0.001143
-0.560078 0.720062 0.249915 0.999999 0.000001 -0.000001 0.001145
-0.560076 0.720057 0.249782 0.999999 0.000010 0.000002 0.001149
-0.560075 0.720065 0.249784 0.999999 -0.000004 0.000006 0.001152
-0.560076 0.720066 0.249817 0.999999 -0.000007 0.000003 0.001154
-0.560079 0.720059 0.249782 0.999999 0.000007 -0.000002 0.001156
-0.560078 0.720062 0.249887 0.999999 0.000002 0.000001 0.001160
-0.560078 0.720065 0.249875 0.999999 -0.000004 0.000001 0.001163
-0.560079 0.720064 0.249902 0.999999 -0.000002 -0.000001 0.001165
-0.560077 0.720063 0.249909 0.999999 -0.000001 0.000002 0.001165
-0.560078 0.720063 0.249913 0.999999 -0.000000 0.000001 0.001166
-0.560078 0.720064 0.249923 0.999999 -0.000003 0.000001 0.001166
-0.560078 0.720064 0.249928 0.999999 -0.000002 0.000000 0.001167
-0.560078 0.720062 0.249935 0.999999 0.000001 0.000001 0.001168
-0.560080 0.720062 0.249932 0.999999 0.000001 -0.000002 0.001169
-0.560080 0.720063 0.249936 0.999999 0.000000 -0.000003 0.001171
-0.560079 0.720063 0.249883 0.999999 -0.000000 -0.000001 0.001175
-0.560078 0.720062 0.249786 0.999999 0.000003 0.000001 0.001178
-0.560080 0.720065 0.249804 0.999999 -0.000003 -0.000001 0.001179
-0.560079 0.720063 0.249873 0.999999 0.000000 0.000001 0.001183
-0.560079 0.720063 0.249892 0.999999 0.000001 -0.000000 0.001187
-0.560081 0.720063 0.249872 0.999999 0.000001 -0.000002 0.001191
-0.560080 0.720063 0.249915 0.999999 0.000002 -0.000001 0.001192
-0.560081 0.720064 0.249919 0.999999 0.000000 -0.000003 0.001194
-0.560080 0.720064 0.249958 0.999999 -0.000001 0.000000 0.001195
-0.560080 0.720064 0.249940 0.999999 -0.000001 -0.000001 0.001197
-0.560080 0.720067 0.249867 0.999999 -0.000006 -0.000001 0.001199
-0.560080 0.720064 0.249846 0.999999 -0.000000 -0.000000 0.001201
-0.560081 0.720063 0.249941 0.999999 0.000003 -0.000002 0.001204
-0.560081 0.720064 0.249962 0.999999 -0.000000 -0.000002 0.001205
-0.560081 0.720063 0.249966 0.999999 0.000002 -0.000002 0.001207
-0.560081 0.720063 0.249976 0.999999 0.000002 -0.000001 0.001207
-0.560082 0.720065 0.249909 0.999999 -0.000002 -0.000003 0.001210
-0.560081 0.720065 0.249870 0.999999 -0.000001 -0.000001 0.001214
-0.560076 0.720064 0.249813 0.999999 0.000001 0.000009 0.001219
-0.560082 0.720067 0.249770 0.999999 -0.000005 -0.000003 0.001220
-0.560081 0.720063 0.249789 0.999999 0.000002 -0.000001 0.001223
-0.560082 0.720064 0.249834 0.999999 0.000002 -0.000002 0.001226
-0.560081 0.720066 0.249918 0.999999 -0.000003 0.000000 0.001228
-0.560081 0.720066 0.249892 0.999999 -0.000001 0.000001 0.001229
-0.560081 0.720066 0.249920 0.999999 -0.000001 -0.000001 0.001231
-0.560082 0.720065 0.249953 0.999999 -0.000001 -0.000001 0.001233
-0.560082 0.720065 0.249976 0.999999 0.000001 -0.000001 0.001234
-0.560081 0.720064 0.249959 0.999999 0.000002 -0.000000 0.001235
-0.560080 0.720066 0.249876 0.999999 -0.000001 0.000002 0.001237
-0.560082 0.720064 0.249903 0.999999 0.000002 -0.000002 0.001240
-0.560082 0.720065 0.249965 0.999999 0.000000 0.000000 0.001243
-0.560083 0.720066 0.249948 0.999999 -0.000000 -0.000002 0.001245
-0.560083 0.720066 0.249923 0.999999 -0.000001 -0.000002 0.001247
-0.560082 0.720065 0.249852 0.999999 0.000001 -0.000001 0.001250
-0.560082 0.720066 0.249901 0.999999 -0.000000 0.000000 0.001255
-0.560082 0.720065 0.249928 0.999999 0.000001 -0.000001 0.001255
-0.560082 0.720065 0.249947 0.999999 0.000001 0.000000 0.001256
-0.560083 0.720065 0.249959 0.999999 0.000001 -0.000001 0.001256
-0.560082 0.720065 0.249965 0.999999 0.000001 -0.000001 0.001256
-0.560082 0.720066 0.249970 0.999999 0.000000 -0.000000 0.001256
-0.560083 0.720066 0.249973 0.999999 -0.000000 -0.000001 0.001257
-0.560082 0.720064 0.249965 0.999999 0.000003 -0.000001 0.001257
-0.560082 0.720065 0.249946 0.999999 0.000001 0.000001 0.001258
-0.560083 0.720066 0.249913 0.999999 0.000000 -0.000003 0.001260
-0.560082 0.720066 0.249926 0.999999 0.000000 -0.000000 0.001260
-0.560082 0.720067 0.249952 0.999999 -0.000002 0.000001 0.001261
-0.560082 0.720065 0.249943 0.999999 0.000001 -0.000000 0.001261
-0.560082 0.720067 0.249905 0.999999 -0.000002 -0.000000 0.001262
-0.560084 0.720064 0.249886 0.999999 0.000003 -0.000003 0.001263
-0.560082 0.720068 0.249912 0.999999 -0.000003 0.000001 0.001264
-0.560083 0.720066 0.249903 0.999999 0.000000 -0.000001 0.001266
-0.560083 0.720069 0.249914 0.999999 -0.000005 -0.000002 0.001267
-0.560083 0.720066 0.249894 0.999999 -0.000000 -0.000001 0.001270
-0.560084 0.720065 0.249925 0.999999 0.000002 -0.000002 0.001273
-0.560083 0.720070 0.249901 0.999999 -0.000007 0.000000 0.001275
-0.560087 0.720062 0.249793 0.999999 0.000009 -0.000007 0.001278
-0.560085 0.720068 0.249805 0.999999 -0.000002 -0.000004 0.001279
-0.560084 0.720065 0.249830 0.999999 0.000003 -0.000000 0.001283
-0.560083 0.720064 0.249840 0.999999 0.000005 0.000002 0.001286
-0.560084 0.720068 0.249831 0.999999 -0.000002 -0.000001 0.001289
-0.560081 0.720066 0.249862 0.999999 0.000002 0.000006 0.001293
-0.560083 0.720069 0.249840 0.999999 -0.000003 0.000002 0.001295
-0.560085 0.720069 0.249883 0.999999 -0.000003 -0.000001 0.001297
-0.560084 0.720067 0.249906 0.999999 0.000001 0.000002 0.001300
-0.560085 0.720069 0.249924 0.999999 -0.000003 -0.000001 0.001303
-0.560085 0.720068 0.249920 0.999999 0.000000 -0.000000 0.001306
-0.560086 0.720069 0.249891 0.999999 -0.000002 -0.000002 0.001309
-0.560085 0.720068 0.249952 0.999999 -0.000000 -0.000001 0.001311
-0.560084 0.720067 0.249869 0.999999 0.000002 0.000002 0.001315
-0.560087 0.720068 0.249831 0.999999 0.000001 -0.000005 0.001318
-0.560085 0.720065 0.249818 0.999999 0.000006 0.000001 0.001323
-0.560087 0.720064 0.249815 0.999999 0.000009 -0.000002 0.001326
-0.560088 0.720067 0.249844 0.999999 0.000002 -0.000004 0.001329
-0.560085 0.720070 0.249866 0.999999 -0.000004 0.000002 0.001332
-0.560087 0.720067 0.249841 0.999999 0.000004 -0.000001 0.001335
-0.560086 0.720067 0.249845 0.999999 0.000003 0.000001 0.001338
-0.560086 0.720067 0.249773 0.999999 0.000004 0.000002 0.001339
-0.560086 0.720071 0.249843 0.999999 -0.000004 0.000001 0.001343
-0.560091 0.720070 0.249794 0.999999 -0.000003 -0.000008 0.001345
-0.560088 0.720066 0.249770 0.999999 0.000006 -0.000002 0.001346
-0.560086 0.720069 0.249788 0.999999 -0.000000 0.000003 0.001350
-0.560088 0.720071 0.249858 0.999999 -0.000004 -0.000001 0.001353
-0.560088 0.720070 0.249825 0.999999 -0.000002 -0.000002 0.001356
-0.560088 0.720069 0.249934 0.999999 0.000000 -0.000002 0.001358
-0.560088 0.720069 0.249966 0.999999 0.000001 -0.000003 0.001359
-0.560088 0.720069 0.249976 0.999999 -0.000000 -0.000001 0.001360
-0.560087 0.720071 0.249955 0.999999 -0.000003 0.000000 0.001362
-0.560086 0.720072 0.249874 0.999999 -0.000005 0.000003 0.001365
-0.560088 0.720070 0.249861 0.999999 -0.000002 -0.000000 0.001367
