-0.080735 0.886026 0.407060
-0.082061 0.886014 0.406985
-0.083100 0.885992 0.406920
-0.083600 0.885912 0.406900
-0.084379 0.885840 0.406858
-0.084666 0.885781 0.406848
-0.087227 0.884576 0.406887
-0.088582 0.883887 0.406986
-0.088844 0.883395 0.407104
-0.089679 0.883006 0.407148
-0.089925 0.882582 0.407226
-0.090598 0.882378 0.407220
-0.091122 0.882012 0.407251
-0.091855 0.881836 0.407228
-0.092455 0.881512 0.407236
-0.093453 0.881301 0.407191
-0.093902 0.881030 0.407188
-0.094894 0.880830 0.407133
-0.095401 0.880481 0.407120
-0.095470 0.880048 0.407150
-0.095417 0.879471 0.407215
-0.095383 0.878994 0.407273
-0.094999 0.878963 0.407308
-0.093966 0.878446 0.407449
-0.093021 0.878309 0.407543
-0.091908 0.877538 0.407737
-0.091397 0.877432 0.407797
-0.091771 0.876864 0.407844
-0.091991 0.874541 0.408287
-0.091381 0.874246 0.408404
-0.091633 0.873496 0.408508
-0.091526 0.870919 0.409030
-0.089449 0.869615 0.409461
-0.088015 0.868238 0.409815
-0.085854 0.867110 0.410166
-0.084140 0.865452 0.410550
-0.082181 0.864458 0.410843
-0.081016 0.863292 0.411093
-0.078696 0.862010 0.411438
-0.077744 0.860900 0.411660
-0.075586 0.859693 0.411977
-0.074986 0.858964 0.412115
-0.074365 0.858654 0.412201
-0.075059 0.856485 0.412406
-0.074505 0.854735 0.412710
-0.073852 0.854278 0.412824
-0.074351 0.851739 0.413099
-0.073577 0.849711 0.413443
-0.072860 0.849178 0.413563
-0.073213 0.846433 0.413853
-0.071924 0.843657 0.414296
-0.072985 0.840838 0.414554
-0.072888 0.840042 0.414660
-0.072476 0.837162 0.415087
-0.071991 0.836190 0.415232
-0.072037 0.834706 0.415445
-0.071825 0.833989 0.415548
-0.072290 0.832912 0.415700
-0.072241 0.832353 0.415781
-0.072987 0.831386 0.415923
-0.073009 0.831159 0.415955
-0.073989 0.830322 0.416068
-0.074938 0.829697 0.416070
-0.075818 0.829034 0.416093
-0.077623 0.827395 0.416255
-0.079404 0.825931 0.416321
-0.079851 0.825283 0.416381
-0.080857 0.823865 0.416545
-0.082975 0.821643 0.416703
-0.083133 0.821043 0.416774
-0.083741 0.819666 0.416945
-0.085378 0.818027 0.417048
-0.085761 0.817309 0.417120
-0.086353 0.814817 0.417446
-0.086242 0.814462 0.417490
-0.086590 0.813022 0.417672
-0.086551 0.812763 0.417701
-0.087289 0.811827 0.417811
-0.087316 0.811601 0.417836
-0.088308 0.809449 0.418133
-0.088336 0.809327 0.418141
-0.089406 0.808906 0.418163
-0.090371 0.808311 0.418166
-0.091270 0.807667 0.418190
-0.093194 0.805883 0.418383
-0.092834 0.804724 0.418536
-0.092319 0.803515 0.418681
-0.092181 0.803000 0.418734
-0.090537 0.802054 0.418874
-0.090389 0.801753 0.418903
-0.088536 0.800536 0.419059
-0.089243 0.799750 0.419082
-0.089860 0.796372 0.419388
-0.088991 0.794953 0.419525
-0.088355 0.793837 0.419622
-0.087789 0.792744 0.419717
-0.087411 0.791840 0.419794
-0.087190 0.791133 0.419852
-0.089260 0.789453 0.419912
-0.089509 0.788187 0.420017
-0.090345 0.787433 0.420041
-0.091412 0.786772 0.420069
-0.092703 0.784833 0.420237
-0.092937 0.784687 0.420248
-0.093362 0.783845 0.420322
-0.093634 0.783761 0.420328
-0.094312 0.783121 0.420396
-0.092657 0.783924 0.420303
-0.088523 0.785425 0.419931
-0.087527 0.785539 0.419820
-0.088378 0.784957 0.419825
-0.089307 0.783501 0.419857
-0.090198 0.780783 0.419760
-0.093002 0.778864 0.419949
-0.094906 0.776097 0.420046
-0.097854 0.773964 0.420216
-0.097620 0.773915 0.420177
-0.097244 0.773916 0.420147
-0.098133 0.773284 0.420229
-0.099455 0.771686 0.420393
-0.099073 0.771096 0.420345
-0.097684 0.770387 0.420206
-0.097704 0.770512 0.420223
-0.097720 0.770476 0.420228
-0.098694 0.769819 0.420323
-0.099519 0.769236 0.420406
-0.100306 0.768467 0.420486
-0.100339 0.768193 0.420497
-0.100258 0.767719 0.420498
-0.100050 0.767561 0.420489
-0.099687 0.767216 0.420478
-0.099238 0.766937 0.420443
-0.099041 0.766602 0.420420
-0.098617 0.766485 0.420397
-0.098462 0.766373 0.420390
-0.099335 0.765642 0.420483
-0.100074 0.765011 0.420567
-0.100641 0.763823 0.420655
-0.100502 0.763616 0.420647
-0.100137 0.763222 0.420626
-0.099871 0.763082 0.420606
-0.099063 0.762457 0.420538
-0.098575 0.761770 0.420498
-0.098252 0.761243 0.420479
-0.097886 0.760603 0.420467
-0.097544 0.760127 0.420457
-0.097429 0.759490 0.420445
-0.097316 0.759086 0.420439
-0.097178 0.758512 0.420446
-0.096952 0.758352 0.420457
-0.096862 0.757967 0.420458
-0.096634 0.757485 0.420457
-0.096381 0.757045 0.420465
-0.096313 0.756950 0.420467
-0.096009 0.756783 0.420450
-0.095845 0.756607 0.420448
-0.095569 0.756490 0.420427
-0.095467 0.756351 0.420421
-0.095296 0.756246 0.420409
-0.096092 0.755551 0.420504
-0.096893 0.754894 0.420597
-0.097289 0.754402 0.420642
-0.098418 0.753443 0.420773
-0.099399 0.752585 0.420892
-0.100108 0.751502 0.420976
-0.100159 0.751101 0.420984
-0.099820 0.750515 0.420954
-0.099703 0.750234 0.420936
-0.099203 0.749834 0.420883
-0.098340 0.748906 0.420780
-0.097866 0.748406 0.420734
-0.097660 0.747668 0.420700
-0.097217 0.747014 0.420669
-0.097186 0.746663 0.420665
-0.097036 0.746281 0.420660
-0.097068 0.745835 0.420662
-0.096805 0.745395 0.420663
-0.096668 0.745025 0.420662
-0.096536 0.744568 0.420662
-0.096212 0.744079 0.420649
-0.096001 0.743740 0.420647
-0.095899 0.743358 0.420647
-0.095771 0.742876 0.420650
-0.095622 0.742560 0.420651
-0.095662 0.742197 0.420649
-0.095449 0.741798 0.420648
-0.095460 0.741347 0.420645
-0.095474 0.741136 0.420644
-0.095443 0.741058 0.420615
-0.095379 0.740836 0.420575
-0.096303 0.740107 0.420684
-0.097222 0.739340 0.420792
-0.097725 0.738804 0.420831
-0.098957 0.737716 0.420970
-0.099990 0.736775 0.421099
-0.100769 0.735610 0.421165
-0.100914 0.735153 0.421169
-0.100926 0.734492 0.421100
-0.100719 0.733843 0.421044
-0.100454 0.733364 0.420944
-0.100045 0.732829 0.420881
-0.099721 0.732124 0.420747
-0.099561 0.731874 0.420722
-0.099269 0.731457 0.420622
-0.099132 0.731254 0.420592
-0.098814 0.730667 0.420461
-0.098690 0.730438 0.420439
-0.098352 0.729962 0.420320
-0.098278 0.729751 0.420298
-0.098120 0.729432 0.420210
-0.099015 0.728648 0.420311
-0.099840 0.727812 0.420420
-0.100318 0.727066 0.420450
-0.100561 0.726489 0.420452
-0.100655 0.725537 0.420379
-0.100604 0.725071 0.420349
-0.100329 0.724423 0.420245
-0.100221 0.724074 0.420206
-0.100085 0.723468 0.420095
-0.099945 0.723125 0.420059
-0.099590 0.722656 0.419945
-0.099470 0.722420 0.419906
-0.099201 0.722013 0.419801
-0.098948 0.721573 0.419736
-0.098757 0.721228 0.419634
-0.098658 0.720842 0.419580
-0.098616 0.720620 0.419530
-0.098562 0.720262 0.419464
-0.098485 0.720096 0.419409
-0.098336 0.719734 0.419335
-0.098185 0.719476 0.419234
-0.098137 0.719270 0.419197
-0.099052 0.718414 0.419306
-0.099855 0.717667 0.419393
-0.100595 0.716482 0.419450
-0.100656 0.715654 0.419388
-0.100599 0.715271 0.419357
-0.100408 0.714567 0.419245
-0.100219 0.713870 0.419170
-0.099985 0.713392 0.419060
-0.099912 0.713113 0.419023
-0.099731 0.712577 0.418904
-0.099638 0.712338 0.418867
-0.099259 0.711818 0.418716
-0.099168 0.711570 0.418682
-0.098909 0.711189 0.418570
-0.098697 0.710768 0.418508
-0.098322 0.710352 0.418380
-0.098244 0.710147 0.418354
-0.099131 0.709304 0.418477
-0.099954 0.708547 0.418569
-0.101412 0.707390 0.418762
-0.102628 0.706377 0.418937
-0.103384 0.705585 0.419008
-0.104792 0.704297 0.419189
-0.105970 0.703018 0.419347
-0.107132 0.701222 0.419422
-0.107281 0.700583 0.419418
-0.107165 0.699253 0.419279
-0.107024 0.698915 0.419239
-0.106414 0.697690 0.418997
-0.106321 0.697342 0.418955
-0.106145 0.696669 0.418826
-0.105936 0.696065 0.418751
-0.105664 0.695617 0.418634
-0.105322 0.695277 0.418556
-0.105054 0.694899 0.418437
-0.104773 0.694137 0.418332
-0.104697 0.693923 0.418278
-0.104579 0.693374 0.418198
-0.104524 0.693067 0.418134
-0.104344 0.692573 0.418051
-0.104099 0.692108 0.417930
-0.103515 0.691309 0.417796
-0.103249 0.690341 0.417716
-0.102898 0.689105 0.417641
-0.102711 0.687927 0.417623
-0.102466 0.687481 0.417606
-0.102293 0.686604 0.417580
-0.102026 0.685803 0.417561
-0.101709 0.684851 0.417540
-0.101684 0.684682 0.417540
-0.101771 0.684511 0.417557
-0.104668 0.682326 0.418076
-0.104949 0.681848 0.418101
-0.106050 0.680789 0.418276
-0.107110 0.679955 0.418456
-0.107826 0.679294 0.418571
-0.108376 0.678773 0.418653
-0.108987 0.678009 0.418751
-0.109149 0.677710 0.418778
-0.109316 0.677140 0.418805
-0.109406 0.676848 0.418819
-0.109465 0.675895 0.418840
-0.109582 0.675591 0.418852
-0.109742 0.674959 0.418879
-0.109799 0.674741 0.418893
-0.109957 0.674048 0.418937
-0.110035 0.673827 0.418956
-0.110082 0.673614 0.418976
-0.110155 0.673450 0.419001
-0.110173 0.672816 0.419057
-0.110211 0.672668 0.419072
-0.110270 0.672119 0.419126
-0.110141 0.671607 0.419127
-0.110005 0.671115 0.419131
-0.109909 0.670584 0.419143
-0.109588 0.669975 0.419130
-0.109372 0.669040 0.419110
-0.109308 0.668831 0.419107
-0.109379 0.668481 0.419124
-0.109417 0.668082 0.419145
-0.109485 0.667866 0.419161
-0.110526 0.667019 0.419344
-0.111456 0.666164 0.419524
-0.112061 0.665521 0.419646
-0.113453 0.664394 0.419900
-0.114606 0.663396 0.420125
-0.116280 0.661958 0.420439
-0.117732 0.660752 0.420714
-0.118692 0.659839 0.420896
-0.120293 0.658467 0.421193
-0.121636 0.657408 0.421457
-0.123051 0.655940 0.421725
-0.123444 0.655506 0.421797
-0.123885 0.654914 0.421872
-0.124086 0.654637 0.421898
-0.124312 0.654062 0.421931
-0.124349 0.653893 0.421945
-0.124361 0.653422 0.421960
-0.124428 0.653201 0.421971
-0.124539 0.652732 0.421995
-0.124613 0.652502 0.422013
-0.124708 0.651814 0.422049
-0.124715 0.651743 0.422062
-0.124702 0.651544 0.422083
-0.124769 0.651404 0.422101
-0.124829 0.651105 0.422132
-0.124909 0.651003 0.422155
-0.125044 0.650741 0.422193
-0.125148 0.650616 0.422220
-0.125254 0.650326 0.422265
-0.125349 0.650179 0.422290
-0.125492 0.649937 0.422318
-0.126531 0.649039 0.422527
-0.127611 0.648262 0.422747
-0.128479 0.647471 0.422916
-0.129988 0.646198 0.423217
-0.131257 0.645207 0.423485
-0.132014 0.644599 0.423660
-0.133043 0.643772 0.423876
-0.133416 0.643273 0.423944
-0.133913 0.642500 0.424036
-0.134261 0.641542 0.424138
-0.134191 0.641104 0.424166
-0.134086 0.640885 0.424170
-0.134096 0.640581 0.424189
-0.134206 0.640243 0.424204
-0.134161 0.639799 0.424215
-0.133993 0.639288 0.424213
-0.133597 0.638801 0.424184
-0.133582 0.637789 0.424180
-0.133460 0.636895 0.424180
-0.133333 0.636149 0.424175
-0.133097 0.635445 0.424168
-0.132695 0.634187 0.424124
-0.132559 0.633403 0.424121
-0.132576 0.632662 0.424130
-0.133443 0.631890 0.424313
-0.134763 0.630526 0.424618
-0.135963 0.629418 0.424875
-0.137812 0.627610 0.425273
-0.139215 0.626228 0.425566
-0.141050 0.624083 0.425990
-0.142387 0.622559 0.426289
-0.144168 0.620434 0.426722
-0.145521 0.618763 0.427028
-0.147408 0.616436 0.427469
-0.148749 0.614814 0.427786
-0.150525 0.612656 0.428234
-0.151768 0.611240 0.428546
-0.153449 0.608953 0.428980
-0.153927 0.608199 0.429097
-0.154443 0.607045 0.429219
-0.154553 0.606738 0.429245
-0.154555 0.606238 0.429240
-0.154636 0.605903 0.429244
-0.154783 0.605075 0.429263
-0.154785 0.604683 0.429264
-0.154812 0.603896 0.429270
-0.154817 0.603571 0.429261
-0.154704 0.602903 0.429228
-0.154631 0.602745 0.429219
-0.154544 0.602197 0.429211
-0.154606 0.601886 0.429215
-0.154723 0.601023 0.429243
-0.154646 0.601046 0.429236
-0.154498 0.601063 0.429218
-0.154556 0.600989 0.429227
-0.154663 0.600809 0.429252
-0.154721 0.600705 0.429267
-0.154776 0.600441 0.429284
-0.154876 0.600302 0.429304
-0.155051 0.600021 0.429352
-0.155129 0.599890 0.429368
-0.155230 0.599550 0.429402
-0.155354 0.599323 0.429432
-0.155439 0.598948 0.429470
-0.155523 0.598721 0.429494
-0.155627 0.598390 0.429520
-0.156533 0.597369 0.429758
-0.157414 0.596447 0.430001
-0.158829 0.594921 0.430382
-0.160029 0.593558 0.430717
-0.160840 0.592631 0.430942
-0.161660 0.591629 0.431176
-0.161959 0.591261 0.431253
-0.162363 0.590555 0.431362
-0.162701 0.590083 0.431432
-0.162792 0.589825 0.431453
-0.162958 0.589383 0.431498
-0.162953 0.589249 0.431507
-0.163147 0.588796 0.431548
-0.163242 0.588593 0.431572
-0.163476 0.588450 0.431618
-0.163533 0.588346 0.431636
-0.163697 0.588148 0.431680
-0.163823 0.587829 0.431706
-0.164188 0.586958 0.431791
-0.164258 0.586795 0.431814
-0.164369 0.586651 0.431861
-0.164447 0.586535 0.431886
-0.164687 0.586284 0.431947
-0.164764 0.586074 0.431979
-0.165030 0.585767 0.432058
-0.165137 0.585523 0.432093
-0.165942 0.584695 0.432326
-0.166781 0.583796 0.432553
-0.167311 0.583223 0.432709
-0.168553 0.581846 0.433048
-0.169659 0.580700 0.433363
-0.170966 0.578967 0.433742
-0.171287 0.578554 0.433842
-0.171718 0.577659 0.433976
-0.171851 0.577283 0.434012
-0.171963 0.576822 0.434063
-0.172038 0.576653 0.434088
-0.172240 0.576124 0.434147
-0.172435 0.575745 0.434186
-0.172802 0.574943 0.434275
-0.172887 0.574783 0.434303
-0.173102 0.574221 0.434369
-0.173199 0.573987 0.434400
-0.173320 0.573485 0.434452
-0.173358 0.573443 0.434471
-0.173483 0.573115 0.434523
-0.173609 0.573023 0.434556
-0.173844 0.572413 0.434643
-0.173823 0.572462 0.434658
-0.173828 0.572358 0.434695
-0.173906 0.572269 0.434723
-0.174138 0.572057 0.434800
-0.174345 0.571528 0.434865
-0.174369 0.571056 0.434904
-0.174346 0.570348 0.434946
-0.174177 0.569931 0.434966
-0.174076 0.568824 0.434990
-0.173578 0.568428 0.434933
-0.173419 0.567762 0.434942
-0.173440 0.566729 0.434968
-0.173371 0.566191 0.434964
-0.174117 0.565015 0.435175
-0.175299 0.563126 0.435528
-0.176486 0.561585 0.435852
-0.178904 0.557783 0.436586
-0.179328 0.556586 0.436700
-0.179083 0.556387 0.436691
-0.179002 0.555471 0.436713
-0.178637 0.555136 0.436686
-0.178508 0.555064 0.436682
-0.178579 0.554904 0.436692
-0.178779 0.554280 0.436729
-0.178812 0.554157 0.436735
-0.178827 0.553980 0.436741
-0.178844 0.553907 0.436744
-0.178891 0.553602 0.436754
-0.178934 0.553469 0.436765
-0.179086 0.552907 0.436804
-0.179183 0.552654 0.436830
-0.179242 0.552137 0.436863
-0.179295 0.551870 0.436876
-0.180124 0.550732 0.437106
-0.180918 0.549619 0.437335
-0.181781 0.548224 0.437595
-0.182107 0.547574 0.437682
-0.182640 0.546860 0.437800
-0.182748 0.546582 0.437838
-0.182884 0.546092 0.437897
-0.182995 0.545685 0.437927
-0.183246 0.544786 0.437990
-0.183319 0.544420 0.438014
-0.183476 0.543860 0.438082
-0.183465 0.543752 0.438090
-0.183377 0.543791 0.438109
-0.183413 0.543703 0.438120
-0.183591 0.543703 0.438154
-0.183702 0.543477 0.438178
-0.184052 0.542762 0.438248
-0.184133 0.542579 0.438268
-0.184269 0.542308 0.438306
-0.184398 0.541951 0.438335
-0.184635 0.541302 0.438385
-0.184718 0.540922 0.438407
-0.184782 0.540840 0.438434
-0.184839 0.540734 0.438449
-0.184939 0.540555 0.438470
-0.185756 0.539523 0.438702
-0.186474 0.538675 0.438918
-0.187078 0.537920 0.439080
-0.187510 0.537236 0.439200
-0.188178 0.535738 0.439382
-0.188436 0.535027 0.439449
-0.188784 0.534291 0.439527
-0.188896 0.533440 0.439587
-0.188922 0.533307 0.439607
-0.188912 0.533262 0.439611
-0.188946 0.533323 0.439617
-0.189004 0.533202 0.439629
-0.189192 0.532887 0.439666
-0.189249 0.532692 0.439685
-0.189982 0.531611 0.439908
-0.190733 0.530549 0.440129
-0.191206 0.529827 0.440280
-0.192280 0.528232 0.440605
-0.193256 0.526812 0.440892
-0.194010 0.525549 0.441104
-0.195128 0.524091 0.441444
-0.196029 0.522974 0.441731
-0.196665 0.522060 0.441932
-0.197397 0.520919 0.442159
-0.197617 0.520662 0.442215
-0.197922 0.520230 0.442290
-0.198068 0.520027 0.442318
-0.198229 0.519646 0.442359
-0.198344 0.519521 0.442377
-0.198463 0.519128 0.442410
-0.198594 0.518844 0.442435
-0.198921 0.518064 0.442498
-0.198955 0.517966 0.442508
-0.199059 0.517763 0.442530
-0.199190 0.517470 0.442552
-0.199379 0.517080 0.442585
-0.199454 0.517084 0.442593
-0.199542 0.517008 0.442610
-0.199686 0.516920 0.442630
-0.199904 0.516504 0.442673
-0.200009 0.516496 0.442684
-0.200249 0.516484 0.442710
-0.200330 0.516507 0.442718
-0.200507 0.516527 0.442738
-0.200607 0.516549 0.442750
-0.200862 0.516467 0.442779
-0.201013 0.516466 0.442791
-0.201235 0.516330 0.442817
-0.201368 0.516356 0.442826
-0.201608 0.516307 0.442854
-0.201771 0.516189 0.442874
-0.202084 0.515696 0.442919
-0.202256 0.515546 0.442940
-0.202687 0.514693 0.443017
-0.202957 0.514034 0.443064
-0.203020 0.513536 0.443078
-0.203040 0.513353 0.443084
-0.204246 0.511591 0.443476
-0.204719 0.510932 0.443607
-0.206597 0.507944 0.444187
-0.208061 0.505615 0.444657
-0.208545 0.503978 0.444796
-0.208644 0.503446 0.444814
-0.208760 0.503142 0.444824
-0.208868 0.502428 0.444856
-0.208943 0.502278 0.444858
-0.208950 0.502249 0.444851
-0.208974 0.502294 0.444845
-0.209117 0.502000 0.444859
-0.209231 0.501884 0.444872
-0.209323 0.501837 0.444879
-0.209408 0.501842 0.444884
-0.209570 0.501737 0.444896
-0.209747 0.501740 0.444902
-0.209850 0.501585 0.444913
-0.210159 0.501222 0.444950
-0.210256 0.501005 0.444964
-0.210464 0.500770 0.444976
-0.210587 0.500561 0.444989
-0.210797 0.500266 0.445008
-0.210793 0.500249 0.445003
-0.211375 0.499340 0.445197
-0.212036 0.498279 0.445395
-0.213085 0.496593 0.445732
-0.213969 0.495260 0.446006
-0.215217 0.493513 0.446333
-0.215648 0.492873 0.446436
-0.216561 0.491480 0.446608
-0.216733 0.491392 0.446627
-0.217106 0.491284 0.446667
-0.217251 0.491288 0.446676
-0.217609 0.491347 0.446690
-0.217765 0.491092 0.446714
-0.218097 0.490687 0.446730
-0.218194 0.490647 0.446727
-0.218401 0.490586 0.446725
-0.218547 0.490370 0.446737
-0.218836 0.490096 0.446754
-0.218955 0.489927 0.446765
-0.219259 0.489891 0.446772
-0.219353 0.489749 0.446781
-0.219628 0.489517 0.446793
-0.219995 0.489067 0.446801
-0.220323 0.488572 0.446806
-0.220701 0.488243 0.446834
-0.220805 0.488058 0.446828
-0.220956 0.487218 0.446857
-0.220847 0.486563 0.446855
-0.220887 0.486445 0.446817
-0.220795 0.486317 0.446798
-0.220849 0.486082 0.446794
-0.220860 0.485938 0.446799
-0.221998 0.483924 0.447165
-0.222548 0.482450 0.447386
-0.223227 0.480829 0.447649
-0.224870 0.477209 0.448185
-0.225423 0.475361 0.448329
-0.225633 0.474269 0.448363
-0.225595 0.473626 0.448338
-0.225558 0.473460 0.448335
-0.225547 0.473366 0.448323
-0.225556 0.473216 0.448319
-0.225769 0.472808 0.448303
-0.225901 0.472402 0.448321
-0.226099 0.472270 0.448310
-0.226339 0.472223 0.448309
-0.226906 0.471363 0.448490
-0.228679 0.469898 0.448889
-0.230226 0.469835 0.448980
-0.231242 0.470186 0.448972
-0.232255 0.470623 0.448955
-0.233055 0.470871 0.448922
-0.233234 0.470955 0.448912
-0.234620 0.469315 0.449254
-0.236680 0.468362 0.449513
-0.237998 0.468852 0.449488
-0.238550 0.468771 0.449483
-0.239316 0.467839 0.449659
-0.240718 0.466216 0.449937
-0.241678 0.465030 0.450175
-0.244428 0.462731 0.450647
-0.246391 0.462921 0.450619
-0.246839 0.462999 0.450591
-0.248638 0.461466 0.450867
-0.249453 0.460919 0.450963
-0.251673 0.458444 0.451412
-0.254969 0.457024 0.451577
-0.257029 0.457171 0.451374
-0.258796 0.457709 0.451158
-0.260658 0.457768 0.450892
-0.261989 0.458456 0.450631
-0.262315 0.458370 0.450589
-0.263018 0.458259 0.450483
-0.263371 0.458271 0.450422
-0.264455 0.458506 0.450228
-0.264781 0.458519 0.450167
-0.265434 0.458483 0.450050
-0.265763 0.458459 0.449994
-0.266375 0.458173 0.449890
-0.266702 0.458165 0.449816
-0.267291 0.458034 0.449669
-0.267586 0.458006 0.449587
-0.268274 0.458190 0.449436
-0.268577 0.458128 0.449382
-0.269486 0.457713 0.449184
-0.270625 0.458055 0.448990
-0.271711 0.457841 0.448772
-0.273066 0.458021 0.448513
-0.274018 0.458498 0.448241
-0.275433 0.458520 0.447955
-0.276372 0.458528 0.447769
-0.277485 0.458554 0.447552
-0.278717 0.458681 0.447333
-0.279599 0.459083 0.447123
-0.280662 0.458868 0.446866
-0.281752 0.458801 0.446603
-0.282864 0.459028 0.446348
-0.283659 0.459523 0.446150
-0.284632 0.459777 0.445980
-0.284907 0.459776 0.445932
-0.285496 0.459849 0.445818
-0.285686 0.459820 0.445767
-0.285962 0.459722 0.445707
-0.286252 0.459664 0.445641
-0.286822 0.459681 0.445511
-0.287120 0.459642 0.445435
-0.288231 0.459755 0.445125
-0.289509 0.460060 0.444842
-0.291303 0.460481 0.444438
-0.293335 0.461031 0.443980
-0.294943 0.461020 0.443649
-0.296721 0.461284 0.443282
-0.298765 0.461680 0.442809
-0.300226 0.462085 0.442462
-0.301502 0.462270 0.442084
-0.303137 0.462587 0.441717
-0.304947 0.462381 0.441269
-0.306976 0.462709 0.440805
-0.308760 0.462922 0.440306
-0.310321 0.462734 0.439884
-0.311762 0.462893 0.439520
-0.313406 0.462845 0.439086
-0.314619 0.462974 0.438767
-0.315622 0.462777 0.438456
-0.316740 0.462930 0.438101
-0.318176 0.462990 0.437771
-0.319183 0.463248 0.437494
-0.320240 0.463376 0.437104
-0.320967 0.463787 0.436842
-0.321936 0.463906 0.436550
-0.322971 0.463897 0.436233
-0.323298 0.463844 0.436164
-0.323854 0.462749 0.436266
-0.325035 0.461097 0.436442
-0.325769 0.459648 0.436636
-0.328329 0.456843 0.436635
-0.330108 0.456380 0.436095
-0.331590 0.456666 0.435597
-0.333209 0.456724 0.435349
-0.335396 0.456777 0.434819
-0.336939 0.456898 0.434309
-0.338250 0.457006 0.433994
-0.339855 0.457201 0.433660
-0.340880 0.457409 0.433373
-0.342041 0.457610 0.433032
-0.343429 0.457728 0.432655
-0.344766 0.457843 0.432445
-0.345290 0.457946 0.432247
-0.345922 0.457611 0.432055
-0.346424 0.457776 0.431947
-0.347141 0.457935 0.431768
-0.348168 0.458196 0.431714
-0.349342 0.458566 0.431547
-0.350178 0.458487 0.431455
-0.350356 0.458498 0.431319
-0.351212 0.458342 0.431175
-0.351397 0.458585 0.431090
-0.352252 0.458541 0.430940
-0.352511 0.458338 0.430865
-0.352759 0.458107 0.430912
-0.352926 0.458251 0.430809
-0.353156 0.458413 0.430731
-0.353969 0.458485 0.430630
-0.354579 0.458508 0.430511
-0.355791 0.458408 0.430360
-0.356396 0.458414 0.430184
-0.356906 0.458343 0.430016
-0.357575 0.458457 0.429927
-0.358781 0.458223 0.429766
-0.359545 0.458579 0.429603
-0.360771 0.458131 0.429178
-0.362093 0.458583 0.429135
-0.363185 0.458364 0.428790
-0.364206 0.458812 0.428652
-0.364806 0.458946 0.428474
-0.365764 0.458953 0.428466
-0.366464 0.459028 0.428464
-0.367532 0.459012 0.428456
-0.368170 0.459155 0.428419
