-0.800019 1.000024 0.249820 1.000000 -0.000001 0.000001 0.000057
-0.800020 1.000024 0.249826 1.000000 -0.000002 0.000000 0.000060
-0.800018 1.000021 0.249803 1.000000 0.000004 0.000004 0.000061
-0.800023 1.000022 0.249776 1.000000 0.000003 -0.000006 0.000063
-0.800022 1.000023 0.249817 1.000000 0.000002 -0.000003 0.000064
-0.800022 1.000023 0.249828 1.000000 0.000001 -0.000004 0.000064
-0.800020 1.000024 0.249836 1.000000 -0.000001 0.000002 0.000065
-0.800020 1.000021 0.249833 1.000000 0.000006 0.000002 0.000067
-0.800020 1.000020 0.249779 1.000000 0.000008 0.000001 0.000068
-0.800025 1.000024 0.249764 1.000000 -0.000000 -0.000007 0.000069
-0.800026 1.000026 0.249753 1.000000 -0.000005 -0.000010 0.000070
-0.800023 1.000024 0.249751 1.000000 -0.000001 -0.000003 0.000071
-0.800022 1.000024 0.249829 1.000000 0.000001 -0.000001 0.000072
-0.800022 1.000023 0.249860 1.000000 0.000002 -0.000001 0.000073
-0.800022 1.000026 0.249903 1.000000 -0.000003 0.000001 0.000074
-0.800023 1.000023 0.249888 1.000000 0.000004 -0.000002 0.000075
-0.800026 1.000025 0.249844 1.000000 -0.000000 -0.000007 0.000077
-0.800024 1.000023 0.249836 1.000000 0.000003 -0.000003 0.000078
-0.800022 1.000027 0.249839 1.000000 -0.000004 0.000003 0.000082
-0.800026 1.000026 0.249845 1.000000 -0.000001 -0.000004 0.000085
-0.800025 1.000026 0.249913 1.000000 -0.000000 -0.000003 0.000088
-0.800025 1.000027 0.249915 1.000000 -0.000002 -0.000001 0.000090
-0.800025 1.000025 0.249917 1.000000 0.000001 -0.000002 0.000091
-0.800025 1.000027 0.249882 1.000000 -0.000002 -0.000001 0.000092
-0.800024 1.000025 0.249907 1.000000 0.000003 0.000001 0.000093
-0.800025 1.000027 0.249936 1.000000 -0.000001 -0.000000 0.000095
-0.800026 1.000027 0.249943 1.000000 -0.000001 -0.000002 0.000095
-0.800025 1.000026 0.249948 1.000000 0.000001 0.000001 0.000095
-0.800024 1.000028 0.249901 1.000000 -0.000002 0.000001 0.000098
-0.800025 1.000028 0.249898 1.000000 -0.000002 -0.000000 0.000099
-0.800025 1.000025 0.249893 1.000000 0.000003 -0.000001 0.000099
-0.800027 1.000026 0.249887 1.000000 0.000002 -0.000003 0.000101
-0.800026 1.000028 0.249920 1.000000 -0.000002 -0.000002 0.000101
-0.800026 1.000027 0.249909 1.000000 -0.000000 -0.000001 0.000103
-0.800026 1.000026 0.249938 1.000000 0.000002 -0.000001 0.000104
-0.800026 1.000027 0.249915 1.000000 0.000001 -0.000001 0.000106
-0.800026 1.000027 0.249897 1.000000 0.000001 -0.000001 0.000107
-0.800025 1.000028 0.249931 1.000000 -0.000001 0.000001 0.000107
-0.800027 1.000026 0.249887 1.000000 0.000003 -0.000001 0.000108
-0.800028 1.000026 0.249832 1.000000 0.000003 -0.000003 0.000108
-0.800027 1.000031 0.249781 1.000000 -0.000006 -0.000001 0.000109
-0.800028 1.000029 0.249811 1.000000 -0.000002 -0.000003 0.000110
-0.800028 1.000029 0.249823 1.000000 -0.000003 -0.000003 0.000111
-0.800028 1.000026 0.249829 1.000000 0.000004 -0.000003 0.000113
-0.800028 1.000028 0.249849 1.000000 0.000001 -0.000002 0.000115
-0.800026 1.000028 0.249871 1.000000 -0.000000 0.000001 0.000115
-0.800030 1.000029 0.249871 1.000000 -0.000001 -0.000005 0.000116
-0.800025 1.000029 0.249830 1.000000 -0.000001 0.000005 0.000118
-0.800029 1.000029 0.249834 1.000000 -0.000001 -0.000004 0.000118
-0.800026 1.000030 0.249839 1.000000 -0.000003 0.000003 0.000118
-0.800027 1.000030 0.249819 1.000000 -0.000002 0.000002 0.000119
-0.800028 1.000029 0.249801 1.000000 0.000000 0.000001 0.000120
-0.800028 1.000031 0.249811 1.000000 -0.000005 0.000001 0.000120
-0.800029 1.000031 0.249898 1.000000 -0.000004 -0.000001 0.000121
-0.800030 1.000029 0.249896 1.000000 -0.000000 -0.000001 0.000122
-0.800028 1.000031 0.249925 1.000000 -0.000002 0.000003 0.000123
-0.800030 1.000030 0.249911 1.000000 -0.000001 -0.000001 0.000124
-0.800029 1.000030 0.249926 1.000000 -0.000000 0.000000 0.000125
-0.800030 1.000030 0.249920 1.000000 -0.000001 -0.000001 0.000126
-0.800031 1.000030 0.249937 1.000000 -0.000000 -0.000002 0.000127
-0.800030 1.000031 0.249944 1.000000 -0.000002 -0.000001 0.000127
-0.800030 1.000031 0.249940 1.000000 -0.000002 -0.000001 0.000128
-0.800031 1.000031 0.249935 1.000000 -0.000002 -0.000001 0.000128
-0.800032 1.000030 0.249933 1.000000 0.000000 -0.000003 0.000129
-0.800032 1.000031 0.249927 1.000000 -0.000000 -0.000003 0.000131
-0.800031 1.000031 0.249921 1.000000 -0.000001 -0.000001 0.000131
-0.800032 1.000030 0.249926 1.000000 0.000002 -0.000003 0.000132
-0.800029 1.000031 0.249927 1.000000 -0.000000 0.000003 0.000133
-0.800029 1.000032 0.249867 1.000000 -0.000003 0.000003 0.000134
-0.800030 1.000030 0.249857 1.000000 0.000001 0.000001 0.000135
-0.800032 1.000032 0.249855 1.000000 -0.000002 -0.000001 0.000135
-0.800031 1.000029 0.249854 1.000000 0.000003 0.000000 0.000136
-0.800031 1.000029 0.249837 1.000000 0.000004 -0.000001 0.000136
-0.800034 1.000030 0.249815 1.000000 0.000003 -0.000006 0.000138
-0.800030 1.000032 0.249814 1.000000 -0.000001 0.000002 0.000139
-0.800030 1.000032 0.249842 1.000000 -0.000000 0.000003 0.000142
-0.800028 1.000034 0.249834 1.000000 -0.000004 0.000008 0.000142
-0.800029 1.000035 0.249772 1.000000 -0.000005 0.000005 0.000144
-0.800033 1.000034 0.249775 1.000000 -0.000003 -0.000003 0.000144
-0.485036 0.770037 0.249942 1.000000 -0.000000 -0.000000 0.000233
-0.485037 0.770036 0.249943 1.000000 0.000000 -0.000002 0.000234
-0.485035 0.770036 0.249912 1.000000 0.000002 0.000002 0.000236
-0.485037 0.770036 0.249898 1.000000 0.000002 -0.000001 0.000237
-0.485036 0.770038 0.249882 1.000000 -0.000003 -0.000001 0.000237
-0.485036 0.770035 0.249936 1.000000 0.000003 -0.000001 0.000241
-0.485036 0.770037 0.249971 1.000000 -0.000001 0.000001 0.000243
-0.485034 0.770040 0.249868 1.000000 -0.000005 0.000003 0.000246
-0.485037 0.770035 0.249854 1.000000 0.000004 -0.000001 0.000247
-0.485036 0.770038 0.249922 1.000000 -0.000002 -0.000001 0.000249
-0.485037 0.770037 0.249938 1.000000 0.000000 -0.000001 0.000249
-0.485038 0.770038 0.249871 1.000000 -0.000002 -0.000003 0.000252
-0.485034 0.770037 0.249855 1.000000 -0.000000 0.000004 0.000252
-0.485038 0.770037 0.249851 1.000000 -0.000000 -0.000003 0.000256
-0.485036 0.770037 0.249960 1.000000 0.000001 -0.000001 0.000258
-0.485037 0.770037 0.249978 1.000000 0.000001 -0.000002 0.000260
-0.485037 0.770036 0.249945 1.000000 0.000002 -0.000001 0.000262
-0.485036 0.770038 0.249934 1.000000 -0.000001 0.000000 0.000265
-0.485037 0.770039 0.249898 1.000000 -0.000003 -0.000001 0.000266
-0.485038 0.770040 0.249849 1.000000 -0.000005 -0.000003 0.000268
-0.485034 0.770038 0.249814 1.000000 -0.000001 0.000004 0.000271
-0.485035 0.770037 0.249816 1.000000 0.000002 0.000002 0.000272
-0.485038 0.770037 0.249818 1.000000 0.000001 -0.000003 0.000273
-0.485037 0.770037 0.249902 1.000000 0.000001 -0.000001 0.000276
-0.485036 0.770038 0.249912 1.000000 0.000000 0.000000 0.000276
-0.485037 0.770038 0.249914 1.000000 -0.000000 -0.000001 0.000279
-0.485037 0.770038 0.249902 1.000000 -0.000001 -0.000002 0.000279
-0.485037 0.770038 0.249932 1.000000 0.000001 -0.000001 0.000282
-0.485037 0.770038 0.249940 1.000000 0.000000 -0.000002 0.000282
-0.485037 0.770038 0.249888 1.000000 -0.000000 -0.000001 0.000286
-0.485036 0.770038 0.249860 1.000000 0.000001 0.000001 0.000290
-0.485037 0.770042 0.249852 1.000000 -0.000007 -0.000001 0.000291
-0.485035 0.770038 0.249771 1.000000 0.000002 0.000003 0.000294
-0.485037 0.770040 0.249932 1.000000 -0.000001 -0.000002 0.000316
-0.485035 0.770041 0.249846 1.000000 -0.000003 0.000003 0.000319
-0.485037 0.770039 0.249883 1.000000 0.000003 0.000001 0.000343
-0.485039 0.770042 0.249895 1.000000 -0.000001 -0.000002 0.000360
-0.485039 0.770040 0.249913 1.000000 0.000001 -0.000002 0.000362
-0.485039 0.770043 0.249905 1.000000 -0.000003 -0.000001 0.000364
-0.485039 0.770040 0.249896 1.000000 0.000002 -0.000001 0.000364
-0.485038 0.770041 0.249942 1.000000 0.000001 0.000000 0.000367
-0.485040 0.770040 0.249914 1.000000 0.000003 -0.000003 0.000369
-0.485042 0.770048 0.249846 1.000000 -0.000007 -0.000004 0.000465
-0.485040 0.770047 0.249821 1.000000 -0.000005 -0.000000 0.000469
-0.485041 0.770043 0.249831 1.000000 0.000003 -0.000002 0.000469
-0.485043 0.770042 0.249824 1.000000 0.000005 -0.000005 0.000470
-0.485038 0.770041 0.249806 1.000000 0.000007 0.000005 0.000470
-0.485043 0.770043 0.249773 1.000000 0.000003 -0.000006 0.000471
-0.485038 0.770040 0.249765 1.000000 0.000008 0.000004 0.000471
-0.485044 0.770048 0.249759 1.000000 -0.000006 -0.000007 0.000472
-0.485043 0.770049 0.249756 1.000000 -0.000008 -0.000005 0.000472
-0.485040 0.770046 0.249751 1.000000 -0.000003 0.000001 0.000473
-0.485037 0.770043 0.249761 1.000000 0.000003 0.000008 0.000474
-0.485042 0.770048 0.249754 1.000000 -0.000007 -0.000003 0.000475
-0.485039 0.770041 0.249751 1.000000 0.000007 0.000002 0.000476
-0.485042 0.770047 0.249751 1.000000 -0.000004 -0.000003 0.000476
-0.485037 0.770043 0.249755 1.000000 0.000003 0.000006 0.000476
-0.485038 0.770047 0.249754 1.000000 -0.000005 0.000006 0.000477
-0.485045 0.770047 0.249740 1.000000 -0.000006 -0.000009 0.000477
-0.485043 0.770042 0.249739 1.000000 0.000004 -0.000005 0.000477
-0.485040 0.770045 0.249772 1.000000 -0.000000 0.000001 0.000478
-0.485041 0.770044 0.249809 1.000000 0.000001 -0.000001 0.000478
-0.485041 0.770046 0.249936 1.000000 -0.000003 0.000000 0.000480
-0.485041 0.770045 0.249894 1.000000 -0.000001 -0.000001 0.000483
-0.485044 0.770045 0.249867 1.000000 -0.000001 -0.000006 0.000486
-0.485042 0.770044 0.249833 1.000000 0.000003 -0.000002 0.000489
-0.485042 0.770045 0.249867 1.000000 0.000001 -0.000002 0.000492
-0.485040 0.770046 0.249924 1.000000 -0.000002 0.000001 0.000495
-0.485039 0.770044 0.249842 1.000000 0.000003 0.000003 0.000496
-0.485040 0.770045 0.249771 1.000000 0.000001 0.000001 0.000498
-0.485043 0.770047 0.249768 1.000000 -0.000004 -0.000004 0.000500
-0.485043 0.770048 0.249759 1.000000 -0.000004 -0.000005 0.000502
-0.485044 0.770045 0.249781 1.000000 0.000001 -0.000007 0.000504
-0.485040 0.770046 0.249854 1.000000 -0.000000 0.000003 0.000507
-0.485041 0.770046 0.249861 1.000000 -0.000001 0.000000 0.000507
-0.485042 0.770045 0.249878 1.000000 0.000002 -0.000002 0.000508
-0.485043 0.770046 0.249910 1.000000 -0.000001 -0.000004 0.000509
-0.485041 0.770047 0.249890 1.000000 -0.000002 0.000000 0.000510
-0.485041 0.770045 0.249886 1.000000 0.000002 0.000001 0.000511
-0.485040 0.770044 0.249880 1.000000 0.000003 0.000001 0.000511
-0.485042 0.770044 0.249871 1.000000 0.000003 -0.000002 0.000512
-0.485042 0.770046 0.249886 1.000000 0.000000 -0.000002 0.000512
-0.485042 0.770046 0.249908 1.000000 -0.000001 -0.000003 0.000513
-0.485042 0.770045 0.249918 1.000000 0.000002 -0.000001 0.000513
-0.485042 0.770046 0.249937 1.000000 0.000001 -0.000001 0.000514
-0.485041 0.770046 0.249957 1.000000 0.000001 -0.000000 0.000514
-0.485041 0.770045 0.249947 1.000000 0.000002 0.000000 0.000515
-0.485042 0.770046 0.249932 1.000000 0.000000 -0.000001 0.000515
-0.485041 0.770046 0.249937 1.000000 -0.000000 -0.000000 0.000516
-0.485040 0.770046 0.249945 1.000000 -0.000001 0.000002 0.000516
-0.485041 0.770047 0.249964 1.000000 -0.000001 -0.000000 0.000517
-0.485041 0.770045 0.249953 1.000000 0.000001 0.000001 0.000519
-0.485043 0.770046 0.249898 1.000000 0.000000 -0.000003 0.000521
-0.485041 0.770046 0.249949 1.000000 -0.000000 -0.000000 0.000524
-0.485041 0.770045 0.249919 1.000000 0.000004 -0.000001 0.000527
-0.485042 0.770047 0.249849 1.000000 -0.000000 -0.000001 0.000530
-0.485040 0.770046 0.249900 1.000000 0.000001 0.000001 0.000532
-0.485044 0.770046 0.249870 1.000000 0.000001 -0.000005 0.000534
-0.485041 0.770047 0.249917 1.000000 0.000000 0.000001 0.000536
-0.485043 0.770047 0.249944 1.000000 0.000000 -0.000002 0.000538
-0.485043 0.770047 0.249925 1.000000 -0.000000 -0.000003 0.000540
-0.485041 0.770046 0.249915 1.000000 0.000002 0.000000 0.000542
-0.485041 0.770049 0.249902 1.000000 -0.000003 0.000001 0.000543
-0.485043 0.770048 0.249916 1.000000 -0.000001 -0.000002 0.000546
-0.485042 0.770048 0.249956 1.000000 -0.000001 0.000000 0.000548
-0.485042 0.770049 0.249885 1.000000 -0.000004 0.000000 0.000551
-0.485043 0.770045 0.249804 1.000000 0.000006 -0.000002 0.000554
-0.485041 0.770049 0.249795 1.000000 -0.000002 0.000001 0.000557
-0.485043 0.770049 0.249866 1.000000 -0.000002 -0.000001 0.000557
-0.485043 0.770048 0.249881 1.000000 -0.000001 -0.000003 0.000558
-0.485043 0.770047 0.249897 1.000000 0.000001 -0.000003 0.000559
-0.485043 0.770048 0.249910 1.000000 -0.000001 -0.000002 0.000559
-0.485043 0.770046 0.249923 1.000000 0.000002 -0.000002 0.000559
-0.485041 0.770047 0.249931 1.000000 0.000001 0.000001 0.000560
-0.485042 0.770049 0.249928 1.000000 -0.000003 0.000001 0.000560
-0.485041 0.770049 0.249918 1.000000 -0.000003 0.000002 0.000560
-0.485042 0.770049 0.249928 1.000000 -0.000002 0.000000 0.000561
-0.485043 0.770047 0.249929 1.000000 0.000001 -0.000002 0.000561
-0.485043 0.770048 0.249916 1.000000 -0.000001 -0.000001 0.000562
-0.485041 0.770047 0.249888 1.000000 0.000001 0.000003 0.000564
-0.485043 0.770047 0.249868 1.000000 0.000002 -0.000002 0.000565
-0.485042 0.770048 0.249876 1.000000 -0.000001 0.000001 0.000565
-0.485044 0.770049 0.249902 1.000000 -0.000001 -0.000003 0.000566
-0.485044 0.770048 0.249896 1.000000 0.000001 -0.000003 0.000567
-0.485041 0.770049 0.249874 1.000000 -0.000002 0.000003 0.000568
-0.485042 0.770047 0.249881 1.000000 0.000001 0.000001 0.000569
-0.485041 0.770048 0.249886 1.000000 -0.000000 0.000002 0.000571
-0.485043 0.770047 0.249873 1.000000 0.000003 -0.000001 0.000572
-0.485044 0.770049 0.249866 1.000000 -0.000001 -0.000003 0.000574
-0.485043 0.770048 0.249878 1.000000 0.000001 -0.000002 0.000574
-0.485043 0.770048 0.249905 1.000000 0.000001 -0.000001 0.000575
-0.485043 0.770048 0.249917 1.000000 -0.000000 -0.000002 0.000576
-0.485043 0.770048 0.249933 1.000000 0.000000 -0.000002 0.000576
-0.485043 0.770049 0.249948 1.000000 -0.000001 -0.000001 0.000577
-0.485043 0.770048 0.249945 1.000000 0.000000 -0.000002 0.000577
-0.485043 0.770049 0.249941 1.000000 -0.000000 -0.000002 0.000578
-0.485043 0.770050 0.249944 1.000000 -0.000003 -0.000001 0.000578
-0.485043 0.770048 0.249949 1.000000 0.000001 -0.000001 0.000579
-0.485043 0.770048 0.249959 1.000000 0.000001 -0.000000 0.000579
-0.485042 0.770048 0.249964 1.000000 0.000001 0.000000 0.000580
-0.485043 0.770048 0.249965 1.000000 0.000000 -0.000001 0.000580
-0.485044 0.770048 0.249969 1.000000 0.000001 -0.000002 0.000581
-0.485042 0.770047 0.249969 1.000000 0.000003 -0.000000 0.000581
-0.485042 0.770050 0.249925 1.000000 -0.000003 0.000001 0.000582
-0.485044 0.770048 0.249890 1.000000 0.000002 -0.000003 0.000583
-0.485042 0.770050 0.249901 1.000000 -0.000003 0.000002 0.000585
-0.485042 0.770048 0.249891 1.000000 0.000002 0.000000 0.000586
-0.485043 0.770048 0.249886 1.000000 0.000002 -0.000000 0.000587
-0.485043 0.770048 0.249897 1.000000 0.000002 -0.000000 0.000588
-0.485043 0.770048 0.249910 1.000000 0.000001 0.000000 0.000588
-0.485043 0.770048 0.249935 1.000000 0.000001 -0.000001 0.000589
-0.485041 0.770049 0.249952 1.000000 -0.000001 0.000002 0.000590
-0.485042 0.770049 0.249955 1.000000 -0.000001 0.000000 0.000590
-0.485042 0.770050 0.249958 1.000000 -0.000001 0.000002 0.000590
-0.485044 0.770049 0.249949 1.000000 0.000001 -0.000002 0.000590
-0.485043 0.770049 0.249928 1.000000 0.000000 -0.000001 0.000592
-0.485044 0.770049 0.249937 1.000000 -0.000001 -0.000002 0.000593
-0.485043 0.770050 0.249921 1.000000 -0.000003 -0.000001 0.000593
-0.485043 0.770050 0.249884 1.000000 -0.000001 -0.000002 0.000594
-0.485043 0.770048 0.249900 1.000000 0.000002 -0.000002 0.000596
-0.485043 0.770048 0.249928 1.000000 0.000002 -0.000000 0.000597
-0.485041 0.770051 0.249920 1.000000 -0.000003 0.000002 0.000597
-0.485042 0.770050 0.249930 1.000000 -0.000002 0.000001 0.000598
-0.485043 0.770048 0.249942 1.000000 0.000002 -0.000000 0.000598
-0.485042 0.770049 0.249937 1.000000 0.000001 0.000001 0.000600
-0.485043 0.770049 0.249947 1.000000 0.000001 -0.000002 0.000600
-0.485043 0.770049 0.249963 1.000000 0.000001 -0.000000 0.000601
-0.485043 0.770049 0.249971 1.000000 0.000001 0.000000 0.000601
-0.485044 0.770050 0.249909 1.000000 -0.000002 -0.000004 0.000603
-0.485044 0.770051 0.249886 1.000000 -0.000002 -0.000003 0.000603
-0.485044 0.770050 0.249867 1.000000 -0.000001 -0.000004 0.000604
-0.485043 0.770049 0.249869 1.000000 0.000001 -0.000002 0.000604
-0.485042 0.770050 0.249886 1.000000 -0.000001 0.000001 0.000604
-0.485042 0.770050 0.249892 1.000000 -0.000001 0.000001 0.000605
-0.485042 0.770049 0.249893 1.000000 0.000002 0.000000 0.000606
-0.485043 0.770049 0.249902 1.000000 0.000001 -0.000001 0.000606
-0.485044 0.770050 0.249911 1.000000 -0.000001 -0.000002 0.000607
-0.485042 0.770051 0.249893 1.000000 -0.000002 0.000000 0.000608
-0.485043 0.770050 0.249900 1.000000 -0.000000 -0.000000 0.000609
-0.485043 0.770048 0.249884 1.000000 0.000004 -0.000001 0.000610
-0.485043 0.770051 0.249879 1.000000 -0.000002 -0.000001 0.000611
-0.485044 0.770047 0.249827 1.000000 0.000005 -0.000003 0.000612
-0.485042 0.770050 0.249827 1.000000 0.000000 0.000003 0.000613
-0.485044 0.770049 0.249830 1.000000 0.000002 -0.000003 0.000614
-0.485044 0.770049 0.249812 1.000000 0.000003 -0.000002 0.000616
-0.485045 0.770051 0.249790 1.000000 -0.000001 -0.000004 0.000617
-0.485042 0.770048 0.249783 1.000000 0.000004 0.000002 0.000618
-0.485042 0.770050 0.249800 1.000000 0.000000 0.000003 0.000619
-0.485043 0.770048 0.249852 1.000000 0.000005 0.000000 0.000621
-0.485045 0.770052 0.249839 1.000000 -0.000003 -0.000004 0.000622
-0.485044 0.770048 0.249812 1.000000 0.000004 -0.000003 0.000623
-0.485044 0.770051 0.249822 1.000000 -0.000003 -0.000001 0.000623
-0.485045 0.770050 0.249849 1.000000 0.000000 -0.000003 0.000624
-0.485043 0.770051 0.249849 1.000000 -0.000001 0.000001 0.000625
-0.485045 0.770050 0.249938 1.000000 0.000000 -0.000003 0.000627
-0.485044 0.770050 0.249943 1.000000 0.000000 -0.000001 0.000629
-0.485044 0.770049 0.249932 1.000000 0.000002 -0.000002 0.000631
-0.485043 0.770050 0.249927 1.000000 0.000001 -0.000000 0.000634
-0.485045 0.770050 0.249899 1.000000 0.000000 -0.000003 0.000636
-0.485046 0.770049 0.249868 1.000000 0.000003 -0.000004 0.000638
-0.485046 0.770051 0.249885 1.000000 -0.000001 -0.000003 0.000641
-0.485043 0.770052 0.249947 1.000000 -0.000002 0.000001 0.000643
-0.485044 0.770051 0.249952 1.000000 -0.000001 0.000001 0.000643
-0.485043 0.770051 0.249957 1.000000 -0.000000 0.000003 0.000644
-0.485044 0.770051 0.249954 1.000000 -0.000000 0.000000 0.000645
-0.485044 0.770051 0.249947 1.000000 -0.000001 -0.000000 0.000646
-0.485044 0.770051 0.249949 1.000000 -0.000001 0.000001 0.000646
-0.485045 0.770052 0.249945 1.000000 -0.000001 -0.000002 0.000646
-0.485045 0.770051 0.249936 1.000000 -0.000000 -0.000002 0.000647
-0.485045 0.770050 0.249934 1.000000 0.000002 -0.000002 0.000647
-0.485043 0.770053 0.249928 1.000000 -0.000003 0.000003 0.000648
-0.485045 0.770053 0.249918 1.000000 -0.000004 -0.000002 0.000649
-0.485044 0.770048 0.249873 1.000000 0.000006 0.000000 0.000650
-0.485045 0.770052 0.249857 1.000000 -0.000001 -0.000002 0.000651
-0.485045 0.770049 0.249850 1.000000 0.000005 -0.000002 0.000654
-0.485044 0.770053 0.249844 1.000000 -0.000003 0.000001 0.000655
-0.485045 0.770052 0.249808 1.000000 -0.000002 -0.000002 0.000655
-0.485045 0.770050 0.249808 1.000000 0.000002 -0.000002 0.000656
-0.485043 0.770054 0.249822 1.000000 -0.000004 0.000002 0.000659
-0.485047 0.770052 0.249823 1.000000 -0.000000 -0.000004 0.000660
-0.485047 0.770051 0.249820 1.000000 0.000001 -0.000005 0.000661
-0.485043 0.770052 0.249826 1.000000 -0.000001 0.000003 0.000662
-0.485045 0.770051 0.249870 1.000000 0.000001 -0.000001 0.000665
-0.485046 0.770052 0.249898 1.000000 -0.000001 -0.000002 0.000666
-0.485046 0.770051 0.249954 1.000000 0.000001 -0.000003 0.000668
-0.485044 0.770051 0.249955 1.000000 0.000002 0.000001 0.000669
-0.485045 0.770051 0.249968 1.000000 0.000001 -0.000001 0.000670
-0.485045 0.770051 0.249972 1.000000 0.000001 -0.000002 0.000671
-0.485045 0.770051 0.249977 1.000000 0.000001 -0.000000 0.000672
-0.485044 0.770054 0.249940 1.000000 -0.000004 0.000001 0.000673
-0.485046 0.770050 0.249913 1.000000 0.000003 -0.000002 0.000673
-0.485045 0.770050 0.249880 1.000000 0.000004 0.000000 0.000674
-0.485044 0.770053 0.249850 1.000000 -0.000003 0.000001 0.000675
-0.485046 0.770053 0.249842 1.000000 -0.000003 -0.000002 0.000676
-0.485045 0.770053 0.249840 1.000000 -0.000002 -0.000000 0.000676
-0.485043 0.770052 0.249847 1.000000 -0.000001 0.000003 0.000677
-0.485045 0.770050 0.249849 1.000000 0.000004 -0.000000 0.000678
-0.485046 0.770052 0.249856 1.000000 -0.000000 -0.000003 0.000678
-0.485046 0.770052 0.249844 1.000000 0.000000 -0.000002 0.000679
-0.485043 0.770051 0.249823 1.000000 0.000002 0.000003 0.000679
-0.485046 0.770053 0.249813 1.000000 -0.000002 -0.000002 0.000679
-0.485046 0.770052 0.249819 1.000000 0.000000 -0.000002 0.000680
-0.485045 0.770053 0.249837 1.000000 -0.000003 -0.000000 0.000680
-0.485045 0.770054 0.249846 1.000000 -0.000003 -0.000001 0.000681
-0.485045 0.770051 0.249878 1.000000 0.000002 0.000000 0.000682
-0.485046 0.770051 0.249893 1.000000 0.000002 -0.000002 0.000683
-0.485045 0.770052 0.249933 1.000000 0.000001 -0.000001 0.000683
-0.485047 0.770052 0.249940 1.000000 -0.000000 -0.000003 0.000684
-0.485043 0.770052 0.249907 1.000000 0.000001 0.000003 0.000684
-0.485046 0.770053 0.249881 1.000000 -0.000002 -0.000001 0.000685
-0.485047 0.770051 0.249848 1.000000 0.000003 -0.000004 0.000687
-0.485047 0.770052 0.249830 1.000000 0.000001 -0.000003 0.000688
-0.485045 0.770057 0.249797 1.000000 -0.000010 0.000001 0.000689
-0.485048 0.770057 0.249780 1.000000 -0.000009 -0.000007 0.000689
-0.485048 0.770053 0.249756 1.000000 -0.000002 -0.000005 0.000691
-0.485045 0.770050 0.249763 1.000000 0.000004 0.000000 0.000691
-0.485043 0.770053 0.249796 1.000000 -0.000001 0.000004 0.000692
-0.485046 0.770056 0.249810 1.000000 -0.000008 -0.000001 0.000693
-0.485048 0.770053 0.249804 1.000000 -0.000000 -0.000006 0.000694
-0.485045 0.770049 0.249795 1.000000 0.000008 -0.000000 0.000695
-0.485043 0.770055 0.249807 1.000000 -0.000004 0.000004 0.000696
-0.485047 0.770052 0.249816 1.000000 0.000002 -0.000004 0.000696
-0.485045 0.770056 0.249835 1.000000 -0.000006 0.000000 0.000699
-0.485044 0.770052 0.249836 1.000000 0.000001 0.000002 0.000700
-0.485047 0.770051 0.249835 1.000000 0.000004 -0.000003 0.000701
-0.485047 0.770051 0.249836 1.000000 0.000004 -0.000003 0.000702
-0.485044 0.770053 0.249839 1.000000 -0.000000 0.000003 0.000702
-0.485045 0.770054 0.249855 1.000000 -0.000003 0.000002 0.000703
-0.485046 0.770053 0.249884 1.000000 -0.000001 -0.000000 0.000704
-0.485046 0.770053 0.249908 1.000000 -0.000001 -0.000002 0.000704
-0.485046 0.770052 0.249925 1.000000 0.000001 -0.000000 0.000705
-0.485044 0.770054 0.249941 1.000000 -0.000003 0.000002 0.000706
-0.485047 0.770053 0.249921 1.000000 0.000000 -0.000004 0.000706
-0.485044 0.770053 0.249885 1.000000 -0.000000 0.000004 0.000708
-0.485045 0.770054 0.249914 1.000000 -0.000001 0.000001 0.000711
-0.485046 0.770052 0.249946 1.000000 0.000002 -0.000001 0.000712
-0.485046 0.770053 0.249946 1.000000 -0.000000 0.000000 0.000714
-0.485046 0.770052 0.249942 1.000000 0.000003 -0.000001 0.000716
-0.485047 0.770053 0.249929 1.000000 0.000000 -0.000002 0.000718
-0.485049 0.770052 0.249901 1.000000 0.000003 -0.000005 0.000719
-0.485046 0.770053 0.249890 1.000000 0.000001 0.000001 0.000721
-0.485046 0.770055 0.249932 1.000000 -0.000003 -0.000000 0.000722
-0.485046 0.770052 0.249928 1.000000 0.000003 0.000000 0.000724
-0.485047 0.770053 0.249945 1.000000 0.000001 -0.000001 0.000727
-0.485047 0.770052 0.249961 1.000000 0.000003 -0.000002 0.000728
-0.485046 0.770053 0.249962 1.000000 0.000000 -0.000000 0.000730
-0.485048 0.770054 0.249929 1.000000 -0.000001 -0.000003 0.000733
-0.485046 0.770054 0.249837 1.000000 0.000000 0.000001 0.000736
-0.485046 0.770055 0.249884 1.000000 -0.000003 0.000000 0.000740
-0.485047 0.770054 0.249896 1.000000 0.000000 -0.000001 0.000740
-0.485046 0.770054 0.249933 1.000000 -0.000000 0.000000 0.000741
-0.485047 0.770054 0.249944 1.000000 -0.000000 -0.000001 0.000742
-0.485048 0.770056 0.249928 1.000000 -0.000005 -0.000002 0.000742
-0.485046 0.770054 0.249899 1.000000 0.000000 0.000002 0.000743
-0.485046 0.770057 0.249843 1.000000 -0.000005 0.000001 0.000743
-0.485046 0.770055 0.249828 1.000000 -0.000002 0.000001 0.000744
-0.485048 0.770052 0.249811 1.000000 0.000005 -0.000003 0.000745
-0.485048 0.770053 0.249799 1.000000 0.000002 -0.000003 0.000745
-0.485046 0.770053 0.249802 1.000000 0.000002 0.000001 0.000747
-0.485047 0.770052 0.249822 1.000000 0.000003 -0.000001 0.000748
-0.485047 0.770056 0.249872 1.000000 -0.000004 0.000000 0.000749
-0.485048 0.770054 0.249880 1.000000 0.000001 -0.000003 0.000750
-0.485047 0.770054 0.249883 1.000000 -0.000000 0.000001 0.000751
-0.485047 0.770054 0.249886 1.000000 0.000000 -0.000001 0.000751
-0.485047 0.770054 0.249897 1.000000 0.000001 -0.000001 0.000752
-0.485048 0.770054 0.249918 1.000000 -0.000000 -0.000001 0.000752
-0.485048 0.770053 0.249931 1.000000 0.000002 -0.000001 0.000753
-0.485047 0.770054 0.249940 1.000000 0.000002 -0.000001 0.000753
-0.485048 0.770056 0.249943 1.000000 -0.000003 -0.000002 0.000754
-0.485048 0.770055 0.249928 1.000000 -0.000000 -0.000002 0.000755
-0.485047 0.770053 0.249918 1.000000 0.000002 -0.000001 0.000756
-0.485048 0.770055 0.249922 1.000000 -0.000001 -0.000002 0.000757
-0.485047 0.770053 0.249925 1.000000 0.000003 0.000001 0.000759
-0.485047 0.770053 0.249897 1.000000 0.000002 0.000001 0.000759
-0.485046 0.770054 0.249842 1.000000 0.000002 0.000002 0.000760
-0.485048 0.770054 0.249833 1.000000 0.000002 -0.000003 0.000761
-0.485048 0.770054 0.249909 1.000000 0.000002 -0.000002 0.000762
-0.485048 0.770055 0.249933 1.000000 -0.000000 -0.000001 0.000762
-0.485047 0.770055 0.249945 1.000000 -0.000001 0.000000 0.000762
-0.485047 0.770055 0.249953 1.000000 -0.000001 -0.000000 0.000763
-0.485047 0.770054 0.249964 1.000000 0.000001 -0.000001 0.000763
-0.485047 0.770054 0.249967 1.000000 0.000001 -0.000000 0.000763
-0.485047 0.770055 0.249942 1.000000 0.000000 -0.000001 0.000764
-0.485047 0.770055 0.249925 1.000000 -0.000000 -0.000000 0.000765
-0.485048 0.770055 0.249919 1.000000 -0.000001 -0.000002 0.000766
-0.485047 0.770055 0.249925 1.000000 -0.000000 -0.000001 0.000766
-0.485046 0.770055 0.249921 1.000000 0.000000 0.000001 0.000768
-0.485047 0.770056 0.249925 1.000000 -0.000002 -0.000001 0.000768
-0.485047 0.770054 0.249933 1.000000 0.000001 0.000000 0.000769
-0.485048 0.770054 0.249925 1.000000 0.000002 -0.000001 0.000769
-0.485048 0.770055 0.249918 1.000000 -0.000001 -0.000003 0.000770
-0.485047 0.770054 0.249903 1.000000 0.000002 -0.000000 0.000770
-0.485045 0.770056 0.249883 1.000000 -0.000002 0.000004 0.000771
-0.485048 0.770056 0.249865 1.000000 -0.000001 -0.000001 0.000772
-0.485049 0.770055 0.249873 1.000000 -0.000000 -0.000004 0.000773
-0.485048 0.770054 0.249880 1.000000 0.000002 -0.000002 0.000773
-0.485046 0.770056 0.249914 1.000000 -0.000001 0.000001 0.000774
-0.485046 0.770055 0.249934 1.000000 0.000000 0.000002 0.000775
-0.485048 0.770055 0.249940 1.000000 -0.000001 -0.000003 0.000776
-0.485047 0.770055 0.249929 1.000000 -0.000000 0.000000 0.000777
-0.485045 0.770056 0.249906 1.000000 -0.000001 0.000003 0.000777
-0.485048 0.770055 0.249893 1.000000 0.000001 -0.000002 0.000779
-0.485047 0.770056 0.249896 1.000000 -0.000001 -0.000001 0.000779
-0.485046 0.770054 0.249921 1.000000 0.000003 0.000001 0.000780
-0.485048 0.770054 0.249912 1.000000 0.000003 -0.000002 0.000781
-0.485048 0.770057 0.249885 1.000000 -0.000003 -0.000002 0.000782
-0.485047 0.770056 0.249879 1.000000 -0.000001 -0.000000 0.000783
-0.485045 0.770055 0.249868 1.000000 0.000002 0.000004 0.000785
-0.485049 0.770058 0.249849 1.000000 -0.000004 -0.000004 0.000785
-0.485048 0.770054 0.249817 1.000000 0.000003 -0.000001 0.000787
-0.485046 0.770055 0.249832 1.000000 0.000002 0.000002 0.000788
-0.485046 0.770055 0.249818 1.000000 0.000002 0.000003 0.000788
-0.485045 0.770056 0.249806 1.000000 -0.000001 0.000003 0.000789
-0.485047 0.770057 0.249810 1.000000 -0.000002 -0.000001 0.000790
-0.485048 0.770056 0.249824 1.000000 -0.000001 -0.000003 0.000791
-0.485047 0.770057 0.249839 1.000000 -0.000002 -0.000000 0.000793
-0.485046 0.770054 0.249841 1.000000 0.000003 0.000001 0.000793
-0.485048 0.770054 0.249849 1.000000 0.000003 -0.000002 0.000794
-0.485048 0.770057 0.249868 1.000000 -0.000002 -0.000002 0.000795
-0.485048 0.770056 0.249881 1.000000 0.000000 -0.000002 0.000796
-0.485047 0.770058 0.249889 1.000000 -0.000003 -0.000001 0.000796
-0.485047 0.770057 0.249892 1.000000 -0.000003 -0.000000 0.000797
-0.485047 0.770055 0.249902 1.000000 0.000003 0.000000 0.000798
-0.485046 0.770055 0.249900 1.000000 0.000001 0.000002 0.000799
-0.485046 0.770055 0.249881 1.000000 0.000002 0.000001 0.000800
-0.485050 0.770054 0.249867 1.000000 0.000004 -0.000007 0.000801
-0.485048 0.770056 0.249845 1.000000 0.000000 -0.000002 0.000802
-0.485048 0.770056 0.249853 1.000000 0.000001 -0.000002 0.000803
-0.485046 0.770058 0.249862 1.000000 -0.000003 0.000003 0.000804
-0.485048 0.770057 0.249863 1.000000 -0.000001 -0.000001 0.000805
-0.485046 0.770058 0.249895 1.000000 -0.000004 0.000002 0.000807
-0.485046 0.770056 0.249893 1.000000 0.000001 0.000002 0.000807
-0.485047 0.770056 0.249904 1.000000 0.000001 -0.000001 0.000808
-0.485048 0.770056 0.249914 1.000000 0.000001 -0.000001 0.000808
-0.485046 0.770056 0.249933 1.000000 0.000000 0.000001 0.000808
-0.485048 0.770056 0.249941 1.000000 0.000001 -0.000001 0.000808
-0.485046 0.770056 0.249942 1.000000 0.000000 0.000001 0.000809
-0.485047 0.770059 0.249923 1.000000 -0.000005 0.000001 0.000809
-0.485048 0.770057 0.249910 1.000000 -0.000001 -0.000001 0.000811
-0.485047 0.770056 0.249916 1.000000 0.000001 0.000001 0.000811
-0.485048 0.770057 0.249940 1.000000 -0.000002 -0.000001 0.000812
-0.485047 0.770058 0.249945 1.000000 -0.000002 0.000000 0.000812
-0.485046 0.770057 0.249898 1.000000 -0.000001 0.000002 0.000815
-0.485049 0.770057 0.249958 1.000000 -0.000001 -0.000002 0.000816
-0.485047 0.770056 0.249939 1.000000 0.000001 0.000000 0.000818
-0.485048 0.770056 0.249971 1.000000 0.000001 -0.000002 0.000820
-0.485047 0.770057 0.249942 1.000000 0.000000 0.000001 0.000821
-0.485047 0.770055 0.249857 1.000000 0.000004 0.000001 0.000824
-0.485048 0.770059 0.249888 1.000000 -0.000004 -0.000000 0.000827
-0.485048 0.770058 0.249896 1.000000 -0.000001 -0.000000 0.000829
-0.485049 0.770057 0.249927 1.000000 0.000002 -0.000002 0.000831
-0.485049 0.770059 0.249928 1.000000 -0.000003 -0.000001 0.000832
-0.485050 0.770057 0.249917 1.000000 0.000001 -0.000003 0.000833
-0.485046 0.770058 0.249911 1.000000 -0.000000 0.000004 0.000834
-0.485048 0.770058 0.249906 1.000000 0.000000 -0.000001 0.000835
-0.485046 0.770058 0.249856 1.000000 -0.000001 0.000005 0.000838
-0.485049 0.770057 0.249908 1.000000 0.000002 -0.000001 0.000840
-0.485047 0.770059 0.249892 1.000000 -0.000002 0.000002 0.000842
-0.485047 0.770058 0.249880 1.000000 -0.000000 0.000002 0.000844
-0.485050 0.770057 0.249915 1.000000 0.000002 -0.000002 0.000846
-0.485050 0.770058 0.249952 1.000000 0.000000 -0.000002 0.000847
-0.485049 0.770058 0.249956 1.000000 0.000001 -0.000000 0.000847
-0.485048 0.770059 0.249960 1.000000 -0.000003 0.000001 0.000847
-0.485049 0.770058 0.249964 1.000000 0.000001 -0.000001 0.000848
-0.485049 0.770058 0.249970 1.000000 0.000001 -0.000001 0.000848
-0.485049 0.770058 0.249974 1.000000 0.000000 -0.000000 0.000848
-0.485048 0.770059 0.249975 1.000000 -0.000002 0.000002 0.000849
-0.485049 0.770058 0.249969 1.000000 -0.000000 -0.000001 0.000849
-0.485050 0.770058 0.249959 1.000000 0.000001 -0.000003 0.000850
-0.485050 0.770057 0.249951 1.000000 0.000003 -0.000002 0.000850
-0.485049 0.770057 0.249931 1.000000 0.000002 0.000000 0.000851
-0.485048 0.770058 0.249920 1.000000 0.000002 0.000001 0.000852
-0.485048 0.770056 0.249901 1.000000 0.000005 0.000001 0.000853
-0.485051 0.770057 0.249872 1.000000 0.000003 -0.000004 0.000853
-0.485049 0.770059 0.249844 1.000000 -0.000001 -0.000000 0.000854
-0.485048 0.770058 0.249870 1.000000 0.000000 0.000001 0.000854
-0.485050 0.770058 0.249888 1.000000 0.000001 -0.000002 0.000855
-0.485050 0.770059 0.249904 1.000000 -0.000000 -0.000002 0.000855
-0.485050 0.770059 0.249931 1.000000 -0.000001 -0.000002 0.000856
-0.485050 0.770058 0.249941 1.000000 0.000002 -0.000002 0.000857
-0.485050 0.770058 0.249959 1.000000 0.000001 -0.000002 0.000857
-0.485049 0.770058 0.249954 1.000000 0.000000 -0.000000 0.000858
-0.485050 0.770057 0.249946 1.000000 0.000002 -0.000001 0.000859
-0.485050 0.770060 0.249925 1.000000 -0.000003 -0.000002 0.000859
-0.485049 0.770058 0.249923 1.000000 0.000001 0.000000 0.000862
-0.485049 0.770060 0.249931 1.000000 -0.000002 -0.000000 0.000863
-0.485049 0.770060 0.249942 1.000000 -0.000003 0.000000 0.000863
-0.485050 0.770058 0.249934 1.000000 0.000002 -0.000001 0.000863
-0.485050 0.770058 0.249930 1.000000 0.000002 -0.000001 0.000864
-0.485049 0.770057 0.249920 1.000000 0.000003 0.000000 0.000865
-0.485050 0.770059 0.249902 1.000000 -0.000000 -0.000001 0.000867
-0.485047 0.770058 0.249893 1.000000 0.000001 0.000003 0.000868
-0.485051 0.770058 0.249869 1.000000 0.000002 -0.000004 0.000870
-0.485046 0.770060 0.249861 1.000000 -0.000001 0.000005 0.000871
-0.485048 0.770060 0.249843 1.000000 -0.000002 0.000003 0.000874
-0.485048 0.770058 0.249847 1.000000 0.000002 0.000002 0.000874
-0.485050 0.770059 0.249854 1.000000 0.000001 -0.000002 0.000875
-0.485049 0.770059 0.249873 1.000000 0.000001 -0.000000 0.000876
-0.485049 0.770059 0.249886 1.000000 0.000000 -0.000000 0.000876
-0.485050 0.770060 0.249890 1.000000 -0.000001 -0.000001 0.000877
-0.485051 0.770059 0.249895 1.000000 0.000001 -0.000003 0.000878
-0.485049 0.770059 0.249917 1.000000 -0.000001 0.000000 0.000879
-0.485050 0.770060 0.249906 1.000000 -0.000002 -0.000002 0.000879
-0.485048 0.770059 0.249888 1.000000 0.000000 0.000002 0.000881
-0.485049 0.770062 0.249884 1.000000 -0.000005 0.000000 0.000881
-0.485053 0.770061 0.249816 1.000000 -0.000004 -0.000007 0.000882
-0.485048 0.770064 0.249791 1.000000 -0.000009 0.000003 0.000883
-0.485046 0.770061 0.249764 1.000000 -0.000003 0.000006 0.000883
-0.485051 0.770063 0.249760 1.000000 -0.000007 -0.000003 0.000884
-0.485049 0.770063 0.249766 1.000000 -0.000007 -0.000000 0.000885
-0.485049 0.770060 0.249781 1.000000 -0.000002 0.000001 0.000885
-0.485052 0.770060 0.249798 1.000000 -0.000000 -0.000005 0.000886
-0.485050 0.770059 0.249805 1.000000 0.000001 -0.000001 0.000887
-0.485051 0.770060 0.249801 1.000000 -0.000000 -0.000003 0.000887
-0.485048 0.770057 0.249788 1.000000 0.000004 0.000003 0.000888
-0.485052 0.770061 0.249777 1.000000 -0.000003 -0.000004 0.000888
-0.485048 0.770061 0.249774 1.000000 -0.000003 0.000002 0.000889
-0.485049 0.770059 0.249791 1.000000 0.000000 0.000001 0.000889
-0.485050 0.770060 0.249832 1.000000 -0.000000 -0.000001 0.000890
-0.485051 0.770059 0.249867 1.000000 0.000001 -0.000003 0.000890
-0.485050 0.770058 0.249895 1.000000 0.000003 -0.000002 0.000891
-0.485050 0.770060 0.249900 1.000000 -0.000002 -0.000001 0.000892
-0.485050 0.770061 0.249878 1.000000 -0.000004 -0.000001 0.000893
-0.485050 0.770060 0.249874 1.000000 -0.000001 -0.000001 0.000894
-0.485051 0.770059 0.249906 1.000000 0.000002 -0.000002 0.000895
-0.485050 0.770059 0.249931 1.000000 0.000001 -0.000000 0.000895
-0.485050 0.770060 0.249939 1.000000 -0.000000 -0.000001 0.000896
-0.485050 0.770061 0.249931 1.000000 -0.000002 0.000000 0.000896
-0.485050 0.770061 0.249935 1.000000 -0.000003 0.000000 0.000897
-0.485051 0.770061 0.249936 1.000000 -0.000002 -0.000002 0.000897
-0.485049 0.770061 0.249905 1.000000 -0.000002 0.000001 0.000899
-0.485050 0.770061 0.249901 1.000000 -0.000002 0.000000 0.000899
-0.485050 0.770059 0.249928 1.000000 0.000001 0.000000 0.000899
-0.485050 0.770061 0.249937 1.000000 -0.000003 0.000000 0.000900
-0.485049 0.770060 0.249925 1.000000 -0.000001 0.000002 0.000901
-0.485049 0.770061 0.249934 1.000000 -0.000002 0.000002 0.000902
-0.485049 0.770060 0.249948 1.000000 -0.000001 0.000001 0.000902
-0.485050 0.770061 0.249949 1.000000 -0.000002 -0.000000 0.000902
-0.485050 0.770058 0.249906 1.000000 0.000004 -0.000001 0.000904
-0.485050 0.770062 0.249886 1.000000 -0.000003 0.000000 0.000904
-0.485050 0.770058 0.249867 1.000000 0.000005 -0.000001 0.000906
-0.485050 0.770059 0.249866 1.000000 0.000002 -0.000001 0.000906
-0.485052 0.770062 0.249865 1.000000 -0.000003 -0.000003 0.000908
-0.485052 0.770060 0.249852 1.000000 -0.000001 -0.000003 0.000908
-0.485051 0.770062 0.249847 1.000000 -0.000003 -0.000002 0.000909
-0.485050 0.770057 0.249849 1.000000 0.000006 0.000000 0.000910
-0.485050 0.770061 0.249846 1.000000 -0.000002 0.000001 0.000912
-0.485051 0.770059 0.249854 1.000000 0.000002 -0.000002 0.000913
-0.485051 0.770061 0.249881 1.000000 -0.000002 -0.000001 0.000914
-0.485049 0.770061 0.249885 1.000000 -0.000002 0.000002 0.000914
-0.485049 0.770059 0.249897 1.000000 0.000003 0.000001 0.000917
-0.485050 0.770059 0.249905 1.000000 0.000002 -0.000000 0.000919
-0.485051 0.770061 0.249919 1.000000 -0.000001 -0.000002 0.000921
-0.485050 0.770061 0.249919 1.000000 -0.000001 0.000000 0.000922
-0.485051 0.770060 0.249944 1.000000 0.000001 -0.000002 0.000923
-0.485051 0.770060 0.249959 1.000000 0.000001 -0.000002 0.000923
-0.485051 0.770060 0.249972 1.000000 0.000001 -0.000003 0.000923
-0.485049 0.770060 0.249922 1.000000 0.000002 0.000002 0.000925
-0.485051 0.770060 0.249917 1.000000 0.000001 -0.000002 0.000927
-0.485051 0.770060 0.249940 1.000000 0.000002 -0.000002 0.000928
-0.485049 0.770061 0.249952 1.000000 -0.000001 0.000002 0.000928
-0.485051 0.770060 0.249956 1.000000 0.000001 -0.000002 0.000928
-0.485052 0.770062 0.249944 1.000000 -0.000002 -0.000003 0.000929
-0.485050 0.770060 0.249933 1.000000 0.000001 0.000001 0.000929
-0.485051 0.770060 0.249933 1.000000 0.000002 -0.000001 0.000930
-0.485051 0.770061 0.249954 1.000000 0.000001 -0.000002 0.000931
-0.485052 0.770060 0.249956 1.000000 0.000001 -0.000002 0.000931
-0.485051 0.770060 0.249966 1.000000 0.000002 -0.000002 0.000932
-0.485051 0.770060 0.249971 1.000000 0.000001 -0.000001 0.000932
-0.485051 0.770061 0.249956 1.000000 -0.000000 -0.000001 0.000933
-0.485051 0.770062 0.249932 1.000000 -0.000003 -0.000000 0.000934
-0.485052 0.770061 0.249926 1.000000 0.000000 -0.000003 0.000935
-0.485049 0.770061 0.249890 1.000000 -0.000000 0.000002 0.000936
-0.485052 0.770061 0.249877 1.000000 0.000001 -0.000004 0.000937
-0.485050 0.770061 0.249875 1.000000 0.000000 0.000001 0.000938
-0.485050 0.770063 0.249871 1.000000 -0.000003 0.000000 0.000939
-0.485050 0.770060 0.249841 1.000000 0.000001 0.000002 0.000940
-0.485050 0.770062 0.249836 1.000000 -0.000002 0.000000 0.000941
-0.485050 0.770062 0.249840 1.000000 -0.000001 0.000000 0.000942
-0.485052 0.770061 0.249854 1.000000 0.000001 -0.000004 0.000942
-0.485051 0.770061 0.249867 1.000000 0.000000 -0.000001 0.000943
-0.485050 0.770061 0.249867 1.000000 0.000001 0.000000 0.000943
-0.485049 0.770061 0.249893 1.000000 0.000000 0.000002 0.000944
-0.485050 0.770063 0.249914 1.000000 -0.000003 0.000001 0.000945
-0.485052 0.770062 0.249926 1.000000 -0.000002 -0.000003 0.000946
-0.485051 0.770062 0.249908 1.000000 -0.000002 -0.000001 0.000946
-0.485051 0.770062 0.249912 1.000000 -0.000001 -0.000001 0.000947
-0.485051 0.770061 0.249932 1.000000 0.000001 -0.000002 0.000948
-0.485051 0.770061 0.249957 1.000000 0.000001 -0.000000 0.000948
-0.485052 0.770061 0.249961 1.000000 0.000001 -0.000002 0.000949
-0.485051 0.770060 0.249957 1.000000 0.000003 -0.000000 0.000949
-0.485051 0.770062 0.249945 1.000000 -0.000000 0.000000 0.000950
-0.485051 0.770061 0.249937 1.000000 0.000001 -0.000002 0.000951
-0.485052 0.770061 0.249948 1.000000 0.000000 -0.000002 0.000951
-0.485052 0.770062 0.249971 1.000000 -0.000000 -0.000002 0.000951
-0.485051 0.770061 0.249973 1.000000 0.000002 -0.000002 0.000952
-0.485051 0.770062 0.249977 1.000000 -0.000001 -0.000000 0.000952
-0.485050 0.770063 0.249970 1.000000 -0.000003 0.000000 0.000952
-0.485050 0.770063 0.249963 1.000000 -0.000002 0.000002 0.000953
-0.485052 0.770060 0.249868 1.000000 0.000003 -0.000003 0.000956
-0.485052 0.770061 0.249842 1.000000 0.000001 -0.000002 0.000957
-0.485051 0.770061 0.249881 1.000000 0.000002 -0.000001 0.000960
-0.485051 0.770061 0.249939 1.000000 0.000002 -0.000001 0.000962
-0.485050 0.770063 0.249898 1.000000 -0.000003 0.000001 0.000966
-0.485050 0.770062 0.249912 1.000000 0.000000 0.000001 0.000969
-0.485052 0.770062 0.249880 1.000000 0.000001 -0.000001 0.000972
-0.485052 0.770062 0.249954 1.000000 0.000001 -0.000002 0.000973
-0.485051 0.770063 0.249947 1.000000 -0.000001 -0.000000 0.000975
-0.485051 0.770062 0.249939 1.000000 0.000000 -0.000001 0.000975
-0.485052 0.770063 0.249926 1.000000 -0.000001 -0.000002 0.000976
-0.485051 0.770062 0.249945 1.000000 0.000001 0.000000 0.000977
-0.485051 0.770063 0.249955 1.000000 0.000000 -0.000000 0.000977
-0.485053 0.770062 0.249963 1.000000 0.000000 -0.000004 0.000978
-0.485051 0.770063 0.249920 1.000000 -0.000000 0.000001 0.000980
-0.485052 0.770063 0.249940 1.000000 -0.000001 -0.000001 0.000983
-0.485052 0.770062 0.249876 1.000000 0.000002 -0.000001 0.000986
-0.485052 0.770062 0.249871 1.000000 0.000003 -0.000002 0.000987
-0.485051 0.770062 0.249882 1.000000 0.000001 -0.000000 0.000988
-0.485053 0.770063 0.249904 1.000000 0.000000 -0.000003 0.000988
-0.485051 0.770061 0.249912 1.000000 0.000004 0.000000 0.000990
-0.485053 0.770062 0.249877 1.000000 0.000003 -0.000003 0.000992
-0.485052 0.770063 0.249916 1.000000 -0.000000 -0.000001 0.000995
-0.485052 0.770065 0.249892 1.000000 -0.000004 -0.000000 0.000997
-0.485052 0.770063 0.249886 1.000000 0.000001 0.000000 0.000997
-0.485053 0.770063 0.249932 1.000000 0.000000 -0.000002 0.000998
-0.485051 0.770063 0.249911 1.000000 0.000001 0.000002 0.001000
-0.485052 0.770065 0.249874 0.999999 -0.000002 0.000000 0.001002
-0.485052 0.770065 0.249954 0.999999 -0.000003 0.000000 0.001003
-0.485052 0.770065 0.249930 0.999999 -0.000003 -0.000000 0.001006
-0.485053 0.770063 0.249930 0.999999 0.000001 -0.000002 0.001007
-0.485053 0.770063 0.249934 0.999999 0.000001 -0.000002 0.001008
-0.485052 0.770064 0.249937 0.999999 -0.000001 -0.000001 0.001011
-0.485053 0.770064 0.249959 0.999999 -0.000001 -0.000001 0.001013
-0.485051 0.770065 0.249964 0.999999 -0.000003 0.000003 0.001013
-0.485052 0.770064 0.249951 0.999999 -0.000000 0.000000 0.001013
-0.485053 0.770064 0.249912 0.999999 -0.000001 -0.000002 0.001015
-0.485054 0.770064 0.249904 0.999999 -0.000000 -0.000004 0.001015
-0.485053 0.770065 0.249915 0.999999 -0.000002 -0.000002 0.001017
-0.485054 0.770065 0.249820 0.999999 -0.000002 -0.000003 0.001018
-0.485053 0.770063 0.249808 0.999999 0.000003 -0.000002 0.001018
-0.485053 0.770065 0.249800 0.999999 -0.000001 -0.000001 0.001019
-0.485052 0.770066 0.249814 0.999999 -0.000003 -0.000001 0.001020
-0.485052 0.770063 0.249871 0.999999 0.000002 0.000001 0.001021
-0.485054 0.770065 0.249935 0.999999 -0.000002 -0.000003 0.001022
-0.485052 0.770062 0.249898 0.999999 0.000004 -0.000001 0.001025
-0.485054 0.770064 0.249865 0.999999 0.000000 -0.000003 0.001027
-0.485053 0.770064 0.249938 0.999999 0.000001 -0.000001 0.001029
-0.485053 0.770063 0.249940 0.999999 0.000004 -0.000001 0.001030
-0.485054 0.770065 0.249926 0.999999 -0.000000 -0.000003 0.001030
-0.485053 0.770064 0.249908 0.999999 0.000002 -0.000000 0.001031
-0.485053 0.770066 0.249897 0.999999 -0.000003 -0.000001 0.001032
-0.485053 0.770063 0.249855 0.999999 0.000004 -0.000001 0.001035
-0.485051 0.770065 0.249855 0.999999 0.000000 0.000002 0.001036
-0.485053 0.770065 0.249888 0.999999 0.000000 -0.000001 0.001037
-0.485053 0.770065 0.249915 0.999999 0.000000 -0.000002 0.001037
-0.485054 0.770064 0.249952 0.999999 0.000001 -0.000003 0.001038
-0.485053 0.770064 0.249962 0.999999 0.000001 -0.000001 0.001038
-0.485053 0.770065 0.249967 0.999999 0.000000 -0.000001 0.001039
-0.485053 0.770064 0.249971 0.999999 0.000002 -0.000002 0.001039
-0.485054 0.770064 0.249964 0.999999 0.000001 -0.000003 0.001039
-0.485052 0.770067 0.249946 0.999999 -0.000004 0.000001 0.001040
-0.485053 0.770063 0.249889 0.999999 0.000003 -0.000002 0.001042
-0.485052 0.770064 0.249919 0.999999 0.000002 -0.000000 0.001044
-0.485052 0.770066 0.249876 0.999999 -0.000002 0.000002 0.001046
-0.485054 0.770065 0.249945 0.999999 -0.000001 -0.000002 0.001048
-0.485054 0.770065 0.249935 0.999999 -0.000001 -0.000003 0.001050
-0.485054 0.770065 0.249861 0.999999 0.000001 -0.000003 0.001052
-0.485053 0.770064 0.249914 0.999999 0.000002 -0.000001 0.001054
-0.485053 0.770064 0.249875 0.999999 0.000002 -0.000001 0.001056
-0.485053 0.770066 0.249952 0.999999 -0.000001 -0.000000 0.001058
-0.485054 0.770065 0.249954 0.999999 0.000000 -0.000002 0.001059
-0.485054 0.770066 0.249926 0.999999 -0.000002 -0.000002 0.001060
-0.485055 0.770065 0.249933 0.999999 0.000000 -0.000003 0.001063
-0.485054 0.770066 0.249910 0.999999 -0.000000 -0.000003 0.001065
-0.485054 0.770066 0.249927 0.999999 -0.000001 -0.000001 0.001067
-0.485052 0.770065 0.249929 0.999999 0.000001 0.000001 0.001069
-0.485053 0.770067 0.249923 0.999999 -0.000002 0.000000 0.001070
-0.485054 0.770066 0.249937 0.999999 -0.000000 -0.000002 0.001071
-0.485054 0.770065 0.249947 0.999999 0.000001 -0.000002 0.001071
-0.485054 0.770066 0.249960 0.999999 -0.000001 -0.000001 0.001071
-0.485053 0.770065 0.249967 0.999999 0.000001 -0.000000 0.001072
-0.485053 0.770067 0.249966 0.999999 -0.000002 -0.000000 0.001072
-0.485053 0.770065 0.249964 0.999999 0.000002 -0.000001 0.001072
-0.485052 0.770064 0.249892 0.999999 0.000004 0.000001 0.001075
-0.485053 0.770066 0.249857 0.999999 -0.000001 -0.000001 0.001077
-0.485054 0.770067 0.249881 0.999999 -0.000002 -0.000002 0.001080
-0.485052 0.770066 0.249875 0.999999 -0.000000 0.000003 0.001083
-0.485053 0.770066 0.249890 0.999999 0.000000 0.000001 0.001085
-0.485054 0.770066 0.249947 0.999999 0.000001 -0.000002 0.001087
-0.485052 0.770065 0.249914 0.999999 0.000002 0.000001 0.001089
-0.485054 0.770066 0.249841 0.999999 0.000001 -0.000001 0.001091
-0.485053 0.770066 0.249926 0.999999 0.000000 0.000000 0.001094
-0.485052 0.770068 0.249905 0.999999 -0.000002 0.000002 0.001095
-0.485053 0.770068 0.249898 0.999999 -0.000003 0.000001 0.001099
-0.485053 0.770067 0.249941 0.999999 -0.000000 0.000000 0.001101
-0.485053 0.770066 0.249917 0.999999 0.000002 0.000001 0.001103
-0.485054 0.770066 0.249922 0.999999 0.000001 -0.000001 0.001106
-0.485053 0.770070 0.249876 0.999999 -0.000006 -0.000000 0.001107
-0.485053 0.770067 0.249852 0.999999 0.000000 0.000001 0.001111
-0.485053 0.770068 0.249876 0.999999 -0.000001 -0.000000 0.001114
-0.485054 0.770068 0.249942 0.999999 -0.000001 -0.000001 0.001115
-0.485054 0.770067 0.249943 0.999999 0.000001 -0.000001 0.001118
-0.485053 0.770068 0.249950 0.999999 -0.000001 -0.000000 0.001120
-0.485054 0.770067 0.249912 0.999999 0.000000 -0.000001 0.001123
-0.485052 0.770068 0.249902 0.999999 -0.000002 0.000002 0.001125
-0.485054 0.770064 0.249835 0.999999 0.000007 0.000000 0.001127
-0.485055 0.770067 0.249857 0.999999 0.000002 -0.000002 0.001129
-0.485051 0.770067 0.249828 0.999999 0.000001 0.000006 0.001132
-0.485054 0.770070 0.249820 0.999999 -0.000004 0.000000 0.001132
-0.485056 0.770066 0.249823 0.999999 0.000003 -0.000004 0.001133
-0.485054 0.770069 0.249849 0.999999 -0.000002 -0.000000 0.001134
-0.485055 0.770066 0.249854 0.999999 0.000003 -0.000003 0.001134
-0.485054 0.770065 0.249864 0.999999 0.000006 0.000001 0.001137
-0.485053 0.770068 0.249810 0.999999 -0.000001 0.000004 0.001141
-0.485056 0.770068 0.249890 0.999999 0.000001 -0.000003 0.001144
-0.485055 0.770067 0.249912 0.999999 0.000002 -0.000001 0.001147
-0.485055 0.770069 0.249951 0.999999 -0.000000 -0.000000 0.001149
-0.485055 0.770067 0.249963 0.999999 0.000002 -0.000001 0.001150
-0.485054 0.770068 0.249951 0.999999 0.000002 0.000000 0.001152
-0.485055 0.770069 0.249950 0.999999 -0.000001 -0.000002 0.001154
-0.485054 0.770069 0.249959 0.999999 -0.000002 0.000001 0.001155
-0.485055 0.770069 0.249932 0.999999 -0.000001 -0.000000 0.001157
-0.485056 0.770068 0.249971 0.999999 0.000001 -0.000003 0.001158
-0.485055 0.770068 0.249948 0.999999 0.000001 -0.000000 0.001159
-0.485055 0.770070 0.249912 0.999999 -0.000002 -0.000001 0.001161
-0.485055 0.770068 0.249899 0.999999 0.000001 -0.000000 0.001164
-0.485055 0.770071 0.249959 0.999999 -0.000004 0.000000 0.001165
-0.485056 0.770070 0.249911 0.999999 -0.000002 -0.000003 0.001167
-0.485055 0.770068 0.249816 0.999999 0.000003 -0.000001 0.001168
-0.485056 0.770068 0.249887 0.999999 0.000002 -0.000002 0.001172
-0.485055 0.770071 0.249926 0.999999 -0.000002 -0.000001 0.001174
-0.485056 0.770069 0.249944 0.999999 -0.000000 -0.000002 0.001175
-0.485055 0.770070 0.249898 0.999999 -0.000000 0.000001 0.001178
-0.485055 0.770069 0.249857 0.999999 0.000000 0.000001 0.001181
-0.485055 0.770069 0.249936 0.999999 0.000002 0.000000 0.001183
-0.485057 0.770069 0.249944 0.999999 0.000000 -0.000002 0.001184
-0.485055 0.770070 0.249954 0.999999 0.000000 -0.000000 0.001185
-0.485056 0.770070 0.249956 0.999999 -0.000000 -0.000001 0.001187
-0.485056 0.770069 0.249936 0.999999 0.000001 -0.000001 0.001188
-0.485056 0.770069 0.249859 0.999999 0.000002 -0.000002 0.001192
-0.485056 0.770071 0.249942 0.999999 -0.000001 -0.000001 0.001193
-0.485056 0.770069 0.249950 0.999999 0.000002 -0.000001 0.001195
-0.485056 0.770069 0.249929 0.999999 0.000002 -0.000002 0.001197
-0.485055 0.770069 0.249959 0.999999 0.000001 -0.000000 0.001200
-0.485057 0.770070 0.249903 0.999999 -0.000000 -0.000003 0.001202
-0.485054 0.770071 0.249889 0.999999 -0.000001 0.000002 0.001204
-0.485057 0.770069 0.249944 0.999999 0.000002 -0.000002 0.001205
-0.485056 0.770071 0.249941 0.999999 -0.000002 -0.000000 0.001206
-0.485056 0.770070 0.249940 0.999999 0.000001 -0.000000 0.001208
-0.485056 0.770070 0.249931 0.999999 -0.000000 -0.000000 0.001209
-0.485057 0.770072 0.249885 0.999999 -0.000002 -0.000003 0.001212
-0.485056 0.770071 0.249912 0.999999 -0.000001 -0.000000 0.001214
-0.485054 0.770071 0.249942 0.999999 -0.000001 0.000002 0.001216
-0.485056 0.770073 0.249888 0.999999 -0.000005 -0.000000 0.001218
-0.485054 0.770072 0.249866 0.999999 -0.000002 0.000002 0.001221
-0.485055 0.770071 0.249916 0.999999 0.000000 0.000001 0.001223
