-0.080729 0.886056 0.407063
-0.079401 0.886076 0.407138
-0.078071 0.886056 0.407223
-0.078893 0.885615 0.407225
-0.078988 0.884270 0.407512
-0.079714 0.883655 0.407569
-0.078506 0.881020 0.408231
-0.075612 0.879640 0.408671
-0.072944 0.878519 0.409003
-0.071785 0.878219 0.409110
-0.070520 0.877356 0.409298
-0.071212 0.876724 0.409340
-0.071487 0.876170 0.409406
-0.070367 0.873979 0.409828
-0.070980 0.873193 0.409904
-0.071168 0.872498 0.409998
-0.069229 0.869319 0.410589
-0.068510 0.868948 0.410674
-0.065987 0.866961 0.411033
-0.066573 0.866164 0.411096
-0.066758 0.865457 0.411175
-0.065644 0.863100 0.411525
-0.066211 0.862164 0.411608
-0.066356 0.861334 0.411702
-0.065022 0.858588 0.412082
-0.065541 0.857570 0.412171
-0.065643 0.856665 0.412268
-0.063734 0.853098 0.412712
-0.064250 0.852076 0.412794
-0.064361 0.851169 0.412881
-0.061751 0.846604 0.413368
-0.056912 0.840215 0.414038
-0.056880 0.839868 0.414064
-0.055880 0.839685 0.414068
-0.055572 0.839337 0.414083
-0.056407 0.838684 0.414108
-0.056684 0.836898 0.414220
-0.056540 0.836486 0.414246
-0.056079 0.829857 0.414662
-0.055695 0.829001 0.414715
-0.055500 0.828434 0.414753
-0.056209 0.827945 0.414835
-0.056268 0.827607 0.414872
-0.057136 0.827169 0.414967
-0.058160 0.826602 0.415009
-0.059087 0.825997 0.415063
-0.060979 0.824368 0.415272
-0.061939 0.823677 0.415324
-0.062801 0.822959 0.415386
-0.064353 0.820720 0.415629
-0.064295 0.820412 0.415651
-0.064861 0.819348 0.415775
-0.064493 0.818234 0.415873
-0.064009 0.817095 0.415965
-0.063945 0.816850 0.415982
-0.064622 0.815991 0.416106
-0.065583 0.815360 0.416157
-0.066465 0.814689 0.416220
-0.066779 0.814163 0.416267
-0.067799 0.813195 0.416342
-0.068520 0.810284 0.416548
-0.067107 0.808840 0.416562
-0.065682 0.807765 0.416533
-0.064664 0.807174 0.416499
-0.064160 0.806994 0.416478
-0.063990 0.806840 0.416473
-0.064830 0.806151 0.416516
-0.065446 0.805552 0.416559
-0.065704 0.805022 0.416590
-0.066755 0.804036 0.416661
-0.067456 0.803199 0.416724
-0.067728 0.802473 0.416767
-0.068753 0.801317 0.416850
-0.069409 0.800335 0.416920
-0.069621 0.798772 0.416991
-0.068983 0.797661 0.416992
-0.068372 0.796663 0.416979
-0.067940 0.796268 0.416960
-0.067221 0.795507 0.416921
-0.066791 0.795210 0.416893
-0.066115 0.794591 0.416847
-0.065357 0.794130 0.416791
-0.065092 0.793869 0.416770
-0.064140 0.793264 0.416694
-0.063952 0.793039 0.416679
-0.063135 0.792523 0.416613
-0.062973 0.792321 0.416600
-0.062416 0.791996 0.416557
-0.062065 0.791605 0.416531
-0.061515 0.791320 0.416489
-0.061327 0.791129 0.416475
-0.060749 0.790816 0.416432
-0.060551 0.790613 0.416417
-0.060240 0.790438 0.416395
-0.060955 0.789745 0.416441
-0.061666 0.789088 0.416495
-0.061886 0.788601 0.416514
-0.061909 0.788158 0.416517
-0.061460 0.787507 0.416477
-0.061083 0.786910 0.416437
-0.060478 0.786487 0.416377
-0.060262 0.786243 0.416354
-0.059637 0.785847 0.416292
-0.059244 0.785401 0.416250
-0.058946 0.785229 0.416222
-0.058476 0.784802 0.416177
-0.058161 0.784634 0.416148
-0.057370 0.783881 0.416074
-0.057004 0.783235 0.416043
-0.056650 0.782510 0.416023
-0.056533 0.782161 0.416020
-0.057499 0.781547 0.416096
-0.058534 0.781028 0.416183
-0.059198 0.780599 0.416244
-0.060577 0.779747 0.416359
-0.061845 0.779059 0.416472
-0.063075 0.778107 0.416583
-0.063449 0.777803 0.416614
-0.063831 0.777280 0.416641
-0.064028 0.777097 0.416653
-0.064262 0.776722 0.416668
-0.064436 0.776585 0.416681
-0.064665 0.776275 0.416701
-0.064993 0.776077 0.416732
-0.065141 0.775643 0.416761
-0.065069 0.775279 0.416767
-0.064957 0.774870 0.416772
-0.064793 0.774369 0.416778
-0.064670 0.773955 0.416783
-0.064504 0.773448 0.416789
-0.064381 0.773030 0.416794
-0.064325 0.772771 0.416798
-0.064142 0.772680 0.416786
-0.063837 0.772380 0.416766
-0.064737 0.771705 0.416851
-0.065429 0.771149 0.416923
-0.066767 0.770196 0.417054
-0.068962 0.767707 0.417259
-0.068791 0.766858 0.417198
-0.068475 0.766129 0.417128
-0.068236 0.765553 0.417087
-0.068087 0.765107 0.417071
-0.067907 0.764577 0.417060
-0.067780 0.764147 0.417058
-0.067650 0.763694 0.417058
-0.067480 0.763158 0.417059
-0.067357 0.762724 0.417061
-0.067194 0.762197 0.417063
-0.067172 0.762062 0.417065
-0.067393 0.761834 0.417095
-0.067462 0.761686 0.417109
-0.067636 0.761552 0.417132
-0.068788 0.760893 0.417260
-0.069812 0.760279 0.417382
-0.071313 0.759311 0.417565
-0.071544 0.758491 0.417590
-0.071407 0.757997 0.417571
-0.071293 0.757578 0.417561
-0.071170 0.757126 0.417557
-0.070971 0.756526 0.417551
-0.070864 0.756116 0.417551
-0.070714 0.755597 0.417551
-0.070567 0.755096 0.417552
-0.070457 0.754668 0.417553
-0.070303 0.754137 0.417554
-0.070154 0.753628 0.417554
-0.070043 0.753195 0.417556
-0.069887 0.752659 0.417556
-0.069707 0.752090 0.417555
-0.069608 0.751682 0.417556
-0.069588 0.751540 0.417558
-0.069806 0.751300 0.417589
-0.069905 0.751015 0.417611
-0.070049 0.750902 0.417631
-0.071186 0.750251 0.417763
-0.072207 0.749641 0.417889
-0.072955 0.749200 0.417981
-0.074445 0.748324 0.418157
-0.075669 0.747556 0.418310
-0.078732 0.745573 0.418688
-0.080316 0.743426 0.418831
-0.080162 0.742793 0.418761
-0.079919 0.742109 0.418699
-0.079881 0.741939 0.418692
-0.079520 0.741665 0.418648
-0.079283 0.741266 0.418621
-0.078829 0.740962 0.418570
-0.078546 0.740531 0.418541
-0.078298 0.740357 0.418516
-0.079069 0.739606 0.418622
-0.079831 0.738859 0.418736
-0.080120 0.738296 0.418787
-0.080203 0.737329 0.418815
-0.079789 0.736665 0.418770
-0.079311 0.735705 0.418713
-0.079044 0.735471 0.418681
-0.078612 0.734898 0.418629
-0.078315 0.734664 0.418594
-0.077852 0.734082 0.418541
-0.077547 0.733843 0.418506
-0.077073 0.733251 0.418454
-0.076766 0.733007 0.418420
-0.076290 0.732407 0.418369
-0.075982 0.732159 0.418336
-0.075329 0.731291 0.418270
-0.075049 0.731070 0.418241
-0.074612 0.730510 0.418197
-0.074319 0.730279 0.418167
-0.073867 0.729700 0.418121
-0.073569 0.729461 0.418090
-0.073109 0.728869 0.418044
-0.073954 0.728033 0.418165
-0.074761 0.727220 0.418290
-0.075082 0.726604 0.418347
-0.076191 0.725536 0.418510
-0.077145 0.724549 0.418657
-0.077545 0.723803 0.418724
-0.078689 0.722631 0.418891
-0.079654 0.721561 0.419039
-0.080186 0.720116 0.419121
-0.080211 0.719515 0.419120
-0.079627 0.718238 0.419011
-0.079469 0.717835 0.418979
-0.078723 0.716913 0.418850
-0.078565 0.716582 0.418822
-0.077703 0.715605 0.418687
-0.077589 0.715334 0.418670
-0.077146 0.714890 0.418609
-0.076862 0.714353 0.418572
-0.076622 0.714142 0.418542
-0.076247 0.713600 0.418496
-0.075745 0.713184 0.418433
-0.075324 0.712438 0.418387
-0.075097 0.712258 0.418360
-0.075900 0.711512 0.418487
-0.076693 0.710768 0.418620
-0.078161 0.709615 0.418854
-0.079352 0.708584 0.419052
-0.080183 0.707254 0.419193
-0.080307 0.706712 0.419210
-0.080068 0.705912 0.419163
-0.079944 0.705511 0.419136
-0.079467 0.704873 0.419049
-0.079291 0.704519 0.419016
-0.078771 0.703942 0.418928
-0.078589 0.703607 0.418897
-0.078068 0.703057 0.418815
-0.077889 0.702732 0.418787
-0.077186 0.701970 0.418684
-0.077051 0.701675 0.418666
-0.076596 0.701193 0.418603
-0.076440 0.700897 0.418583
-0.075962 0.700409 0.418520
-0.075800 0.700109 0.418500
-0.075316 0.699614 0.418438
-0.075152 0.699310 0.418419
-0.074489 0.698596 0.418336
-0.074364 0.698313 0.418323
-0.075274 0.697477 0.418475
-0.075999 0.696770 0.418608
-0.077393 0.695667 0.418845
-0.078546 0.694671 0.419046
-0.079377 0.693394 0.419190
-0.079516 0.692872 0.419208
-0.079322 0.692111 0.419159
-0.079220 0.691725 0.419132
-0.078793 0.691120 0.419044
-0.078210 0.689793 0.418920
-0.077969 0.688938 0.418877
-0.077792 0.688162 0.418857
-0.077601 0.687311 0.418846
-0.077443 0.686553 0.418844
-0.077304 0.685837 0.418847
-0.077206 0.685238 0.418852
-0.077102 0.684599 0.418858
-0.076991 0.683940 0.418865
-0.076841 0.683161 0.418873
-0.076735 0.682535 0.418881
-0.076592 0.681774 0.418890
-0.076458 0.681054 0.418899
-0.076362 0.680449 0.418908
-0.076228 0.679700 0.418918
-0.076098 0.678983 0.418927
-0.076082 0.678801 0.418931
-0.076257 0.678475 0.418970
-0.076314 0.678265 0.418987
-0.076564 0.677913 0.419042
-0.076679 0.677236 0.419096
-0.076585 0.676477 0.419119
-0.076461 0.675759 0.419133
-0.076369 0.675151 0.419143
-0.076268 0.674502 0.419152
-0.076161 0.673830 0.419162
-0.076014 0.673034 0.419171
-0.075910 0.672394 0.419180
-0.075838 0.671855 0.419188
-0.075692 0.671740 0.419172
-0.075470 0.671348 0.419149
-0.075277 0.671197 0.419125
-0.074995 0.670740 0.419092
-0.074783 0.670561 0.419065
-0.075609 0.669826 0.419209
-0.076424 0.669087 0.419359
-0.076983 0.668140 0.419469
-0.077085 0.666860 0.419480
-0.076937 0.665919 0.419448
-0.076742 0.664971 0.419422
-0.076621 0.664273 0.419414
-0.076510 0.663574 0.419414
-0.076369 0.662760 0.419418
-0.076273 0.662112 0.419425
-0.076145 0.661328 0.419433
-0.076025 0.660589 0.419443
-0.075913 0.659868 0.419453
-0.075805 0.659155 0.419463
-0.075727 0.658544 0.419473
-0.075612 0.657781 0.419484
-0.075599 0.657590 0.419488
-0.077507 0.656208 0.419835
-0.078089 0.655663 0.419945
-0.080587 0.653869 0.420397
-0.081307 0.653207 0.420528
-0.083927 0.651257 0.421000
-0.085533 0.649338 0.421246
-0.085635 0.648200 0.421185
-0.085516 0.647373 0.421114
-0.085429 0.646730 0.421081
-0.085316 0.645958 0.421056
-0.085213 0.645230 0.421044
-0.085143 0.644617 0.421041
-0.085068 0.643963 0.421043
-0.084960 0.643181 0.421046
-0.084885 0.642547 0.421051
-0.084780 0.641775 0.421059
-0.084707 0.641144 0.421068
-0.084632 0.640478 0.421078
-0.084524 0.639686 0.421089
-0.084450 0.639047 0.421100
-0.084347 0.638269 0.421114
-0.084275 0.637633 0.421126
-0.084175 0.636857 0.421140
-0.084105 0.636222 0.421153
-0.084032 0.635551 0.421167
-0.083928 0.634754 0.421182
-0.083856 0.634110 0.421196
-0.083757 0.633327 0.421212
-0.083663 0.632585 0.421228
-0.083600 0.631960 0.421242
-0.083507 0.631187 0.421258
-0.083442 0.630551 0.421272
-0.083373 0.629877 0.421287
-0.083300 0.629184 0.421301
-0.083225 0.628482 0.421316
-0.083148 0.627774 0.421331
-0.083098 0.627198 0.421343
-0.084063 0.626479 0.421531
-0.085550 0.625238 0.421837
-0.086890 0.624278 0.422099
-0.089648 0.621783 0.422634
-0.089850 0.620840 0.422625
-0.089816 0.620195 0.422592
-0.089734 0.619424 0.422566
-0.089676 0.618793 0.422558
-0.089593 0.618020 0.422555
-0.089513 0.617286 0.422558
-0.089440 0.616566 0.422565
-0.089370 0.615853 0.422575
-0.089322 0.615238 0.422586
-0.089270 0.614575 0.422598
-0.089187 0.613782 0.422613
-0.089132 0.613137 0.422626
-0.089052 0.612353 0.422643
-0.088999 0.611710 0.422658
-0.088945 0.611032 0.422674
-0.088887 0.610337 0.422690
-0.088801 0.609522 0.422709
-0.088796 0.609322 0.422714
-0.090648 0.607883 0.423105
-0.091231 0.607323 0.423233
-0.093689 0.605486 0.423752
-0.095350 0.603751 0.424090
-0.095581 0.602769 0.424094
-0.095542 0.602016 0.424058
-0.095501 0.601396 0.424042
-0.095435 0.600631 0.424033
-0.095391 0.600000 0.424034
-0.095346 0.599330 0.424040
-0.095275 0.598535 0.424048
-0.095230 0.597891 0.424059
-0.095185 0.597212 0.424072
-0.095137 0.596519 0.424087
-0.095087 0.595817 0.424103
-0.095014 0.595002 0.424122
-0.094948 0.594248 0.424141
-0.094910 0.593615 0.424159
-0.094871 0.592941 0.424178
-0.094805 0.592141 0.424200
-0.094765 0.591492 0.424219
-0.094704 0.590704 0.424242
-0.094666 0.590059 0.424262
-0.094628 0.589378 0.424283
-0.094586 0.588680 0.424304
-0.094521 0.587864 0.424328
-0.094462 0.587107 0.424352
-0.094430 0.586471 0.424372
-0.094396 0.585793 0.424394
-0.094337 0.584988 0.424418
-0.094283 0.584235 0.424442
-0.094235 0.583502 0.424466
-0.094209 0.582873 0.424486
-0.094179 0.582198 0.424508
-0.094126 0.581394 0.424533
-0.094094 0.580741 0.424553
-0.094063 0.580052 0.424575
-0.094029 0.579348 0.424597
-0.093973 0.578526 0.424622
-0.093941 0.577865 0.424644
-0.093893 0.577066 0.424669
-0.093847 0.576313 0.424692
-0.093851 0.576117 0.424699
-0.094794 0.575337 0.424904
-0.096999 0.573155 0.425418
-0.097231 0.572295 0.425469
-0.097243 0.571670 0.425473
-0.097229 0.571004 0.425480
-0.097188 0.570209 0.425492
-0.097165 0.569560 0.425506
-0.097125 0.568769 0.425525
-0.097104 0.568120 0.425543
-0.097066 0.567329 0.425566
-0.097047 0.566680 0.425586
-0.097027 0.565993 0.425607
-0.096988 0.565181 0.425632
-0.096968 0.564524 0.425653
-0.096933 0.563727 0.425679
-0.096900 0.562975 0.425703
-0.096887 0.562337 0.425725
-0.096873 0.561655 0.425748
-0.096840 0.560845 0.425775
-0.096824 0.560188 0.425798
-0.096832 0.559973 0.425805
-0.096905 0.559757 0.425823
-0.097037 0.559225 0.425861
-0.097131 0.559009 0.425884
-0.097287 0.558483 0.425930
-0.097388 0.558272 0.425956
-0.097553 0.557754 0.426005
-0.097657 0.557546 0.426032
-0.097825 0.557033 0.426083
-0.097930 0.556827 0.426110
-0.098134 0.556137 0.426180
-0.099067 0.555383 0.426392
-0.099945 0.554627 0.426601
-0.101033 0.553694 0.426859
-0.101341 0.553324 0.426934
-0.101804 0.552798 0.427038
-0.101948 0.552526 0.427072
-0.102230 0.552094 0.427131
-0.102326 0.551842 0.427155
-0.102457 0.551607 0.427181
-0.102576 0.551310 0.427209
-0.102826 0.550832 0.427264
-0.102998 0.549893 0.427335
-0.103008 0.549222 0.427364
-0.102999 0.548525 0.427388
-0.102967 0.547705 0.427412
-0.102921 0.546854 0.427436
-0.102915 0.546249 0.427455
-0.102909 0.545578 0.427476
-0.102898 0.544877 0.427498
-0.102868 0.544053 0.427523
-0.102855 0.543385 0.427544
-0.102829 0.542577 0.427570
-0.102837 0.542373 0.427577
-0.102961 0.541996 0.427608
-0.103015 0.541751 0.427624
-0.103188 0.541327 0.427667
-0.103255 0.541069 0.427687
-0.103442 0.540630 0.427735
-0.103512 0.540367 0.427757
-0.103702 0.539923 0.427808
-0.103773 0.539658 0.427831
-0.103964 0.539210 0.427883
-0.104035 0.538944 0.427906
-0.104225 0.538495 0.427958
-0.104296 0.538229 0.427982
-0.104405 0.537976 0.428010
-0.105372 0.537152 0.428233
-0.106264 0.536346 0.428451
-0.106919 0.535763 0.428609
-0.107387 0.535252 0.428725
-0.108016 0.534576 0.428878
-0.108205 0.534266 0.428927
-0.108527 0.533796 0.429003
-0.108634 0.533534 0.429031
-0.108864 0.533106 0.429085
-0.108947 0.532851 0.429109
-0.109148 0.532425 0.429157
-0.109222 0.532168 0.429179
-0.109412 0.531735 0.429227
-0.109483 0.531475 0.429249
-0.109669 0.531037 0.429298
-0.109781 0.530548 0.429339
-0.109926 0.530191 0.429380
-0.109987 0.529953 0.429400
-0.110891 0.529105 0.429616
-0.111772 0.528367 0.429831
-0.112392 0.527765 0.429987
-0.113191 0.527018 0.430184
-0.113427 0.526701 0.430245
-0.113901 0.526107 0.430360
-0.113988 0.525894 0.430384
-0.114194 0.525534 0.430431
-0.115100 0.524764 0.430648
-0.115945 0.523996 0.430862
-0.116569 0.523450 0.431017
-0.117838 0.522427 0.431328
-0.118923 0.521503 0.431606
-0.119708 0.520868 0.431803
-0.120639 0.519977 0.432041
-0.120943 0.519717 0.432112
-0.121342 0.519201 0.432206
-0.122271 0.518367 0.432438
-0.123125 0.517549 0.432663
-0.123753 0.516971 0.432823
-0.124505 0.516115 0.433018
-0.124757 0.515852 0.433077
-0.125090 0.515318 0.433155
-0.125230 0.515131 0.433183
-0.125436 0.514663 0.433227
-0.126295 0.513817 0.433448
-0.127095 0.512978 0.433664
-0.127684 0.512382 0.433817
-0.128384 0.511492 0.433999
-0.128618 0.511218 0.434051
-0.128927 0.510663 0.434117
-0.129057 0.510469 0.434139
-0.129248 0.509990 0.434172
-0.130086 0.509128 0.434391
-0.130868 0.508274 0.434606
-0.131442 0.507668 0.434757
-0.131853 0.507144 0.434864
-0.132178 0.506748 0.434941
-0.132423 0.506354 0.434997
-0.133366 0.505342 0.435247
-0.134245 0.504491 0.435484
-0.135617 0.503220 0.435861
-0.136752 0.502122 0.436182
-0.138277 0.500672 0.436616
-0.139543 0.499561 0.436976
-0.140423 0.498746 0.437222
-0.141767 0.497477 0.437604
-0.142877 0.496379 0.437926
-0.144362 0.494914 0.438362
-0.145595 0.493793 0.438721
-0.147164 0.492342 0.439185
-0.148422 0.491137 0.439564
-0.149987 0.489600 0.440042
-0.151236 0.488329 0.440429
-0.152125 0.487496 0.440685
-0.153434 0.486210 0.441080
-0.154509 0.485100 0.441410
-0.155281 0.484374 0.441625
-0.156190 0.483439 0.441835
-0.156477 0.483210 0.441871
-0.156831 0.482781 0.441871
-0.156964 0.482667 0.441848
-0.157136 0.482336 0.441783
-0.157216 0.482235 0.441744
-0.157324 0.481900 0.441664
-0.157385 0.481790 0.441623
-0.157469 0.481433 0.441544
-0.157522 0.481312 0.441506
-0.157597 0.480934 0.441434
-0.157647 0.480803 0.441399
-0.157718 0.480409 0.441336
-0.157767 0.480272 0.441307
-0.157837 0.479867 0.441253
-0.157886 0.479724 0.441228
-0.157957 0.479309 0.441183
-0.158007 0.479163 0.441163
-0.158079 0.478741 0.441128
-0.158130 0.478591 0.441112
-0.158204 0.478162 0.441085
-0.158255 0.478010 0.441073
-0.158332 0.477575 0.441055
-0.158384 0.477420 0.441047
-0.158472 0.476834 0.441027
-0.158514 0.476715 0.441021
-0.158585 0.476317 0.441016
-0.158638 0.476172 0.441015
-0.158722 0.475742 0.441020
-0.158778 0.475587 0.441024
-0.158866 0.475142 0.441037
-0.158923 0.474981 0.441044
-0.159013 0.474527 0.441064
-0.159072 0.474363 0.441075
-0.159179 0.473747 0.441108
-0.159227 0.473617 0.441119
-0.159310 0.473200 0.441148
-0.159369 0.473045 0.441164
-0.159464 0.472595 0.441201
-0.159526 0.472430 0.441220
-0.159624 0.471966 0.441263
-0.159687 0.471796 0.441285
-0.159787 0.471325 0.441332
-0.159851 0.471151 0.441357
-0.159952 0.470674 0.441409
-0.160016 0.470499 0.441436
-0.160119 0.470018 0.441492
-0.160184 0.469841 0.441521
-0.160288 0.469357 0.441581
-0.160353 0.469178 0.441611
-0.160458 0.468691 0.441675
-0.160524 0.468511 0.441707
-0.160630 0.468022 0.441774
-0.160696 0.467841 0.441807
-0.160803 0.467350 0.441877
-0.160870 0.467168 0.441911
-0.160978 0.466675 0.441983
-0.161045 0.466493 0.442019
-0.161736 0.465551 0.442284
-0.162378 0.464618 0.442550
-0.163442 0.463176 0.442973
-0.164362 0.462046 0.443347
-0.165615 0.460519 0.443846
-0.166635 0.459240 0.444272
-0.167376 0.458407 0.444577
-0.167903 0.457769 0.444797
-0.168310 0.457345 0.444956
-0.168820 0.456697 0.445157
-0.169004 0.456527 0.445220
-0.169251 0.456122 0.445306
-0.169359 0.456001 0.445336
-0.169513 0.455626 0.445385
-0.169593 0.455503 0.445405
-0.170247 0.454588 0.445657
-0.170850 0.453676 0.445909
-0.171842 0.452230 0.446323
-0.172702 0.451102 0.446687
-0.173305 0.450268 0.446947
-0.174287 0.448882 0.447367
-0.175104 0.447675 0.447733
-0.176121 0.446400 0.448174
-0.176414 0.445986 0.448300
-0.176831 0.445538 0.448452
-0.176956 0.445319 0.448495
-0.177171 0.445053 0.448548
-0.177236 0.444868 0.448563
-0.177375 0.444616 0.448583
-0.177957 0.443701 0.448826
-0.178493 0.442783 0.449069
-0.178895 0.442168 0.449243
-0.179709 0.440923 0.449604
-0.180400 0.439801 0.449931
-0.180911 0.439067 0.450163
-0.181517 0.438099 0.450439
-0.181721 0.437863 0.450517
-0.182383 0.436861 0.450813
-0.182967 0.435898 0.451093
-0.183405 0.435270 0.451292
-0.183925 0.434419 0.451527
-0.184562 0.433342 0.451834
-0.185121 0.432322 0.452120
-0.185536 0.431655 0.452321
-0.185825 0.431117 0.452462
-0.186500 0.429878 0.452801
-0.187115 0.428883 0.453113
-0.187542 0.428141 0.453332
-0.188100 0.427385 0.453592
-0.188255 0.427107 0.453662
-0.188494 0.426824 0.453740
-0.188555 0.426654 0.453757
-0.188722 0.426436 0.453760
-0.188828 0.426571 0.453724
-0.188951 0.426845 0.453676
-0.189074 0.427127 0.453634
-0.189194 0.427347 0.453609
-0.189337 0.427569 0.453595
-0.189513 0.427840 0.453586
-0.189666 0.428043 0.453586
-0.189860 0.428287 0.453595
-0.190051 0.428510 0.453610
-0.190248 0.428716 0.453632
-0.190453 0.428907 0.453661
-0.190640 0.429051 0.453693
-0.190884 0.429231 0.453742
-0.191093 0.429364 0.453788
-0.191361 0.429527 0.453852
-0.191589 0.429646 0.453909
-0.191877 0.429790 0.453986
-0.192121 0.429895 0.454052
-0.192429 0.430023 0.454140
-0.192732 0.430134 0.454230
-0.192994 0.430216 0.454306
-0.193279 0.430301 0.454389
-0.193577 0.430388 0.454477
-0.193941 0.430492 0.454588
-0.194292 0.430578 0.454698
-0.194590 0.430639 0.454787
-0.194966 0.430719 0.454903
-0.195279 0.430777 0.454996
-0.195612 0.430840 0.455094
-0.196020 0.430920 0.455216
-0.196415 0.430987 0.455335
-0.196809 0.431045 0.455451
-0.197205 0.431099 0.455566
-0.197543 0.431143 0.455660
-0.197905 0.431199 0.455757
-0.198203 0.431247 0.455834
-0.198733 0.430352 0.456099
-0.199677 0.429095 0.456569
-0.200419 0.427900 0.456959
-0.202289 0.425886 0.457919
-0.203212 0.425948 0.458281
-0.203676 0.426199 0.458407
-0.204144 0.426461 0.458517
-0.204554 0.426654 0.458605
-0.204947 0.426806 0.458686
-0.205279 0.426915 0.458751
-0.205636 0.427026 0.458820
-0.206078 0.427162 0.458906
-0.206509 0.427279 0.458989
-0.206141 0.428227 0.458760
-0.205626 0.429590 0.458379
-0.204558 0.431851 0.457721
-0.203823 0.433201 0.457152
-0.203972 0.433163 0.457111
-0.204384 0.433070 0.457167
-0.204874 0.433041 0.457250
-0.205310 0.433054 0.457321
-0.205781 0.433100 0.457395
-0.206272 0.433169 0.457468
-0.206414 0.433190 0.457486
-0.207162 0.432990 0.455862
-0.207473 0.432963 0.455388
-0.208732 0.432717 0.452623
-0.209684 0.432833 0.451748
-0.210081 0.432916 0.451665
-0.210485 0.432818 0.450741
-0.211209 0.432735 0.449471
-0.211696 0.432611 0.448243
-0.213060 0.432571 0.445991
-0.213316 0.432615 0.445830
-0.214126 0.432463 0.443984
-0.215152 0.432590 0.442804
-0.215960 0.432874 0.442661
-0.216480 0.433069 0.442693
-0.217046 0.433297 0.442749
-0.217470 0.433467 0.442792
-0.217969 0.433684 0.442842
-0.218084 0.433728 0.442851
-0.218280 0.433814 0.442778
-0.218407 0.433864 0.442761
-0.218620 0.433961 0.442660
-0.218753 0.434015 0.442636
-0.218977 0.434120 0.442528
-0.219115 0.434177 0.442502
-0.219346 0.434288 0.442392
-0.219486 0.434348 0.442365
-0.219723 0.434463 0.442254
-0.219866 0.434524 0.442228
-0.220107 0.434642 0.442116
-0.220252 0.434705 0.442090
-0.220496 0.434825 0.441978
-0.220643 0.434888 0.441951
-0.220891 0.435010 0.441839
-0.221040 0.435074 0.441811
-0.221291 0.435197 0.441699
-0.221441 0.435261 0.441671
-0.221695 0.435385 0.441558
-0.221847 0.435451 0.441530
-0.222103 0.435576 0.441416
-0.222257 0.435641 0.441388
-0.222516 0.435767 0.441274
-0.222671 0.435833 0.441246
-0.222933 0.435960 0.441131
-0.223090 0.436027 0.441102
-0.223355 0.436154 0.440986
-0.223513 0.436221 0.440958
-0.223782 0.436350 0.440841
-0.223941 0.436417 0.440812
-0.224213 0.436546 0.440695
-0.224374 0.436614 0.440666
-0.224649 0.436744 0.440548
-0.224812 0.436812 0.440518
-0.225090 0.436943 0.440400
-0.225254 0.437011 0.440369
-0.225536 0.437143 0.440250
-0.225702 0.437212 0.440219
-0.225987 0.437344 0.440100
-0.226155 0.437413 0.440068
-0.226443 0.437546 0.439948
-0.226613 0.437616 0.439916
-0.226904 0.437750 0.439795
-0.227076 0.437820 0.439763
-0.227372 0.437955 0.439640
-0.227545 0.438025 0.439608
-0.227844 0.438161 0.439484
-0.228020 0.438232 0.439451
-0.228323 0.438368 0.439327
-0.228500 0.438439 0.439294
-0.228807 0.438576 0.439168
-0.228987 0.438647 0.439134
-0.229297 0.438785 0.439008
-0.229479 0.438857 0.438973
-0.229794 0.438995 0.438845
-0.229978 0.439067 0.438810
-0.230297 0.439205 0.438681
-0.230483 0.439278 0.438646
-0.230806 0.439416 0.438516
-0.230994 0.439488 0.438479
-0.231321 0.439626 0.438348
-0.231511 0.439698 0.438311
-0.231843 0.439835 0.438178
-0.232634 0.440162 0.438085
-0.233217 0.440371 0.438072
-0.233794 0.440561 0.438065
-0.233958 0.440596 0.438063
-0.234226 0.440424 0.438060
-0.234386 0.440384 0.438057
-0.234635 0.440134 0.438054
-0.234785 0.440079 0.438051
-0.235019 0.439810 0.438046
-0.235161 0.439742 0.438042
-0.235381 0.439449 0.438036
-0.235517 0.439376 0.438032
-0.235727 0.439078 0.438023
-0.235861 0.439009 0.438018
-0.236072 0.438723 0.438008
-0.236205 0.438654 0.438002
-0.236410 0.438360 0.437991
-0.236544 0.438289 0.437984
-0.236754 0.437997 0.437973
-0.236889 0.437929 0.437966
-0.237100 0.437639 0.437953
-0.237236 0.437567 0.437946
-0.237449 0.437274 0.437933
-0.237585 0.437206 0.437924
-0.237798 0.436917 0.437910
-0.237936 0.436848 0.437901
-0.238152 0.436553 0.437887
-0.238291 0.436484 0.437878
-0.238509 0.436196 0.437862
-0.238649 0.436127 0.437853
-0.238866 0.435836 0.437836
-0.239007 0.435766 0.437826
-0.239228 0.435476 0.437809
-0.239368 0.435406 0.437799
-0.239588 0.435117 0.437781
-0.239729 0.435049 0.437770
-0.239951 0.434760 0.437752
-0.240094 0.434690 0.437740
-0.240318 0.434404 0.437721
-0.240461 0.434335 0.437709
-0.240686 0.434043 0.437689
-0.240830 0.433975 0.437677
-0.241057 0.433690 0.437656
-0.241203 0.433624 0.437643
-0.241434 0.433339 0.437621
-0.241582 0.433273 0.437608
-0.241815 0.432991 0.437585
-0.241963 0.432926 0.437571
-0.242199 0.432643 0.437548
-0.242349 0.432578 0.437534
-0.242587 0.432299 0.437509
-0.242739 0.432235 0.437494
-0.242979 0.431953 0.437469
-0.243131 0.431888 0.437454
-0.243262 0.431730 0.437441
-0.243589 0.431555 0.437410
-0.243713 0.431399 0.437397
-0.244029 0.431225 0.437366
-0.244149 0.431070 0.437352
-0.244460 0.430892 0.437319
-0.244578 0.430737 0.437305
-0.244887 0.430561 0.437271
-0.245004 0.430405 0.437256
-0.245312 0.430228 0.437222
-0.245429 0.430071 0.437207
-0.245739 0.429895 0.437171
-0.245857 0.429739 0.437156
-0.246168 0.429560 0.437119
-0.246286 0.429402 0.437103
-0.246597 0.429223 0.437066
-0.246715 0.429066 0.437050
-0.247029 0.428890 0.437011
-0.247149 0.428734 0.436994
-0.247466 0.428556 0.436954
-0.247587 0.428400 0.436937
-0.247907 0.428224 0.436896
-0.248030 0.428068 0.436878
-0.248352 0.427890 0.436837
-0.248475 0.427733 0.436819
-0.248800 0.427557 0.436775
-0.248925 0.427399 0.436757
-0.249252 0.427222 0.436713
-0.249379 0.427066 0.436693
-0.249710 0.426891 0.436647
-0.249948 0.426610 0.436609
-0.250105 0.426545 0.436585
-0.250362 0.426263 0.436544
-0.250527 0.426200 0.436520
-0.250797 0.425922 0.436477
-0.250968 0.425859 0.436452
-0.251248 0.425586 0.436407
-0.251424 0.425526 0.436382
-0.251712 0.425255 0.436336
-0.251892 0.425196 0.436309
-0.252187 0.424928 0.436262
-0.252370 0.424869 0.436234
-0.252671 0.424600 0.436185
-0.252857 0.424542 0.436157
-0.253164 0.424277 0.436106
-0.253534 0.424192 0.436049
-0.253682 0.424062 0.436024
-0.254059 0.423921 0.435966
-0.254209 0.423778 0.435940
-0.254589 0.423622 0.435881
-0.254739 0.423475 0.435854
-0.255121 0.423315 0.435792
-0.255273 0.423166 0.435765
-0.255658 0.423002 0.435701
-0.255812 0.422850 0.435673
-0.256199 0.422687 0.435608
-0.256352 0.422535 0.435578
-0.256742 0.422368 0.435511
-0.256898 0.422217 0.435481
-0.257292 0.422052 0.435412
-0.257449 0.421898 0.435381
-0.257847 0.421729 0.435310
-0.258007 0.421577 0.435279
-0.258412 0.421415 0.435205
-0.258574 0.421263 0.435172
-0.258984 0.421102 0.435097
-0.259150 0.420950 0.435064
-0.259567 0.420785 0.434986
-0.259736 0.420636 0.434952
-0.260157 0.420467 0.434872
-0.260327 0.420315 0.434837
-0.260752 0.420149 0.434755
-0.260924 0.419998 0.434719
-0.261353 0.419834 0.434635
-0.261528 0.419681 0.434597
-0.261961 0.419508 0.434512
-0.262137 0.419355 0.434473
-0.262762 0.419144 0.434346
-0.262921 0.419007 0.434309
-0.263333 0.418849 0.434223
-0.263502 0.418695 0.434184
-0.263929 0.418527 0.434095
-0.264102 0.418368 0.434055
-0.264539 0.418196 0.433962
-0.264719 0.418047 0.433920
-0.265167 0.417887 0.433825
-0.265352 0.417738 0.433781
-0.265810 0.417569 0.433683
-0.265999 0.417418 0.433638
-0.266461 0.417242 0.433538
-0.266651 0.417085 0.433493
-0.267116 0.416905 0.433391
-0.267307 0.416748 0.433344
-0.267777 0.416573 0.433238
-0.267969 0.416415 0.433190
-0.268448 0.416238 0.433083
-0.268646 0.416087 0.433032
-0.269346 0.415869 0.432869
-0.269526 0.415729 0.432822
-0.269692 0.415569 0.432771
-0.269918 0.415469 0.432724
-0.270151 0.415372 0.432673
-0.270357 0.415185 0.432638
-0.270558 0.414999 0.432599
-0.270819 0.414891 0.432562
-0.271080 0.414793 0.432518
-0.271309 0.414616 0.432488
-0.271526 0.414446 0.432451
-0.271795 0.414358 0.432415
-0.272046 0.414207 0.432383
-0.272275 0.414066 0.432339
-0.272467 0.413867 0.432308
-0.272645 0.413689 0.432266
-0.272789 0.413459 0.432239
-0.272923 0.413257 0.432201
-0.273113 0.413147 0.432166
-0.273287 0.412980 0.432140
-0.273513 0.412887 0.432108
-0.273714 0.412741 0.432077
-0.274193 0.412656 0.431996
-0.274386 0.412563 0.431958
-0.274858 0.412527 0.431864
-0.275049 0.412441 0.431820
-0.275521 0.412402 0.431717
-0.275713 0.412311 0.431670
-0.276189 0.412257 0.431561
-0.276385 0.412158 0.431511
-0.276869 0.412088 0.431397
-0.277069 0.411982 0.431345
-0.277563 0.411898 0.431226
-0.277768 0.411785 0.431172
-0.278272 0.411689 0.431049
-0.278483 0.411570 0.430992
-0.278998 0.411464 0.430865
-0.279214 0.411341 0.430806
-0.279741 0.411228 0.430673
-0.279963 0.411102 0.430612
-0.280502 0.410982 0.430474
-0.280730 0.410852 0.430410
-0.281282 0.410726 0.430268
-0.281516 0.410593 0.430202
-0.282079 0.410461 0.430055
-0.282319 0.410326 0.429986
-0.282895 0.410190 0.429834
-0.283140 0.410053 0.429763
-0.283727 0.409911 0.429606
-0.283978 0.409769 0.429533
-0.284573 0.409617 0.429371
-0.284828 0.409475 0.429296
-0.285435 0.409328 0.429129
-0.285697 0.409186 0.429051
-0.286318 0.409034 0.428879
-0.286586 0.408890 0.428798
-0.287218 0.408734 0.428621
-0.287490 0.408589 0.428538
-0.288131 0.408435 0.428356
-0.288408 0.408288 0.428270
-0.289056 0.408122 0.428084
-0.289341 0.407979 0.427997
-0.290005 0.407817 0.427804
-0.290294 0.407667 0.427714
-0.291276 0.407462 0.427422
-0.291547 0.407327 0.427335
-0.292190 0.407157 0.427142
-0.292471 0.407005 0.427052
-0.293135 0.406832 0.426852
-0.293421 0.406677 0.426758
-0.293681 0.406542 0.427624
-0.294022 0.406444 0.428322
-0.294362 0.406358 0.429660
-0.294703 0.406169 0.430648
-0.295033 0.405981 0.432155
-0.295473 0.405847 0.433218
-0.295912 0.405729 0.434749
-0.296370 0.405498 0.435826
-0.296930 0.405303 0.436389
-0.297464 0.405143 0.437591
-0.298009 0.404889 0.438449
-0.298652 0.404689 0.438861
-0.299300 0.404423 0.439006
-0.300015 0.404221 0.438973
-0.301386 0.403746 0.438657
-0.302113 0.403614 0.438424
-0.302878 0.403540 0.437232
-0.303559 0.403398 0.436192
-0.304256 0.403286 0.435455
-0.305512 0.403022 0.434501
-0.306157 0.402951 0.434169
-0.306784 0.402814 0.433898
-0.307420 0.402721 0.432722
-0.308078 0.402744 0.431695
-0.308714 0.402697 0.431015
-0.309352 0.402744 0.429619
-0.309984 0.402911 0.428503
-0.310735 0.403219 0.427818
-0.311589 0.403533 0.426493
-0.312571 0.404130 0.425510
-0.313763 0.404691 0.424008
-0.315000 0.405794 0.422827
-0.316298 0.406439 0.421166
-0.317332 0.407327 0.419745
-0.318290 0.408209 0.418768
-0.319296 0.409136 0.417095
-0.320162 0.410068 0.415803
-0.320905 0.411282 0.414027
-0.321357 0.411625 0.412840
-0.321867 0.412443 0.411203
-0.322341 0.413328 0.409975
-0.323714 0.415863 0.408728
-0.324497 0.417198 0.408405
-0.326513 0.419742 0.407900
-0.327604 0.420891 0.407690
-0.329348 0.422820 0.407379
-0.330681 0.424163 0.407049
-0.331949 0.425456 0.405736
-0.333026 0.427026 0.404670
-0.334000 0.428489 0.402968
-0.334778 0.429531 0.401671
-0.335634 0.430566 0.399932
-0.336549 0.431713 0.398706
-0.337568 0.432857 0.397003
-0.338698 0.433981 0.395700
-0.339673 0.435119 0.393933
-0.340779 0.436098 0.392642
-0.341650 0.436979 0.390968
-0.342591 0.437874 0.389793
-0.343565 0.438489 0.389192
-0.344408 0.439187 0.387903
-0.345260 0.439995 0.386764
-0.346050 0.441065 0.385109
-0.346958 0.442282 0.383876
-0.347739 0.443518 0.382249
-0.348664 0.444664 0.381013
-0.349672 0.445880 0.380252
-0.350720 0.446776 0.378985
-0.351584 0.447504 0.378073
-0.352385 0.448115 0.377649
-0.352953 0.448559 0.376563
-0.353576 0.449204 0.375821
-0.354274 0.449772 0.375464
-0.354992 0.450543 0.374483
-0.355821 0.451338 0.373652
-0.357984 0.452571 0.373031
-0.359107 0.453108 0.373009
-0.361173 0.454304 0.373136
-0.362262 0.454659 0.373212
-0.364341 0.455227 0.373625
-0.365439 0.455632 0.373698
-0.367376 0.457233 0.373733
-0.368304 0.458000 0.373660
-0.369909 0.459126 0.373397
-0.370466 0.459833 0.373219
-0.371865 0.460759 0.373161
-0.372567 0.460907 0.373101
-0.374473 0.460527 0.373321
-0.375209 0.460551 0.373555
-0.376474 0.460640 0.373755
-0.377051 0.460583 0.373842
-0.378011 0.460601 0.374154
-0.378456 0.460524 0.374242
-0.379325 0.460343 0.374516
-0.379821 0.460701 0.374391
-0.380825 0.460817 0.374572
-0.381072 0.460972 0.374763
-0.381365 0.460988 0.375033
-0.381664 0.460969 0.375194
-0.382370 0.460684 0.375456
-0.382809 0.460711 0.375624
-0.383771 0.461055 0.375834
-0.384197 0.461046 0.375882
-0.384878 0.461013 0.375968
-0.385157 0.461227 0.375900
-0.385435 0.461697 0.375584
-0.385679 0.461787 0.375472
-0.386306 0.461806 0.375363
-0.386677 0.461530 0.375458
-0.387738 0.460900 0.375980
-0.388113 0.460908 0.376050
-0.388713 0.461060 0.376189
-0.388974 0.461327 0.376197
-0.389572 0.461853 0.376152
-0.389831 0.461928 0.376306
-0.390319 0.461916 0.376486
-0.390767 0.461678 0.376577
-0.394816 0.462177 0.376670
-0.394926 0.461432 0.377409
-0.395272 0.461194 0.377438
-0.395556 0.461002 0.377571
-0.395807 0.460939 0.377707
-0.395927 0.461454 0.377586
-0.396029 0.461539 0.377618
-0.396465 0.461303 0.377647
-0.396596 0.461376 0.377630
-0.396564 0.461657 0.377588
-0.396534 0.461863 0.377624
-0.396827 0.461883 0.377721
-0.397003 0.462098 0.377679
-0.397052 0.462283 0.377697
-0.397152 0.462251 0.377637
-0.397411 0.462521 0.377376
-0.397285 0.462975 0.377239
-0.397253 0.463244 0.377364
-0.397172 0.463510 0.377326
-0.397049 0.464177 0.377023
-0.396967 0.464193 0.377003
-0.396827 0.463944 0.377049
-0.396857 0.463961 0.377013
-0.396889 0.463930 0.377002
-0.396974 0.463912 0.376957
-0.397301 0.463813 0.376883
-0.397446 0.463627 0.376916
-0.397881 0.463137 0.376907
-0.397977 0.462890 0.377016
-0.398441 0.463188 0.376869
-0.398540 0.462976 0.376944
-0.398828 0.462519 0.377125
-0.398979 0.462166 0.377153
-0.399361 0.461492 0.377310
-0.399566 0.461405 0.377390
-0.399758 0.461809 0.377323
-0.399805 0.461657 0.377484
-0.399934 0.461393 0.377702
-0.400075 0.461210 0.377742
-0.400182 0.460977 0.377838
-0.400252 0.460695 0.378005
-0.400532 0.460599 0.377912
-0.400637 0.460709 0.377814
-0.400712 0.460516 0.377990
-0.400866 0.460362 0.378015
-0.401109 0.460251 0.378065
-0.401273 0.460218 0.378213
-0.401401 0.460340 0.378194
-0.401474 0.460678 0.378047
-0.401676 0.460876 0.377837
-0.401670 0.460853 0.377908
-0.401758 0.460849 0.377867
-0.401756 0.460836 0.377939
-0.401849 0.460846 0.377888
-0.401866 0.460807 0.377878
-0.401983 0.460758 0.377777
-0.402088 0.460579 0.377815
-0.402306 0.460359 0.377879
-0.402339 0.460237 0.377939
-0.402565 0.459678 0.378069
-0.402500 0.459719 0.378107
-0.402344 0.460005 0.378023
-0.402369 0.460062 0.377973
-0.402413 0.460204 0.377920
-0.402457 0.460312 0.377863
-0.402472 0.460657 0.377827
-0.402546 0.460455 0.377834
-0.402604 0.460554 0.377666
-0.402594 0.460667 0.377611
-0.402568 0.460888 0.377511
-0.402558 0.460859 0.377601
