-0.800022 1.000023 0.249860 1.000000 0.000002 -0.000001 0.000073
-0.800023 1.000023 0.249888 1.000000 0.000004 -0.000002 0.000075
-0.800023 1.000027 0.249832 1.000000 -0.000004 -0.000000 0.000077
-0.800021 1.000025 0.249833 1.000000 -0.000000 0.000003 0.000078
-0.800025 1.000026 0.249867 1.000000 -0.000001 -0.000003 0.000081
-0.800022 1.000025 0.249858 1.000000 -0.000000 0.000003 0.000081
-0.800026 1.000026 0.249845 1.000000 -0.000001 -0.000004 0.000085
-0.800025 1.000027 0.249911 1.000000 -0.000002 -0.000001 0.000087
-0.800025 1.000027 0.249915 1.000000 -0.000002 -0.000001 0.000090
-0.800023 1.000027 0.249919 1.000000 -0.000002 0.000003 0.000091
-0.800025 1.000027 0.249882 1.000000 -0.000002 -0.000001 0.000092
-0.800025 1.000025 0.249898 1.000000 0.000002 -0.000001 0.000093
-0.800024 1.000025 0.249907 1.000000 0.000003 0.000001 0.000093
-0.800025 1.000027 0.249936 1.000000 -0.000001 -0.000000 0.000095
-0.800026 1.000027 0.249943 1.000000 -0.000001 -0.000002 0.000095
-0.800025 1.000026 0.249948 1.000000 0.000001 0.000001 0.000095
-0.800025 1.000028 0.249898 1.000000 -0.000002 -0.000000 0.000099
-0.800025 1.000025 0.249893 1.000000 0.000003 -0.000001 0.000099
-0.800025 1.000027 0.249903 1.000000 0.000000 -0.000000 0.000101
-0.800025 1.000028 0.249912 1.000000 -0.000003 0.000001 0.000101
-0.800026 1.000028 0.249920 1.000000 -0.000002 -0.000002 0.000101
-0.800027 1.000027 0.249919 1.000000 0.000001 -0.000002 0.000103
-0.800026 1.000027 0.249930 1.000000 0.000000 -0.000001 0.000104
-0.800026 1.000026 0.249938 1.000000 0.000002 -0.000001 0.000104
-0.800026 1.000027 0.249915 1.000000 0.000001 -0.000001 0.000106
-0.800027 1.000027 0.249889 1.000000 0.000000 -0.000002 0.000106
-0.800027 1.000027 0.249887 1.000000 -0.000000 -0.000003 0.000107
-0.800026 1.000029 0.249920 1.000000 -0.000003 -0.000000 0.000108
-0.800028 1.000027 0.249903 1.000000 0.000002 -0.000004 0.000108
-0.800025 1.000029 0.249891 1.000000 -0.000003 0.000003 0.000108
-0.800025 1.000030 0.249779 1.000000 -0.000005 0.000003 0.000109
-0.440037 0.705035 0.249930 1.000000 0.000002 -0.000001 0.000238
-0.440037 0.705037 0.249931 1.000000 -0.000003 -0.000001 0.000240
-0.440037 0.705034 0.249887 1.000000 0.000004 -0.000000 0.000242
-0.440037 0.705037 0.249885 1.000000 -0.000002 -0.000000 0.000244
-0.440037 0.705034 0.249890 1.000000 0.000003 -0.000001 0.000245
-0.440038 0.705037 0.249869 1.000000 -0.000003 -0.000002 0.000247
-0.440037 0.705034 0.249873 1.000000 0.000004 -0.000002 0.000248
-0.440038 0.705038 0.249773 1.000000 -0.000002 -0.000004 0.000264
-0.440037 0.705036 0.249817 1.000000 0.000001 -0.000002 0.000267
-0.440037 0.705037 0.249840 1.000000 -0.000000 -0.000000 0.000268
-0.440035 0.705037 0.249875 1.000000 0.000000 0.000003 0.000270
-0.440036 0.705037 0.249889 1.000000 -0.000000 0.000001 0.000270
-0.440037 0.705036 0.249909 1.000000 0.000002 -0.000000 0.000272
-0.440036 0.705037 0.249903 1.000000 0.000001 0.000001 0.000272
-0.440037 0.705036 0.249908 1.000000 0.000003 0.000000 0.000273
-0.440037 0.705036 0.249933 1.000000 0.000001 -0.000001 0.000275
-0.440037 0.705037 0.249947 1.000000 -0.000000 0.000000 0.000275
-0.440037 0.705037 0.249955 1.000000 0.000000 -0.000000 0.000275
-0.440038 0.705037 0.249958 1.000000 0.000001 -0.000002 0.000276
-0.440036 0.705036 0.249957 1.000000 0.000001 0.000001 0.000276
-0.440038 0.705038 0.249952 1.000000 -0.000001 -0.000001 0.000278
-0.440037 0.705039 0.249902 1.000000 -0.000002 0.000000 0.000282
-0.440038 0.705040 0.249821 1.000000 -0.000004 -0.000003 0.000285
-0.440035 0.705034 0.249806 1.000000 0.000006 0.000003 0.000286
-0.440036 0.705038 0.249811 1.000000 0.000000 0.000001 0.000289
-0.440038 0.705038 0.249821 1.000000 -0.000001 -0.000003 0.000290
-0.440038 0.705037 0.249832 1.000000 0.000002 -0.000003 0.000290
-0.440037 0.705035 0.249848 1.000000 0.000005 -0.000001 0.000291
-0.440037 0.705038 0.249858 1.000000 -0.000001 -0.000000 0.000291
-0.440037 0.705040 0.249844 1.000000 -0.000004 0.000000 0.000295
-0.440037 0.705035 0.249803 1.000000 0.000007 0.000000 0.000298
-0.440038 0.705037 0.249852 1.000000 0.000001 -0.000001 0.000302
-0.440038 0.705037 0.249856 1.000000 0.000002 -0.000002 0.000305
-0.440039 0.705039 0.249860 1.000000 -0.000001 -0.000004 0.000307
-0.440038 0.705038 0.249858 1.000000 -0.000001 -0.000002 0.000308
-0.440038 0.705039 0.249864 1.000000 -0.000001 -0.000001 0.000309
-0.440037 0.705036 0.249861 1.000000 0.000004 0.000000 0.000310
-0.440037 0.705038 0.249859 1.000000 0.000001 0.000001 0.000310
-0.440037 0.705039 0.249878 1.000000 -0.000002 0.000001 0.000311
-0.440036 0.705039 0.249898 1.000000 -0.000002 0.000002 0.000311
-0.440037 0.705038 0.249905 1.000000 0.000000 -0.000001 0.000311
-0.440038 0.705039 0.249904 1.000000 -0.000001 -0.000002 0.000312
-0.440038 0.705040 0.249898 1.000000 -0.000003 -0.000001 0.000313
-0.440036 0.705037 0.249883 1.000000 0.000003 0.000003 0.000314
-0.440039 0.705039 0.249841 1.000000 -0.000001 -0.000004 0.000316
-0.440039 0.705034 0.249823 1.000000 0.000009 -0.000004 0.000317
-0.440037 0.705032 0.249819 1.000000 0.000013 0.000001 0.000317
-0.440038 0.705033 0.249814 1.000000 0.000011 -0.000003 0.000318
-0.440039 0.705034 0.249820 1.000000 0.000008 -0.000003 0.000318
-0.440036 0.705039 0.249824 1.000000 -0.000002 0.000003 0.000319
-0.440039 0.705039 0.249828 1.000000 -0.000001 -0.000002 0.000321
-0.440039 0.705041 0.249822 1.000000 -0.000004 -0.000004 0.000321
-0.440034 0.705038 0.249787 1.000000 0.000001 0.000006 0.000323
-0.440039 0.705040 0.249781 1.000000 -0.000003 -0.000003 0.000324
-0.440036 0.705039 0.249786 1.000000 -0.000000 0.000003 0.000325
-0.440038 0.705040 0.249783 1.000000 -0.000003 -0.000001 0.000326
-0.440041 0.705042 0.249775 1.000000 -0.000006 -0.000006 0.000327
-0.440034 0.705044 0.249755 1.000000 -0.000011 0.000007 0.000327
-0.440035 0.705039 0.249747 1.000000 -0.000001 0.000004 0.000328
-0.440039 0.705041 0.249751 1.000000 -0.000004 -0.000002 0.000328
-0.440040 0.705042 0.249758 1.000000 -0.000006 -0.000004 0.000329
-0.440035 0.705037 0.249762 1.000000 0.000003 0.000005 0.000330
-0.440039 0.705041 0.249764 1.000000 -0.000004 -0.000002 0.000330
-0.440038 0.705041 0.249764 1.000000 -0.000004 -0.000001 0.000330
-0.440038 0.705043 0.249767 1.000000 -0.000007 -0.000001 0.000331
-0.440037 0.705044 0.249774 1.000000 -0.000011 0.000001 0.000331
-0.440038 0.705043 0.249782 1.000000 -0.000008 -0.000001 0.000332
-0.440037 0.705042 0.249780 1.000000 -0.000007 0.000002 0.000333
-0.440036 0.705046 0.249774 1.000000 -0.000014 0.000003 0.000333
-0.440037 0.705040 0.249778 1.000000 -0.000001 0.000001 0.000334
-0.440039 0.705038 0.249785 1.000000 0.000003 -0.000003 0.000334
-0.440039 0.705038 0.249824 1.000000 0.000001 -0.000003 0.000335
-0.440039 0.705038 0.249895 1.000000 0.000002 -0.000002 0.000336
-0.440038 0.705038 0.249918 1.000000 0.000001 -0.000000 0.000336
-0.440037 0.705040 0.249904 1.000000 -0.000003 0.000002 0.000337
-0.440039 0.705038 0.249897 1.000000 0.000003 -0.000003 0.000337
-0.440038 0.705041 0.249897 1.000000 -0.000004 0.000000 0.000339
-0.440037 0.705038 0.249876 1.000000 0.000002 0.000001 0.000342
-0.440039 0.705040 0.249911 1.000000 -0.000001 -0.000002 0.000344
-0.440037 0.705040 0.249912 1.000000 -0.000002 0.000002 0.000346
-0.440037 0.705041 0.249918 1.000000 -0.000003 0.000001 0.000346
-0.440038 0.705038 0.249913 1.000000 0.000003 -0.000000 0.000347
-0.440039 0.705038 0.249905 1.000000 0.000002 -0.000002 0.000347
-0.440039 0.705040 0.249901 1.000000 -0.000001 -0.000001 0.000348
-0.440039 0.705041 0.249900 1.000000 -0.000002 -0.000003 0.000349
-0.440036 0.705038 0.249859 1.000000 0.000004 0.000005 0.000350
-0.440038 0.705042 0.249836 1.000000 -0.000005 -0.000001 0.000351
-0.440041 0.705042 0.249806 1.000000 -0.000005 -0.000006 0.000352
-0.440036 0.705039 0.249792 1.000000 0.000002 0.000003 0.000352
-0.440039 0.705035 0.249781 1.000000 0.000008 -0.000003 0.000353
-0.440039 0.705040 0.249780 1.000000 0.000000 -0.000002 0.000353
-0.440037 0.705043 0.249789 1.000000 -0.000006 0.000002 0.000354
-0.440037 0.705040 0.249808 1.000000 -0.000001 0.000003 0.000354
-0.440041 0.705041 0.249767 1.000000 -0.000003 -0.000005 0.000357
-0.440039 0.705036 0.249755 1.000000 0.000008 -0.000001 0.000358
-0.440039 0.705038 0.249788 1.000000 0.000004 -0.000001 0.000360
-0.440040 0.705041 0.249905 1.000000 -0.000002 -0.000003 0.000363
-0.440038 0.705041 0.249914 1.000000 -0.000002 0.000000 0.000365
-0.440039 0.705040 0.249921 1.000000 -0.000000 -0.000001 0.000366
-0.440039 0.705040 0.249874 1.000000 0.000001 -0.000002 0.000369
-0.440039 0.705039 0.249866 1.000000 0.000003 -0.000001 0.000369
-0.440039 0.705041 0.249853 1.000000 -0.000001 -0.000001 0.000370
-0.440039 0.705040 0.249840 1.000000 0.000001 -0.000002 0.000372
-0.440041 0.705039 0.249845 1.000000 0.000003 -0.000005 0.000373
-0.440037 0.705041 0.249857 1.000000 -0.000002 0.000003 0.000374
-0.440038 0.705041 0.249871 1.000000 -0.000001 0.000000 0.000375
-0.440039 0.705043 0.249816 1.000000 -0.000005 -0.000001 0.000379
-0.440039 0.705044 0.249782 1.000000 -0.000008 -0.000002 0.000381
-0.440035 0.705038 0.249782 1.000000 0.000005 0.000006 0.000384
-0.440038 0.705039 0.249769 1.000000 0.000003 0.000000 0.000386
-0.440040 0.705035 0.249777 1.000000 0.000011 -0.000003 0.000387
-0.440036 0.705043 0.249801 1.000000 -0.000005 0.000005 0.000388
-0.440041 0.705039 0.249799 1.000000 0.000004 -0.000005 0.000390
-0.440039 0.705040 0.249810 1.000000 0.000002 -0.000000 0.000390
-0.440041 0.705041 0.249901 1.000000 0.000000 -0.000004 0.000393
-0.440039 0.705041 0.249929 1.000000 -0.000000 -0.000000 0.000394
-0.440039 0.705040 0.249914 1.000000 0.000002 -0.000000 0.000395
-0.440041 0.705040 0.249931 1.000000 0.000001 -0.000002 0.000396
-0.440039 0.705041 0.249948 1.000000 0.000000 -0.000000 0.000396
-0.440040 0.705042 0.249946 1.000000 -0.000001 -0.000001 0.000397
-0.440039 0.705042 0.249937 1.000000 -0.000002 0.000001 0.000397
-0.440040 0.705042 0.249934 1.000000 -0.000001 -0.000001 0.000397
-0.440039 0.705039 0.249924 1.000000 0.000004 0.000000 0.000398
-0.440039 0.705043 0.249912 1.000000 -0.000004 0.000000 0.000400
-0.440040 0.705040 0.249939 1.000000 0.000003 -0.000002 0.000403
-0.440041 0.705041 0.249888 1.000000 0.000001 -0.000004 0.000406
-0.440038 0.705041 0.249896 1.000000 0.000000 0.000002 0.000409
-0.440039 0.705040 0.249934 1.000000 0.000003 -0.000000 0.000411
-0.440040 0.705041 0.249950 1.000000 0.000001 -0.000002 0.000413
-0.440040 0.705041 0.249969 1.000000 0.000002 -0.000002 0.000414
-0.440041 0.705040 0.249951 1.000000 0.000003 -0.000003 0.000415
-0.440036 0.705040 0.249830 1.000000 0.000002 0.000006 0.000417
-0.440039 0.705040 0.249834 1.000000 0.000003 0.000001 0.000420
-0.440040 0.705041 0.249887 1.000000 0.000001 -0.000001 0.000424
-0.440040 0.705041 0.249869 1.000000 0.000002 -0.000002 0.000428
-0.440042 0.705042 0.249870 1.000000 -0.000001 -0.000005 0.000430
-0.440041 0.705041 0.249877 1.000000 0.000002 -0.000003 0.000433
-0.440038 0.705041 0.249832 1.000000 0.000003 0.000002 0.000439
-0.440040 0.705044 0.249798 1.000000 -0.000002 -0.000002 0.000440
-0.440041 0.705040 0.249807 1.000000 0.000006 -0.000004 0.000441
-0.440039 0.705038 0.249795 1.000000 0.000009 0.000001 0.000441
-0.440038 0.705044 0.249776 1.000000 -0.000003 0.000001 0.000442
-0.440038 0.705042 0.249789 1.000000 0.000001 0.000002 0.000443
-0.440039 0.705041 0.249804 1.000000 0.000003 -0.000000 0.000444
-0.440039 0.705045 0.249810 1.000000 -0.000004 -0.000000 0.000445
-0.440039 0.705043 0.249813 1.000000 -0.000001 -0.000001 0.000445
-0.440038 0.705043 0.249846 1.000000 0.000000 0.000001 0.000446
-0.440041 0.705043 0.249880 1.000000 -0.000001 -0.000003 0.000446
-0.440041 0.705043 0.249889 1.000000 -0.000001 -0.000004 0.000447
-0.440039 0.705043 0.249920 1.000000 0.000000 -0.000000 0.000451
-0.440040 0.705042 0.249944 1.000000 0.000002 -0.000002 0.000452
-0.440040 0.705042 0.249965 1.000000 0.000003 -0.000001 0.000453
-0.440039 0.705044 0.249957 1.000000 -0.000001 0.000000 0.000454
-0.440041 0.705043 0.249915 1.000000 0.000001 -0.000003 0.000455
-0.440039 0.705043 0.249902 1.000000 -0.000001 0.000001 0.000456
-0.440041 0.705043 0.249896 1.000000 0.000001 -0.000003 0.000457
-0.440039 0.705043 0.249884 1.000000 -0.000000 0.000000 0.000458
-0.440039 0.705043 0.249889 1.000000 0.000001 0.000001 0.000458
-0.440039 0.705042 0.249900 1.000000 0.000002 -0.000000 0.000459
-0.440039 0.705042 0.249908 1.000000 0.000002 0.000000 0.000459
-0.440039 0.705042 0.249906 1.000000 0.000003 0.000000 0.000459
-0.440041 0.705044 0.249883 1.000000 -0.000002 -0.000003 0.000460
-0.440038 0.705043 0.249845 1.000000 0.000001 0.000003 0.000461
-0.440039 0.705043 0.249831 1.000000 0.000000 -0.000000 0.000463
-0.440040 0.705043 0.249853 1.000000 0.000001 -0.000002 0.000464
-0.440040 0.705042 0.249916 1.000000 0.000003 -0.000002 0.000465
-0.440041 0.705043 0.249936 1.000000 0.000001 -0.000002 0.000465
-0.440040 0.705043 0.249931 1.000000 0.000000 -0.000001 0.000466
-0.440041 0.705045 0.249922 1.000000 -0.000002 -0.000002 0.000466
-0.440040 0.705042 0.249906 1.000000 0.000002 -0.000002 0.000468
-0.440040 0.705043 0.249915 1.000000 -0.000000 -0.000001 0.000468
-0.440040 0.705044 0.249938 1.000000 -0.000002 -0.000001 0.000469
-0.440041 0.705042 0.249936 1.000000 0.000003 -0.000003 0.000469
-0.440039 0.705043 0.249896 1.000000 0.000001 0.000000 0.000471
-0.440040 0.705042 0.249892 1.000000 0.000004 -0.000001 0.000472
-0.440041 0.705043 0.249865 1.000000 0.000000 -0.000002 0.000473
-0.440040 0.705044 0.249870 1.000000 -0.000001 -0.000001 0.000473
-0.440040 0.705043 0.249908 1.000000 0.000001 -0.000001 0.000474
-0.440040 0.705042 0.249924 1.000000 0.000002 -0.000002 0.000474
-0.440039 0.705041 0.249911 1.000000 0.000004 0.000001 0.000475
-0.440042 0.705044 0.249886 1.000000 0.000000 -0.000004 0.000475
-0.440041 0.705041 0.249855 1.000000 0.000005 -0.000002 0.000475
-0.440039 0.705043 0.249828 1.000000 0.000002 0.000001 0.000476
-0.440042 0.705043 0.249801 1.000000 0.000002 -0.000004 0.000476
-0.440037 0.705043 0.249786 1.000000 0.000002 0.000005 0.000477
-0.440040 0.705048 0.249777 1.000000 -0.000008 -0.000001 0.000477
-0.440043 0.705047 0.249771 1.000000 -0.000007 -0.000006 0.000477
-0.440040 0.705041 0.249762 1.000000 0.000005 -0.000001 0.000478
-0.440042 0.705045 0.249755 1.000000 -0.000003 -0.000005 0.000478
-0.440039 0.705043 0.249760 1.000000 0.000002 0.000002 0.000479
-0.440041 0.705043 0.249778 1.000000 0.000003 -0.000002 0.000480
-0.440038 0.705043 0.249780 1.000000 0.000002 0.000003 0.000480
-0.440040 0.705045 0.249850 1.000000 -0.000001 0.000000 0.000482
-0.440040 0.705043 0.249877 1.000000 0.000001 -0.000000 0.000483
-0.440039 0.705043 0.249884 1.000000 0.000001 0.000001 0.000486
-0.440041 0.705042 0.249876 1.000000 0.000004 -0.000002 0.000486
-0.440041 0.705045 0.249869 1.000000 -0.000001 -0.000002 0.000488
-0.440039 0.705044 0.249881 1.000000 0.000000 0.000002 0.000489
-0.440040 0.705046 0.249890 1.000000 -0.000004 -0.000000 0.000489
-0.440041 0.705043 0.249875 1.000000 0.000003 -0.000002 0.000490
-0.440041 0.705048 0.249870 1.000000 -0.000007 -0.000002 0.000492
-0.440042 0.705044 0.249829 1.000000 0.000001 -0.000004 0.000494
-0.440038 0.705046 0.249831 1.000000 -0.000004 0.000003 0.000495
-0.440041 0.705042 0.249834 1.000000 0.000004 -0.000003 0.000496
-0.440040 0.705043 0.249832 1.000000 0.000002 -0.000001 0.000496
-0.440039 0.705046 0.249841 1.000000 -0.000003 0.000002 0.000497
-0.440039 0.705044 0.249864 1.000000 0.000001 0.000001 0.000497
-0.440041 0.705046 0.249876 1.000000 -0.000003 -0.000002 0.000498
-0.440040 0.705042 0.249874 1.000000 0.000004 0.000000 0.000499
-0.440039 0.705044 0.249859 1.000000 0.000001 0.000001 0.000502
-0.440041 0.705045 0.249867 1.000000 0.000000 -0.000002 0.000503
-0.440040 0.705047 0.249884 1.000000 -0.000004 -0.000001 0.000504
-0.440040 0.705045 0.249878 1.000000 -0.000001 -0.000001 0.000505
-0.440040 0.705046 0.249867 1.000000 -0.000003 -0.000001 0.000506
-0.440041 0.705045 0.249868 1.000000 -0.000001 -0.000002 0.000507
-0.440039 0.705044 0.249887 1.000000 0.000001 0.000001 0.000508
-0.440040 0.705044 0.249900 1.000000 0.000001 -0.000000 0.000508
-0.440041 0.705044 0.249903 1.000000 0.000001 -0.000002 0.000510
-0.440041 0.705045 0.249899 1.000000 0.000000 -0.000002 0.000510
-0.440040 0.705046 0.249861 1.000000 -0.000002 -0.000001 0.000511
-0.440039 0.705045 0.249833 1.000000 -0.000001 0.000001 0.000512
-0.440039 0.705046 0.249806 1.000000 -0.000002 0.000002 0.000513
-0.440040 0.705046 0.249824 1.000000 -0.000002 -0.000001 0.000514
-0.440040 0.705044 0.249860 1.000000 0.000002 -0.000000 0.000515
-0.440040 0.705045 0.249883 1.000000 0.000001 -0.000001 0.000515
-0.440041 0.705045 0.249918 1.000000 0.000001 -0.000003 0.000516
-0.440040 0.705045 0.249918 1.000000 0.000000 -0.000000 0.000517
-0.440039 0.705047 0.249922 1.000000 -0.000004 0.000002 0.000517
-0.440040 0.705046 0.249918 1.000000 -0.000001 0.000000 0.000517
-0.440042 0.705044 0.249916 1.000000 0.000002 -0.000005 0.000518
-0.440039 0.705045 0.249906 1.000000 0.000001 0.000002 0.000519
-0.440042 0.705045 0.249881 1.000000 -0.000000 -0.000004 0.000520
-0.440040 0.705042 0.249862 1.000000 0.000007 -0.000000 0.000520
-0.440040 0.705048 0.249839 1.000000 -0.000005 0.000001 0.000521
-0.440039 0.705045 0.249824 1.000000 0.000001 0.000003 0.000522
-0.440040 0.705047 0.249814 1.000000 -0.000004 0.000001 0.000523
-0.440041 0.705044 0.249857 1.000000 0.000004 -0.000001 0.000526
-0.440039 0.705045 0.249927 1.000000 0.000001 0.000002 0.000528
-0.440041 0.705045 0.249946 1.000000 0.000002 -0.000001 0.000529
-0.440041 0.705046 0.249931 1.000000 -0.000000 -0.000001 0.000531
-0.440039 0.705046 0.249886 1.000000 -0.000001 0.000002 0.000535
-0.440040 0.705044 0.249826 1.000000 0.000003 0.000000 0.000536
-0.440041 0.705047 0.249889 1.000000 -0.000002 -0.000001 0.000538
-0.440040 0.705045 0.249871 1.000000 0.000002 -0.000001 0.000541
-0.440041 0.705047 0.249893 1.000000 -0.000003 -0.000002 0.000543
-0.440040 0.705049 0.249829 1.000000 -0.000007 0.000000 0.000545
-0.440040 0.705042 0.249804 1.000000 0.000008 -0.000000 0.000548
-0.440039 0.705047 0.249800 1.000000 -0.000001 0.000003 0.000552
-0.440039 0.705047 0.249874 1.000000 -0.000001 0.000002 0.000557
-0.440041 0.705047 0.249926 1.000000 -0.000000 -0.000002 0.000559
-0.440041 0.705046 0.249911 1.000000 0.000001 -0.000001 0.000561
-0.440040 0.705045 0.249881 1.000000 0.000004 0.000000 0.000564
-0.440040 0.705048 0.249877 1.000000 -0.000003 0.000000 0.000565
-0.440040 0.705047 0.249869 1.000000 -0.000000 0.000000 0.000566
-0.440040 0.705048 0.249877 1.000000 -0.000002 -0.000000 0.000566
-0.440043 0.705046 0.249878 1.000000 0.000002 -0.000005 0.000567
-0.440041 0.705046 0.249875 1.000000 0.000003 -0.000000 0.000569
-0.440042 0.705046 0.249944 1.000000 0.000003 -0.000002 0.000570
-0.440041 0.705046 0.249966 1.000000 0.000002 -0.000001 0.000571
-0.440041 0.705046 0.249966 1.000000 0.000001 -0.000001 0.000572
-0.440043 0.705047 0.249905 1.000000 -0.000000 -0.000005 0.000574
-0.440041 0.705050 0.249800 1.000000 -0.000005 -0.000001 0.000576
-0.440043 0.705047 0.249770 1.000000 0.000001 -0.000006 0.000578
-0.440040 0.705047 0.249848 1.000000 0.000000 0.000002 0.000580
-0.440042 0.705048 0.249886 1.000000 -0.000000 -0.000001 0.000582
-0.440041 0.705046 0.249904 1.000000 0.000003 -0.000001 0.000583
-0.440042 0.705046 0.249914 1.000000 0.000003 -0.000001 0.000584
-0.440042 0.705047 0.249908 1.000000 0.000002 -0.000001 0.000585
-0.440040 0.705047 0.249900 1.000000 0.000002 0.000002 0.000587
-0.440041 0.705047 0.249892 1.000000 0.000001 -0.000000 0.000587
-0.440040 0.705049 0.249891 1.000000 -0.000002 0.000001 0.000588
-0.440041 0.705049 0.249899 1.000000 -0.000003 -0.000000 0.000588
-0.440041 0.705047 0.249902 1.000000 0.000002 -0.000000 0.000590
-0.440039 0.705049 0.249844 1.000000 -0.000003 0.000004 0.000592
-0.440043 0.705046 0.249788 1.000000 0.000004 -0.000005 0.000594
-0.440039 0.705048 0.249805 1.000000 0.000000 0.000003 0.000597
-0.440041 0.705047 0.249812 1.000000 0.000002 -0.000001 0.000598
-0.440045 0.705049 0.249765 1.000000 -0.000003 -0.000007 0.000600
-0.440042 0.705044 0.249763 1.000000 0.000008 -0.000002 0.000602
-0.440042 0.705048 0.249802 1.000000 0.000000 -0.000002 0.000605
-0.440041 0.705047 0.249864 1.000000 0.000003 0.000001 0.000607
-0.440041 0.705048 0.249863 1.000000 0.000001 0.000000 0.000609
-0.440043 0.705048 0.249911 1.000000 0.000001 -0.000003 0.000611
-0.440042 0.705048 0.249957 1.000000 0.000001 -0.000001 0.000612
-0.440040 0.705049 0.249945 1.000000 -0.000002 0.000004 0.000613
-0.440043 0.705046 0.249866 1.000000 0.000004 -0.000002 0.000616
-0.440041 0.705049 0.249866 1.000000 -0.000002 0.000001 0.000617
-0.440043 0.705048 0.249882 1.000000 0.000000 -0.000001 0.000618
-0.440042 0.705047 0.249896 1.000000 0.000003 -0.000001 0.000618
-0.440041 0.705052 0.249876 1.000000 -0.000008 0.000002 0.000619
-0.440041 0.705054 0.249848 1.000000 -0.000011 0.000002 0.000619
-0.440042 0.705054 0.249798 1.000000 -0.000012 0.000001 0.000620
-0.440048 0.705051 0.249762 1.000000 -0.000006 -0.000012 0.000621
-0.440041 0.705047 0.249766 1.000000 0.000002 0.000003 0.000623
-0.440044 0.705047 0.249842 1.000000 0.000002 -0.000003 0.000626
-0.440043 0.705051 0.249831 1.000000 -0.000004 -0.000000 0.000627
-0.440042 0.705050 0.249866 1.000000 -0.000002 -0.000000 0.000631
-0.440043 0.705046 0.249872 1.000000 0.000006 -0.000002 0.000634
-0.440043 0.705048 0.249879 1.000000 0.000002 -0.000001 0.000636
-0.440042 0.705049 0.249948 1.000000 0.000001 -0.000000 0.000638
-0.440043 0.705048 0.249919 1.000000 0.000003 -0.000001 0.000640
-0.440041 0.705050 0.249920 1.000000 -0.000002 0.000003 0.000642
-0.440043 0.705049 0.249862 1.000000 -0.000000 -0.000000 0.000644
-0.440042 0.705048 0.249922 1.000000 0.000004 0.000001 0.000645
-0.440043 0.705050 0.249911 1.000000 -0.000001 -0.000001 0.000647
-0.440041 0.705049 0.249906 1.000000 0.000000 0.000002 0.000650
-0.440044 0.705048 0.249912 1.000000 0.000003 -0.000003 0.000651
-0.440043 0.705049 0.249917 1.000000 0.000001 -0.000001 0.000653
-0.440043 0.705050 0.249894 1.000000 0.000000 -0.000002 0.000654
-0.440041 0.705050 0.249894 1.000000 0.000001 0.000003 0.000657
-0.440043 0.705050 0.249860 1.000000 0.000001 -0.000001 0.000659
-0.440044 0.705050 0.249922 1.000000 0.000000 -0.000002 0.000661
-0.440043 0.705049 0.249864 1.000000 0.000002 -0.000001 0.000663
-0.440042 0.705050 0.249945 1.000000 0.000001 0.000001 0.000663
-0.440044 0.705050 0.249957 1.000000 0.000001 -0.000003 0.000664
-0.440043 0.705051 0.249871 1.000000 -0.000002 -0.000002 0.000666
-0.440042 0.705051 0.249886 1.000000 -0.000001 0.000000 0.000669
-0.440042 0.705051 0.249816 1.000000 -0.000001 0.000000 0.000673
-0.440044 0.705047 0.249821 1.000000 0.000007 -0.000003 0.000675
-0.440044 0.705051 0.249842 1.000000 -0.000001 -0.000002 0.000675
-0.440042 0.705052 0.249868 1.000000 -0.000002 0.000002 0.000679
-0.440042 0.705051 0.249868 1.000000 -0.000001 0.000002 0.000681
-0.440043 0.705052 0.249875 1.000000 -0.000002 0.000000 0.000684
-0.440044 0.705052 0.249850 1.000000 -0.000003 -0.000002 0.000686
-0.440043 0.705053 0.249844 1.000000 -0.000004 -0.000001 0.000687
-0.440042 0.705050 0.249841 1.000000 0.000002 0.000002 0.000689
-0.440043 0.705054 0.249832 1.000000 -0.000006 -0.000000 0.000689
-0.440043 0.705050 0.249842 1.000000 0.000003 -0.000000 0.000693
-0.440043 0.705052 0.249843 1.000000 -0.000000 -0.000001 0.000697
-0.440042 0.705052 0.249818 1.000000 -0.000002 0.000001 0.000699
-0.440043 0.705051 0.249952 1.000000 0.000001 -0.000002 0.000700
-0.440044 0.705052 0.249949 1.000000 -0.000001 -0.000002 0.000701
-0.440041 0.705052 0.249833 1.000000 0.000000 0.000003 0.000705
-0.440042 0.705054 0.249858 1.000000 -0.000005 0.000002 0.000709
-0.440043 0.705052 0.249913 1.000000 -0.000000 -0.000000 0.000711
-0.440045 0.705052 0.249862 1.000000 0.000001 -0.000003 0.000714
-0.440042 0.705052 0.249904 1.000000 -0.000000 0.000001 0.000716
-0.440043 0.705051 0.249870 1.000000 0.000002 0.000001 0.000717
-0.440043 0.705053 0.249888 1.000000 -0.000001 -0.000001 0.000721
-0.440045 0.705052 0.249875 1.000000 0.000001 -0.000004 0.000723
-0.440044 0.705052 0.249926 1.000000 0.000001 -0.000003 0.000725
-0.440043 0.705052 0.249914 1.000000 0.000001 0.000001 0.000726
-0.440042 0.705052 0.249902 1.000000 0.000001 0.000002 0.000728
-0.440043 0.705052 0.249922 1.000000 0.000001 0.000001 0.000729
-0.440044 0.705053 0.249936 1.000000 -0.000000 -0.000001 0.000730
-0.440044 0.705054 0.249945 1.000000 -0.000001 -0.000000 0.000731
-0.440045 0.705053 0.249953 1.000000 0.000000 -0.000004 0.000731
-0.440045 0.705053 0.249938 1.000000 -0.000000 -0.000002 0.000732
-0.440044 0.705052 0.249913 1.000000 0.000002 -0.000000 0.000733
-0.440044 0.705054 0.249933 1.000000 -0.000001 -0.000002 0.000735
-0.440045 0.705053 0.249900 1.000000 0.000000 -0.000004 0.000737
-0.440045 0.705049 0.249789 1.000000 0.000008 -0.000002 0.000739
-0.440040 0.705055 0.249809 1.000000 -0.000003 0.000007 0.000743
-0.440045 0.705052 0.249858 1.000000 0.000003 -0.000003 0.000747
-0.440043 0.705054 0.249906 1.000000 -0.000002 0.000001 0.000748
-0.440044 0.705056 0.249930 1.000000 -0.000004 -0.000000 0.000750
-0.440044 0.705055 0.249890 1.000000 -0.000002 -0.000001 0.000753
-0.440043 0.705052 0.249855 1.000000 0.000003 0.000001 0.000754
-0.440043 0.705053 0.249810 1.000000 0.000002 0.000002 0.000756
-0.440042 0.705052 0.249785 1.000000 0.000003 0.000004 0.000759
-0.440043 0.705053 0.249775 1.000000 0.000001 0.000001 0.000761
-0.440043 0.705053 0.249829 1.000000 0.000001 0.000001 0.000762
-0.440044 0.705054 0.249840 1.000000 0.000001 0.000001 0.000765
-0.440044 0.705052 0.249908 1.000000 0.000004 -0.000001 0.000766
-0.440044 0.705053 0.249856 1.000000 0.000004 -0.000001 0.000769
-0.440044 0.705054 0.249884 1.000000 0.000002 0.000000 0.000771
-0.440045 0.705054 0.249925 1.000000 0.000000 -0.000002 0.000773
-0.440045 0.705054 0.249932 1.000000 0.000002 -0.000002 0.000774
-0.440042 0.705055 0.249902 1.000000 -0.000000 0.000004 0.000777
-0.440042 0.705055 0.249892 1.000000 0.000000 0.000004 0.000779
-0.440044 0.705054 0.249872 1.000000 0.000001 0.000001 0.000782
-0.440043 0.705056 0.249900 1.000000 -0.000001 0.000002 0.000786
-0.440045 0.705055 0.249911 1.000000 -0.000001 -0.000001 0.000788
-0.440044 0.705056 0.249941 1.000000 -0.000002 0.000000 0.000789
-0.440044 0.705054 0.249943 1.000000 0.000002 0.000000 0.000790
-0.440045 0.705056 0.249874 1.000000 -0.000001 -0.000002 0.000794
-0.440045 0.705056 0.249872 1.000000 -0.000001 -0.000003 0.000797
-0.440044 0.705056 0.249935 1.000000 -0.000000 -0.000001 0.000798
-0.440045 0.705054 0.249957 1.000000 0.000002 -0.000002 0.000800
-0.440045 0.705057 0.249903 1.000000 -0.000002 -0.000001 0.000801
-0.440044 0.705055 0.249921 1.000000 0.000001 -0.000001 0.000804
-0.440044 0.705056 0.249939 1.000000 -0.000000 -0.000000 0.000805
-0.440043 0.705055 0.249904 1.000000 0.000002 0.000002 0.000807
-0.440044 0.705054 0.249867 1.000000 0.000003 0.000000 0.000809
-0.440045 0.705056 0.249896 1.000000 -0.000001 -0.000002 0.000812
-0.440044 0.705054 0.249878 1.000000 0.000004 0.000000 0.000815
-0.440043 0.705055 0.249879 1.000000 0.000003 0.000003 0.000818
-0.440043 0.705057 0.249891 1.000000 -0.000002 0.000002 0.000821
-0.440044 0.705055 0.249907 1.000000 0.000002 -0.000000 0.000822
-0.440045 0.705055 0.249909 1.000000 0.000003 -0.000002 0.000822
-0.440044 0.705056 0.249927 1.000000 0.000000 0.000001 0.000823
-0.440045 0.705056 0.249922 1.000000 0.000002 -0.000001 0.000825
-0.440045 0.705057 0.249947 1.000000 0.000000 -0.000001 0.000827
-0.440044 0.705056 0.249923 1.000000 0.000001 -0.000000 0.000829
-0.440044 0.705057 0.249911 1.000000 -0.000000 0.000000 0.000831
-0.440046 0.705055 0.249874 1.000000 0.000003 -0.000003 0.000834
-0.440041 0.705057 0.249857 1.000000 0.000000 0.000007 0.000836
-0.440044 0.705057 0.249831 1.000000 0.000001 0.000002 0.000839
-0.440046 0.705056 0.249906 1.000000 0.000002 -0.000003 0.000841
-0.440045 0.705058 0.249882 1.000000 -0.000002 -0.000001 0.000843
-0.440043 0.705058 0.249874 1.000000 -0.000002 0.000004 0.000844
-0.440046 0.705057 0.249901 1.000000 0.000001 -0.000003 0.000847
-0.440046 0.705057 0.249890 1.000000 0.000001 -0.000001 0.000849
-0.440044 0.705059 0.249928 1.000000 -0.000004 0.000001 0.000852
-0.440044 0.705059 0.249933 1.000000 -0.000002 0.000001 0.000854
-0.440044 0.705058 0.249906 1.000000 0.000000 0.000001 0.000855
-0.440046 0.705058 0.249931 1.000000 -0.000001 -0.000002 0.000856
-0.440046 0.705058 0.249934 1.000000 -0.000000 -0.000001 0.000858
-0.440046 0.705058 0.249919 1.000000 0.000001 -0.000003 0.000860
-0.440045 0.705058 0.249928 1.000000 -0.000000 0.000001 0.000860
-0.440045 0.705060 0.249929 1.000000 -0.000004 0.000001 0.000860
-0.440045 0.705057 0.249914 1.000000 0.000002 0.000001 0.000861
-0.440045 0.705056 0.249902 1.000000 0.000003 0.000000 0.000862
-0.440046 0.705056 0.249862 1.000000 0.000003 -0.000001 0.000862
-0.440045 0.705058 0.249860 1.000000 0.000000 0.000001 0.000863
-0.440046 0.705059 0.249879 1.000000 -0.000001 -0.000002 0.000864
-0.440045 0.705055 0.249881 1.000000 0.000006 -0.000000 0.000864
-0.440044 0.705058 0.249874 1.000000 0.000000 0.000003 0.000866
-0.440046 0.705057 0.249866 1.000000 0.000003 -0.000001 0.000867
-0.440045 0.705059 0.249849 1.000000 -0.000002 0.000001 0.000869
-0.440045 0.705059 0.249864 1.000000 -0.000002 0.000000 0.000869
-0.440045 0.705061 0.249880 1.000000 -0.000004 -0.000001 0.000870
-0.440046 0.705057 0.249890 1.000000 0.000004 -0.000001 0.000871
-0.440045 0.705060 0.249888 1.000000 -0.000004 0.000000 0.000872
-0.440047 0.705058 0.249863 1.000000 0.000001 -0.000003 0.000872
-0.440046 0.705058 0.249867 1.000000 0.000002 -0.000002 0.000872
-0.440045 0.705057 0.249905 1.000000 0.000002 -0.000000 0.000873
-0.440046 0.705058 0.249914 1.000000 0.000001 -0.000002 0.000873
-0.440047 0.705058 0.249927 1.000000 0.000002 -0.000002 0.000874
-0.440048 0.705059 0.249934 1.000000 -0.000000 -0.000004 0.000874
-0.440045 0.705060 0.249905 1.000000 -0.000003 0.000000 0.000875
-0.440046 0.705059 0.249934 1.000000 -0.000001 -0.000001 0.000877
-0.440046 0.705059 0.249938 1.000000 0.000000 -0.000002 0.000878
-0.440047 0.705059 0.249926 1.000000 0.000000 -0.000002 0.000880
-0.440045 0.705059 0.249960 1.000000 0.000000 0.000001 0.000880
-0.440046 0.705059 0.249947 1.000000 0.000001 -0.000000 0.000882
-0.440046 0.705060 0.249923 1.000000 -0.000002 0.000000 0.000885
-0.440047 0.705060 0.249884 1.000000 -0.000001 -0.000003 0.000887
-0.440046 0.705058 0.249867 1.000000 0.000004 -0.000001 0.000889
-0.440048 0.705060 0.249869 1.000000 -0.000002 -0.000004 0.000892
-0.440046 0.705058 0.249835 1.000000 0.000003 -0.000000 0.000893
-0.440046 0.705059 0.249926 1.000000 0.000002 -0.000001 0.000896
-0.440046 0.705059 0.249934 1.000000 0.000000 -0.000001 0.000896
-0.440046 0.705060 0.249947 1.000000 -0.000000 -0.000001 0.000897
-0.440046 0.705058 0.249934 1.000000 0.000004 0.000000 0.000898
-0.440048 0.705061 0.249873 1.000000 -0.000003 -0.000005 0.000899
-0.440043 0.705059 0.249839 1.000000 0.000002 0.000005 0.000900
-0.440044 0.705058 0.249798 1.000000 0.000004 0.000003 0.000900
-0.440045 0.705064 0.249784 1.000000 -0.000008 0.000000 0.000900
-0.440048 0.705060 0.249780 1.000000 -0.000000 -0.000004 0.000901
-0.440045 0.705061 0.249775 1.000000 -0.000003 0.000001 0.000901
-0.440047 0.705063 0.249766 1.000000 -0.000006 -0.000002 0.000902
-0.440051 0.705062 0.249762 1.000000 -0.000005 -0.000010 0.000902
-0.440047 0.705058 0.249757 1.000000 0.000003 -0.000003 0.000903
-0.440046 0.705061 0.249762 1.000000 -0.000002 -0.000001 0.000903
-0.440044 0.705059 0.249765 1.000000 0.000002 0.000002 0.000904
-0.440045 0.705064 0.249764 1.000000 -0.000008 0.000002 0.000904
-0.440045 0.705064 0.249780 1.000000 -0.000007 0.000002 0.000904
-0.440045 0.705062 0.249801 1.000000 -0.000003 0.000001 0.000904
-0.440046 0.705061 0.249816 1.000000 -0.000003 0.000001 0.000904
-0.440048 0.705055 0.249830 1.000000 0.000009 -0.000003 0.000904
-0.440047 0.705056 0.249831 1.000000 0.000009 -0.000002 0.000905
-0.440048 0.705056 0.249809 1.000000 0.000008 -0.000004 0.000905
-0.440051 0.705060 0.249794 1.000000 -0.000001 -0.000009 0.000906
-0.440049 0.705059 0.249770 1.000000 0.000002 -0.000005 0.000906
-0.440048 0.705057 0.249769 1.000000 0.000006 -0.000004 0.000907
-0.440047 0.705061 0.249787 1.000000 -0.000002 -0.000000 0.000908
-0.440046 0.705060 0.249799 1.000000 0.000000 0.000001 0.000909
-0.440048 0.705060 0.249860 1.000000 0.000000 -0.000002 0.000910
-0.440046 0.705060 0.249886 1.000000 0.000001 0.000001 0.000911
-0.440048 0.705060 0.249898 1.000000 -0.000000 -0.000002 0.000911
-0.440046 0.705061 0.249877 1.000000 -0.000002 0.000001 0.000912
-0.440046 0.705058 0.249886 1.000000 0.000005 0.000000 0.000913
-0.440047 0.705061 0.249880 1.000000 -0.000001 -0.000001 0.000914
-0.440046 0.705062 0.249885 1.000000 -0.000004 0.000002 0.000914
-0.440046 0.705062 0.249883 1.000000 -0.000004 0.000001 0.000915
-0.440046 0.705061 0.249868 1.000000 -0.000002 0.000002 0.000915
-0.440048 0.705060 0.249853 1.000000 -0.000000 -0.000003 0.000917
-0.440046 0.705060 0.249865 1.000000 0.000001 0.000001 0.000917
-0.440047 0.705061 0.249867 1.000000 -0.000001 -0.000002 0.000918
-0.440047 0.705061 0.249856 1.000000 -0.000001 -0.000000 0.000919
-0.440046 0.705063 0.249868 1.000000 -0.000006 0.000001 0.000920
-0.440046 0.705059 0.249875 1.000000 0.000004 0.000001 0.000921
-0.440049 0.705060 0.249869 1.000000 0.000001 -0.000005 0.000922
-0.440048 0.705061 0.249850 1.000000 -0.000001 -0.000002 0.000922
-0.440045 0.705061 0.249838 1.000000 -0.000000 0.000004 0.000923
-0.440047 0.705060 0.249835 1.000000 0.000001 -0.000001 0.000924
-0.440048 0.705060 0.249840 1.000000 0.000001 -0.000003 0.000925
-0.440047 0.705059 0.249863 1.000000 0.000003 -0.000001 0.000926
-0.440048 0.705060 0.249863 1.000000 0.000001 -0.000002 0.000926
-0.440048 0.705063 0.249866 1.000000 -0.000005 -0.000003 0.000927
-0.440045 0.705059 0.249854 1.000000 0.000004 0.000004 0.000928
-0.440048 0.705063 0.249830 1.000000 -0.000004 -0.000003 0.000928
-0.440047 0.705060 0.249807 1.000000 0.000001 -0.000000 0.000929
-0.440052 0.705061 0.249781 1.000000 -0.000000 -0.000009 0.000929
-0.440049 0.705057 0.249770 1.000000 0.000007 -0.000004 0.000930
-0.440051 0.705062 0.249769 1.000000 -0.000002 -0.000008 0.000931
-0.440046 0.705057 0.249772 1.000000 0.000007 0.000002 0.000932
-0.440047 0.705062 0.249785 1.000000 -0.000001 0.000000 0.000933
-0.440047 0.705058 0.249810 1.000000 0.000005 0.000000 0.000933
-0.440048 0.705062 0.249829 1.000000 -0.000002 -0.000001 0.000934
-0.440046 0.705061 0.249845 1.000000 -0.000000 0.000002 0.000936
-0.440048 0.705060 0.249894 1.000000 0.000001 -0.000002 0.000937
-0.440046 0.705060 0.249913 1.000000 0.000002 0.000001 0.000938
-0.440047 0.705061 0.249900 1.000000 -0.000001 -0.000000 0.000939
-0.440047 0.705063 0.249881 1.000000 -0.000004 -0.000001 0.000939
-0.440048 0.705059 0.249856 1.000000 0.000005 -0.000002 0.000941
-0.440048 0.705061 0.249860 1.000000 -0.000001 -0.000002 0.000941
-0.440047 0.705063 0.249861 1.000000 -0.000004 -0.000000 0.000942
-0.440048 0.705060 0.249862 1.000000 0.000002 -0.000002 0.000943
-0.440048 0.705061 0.249877 1.000000 0.000001 -0.000002 0.000943
-0.440048 0.705061 0.249893 1.000000 0.000001 -0.000002 0.000944
-0.440048 0.705062 0.249895 1.000000 -0.000001 -0.000002 0.000944
-0.440047 0.705060 0.249895 1.000000 0.000002 -0.000001 0.000945
-0.440046 0.705060 0.249888 1.000000 0.000002 0.000002 0.000946
-0.440047 0.705061 0.249883 1.000000 0.000000 -0.000001 0.000947
-0.440047 0.705061 0.249900 1.000000 0.000000 -0.000000 0.000947
-0.440047 0.705060 0.249915 1.000000 0.000003 -0.000001 0.000947
-0.440047 0.705060 0.249917 1.000000 0.000002 0.000000 0.000948
-0.440047 0.705061 0.249917 1.000000 -0.000000 0.000001 0.000949
-0.440048 0.705061 0.249914 1.000000 0.000001 -0.000003 0.000949
-0.440047 0.705063 0.249906 1.000000 -0.000003 -0.000001 0.000950
-0.440048 0.705063 0.249893 1.000000 -0.000003 -0.000002 0.000951
-0.440045 0.705061 0.249866 1.000000 0.000001 0.000004 0.000951
-0.440046 0.705061 0.249841 1.000000 0.000002 0.000002 0.000952
-0.440048 0.705061 0.249823 1.000000 0.000001 -0.000002 0.000952
-0.440047 0.705062 0.249828 1.000000 -0.000001 -0.000001 0.000952
-0.440048 0.705061 0.249843 1.000000 0.000001 -0.000003 0.000953
-0.440048 0.705063 0.249855 1.000000 -0.000003 -0.000002 0.000953
-0.440047 0.705063 0.249865 1.000000 -0.000003 -0.000000 0.000954
-0.440046 0.705061 0.249876 1.000000 0.000001 0.000001 0.000954
-0.440049 0.705060 0.249880 1.000000 0.000004 -0.000003 0.000955
-0.440047 0.705061 0.249881 1.000000 0.000002 0.000001 0.000955
-0.440047 0.705063 0.249896 1.000000 -0.000002 -0.000000 0.000955
-0.440046 0.705062 0.249909 1.000000 -0.000001 0.000001 0.000956
-0.440046 0.705063 0.249905 1.000000 -0.000002 0.000001 0.000957
-0.440047 0.705061 0.249924 1.000000 0.000002 -0.000001 0.000958
-0.440048 0.705061 0.249920 1.000000 0.000003 -0.000002 0.000958
-0.440047 0.705061 0.249935 1.000000 0.000001 0.000001 0.000959
-0.440047 0.705062 0.249936 1.000000 0.000001 0.000000 0.000959
-0.440048 0.705062 0.249926 1.000000 -0.000000 -0.000002 0.000960
-0.440048 0.705061 0.249929 1.000000 0.000002 -0.000002 0.000960
-0.440047 0.705061 0.249946 1.000000 0.000002 -0.000000 0.000961
-0.440047 0.705062 0.249950 1.000000 0.000000 0.000000 0.000961
-0.440047 0.705062 0.249961 1.000000 0.000000 -0.000001 0.000962
-0.440046 0.705062 0.249963 1.000000 -0.000001 0.000001 0.000962
-0.440047 0.705062 0.249957 1.000000 0.000001 0.000000 0.000962
-0.440047 0.705063 0.249948 1.000000 -0.000001 0.000001 0.000963
-0.440048 0.705062 0.249938 1.000000 -0.000000 -0.000001 0.000963
-0.440047 0.705061 0.249932 1.000000 0.000002 -0.000000 0.000963
-0.440048 0.705063 0.249937 1.000000 -0.000001 -0.000002 0.000964
-0.440048 0.705062 0.249940 1.000000 -0.000000 -0.000002 0.000965
-0.440048 0.705063 0.249954 1.000000 -0.000002 -0.000001 0.000965
-0.440048 0.705063 0.249952 1.000000 -0.000002 -0.000001 0.000966
-0.440047 0.705061 0.249945 1.000000 0.000001 -0.000000 0.000967
-0.440048 0.705061 0.249947 1.000000 0.000002 -0.000002 0.000967
-0.440048 0.705061 0.249957 1.000000 0.000002 -0.000002 0.000968
-0.440048 0.705062 0.249957 1.000000 0.000001 -0.000002 0.000968
-0.440049 0.705063 0.249953 1.000000 -0.000001 -0.000003 0.000968
-0.440048 0.705063 0.249941 1.000000 -0.000002 -0.000001 0.000969
-0.440047 0.705063 0.249927 1.000000 -0.000002 0.000001 0.000969
-0.440047 0.705062 0.249922 1.000000 0.000001 0.000000 0.000970
-0.440048 0.705062 0.249918 1.000000 0.000000 -0.000001 0.000970
-0.440046 0.705062 0.249911 1.000000 0.000001 0.000003 0.000970
-0.440047 0.705062 0.249911 1.000000 0.000000 0.000002 0.000971
-0.440048 0.705061 0.249908 1.000000 0.000003 -0.000001 0.000971
-0.440048 0.705063 0.249883 1.000000 -0.000001 -0.000000 0.000973
-0.440048 0.705064 0.249887 1.000000 -0.000003 -0.000001 0.000974
-0.440048 0.705061 0.249899 1.000000 0.000003 -0.000002 0.000976
-0.440048 0.705061 0.249905 1.000000 0.000003 -0.000001 0.000977
-0.440048 0.705062 0.249896 1.000000 0.000000 -0.000001 0.000978
-0.440048 0.705061 0.249909 1.000000 0.000003 -0.000002 0.000979
-0.440048 0.705062 0.249939 1.000000 0.000000 -0.000002 0.000980
-0.440048 0.705063 0.249952 1.000000 0.000000 -0.000002 0.000980
-0.440048 0.705061 0.249960 1.000000 0.000002 -0.000001 0.000980
-0.440047 0.705062 0.249952 1.000000 0.000001 0.000001 0.000981
-0.440048 0.705062 0.249937 1.000000 0.000002 -0.000001 0.000982
-0.440048 0.705062 0.249940 1.000000 0.000001 -0.000001 0.000982
-0.440048 0.705064 0.249913 1.000000 -0.000002 -0.000002 0.000983
-0.440049 0.705060 0.249888 1.000000 0.000005 -0.000002 0.000984
-0.440047 0.705063 0.249876 1.000000 0.000000 0.000002 0.000985
-0.440049 0.705062 0.249873 1.000000 0.000003 -0.000003 0.000986
-0.440046 0.705065 0.249865 1.000000 -0.000003 0.000002 0.000987
-0.440048 0.705063 0.249861 1.000000 0.000000 -0.000000 0.000987
-0.440050 0.705061 0.249832 1.000000 0.000004 -0.000006 0.000988
-0.440048 0.705061 0.249813 1.000000 0.000004 -0.000000 0.000989
-0.440045 0.705063 0.249798 1.000000 0.000001 0.000005 0.000990
-0.440049 0.705066 0.249800 1.000000 -0.000006 -0.000003 0.000991
-0.440049 0.705067 0.249793 1.000000 -0.000008 -0.000003 0.000992
-0.440045 0.705062 0.249788 1.000000 0.000003 0.000005 0.000993
-0.440049 0.705064 0.249785 1.000000 -0.000002 -0.000003 0.000993
-0.440049 0.705060 0.249785 1.000000 0.000006 -0.000003 0.000994
-0.440052 0.705063 0.249787 1.000000 0.000000 -0.000009 0.000995
-0.440047 0.705064 0.249789 1.000000 -0.000001 0.000001 0.000995
-0.440049 0.705068 0.249789 1.000000 -0.000009 -0.000002 0.000996
-0.440045 0.705067 0.249789 1.000000 -0.000008 0.000005 0.000997
-0.440049 0.705067 0.249785 1.000000 -0.000008 -0.000002 0.000997
-0.440047 0.705065 0.249792 1.000000 -0.000003 0.000001 0.000997
-0.440047 0.705062 0.249805 1.000000 0.000003 0.000001 0.000998
-0.440051 0.705063 0.249824 1.000000 -0.000000 -0.000005 0.000998
-0.440048 0.705063 0.249820 1.000000 0.000001 0.000001 0.000998
-0.440047 0.705062 0.249819 1.000000 0.000004 0.000003 0.000999
-0.440048 0.705062 0.249817 1.000000 0.000003 -0.000000 0.000999
-0.440047 0.705065 0.249837 0.999999 -0.000002 0.000002 0.001001
-0.440048 0.705064 0.249859 0.999999 -0.000002 0.000000 0.001001
-0.440048 0.705062 0.249877 0.999999 0.000002 -0.000000 0.001001
-0.440049 0.705063 0.249881 0.999999 0.000002 -0.000002 0.001002
-0.440048 0.705061 0.249890 0.999999 0.000005 -0.000001 0.001002
-0.440050 0.705065 0.249883 0.999999 -0.000003 -0.000003 0.001003
-0.440047 0.705062 0.249865 0.999999 0.000004 0.000001 0.001003
-0.440049 0.705064 0.249841 0.999999 0.000000 -0.000003 0.001003
-0.440047 0.705061 0.249817 0.999999 0.000006 0.000002 0.001003
-0.440047 0.705061 0.249785 0.999999 0.000006 0.000002 0.001003
-0.440051 0.705065 0.249778 0.999999 -0.000002 -0.000005 0.001004
-0.440049 0.705064 0.249768 0.999999 -0.000001 -0.000002 0.001004
-0.440049 0.705062 0.249785 0.999999 0.000004 -0.000001 0.001005
-0.440048 0.705063 0.249823 0.999999 0.000001 0.000001 0.001007
-0.440048 0.705065 0.249850 0.999999 -0.000002 -0.000000 0.001007
-0.440048 0.705063 0.249913 0.999999 0.000002 0.000000 0.001008
-0.440048 0.705063 0.249919 0.999999 0.000002 0.000000 0.001008
-0.440048 0.705063 0.249911 0.999999 0.000001 -0.000001 0.001009
-0.440048 0.705065 0.249900 0.999999 -0.000003 -0.000001 0.001009
-0.440049 0.705064 0.249896 0.999999 0.000001 -0.000002 0.001010
-0.440047 0.705064 0.249906 0.999999 0.000000 0.000001 0.001011
-0.440049 0.705064 0.249924 0.999999 -0.000001 -0.000002 0.001011
-0.440049 0.705063 0.249943 0.999999 0.000002 -0.000002 0.001012
-0.440049 0.705064 0.249953 0.999999 -0.000000 -0.000001 0.001012
-0.440049 0.705063 0.249959 0.999999 0.000001 -0.000002 0.001012
-0.440049 0.705064 0.249960 0.999999 0.000000 -0.000003 0.001012
-0.440049 0.705064 0.249944 0.999999 -0.000000 -0.000002 0.001013
-0.440049 0.705064 0.249895 0.999999 -0.000001 -0.000002 0.001013
-0.440048 0.705064 0.249892 0.999999 -0.000000 0.000001 0.001014
-0.440048 0.705064 0.249905 0.999999 0.000000 -0.000000 0.001014
-0.440048 0.705064 0.249922 0.999999 -0.000000 -0.000001 0.001014
-0.440049 0.705065 0.249931 0.999999 -0.000001 -0.000001 0.001014
-0.440049 0.705063 0.249938 0.999999 0.000003 -0.000001 0.001015
-0.440049 0.705064 0.249938 0.999999 0.000001 -0.000001 0.001015
-0.440048 0.705063 0.249946 0.999999 0.000002 -0.000000 0.001015
-0.440049 0.705064 0.249926 0.999999 -0.000000 -0.000002 0.001016
-0.440050 0.705064 0.249908 0.999999 -0.000000 -0.000004 0.001017
-0.440048 0.705064 0.249890 0.999999 0.000001 -0.000001 0.001018
-0.440047 0.705064 0.249888 0.999999 0.000001 0.000003 0.001019
-0.440048 0.705065 0.249884 0.999999 -0.000001 -0.000000 0.001021
-0.440049 0.705065 0.249940 0.999999 -0.000002 -0.000002 0.001022
-0.440049 0.705065 0.249903 0.999999 -0.000000 -0.000001 0.001023
-0.440049 0.705064 0.249919 0.999999 0.000002 -0.000001 0.001026
-0.440048 0.705064 0.249942 0.999999 0.000001 -0.000000 0.001028
-0.440049 0.705064 0.249897 0.999999 0.000002 -0.000002 0.001030
-0.440046 0.705066 0.249860 0.999999 -0.000002 0.000004 0.001033
-0.440048 0.705065 0.249875 0.999999 -0.000001 0.000000 0.001036
-0.440049 0.705064 0.249937 0.999999 0.000001 -0.000001 0.001038
-0.440048 0.705065 0.249943 0.999999 -0.000000 0.000001 0.001039
-0.440049 0.705065 0.249868 0.999999 -0.000000 -0.000001 0.001041
-0.440049 0.705063 0.249908 0.999999 0.000004 -0.000001 0.001044
-0.440049 0.705067 0.249876 0.999999 -0.000003 -0.000002 0.001047
-0.440049 0.705063 0.249861 0.999999 0.000004 -0.000002 0.001052
-0.440049 0.705066 0.249884 0.999999 -0.000002 -0.000002 0.001055
-0.440048 0.705067 0.249895 0.999999 -0.000002 -0.000000 0.001057
-0.440048 0.705068 0.249888 0.999999 -0.000003 0.000001 0.001060
-0.440049 0.705066 0.249915 0.999999 -0.000000 -0.000002 0.001062
-0.440047 0.705067 0.249951 0.999999 -0.000001 0.000002 0.001063
-0.440050 0.705068 0.249898 0.999999 -0.000003 -0.000003 0.001065
-0.440049 0.705065 0.249892 0.999999 0.000003 -0.000002 0.001068
-0.440049 0.705066 0.249892 0.999999 0.000001 -0.000002 0.001071
-0.440047 0.705065 0.249905 0.999999 0.000002 0.000002 0.001073
-0.440050 0.705066 0.249842 0.999999 0.000001 -0.000003 0.001075
-0.440048 0.705069 0.249813 0.999999 -0.000006 0.000000 0.001078
-0.440049 0.705066 0.249895 0.999999 0.000000 -0.000002 0.001080
-0.440050 0.705067 0.249907 0.999999 -0.000000 -0.000003 0.001081
-0.440049 0.705069 0.249857 0.999999 -0.000004 -0.000001 0.001083
-0.440049 0.705069 0.249832 0.999999 -0.000004 0.000000 0.001086
-0.440048 0.705066 0.249785 0.999999 0.000002 0.000002 0.001088
-0.440048 0.705065 0.249766 0.999999 0.000003 0.000002 0.001089
-0.440050 0.705068 0.249826 0.999999 -0.000003 -0.000002 0.001091
-0.440050 0.705067 0.249872 0.999999 -0.000001 -0.000002 0.001094
-0.440049 0.705067 0.249902 0.999999 -0.000001 -0.000000 0.001097
-0.440049 0.705066 0.249909 0.999999 0.000003 0.000000 0.001099
-0.440048 0.705069 0.249851 0.999999 -0.000003 0.000001 0.001101
-0.440050 0.705066 0.249846 0.999999 0.000003 -0.000002 0.001102
-0.440051 0.705068 0.249841 0.999999 -0.000001 -0.000004 0.001103
-0.440049 0.705069 0.249825 0.999999 -0.000003 -0.000001 0.001105
-0.440051 0.705066 0.249820 0.999999 0.000003 -0.000004 0.001106
-0.440049 0.705065 0.249829 0.999999 0.000006 -0.000001 0.001109
-0.440049 0.705068 0.249826 0.999999 -0.000001 -0.000000 0.001112
-0.440049 0.705066 0.249846 0.999999 0.000004 -0.000001 0.001115
-0.440049 0.705068 0.249937 0.999999 -0.000001 -0.000001 0.001118
-0.440049 0.705067 0.249898 0.999999 0.000001 -0.000000 0.001119
-0.440049 0.705069 0.249907 0.999999 -0.000002 0.000000 0.001121
-0.440050 0.705070 0.249823 0.999999 -0.000003 -0.000003 0.001123
-0.440048 0.705066 0.249795 0.999999 0.000005 0.000002 0.001125
-0.440050 0.705069 0.249826 0.999999 -0.000001 -0.000002 0.001128
-0.440051 0.705069 0.249894 0.999999 -0.000000 -0.000004 0.001130
-0.440049 0.705066 0.249881 0.999999 0.000005 -0.000001 0.001131
-0.440048 0.705068 0.249875 0.999999 0.000001 0.000002 0.001132
-0.440048 0.705070 0.249905 0.999999 -0.000002 0.000002 0.001132
-0.440050 0.705068 0.249902 0.999999 0.000001 -0.000002 0.001134
-0.440050 0.705072 0.249917 0.999999 -0.000006 -0.000002 0.001137
-0.440049 0.705069 0.249935 0.999999 0.000001 -0.000001 0.001140
-0.440048 0.705068 0.249926 0.999999 0.000002 0.000001 0.001142
-0.440049 0.705068 0.249949 0.999999 0.000001 -0.000001 0.001143
-0.440050 0.705069 0.249967 0.999999 -0.000001 -0.000002 0.001144
-0.440049 0.705069 0.249971 0.999999 0.000001 -0.000001 0.001145
-0.440048 0.705069 0.249971 0.999999 0.000001 0.000001 0.001145
-0.440048 0.705069 0.249961 0.999999 0.000000 0.000001 0.001145
-0.440049 0.705068 0.249955 0.999999 0.000001 0.000000 0.001145
-0.440050 0.705069 0.249938 0.999999 0.000001 -0.000002 0.001146
-0.440049 0.705071 0.249928 0.999999 -0.000004 0.000000 0.001147
-0.440051 0.705069 0.249910 0.999999 0.000001 -0.000003 0.001148
-0.440049 0.705069 0.249917 0.999999 0.000001 -0.000000 0.001149
-0.440049 0.705070 0.249934 0.999999 -0.000002 0.000000 0.001149
-0.440050 0.705069 0.249937 0.999999 0.000001 -0.000001 0.001149
-0.440050 0.705068 0.249882 0.999999 0.000003 -0.000001 0.001152
-0.440048 0.705068 0.249883 0.999999 0.000002 0.000001 0.001152
-0.440050 0.705068 0.249892 0.999999 0.000003 -0.000001 0.001153
-0.440050 0.705068 0.249888 0.999999 0.000003 -0.000002 0.001156
-0.440050 0.705072 0.249851 0.999999 -0.000004 -0.000002 0.001159
-0.440050 0.705070 0.249853 0.999999 -0.000001 -0.000003 0.001162
-0.440049 0.705069 0.249947 0.999999 0.000001 0.000001 0.001163
-0.440049 0.705068 0.249963 0.999999 0.000003 -0.000001 0.001164
-0.440050 0.705071 0.249908 0.999999 -0.000002 -0.000003 0.001167
-0.440047 0.705070 0.249880 0.999999 0.000001 0.000004 0.001167
-0.440050 0.705069 0.249816 0.999999 0.000003 -0.000002 0.001168
-0.440050 0.705067 0.249793 0.999999 0.000006 -0.000001 0.001168
-0.440051 0.705070 0.249777 0.999999 0.000000 -0.000004 0.001169
-0.440048 0.705071 0.249776 0.999999 -0.000001 0.000002 0.001170
-0.440051 0.705069 0.249770 0.999999 0.000002 -0.000004 0.001171
-0.440047 0.705072 0.249774 0.999999 -0.000004 0.000004 0.001172
-0.440051 0.705070 0.249818 0.999999 0.000000 -0.000004 0.001173
-0.440049 0.705071 0.249834 0.999999 -0.000001 -0.000000 0.001173
-0.440049 0.705069 0.249858 0.999999 0.000002 -0.000000 0.001175
-0.440050 0.705069 0.249872 0.999999 0.000002 -0.000001 0.001176
-0.440051 0.705069 0.249873 0.999999 0.000002 -0.000004 0.001177
-0.440049 0.705070 0.249873 0.999999 -0.000000 0.000000 0.001178
-0.440049 0.705071 0.249901 0.999999 -0.000001 -0.000000 0.001179
-0.440049 0.705071 0.249918 0.999999 -0.000002 0.000000 0.001179
-0.440050 0.705070 0.249937 0.999999 -0.000000 -0.000001 0.001180
-0.440050 0.705070 0.249943 0.999999 0.000001 -0.000000 0.001180
-0.440049 0.705070 0.249944 0.999999 0.000001 0.000000 0.001181
-0.440049 0.705070 0.249944 0.999999 0.000000 0.000001 0.001181
-0.440052 0.705070 0.249904 0.999999 0.000000 -0.000005 0.001182
-0.440050 0.705070 0.249875 0.999999 0.000001 -0.000001 0.001182
-0.440050 0.705070 0.249826 0.999999 0.000001 -0.000002 0.001183
-0.440050 0.705071 0.249835 0.999999 -0.000001 -0.000001 0.001184
-0.440051 0.705069 0.249877 0.999999 0.000003 -0.000003 0.001185
-0.440048 0.705070 0.249880 0.999999 -0.000000 0.000002 0.001185
-0.440049 0.705069 0.249857 0.999999 0.000003 0.000000 0.001186
-0.440051 0.705070 0.249845 0.999999 0.000001 -0.000003 0.001187
-0.440050 0.705069 0.249830 0.999999 0.000003 -0.000001 0.001188
-0.440050 0.705069 0.249836 0.999999 0.000002 -0.000001 0.001189
-0.440048 0.705069 0.249837 0.999999 0.000004 0.000004 0.001190
-0.440052 0.705073 0.249820 0.999999 -0.000005 -0.000004 0.001191
-0.440051 0.705072 0.249793 0.999999 -0.000003 -0.000003 0.001191
-0.440049 0.705069 0.249791 0.999999 0.000003 0.000002 0.001192
-0.440050 0.705072 0.249810 0.999999 -0.000003 0.000000 0.001193
-0.440048 0.705074 0.249816 0.999999 -0.000006 0.000003 0.001194
-0.440050 0.705067 0.249819 0.999999 0.000008 -0.000000 0.001195
-0.440050 0.705071 0.249817 0.999999 0.000000 -0.000001 0.001196
-0.440047 0.705073 0.249814 0.999999 -0.000004 0.000005 0.001197
-0.440051 0.705072 0.249802 0.999999 -0.000003 -0.000002 0.001198
-0.440050 0.705071 0.249814 0.999999 0.000000 -0.000001 0.001200
-0.440048 0.705071 0.249829 0.999999 -0.000000 0.000003 0.001201
-0.440049 0.705070 0.249840 0.999999 0.000001 0.000002 0.001203
-0.440049 0.705074 0.249834 0.999999 -0.000007 0.000001 0.001203
-0.440051 0.705070 0.249826 0.999999 0.000001 -0.000003 0.001204
-0.440049 0.705070 0.249833 0.999999 0.000001 0.000001 0.001205
-0.440051 0.705069 0.249851 0.999999 0.000003 -0.000002 0.001207
-0.440051 0.705070 0.249870 0.999999 0.000002 -0.000001 0.001207
-0.440051 0.705070 0.249900 0.999999 0.000002 -0.000001 0.001208
-0.440049 0.705073 0.249894 0.999999 -0.000004 0.000001 0.001208
-0.440050 0.705069 0.249880 0.999999 0.000003 -0.000000 0.001210
-0.440049 0.705071 0.249875 0.999999 0.000001 0.000001 0.001210
-0.440050 0.705072 0.249904 0.999999 -0.000002 -0.000001 0.001211
-0.440049 0.705073 0.249914 0.999999 -0.000003 0.000002 0.001212
-0.440050 0.705072 0.249918 0.999999 -0.000002 0.000000 0.001213
-0.440050 0.705070 0.249924 0.999999 0.000002 -0.000001 0.001213
-0.440050 0.705071 0.249920 0.999999 0.000001 -0.000001 0.001214
-0.440050 0.705073 0.249911 0.999999 -0.000004 -0.000000 0.001215
-0.440050 0.705070 0.249895 0.999999 0.000002 0.000000 0.001216
-0.440051 0.705071 0.249898 0.999999 0.000001 -0.000002 0.001217
-0.440050 0.705070 0.249921 0.999999 0.000002 -0.000001 0.001218
-0.440051 0.705070 0.249918 0.999999 0.000003 -0.000002 0.001219
-0.440051 0.705071 0.249927 0.999999 -0.000000 -0.000001 0.001220
-0.440051 0.705070 0.249941 0.999999 0.000002 -0.000002 0.001220
-0.440050 0.705073 0.249933 0.999999 -0.000003 -0.000001 0.001221
-0.440051 0.705072 0.249890 0.999999 -0.000000 -0.000002 0.001224
-0.440051 0.705070 0.249913 0.999999 0.000003 -0.000001 0.001226
-0.440048 0.705074 0.249873 0.999999 -0.000004 0.000004 0.001229
-0.440051 0.705070 0.249864 0.999999 0.000003 -0.000002 0.001230
-0.440049 0.705072 0.249857 0.999999 -0.000000 0.000003 0.001230
-0.440051 0.705070 0.249869 0.999999 0.000003 -0.000002 0.001231
-0.440050 0.705071 0.249889 0.999999 0.000002 -0.000001 0.001233
-0.440051 0.705070 0.249893 0.999999 0.000003 -0.000002 0.001233
-0.440051 0.705072 0.249931 0.999999 0.000000 -0.000001 0.001234
-0.440051 0.705073 0.249940 0.999999 -0.000002 -0.000001 0.001234
-0.440051 0.705074 0.249918 0.999999 -0.000003 -0.000002 0.001235
-0.440051 0.705072 0.249902 0.999999 0.000000 -0.000003 0.001236
-0.440052 0.705073 0.249848 0.999999 -0.000002 -0.000005 0.001237
-0.440053 0.705069 0.249819 0.999999 0.000005 -0.000005 0.001238
-0.440048 0.705074 0.249811 0.999999 -0.000004 0.000004 0.001238
-0.440051 0.705072 0.249821 0.999999 0.000001 -0.000002 0.001238
-0.440050 0.705073 0.249849 0.999999 -0.000003 0.000000 0.001239
-0.440052 0.705073 0.249863 0.999999 -0.000001 -0.000003 0.001240
-0.440050 0.705072 0.249889 0.999999 -0.000000 -0.000000 0.001240
-0.440050 0.705073 0.249908 0.999999 -0.000001 0.000001 0.001241
-0.440050 0.705072 0.249932 0.999999 0.000000 0.000001 0.001241
-0.440051 0.705072 0.249939 0.999999 0.000001 -0.000001 0.001241
-0.440050 0.705072 0.249952 0.999999 0.000001 0.000001 0.001242
-0.440052 0.705072 0.249952 0.999999 0.000001 -0.000002 0.001242
-0.440050 0.705072 0.249953 0.999999 0.000001 -0.000000 0.001242
-0.440051 0.705072 0.249953 0.999999 -0.000000 -0.000001 0.001243
-0.440051 0.705071 0.249946 0.999999 0.000003 -0.000002 0.001243
-0.440049 0.705072 0.249933 0.999999 0.000001 0.000003 0.001244
-0.440050 0.705074 0.249903 0.999999 -0.000004 -0.000000 0.001245
-0.440051 0.705073 0.249903 0.999999 -0.000000 -0.000001 0.001245
-0.440050 0.705071 0.249915 0.999999 0.000003 0.000001 0.001247
-0.440050 0.705071 0.249894 0.999999 0.000003 0.000001 0.001247
-0.440050 0.705074 0.249858 0.999999 -0.000003 0.000000 0.001248
-0.440052 0.705071 0.249855 0.999999 0.000002 -0.000003 0.001249
-0.440050 0.705073 0.249883 0.999999 -0.000001 0.000001 0.001250
-0.440051 0.705071 0.249889 0.999999 0.000004 -0.000001 0.001250
-0.440050 0.705074 0.249873 0.999999 -0.000002 0.000002 0.001252
-0.440049 0.705073 0.249869 0.999999 -0.000000 0.000003 0.001252
-0.440051 0.705072 0.249877 0.999999 0.000000 -0.000001 0.001253
-0.440052 0.705073 0.249880 0.999999 0.000000 -0.000003 0.001253
-0.440050 0.705074 0.249888 0.999999 -0.000002 0.000001 0.001254
-0.440050 0.705071 0.249888 0.999999 0.000003 0.000001 0.001255
-0.440052 0.705072 0.249901 0.999999 0.000002 -0.000002 0.001256
-0.440052 0.705073 0.249918 0.999999 0.000000 -0.000002 0.001256
-0.440050 0.705074 0.249930 0.999999 -0.000002 0.000002 0.001256
-0.440051 0.705074 0.249933 0.999999 -0.000001 0.000000 0.001257
-0.440051 0.705072 0.249925 0.999999 0.000001 -0.000001 0.001258
-0.440051 0.705072 0.249928 0.999999 0.000001 -0.000000 0.001258
-0.440051 0.705073 0.249946 0.999999 -0.000001 0.000000 0.001258
-0.440051 0.705074 0.249954 0.999999 -0.000002 -0.000001 0.001258
-0.440051 0.705074 0.249932 0.999999 -0.000002 -0.000000 0.001259
-0.440051 0.705072 0.249920 0.999999 0.000002 -0.000000 0.001260
-0.440052 0.705073 0.249920 0.999999 0.000000 -0.000002 0.001261
-0.440052 0.705073 0.249930 0.999999 0.000001 -0.000002 0.001261
-0.440051 0.705073 0.249940 0.999999 -0.000001 -0.000001 0.001261
-0.440052 0.705073 0.249950 0.999999 -0.000000 -0.000003 0.001262
-0.440052 0.705072 0.249945 0.999999 0.000003 -0.000002 0.001262
-0.440051 0.705074 0.249932 0.999999 -0.000002 -0.000001 0.001263
-0.440050 0.705074 0.249913 0.999999 -0.000002 0.000002 0.001263
-0.440051 0.705073 0.249914 0.999999 0.000001 0.000001 0.001264
-0.440051 0.705072 0.249920 0.999999 0.000002 0.000000 0.001264
-0.440051 0.705073 0.249938 0.999999 0.000001 -0.000001 0.001264
-0.440051 0.705073 0.249948 0.999999 0.000001 -0.000001 0.001265
-0.440051 0.705072 0.249952 0.999999 0.000003 0.000001 0.001265
-0.440054 0.705073 0.249929 0.999999 0.000001 -0.000006 0.001265
-0.440051 0.705075 0.249870 0.999999 -0.000003 0.000001 0.001267
-0.440050 0.705075 0.249862 0.999999 -0.000003 0.000002 0.001267
-0.440050 0.705073 0.249863 0.999999 -0.000000 0.000001 0.001269
-0.440051 0.705072 0.249875 0.999999 0.000002 -0.000000 0.001270
-0.440053 0.705073 0.249854 0.999999 0.000001 -0.000003 0.001270
-0.440052 0.705075 0.249842 0.999999 -0.000003 -0.000002 0.001271
-0.440052 0.705073 0.249840 0.999999 0.000001 -0.000002 0.001272
-0.440050 0.705073 0.249841 0.999999 0.000002 0.000001 0.001273
-0.440051 0.705075 0.249832 0.999999 -0.000004 -0.000000 0.001274
-0.440052 0.705073 0.249835 0.999999 0.000001 -0.000002 0.001275
-0.440053 0.705076 0.249822 0.999999 -0.000004 -0.000004 0.001275
-0.440051 0.705075 0.249813 0.999999 -0.000003 0.000001 0.001276
-0.440052 0.705073 0.249835 0.999999 0.000001 -0.000002 0.001276
-0.440050 0.705075 0.249856 0.999999 -0.000002 0.000002 0.001277
-0.440053 0.705074 0.249860 0.999999 0.000000 -0.000005 0.001278
-0.440051 0.705074 0.249854 0.999999 -0.000001 -0.000000 0.001279
-0.440051 0.705073 0.249876 0.999999 0.000002 -0.000001 0.001280
-0.440051 0.705072 0.249898 0.999999 0.000003 -0.000001 0.001280
-0.440051 0.705075 0.249909 0.999999 -0.000004 -0.000000 0.001282
-0.440052 0.705074 0.249911 0.999999 -0.000001 -0.000002 0.001283
-0.440052 0.705073 0.249910 0.999999 0.000002 -0.000001 0.001284
-0.440052 0.705073 0.249888 0.999999 0.000002 -0.000002 0.001285
-0.440051 0.705073 0.249892 0.999999 0.000002 0.000000 0.001286
-0.440052 0.705074 0.249907 0.999999 0.000000 -0.000003 0.001287
-0.440050 0.705076 0.249898 0.999999 -0.000004 0.000002 0.001287
-0.440052 0.705074 0.249900 0.999999 0.000001 -0.000003 0.001288
-0.440051 0.705073 0.249913 0.999999 0.000002 -0.000000 0.001288
-0.440052 0.705073 0.249940 0.999999 0.000002 -0.000002 0.001288
-0.440052 0.705075 0.249947 0.999999 -0.000001 -0.000001 0.001289
-0.440052 0.705073 0.249947 0.999999 0.000002 -0.000001 0.001290
-0.440052 0.705075 0.249939 0.999999 -0.000003 -0.000001 0.001290
-0.440052 0.705072 0.249880 0.999999 0.000005 -0.000001 0.001292
-0.440053 0.705073 0.249851 0.999999 0.000002 -0.000005 0.001293
-0.440051 0.705076 0.249817 0.999999 -0.000005 0.000000 0.001294
-0.440052 0.705075 0.249786 0.999999 -0.000002 -0.000003 0.001295
-0.440052 0.705075 0.249786 0.999999 -0.000002 -0.000003 0.001296
-0.440051 0.705072 0.249831 0.999999 0.000004 -0.000001 0.001297
-0.440051 0.705075 0.249853 0.999999 -0.000002 -0.000000 0.001298
-0.440051 0.705076 0.249879 0.999999 -0.000003 -0.000001 0.001299
-0.440051 0.705075 0.249893 0.999999 -0.000002 -0.000000 0.001300
-0.440052 0.705075 0.249900 0.999999 -0.000001 -0.000001 0.001301
-0.440052 0.705075 0.249883 0.999999 -0.000000 -0.000002 0.001301
-0.440051 0.705073 0.249873 0.999999 0.000002 0.000001 0.001303
-0.440053 0.705074 0.249868 0.999999 0.000001 -0.000003 0.001304
-0.440051 0.705073 0.249873 0.999999 0.000003 0.000001 0.001305
-0.440053 0.705074 0.249872 0.999999 0.000000 -0.000004 0.001305
-0.440052 0.705074 0.249884 0.999999 0.000000 -0.000001 0.001306
-0.440052 0.705073 0.249892 0.999999 0.000003 -0.000002 0.001307
-0.440052 0.705074 0.249879 0.999999 0.000002 -0.000001 0.001308
-0.440052 0.705073 0.249880 0.999999 0.000003 -0.000002 0.001309
-0.440049 0.705076 0.249862 0.999999 -0.000002 0.000005 0.001311
-0.440051 0.705073 0.249850 0.999999 0.000004 -0.000001 0.001312
-0.440048 0.705076 0.249841 0.999999 -0.000002 0.000006 0.001313
-0.440051 0.705074 0.249837 0.999999 0.000001 0.000000 0.001314
-0.440049 0.705075 0.249843 0.999999 0.000000 0.000004 0.001316
-0.440050 0.705075 0.249845 0.999999 0.000000 0.000002 0.001317
-0.440052 0.705077 0.249849 0.999999 -0.000004 -0.000001 0.001318
-0.440051 0.705075 0.249846 0.999999 0.000000 0.000001 0.001319
-0.440052 0.705077 0.249830 0.999999 -0.000004 -0.000002 0.001320
-0.440052 0.705073 0.249833 0.999999 0.000004 -0.000002 0.001321
-0.440051 0.705076 0.249866 0.999999 -0.000003 -0.000000 0.001323
-0.440052 0.705075 0.249891 0.999999 0.000000 -0.000001 0.001323
-0.440051 0.705074 0.249935 0.999999 0.000001 -0.000000 0.001324
-0.440051 0.705076 0.249946 0.999999 -0.000002 -0.000000 0.001324
-0.440051 0.705076 0.249930 0.999999 -0.000002 -0.000000 0.001325
-0.440052 0.705073 0.249924 0.999999 0.000003 -0.000001 0.001326
-0.440050 0.705077 0.249913 0.999999 -0.000003 0.000003 0.001328
-0.440052 0.705074 0.249914 0.999999 0.000002 -0.000002 0.001329
-0.440051 0.705076 0.249928 0.999999 -0.000001 -0.000000 0.001330
-0.440051 0.705077 0.249931 0.999999 -0.000003 0.000000 0.001330
-0.440053 0.705074 0.249930 0.999999 0.000002 -0.000003 0.001331
-0.440052 0.705075 0.249934 0.999999 0.000001 -0.000001 0.001332
-0.440052 0.705075 0.249946 0.999999 0.000001 -0.000001 0.001332
-0.440051 0.705075 0.249933 0.999999 0.000001 -0.000000 0.001333
-0.440051 0.705074 0.249907 0.999999 0.000003 -0.000000 0.001334
-0.440051 0.705074 0.249900 0.999999 0.000003 0.000001 0.001335
-0.440051 0.705078 0.249873 0.999999 -0.000005 0.000001 0.001336
-0.440051 0.705073 0.249853 0.999999 0.000004 0.000000 0.001337
-0.440051 0.705077 0.249843 0.999999 -0.000003 -0.000000 0.001338
-0.440051 0.705077 0.249845 0.999999 -0.000002 0.000001 0.001339
-0.440053 0.705075 0.249877 0.999999 0.000001 -0.000003 0.001339
-0.440051 0.705076 0.249891 0.999999 -0.000001 0.000000 0.001340
-0.440052 0.705076 0.249915 0.999999 -0.000001 -0.000002 0.001340
-0.440054 0.705075 0.249911 0.999999 0.000001 -0.000004 0.001341
-0.440052 0.705074 0.249901 0.999999 0.000003 -0.000001 0.001342
-0.440052 0.705075 0.249902 0.999999 0.000001 -0.000002 0.001342
-0.440051 0.705076 0.249896 0.999999 -0.000000 0.000000 0.001345
-0.440053 0.705074 0.249885 0.999999 0.000004 -0.000002 0.001346
-0.440052 0.705075 0.249889 0.999999 0.000001 -0.000002 0.001346
-0.440052 0.705075 0.249904 0.999999 0.000001 -0.000001 0.001347
-0.440052 0.705075 0.249920 0.999999 0.000001 -0.000001 0.001347
-0.440052 0.705076 0.249938 0.999999 0.000000 -0.000001 0.001347
-0.440053 0.705075 0.249951 0.999999 0.000002 -0.000002 0.001347
-0.440053 0.705076 0.249958 0.999999 0.000000 -0.000002 0.001348
-0.440052 0.705076 0.249963 0.999999 0.000001 -0.000002 0.001348
-0.440052 0.705076 0.249960 0.999999 -0.000000 -0.000001 0.001348
-0.440052 0.705075 0.249961 0.999999 0.000002 -0.000001 0.001348
-0.440051 0.705075 0.249954 0.999999 0.000002 0.000001 0.001348
-0.440052 0.705074 0.249942 0.999999 0.000004 0.000000 0.001349
-0.440051 0.705075 0.249915 0.999999 0.000001 0.000001 0.001349
-0.440053 0.705077 0.249889 0.999999 -0.000002 -0.000002 0.001349
-0.440052 0.705074 0.249871 0.999999 0.000004 -0.000001 0.001350
-0.440050 0.705076 0.249859 0.999999 0.000000 0.000002 0.001351
-0.440050 0.705078 0.249855 0.999999 -0.000004 0.000003 0.001352
-0.440054 0.705076 0.249848 0.999999 0.000001 -0.000005 0.001352
-0.440051 0.705076 0.249849 0.999999 -0.000000 0.000002 0.001353
-0.440051 0.705077 0.249851 0.999999 -0.000003 0.000002 0.001354
-0.440052 0.705074 0.249849 0.999999 0.000005 -0.000001 0.001354
-0.440050 0.705078 0.249839 0.999999 -0.000004 0.000003 0.001356
-0.440051 0.705076 0.249849 0.999999 -0.000001 0.000002 0.001356
-0.440052 0.705076 0.249907 0.999999 0.000000 -0.000001 0.001357
-0.440052 0.705076 0.249926 0.999999 0.000001 0.000000 0.001357
-0.440052 0.705076 0.249951 0.999999 0.000001 0.000000 0.001357
-0.440052 0.705076 0.249948 0.999999 0.000001 0.000000 0.001358
-0.440050 0.705076 0.249911 0.999999 0.000001 0.000004 0.001359
-0.440053 0.705075 0.249883 0.999999 0.000003 -0.000003 0.001360
-0.440050 0.705078 0.249859 0.999999 -0.000003 0.000004 0.001361
-0.440054 0.705075 0.249854 0.999999 0.000002 -0.000004 0.001362
-0.440051 0.705076 0.249861 0.999999 -0.000000 0.000002 0.001363
-0.440052 0.705077 0.249880 0.999999 -0.000002 -0.000001 0.001364
-0.440053 0.705076 0.249921 0.999999 -0.000000 -0.000002 0.001365
-0.440052 0.705075 0.249935 0.999999 0.000002 -0.000001 0.001365
-0.440052 0.705077 0.249928 0.999999 -0.000002 -0.000000 0.001366
-0.440053 0.705076 0.249937 0.999999 0.000001 -0.000002 0.001366
-0.440052 0.705076 0.249943 0.999999 0.000000 0.000001 0.001367
-0.440052 0.705075 0.249931 0.999999 0.000002 -0.000001 0.001367
-0.440052 0.705075 0.249928 0.999999 0.000003 -0.000001 0.001369
-0.440053 0.705076 0.249915 0.999999 0.000001 -0.000002 0.001369
-0.440053 0.705076 0.249929 0.999999 0.000000 -0.000002 0.001370
-0.440052 0.705076 0.249945 0.999999 0.000001 -0.000001 0.001371
-0.440053 0.705077 0.249948 0.999999 -0.000000 -0.000002 0.001371
-0.440053 0.705076 0.249940 0.999999 0.000001 -0.000001 0.001372
-0.440053 0.705077 0.249936 0.999999 -0.000002 -0.000002 0.001373
-0.440052 0.705076 0.249928 0.999999 0.000001 -0.000001 0.001373
-0.440052 0.705076 0.249928 0.999999 -0.000000 -0.000001 0.001374
-0.440052 0.705077 0.249939 0.999999 -0.000001 -0.000001 0.001375
-0.440053 0.705077 0.249938 0.999999 -0.000001 -0.000002 0.001376
-0.440052 0.705076 0.249932 0.999999 0.000001 -0.000001 0.001376
-0.440052 0.705077 0.249930 0.999999 -0.000000 -0.000001 0.001377
-0.440052 0.705077 0.249936 0.999999 -0.000002 -0.000001 0.001377
-0.440052 0.705075 0.249926 0.999999 0.000003 -0.000000 0.001378
-0.440051 0.705076 0.249917 0.999999 0.000001 0.000002 0.001379
-0.440054 0.705076 0.249893 0.999999 0.000001 -0.000003 0.001380
-0.440051 0.705078 0.249878 0.999999 -0.000002 0.000003 0.001380
-0.440052 0.705077 0.249903 0.999999 -0.000000 0.000000 0.001381
-0.440052 0.705077 0.249915 0.999999 -0.000001 0.000000 0.001382
-0.440053 0.705077 0.249894 0.999999 -0.000000 -0.000002 0.001383
-0.440052 0.705075 0.249888 0.999999 0.000002 -0.000000 0.001384
-0.440053 0.705077 0.249907 0.999999 -0.000001 -0.000001 0.001385
-0.440053 0.705077 0.249925 0.999999 -0.000000 -0.000001 0.001386
-0.440054 0.705077 0.249955 0.999999 0.000000 -0.000003 0.001386
-0.440052 0.705078 0.249941 0.999999 -0.000002 -0.000000 0.001387
-0.440051 0.705076 0.249930 0.999999 0.000001 0.000002 0.001388
-0.440052 0.705075 0.249926 0.999999 0.000003 -0.000000 0.001388
-0.440053 0.705077 0.249890 0.999999 -0.000000 -0.000001 0.001389
-0.440052 0.705077 0.249859 0.999999 -0.000001 0.000000 0.001389
-0.440053 0.705079 0.249830 0.999999 -0.000005 -0.000002 0.001390
-0.440051 0.705077 0.249809 0.999999 0.000001 0.000003 0.001390
-0.440053 0.705079 0.249796 0.999999 -0.000003 -0.000003 0.001391
-0.440051 0.705080 0.249792 0.999999 -0.000006 0.000002 0.001391
-0.440052 0.705076 0.249804 0.999999 0.000002 -0.000001 0.001391
-0.440053 0.705075 0.249826 0.999999 0.000003 -0.000001 0.001392
-0.440052 0.705078 0.249838 0.999999 -0.000002 0.000000 0.001393
-0.440051 0.705078 0.249843 0.999999 -0.000002 0.000003 0.001393
-0.440054 0.705078 0.249848 0.999999 -0.000001 -0.000002 0.001394
-0.440055 0.705076 0.249856 0.999999 0.000002 -0.000004 0.001395
-0.440051 0.705078 0.249856 0.999999 -0.000001 0.000003 0.001396
-0.440052 0.705076 0.249860 0.999999 0.000002 0.000001 0.001396
-0.440053 0.705076 0.249859 0.999999 0.000003 -0.000002 0.001397
-0.440052 0.705079 0.249859 0.999999 -0.000003 0.000001 0.001397
-0.440055 0.705077 0.249860 0.999999 0.000001 -0.000005 0.001398
-0.440053 0.705077 0.249854 0.999999 -0.000000 -0.000001 0.001399
-0.440053 0.705079 0.249849 0.999999 -0.000004 -0.000001 0.001400
-0.440055 0.705076 0.249844 0.999999 0.000003 -0.000005 0.001401
-0.440052 0.705078 0.249831 0.999999 -0.000001 0.000001 0.001402
-0.440054 0.705080 0.249794 0.999999 -0.000005 -0.000003 0.001403
-0.440051 0.705075 0.249783 0.999999 0.000006 0.000003 0.001403
-0.440057 0.705078 0.249779 0.999999 -0.000002 -0.000008 0.001403
-0.440053 0.705075 0.249776 0.999999 0.000005 -0.000001 0.001404
-0.440054 0.705076 0.249773 0.999999 0.000002 -0.000002 0.001404
-0.440055 0.705077 0.249769 0.999999 0.000001 -0.000005 0.001404
-0.440053 0.705077 0.249771 0.999999 0.000001 -0.000002 0.001404
-0.440053 0.705075 0.249781 0.999999 0.000005 -0.000000 0.001405
-0.440052 0.705079 0.249798 0.999999 -0.000003 0.000000 0.001406
-0.440052 0.705078 0.249812 0.999999 -0.000000 0.000001 0.001406
-0.440054 0.705076 0.249836 0.999999 0.000003 -0.000003 0.001407
-0.440052 0.705079 0.249855 0.999999 -0.000003 0.000002 0.001408
-0.440053 0.705078 0.249865 0.999999 -0.000000 0.000000 0.001409
-0.440053 0.705076 0.249875 0.999999 0.000004 -0.000001 0.001410
-0.440052 0.705077 0.249880 0.999999 0.000001 0.000001 0.001410
-0.440053 0.705080 0.249876 0.999999 -0.000005 -0.000000 0.001411
-0.440053 0.705076 0.249873 0.999999 0.000003 -0.000000 0.001411
-0.440052 0.705078 0.249870 0.999999 0.000000 0.000001 0.001412
-0.440052 0.705078 0.249884 0.999999 -0.000000 0.000002 0.001412
-0.440053 0.705079 0.249900 0.999999 -0.000002 -0.000000 0.001413
-0.440054 0.705077 0.249912 0.999999 0.000001 -0.000002 0.001413
-0.440053 0.705078 0.249911 0.999999 -0.000001 0.000001 0.001413
-0.440053 0.705077 0.249887 0.999999 0.000002 -0.000001 0.001414
-0.440054 0.705077 0.249887 0.999999 0.000002 -0.000002 0.001415
-0.440054 0.705077 0.249919 0.999999 0.000002 -0.000002 0.001416
-0.440054 0.705078 0.249936 0.999999 -0.000001 -0.000002 0.001416
-0.440053 0.705078 0.249920 0.999999 -0.000000 -0.000000 0.001417
-0.440051 0.705078 0.249901 0.999999 0.000000 0.000003 0.001417
-0.440052 0.705076 0.249885 0.999999 0.000004 0.000001 0.001418
-0.440053 0.705077 0.249869 0.999999 0.000002 -0.000001 0.001419
-0.440054 0.705078 0.249874 0.999999 -0.000000 -0.000002 0.001419
-0.440054 0.705077 0.249898 0.999999 0.000001 -0.000002 0.001419
-0.440053 0.705077 0.249923 0.999999 0.000001 -0.000001 0.001419
-0.440053 0.705077 0.249943 0.999999 0.000001 0.000001 0.001420
-0.440053 0.705078 0.249950 0.999999 -0.000001 -0.000000 0.001420
-0.440053 0.705078 0.249954 0.999999 0.000000 0.000000 0.001420
-0.440053 0.705080 0.249953 0.999999 -0.000003 -0.000001 0.001420
-0.440055 0.705080 0.249933 0.999999 -0.000003 -0.000003 0.001421
-0.440051 0.705076 0.249895 0.999999 0.000005 0.000004 0.001421
-0.440056 0.705081 0.249854 0.999999 -0.000005 -0.000006 0.001422
-0.440051 0.705076 0.249820 0.999999 0.000004 0.000003 0.001422
-0.440053 0.705079 0.249802 0.999999 -0.000002 -0.000001 0.001422
-0.440054 0.705078 0.249796 0.999999 0.000001 -0.000002 0.001422
-0.440054 0.705080 0.249787 0.999999 -0.000003 -0.000002 0.001422
-0.440053 0.705077 0.249781 0.999999 0.000001 -0.000001 0.001422
-0.440054 0.705077 0.249792 0.999999 0.000001 -0.000003 0.001422
-0.440054 0.705078 0.249836 0.999999 0.000001 -0.000001 0.001422
-0.440053 0.705078 0.249875 0.999999 0.000000 -0.000001 0.001423
-0.440052 0.705081 0.249898 0.999999 -0.000005 0.000001 0.001423
-0.440053 0.705078 0.249893 0.999999 0.000000 0.000001 0.001423
-0.440054 0.705076 0.249878 0.999999 0.000003 -0.000002 0.001424
-0.440052 0.705077 0.249875 0.999999 0.000003 0.000001 0.001424
-0.440053 0.705080 0.249869 0.999999 -0.000004 0.000001 0.001425
-0.440052 0.705079 0.249868 0.999999 -0.000002 0.000001 0.001425
-0.440053 0.705079 0.249882 0.999999 -0.000001 -0.000000 0.001426
-0.440055 0.705077 0.249897 0.999999 0.000003 -0.000003 0.001426
-0.440054 0.705080 0.249898 0.999999 -0.000003 -0.000002 0.001427
-0.440054 0.705077 0.249887 0.999999 0.000003 -0.000001 0.001428
-0.440052 0.705079 0.249903 0.999999 -0.000002 0.000003 0.001429
-0.440052 0.705079 0.249914 0.999999 -0.000000 0.000001 0.001429
-0.440053 0.705079 0.249900 0.999999 -0.000001 -0.000000 0.001431
-0.440053 0.705079 0.249890 0.999999 -0.000000 0.000001 0.001431
-0.440054 0.705080 0.249875 0.999999 -0.000002 -0.000002 0.001433
-0.440053 0.705079 0.249861 0.999999 -0.000002 -0.000001 0.001434
-0.440053 0.705077 0.249843 0.999999 0.000003 -0.000001 0.001435
-0.440053 0.705079 0.249857 0.999999 0.000000 0.000000 0.001436
-0.440053 0.705076 0.249880 0.999999 0.000005 0.000000 0.001437
-0.440054 0.705080 0.249877 0.999999 -0.000003 -0.000002 0.001438
-0.440054 0.705082 0.249840 0.999999 -0.000007 -0.000001 0.001440
-0.440053 0.705077 0.249831 0.999999 0.000003 -0.000000 0.001441
-0.440054 0.705077 0.249821 0.999999 0.000004 -0.000001 0.001442
-0.440052 0.705078 0.249817 0.999999 0.000002 0.000002 0.001443
-0.440053 0.705081 0.249823 0.999999 -0.000004 -0.000001 0.001444
-0.440054 0.705078 0.249829 0.999999 0.000001 -0.000002 0.001444
-0.440053 0.705078 0.249821 0.999999 0.000002 0.000001 0.001445
-0.440054 0.705082 0.249814 0.999999 -0.000006 -0.000002 0.001446
-0.440051 0.705077 0.249802 0.999999 0.000005 0.000004 0.001446
-0.440055 0.705081 0.249793 0.999999 -0.000005 -0.000004 0.001447
-0.440053 0.705083 0.249782 0.999999 -0.000009 0.000001 0.001448
-0.440054 0.705084 0.249775 0.999999 -0.000010 -0.000002 0.001449
-0.440049 0.705079 0.249762 0.999999 0.000000 0.000008 0.001449
-0.440053 0.705083 0.249756 0.999999 -0.000008 0.000000 0.001450
-0.440051 0.705079 0.249763 0.999999 0.000001 0.000005 0.001450
-0.440054 0.705079 0.249767 0.999999 -0.000001 -0.000001 0.001451
-0.440055 0.705078 0.249804 0.999999 0.000003 -0.000003 0.001452
-0.440053 0.705080 0.249816 0.999999 -0.000001 0.000001 0.001453
-0.440054 0.705079 0.249870 0.999999 -0.000001 -0.000001 0.001453
-0.440053 0.705079 0.249902 0.999999 0.000001 0.000000 0.001454
-0.440054 0.705079 0.249908 0.999999 0.000001 -0.000002 0.001455
-0.440055 0.705079 0.249910 0.999999 -0.000000 -0.000003 0.001455
-0.440053 0.705077 0.249911 0.999999 0.000003 -0.000000 0.001456
-0.440053 0.705078 0.249892 0.999999 0.000003 -0.000000 0.001457
-0.440055 0.705080 0.249848 0.999999 -0.000002 -0.000003 0.001458
-0.440052 0.705081 0.249830 0.999999 -0.000003 0.000002 0.001458
-0.440055 0.705079 0.249862 0.999999 0.000001 -0.000003 0.001459
-0.440054 0.705079 0.249893 0.999999 0.000001 -0.000002 0.001459
-0.440054 0.705081 0.249915 0.999999 -0.000003 -0.000001 0.001459
-0.440053 0.705078 0.249908 0.999999 0.000002 -0.000000 0.001460
-0.440054 0.705081 0.249899 0.999999 -0.000001 -0.000002 0.001499
-0.440051 0.705082 0.249890 0.999999 -0.000002 0.000004 0.001501
-0.440053 0.705081 0.249873 0.999999 -0.000001 0.000001 0.001501
-0.440054 0.705082 0.249846 0.999999 -0.000002 -0.000001 0.001502
-0.440052 0.705080 0.249824 0.999999 0.000003 0.000003 0.001502
-0.440054 0.705082 0.249810 0.999999 -0.000001 -0.000002 0.001503
-0.440052 0.705083 0.249809 0.999999 -0.000004 0.000003 0.001504
-0.440056 0.705081 0.249809 0.999999 0.000000 -0.000006 0.001505
-0.440052 0.705083 0.249811 0.999999 -0.000003 0.000002 0.001506
-0.440053 0.705081 0.249821 0.999999 -0.000001 0.000001 0.001506
-0.440055 0.705081 0.249849 0.999999 0.000000 -0.000002 0.001507
-0.440055 0.705080 0.249887 0.999999 0.000001 -0.000003 0.001508
-0.440053 0.705080 0.249891 0.999999 0.000003 -0.000000 0.001508
-0.440052 0.705082 0.249902 0.999999 -0.000002 0.000003 0.001509
-0.440052 0.705082 0.249913 0.999999 -0.000001 0.000002 0.001509
-0.440056 0.705080 0.249912 0.999999 0.000002 -0.000005 0.001510
-0.440054 0.705079 0.249897 0.999999 0.000004 -0.000000 0.001511
-0.440052 0.705081 0.249864 0.999999 0.000000 0.000004 0.001512
-0.440055 0.705082 0.249845 0.999999 -0.000002 -0.000002 0.001513
-0.440054 0.705080 0.249831 0.999999 0.000002 -0.000002 0.001514
-0.440053 0.705081 0.249851 0.999999 -0.000000 0.000002 0.001515
-0.440054 0.705082 0.249890 0.999999 -0.000001 -0.000001 0.001515
-0.440055 0.705082 0.249910 0.999999 -0.000001 -0.000003 0.001516
-0.440054 0.705081 0.249911 0.999999 -0.000000 -0.000001 0.001516
-0.440054 0.705081 0.249902 0.999999 0.000001 0.000000 0.001517
-0.440053 0.705083 0.249890 0.999999 -0.000003 0.000001 0.001518
-0.440054 0.705082 0.249888 0.999999 -0.000000 -0.000001 0.001518
-0.440054 0.705081 0.249898 0.999999 0.000000 -0.000000 0.001519
-0.440054 0.705082 0.249901 0.999999 -0.000001 -0.000000 0.001519
-0.440054 0.705081 0.249936 0.999999 0.000001 -0.000001 0.001519
-0.440053 0.705081 0.249948 0.999999 0.000001 0.000001 0.001520
-0.440053 0.705081 0.249945 0.999999 0.000000 0.000001 0.001520
-0.440054 0.705083 0.249938 0.999999 -0.000003 0.000000 0.001521
-0.440056 0.705082 0.249906 0.999999 -0.000000 -0.000003 0.001522
-0.440054 0.705083 0.249902 0.999999 -0.000003 0.000000 0.001522
-0.440055 0.705081 0.249924 0.999999 0.000001 -0.000002 0.001523
-0.440055 0.705081 0.249939 0.999999 0.000002 -0.000001 0.001523
-0.440055 0.705081 0.249956 0.999999 0.000001 -0.000003 0.001523
-0.440055 0.705082 0.249960 0.999999 0.000000 -0.000003 0.001523
-0.440054 0.705081 0.249950 0.999999 0.000001 -0.000001 0.001524
-0.440054 0.705082 0.249953 0.999999 0.000000 -0.000001 0.001524
-0.440054 0.705081 0.249958 0.999999 0.000002 -0.000000 0.001524
-0.440055 0.705082 0.249955 0.999999 -0.000001 -0.000002 0.001524
-0.440053 0.705082 0.249934 0.999999 -0.000001 0.000003 0.001525
-0.440053 0.705082 0.249929 0.999999 -0.000001 0.000003 0.001526
-0.440056 0.705082 0.249927 0.999999 0.000001 -0.000003 0.001526
-0.440054 0.705081 0.249917 0.999999 0.000002 0.000000 0.001528
-0.440054 0.705081 0.249919 0.999999 0.000001 0.000001 0.001528
-0.440054 0.705083 0.249941 0.999999 -0.000003 0.000000 0.001529
-0.440054 0.705082 0.249943 0.999999 0.000001 0.000001 0.001529
-0.440055 0.705081 0.249944 0.999999 0.000002 -0.000002 0.001530
-0.440054 0.705082 0.249945 0.999999 0.000000 0.000001 0.001530
-0.440055 0.705081 0.249935 0.999999 0.000003 -0.000001 0.001531
-0.440055 0.705082 0.249934 0.999999 0.000001 -0.000002 0.001532
-0.440055 0.705083 0.249927 0.999999 -0.000001 -0.000002 0.001532
-0.440055 0.705081 0.249924 0.999999 0.000003 -0.000001 0.001533
-0.440053 0.705082 0.249914 0.999999 0.000000 0.000003 0.001534
-0.440055 0.705082 0.249897 0.999999 0.000001 -0.000001 0.001536
-0.440055 0.705082 0.249892 0.999999 -0.000000 -0.000003 0.001537
-0.440056 0.705083 0.249847 0.999999 -0.000001 -0.000004 0.001538
-0.440056 0.705083 0.249830 0.999999 -0.000002 -0.000003 0.001538
-0.440055 0.705084 0.249805 0.999999 -0.000003 -0.000001 0.001540
-0.440056 0.705084 0.249803 0.999999 -0.000003 -0.000003 0.001540
-0.440055 0.705080 0.249804 0.999999 0.000005 -0.000002 0.001541
-0.440056 0.705078 0.249809 0.999999 0.000009 -0.000003 0.001542
-0.440054 0.705083 0.249822 0.999999 -0.000002 0.000001 0.001542
-0.440054 0.705083 0.249828 0.999999 -0.000001 0.000001 0.001543
-0.440055 0.705084 0.249843 0.999999 -0.000003 -0.000002 0.001546
-0.440055 0.705082 0.249856 0.999999 0.000001 -0.000001 0.001547
-0.440055 0.705082 0.249896 0.999999 0.000001 -0.000001 0.001548
-0.440055 0.705082 0.249913 0.999999 0.000000 -0.000002 0.001548
