-0.080758 0.885907 0.407048
-0.080813 0.885759 0.407074
-0.079820 0.885756 0.407145
-0.079511 0.885543 0.407199
-0.078160 0.885376 0.407322
-0.078899 0.884895 0.407334
-0.079624 0.884398 0.407367
-0.078520 0.882873 0.407780
-0.079151 0.882200 0.407848
-0.079748 0.881524 0.407933
-0.077578 0.878903 0.408625
-0.077233 0.878503 0.408722
-0.074341 0.876829 0.409188
-0.073991 0.876464 0.409267
-0.071227 0.874906 0.409664
-0.070907 0.874557 0.409734
-0.068278 0.873060 0.410093
-0.067702 0.872395 0.410219
-0.065967 0.871557 0.410428
-0.066488 0.870833 0.410476
-0.067152 0.868899 0.410717
-0.066021 0.867983 0.410919
-0.066424 0.867100 0.410999
-0.066750 0.864751 0.411312
-0.064824 0.863082 0.411639
-0.065218 0.862117 0.411724
-0.065653 0.860308 0.411930
-0.063875 0.858310 0.412261
-0.064260 0.857257 0.412351
-0.064650 0.855296 0.412563
-0.062239 0.852513 0.412967
-0.062659 0.851453 0.413046
-0.063062 0.850398 0.413138
-0.061188 0.847310 0.413503
-0.061641 0.846204 0.413579
-0.055946 0.834984 0.414724
-0.055961 0.834882 0.414730
-0.057053 0.830437 0.415016
-0.057035 0.830249 0.415030
-0.057025 0.830161 0.415036
-0.057970 0.829570 0.415057
-0.059291 0.828542 0.415126
-0.060466 0.827664 0.415176
-0.062081 0.825222 0.415371
-0.061523 0.823742 0.415470
-0.060838 0.822600 0.415532
-0.060128 0.821459 0.415596
-0.059684 0.820680 0.415643
-0.059301 0.819958 0.415692
-0.058957 0.819273 0.415741
-0.058488 0.818372 0.415813
-0.058229 0.817804 0.415858
-0.057909 0.817106 0.415917
-0.057607 0.816437 0.415975
-0.058522 0.815818 0.416008
-0.060026 0.814355 0.416121
-0.061064 0.813512 0.416174
-0.062501 0.810783 0.416365
-0.061942 0.809505 0.416414
-0.061367 0.808480 0.416445
-0.060669 0.807279 0.416490
-0.060240 0.806462 0.416528
-0.059881 0.805721 0.416569
-0.059627 0.805134 0.416604
-0.059312 0.804417 0.416650
-0.059076 0.803839 0.416689
-0.058774 0.803126 0.416739
-0.058431 0.802340 0.416797
-0.058174 0.801705 0.416844
-0.057920 0.801061 0.416892
-0.057664 0.800411 0.416941
-0.057407 0.799756 0.416991
-0.057204 0.799201 0.417032
-0.056878 0.798425 0.417091
-0.056706 0.797972 0.417120
-0.056543 0.797517 0.417147
-0.056381 0.797062 0.417173
-0.056218 0.796607 0.417199
-0.056053 0.796151 0.417224
-0.055846 0.795618 0.417253
-0.055696 0.795193 0.417275
-0.055541 0.794751 0.417298
-0.055381 0.794300 0.417322
-0.055216 0.793842 0.417345
-0.055095 0.793469 0.417364
-0.056040 0.792856 0.417392
-0.057767 0.791291 0.417480
-0.057609 0.790380 0.417477
-0.057350 0.789834 0.417463
-0.057113 0.789326 0.417456
-0.056845 0.788755 0.417455
-0.056662 0.788311 0.417459
-0.056437 0.787778 0.417469
-0.056275 0.787346 0.417480
-0.056065 0.786819 0.417496
-0.055910 0.786389 0.417509
-0.055749 0.785935 0.417525
-0.055673 0.785665 0.417535
-0.055619 0.785561 0.417494
-0.055519 0.785266 0.417442
-0.055454 0.785152 0.417385
-0.055335 0.784842 0.417311
-0.055263 0.784722 0.417246
-0.055132 0.784402 0.417163
-0.055054 0.784278 0.417094
-0.054914 0.783951 0.417005
-0.054753 0.783717 0.416878
-0.054621 0.783415 0.416811
-0.054469 0.783197 0.416693
-0.054407 0.783043 0.416656
-0.055344 0.782378 0.416660
-0.056191 0.781826 0.416632
-0.056908 0.781005 0.416580
-0.056997 0.780522 0.416452
-0.056966 0.780282 0.416406
-0.056711 0.779773 0.416200
-0.056628 0.779585 0.416159
-0.056433 0.779285 0.416015
-0.056347 0.779099 0.415966
-0.055970 0.778586 0.415721
-0.055900 0.778432 0.415690
-0.055736 0.778181 0.415560
-0.055665 0.778013 0.415517
-0.055411 0.777639 0.415324
-0.055342 0.777479 0.415288
-0.055178 0.777221 0.415153
-0.055033 0.776898 0.415074
-0.054860 0.776666 0.414940
-0.054790 0.776504 0.414896
-0.054621 0.776242 0.414751
-0.054189 0.775504 0.414578
-0.053976 0.775042 0.414533
-0.053775 0.774556 0.414506
-0.053575 0.774057 0.414490
-0.053281 0.773397 0.414475
-0.053119 0.772958 0.414469
-0.052905 0.772404 0.414467
-0.052699 0.771869 0.414466
-0.052461 0.771278 0.414466
-0.052284 0.770787 0.414468
-0.052140 0.770350 0.414470
-0.051898 0.769728 0.414474
-0.051715 0.769224 0.414477
-0.051570 0.768780 0.414481
-0.051366 0.768217 0.414485
-0.051164 0.767671 0.414489
-0.051133 0.767531 0.414491
-0.053008 0.766335 0.414585
-0.053994 0.765056 0.414635
-0.053783 0.764183 0.414590
-0.053538 0.763609 0.414551
-0.053248 0.762962 0.414515
-0.053048 0.762456 0.414495
-0.052801 0.761849 0.414478
-0.052622 0.761358 0.414468
-0.052392 0.760759 0.414459
-0.052221 0.760270 0.414454
-0.052043 0.759755 0.414451
-0.051859 0.759226 0.414449
-0.051623 0.758601 0.414446
-0.051449 0.758098 0.414444
-0.051224 0.757487 0.414442
-0.051012 0.756907 0.414440
-0.050809 0.756340 0.414438
-0.050652 0.755858 0.414437
-0.050439 0.755256 0.414436
-0.050275 0.754760 0.414436
-0.050056 0.754147 0.414435
-0.049846 0.753561 0.414433
-0.049643 0.752987 0.414431
-0.049444 0.752417 0.414430
-0.049332 0.752023 0.414429
-0.050317 0.751403 0.414479
-0.052282 0.749651 0.414585
-0.052200 0.748956 0.414544
-0.051976 0.748346 0.414498
-0.051690 0.747661 0.414453
-0.051488 0.747117 0.414427
-0.051444 0.746938 0.414424
-0.051121 0.745922 0.414418
-0.050769 0.744998 0.414419
-0.050505 0.744255 0.414424
-0.050238 0.743482 0.414432
-0.049965 0.742690 0.414442
-0.049616 0.741733 0.414456
-0.049287 0.740827 0.414471
-0.049040 0.740087 0.414483
-0.048718 0.739167 0.414499
-0.048406 0.738279 0.414516
-0.048168 0.737546 0.414529
-0.047854 0.736628 0.414547
-0.047548 0.735739 0.414564
-0.047313 0.735002 0.414578
-0.048290 0.734337 0.414637
-0.049200 0.733681 0.414704
-0.052010 0.731802 0.414897
-0.053383 0.729724 0.414988
-0.053051 0.728206 0.414917
-0.052665 0.727217 0.414860
-0.052307 0.726286 0.414820
-0.051897 0.725224 0.414789
-0.051539 0.724258 0.414771
-0.051283 0.723488 0.414765
-0.051028 0.722691 0.414763
-0.050770 0.721877 0.414764
-0.050441 0.720900 0.414768
-0.050198 0.720122 0.414773
-0.049951 0.719316 0.414780
-0.049634 0.718342 0.414788
-0.049335 0.717418 0.414797
-0.049110 0.716662 0.414804
-0.048816 0.715721 0.414814
-0.048590 0.714956 0.414823
-0.048358 0.714155 0.414832
-0.048052 0.713178 0.414843
-0.047761 0.712248 0.414853
-0.047484 0.711343 0.414864
-0.047214 0.710451 0.414874
-0.047006 0.709705 0.414883
-0.046786 0.708911 0.414892
-0.046492 0.707935 0.414904
-0.046208 0.707001 0.414914
-0.045994 0.706231 0.414923
-0.045770 0.705419 0.414932
-0.045474 0.704426 0.414944
-0.045250 0.703626 0.414953
-0.045020 0.702793 0.414962
-0.044720 0.701781 0.414973
-0.044436 0.700820 0.414983
-0.044222 0.700032 0.414992
-0.044000 0.699204 0.415001
-0.043707 0.698192 0.415012
-0.043486 0.697379 0.415020
-0.043438 0.697135 0.415023
-0.044437 0.696400 0.415087
-0.046419 0.694124 0.415243
-0.046316 0.693073 0.415218
-0.046054 0.692120 0.415185
-0.045781 0.691194 0.415159
-0.045448 0.690112 0.415138
-0.045148 0.689110 0.415126
-0.044930 0.688300 0.415121
-0.044709 0.687456 0.415120
-0.044484 0.686591 0.415120
-0.044254 0.685711 0.415122
-0.044205 0.685454 0.415123
-0.046115 0.684084 0.415267
-0.046672 0.683536 0.415314
-0.049173 0.681831 0.415504
-0.050583 0.679751 0.415572
-0.050368 0.678562 0.415483
-0.050057 0.677543 0.415410
-0.049832 0.676734 0.415371
-0.049611 0.675895 0.415345
-0.049332 0.674884 0.415322
-0.049128 0.674074 0.415311
-0.048923 0.673233 0.415303
-0.048880 0.672984 0.415303
-0.049079 0.672382 0.413950
-0.049114 0.672069 0.413575
-0.049381 0.671395 0.411855
-0.049434 0.671064 0.411400
-0.049720 0.670360 0.409619
-0.049781 0.670022 0.409159
-0.050077 0.669298 0.407389
-0.050144 0.668955 0.406939
-0.050448 0.668215 0.405193
-0.050545 0.667152 0.404320
-0.050457 0.666092 0.404440
-0.050332 0.665107 0.404643
-0.050289 0.664657 0.404708
-0.050398 0.664410 0.404769
-0.050577 0.663817 0.404881
-0.050737 0.663524 0.404952
-0.050962 0.662868 0.405068
-0.051128 0.662554 0.405134
-0.051349 0.661865 0.405236
-0.051510 0.661540 0.405294
-0.051678 0.660123 0.405416
-0.051482 0.659196 0.405398
-0.051190 0.658129 0.405361
-0.051145 0.657886 0.405355
-0.053065 0.656541 0.405357
-0.053636 0.656014 0.405358
-0.056174 0.654363 0.405371
-0.056892 0.653759 0.405370
-0.059566 0.652015 0.405383
-0.061137 0.650312 0.405317
-0.061181 0.649337 0.405213
-0.060947 0.648320 0.405120
-0.060762 0.647528 0.405077
-0.060532 0.646562 0.405050
-0.060368 0.645782 0.405041
-0.060158 0.644822 0.405041
-0.060005 0.644043 0.405046
-0.059804 0.643082 0.405056
-0.059612 0.642164 0.405068
-0.059430 0.641265 0.405082
-0.059296 0.640510 0.405093
-0.059155 0.639707 0.405105
-0.058961 0.638727 0.405122
-0.058775 0.637796 0.405138
-0.058599 0.636887 0.405154
-0.058430 0.635991 0.405170
-0.058304 0.635234 0.405183
-0.058129 0.634284 0.405199
-0.057957 0.633366 0.405216
-0.057831 0.632598 0.405228
-0.057698 0.631782 0.405242
-0.057515 0.630789 0.405259
-0.057340 0.629846 0.405276
-0.057174 0.628926 0.405292
-0.057054 0.628155 0.405305
-0.056927 0.627336 0.405318
-0.056793 0.626488 0.405332
-0.056654 0.625622 0.405346
-0.056512 0.624745 0.405360
-0.056487 0.624486 0.405363
-0.056553 0.624228 0.405378
-0.056604 0.623022 0.405440
-0.056454 0.622011 0.405477
-0.056296 0.621055 0.405502
-0.056145 0.620124 0.405523
-0.056035 0.619344 0.405537
-0.055919 0.618514 0.405551
-0.056922 0.617867 0.405579
-0.057861 0.617231 0.405617
-0.059488 0.616273 0.405669
-0.062486 0.614220 0.405767
-0.062899 0.613230 0.405713
-0.062855 0.612536 0.405668
-0.062760 0.611780 0.405641
-0.062649 0.610977 0.405628
-0.062531 0.610145 0.405624
-0.062410 0.609293 0.405627
-0.062248 0.608277 0.405635
-0.062099 0.607325 0.405646
-0.061962 0.606403 0.405657
-0.061867 0.605632 0.405667
-0.061768 0.604813 0.405678
-0.061626 0.603820 0.405693
-0.061526 0.603017 0.405704
-0.061390 0.602032 0.405719
-0.061294 0.601233 0.405730
-0.061196 0.600395 0.405742
-0.061059 0.599387 0.405757
-0.060964 0.598576 0.405769
-0.060932 0.598097 0.405775
-0.060812 0.597922 0.405767
-0.060637 0.597406 0.405752
-0.060476 0.597206 0.405737
-0.060082 0.596174 0.405694
-0.059840 0.594967 0.405678
-0.059712 0.594058 0.405676
-0.059604 0.593152 0.405681
-0.059568 0.592642 0.405684
-0.060562 0.591935 0.405724
-0.062073 0.590765 0.405805
-0.063453 0.589922 0.405865
-0.066132 0.588084 0.405988
-0.066565 0.587208 0.405951
-0.066548 0.586456 0.405907
-0.066476 0.585663 0.405885
-0.066395 0.584834 0.405878
-0.066313 0.583985 0.405881
-0.066257 0.583251 0.405886
-0.066196 0.582459 0.405895
-0.066099 0.581493 0.405907
-0.066034 0.580707 0.405917
-0.065941 0.579742 0.405931
-0.065852 0.578822 0.405945
-0.065770 0.577923 0.405958
-0.065668 0.576921 0.405974
-0.065626 0.576215 0.405984
-0.065557 0.575302 0.405997
-0.065485 0.574409 0.406011
-0.065416 0.573523 0.406024
-0.065350 0.572642 0.406037
-0.065309 0.571890 0.406048
-0.065242 0.570948 0.406062
-0.065198 0.570172 0.406073
-0.065154 0.569352 0.406085
-0.065080 0.568364 0.406100
-0.066055 0.567738 0.406152
-0.067559 0.566701 0.406254
-0.068925 0.565915 0.406333
-0.070848 0.564756 0.406460
-0.072317 0.563954 0.406547
-0.074870 0.562538 0.406706
-0.076180 0.561855 0.406781
-0.078056 0.560844 0.406898
-0.079506 0.560080 0.406989
-0.081531 0.558992 0.407124
-0.083013 0.558205 0.407224
-0.085073 0.557093 0.407370
-0.087780 0.555707 0.407572
-0.089731 0.554803 0.407666
-0.090165 0.554419 0.407601
-0.090232 0.553985 0.407554
-0.090225 0.553305 0.407524
-0.090189 0.552565 0.407516
-0.090166 0.551897 0.407519
-0.090171 0.551676 0.407521
-0.090017 0.551348 0.407504
-0.089978 0.551099 0.407499
-0.089766 0.550716 0.407471
-0.089708 0.550442 0.407462
-0.089472 0.550015 0.407428
-0.089405 0.549722 0.407417
-0.089157 0.549263 0.407380
-0.089027 0.548675 0.407358
-0.088899 0.548460 0.407340
-0.088730 0.547876 0.407312
-0.088591 0.547659 0.407292
-0.088410 0.547068 0.407262
-0.088269 0.546848 0.407241
-0.088085 0.546251 0.407209
-0.087943 0.546028 0.407188
-0.087759 0.545428 0.407155
-0.087618 0.545204 0.407134
-0.087435 0.544602 0.407101
-0.087294 0.544377 0.407079
-0.087114 0.543775 0.407047
-0.086975 0.543550 0.407025
-0.086797 0.542949 0.406992
-0.086659 0.542725 0.406970
-0.086483 0.542124 0.406938
-0.087356 0.541316 0.407016
-0.088724 0.539967 0.407162
-0.089996 0.539013 0.407291
-0.092560 0.536956 0.407571
-0.093076 0.536102 0.407589
-0.093140 0.535425 0.407568
-0.093143 0.534709 0.407561
-0.093136 0.533959 0.407566
-0.093113 0.533102 0.407581
-0.093121 0.532472 0.407595
-0.093117 0.531655 0.407617
-0.093108 0.530856 0.407639
-0.093114 0.530171 0.407659
-0.093107 0.529321 0.407685
-0.093099 0.528506 0.407710
-0.093107 0.527816 0.407731
-0.093127 0.527218 0.407749
-0.093180 0.527050 0.407763
-0.093324 0.526399 0.407807
-0.093396 0.526228 0.407828
-0.093538 0.525755 0.407868
-0.093631 0.525553 0.407893
-0.093795 0.525039 0.407942
-0.093892 0.524824 0.407970
-0.094061 0.524292 0.408023
-0.094159 0.524070 0.408053
-0.094328 0.523527 0.408109
-0.094425 0.523301 0.408140
-0.094594 0.522751 0.408197
-0.094764 0.522339 0.408258
-0.094836 0.522081 0.408285
-0.095785 0.521279 0.408406
-0.096695 0.520593 0.408539
-0.097760 0.519654 0.408709
-0.098096 0.519372 0.408768
-0.098534 0.518832 0.408852
-0.098706 0.518637 0.408888
-0.098962 0.518164 0.408947
-0.099084 0.517975 0.408977
-0.099283 0.517493 0.409030
-0.099388 0.517294 0.409059
-0.099568 0.516791 0.409112
-0.099741 0.516416 0.409169
-0.099864 0.515962 0.409216
-0.099948 0.515766 0.409243
-0.100102 0.515257 0.409295
-0.100193 0.515043 0.409324
-0.100354 0.514511 0.409379
-0.100446 0.514290 0.409409
-0.100608 0.513746 0.409465
-0.100700 0.513520 0.409496
-0.100860 0.512968 0.409554
-0.100951 0.512739 0.409585
-0.101111 0.512183 0.409643
-0.101201 0.511952 0.409674
-0.101360 0.511392 0.409733
-0.101450 0.511160 0.409764
-0.101607 0.510598 0.409823
-0.101697 0.510364 0.409854
-0.101792 0.510060 0.409885
-0.102725 0.509203 0.410013
-0.103611 0.508478 0.410150
-0.104235 0.507897 0.410253
-0.105511 0.506892 0.410431
-0.106597 0.506010 0.410596
-0.107373 0.505411 0.410720
-0.108750 0.504424 0.410916
-0.109906 0.503574 0.411094
-0.110732 0.503018 0.411225
-0.112137 0.502066 0.411429
-0.113314 0.501250 0.411612
-0.114735 0.500440 0.411841
-0.115152 0.500180 0.411908
-0.115735 0.499886 0.412001
-0.115927 0.499722 0.412032
-0.116252 0.499474 0.412087
-0.116370 0.499296 0.412109
-0.116605 0.498997 0.412156
-0.116696 0.498790 0.412177
-0.116895 0.498435 0.412225
-0.116974 0.498202 0.412247
-0.117154 0.497804 0.412297
-0.117227 0.497553 0.412320
-0.117397 0.497125 0.412373
-0.117530 0.496104 0.412475
-0.117549 0.495449 0.412516
-0.117564 0.495227 0.412527
-0.119136 0.493675 0.412780
-0.120365 0.492298 0.413010
-0.120648 0.491545 0.413075
-0.120694 0.490864 0.413098
-0.120696 0.490137 0.413117
-0.120673 0.489292 0.413140
-0.120664 0.488562 0.413161
-0.120668 0.487899 0.413180
-0.120669 0.487173 0.413202
-0.120650 0.486299 0.413229
-0.120630 0.485472 0.413254
-0.120628 0.484771 0.413276
-0.120628 0.484024 0.413299
-0.120611 0.483136 0.413327
-0.120608 0.482414 0.413350
-0.120594 0.481538 0.413378
-0.120595 0.480820 0.413400
-0.120599 0.480063 0.413424
-0.120601 0.479290 0.413449
-0.120588 0.478386 0.413478
-0.120591 0.477656 0.413502
-0.120585 0.476776 0.413530
-0.120580 0.475944 0.413557
-0.120591 0.475241 0.413580
-0.120605 0.474492 0.413605
-0.120617 0.473723 0.413630
-0.120616 0.472822 0.413660
-0.120627 0.472095 0.413684
-0.120643 0.471333 0.413709
-0.120675 0.471187 0.413719
-0.120730 0.470944 0.413733
-0.120868 0.470515 0.413769
-0.120930 0.470248 0.413787
-0.121738 0.469364 0.413920
-0.122488 0.468515 0.414057
-0.123030 0.467917 0.414162
-0.124155 0.466865 0.414357
-0.125766 0.465356 0.414668
-0.126946 0.464335 0.414881
-0.129397 0.462439 0.415371
-0.130061 0.462005 0.415505
-0.130235 0.461556 0.415543
-0.130293 0.461068 0.415561
-0.130316 0.460874 0.415568
-0.130322 0.460563 0.415492
-0.130339 0.460329 0.415472
-0.130331 0.459960 0.415364
-0.130341 0.459703 0.415334
-0.130322 0.459300 0.415212
-0.130327 0.459030 0.415177
-0.130300 0.458605 0.415048
-0.130302 0.458326 0.415010
-0.130270 0.457887 0.414876
-0.130269 0.457603 0.414836
-0.130234 0.457156 0.414700
-0.130233 0.456869 0.414659
-0.130196 0.456416 0.414520
-0.130194 0.456127 0.414478
-0.130906 0.455186 0.414575
-0.131543 0.454407 0.414635
-0.131985 0.453787 0.414672
-0.132458 0.453078 0.414624
-0.132600 0.452767 0.414607
-0.132736 0.452359 0.414495
-0.132786 0.452110 0.414460
-0.132815 0.451743 0.414326
-0.132835 0.451495 0.414285
-0.132986 0.451163 0.413431
-0.133093 0.450906 0.412679
-0.133284 0.450614 0.411360
-0.133445 0.450275 0.410359
-0.133537 0.450028 0.409669
-0.133707 0.449739 0.408393
-0.133854 0.449401 0.407421
-0.133938 0.449155 0.406753
-0.134008 0.448863 0.406319
-0.134056 0.448457 0.405780
-0.134081 0.448201 0.405644
-0.134082 0.447811 0.405415
-0.134766 0.446983 0.405468
-0.135415 0.446164 0.405549
-0.135845 0.445621 0.405562
-0.136815 0.444579 0.405682
-0.137655 0.443648 0.405809
-0.138218 0.443057 0.405853
-0.139269 0.442000 0.405997
-0.140165 0.441074 0.406140
-0.141176 0.440180 0.406222
-0.141476 0.439886 0.406242
-0.141811 0.439594 0.406176
-0.141922 0.439417 0.406153
-0.142033 0.439196 0.406036
-0.142078 0.439012 0.406000
-0.142106 0.438746 0.405866
-0.142761 0.437943 0.405949
-0.143382 0.437140 0.406049
-0.143795 0.436613 0.406073
-0.144717 0.435562 0.406209
-0.145516 0.434619 0.406349
-0.146699 0.433286 0.406579
-0.147647 0.432304 0.406736
-0.148311 0.431605 0.406841
-0.149394 0.430432 0.407049
-0.150302 0.429426 0.407241
-0.150920 0.428807 0.407329
-0.151955 0.427708 0.407521
-0.152830 0.426752 0.407703
-0.153428 0.426169 0.407785
-0.153856 0.425717 0.407836
-0.154347 0.425287 0.407808
-0.154500 0.425088 0.407797
-0.154665 0.424867 0.407695
-0.154721 0.424693 0.407663
-0.154765 0.424454 0.407536
-0.154782 0.424256 0.407497
-0.154774 0.423962 0.407361
-0.154775 0.423738 0.407320
-0.154741 0.423398 0.407183
-0.154733 0.423154 0.407141
-0.154688 0.422781 0.407004
-0.154611 0.421982 0.406894
-0.154549 0.421222 0.406865
-0.154485 0.420362 0.406861
-0.154454 0.419670 0.406870
-0.154439 0.419077 0.406871
-0.154453 0.418658 0.406869
-0.154480 0.418273 0.406865
-0.154509 0.418064 0.406860
-0.154508 0.417988 0.406813
-0.154531 0.417769 0.406741
-0.154526 0.417690 0.406675
-0.154536 0.417579 0.406618
-0.155125 0.416828 0.406709
-0.156069 0.415564 0.406903
-0.156904 0.414579 0.407096
-0.158724 0.412440 0.407583
-0.159199 0.411904 0.407704
-0.159356 0.411584 0.407732
-0.159428 0.411220 0.407735
-0.159465 0.410863 0.407730
-0.159497 0.410543 0.407724
-0.159529 0.410253 0.407719
-0.159553 0.410174 0.407725
-0.159622 0.409938 0.407733
-0.159663 0.409832 0.407744
-0.159753 0.409564 0.407761
-0.159801 0.409449 0.407775
-0.159899 0.409172 0.407798
-0.159950 0.409055 0.407815
-0.160053 0.408776 0.407842
-0.160105 0.408659 0.407860
-0.160210 0.408380 0.407890
-0.160264 0.408262 0.407910
-0.160371 0.407983 0.407941
-0.160425 0.407866 0.407962
-0.160533 0.407587 0.407995
-0.160588 0.407470 0.408016
-0.160696 0.407192 0.408050
-0.160751 0.407076 0.408072
-0.160861 0.406798 0.408107
-0.160916 0.406682 0.408129
-0.161025 0.406404 0.408165
-0.161081 0.406288 0.408187
-0.161191 0.406011 0.408223
-0.161246 0.405896 0.408246
-0.161356 0.405619 0.408282
-0.161412 0.405504 0.408305
-0.161521 0.405228 0.408341
-0.161680 0.404933 0.408421
-0.161813 0.404827 0.408492
-0.161968 0.404773 0.408573
-0.162097 0.404740 0.408635
-0.162233 0.404710 0.408698
-0.162371 0.404682 0.408761
-0.162531 0.404659 0.408836
-0.162681 0.404638 0.408906
-0.162809 0.404613 0.408963
-0.162963 0.404590 0.409034
-0.163111 0.404569 0.409101
-0.163256 0.404548 0.409167
-0.163381 0.404524 0.409221
-0.163423 0.404510 0.409237
-0.163663 0.404146 0.407705
-0.163762 0.404047 0.407267
-0.164050 0.403613 0.405261
-0.164163 0.403504 0.404708
-0.164449 0.403065 0.402584
-0.164564 0.402960 0.402005
-0.164836 0.402524 0.399857
-0.165229 0.402372 0.398478
-0.165484 0.402411 0.398447
-0.165689 0.402424 0.398539
-0.165844 0.402415 0.398614
-0.166022 0.402406 0.398699
-0.166186 0.402396 0.398775
-0.166323 0.402381 0.398835
-0.166489 0.402369 0.398908
-0.166626 0.402354 0.398966
-0.166792 0.402344 0.399037
-0.166950 0.402336 0.399105
-0.167085 0.402322 0.399160
-0.167251 0.402313 0.399229
-0.167389 0.402300 0.399286
-0.167557 0.402293 0.399355
-0.167695 0.402282 0.399411
-0.167864 0.402276 0.399480
-0.168004 0.402265 0.399536
-0.168173 0.402261 0.399604
-0.168335 0.402257 0.399670
-0.168473 0.402247 0.399724
-0.168620 0.402237 0.399781
-0.168771 0.402229 0.399840
-0.168924 0.402223 0.399899
-0.168971 0.402214 0.399916
-0.169540 0.401526 0.400051
-0.170474 0.400463 0.400310
-0.171271 0.399532 0.400513
-0.173318 0.397768 0.401107
-0.173840 0.397786 0.401262
-0.174142 0.397880 0.401357
-0.174403 0.397958 0.401448
-0.174581 0.397985 0.401513
-0.174754 0.397998 0.401576
-0.174950 0.398016 0.401648
-0.175104 0.398020 0.401704
-0.175152 0.398012 0.401721
-0.175387 0.397880 0.401767
-0.175720 0.397751 0.401865
-0.175942 0.397737 0.401940
-0.176157 0.397741 0.402017
-0.176341 0.397739 0.402084
-0.176490 0.397729 0.402137
-0.176645 0.397718 0.402191
-0.176803 0.397709 0.402245
-0.176987 0.397707 0.402310
-0.177135 0.397701 0.402360
-0.177291 0.397698 0.402412
-0.177477 0.397706 0.402474
-0.177628 0.397711 0.402523
-0.177676 0.397706 0.402538
-0.177667 0.398036 0.404165
-0.177757 0.398201 0.405344
-0.177877 0.398206 0.405487
-0.178019 0.398216 0.405543
-0.178199 0.398250 0.405595
-0.178378 0.398294 0.405645
-0.178534 0.398330 0.405686
-0.178704 0.398375 0.405730
-0.178884 0.398434 0.405776
-0.179081 0.398542 0.405820
-0.179330 0.398718 0.405871
-0.179539 0.398866 0.405912
-0.179762 0.399027 0.405954
-0.179946 0.399155 0.405988
-0.180471 0.398362 0.406119
-0.181379 0.397366 0.406348
-0.182140 0.396370 0.406541
-0.183364 0.395272 0.406843
-0.184227 0.394295 0.407061
-0.186464 0.393281 0.407565
-0.187747 0.394215 0.407744
-0.188403 0.394906 0.407815
-0.189015 0.395540 0.407884
-0.189416 0.395914 0.407934
-0.189781 0.396228 0.407981
-0.190189 0.396568 0.408034
-0.190554 0.396862 0.408082
-0.190843 0.397080 0.408120
-0.191141 0.397301 0.408158
-0.191503 0.397579 0.408204
-0.191793 0.397793 0.408239
-0.192096 0.398015 0.408275
-0.192407 0.398244 0.408312
-0.192785 0.398533 0.408355
-0.193088 0.398756 0.408389
-0.193464 0.399039 0.408430
-0.193770 0.399262 0.408463
-0.194090 0.399493 0.408496
-0.194421 0.399733 0.408530
-0.194825 0.400037 0.408570
-0.195212 0.400326 0.408607
-0.195531 0.400553 0.408637
-0.195867 0.400792 0.408668
-0.196216 0.401041 0.408699
-0.196643 0.401356 0.408736
-0.196988 0.401602 0.408765
-0.197417 0.401913 0.408800
-0.197766 0.402158 0.408827
-0.198202 0.402472 0.408860
-0.198557 0.402720 0.408886
-0.199003 0.403037 0.408918
-0.199367 0.403289 0.408943
-0.199824 0.403611 0.408972
-0.200270 0.403924 0.409000
-0.200639 0.404174 0.409022
-0.201107 0.404498 0.409049
-0.201491 0.404757 0.409070
-0.201976 0.405089 0.409095
-0.202372 0.405354 0.409114
-0.202870 0.405693 0.409137
-0.203278 0.405963 0.409154
-0.203791 0.406308 0.409175
-0.204293 0.406644 0.409193
-0.204708 0.406912 0.409208
-0.205235 0.407259 0.409224
-0.205668 0.407536 0.409237
-0.206214 0.407891 0.409251
-0.206660 0.408174 0.409261
-0.207223 0.408537 0.409272
-0.207683 0.408824 0.409280
-0.208262 0.409192 0.409287
-0.208735 0.409484 0.409293
-0.209231 0.409787 0.409297
-0.209746 0.410102 0.409300
-0.210381 0.410498 0.409300
-0.210894 0.410807 0.409299
-0.211535 0.411197 0.409296
-0.212055 0.411505 0.409292
-0.212598 0.411822 0.409286
-0.213160 0.412150 0.409279
-0.213737 0.412486 0.409269
-0.214447 0.412904 0.409254
-0.215017 0.413229 0.409240
-0.215728 0.413636 0.409220
-0.216304 0.413956 0.409202
-0.216905 0.414287 0.409182
-0.217651 0.414703 0.409153
-0.218253 0.415029 0.409128
-0.219009 0.415441 0.409094
-0.219748 0.415837 0.409057
-0.220355 0.416152 0.409026
-0.221122 0.416555 0.408983
-0.221878 0.416946 0.408939
-0.222626 0.417328 0.408893
-0.223242 0.417632 0.408856
-0.223885 0.417950 0.408818
-0.224674 0.418342 0.408774
-0.225271 0.418634 0.408757
-0.225948 0.418957 0.408749
-0.226388 0.419206 0.408797
-0.226746 0.419399 0.408873
-0.227092 0.419697 0.408964
-0.227223 0.419906 0.409133
-0.227329 0.420025 0.409273
-0.227432 0.420195 0.409368
-0.227477 0.420360 0.409486
-0.227398 0.420505 0.409608
-0.227398 0.420617 0.409669
-0.227486 0.420748 0.409737
-0.227428 0.420992 0.409868
-0.227328 0.421187 0.410011
-0.227132 0.421187 0.410114
-0.227441 0.421283 0.410016
-0.227140 0.421229 0.410272
-0.227659 0.421320 0.410071
-0.227199 0.421152 0.410413
-0.228101 0.421776 0.410034
-0.226838 0.422324 0.410883
-0.226312 0.422209 0.410794
-0.226897 0.421937 0.410410
-0.227082 0.421724 0.410523
-0.227503 0.422007 0.410426
-0.226602 0.421980 0.410873
-0.227872 0.422398 0.410345
-0.226334 0.422935 0.411256
-0.226032 0.422491 0.411045
-0.227612 0.422551 0.410456
-0.226241 0.423085 0.411239
-0.226050 0.422572 0.411134
-0.227821 0.422609 0.410566
-0.225807 0.423032 0.411469
-0.226881 0.422797 0.410892
-0.226824 0.422977 0.410989
-0.226651 0.422963 0.410172
-0.226419 0.422762 0.409096
-0.226513 0.422724 0.407832
-0.226999 0.423753 0.405512
-0.225007 0.424222 0.406182
-0.224873 0.424150 0.406074
-0.224851 0.423270 0.405886
-0.225581 0.422817 0.405572
-0.227027 0.422283 0.405129
-0.227663 0.422356 0.405051
-0.228477 0.422681 0.405145
-0.228972 0.423725 0.405525
-0.227491 0.425281 0.406129
-0.225918 0.424261 0.406468
-0.227867 0.422653 0.405469
-0.230779 0.424383 0.404979
-0.227412 0.426209 0.406403
-0.224854 0.423663 0.406771
-0.228320 0.422511 0.405312
-0.229556 0.421848 0.405303
-0.231024 0.421038 0.405520
-0.231990 0.419996 0.405728
-0.234466 0.419267 0.405740
-0.235445 0.418376 0.406059
-0.238201 0.415662 0.406549
-0.244106 0.417301 0.405462
-0.242313 0.417375 0.407458
-0.241770 0.417579 0.407672
-0.240710 0.417584 0.407881
-0.240252 0.417355 0.407921
-0.239996 0.417238 0.407902
-0.239644 0.416829 0.407835
-0.239704 0.416708 0.407705
-0.239773 0.416517 0.407591
-0.240284 0.415404 0.407599
-0.241295 0.414351 0.407414
-0.242635 0.413784 0.407087
-0.243992 0.412373 0.407037
-0.245638 0.411350 0.406829
-0.248610 0.410313 0.406471
-0.249670 0.410377 0.406621
-0.250189 0.410439 0.406953
-0.250736 0.409287 0.407433
-0.251705 0.408056 0.407522
-0.253511 0.406568 0.407306
-0.255559 0.405669 0.406883
-0.257428 0.405313 0.406622
-0.259099 0.404141 0.406858
-0.260854 0.403529 0.406919
-0.262513 0.403598 0.407012
-0.263867 0.402637 0.407576
-0.265184 0.401833 0.407915
-0.266859 0.400524 0.408168
-0.268614 0.399509 0.408114
-0.274558 0.398494 0.407275
-0.278093 0.400113 0.409064
-0.280825 0.401630 0.410837
-0.282385 0.401275 0.411011
-0.283860 0.401349 0.411052
-0.285576 0.402294 0.410933
-0.288047 0.404298 0.411023
-0.292302 0.407128 0.410982
-0.298789 0.409575 0.411095
-0.304184 0.412240 0.410688
-0.309791 0.414955 0.410446
-0.317084 0.417189 0.410166
-0.326193 0.420005 0.410056
-0.334715 0.422133 0.410221
-0.341375 0.424162 0.410563
-0.347033 0.425723 0.410764
-0.356367 0.427794 0.410523
-0.365622 0.430086 0.411228
