-0.800017 1.000022 0.249907 1.000000 -0.000001 0.000003 0.000044
-0.800020 1.000022 0.249906 1.000000 0.000001 -0.000002 0.000046
-0.800021 1.000022 0.249925 1.000000 0.000001 -0.000003 0.000047
-0.800017 1.000022 0.249932 1.000000 -0.000001 0.000004 0.000048
-0.800020 1.000024 0.249905 1.000000 -0.000003 -0.000001 0.000049
-0.800020 1.000022 0.249912 1.000000 -0.000000 -0.000002 0.000049
-0.800019 1.000022 0.249925 1.000000 0.000001 -0.000000 0.000049
-0.800019 1.000022 0.249953 1.000000 0.000001 -0.000000 0.000050
-0.800020 1.000023 0.249954 1.000000 -0.000001 -0.000002 0.000050
-0.800020 1.000023 0.249955 1.000000 -0.000000 -0.000002 0.000051
-0.800020 1.000021 0.249855 1.000000 0.000004 -0.000000 0.000053
-0.800022 1.000024 0.249828 1.000000 -0.000002 -0.000005 0.000053
-0.800018 1.000022 0.249772 1.000000 0.000001 0.000002 0.000055
-0.800019 1.000022 0.249772 1.000000 0.000002 0.000002 0.000055
-0.800020 1.000022 0.249824 1.000000 0.000003 -0.000000 0.000057
-0.800019 1.000022 0.249829 1.000000 0.000002 0.000001 0.000057
-0.800018 1.000023 0.249816 1.000000 0.000001 0.000003 0.000060
-0.800018 1.000021 0.249803 1.000000 0.000004 0.000004 0.000061
-0.800022 1.000021 0.249773 1.000000 0.000004 -0.000004 0.000062
-0.800023 1.000022 0.249776 1.000000 0.000003 -0.000006 0.000063
-0.800022 1.000023 0.249828 1.000000 0.000001 -0.000004 0.000064
-0.800020 1.000026 0.249825 1.000000 -0.000004 0.000000 0.000065
-0.800020 1.000024 0.249836 1.000000 -0.000001 0.000002 0.000065
-0.800020 1.000021 0.249833 1.000000 0.000006 0.000002 0.000067
-0.800020 1.000020 0.249779 1.000000 0.000008 0.000001 0.000068
-0.800025 1.000025 0.249772 1.000000 -0.000001 -0.000008 0.000068
-0.800025 1.000024 0.249764 1.000000 -0.000000 -0.000007 0.000069
-0.800021 1.000027 0.249755 1.000000 -0.000005 -0.000000 0.000070
-0.800026 1.000026 0.249753 1.000000 -0.000005 -0.000010 0.000070
-0.800023 1.000024 0.249751 1.000000 -0.000001 -0.000003 0.000071
-0.800022 1.000024 0.249829 1.000000 0.000001 -0.000001 0.000072
-0.800021 1.000024 0.249848 1.000000 0.000000 0.000001 0.000072
-0.800022 1.000023 0.249860 1.000000 0.000002 -0.000001 0.000073
-0.800022 1.000026 0.249903 1.000000 -0.000003 0.000001 0.000074
-0.800022 1.000023 0.249913 1.000000 0.000002 -0.000001 0.000074
-0.405029 0.705031 0.249865 1.000000 -0.000000 -0.000002 0.000168
-0.405029 0.705031 0.249887 1.000000 -0.000001 -0.000001 0.000169
-0.405029 0.705034 0.249954 1.000000 -0.000002 -0.000002 0.000209
-0.405027 0.705032 0.249932 1.000000 0.000002 0.000002 0.000211
-0.405027 0.705033 0.249923 1.000000 -0.000001 0.000001 0.000211
-0.405028 0.705032 0.249932 1.000000 0.000001 0.000000 0.000211
-0.405028 0.705032 0.249953 1.000000 0.000001 -0.000000 0.000212
-0.405028 0.705032 0.249955 1.000000 0.000001 0.000000 0.000212
-0.405029 0.705033 0.249913 1.000000 -0.000001 -0.000002 0.000213
-0.405028 0.705032 0.249897 1.000000 0.000001 -0.000002 0.000215
-0.405028 0.705032 0.249936 1.000000 0.000001 -0.000002 0.000216
-0.405026 0.705033 0.249885 1.000000 -0.000000 0.000003 0.000219
-0.405027 0.705034 0.249882 1.000000 -0.000002 0.000002 0.000220
-0.405028 0.705030 0.249827 1.000000 0.000006 -0.000000 0.000222
-0.405030 0.705033 0.249824 1.000000 0.000001 -0.000005 0.000226
-0.405030 0.705033 0.249851 1.000000 0.000000 -0.000005 0.000231
-0.405028 0.705033 0.249887 1.000000 0.000001 -0.000001 0.000233
-0.405027 0.705032 0.249927 1.000000 0.000003 0.000001 0.000234
-0.405028 0.705033 0.249916 1.000000 0.000002 -0.000001 0.000235
-0.405028 0.705033 0.249937 1.000000 0.000002 -0.000001 0.000235
-0.405028 0.705033 0.249956 1.000000 0.000001 -0.000001 0.000236
-0.405029 0.705033 0.249961 1.000000 0.000000 -0.000002 0.000236
-0.405028 0.705033 0.249963 1.000000 0.000001 0.000000 0.000237
-0.405027 0.705033 0.249967 1.000000 0.000002 0.000001 0.000237
-0.405027 0.705035 0.249923 1.000000 -0.000003 0.000001 0.000238
-0.405029 0.705034 0.249934 1.000000 0.000000 -0.000002 0.000241
-0.405028 0.705033 0.249916 1.000000 0.000001 -0.000000 0.000243
-0.405029 0.705035 0.249924 1.000000 -0.000003 -0.000002 0.000245
-0.405028 0.705033 0.249872 1.000000 0.000003 -0.000001 0.000248
-0.405027 0.705033 0.249909 1.000000 0.000002 0.000001 0.000250
-0.405028 0.705034 0.249868 1.000000 0.000000 -0.000002 0.000252
-0.405029 0.705035 0.249921 1.000000 -0.000001 -0.000003 0.000253
-0.405027 0.705032 0.249896 1.000000 0.000006 0.000000 0.000255
-0.405028 0.705035 0.249865 1.000000 -0.000001 -0.000002 0.000259
-0.405027 0.705035 0.249880 1.000000 -0.000002 0.000001 0.000262
-0.405028 0.705035 0.249911 1.000000 -0.000002 -0.000002 0.000265
-0.405027 0.705035 0.249884 1.000000 0.000000 0.000001 0.000268
-0.405030 0.705036 0.249812 1.000000 -0.000002 -0.000005 0.000270
-0.405026 0.705035 0.249813 1.000000 -0.000000 0.000002 0.000273
-0.405027 0.705034 0.249852 1.000000 0.000002 -0.000000 0.000275
-0.405026 0.705034 0.249826 1.000000 0.000001 0.000002 0.000278
-0.405027 0.705034 0.249869 1.000000 0.000002 0.000001 0.000280
-0.405028 0.705036 0.249902 1.000000 -0.000001 -0.000001 0.000282
-0.405027 0.705033 0.249862 1.000000 0.000005 0.000001 0.000285
-0.405027 0.705035 0.249844 1.000000 0.000002 0.000000 0.000287
-0.405026 0.705036 0.249893 1.000000 0.000000 0.000001 0.000290
-0.405028 0.705035 0.249931 1.000000 0.000002 -0.000001 0.000291
-0.405026 0.705036 0.249904 1.000000 0.000001 0.000002 0.000293
-0.405026 0.705038 0.249859 1.000000 -0.000004 0.000001 0.000295
-0.405028 0.705035 0.249870 1.000000 0.000002 -0.000002 0.000296
-0.405026 0.705035 0.249863 1.000000 0.000002 0.000001 0.000296
-0.405028 0.705033 0.249839 1.000000 0.000006 -0.000001 0.000298
-0.405028 0.705040 0.249781 1.000000 -0.000008 -0.000002 0.000301
-0.405026 0.705037 0.249799 1.000000 -0.000002 0.000003 0.000302
-0.405028 0.705037 0.249865 1.000000 -0.000001 -0.000003 0.000305
-0.405027 0.705036 0.249923 1.000000 0.000000 -0.000001 0.000306
-0.405027 0.705036 0.249870 1.000000 0.000002 -0.000001 0.000308
-0.405028 0.705038 0.249928 1.000000 -0.000002 -0.000002 0.000310
-0.405028 0.705038 0.249912 1.000000 -0.000002 -0.000001 0.000312
-0.405027 0.705038 0.249811 1.000000 -0.000002 0.000000 0.000315
-0.405029 0.705036 0.249807 1.000000 0.000001 -0.000004 0.000318
-0.405028 0.705037 0.249851 1.000000 -0.000001 -0.000002 0.000320
-0.405027 0.705036 0.249867 1.000000 0.000002 0.000001 0.000321
-0.405027 0.705040 0.249865 1.000000 -0.000006 0.000001 0.000322
-0.405028 0.705037 0.249834 1.000000 -0.000000 -0.000001 0.000323
-0.405028 0.705034 0.249831 1.000000 0.000006 -0.000002 0.000323
-0.405026 0.705037 0.249834 1.000000 0.000001 0.000003 0.000324
-0.405027 0.705039 0.249853 1.000000 -0.000004 0.000001 0.000325
-0.405030 0.705036 0.249870 1.000000 0.000001 -0.000004 0.000326
-0.405027 0.705035 0.249862 1.000000 0.000005 0.000001 0.000326
-0.405029 0.705039 0.249845 1.000000 -0.000003 -0.000003 0.000328
-0.405027 0.705035 0.249832 1.000000 0.000004 0.000001 0.000329
-0.405030 0.705036 0.249800 1.000000 0.000002 -0.000006 0.000330
-0.405027 0.705039 0.249802 1.000000 -0.000003 0.000001 0.000331
-0.405027 0.705038 0.249817 1.000000 -0.000001 0.000001 0.000331
-0.405028 0.705036 0.249850 1.000000 0.000002 -0.000001 0.000332
-0.405027 0.705036 0.249876 1.000000 0.000002 0.000000 0.000332
-0.405028 0.705037 0.249899 1.000000 0.000000 -0.000002 0.000333
-0.405028 0.705036 0.249910 1.000000 0.000003 -0.000001 0.000334
-0.405027 0.705038 0.249904 1.000000 -0.000000 0.000001 0.000335
-0.405027 0.705039 0.249911 1.000000 -0.000003 -0.000000 0.000336
-0.405029 0.705037 0.249910 1.000000 -0.000000 -0.000003 0.000337
-0.405028 0.705036 0.249912 1.000000 0.000003 -0.000001 0.000337
-0.405027 0.705039 0.249907 1.000000 -0.000004 0.000001 0.000338
-0.405028 0.705037 0.249926 1.000000 0.000002 -0.000002 0.000339
-0.405028 0.705037 0.249940 1.000000 0.000001 -0.000002 0.000339
-0.405028 0.705037 0.249951 1.000000 0.000002 -0.000001 0.000339
-0.405027 0.705036 0.249946 1.000000 0.000003 -0.000000 0.000339
-0.405027 0.705037 0.249926 1.000000 0.000001 -0.000000 0.000341
-0.405028 0.705036 0.249924 1.000000 0.000003 -0.000000 0.000341
-0.405029 0.705037 0.249908 1.000000 0.000001 -0.000003 0.000342
-0.405027 0.705037 0.249891 1.000000 0.000001 0.000000 0.000343
-0.405027 0.705039 0.249897 1.000000 -0.000002 0.000001 0.000343
-0.405027 0.705039 0.249888 1.000000 -0.000003 0.000000 0.000344
-0.405027 0.705037 0.249878 1.000000 0.000002 0.000001 0.000345
-0.405029 0.705038 0.249867 1.000000 -0.000001 -0.000002 0.000347
-0.405028 0.705039 0.249878 1.000000 -0.000003 -0.000001 0.000349
-0.405030 0.705040 0.249789 1.000000 -0.000004 -0.000005 0.000352
-0.405029 0.705035 0.249775 1.000000 0.000006 -0.000003 0.000353
-0.405029 0.705040 0.249830 1.000000 -0.000004 -0.000003 0.000356
-0.405026 0.705038 0.249807 1.000000 0.000000 0.000003 0.000359
-0.405028 0.705040 0.249886 1.000000 -0.000003 -0.000000 0.000360
-0.405028 0.705040 0.249928 1.000000 -0.000002 -0.000000 0.000363
-0.405028 0.705039 0.249947 1.000000 -0.000001 -0.000002 0.000364
-0.405028 0.705039 0.249959 1.000000 -0.000001 -0.000001 0.000365
-0.405029 0.705039 0.249941 1.000000 -0.000001 -0.000003 0.000366
-0.405028 0.705039 0.249948 1.000000 0.000000 -0.000001 0.000368
-0.405027 0.705038 0.249929 1.000000 0.000001 0.000000 0.000370
-0.405027 0.705039 0.249889 1.000000 0.000001 0.000001 0.000373
-0.405027 0.705041 0.249916 1.000000 -0.000004 0.000000 0.000374
-0.405026 0.705040 0.249879 1.000000 -0.000001 0.000003 0.000378
-0.405028 0.705039 0.249866 1.000000 0.000002 -0.000001 0.000379
-0.405028 0.705037 0.249863 1.000000 0.000004 -0.000001 0.000381
-0.405027 0.705039 0.249862 1.000000 0.000001 0.000000 0.000384
-0.405027 0.705040 0.249912 1.000000 -0.000001 -0.000000 0.000386
-0.405029 0.705041 0.249914 1.000000 -0.000002 -0.000003 0.000388
-0.405029 0.705035 0.249838 1.000000 0.000010 -0.000003 0.000391
-0.405028 0.705032 0.249820 1.000000 0.000015 -0.000002 0.000392
-0.405027 0.705040 0.249828 1.000000 0.000001 0.000001 0.000393
-0.405025 0.705038 0.249807 1.000000 0.000005 0.000006 0.000396
-0.405027 0.705042 0.249810 1.000000 -0.000003 0.000002 0.000398
-0.405026 0.705038 0.249823 1.000000 0.000004 0.000003 0.000401
-0.405026 0.705039 0.249795 1.000000 0.000003 0.000003 0.000402
-0.405029 0.705040 0.249794 1.000000 0.000001 -0.000002 0.000403
-0.405027 0.705037 0.249799 1.000000 0.000007 0.000001 0.000406
-0.405028 0.705038 0.249785 1.000000 0.000005 -0.000001 0.000407
-0.405028 0.705042 0.249854 1.000000 -0.000002 0.000000 0.000409
-0.405028 0.705041 0.249863 1.000000 -0.000001 0.000001 0.000411
-0.405028 0.705039 0.249861 1.000000 0.000003 0.000000 0.000413
-0.405030 0.705041 0.249876 1.000000 -0.000001 -0.000004 0.000415
-0.405029 0.705040 0.249943 1.000000 0.000002 -0.000001 0.000416
-0.405028 0.705041 0.249941 1.000000 0.000000 -0.000000 0.000418
-0.405028 0.705043 0.249895 1.000000 -0.000003 0.000001 0.000421
-0.405029 0.705039 0.249860 1.000000 0.000004 -0.000001 0.000424
-0.405027 0.705042 0.249902 1.000000 -0.000001 0.000002 0.000426
-0.405027 0.705042 0.249829 1.000000 -0.000001 0.000003 0.000429
-0.405029 0.705043 0.249869 1.000000 -0.000003 -0.000001 0.000431
-0.405028 0.705042 0.249866 1.000000 -0.000001 -0.000000 0.000432
-0.405028 0.705042 0.249849 1.000000 -0.000000 -0.000000 0.000437
-0.405029 0.705041 0.249915 1.000000 0.000002 -0.000001 0.000438
-0.405027 0.705042 0.249881 1.000000 -0.000001 0.000001 0.000441
-0.405028 0.705042 0.249815 1.000000 0.000001 0.000000 0.000444
-0.405028 0.705041 0.249900 1.000000 0.000002 -0.000001 0.000444
-0.405029 0.705042 0.249913 1.000000 -0.000000 -0.000001 0.000445
-0.405030 0.705042 0.249836 1.000000 -0.000000 -0.000003 0.000448
-0.405029 0.705045 0.249808 1.000000 -0.000005 -0.000003 0.000450
-0.405027 0.705043 0.249851 1.000000 -0.000001 0.000002 0.000452
-0.405029 0.705043 0.249822 1.000000 -0.000001 -0.000002 0.000454
-0.405028 0.705042 0.249881 1.000000 0.000000 -0.000000 0.000457
-0.405028 0.705043 0.249948 1.000000 -0.000001 -0.000001 0.000459
-0.405029 0.705042 0.249940 1.000000 0.000002 -0.000002 0.000461
-0.405029 0.705042 0.249912 1.000000 0.000001 -0.000003 0.000461
-0.405029 0.705043 0.249922 1.000000 -0.000000 -0.000002 0.000463
-0.405027 0.705043 0.249868 1.000000 0.000001 0.000001 0.000466
-0.405028 0.705044 0.249952 1.000000 -0.000002 -0.000000 0.000466
-0.405028 0.705043 0.249945 1.000000 0.000000 0.000001 0.000468
-0.405029 0.705042 0.249944 1.000000 0.000002 -0.000002 0.000469
-0.405029 0.705042 0.249933 1.000000 0.000001 -0.000002 0.000470
-0.405028 0.705042 0.249939 1.000000 0.000002 -0.000000 0.000471
-0.405029 0.705043 0.249934 1.000000 -0.000000 -0.000001 0.000471
-0.405028 0.705045 0.249888 1.000000 -0.000005 -0.000001 0.000472
-0.405026 0.705045 0.249891 1.000000 -0.000003 0.000003 0.000475
-0.405028 0.705042 0.249927 1.000000 0.000002 0.000000 0.000476
-0.405029 0.705043 0.249913 1.000000 0.000001 -0.000001 0.000479
-0.405029 0.705043 0.249922 1.000000 0.000002 -0.000001 0.000480
-0.405027 0.705043 0.249916 1.000000 -0.000000 0.000001 0.000482
-0.405029 0.705043 0.249961 1.000000 0.000001 -0.000002 0.000483
-0.405028 0.705043 0.249962 1.000000 0.000002 -0.000001 0.000483
-0.405028 0.705044 0.249901 1.000000 -0.000001 0.000000 0.000484
-0.405028 0.705043 0.249917 1.000000 0.000000 0.000000 0.000485
-0.405030 0.705044 0.249906 1.000000 -0.000001 -0.000003 0.000488
-0.405029 0.705043 0.249912 1.000000 0.000001 -0.000001 0.000489
-0.405028 0.705043 0.249941 1.000000 0.000001 0.000001 0.000491
-0.405029 0.705046 0.249903 1.000000 -0.000004 -0.000001 0.000493
-0.405029 0.705043 0.249872 1.000000 0.000003 -0.000001 0.000497
-0.405029 0.705045 0.249837 1.000000 -0.000001 -0.000002 0.000499
-0.405030 0.705043 0.249866 1.000000 0.000003 -0.000004 0.000503
-0.405029 0.705043 0.249932 1.000000 0.000002 -0.000002 0.000504
-0.405028 0.705043 0.249946 1.000000 0.000001 -0.000001 0.000505
-0.405028 0.705044 0.249952 1.000000 -0.000000 -0.000001 0.000506
-0.405027 0.705045 0.249919 1.000000 -0.000002 0.000001 0.000507
-0.405029 0.705043 0.249910 1.000000 0.000002 -0.000001 0.000510
-0.405028 0.705043 0.249926 1.000000 0.000002 0.000000 0.000512
-0.405029 0.705045 0.249924 1.000000 -0.000002 -0.000001 0.000513
-0.405027 0.705046 0.249933 1.000000 -0.000003 0.000001 0.000515
-0.405029 0.705044 0.249934 1.000000 0.000002 -0.000002 0.000516
-0.405027 0.705045 0.249906 1.000000 0.000000 0.000002 0.000519
-0.405028 0.705046 0.249896 1.000000 -0.000002 0.000001 0.000520
-0.405029 0.705043 0.249899 1.000000 0.000004 -0.000002 0.000523
-0.405028 0.705044 0.249890 1.000000 0.000003 -0.000001 0.000526
-0.405028 0.705045 0.249876 1.000000 -0.000000 -0.000000 0.000528
-0.405028 0.705044 0.249924 1.000000 0.000002 0.000001 0.000529
-0.405029 0.705045 0.249952 1.000000 0.000000 -0.000002 0.000530
-0.405028 0.705045 0.249939 1.000000 0.000001 -0.000001 0.000531
-0.405029 0.705045 0.249922 1.000000 -0.000000 -0.000001 0.000532
-0.405029 0.705045 0.249951 1.000000 0.000001 -0.000002 0.000533
-0.405028 0.705045 0.249965 1.000000 -0.000000 -0.000001 0.000534
-0.405028 0.705044 0.249952 1.000000 0.000003 -0.000001 0.000536
-0.405028 0.705044 0.249934 1.000000 0.000002 0.000000 0.000536
-0.405028 0.705043 0.249909 1.000000 0.000005 -0.000001 0.000537
-0.405028 0.705045 0.249866 1.000000 0.000001 0.000000 0.000539
-0.405029 0.705044 0.249910 1.000000 0.000003 -0.000002 0.000540
-0.405027 0.705045 0.249838 1.000000 0.000002 0.000002 0.000542
-0.405029 0.705049 0.249791 1.000000 -0.000006 -0.000003 0.000544
-0.405025 0.705045 0.249778 1.000000 0.000003 0.000006 0.000546
-0.405031 0.705046 0.249805 1.000000 -0.000001 -0.000006 0.000549
-0.405030 0.705044 0.249826 1.000000 0.000004 -0.000005 0.000551
-0.405028 0.705044 0.249815 1.000000 0.000005 0.000000 0.000554
-0.405029 0.705045 0.249814 1.000000 0.000002 -0.000003 0.000556
-0.405027 0.705046 0.249872 1.000000 0.000001 0.000002 0.000558
-0.405027 0.705046 0.249885 1.000000 -0.000000 0.000002 0.000559
-0.405029 0.705047 0.249898 1.000000 -0.000001 -0.000001 0.000560
-0.405031 0.705046 0.249887 1.000000 0.000000 -0.000006 0.000560
-0.405028 0.705049 0.249842 1.000000 -0.000004 -0.000000 0.000560
-0.405028 0.705045 0.249835 1.000000 0.000003 0.000000 0.000563
-0.405029 0.705046 0.249842 1.000000 0.000001 -0.000002 0.000565
-0.405031 0.705045 0.249869 1.000000 0.000004 -0.000005 0.000568
-0.405028 0.705045 0.249835 1.000000 0.000004 -0.000000 0.000570
-0.405029 0.705047 0.249849 1.000000 0.000000 -0.000002 0.000572
-0.405029 0.705046 0.249919 1.000000 0.000002 -0.000003 0.000575
-0.405029 0.705045 0.249899 1.000000 0.000005 -0.000001 0.000577
-0.405028 0.705048 0.249910 1.000000 -0.000002 -0.000000 0.000580
-0.405028 0.705047 0.249924 1.000000 0.000001 -0.000000 0.000580
-0.405028 0.705049 0.249919 1.000000 -0.000003 0.000000 0.000581
-0.405028 0.705047 0.249923 1.000000 0.000001 -0.000001 0.000581
-0.405029 0.705046 0.249946 1.000000 0.000002 -0.000001 0.000582
-0.405029 0.705047 0.249955 1.000000 0.000001 -0.000001 0.000582
-0.405029 0.705046 0.249967 1.000000 0.000002 -0.000002 0.000582
-0.405028 0.705047 0.249963 1.000000 0.000001 -0.000000 0.000583
-0.405029 0.705046 0.249943 1.000000 0.000002 -0.000001 0.000584
-0.405029 0.705046 0.249922 1.000000 0.000003 -0.000001 0.000585
-0.405027 0.705049 0.249882 1.000000 -0.000003 0.000001 0.000586
-0.405029 0.705046 0.249857 1.000000 0.000002 -0.000002 0.000588
-0.405029 0.705045 0.249809 1.000000 0.000005 -0.000002 0.000590
-0.405027 0.705050 0.249759 1.000000 -0.000005 0.000001 0.000593
-0.405027 0.705050 0.249762 1.000000 -0.000005 0.000003 0.000594
-0.405027 0.705045 0.249765 1.000000 0.000005 0.000001 0.000594
-0.405026 0.705047 0.249763 1.000000 0.000001 0.000004 0.000596
-0.405027 0.705047 0.249765 1.000000 0.000002 0.000002 0.000596
-0.405025 0.705047 0.249764 1.000000 0.000001 0.000006 0.000597
-0.405027 0.705051 0.249768 1.000000 -0.000006 0.000001 0.000597
-0.405027 0.705046 0.249765 1.000000 0.000004 0.000001 0.000598
-0.405029 0.705049 0.249765 1.000000 -0.000003 -0.000003 0.000599
-0.405029 0.705044 0.249812 1.000000 0.000008 -0.000002 0.000601
-0.405028 0.705051 0.249780 1.000000 -0.000006 -0.000000 0.000602
-0.405033 0.705049 0.249750 1.000000 -0.000003 -0.000010 0.000604
-0.405026 0.705046 0.249750 1.000000 0.000004 0.000004 0.000604
-0.405029 0.705052 0.249752 1.000000 -0.000007 -0.000002 0.000605
-0.405031 0.705055 0.249751 1.000000 -0.000013 -0.000006 0.000605
-0.405032 0.705048 0.249749 1.000000 0.000001 -0.000008 0.000606
-0.405028 0.705043 0.249747 1.000000 0.000009 0.000000 0.000606
-0.405026 0.705043 0.249749 1.000000 0.000011 0.000004 0.000606
-0.405031 0.705046 0.249778 1.000000 0.000004 -0.000006 0.000607
-0.405028 0.705046 0.249797 1.000000 0.000005 -0.000000 0.000609
-0.405029 0.705048 0.249850 1.000000 -0.000000 -0.000003 0.000613
-0.405029 0.705049 0.249926 1.000000 -0.000000 -0.000002 0.000615
-0.405029 0.705048 0.249956 1.000000 -0.000000 -0.000001 0.000615
-0.405028 0.705047 0.249913 1.000000 0.000003 0.000000 0.000617
-0.405028 0.705050 0.249878 1.000000 -0.000002 -0.000001 0.000620
-0.405028 0.705048 0.249914 1.000000 0.000001 -0.000001 0.000623
-0.405028 0.705048 0.249930 1.000000 0.000002 0.000000 0.000624
-0.405027 0.705049 0.249963 1.000000 0.000000 0.000001 0.000625
-0.405028 0.705049 0.249930 1.000000 -0.000001 -0.000000 0.000626
-0.405029 0.705049 0.249942 1.000000 -0.000001 -0.000002 0.000627
-0.405029 0.705049 0.249952 1.000000 0.000001 -0.000001 0.000628
-0.405028 0.705049 0.249970 1.000000 0.000000 0.000000 0.000629
-0.405028 0.705050 0.249945 1.000000 -0.000003 0.000001 0.000630
-0.405029 0.705050 0.249934 1.000000 -0.000002 -0.000003 0.000631
-0.405029 0.705046 0.249850 1.000000 0.000006 -0.000003 0.000634
-0.405028 0.705051 0.249899 1.000000 -0.000003 0.000000 0.000635
-0.405028 0.705051 0.249904 1.000000 -0.000003 -0.000000 0.000638
-0.405029 0.705050 0.249851 1.000000 -0.000001 -0.000002 0.000640
-0.405029 0.705050 0.249906 1.000000 -0.000002 -0.000002 0.000642
-0.405029 0.705050 0.249908 1.000000 -0.000000 -0.000002 0.000644
-0.405028 0.705049 0.249909 1.000000 0.000001 0.000000 0.000647
-0.405028 0.705051 0.249938 1.000000 -0.000002 0.000000 0.000650
-0.405030 0.705050 0.249886 1.000000 -0.000001 -0.000003 0.000652
-0.405028 0.705049 0.249899 1.000000 0.000002 0.000000 0.000654
-0.405028 0.705052 0.249843 1.000000 -0.000004 0.000000 0.000655
-0.405027 0.705051 0.249861 1.000000 -0.000001 0.000002 0.000658
-0.405028 0.705050 0.249869 1.000000 -0.000000 -0.000001 0.000661
-0.405027 0.705050 0.249890 1.000000 0.000001 0.000001 0.000663
-0.405029 0.705049 0.249884 1.000000 0.000002 -0.000002 0.000664
-0.405029 0.705052 0.249883 1.000000 -0.000002 -0.000002 0.000664
-0.405028 0.705050 0.249926 1.000000 0.000001 -0.000000 0.000667
-0.405026 0.705052 0.249846 1.000000 -0.000002 0.000003 0.000669
-0.405024 0.705054 0.249806 1.000000 -0.000006 0.000007 0.000671
-0.405030 0.705049 0.249833 1.000000 0.000003 -0.000004 0.000674
-0.405028 0.705051 0.249857 1.000000 -0.000001 -0.000000 0.000676
-0.405029 0.705050 0.249932 1.000000 0.000001 -0.000002 0.000677
-0.405029 0.705049 0.249944 1.000000 0.000003 -0.000002 0.000678
-0.405028 0.705050 0.249942 1.000000 0.000002 0.000000 0.000678
-0.405028 0.705050 0.249922 1.000000 0.000002 -0.000001 0.000678
-0.405026 0.705052 0.249877 1.000000 -0.000001 0.000003 0.000681
-0.405028 0.705052 0.249878 1.000000 -0.000001 -0.000001 0.000683
-0.405027 0.705053 0.249900 1.000000 -0.000004 0.000001 0.000685
-0.405028 0.705051 0.249900 1.000000 0.000000 0.000000 0.000687
-0.405029 0.705051 0.249926 1.000000 0.000001 -0.000002 0.000688
-0.405029 0.705050 0.249936 1.000000 0.000002 -0.000002 0.000690
-0.405029 0.705051 0.249896 1.000000 0.000001 -0.000003 0.000692
-0.405029 0.705051 0.249837 1.000000 0.000002 -0.000002 0.000695
-0.405028 0.705054 0.249808 1.000000 -0.000004 -0.000001 0.000698
-0.405029 0.705052 0.249904 1.000000 -0.000001 -0.000001 0.000701
-0.405028 0.705051 0.249918 1.000000 0.000001 -0.000000 0.000703
-0.405028 0.705052 0.249886 1.000000 -0.000000 -0.000001 0.000705
-0.405027 0.705050 0.249838 1.000000 0.000005 0.000002 0.000707
-0.405026 0.705052 0.249814 1.000000 0.000001 0.000004 0.000708
-0.405029 0.705051 0.249770 1.000000 0.000003 -0.000001 0.000710
-0.405030 0.705050 0.249812 1.000000 0.000003 -0.000004 0.000711
-0.405031 0.705053 0.249789 1.000000 -0.000002 -0.000005 0.000714
-0.405029 0.705053 0.249779 1.000000 -0.000001 -0.000002 0.000716
-0.405028 0.705051 0.249803 1.000000 0.000002 0.000001 0.000718
-0.405028 0.705054 0.249823 1.000000 -0.000002 0.000000 0.000719
-0.405028 0.705053 0.249842 1.000000 -0.000001 0.000000 0.000720
-0.405027 0.705052 0.249869 1.000000 0.000001 0.000003 0.000721
-0.405027 0.705056 0.249869 1.000000 -0.000006 0.000001 0.000722
-0.405029 0.705052 0.249855 1.000000 0.000001 -0.000003 0.000724
-0.405029 0.705053 0.249902 1.000000 -0.000000 -0.000001 0.000726
-0.405029 0.705053 0.249944 1.000000 -0.000000 -0.000001 0.000728
-0.405028 0.705055 0.249949 1.000000 -0.000005 0.000001 0.000728
-0.405030 0.705051 0.249924 1.000000 0.000003 -0.000003 0.000729
-0.405030 0.705052 0.249927 1.000000 0.000001 -0.000004 0.000729
-0.405027 0.705053 0.249920 1.000000 -0.000002 0.000002 0.000730
-0.405029 0.705053 0.249903 1.000000 -0.000001 -0.000002 0.000730
-0.405028 0.705055 0.249851 1.000000 -0.000004 0.000000 0.000732
-0.405028 0.705053 0.249883 1.000000 -0.000000 0.000000 0.000734
-0.405031 0.705054 0.249847 1.000000 -0.000001 -0.000007 0.000737
-0.405026 0.705054 0.249791 1.000000 -0.000001 0.000005 0.000739
-0.405028 0.705053 0.249869 1.000000 0.000001 0.000001 0.000741
-0.405029 0.705054 0.249934 1.000000 -0.000000 -0.000001 0.000743
-0.405028 0.705055 0.249961 1.000000 -0.000003 -0.000000 0.000744
-0.405029 0.705053 0.249962 1.000000 0.000001 -0.000001 0.000745
-0.405030 0.705055 0.249937 1.000000 -0.000002 -0.000003 0.000746
-0.405028 0.705054 0.249859 1.000000 -0.000002 0.000001 0.000748
-0.405029 0.705054 0.249926 1.000000 -0.000001 -0.000001 0.000750
-0.405029 0.705053 0.249948 1.000000 0.000001 -0.000001 0.000753
-0.405029 0.705053 0.249900 1.000000 0.000002 -0.000002 0.000754
-0.405029 0.705055 0.249909 1.000000 -0.000002 -0.000001 0.000757
-0.405029 0.705054 0.249873 1.000000 0.000001 -0.000002 0.000760
-0.405029 0.705053 0.249898 1.000000 0.000002 -0.000002 0.000763
-0.405028 0.705055 0.249890 1.000000 -0.000002 0.000000 0.000765
-0.405028 0.705053 0.249898 1.000000 0.000003 0.000001 0.000767
-0.405029 0.705050 0.249848 1.000000 0.000010 -0.000002 0.000771
-0.405025 0.705055 0.249801 1.000000 -0.000001 0.000007 0.000773
-0.405024 0.705055 0.249809 1.000000 -0.000002 0.000007 0.000779
-0.405027 0.705055 0.249807 1.000000 -0.000001 0.000001 0.000782
-0.405027 0.705055 0.249851 1.000000 -0.000001 0.000002 0.000787
-0.405027 0.705055 0.249869 1.000000 -0.000001 0.000001 0.000790
-0.405027 0.705055 0.249870 1.000000 -0.000001 0.000002 0.000790
-0.405029 0.705055 0.249861 1.000000 -0.000002 -0.000002 0.000791
-0.405028 0.705051 0.249854 1.000000 0.000006 -0.000000 0.000791
-0.405026 0.705056 0.249848 1.000000 -0.000004 0.000003 0.000793
-0.405030 0.705054 0.249850 1.000000 0.000001 -0.000004 0.000793
-0.405029 0.705053 0.249866 1.000000 0.000004 -0.000002 0.000795
-0.405028 0.705053 0.249872 1.000000 0.000003 0.000000 0.000795
-0.405029 0.705054 0.249861 1.000000 0.000001 -0.000002 0.000797
-0.405028 0.705054 0.249854 1.000000 0.000001 -0.000001 0.000798
-0.405027 0.705054 0.249854 1.000000 0.000001 0.000003 0.000798
-0.405028 0.705054 0.249849 1.000000 0.000002 -0.000001 0.000798
-0.405029 0.705054 0.249882 1.000000 0.000001 -0.000002 0.000799
-0.405029 0.705054 0.249925 1.000000 0.000001 -0.000002 0.000800
-0.405027 0.705054 0.249910 1.000000 0.000000 0.000002 0.000802
-0.405028 0.705054 0.249922 1.000000 0.000001 -0.000000 0.000804
-0.405028 0.705056 0.249946 1.000000 -0.000003 0.000000 0.000805
-0.405029 0.705054 0.249880 1.000000 0.000003 -0.000001 0.000808
-0.405028 0.705055 0.249898 1.000000 0.000000 -0.000001 0.000810
-0.405029 0.705056 0.249879 1.000000 -0.000001 -0.000002 0.000813
-0.405028 0.705054 0.249878 1.000000 0.000002 -0.000001 0.000814
-0.405028 0.705054 0.249879 1.000000 0.000002 -0.000000 0.000815
-0.405028 0.705055 0.249894 1.000000 0.000001 0.000000 0.000815
-0.405028 0.705054 0.249926 1.000000 0.000001 -0.000001 0.000816
-0.405028 0.705055 0.249943 1.000000 0.000001 -0.000001 0.000816
-0.405028 0.705054 0.249958 1.000000 0.000002 -0.000000 0.000816
-0.405028 0.705055 0.249953 1.000000 0.000001 -0.000000 0.000817
-0.405028 0.705056 0.249908 1.000000 -0.000001 0.000000 0.000818
-0.405028 0.705055 0.249904 1.000000 0.000000 -0.000001 0.000819
-0.405029 0.705055 0.249898 1.000000 0.000001 -0.000002 0.000819
-0.405028 0.705056 0.249919 1.000000 -0.000001 -0.000001 0.000820
-0.405028 0.705055 0.249934 1.000000 0.000001 -0.000001 0.000820
-0.405029 0.705056 0.249945 1.000000 -0.000001 -0.000002 0.000821
-0.405028 0.705054 0.249954 1.000000 0.000002 -0.000001 0.000821
-0.405027 0.705057 0.249950 1.000000 -0.000003 0.000001 0.000822
-0.405028 0.705057 0.249940 1.000000 -0.000003 -0.000001 0.000822
-0.405028 0.705055 0.249927 1.000000 0.000002 -0.000000 0.000823
-0.405029 0.705054 0.249926 1.000000 0.000003 -0.000002 0.000823
-0.405028 0.705055 0.249918 1.000000 0.000001 0.000000 0.000824
-0.405028 0.705057 0.249922 1.000000 -0.000003 0.000000 0.000824
-0.405028 0.705055 0.249912 1.000000 0.000000 -0.000002 0.000826
-0.405028 0.705055 0.249916 1.000000 0.000001 0.000000 0.000826
-0.405028 0.705055 0.249945 1.000000 0.000000 -0.000001 0.000826
-0.405028 0.705055 0.249947 1.000000 0.000002 -0.000001 0.000827
-0.405027 0.705056 0.249935 1.000000 -0.000000 0.000001 0.000827
-0.405027 0.705057 0.249932 1.000000 -0.000003 0.000001 0.000828
-0.405028 0.705055 0.249931 1.000000 0.000002 0.000000 0.000828
-0.405029 0.705055 0.249931 1.000000 0.000001 -0.000002 0.000829
-0.405026 0.705058 0.249841 1.000000 -0.000004 0.000004 0.000830
-0.405028 0.705057 0.249836 1.000000 -0.000002 -0.000001 0.000833
-0.405027 0.705057 0.249878 1.000000 -0.000002 0.000003 0.000835
-0.405029 0.705056 0.249899 1.000000 -0.000001 -0.000001 0.000838
-0.405028 0.705055 0.249910 1.000000 0.000002 -0.000000 0.000840
-0.405029 0.705057 0.249956 1.000000 -0.000001 -0.000001 0.000842
-0.405028 0.705055 0.249930 1.000000 0.000002 -0.000001 0.000844
-0.405028 0.705057 0.249860 1.000000 -0.000002 -0.000001 0.000846
-0.405027 0.705057 0.249875 1.000000 -0.000001 0.000003 0.000849
-0.405029 0.705055 0.249931 1.000000 0.000002 -0.000001 0.000851
-0.405029 0.705055 0.249847 1.000000 0.000003 -0.000002 0.000854
-0.405029 0.705056 0.249945 1.000000 0.000001 -0.000002 0.000855
-0.405029 0.705056 0.249931 1.000000 0.000002 -0.000003 0.000857
-0.405027 0.705057 0.249952 1.000000 -0.000000 0.000002 0.000857
-0.405029 0.705057 0.249948 1.000000 -0.000002 -0.000001 0.000858
-0.405029 0.705055 0.249878 1.000000 0.000004 -0.000002 0.000859
-0.405027 0.705055 0.249855 1.000000 0.000003 0.000002 0.000859
-0.405029 0.705056 0.249859 1.000000 0.000002 -0.000001 0.000860
-0.405029 0.705056 0.249885 1.000000 0.000001 -0.000001 0.000861
-0.405029 0.705056 0.249929 1.000000 0.000002 -0.000002 0.000861
-0.405029 0.705056 0.249937 1.000000 0.000001 -0.000002 0.000862
-0.405030 0.705057 0.249944 1.000000 -0.000001 -0.000003 0.000863
-0.405028 0.705058 0.249922 1.000000 -0.000002 0.000001 0.000863
-0.405030 0.705056 0.249916 1.000000 0.000001 -0.000003 0.000863
-0.405029 0.705057 0.249909 1.000000 -0.000001 -0.000002 0.000864
-0.405029 0.705056 0.249922 1.000000 0.000001 -0.000001 0.000865
-0.405028 0.705058 0.249947 1.000000 -0.000002 0.000002 0.000865
-0.405028 0.705057 0.249949 1.000000 -0.000001 0.000001 0.000865
-0.405029 0.705056 0.249946 1.000000 0.000003 -0.000001 0.000865
-0.405028 0.705056 0.249939 1.000000 0.000002 0.000001 0.000866
-0.405029 0.705058 0.249910 1.000000 -0.000002 -0.000001 0.000866
-0.405030 0.705057 0.249905 1.000000 -0.000001 -0.000002 0.000867
-0.405027 0.705058 0.249892 1.000000 -0.000001 0.000002 0.000868
-0.405028 0.705058 0.249900 1.000000 -0.000002 0.000001 0.000869
-0.405028 0.705056 0.249906 1.000000 0.000001 0.000001 0.000869
-0.405029 0.705055 0.249902 1.000000 0.000004 -0.000001 0.000869
-0.405028 0.705055 0.249887 1.000000 0.000004 -0.000001 0.000871
-0.405027 0.705060 0.249873 1.000000 -0.000005 0.000002 0.000872
-0.405029 0.705062 0.249815 1.000000 -0.000009 -0.000002 0.000874
-0.405030 0.705055 0.249790 1.000000 0.000005 -0.000003 0.000874
-0.405029 0.705057 0.249817 1.000000 0.000001 -0.000002 0.000875
-0.405028 0.705057 0.249832 1.000000 0.000001 0.000000 0.000875
-0.405028 0.705055 0.249854 1.000000 0.000004 -0.000000 0.000876
-0.405028 0.705058 0.249860 1.000000 -0.000002 0.000000 0.000877
-0.405029 0.705056 0.249853 1.000000 0.000003 -0.000001 0.000878
-0.405029 0.705056 0.249865 1.000000 0.000002 -0.000001 0.000879
-0.405030 0.705058 0.249883 1.000000 -0.000001 -0.000003 0.000881
-0.405027 0.705060 0.249877 1.000000 -0.000004 0.000001 0.000881
-0.405029 0.705058 0.249859 1.000000 -0.000002 -0.000003 0.000882
-0.405027 0.705060 0.249842 1.000000 -0.000005 0.000001 0.000882
-0.405029 0.705056 0.249850 1.000000 0.000002 -0.000002 0.000883
-0.405027 0.705057 0.249874 1.000000 0.000001 0.000001 0.000883
-0.405029 0.705057 0.249925 1.000000 0.000001 -0.000001 0.000884
-0.405029 0.705057 0.249944 1.000000 0.000001 -0.000001 0.000884
-0.405027 0.705059 0.249961 1.000000 -0.000002 0.000002 0.000884
-0.405028 0.705059 0.249956 1.000000 -0.000003 -0.000000 0.000884
-0.405030 0.705059 0.249939 1.000000 -0.000002 -0.000004 0.000885
-0.405029 0.705059 0.249900 1.000000 -0.000002 -0.000001 0.000885
-0.405026 0.705057 0.249864 1.000000 0.000001 0.000005 0.000886
-0.405029 0.705056 0.249842 1.000000 0.000004 -0.000001 0.000886
-0.405029 0.705057 0.249840 1.000000 0.000001 -0.000002 0.000886
-0.405028 0.705060 0.249839 1.000000 -0.000005 0.000001 0.000887
-0.405029 0.705057 0.249845 1.000000 0.000002 -0.000002 0.000887
-0.405029 0.705057 0.249858 1.000000 0.000002 -0.000000 0.000888
-0.405029 0.705056 0.249874 1.000000 0.000003 -0.000001 0.000888
-0.405029 0.705057 0.249882 1.000000 0.000001 -0.000001 0.000889
-0.405029 0.705057 0.249889 1.000000 0.000001 -0.000002 0.000890
-0.405029 0.705057 0.249910 1.000000 0.000001 -0.000001 0.000890
-0.405029 0.705057 0.249947 1.000000 0.000001 -0.000002 0.000890
-0.405030 0.705058 0.249956 1.000000 -0.000000 -0.000003 0.000890
-0.405028 0.705058 0.249945 1.000000 -0.000000 0.000000 0.000891
-0.405028 0.705059 0.249941 1.000000 -0.000002 0.000001 0.000891
-0.405029 0.705058 0.249934 1.000000 0.000000 -0.000002 0.000892
-0.405029 0.705056 0.249925 1.000000 0.000004 -0.000001 0.000892
-0.405029 0.705056 0.249890 1.000000 0.000003 -0.000002 0.000893
-0.405029 0.705059 0.249884 1.000000 -0.000001 -0.000001 0.000894
-0.405026 0.705059 0.249864 1.000000 -0.000001 0.000005 0.000896
-0.405029 0.705058 0.249850 1.000000 0.000001 -0.000001 0.000897
-0.405028 0.705056 0.249832 1.000000 0.000005 0.000001 0.000898
-0.405028 0.705058 0.249821 1.000000 -0.000000 -0.000000 0.000899
-0.405030 0.705057 0.249855 1.000000 0.000002 -0.000003 0.000900
-0.405028 0.705061 0.249845 1.000000 -0.000005 0.000002 0.000901
-0.405028 0.705058 0.249891 1.000000 0.000002 0.000001 0.000903
-0.405030 0.705057 0.249901 1.000000 0.000002 -0.000002 0.000904
-0.405029 0.705060 0.249895 1.000000 -0.000003 -0.000000 0.000904
-0.405028 0.705060 0.249886 1.000000 -0.000003 0.000002 0.000907
-0.405029 0.705059 0.249921 1.000000 -0.000000 -0.000001 0.000909
-0.405029 0.705058 0.249927 1.000000 0.000000 0.000000 0.000912
-0.405029 0.705060 0.249953 1.000000 -0.000002 -0.000001 0.000914
-0.405029 0.705057 0.249956 1.000000 0.000003 -0.000002 0.000916
-0.405028 0.705059 0.249960 1.000000 -0.000001 0.000001 0.000917
-0.405030 0.705058 0.249933 1.000000 0.000001 -0.000002 0.000918
-0.405030 0.705057 0.249910 1.000000 0.000003 -0.000003 0.000921
-0.405030 0.705058 0.249921 1.000000 0.000002 -0.000002 0.000922
-0.405028 0.705059 0.249909 1.000000 -0.000000 0.000001 0.000924
-0.405030 0.705062 0.249847 1.000000 -0.000006 -0.000001 0.000925
-0.405029 0.705055 0.249812 1.000000 0.000008 0.000000 0.000928
-0.405027 0.705059 0.249814 1.000000 0.000001 0.000003 0.000930
-0.405029 0.705058 0.249898 1.000000 0.000002 -0.000001 0.000932
-0.405029 0.705060 0.249916 1.000000 -0.000001 -0.000001 0.000935
-0.405029 0.705059 0.249954 1.000000 0.000001 -0.000000 0.000936
-0.405029 0.705059 0.249948 1.000000 0.000001 -0.000001 0.000937
-0.405028 0.705061 0.249917 1.000000 -0.000002 0.000001 0.000938
-0.405031 0.705062 0.249853 1.000000 -0.000003 -0.000005 0.000941
-0.405027 0.705062 0.249780 1.000000 -0.000004 0.000003 0.000941
-0.405030 0.705059 0.249890 1.000000 0.000001 -0.000002 0.000942
-0.405029 0.705062 0.249939 1.000000 -0.000004 0.000000 0.000944
-0.405028 0.705059 0.249901 1.000000 0.000001 0.000001 0.000947
-0.405029 0.705060 0.249932 1.000000 0.000001 -0.000001 0.000948
-0.405029 0.705062 0.249943 1.000000 -0.000004 -0.000001 0.000949
-0.405030 0.705060 0.249930 1.000000 0.000000 -0.000003 0.000952
-0.405029 0.705060 0.249952 1.000000 0.000001 -0.000001 0.000953
-0.405029 0.705058 0.249935 1.000000 0.000005 0.000000 0.000954
-0.405029 0.705062 0.249915 1.000000 -0.000003 0.000000 0.000954
-0.405029 0.705061 0.249909 1.000000 -0.000001 -0.000000 0.000955
-0.405028 0.705060 0.249880 1.000000 0.000001 0.000001 0.000956
-0.405029 0.705061 0.249860 1.000000 -0.000001 -0.000001 0.000956
-0.405031 0.705062 0.249857 1.000000 -0.000002 -0.000004 0.000957
-0.405027 0.705058 0.249842 1.000000 0.000006 0.000003 0.000957
-0.405031 0.705061 0.249822 1.000000 -0.000002 -0.000004 0.000958
-0.405030 0.705062 0.249810 1.000000 -0.000002 -0.000002 0.000958
-0.405029 0.705059 0.249839 1.000000 0.000003 -0.000000 0.000959
-0.405029 0.705063 0.249860 1.000000 -0.000004 -0.000001 0.000960
-0.405029 0.705061 0.249913 1.000000 0.000000 -0.000002 0.000962
-0.405030 0.705062 0.249929 1.000000 -0.000002 -0.000003 0.000963
-0.405027 0.705065 0.249846 1.000000 -0.000007 0.000004 0.000966
-0.405029 0.705061 0.249877 1.000000 -0.000001 -0.000001 0.000967
-0.405030 0.705061 0.249896 1.000000 -0.000000 -0.000003 0.000968
-0.405030 0.705061 0.249895 1.000000 0.000000 -0.000002 0.000968
-0.405029 0.705060 0.249891 1.000000 0.000002 -0.000001 0.000969
-0.405029 0.705062 0.249911 1.000000 -0.000001 -0.000001 0.000970
-0.405029 0.705062 0.249926 1.000000 -0.000001 -0.000001 0.000970
-0.405029 0.705060 0.249922 1.000000 0.000001 -0.000001 0.000971
-0.405029 0.705062 0.249930 1.000000 -0.000001 -0.000001 0.000972
-0.405029 0.705062 0.249953 1.000000 -0.000002 0.000000 0.000972
-0.405029 0.705062 0.249957 1.000000 -0.000001 -0.000001 0.000972
-0.405028 0.705060 0.249941 1.000000 0.000003 0.000001 0.000973
-0.405032 0.705063 0.249904 1.000000 -0.000004 -0.000006 0.000974
-0.405031 0.705064 0.249829 1.000000 -0.000005 -0.000004 0.000974
-0.405027 0.705060 0.249807 1.000000 0.000003 0.000004 0.000974
-0.405031 0.705062 0.249782 1.000000 -0.000002 -0.000004 0.000975
-0.405028 0.705060 0.249777 1.000000 0.000002 0.000001 0.000975
-0.405028 0.705061 0.249793 1.000000 0.000001 0.000002 0.000976
-0.405029 0.705060 0.249819 1.000000 0.000003 -0.000001 0.000976
-0.405029 0.705060 0.249841 1.000000 0.000003 -0.000000 0.000976
-0.405030 0.705062 0.249854 1.000000 -0.000002 -0.000002 0.000977
-0.405031 0.705062 0.249862 1.000000 -0.000000 -0.000004 0.000978
-0.405030 0.705059 0.249868 1.000000 0.000005 -0.000002 0.000979
-0.405028 0.705062 0.249865 1.000000 -0.000002 0.000001 0.000980
-0.405029 0.705061 0.249876 1.000000 0.000000 -0.000000 0.000981
-0.405029 0.705062 0.249880 1.000000 -0.000002 -0.000002 0.000982
-0.405029 0.705061 0.249883 1.000000 0.000001 -0.000001 0.000983
-0.405027 0.705062 0.249883 1.000000 -0.000002 0.000004 0.000984
-0.405030 0.705061 0.249886 1.000000 0.000000 -0.000003 0.000985
-0.405030 0.705062 0.249889 1.000000 -0.000001 -0.000002 0.000986
-0.405030 0.705061 0.249885 1.000000 0.000001 -0.000002 0.000986
-0.405029 0.705061 0.249874 1.000000 0.000000 -0.000000 0.000987
-0.405029 0.705062 0.249880 1.000000 -0.000000 -0.000001 0.000987
-0.405030 0.705062 0.249900 1.000000 -0.000000 -0.000003 0.000987
-0.405030 0.705060 0.249901 1.000000 0.000003 -0.000002 0.000987
-0.405027 0.705062 0.249863 1.000000 0.000000 0.000003 0.000989
-0.405028 0.705063 0.249853 1.000000 -0.000002 0.000001 0.000989
-0.405028 0.705062 0.249853 1.000000 0.000000 0.000000 0.000990
-0.405029 0.705062 0.249880 1.000000 -0.000001 -0.000001 0.000990
-0.405029 0.705061 0.249910 1.000000 0.000002 -0.000002 0.000990
-0.405030 0.705062 0.249933 1.000000 -0.000001 -0.000002 0.000990
-0.405029 0.705061 0.249942 1.000000 0.000001 -0.000001 0.000991
-0.405028 0.705062 0.249948 1.000000 -0.000001 0.000000 0.000991
-0.405030 0.705062 0.249947 1.000000 -0.000001 -0.000003 0.000991
-0.405030 0.705061 0.249943 1.000000 0.000001 -0.000002 0.000991
-0.405030 0.705061 0.249949 1.000000 0.000002 -0.000002 0.000992
-0.405030 0.705062 0.249953 1.000000 -0.000000 -0.000002 0.000992
-0.405029 0.705061 0.249951 1.000000 0.000002 -0.000002 0.000992
-0.405028 0.705062 0.249936 1.000000 0.000000 0.000002 0.000993
-0.405029 0.705063 0.249927 1.000000 -0.000003 -0.000001 0.000994
-0.405030 0.705062 0.249901 1.000000 0.000000 -0.000003 0.000995
-0.405029 0.705061 0.249904 1.000000 0.000002 -0.000002 0.000995
-0.405029 0.705063 0.249928 1.000000 -0.000002 -0.000002 0.000996
-0.405029 0.705062 0.249931 1.000000 0.000001 -0.000002 0.000997
-0.405030 0.705062 0.249929 1.000000 0.000000 -0.000003 0.000997
-0.405029 0.705062 0.249928 1.000000 0.000001 -0.000001 0.000998
-0.405027 0.705061 0.249932 1.000000 0.000001 0.000002 0.000998
-0.405028 0.705065 0.249920 1.000000 -0.000006 0.000000 0.000998
-0.405028 0.705061 0.249906 1.000000 0.000003 0.000001 0.000999
-0.405031 0.705062 0.249884 1.000000 -0.000001 -0.000006 0.000999
-0.405030 0.705062 0.249864 1.000000 0.000001 -0.000002 0.001000
-0.405028 0.705062 0.249867 0.999999 0.000000 0.000001 0.001000
-0.405029 0.705062 0.249888 0.999999 0.000001 -0.000001 0.001001
-0.405029 0.705062 0.249908 0.999999 -0.000000 -0.000001 0.001001
-0.405029 0.705062 0.249919 0.999999 -0.000000 -0.000001 0.001001
-0.405029 0.705061 0.249918 0.999999 0.000002 -0.000000 0.001002
-0.405029 0.705063 0.249923 0.999999 -0.000002 -0.000001 0.001003
-0.405028 0.705061 0.249927 0.999999 0.000003 0.000000 0.001003
-0.405029 0.705063 0.249902 0.999999 -0.000002 -0.000000 0.001005
-0.405029 0.705062 0.249906 0.999999 0.000001 -0.000001 0.001005
-0.405029 0.705061 0.249911 0.999999 0.000002 -0.000000 0.001006
-0.405029 0.705063 0.249913 0.999999 -0.000002 -0.000002 0.001006
-0.405029 0.705063 0.249905 0.999999 -0.000000 -0.000002 0.001008
-0.405029 0.705061 0.249914 0.999999 0.000002 -0.000001 0.001008
-0.405029 0.705064 0.249916 0.999999 -0.000004 -0.000001 0.001010
-0.405029 0.705064 0.249907 0.999999 -0.000002 -0.000001 0.001011
-0.405029 0.705062 0.249902 0.999999 0.000001 -0.000001 0.001012
-0.405028 0.705061 0.249909 0.999999 0.000003 -0.000000 0.001013
-0.405028 0.705063 0.249913 0.999999 -0.000001 -0.000000 0.001014
-0.405028 0.705064 0.249886 0.999999 -0.000002 -0.000001 0.001017
-0.405031 0.705064 0.249824 0.999999 -0.000002 -0.000006 0.001019
-0.405029 0.705063 0.249879 0.999999 -0.000000 -0.000002 0.001023
-0.405028 0.705064 0.249951 0.999999 -0.000001 -0.000001 0.001024
-0.405028 0.705063 0.249956 0.999999 0.000000 0.000000 0.001025
-0.405028 0.705063 0.249938 0.999999 -0.000000 -0.000001 0.001026
-0.405029 0.705063 0.249922 0.999999 0.000001 -0.000001 0.001028
-0.405028 0.705061 0.249930 0.999999 0.000004 -0.000000 0.001029
-0.405029 0.705062 0.249921 0.999999 0.000002 -0.000001 0.001030
-0.405027 0.705064 0.249928 0.999999 -0.000002 0.000003 0.001030
-0.405030 0.705063 0.249927 0.999999 -0.000000 -0.000003 0.001031
-0.405028 0.705063 0.249926 0.999999 0.000001 -0.000001 0.001031
-0.405028 0.705062 0.249929 0.999999 0.000003 -0.000001 0.001031
-0.405028 0.705063 0.249924 0.999999 0.000001 0.000001 0.001032
-0.405027 0.705064 0.249931 0.999999 -0.000000 0.000002 0.001032
-0.405029 0.705063 0.249956 0.999999 0.000001 -0.000002 0.001033
-0.405029 0.705065 0.249941 0.999999 -0.000003 -0.000002 0.001034
-0.405027 0.705064 0.249911 0.999999 -0.000001 0.000002 0.001035
-0.405028 0.705064 0.249943 0.999999 -0.000001 -0.000001 0.001037
-0.405029 0.705066 0.249877 0.999999 -0.000005 -0.000001 0.001039
-0.405028 0.705065 0.249915 0.999999 -0.000003 -0.000001 0.001041
-0.405028 0.705064 0.249936 0.999999 -0.000001 -0.000001 0.001043
-0.405028 0.705064 0.249935 0.999999 -0.000001 0.000000 0.001043
-0.405029 0.705064 0.249914 0.999999 0.000001 -0.000002 0.001044
-0.405030 0.705064 0.249917 0.999999 -0.000000 -0.000004 0.001044
-0.405029 0.705064 0.249929 0.999999 -0.000001 -0.000002 0.001045
-0.405029 0.705064 0.249935 0.999999 -0.000001 -0.000001 0.001045
-0.405028 0.705064 0.249914 0.999999 0.000000 0.000000 0.001047
-0.405029 0.705067 0.249886 0.999999 -0.000006 -0.000001 0.001048
-0.405025 0.705065 0.249829 0.999999 -0.000001 0.000006 0.001049
-0.405029 0.705067 0.249809 0.999999 -0.000005 -0.000002 0.001049
-0.405031 0.705064 0.249805 0.999999 0.000000 -0.000007 0.001051
-0.405028 0.705059 0.249803 0.999999 0.000009 -0.000001 0.001051
-0.405029 0.705061 0.249824 0.999999 0.000006 -0.000003 0.001052
-0.405029 0.705062 0.249825 0.999999 0.000005 -0.000002 0.001053
-0.405026 0.705065 0.249819 0.999999 -0.000003 0.000004 0.001054
-0.405028 0.705063 0.249827 0.999999 0.000003 -0.000000 0.001054
-0.405028 0.705066 0.249848 0.999999 -0.000004 0.000000 0.001056
-0.405028 0.705062 0.249856 0.999999 0.000003 -0.000000 0.001057
-0.405028 0.705063 0.249872 0.999999 0.000002 0.000000 0.001058
-0.405028 0.705063 0.249895 0.999999 0.000002 -0.000000 0.001058
-0.405029 0.705064 0.249935 0.999999 0.000001 -0.000001 0.001059
-0.405029 0.705063 0.249941 0.999999 0.000002 -0.000002 0.001059
-0.405029 0.705064 0.249952 0.999999 0.000001 -0.000001 0.001059
-0.405029 0.705064 0.249957 0.999999 0.000001 -0.000002 0.001060
-0.405028 0.705064 0.249960 0.999999 0.000001 -0.000000 0.001060
-0.405028 0.705066 0.249958 0.999999 -0.000003 -0.000000 0.001060
-0.405028 0.705064 0.249938 0.999999 0.000001 0.000000 0.001061
-0.405029 0.705063 0.249949 0.999999 0.000003 -0.000002 0.001062
-0.405029 0.705065 0.249953 0.999999 -0.000001 -0.000002 0.001063
-0.405027 0.705067 0.249885 0.999999 -0.000005 0.000002 0.001066
-0.405027 0.705064 0.249853 0.999999 0.000000 0.000002 0.001069
-0.405031 0.705061 0.249827 0.999999 0.000007 -0.000005 0.001071
-0.405030 0.705063 0.249832 0.999999 0.000003 -0.000004 0.001074
-0.405027 0.705066 0.249907 0.999999 -0.000002 0.000002 0.001077
-0.405028 0.705064 0.249898 0.999999 0.000002 -0.000000 0.001078
-0.405029 0.705064 0.249918 0.999999 0.000002 -0.000002 0.001080
-0.405029 0.705066 0.249895 0.999999 -0.000002 -0.000002 0.001083
-0.405028 0.705063 0.249893 0.999999 0.000003 0.000000 0.001087
-0.405030 0.705064 0.249866 0.999999 0.000002 -0.000004 0.001092
-0.405029 0.705065 0.249875 0.999999 0.000001 -0.000003 0.001094
-0.405029 0.705061 0.249868 0.999999 0.000008 -0.000003 0.001095
-0.405029 0.705058 0.249847 0.999999 0.000014 -0.000002 0.001095
-0.405030 0.705060 0.249844 0.999999 0.000010 -0.000004 0.001095
-0.405028 0.705061 0.249836 0.999999 0.000009 0.000000 0.001096
-0.405029 0.705067 0.249839 0.999999 -0.000003 -0.000002 0.001096
-0.405029 0.705064 0.249833 0.999999 0.000002 -0.000002 0.001098
-0.405029 0.705065 0.249838 0.999999 0.000002 -0.000001 0.001099
-0.405027 0.705065 0.249846 0.999999 0.000001 0.000002 0.001099
-0.405029 0.705065 0.249933 0.999999 0.000001 -0.000001 0.001101
-0.405029 0.705065 0.249938 0.999999 0.000001 -0.000002 0.001103
-0.405030 0.705065 0.249894 0.999999 0.000002 -0.000003 0.001105
-0.405029 0.705067 0.249862 0.999999 -0.000003 -0.000002 0.001107
-0.405029 0.705067 0.249826 0.999999 -0.000003 -0.000002 0.001112
-0.405029 0.705066 0.249910 0.999999 0.000001 -0.000002 0.001115
-0.405029 0.705066 0.249923 0.999999 0.000000 -0.000002 0.001116
-0.405029 0.705066 0.249923 0.999999 0.000001 -0.000002 0.001118
-0.405030 0.705066 0.249932 0.999999 0.000000 -0.000003 0.001120
-0.405028 0.705066 0.249887 0.999999 0.000000 -0.000001 0.001123
-0.405029 0.705068 0.249906 0.999999 -0.000004 -0.000002 0.001125
-0.405029 0.705066 0.249865 0.999999 0.000001 -0.000002 0.001128
-0.405027 0.705067 0.249934 0.999999 -0.000001 0.000002 0.001130
-0.405029 0.705065 0.249941 0.999999 0.000003 -0.000002 0.001131
-0.405029 0.705067 0.249953 0.999999 -0.000001 -0.000001 0.001132
-0.405029 0.705066 0.249934 0.999999 0.000001 -0.000002 0.001133
-0.405028 0.705070 0.249861 0.999999 -0.000006 -0.000001 0.001138
-0.405027 0.705071 0.249823 0.999999 -0.000009 0.000001 0.001141
-0.405029 0.705067 0.249860 0.999999 0.000001 -0.000003 0.001145
-0.405028 0.705066 0.249916 0.999999 0.000003 -0.000000 0.001147
-0.405028 0.705066 0.249892 0.999999 0.000003 -0.000000 0.001149
-0.405028 0.705067 0.249906 0.999999 0.000001 -0.000001 0.001151
-0.405029 0.705067 0.249954 0.999999 0.000000 -0.000002 0.001152
-0.405029 0.705068 0.249960 0.999999 -0.000000 -0.000002 0.001153
-0.405029 0.705067 0.249960 0.999999 0.000000 -0.000001 0.001153
-0.405029 0.705066 0.249958 0.999999 0.000003 -0.000001 0.001153
-0.405029 0.705068 0.249934 0.999999 -0.000001 -0.000002 0.001154
-0.405030 0.705067 0.249927 0.999999 0.000000 -0.000004 0.001155
-0.405028 0.705068 0.249848 0.999999 -0.000001 -0.000000 0.001158
-0.405028 0.705069 0.249834 0.999999 -0.000003 -0.000001 0.001161
-0.405028 0.705068 0.249821 0.999999 -0.000001 -0.000001 0.001165
-0.405028 0.705068 0.249895 0.999999 -0.000001 -0.000001 0.001167
-0.405028 0.705067 0.249957 0.999999 0.000002 -0.000001 0.001168
-0.405029 0.705066 0.249947 0.999999 0.000004 -0.000003 0.001169
-0.405029 0.705066 0.249908 0.999999 0.000003 -0.000002 0.001171
-0.405028 0.705068 0.249945 0.999999 0.000000 -0.000001 0.001172
-0.405027 0.705067 0.249947 0.999999 0.000001 0.000001 0.001173
-0.405028 0.705068 0.249950 0.999999 0.000001 0.000000 0.001173
-0.405028 0.705067 0.249925 0.999999 0.000002 -0.000002 0.001175
-0.405029 0.705067 0.249928 0.999999 0.000002 -0.000004 0.001176
-0.405025 0.705068 0.249850 0.999999 0.000001 0.000006 0.001180
-0.405027 0.705068 0.249872 0.999999 0.000001 0.000000 0.001182
-0.405028 0.705067 0.249927 0.999999 0.000004 -0.000001 0.001184
-0.405028 0.705068 0.249871 0.999999 0.000002 -0.000002 0.001186
-0.405030 0.705067 0.249850 0.999999 0.000003 -0.000005 0.001188
-0.405027 0.705070 0.249867 0.999999 -0.000002 0.000001 0.001190
-0.405028 0.705069 0.249929 0.999999 -0.000001 -0.000000 0.001191
-0.405029 0.705068 0.249931 0.999999 0.000002 -0.000002 0.001193
-0.405026 0.705069 0.249886 0.999999 -0.000001 0.000004 0.001195
-0.405029 0.705068 0.249823 0.999999 0.000001 -0.000002 0.001198
-0.405029 0.705070 0.249844 0.999999 -0.000001 -0.000003 0.001198
-0.405029 0.705070 0.249844 0.999999 -0.000002 -0.000002 0.001199
-0.405029 0.705069 0.249923 0.999999 0.000000 -0.000002 0.001202
-0.405028 0.705069 0.249948 0.999999 0.000001 -0.000001 0.001203
-0.405027 0.705070 0.249918 0.999999 -0.000002 0.000002 0.001204
-0.405029 0.705071 0.249823 0.999999 -0.000005 -0.000002 0.001207
-0.405028 0.705070 0.249883 0.999999 -0.000000 -0.000001 0.001210
-0.405027 0.705070 0.249951 0.999999 -0.000002 0.000001 0.001211
-0.405029 0.705069 0.249941 0.999999 0.000001 -0.000003 0.001212
-0.405029 0.705070 0.249952 0.999999 -0.000001 -0.000002 0.001213
-0.405028 0.705069 0.249956 0.999999 0.000001 -0.000000 0.001214
-0.405029 0.705072 0.249895 0.999999 -0.000005 -0.000002 0.001216
-0.405027 0.705070 0.249878 0.999999 -0.000001 0.000001 0.001219
-0.405028 0.705071 0.249894 0.999999 -0.000003 -0.000001 0.001221
-0.405029 0.705070 0.249881 0.999999 -0.000001 -0.000003 0.001224
-0.405028 0.705070 0.249873 0.999999 -0.000001 -0.000001 0.001225
-0.405028 0.705070 0.249864 0.999999 0.000001 -0.000002 0.001227
-0.405029 0.705070 0.249875 0.999999 0.000000 -0.000003 0.001227
-0.405028 0.705070 0.249913 0.999999 0.000000 -0.000001 0.001228
-0.405028 0.705071 0.249926 0.999999 -0.000001 -0.000002 0.001228
-0.405027 0.705069 0.249925 0.999999 0.000002 -0.000000 0.001230
-0.405028 0.705069 0.249913 0.999999 0.000002 -0.000001 0.001231
-0.405028 0.705069 0.249950 0.999999 0.000001 -0.000001 0.001233
-0.405027 0.705071 0.249945 0.999999 -0.000002 -0.000000 0.001233
-0.405027 0.705070 0.249937 0.999999 0.000001 -0.000000 0.001234
-0.405028 0.705070 0.249966 0.999999 0.000000 -0.000002 0.001235
-0.405028 0.705070 0.249949 0.999999 0.000000 -0.000002 0.001236
-0.405028 0.705070 0.249968 0.999999 0.000001 -0.000001 0.001236
-0.405028 0.705071 0.249952 0.999999 -0.000001 -0.000001 0.001237
-0.405028 0.705072 0.249854 0.999999 -0.000003 -0.000001 0.001239
-0.405027 0.705070 0.249890 0.999999 0.000000 0.000001 0.001242
-0.405027 0.705071 0.249915 0.999999 -0.000001 0.000001 0.001244
-0.405028 0.705069 0.249861 0.999999 0.000003 -0.000002 0.001246
-0.405027 0.705072 0.249859 0.999999 -0.000003 0.000000 0.001248
-0.405025 0.705070 0.249824 0.999999 0.000001 0.000006 0.001251
-0.405028 0.705074 0.249825 0.999999 -0.000006 0.000000 0.001252
-0.405029 0.705069 0.249848 0.999999 0.000003 -0.000002 0.001254
-0.405025 0.705068 0.249815 0.999999 0.000005 0.000007 0.001258
-0.405031 0.705073 0.249762 0.999999 -0.000004 -0.000007 0.001259
-0.405027 0.705072 0.249798 0.999999 -0.000002 0.000002 0.001261
-0.405029 0.705072 0.249910 0.999999 -0.000001 -0.000003 0.001263
-0.405027 0.705068 0.249864 0.999999 0.000006 0.000001 0.001266
-0.405027 0.705074 0.249819 0.999999 -0.000005 0.000001 0.001269
-0.405028 0.705071 0.249869 0.999999 0.000001 -0.000001 0.001271
-0.405028 0.705072 0.249930 0.999999 -0.000001 -0.000001 0.001272
-0.405028 0.705071 0.249905 0.999999 0.000001 -0.000000 0.001274
-0.405028 0.705071 0.249955 0.999999 0.000001 -0.000000 0.001274
-0.405028 0.705074 0.249927 0.999999 -0.000004 0.000001 0.001276
-0.405029 0.705073 0.249904 0.999999 -0.000003 -0.000002 0.001278
-0.405028 0.705070 0.249922 0.999999 0.000003 0.000000 0.001281
-0.405029 0.705072 0.249888 0.999999 -0.000001 -0.000003 0.001283
-0.405029 0.705071 0.249935 0.999999 0.000001 -0.000002 0.001285
-0.405028 0.705071 0.249947 0.999999 0.000002 -0.000001 0.001286
-0.405028 0.705071 0.249880 0.999999 0.000001 -0.000000 0.001289
-0.405028 0.705072 0.249869 0.999999 -0.000001 -0.000001 0.001293
-0.405028 0.705072 0.249946 0.999999 0.000001 -0.000001 0.001294
-0.405027 0.705073 0.249913 0.999999 -0.000002 0.000001 0.001296
-0.405026 0.705072 0.249843 0.999999 0.000000 0.000004 0.001298
-0.405028 0.705068 0.249804 0.999999 0.000008 -0.000001 0.001301
-0.405027 0.705073 0.249833 0.999999 -0.000002 0.000001 0.001303
-0.405028 0.705072 0.249864 0.999999 0.000001 -0.000002 0.001305
-0.405027 0.705072 0.249928 0.999999 0.000000 0.000000 0.001306
-0.405027 0.705074 0.249932 0.999999 -0.000003 0.000000 0.001308
-0.405028 0.705072 0.249940 0.999999 0.000001 -0.000000 0.001310
-0.405027 0.705073 0.249938 0.999999 -0.000000 0.000002 0.001312
-0.405028 0.705073 0.249961 0.999999 -0.000001 -0.000001 0.001313
-0.405029 0.705073 0.249911 0.999999 -0.000000 -0.000002 0.001315
-0.405029 0.705072 0.249890 0.999999 0.000002 -0.000003 0.001318
-0.405029 0.705071 0.249857 0.999999 0.000003 -0.000003 0.001321
-0.405029 0.705075 0.249845 0.999999 -0.000004 -0.000002 0.001322
-0.405030 0.705073 0.249794 0.999999 -0.000001 -0.000005 0.001324
-0.405025 0.705073 0.249813 0.999999 0.000001 0.000006 0.001328
-0.405030 0.705074 0.249833 0.999999 -0.000002 -0.000004 0.001330
-0.405026 0.705072 0.249804 0.999999 0.000002 0.000004 0.001332
-0.405027 0.705074 0.249844 0.999999 -0.000002 0.000001 0.001335
-0.405027 0.705072 0.249885 0.999999 0.000002 0.000000 0.001338
-0.405026 0.705075 0.249888 0.999999 -0.000003 0.000003 0.001340
-0.405029 0.705073 0.249910 0.999999 0.000001 -0.000002 0.001342
-0.405028 0.705072 0.249913 0.999999 0.000004 -0.000001 0.001344
-0.405026 0.705074 0.249897 0.999999 -0.000001 0.000002 0.001347
-0.405028 0.705074 0.249872 0.999999 -0.000001 -0.000001 0.001349
-0.405028 0.705074 0.249871 0.999999 0.000001 -0.000000 0.001351
-0.405027 0.705075 0.249875 0.999999 -0.000002 0.000001 0.001354
-0.405027 0.705072 0.249899 0.999999 0.000004 0.000001 0.001356
-0.405029 0.705074 0.249847 0.999999 0.000001 -0.000002 0.001360
-0.405027 0.705074 0.249872 0.999999 0.000000 0.000001 0.001364
-0.405028 0.705076 0.249906 0.999999 -0.000004 -0.000001 0.001366
-0.405029 0.705074 0.249879 0.999999 0.000001 -0.000003 0.001368
-0.405029 0.705077 0.249825 0.999999 -0.000004 -0.000004 0.001370
-0.405028 0.705075 0.249818 0.999999 -0.000000 -0.000001 0.001373
-0.405027 0.705074 0.249924 0.999999 0.000001 0.000002 0.001375
-0.405028 0.705077 0.249884 0.999999 -0.000004 -0.000001 0.001376
-0.405027 0.705074 0.249850 0.999999 0.000002 0.000000 0.001379
-0.405028 0.705074 0.249934 0.999999 0.000002 -0.000002 0.001381
-0.405025 0.705074 0.249876 0.999999 0.000003 0.000005 0.001383
-0.405028 0.705074 0.249862 0.999999 0.000002 -0.000002 0.001385
-0.405028 0.705074 0.249933 0.999999 0.000002 -0.000002 0.001386
-0.405027 0.705077 0.249875 0.999999 -0.000003 0.000001 0.001390
-0.405029 0.705074 0.249850 0.999999 0.000003 -0.000003 0.001392
-0.405027 0.705072 0.249821 0.999999 0.000007 0.000002 0.001393
-0.405026 0.705073 0.249806 0.999999 0.000005 0.000002 0.001395
-0.405028 0.705079 0.249773 0.999999 -0.000007 -0.000001 0.001397
-0.405030 0.705076 0.249802 0.999999 -0.000001 -0.000005 0.001399
-0.405027 0.705076 0.249878 0.999999 -0.000000 0.000001 0.001401
-0.405029 0.705075 0.249945 0.999999 0.000000 -0.000002 0.001401
-0.405028 0.705075 0.249903 0.999999 0.000002 -0.000001 0.001403
-0.405028 0.705075 0.249919 0.999999 0.000001 -0.000001 0.001406
-0.405028 0.705074 0.249909 0.999999 0.000004 -0.000001 0.001408
-0.405029 0.705077 0.249824 0.999999 -0.000002 -0.000004 0.001412
-0.405028 0.705076 0.249875 0.999999 -0.000000 -0.000001 0.001414
-0.405029 0.705078 0.249919 0.999999 -0.000003 -0.000003 0.001417
-0.405026 0.705078 0.249840 0.999999 -0.000004 0.000003 0.001419
-0.405026 0.705077 0.249828 0.999999 -0.000002 0.000002 0.001421
-0.405028 0.705077 0.249875 0.999999 -0.000002 -0.000002 0.001424
-0.405028 0.705076 0.249909 0.999999 0.000000 -0.000002 0.001426
-0.405028 0.705076 0.249799 0.999999 0.000001 -0.000003 0.001428
-0.405027 0.705076 0.249900 0.999999 0.000001 -0.000001 0.001432
-0.405026 0.705078 0.249882 0.999999 -0.000002 0.000002 0.001433
-0.405027 0.705077 0.249927 0.999999 0.000000 0.000001 0.001435
-0.405029 0.705078 0.249930 0.999999 -0.000003 -0.000003 0.001436
-0.405028 0.705078 0.249835 0.999999 -0.000003 -0.000003 0.001438
-0.405028 0.705076 0.249912 0.999999 0.000002 -0.000001 0.001440
-0.405027 0.705077 0.249950 0.999999 -0.000000 -0.000000 0.001441
-0.405028 0.705076 0.249935 0.999999 0.000001 -0.000002 0.001442
-0.405027 0.705074 0.249906 0.999999 0.000005 0.000000 0.001444
-0.405027 0.705079 0.249860 0.999999 -0.000004 0.000000 0.001447
-0.405027 0.705079 0.249865 0.999999 -0.000004 0.000000 0.001449
-0.405028 0.705077 0.249890 0.999999 0.000001 -0.000003 0.001452
-0.405027 0.705078 0.249910 0.999999 -0.000001 -0.000000 0.001454
-0.405025 0.705077 0.249869 0.999999 0.000001 0.000003 0.001455
-0.405027 0.705077 0.249926 0.999999 0.000002 -0.000000 0.001457
-0.405028 0.705078 0.249921 0.999999 -0.000002 -0.000002 0.001459
-0.405028 0.705079 0.249855 0.999999 -0.000002 -0.000002 0.001462
-0.405028 0.705078 0.249857 0.999999 0.000001 -0.000003 0.001462
-0.405027 0.705077 0.249874 0.999999 0.000002 -0.000000 0.001463
-0.405027 0.705078 0.249913 0.999999 -0.000001 -0.000000 0.001464
-0.405026 0.705079 0.249915 0.999999 -0.000002 0.000000 0.001464
-0.405026 0.705079 0.249944 0.999999 -0.000002 0.000000 0.001465
-0.405026 0.705079 0.249897 0.999999 -0.000002 0.000002 0.001468
-0.405027 0.705078 0.249900 0.999999 0.000001 -0.000001 0.001468
-0.405026 0.705077 0.249925 0.999999 0.000002 0.000000 0.001469
-0.405028 0.705077 0.249929 0.999999 0.000002 -0.000002 0.001469
-0.405027 0.705078 0.249925 0.999999 -0.000000 -0.000001 0.001470
-0.405025 0.705079 0.249922 0.999999 -0.000001 0.000003 0.001470
-0.405027 0.705077 0.249910 0.999999 0.000003 -0.000000 0.001472
-0.405026 0.705078 0.249898 0.999999 -0.000000 0.000002 0.001474
-0.405027 0.705080 0.249857 0.999999 -0.000003 -0.000000 0.001476
-0.405027 0.705076 0.249833 0.999999 0.000005 -0.000002 0.001479
-0.405026 0.705080 0.249787 0.999999 -0.000003 0.000001 0.001481
-0.405030 0.705076 0.249787 0.999999 0.000005 -0.000007 0.001485
-0.405025 0.705076 0.249786 0.999999 0.000005 0.000003 0.001488
-0.405026 0.705077 0.249776 0.999999 0.000004 0.000001 0.001490
-0.405026 0.705080 0.249800 0.999999 -0.000002 0.000001 0.001491
-0.405027 0.705078 0.249818 0.999999 0.000001 -0.000001 0.001492
-0.405027 0.705077 0.249847 0.999999 0.000003 -0.000001 0.001493
-0.405026 0.705079 0.249864 0.999999 0.000000 -0.000000 0.001493
-0.405026 0.705079 0.249896 0.999999 -0.000001 -0.000000 0.001495
-0.405026 0.705078 0.249910 0.999999 0.000002 -0.000000 0.001495
-0.405027 0.705080 0.249874 0.999999 -0.000002 -0.000002 0.001497
-0.405026 0.705078 0.249911 0.999999 0.000001 0.000001 0.001500
-0.405027 0.705079 0.249926 0.999999 -0.000000 -0.000002 0.001501
-0.405027 0.705077 0.249919 0.999999 0.000004 -0.000002 0.001501
-0.405025 0.705078 0.249887 0.999999 0.000001 0.000001 0.001502
-0.405026 0.705079 0.249893 0.999999 0.000000 -0.000001 0.001502
-0.405026 0.705080 0.249912 0.999999 -0.000001 0.000000 0.001503
-0.405027 0.705079 0.249934 0.999999 0.000000 -0.000002 0.001503
-0.405027 0.705078 0.249938 0.999999 0.000002 -0.000002 0.001503
-0.405027 0.705078 0.249944 0.999999 0.000002 -0.000002 0.001503
-0.405027 0.705079 0.249949 0.999999 0.000001 -0.000001 0.001504
-0.405027 0.705080 0.249943 0.999999 -0.000001 -0.000002 0.001504
-0.405026 0.705078 0.249933 0.999999 0.000002 -0.000001 0.001505
-0.405024 0.705080 0.249913 0.999999 -0.000002 0.000003 0.001505
-0.405026 0.705080 0.249884 0.999999 -0.000001 -0.000000 0.001506
-0.405025 0.705079 0.249854 0.999999 0.000001 0.000003 0.001507
-0.405026 0.705082 0.249842 0.999999 -0.000005 0.000001 0.001508
-0.405026 0.705076 0.249840 0.999999 0.000006 0.000000 0.001508
-0.405027 0.705076 0.249839 0.999999 0.000007 -0.000001 0.001508
-0.405027 0.705080 0.249839 0.999999 -0.000002 -0.000001 0.001508
-0.405026 0.705081 0.249844 0.999999 -0.000004 0.000002 0.001508
-0.405027 0.705079 0.249850 0.999999 0.000001 -0.000002 0.001509
-0.405027 0.705079 0.249872 0.999999 0.000001 -0.000002 0.001509
-0.405027 0.705079 0.249897 0.999999 0.000000 -0.000001 0.001509
-0.405026 0.705078 0.249911 0.999999 0.000002 0.000001 0.001510
-0.405026 0.705078 0.249902 0.999999 0.000004 0.000000 0.001510
-0.405026 0.705079 0.249890 0.999999 0.000001 0.000001 0.001511
-0.405028 0.705078 0.249877 0.999999 0.000003 -0.000002 0.001511
-0.405027 0.705080 0.249866 0.999999 -0.000001 -0.000001 0.001512
-0.405025 0.705080 0.249864 0.999999 -0.000002 0.000003 0.001512
-0.405027 0.705079 0.249882 0.999999 0.000002 -0.000002 0.001514
-0.405028 0.705078 0.249956 0.999999 0.000002 -0.000002 0.001515
-0.405029 0.705079 0.249929 0.999999 0.000000 -0.000004 0.001517
-0.405027 0.705079 0.249942 0.999999 0.000001 -0.000000 0.001518
-0.405027 0.705080 0.249957 0.999999 -0.000001 -0.000001 0.001520
-0.405026 0.705081 0.249908 0.999999 -0.000003 0.000001 0.001522
-0.405026 0.705083 0.249860 0.999999 -0.000006 0.000000 0.001524
-0.405026 0.705080 0.249881 0.999999 0.000000 0.000001 0.001528
-0.405026 0.705083 0.249890 0.999999 -0.000006 0.000002 0.001530
-0.405029 0.705081 0.249813 0.999999 -0.000002 -0.000005 0.001532
-0.405026 0.705080 0.249829 0.999999 0.000000 0.000000 0.001534
-0.405029 0.705081 0.249925 0.999999 -0.000001 -0.000005 0.001536
-0.405028 0.705079 0.249838 0.999999 0.000003 -0.000002 0.001538
-0.405025 0.705080 0.249852 0.999999 0.000001 0.000004 0.001541
-0.405027 0.705080 0.249875 0.999999 0.000001 -0.000001 0.001543
-0.405025 0.705080 0.249834 0.999999 0.000001 0.000003 0.001546
-0.405027 0.705079 0.249780 0.999999 0.000004 -0.000001 0.001548
-0.405027 0.705080 0.249887 0.999999 0.000001 -0.000000 0.001551
