-0.080727 0.886065 0.407064
-0.080785 0.885896 0.407087
-0.079795 0.885879 0.407156
-0.079488 0.885653 0.407208
-0.078355 0.885533 0.407305
-0.078040 0.885314 0.407358
-0.078815 0.884787 0.407377
-0.078782 0.883331 0.407671
-0.078580 0.883003 0.407755
-0.079258 0.882265 0.407831
-0.078668 0.880119 0.408307
-0.077580 0.878780 0.408645
-0.074996 0.877383 0.409056
-0.073845 0.876268 0.409307
-0.071462 0.875061 0.409631
-0.070776 0.874371 0.409772
-0.068145 0.872932 0.410122
-0.067854 0.872600 0.410185
-0.066107 0.871728 0.410394
-0.067283 0.869734 0.410585
-0.067264 0.869161 0.410675
-0.065646 0.867766 0.410968
-0.066544 0.866080 0.411127
-0.066658 0.865314 0.411231
-0.064529 0.862957 0.411660
-0.064984 0.861992 0.411743
-0.065491 0.860192 0.411948
-0.063764 0.858213 0.412275
-0.064160 0.857166 0.412364
-0.064567 0.855217 0.412574
-0.062180 0.852455 0.412974
-0.062605 0.851400 0.413053
-0.063012 0.850349 0.413144
-0.060663 0.846662 0.413579
-0.061150 0.845608 0.413649
-0.061605 0.844560 0.413731
-0.059898 0.841532 0.414033
-0.060832 0.839455 0.414172
-0.055386 0.829908 0.414986
-0.055400 0.829802 0.414992
-0.057366 0.826304 0.415212
-0.056619 0.825995 0.415208
-0.055701 0.825640 0.415191
-0.054186 0.824635 0.415172
-0.054697 0.824655 0.415190
-0.055114 0.824684 0.415204
-0.056223 0.824202 0.415232
-0.057369 0.823778 0.415272
-0.059070 0.822960 0.415334
-0.062247 0.820872 0.415558
-0.062349 0.819804 0.415620
-0.062756 0.819679 0.415639
-0.062780 0.819618 0.415643
-0.063105 0.819502 0.415662
-0.063208 0.819413 0.415672
-0.063610 0.819263 0.415702
-0.064690 0.818690 0.415752
-0.065647 0.818137 0.415810
-0.066344 0.817706 0.415862
-0.067741 0.816842 0.415946
-0.068852 0.816058 0.416031
-0.070231 0.814578 0.416198
-0.070081 0.813373 0.416285
-0.069615 0.812456 0.416325
-0.068989 0.811382 0.416371
-0.068673 0.810760 0.416400
-0.068386 0.810147 0.416433
-0.067980 0.809325 0.416482
-0.067696 0.808696 0.416522
-0.067430 0.808075 0.416563
-0.067226 0.807557 0.416597
-0.067012 0.807469 0.416597
-0.066658 0.807173 0.416601
-0.067506 0.806492 0.416654
-0.068298 0.805828 0.416716
-0.068554 0.805315 0.416755
-0.069548 0.804349 0.416833
-0.070383 0.803453 0.416912
-0.070602 0.802167 0.416990
-0.070490 0.801610 0.417012
-0.070162 0.801132 0.417018
-0.070782 0.800154 0.417076
-0.071369 0.799223 0.417140
-0.071312 0.797850 0.417194
-0.070181 0.795547 0.417203
-0.069222 0.794140 0.417157
-0.068859 0.793523 0.417136
-0.068592 0.792993 0.417126
-0.068324 0.792434 0.417121
-0.068153 0.792012 0.417124
-0.067993 0.791584 0.417130
-0.067795 0.791085 0.417139
-0.067655 0.790684 0.417148
-0.067474 0.790198 0.417160
-0.067305 0.789738 0.417172
-0.067281 0.789618 0.417176
-0.066912 0.789433 0.417160
-0.066682 0.789147 0.417153
-0.066048 0.788846 0.417119
-0.065933 0.788692 0.417114
-0.065451 0.788444 0.417086
-0.066268 0.787788 0.417142
-0.067055 0.787165 0.417204
-0.067332 0.786713 0.417232
-0.067399 0.786302 0.417243
-0.067010 0.785707 0.417217
-0.066830 0.785410 0.417202
-0.065982 0.784749 0.417127
-0.065805 0.784511 0.417110
-0.065221 0.784131 0.417057
-0.065014 0.783902 0.417038
-0.064181 0.783370 0.416962
-0.064018 0.783159 0.416947
-0.063262 0.782675 0.416880
-0.063114 0.782477 0.416867
-0.062583 0.782157 0.416822
-0.062015 0.781468 0.416774
-0.061707 0.780865 0.416754
-0.061425 0.780240 0.416744
-0.061208 0.779705 0.416741
-0.060989 0.779151 0.416742
-0.060870 0.778765 0.416747
-0.060704 0.778272 0.416753
-0.060576 0.777858 0.416760
-0.060440 0.777417 0.416767
-0.060220 0.776827 0.416776
-0.060197 0.776705 0.416778
-0.060430 0.776496 0.416806
-0.060501 0.776358 0.416819
-0.061539 0.775699 0.416903
-0.062619 0.775147 0.416996
-0.064307 0.774218 0.417138
-0.065634 0.773425 0.417258
-0.066548 0.772851 0.417342
-0.067638 0.771552 0.417439
-0.067474 0.770741 0.417399
-0.067219 0.770147 0.417359
-0.066968 0.769563 0.417332
-0.066803 0.769100 0.417323
-0.066681 0.768692 0.417322
-0.066511 0.768180 0.417323
-0.066314 0.767631 0.417326
-0.066173 0.767175 0.417330
-0.065997 0.766650 0.417335
-0.065863 0.766202 0.417340
-0.065754 0.765796 0.417345
-0.065593 0.765280 0.417350
-0.065434 0.764779 0.417355
-0.065312 0.764352 0.417360
-0.065143 0.763821 0.417365
-0.065016 0.763381 0.417370
-0.064842 0.762840 0.417375
-0.064712 0.762395 0.417379
-0.064575 0.761925 0.417384
-0.064430 0.761441 0.417389
-0.064281 0.760949 0.417394
-0.064089 0.760375 0.417398
-0.064028 0.760105 0.417401
-0.064133 0.759991 0.417414
-0.064245 0.759828 0.417431
-0.065314 0.759138 0.417530
-0.066413 0.758562 0.417638
-0.068124 0.757610 0.417802
-0.069477 0.756796 0.417940
-0.071000 0.755808 0.418094
-0.071521 0.755171 0.418143
-0.071902 0.754791 0.418169
-0.071961 0.754066 0.418147
-0.071840 0.753642 0.418126
-0.071702 0.753181 0.418112
-0.071516 0.752626 0.418103
-0.071344 0.752100 0.418099
-0.071218 0.751655 0.418099
-0.071084 0.751179 0.418100
-0.070903 0.750611 0.418101
-0.070734 0.750076 0.418103
-0.070610 0.749624 0.418105
-0.070477 0.749142 0.418108
-0.070297 0.748567 0.418109
-0.070129 0.748026 0.418111
-0.069969 0.747499 0.418112
-0.069885 0.747132 0.418115
-0.069988 0.747037 0.418128
-0.070163 0.746759 0.418156
-0.070328 0.746652 0.418178
-0.070571 0.746368 0.418218
-0.070754 0.746261 0.418244
-0.071919 0.745616 0.418369
-0.072962 0.745011 0.418489
-0.073728 0.744577 0.418578
-0.075234 0.743702 0.418743
-0.076469 0.742912 0.418890
-0.077337 0.742324 0.418994
-0.078200 0.741421 0.419106
-0.078682 0.740861 0.419166
-0.078794 0.740013 0.419190
-0.078537 0.739159 0.419178
-0.078317 0.738498 0.419173
-0.078038 0.737695 0.419173
-0.077776 0.736931 0.419179
-0.077582 0.736298 0.419186
-0.077325 0.735511 0.419197
-0.077077 0.734752 0.419208
-0.076837 0.734007 0.419219
-0.076554 0.733170 0.419232
-0.076342 0.732478 0.419243
-0.076173 0.731873 0.419253
-0.075935 0.731101 0.419265
-0.075749 0.730459 0.419275
-0.075497 0.729658 0.419287
-0.075251 0.728884 0.419299
-0.075013 0.728123 0.419311
-0.074780 0.727369 0.419322
-0.074549 0.726618 0.419334
-0.074370 0.725980 0.419344
-0.074124 0.725177 0.419357
-0.073881 0.724397 0.419368
-0.073696 0.723745 0.419379
-0.073500 0.723051 0.419390
-0.073293 0.722333 0.419401
-0.073021 0.721468 0.419414
-0.072818 0.720774 0.419425
-0.072668 0.720199 0.419435
-0.072479 0.720063 0.419423
-0.072167 0.719640 0.419404
-0.071918 0.719464 0.419384
-0.071523 0.718964 0.419354
-0.071245 0.718754 0.419330
-0.070644 0.717949 0.419282
-0.070374 0.717740 0.419259
-0.069946 0.717182 0.419223
-0.069655 0.716949 0.419197
-0.069197 0.716349 0.419156
-0.068895 0.716097 0.419129
-0.068240 0.715190 0.419071
-0.069108 0.714372 0.419164
-0.069933 0.713575 0.419262
-0.070272 0.712973 0.419307
-0.070417 0.711940 0.419331
-0.070244 0.711558 0.419313
-0.069711 0.710421 0.419250
-0.069432 0.710138 0.419217
-0.068975 0.709466 0.419161
-0.068670 0.709188 0.419126
-0.068004 0.708224 0.419048
-0.067719 0.707976 0.419016
-0.067270 0.707353 0.418966
-0.066974 0.707094 0.418934
-0.066510 0.706451 0.418884
-0.066210 0.706183 0.418852
-0.065739 0.705525 0.418802
-0.065436 0.705251 0.418770
-0.064963 0.704582 0.418720
-0.064660 0.704303 0.418689
-0.064186 0.703626 0.418640
-0.063882 0.703344 0.418609
-0.063409 0.702662 0.418560
-0.063106 0.702377 0.418529
-0.062634 0.701691 0.418480
-0.062332 0.701406 0.418449
-0.061862 0.700717 0.418401
-0.061561 0.700431 0.418370
-0.061093 0.699740 0.418322
-0.060794 0.699453 0.418292
-0.060153 0.698462 0.418227
-0.059881 0.698208 0.418200
-0.059298 0.697297 0.418142
-0.059039 0.697064 0.418115
-0.058487 0.696203 0.418060
-0.058237 0.695983 0.418034
-0.057704 0.695154 0.417981
-0.057459 0.694942 0.417955
-0.057080 0.694378 0.417916
-0.056818 0.694144 0.417888
-0.056414 0.693541 0.417845
-0.056143 0.693291 0.417816
-0.055572 0.692388 0.417756
-0.055320 0.692157 0.417729
-0.054930 0.691560 0.417688
-0.054665 0.691313 0.417660
-0.054257 0.690688 0.417616
-0.053986 0.690429 0.417587
-0.053415 0.689504 0.417526
-0.053165 0.689268 0.417500
-0.052779 0.688662 0.417459
-0.052516 0.688412 0.417430
-0.052113 0.687781 0.417387
-0.053015 0.686983 0.417481
-0.053872 0.686204 0.417581
-0.054257 0.685618 0.417626
-0.055465 0.684631 0.417755
-0.056506 0.683718 0.417873
-0.057002 0.683037 0.417924
-0.058271 0.681977 0.418058
-0.059345 0.681009 0.418177
-0.060095 0.679734 0.418235
-0.060209 0.679197 0.418228
-0.059981 0.678389 0.418155
-0.059864 0.677974 0.418119
-0.059409 0.677304 0.418023
-0.059241 0.676927 0.417986
-0.058552 0.676040 0.417861
-0.058414 0.675706 0.417835
-0.057961 0.675155 0.417764
-0.057804 0.674823 0.417739
-0.057333 0.674269 0.417673
-0.057171 0.673934 0.417650
-0.056521 0.673135 0.417565
-0.056395 0.672822 0.417549
-0.055968 0.672305 0.417497
-0.055822 0.671986 0.417480
-0.055372 0.671454 0.417426
-0.055220 0.671128 0.417409
-0.054762 0.670584 0.417355
-0.054607 0.670253 0.417338
-0.054148 0.669700 0.417285
-0.053993 0.669366 0.417268
-0.053534 0.668807 0.417215
-0.053378 0.668470 0.417199
-0.052920 0.667908 0.417146
-0.052766 0.667570 0.417130
-0.052310 0.667006 0.417078
-0.052156 0.666667 0.417061
-0.051535 0.665860 0.416991
-0.051419 0.665546 0.416979
-0.051012 0.665027 0.416934
-0.050876 0.664708 0.416920
-0.050448 0.664177 0.416871
-0.050305 0.663852 0.416856
-0.049870 0.663311 0.416807
-0.049725 0.662982 0.416791
-0.049497 0.662692 0.416765
-0.050343 0.661926 0.416872
-0.051173 0.661168 0.416984
-0.051564 0.660601 0.417037
-0.052795 0.659651 0.417193
-0.053866 0.658770 0.417335
-0.054408 0.658123 0.417403
-0.055730 0.657115 0.417569
-0.056856 0.656193 0.417715
-0.057434 0.655519 0.417782
-0.057749 0.654913 0.417809
-0.057777 0.654051 0.417774
-0.057740 0.653629 0.417748
-0.057414 0.652973 0.417666
-0.056936 0.651549 0.417545
-0.056732 0.650621 0.417507
-0.056581 0.649771 0.417496
-0.056418 0.648830 0.417498
-0.056315 0.648110 0.417507
-0.056300 0.647888 0.417510
-0.056454 0.647492 0.417545
-0.056505 0.647249 0.417561
-0.056730 0.646833 0.417610
-0.056799 0.646585 0.417629
-0.057043 0.646167 0.417684
-0.057117 0.645919 0.417706
-0.058195 0.645182 0.417870
-0.059271 0.644550 0.418042
-0.061014 0.643586 0.418308
-0.062428 0.642736 0.418532
-0.063422 0.642121 0.418686
-0.064501 0.641200 0.418847
-0.064850 0.640894 0.418893
-0.065385 0.639937 0.418951
-0.065377 0.639072 0.418933
-0.065307 0.638402 0.418923
-0.065197 0.637583 0.418919
-0.065120 0.636913 0.418922
-0.065040 0.636206 0.418929
-0.064957 0.635480 0.418937
-0.064841 0.634621 0.418947
-0.064734 0.633821 0.418957
-0.064725 0.633621 0.418960
-0.064495 0.633311 0.418937
-0.064424 0.633078 0.418930
-0.064117 0.632704 0.418894
-0.064022 0.632442 0.418883
-0.063847 0.632217 0.418862
-0.064712 0.631486 0.419000
-0.065558 0.630753 0.419142
-0.065986 0.630225 0.419218
-0.067231 0.629294 0.419418
-0.068317 0.628429 0.419598
-0.068898 0.627815 0.419695
-0.070235 0.626823 0.419909
-0.071378 0.625915 0.420097
-0.072344 0.624812 0.420243
-0.072562 0.624360 0.420265
-0.072554 0.623733 0.420234
-0.072529 0.623398 0.420214
-0.072267 0.622889 0.420144
-0.072179 0.622581 0.420118
-0.071851 0.622098 0.420048
-0.071466 0.620917 0.419966
-0.071297 0.619961 0.419947
-0.071218 0.619242 0.419950
-0.071150 0.618514 0.419959
-0.071111 0.617924 0.419971
-0.071180 0.617766 0.419986
-0.071309 0.617327 0.420020
-0.071422 0.617145 0.420044
-0.071598 0.616681 0.420088
-0.071722 0.616491 0.420115
-0.071910 0.616019 0.420164
-0.072037 0.615827 0.420192
-0.072227 0.615352 0.420242
-0.072355 0.615159 0.420271
-0.072546 0.614682 0.420322
-0.072673 0.614489 0.420351
-0.072864 0.614011 0.420402
-0.072991 0.613817 0.420431
-0.073181 0.613338 0.420482
-0.073308 0.613144 0.420511
-0.073498 0.612665 0.420562
-0.073624 0.612470 0.420591
-0.073814 0.611990 0.420642
-0.073940 0.611795 0.420671
-0.074059 0.611535 0.420700
-0.074341 0.611107 0.420764
-0.074431 0.610857 0.420790
-0.074574 0.610622 0.420822
-0.075683 0.609882 0.421023
-0.076692 0.609160 0.421216
-0.077919 0.608261 0.421450
-0.078248 0.607901 0.421514
-0.078751 0.607378 0.421605
-0.078898 0.607109 0.421632
-0.079206 0.606678 0.421686
-0.079303 0.606429 0.421705
-0.079558 0.606015 0.421752
-0.079641 0.605770 0.421770
-0.079880 0.605356 0.421818
-0.079959 0.605109 0.421838
-0.080092 0.604876 0.421864
-0.080213 0.604584 0.421891
-0.080488 0.604111 0.421951
-0.080575 0.603844 0.421975
-0.080814 0.603400 0.422031
-0.080892 0.603141 0.422054
-0.081122 0.602705 0.422109
-0.081198 0.602449 0.422132
-0.081425 0.602017 0.422187
-0.081501 0.601762 0.422210
-0.081728 0.601332 0.422266
-0.081803 0.601078 0.422289
-0.082029 0.600648 0.422344
-0.082104 0.600393 0.422367
-0.082331 0.599964 0.422423
-0.082406 0.599709 0.422446
-0.082631 0.599280 0.422502
-0.082706 0.599025 0.422526
-0.082931 0.598595 0.422582
-0.083006 0.598340 0.422605
-0.083230 0.597910 0.422661
-0.083305 0.597655 0.422685
-0.083528 0.597224 0.422741
-0.083603 0.596969 0.422764
-0.083730 0.596728 0.422794
-0.084052 0.596450 0.422047
-0.084309 0.596124 0.421436
-0.084682 0.595777 0.420273
-0.085028 0.595490 0.419404
-0.085473 0.595197 0.418079
-0.085803 0.594875 0.417099
-0.086088 0.594617 0.416489
-0.086489 0.594333 0.415328
-0.086793 0.594017 0.414454
-0.087063 0.593762 0.413910
-0.087446 0.593474 0.412792
-0.087738 0.593155 0.411943
-0.088102 0.592806 0.410622
-0.088437 0.592529 0.409653
-0.088970 0.591766 0.408250
-0.089043 0.591159 0.408017
-0.089054 0.590958 0.407997
-0.089016 0.590630 0.407876
-0.089008 0.590398 0.407835
-0.088940 0.590021 0.407683
-0.088920 0.589770 0.407630
-0.088784 0.589210 0.407400
-0.088759 0.588972 0.407352
-0.088667 0.588583 0.407187
-0.088639 0.588327 0.407129
-0.088540 0.587912 0.406950
-0.088508 0.587645 0.406888
-0.088402 0.587215 0.406703
-0.088367 0.586942 0.406639
-0.088315 0.586701 0.406538
-0.089223 0.585926 0.406569
-0.090081 0.585165 0.406624
-0.090610 0.584626 0.406598
-0.091888 0.583670 0.406678
-0.092983 0.582802 0.406762
-0.094634 0.581615 0.406926
-0.095935 0.580714 0.407014
-0.096780 0.580024 0.407044
-0.098258 0.578949 0.407173
-0.099444 0.578124 0.407235
-0.100704 0.577051 0.407225
-0.100988 0.576765 0.407138
-0.101276 0.576232 0.406965
-0.101310 0.576067 0.406838
-0.101326 0.575636 0.406630
-0.101289 0.575486 0.406498
-0.101227 0.575055 0.406292
-0.101168 0.574897 0.406164
-0.101082 0.574446 0.405968
-0.101016 0.574278 0.405845
-0.100922 0.573808 0.405659
-0.100854 0.573633 0.405541
-0.100758 0.573150 0.405364
-0.100689 0.572968 0.405249
-0.100591 0.572475 0.405078
-0.100522 0.572290 0.404966
-0.100372 0.571600 0.404740
-0.100303 0.571445 0.404641
-0.100212 0.570990 0.404491
-0.100147 0.570818 0.404387
-0.100059 0.570338 0.404234
-0.099994 0.570156 0.404130
-0.099905 0.569662 0.403977
-0.099839 0.569476 0.403873
-0.099748 0.568973 0.403720
-0.099682 0.568784 0.403616
-0.099590 0.568277 0.403464
-0.099523 0.568085 0.403361
-0.099478 0.567814 0.403275
-0.100357 0.566972 0.403348
-0.101145 0.566270 0.403389
-0.101658 0.565689 0.403396
-0.102894 0.564659 0.403528
-0.103912 0.563848 0.403605
-0.104574 0.563211 0.403631
-0.105899 0.562149 0.403776
-0.106972 0.561325 0.403858
-0.108109 0.560252 0.403875
-0.108358 0.559968 0.403795
-0.108638 0.559274 0.403556
-0.108625 0.559160 0.403435
-0.108589 0.558793 0.403236
-0.108535 0.558666 0.403106
-0.108453 0.558268 0.402902
-0.108385 0.558124 0.402774
-0.108286 0.557696 0.402576
-0.108213 0.557540 0.402451
-0.108107 0.557090 0.402259
-0.108033 0.556925 0.402137
-0.107867 0.556286 0.401883
-0.107792 0.556148 0.401774
-0.108610 0.555415 0.401831
-0.109387 0.554681 0.401912
-0.110762 0.553547 0.402101
-0.111854 0.552680 0.402211
-0.112559 0.552019 0.402246
-0.113213 0.551296 0.402095
-0.113360 0.551004 0.402000
-0.113405 0.550646 0.401700
-0.113354 0.550262 0.401439
-0.113278 0.550140 0.401268
-0.114058 0.549418 0.401272
-0.114790 0.548699 0.401303
-0.115219 0.548220 0.401230
-0.115611 0.547504 0.401017
-0.115640 0.547312 0.400845
-0.115595 0.546884 0.400522
-0.115510 0.546757 0.400321
-0.115340 0.546388 0.399970
-0.115222 0.546271 0.399764
-0.115017 0.545903 0.399411
-0.114889 0.545783 0.399208
-0.114674 0.545406 0.398861
-0.114414 0.545189 0.398478
-0.114312 0.545007 0.398319
-0.114192 0.544853 0.398124
-0.114916 0.544103 0.398118
-0.115597 0.543363 0.398143
-0.116184 0.542559 0.397948
-0.116292 0.542251 0.397824
-0.116255 0.541892 0.397458
-0.116201 0.541689 0.397289
-0.115986 0.541427 0.396875
-0.115885 0.541241 0.396695
-0.115756 0.541093 0.396477
-0.116449 0.540350 0.396453
-0.117095 0.539622 0.396461
-0.118293 0.538497 0.396594
-0.119258 0.537535 0.396699
-0.120101 0.536558 0.396537
-0.120251 0.536239 0.396393
-0.120205 0.535927 0.395945
-0.120122 0.535766 0.395725
-0.119821 0.535604 0.395195
-0.120448 0.534941 0.395142
-0.121023 0.534288 0.395115
-0.121308 0.533888 0.394967
-0.122198 0.533019 0.394970
-0.122926 0.532251 0.394968
-0.123440 0.531563 0.394615
-0.123464 0.531357 0.394384
-0.123204 0.531240 0.393768
-0.123024 0.531164 0.393468
-0.122536 0.531163 0.392782
-0.122296 0.531105 0.392467
-0.121740 0.531106 0.391773
-0.121482 0.531042 0.391462
-0.120908 0.531022 0.390780
-0.120645 0.530946 0.390478
-0.120067 0.530904 0.389814
-0.119806 0.530817 0.389521
-0.119231 0.530755 0.388878
-0.118973 0.530659 0.388595
-0.118404 0.530579 0.387971
-0.118149 0.530475 0.387698
-0.117316 0.530385 0.386825
-0.117076 0.530298 0.386580
-0.116541 0.530221 0.386020
-0.116302 0.530114 0.385775
-0.115772 0.530006 0.385222
-0.115537 0.529887 0.384982
-0.115014 0.529757 0.384441
-0.114784 0.529627 0.384209
-0.114269 0.529480 0.383681
-0.114043 0.529342 0.383456
-0.113538 0.529180 0.382943
-0.113317 0.529036 0.382725
-0.112822 0.528861 0.382225
-0.112607 0.528710 0.382014
-0.113110 0.527960 0.382020
-0.113507 0.527373 0.381988
-0.114363 0.526410 0.382081
-0.115013 0.525610 0.382146
-0.115286 0.525155 0.382033
-0.115270 0.524645 0.381628
-0.115061 0.524596 0.381323
-0.114810 0.524511 0.381014
-0.115198 0.523846 0.380922
-0.115508 0.523239 0.380850
-0.115529 0.522911 0.380629
-0.116034 0.522140 0.380567
-0.116383 0.521496 0.380494
-0.116397 0.521175 0.380251
-0.116843 0.520433 0.380157
-0.117114 0.519837 0.380043
-0.117039 0.519573 0.379750
-0.117370 0.518891 0.379609
-0.117522 0.518357 0.379445
-0.117329 0.518158 0.379099
-0.117520 0.517538 0.378909
-0.117534 0.517068 0.378697
-0.117817 0.516274 0.378599
-0.117845 0.515715 0.378434
-0.118075 0.514884 0.378360
-0.117969 0.514447 0.378127
-0.117515 0.514294 0.377738
-0.117358 0.513736 0.377509
-0.116950 0.513491 0.377165
-0.116255 0.513475 0.376694
-0.115872 0.513017 0.376413
-0.115323 0.512728 0.376104
-0.114460 0.512781 0.375604
-0.113893 0.512397 0.375300
-0.109896 0.513043 0.373517
-0.104886 0.514923 0.371519
-0.100188 0.516598 0.369968
-0.095114 0.518240 0.368673
-0.091725 0.519176 0.368026
-0.088255 0.519989 0.367541
-0.086025 0.520367 0.367325
-0.084207 0.520519 0.367203
-0.082742 0.520494 0.367143
-0.081575 0.520326 0.367121
-0.080461 0.520021 0.367128
-0.079656 0.519635 0.367154
-0.079187 0.519216 0.367181
-0.078836 0.518699 0.367210
-0.078586 0.518117 0.367240
-0.078388 0.517392 0.367282
-0.078367 0.517201 0.367291
-0.079120 0.515740 0.367874
-0.079311 0.515249 0.368037
-0.080167 0.513575 0.368734
-0.080333 0.513078 0.368902
-0.081058 0.511474 0.369572
-0.081150 0.511033 0.369716
-0.081707 0.509544 0.370340
-0.081722 0.509161 0.370461
-0.082123 0.507778 0.371048
-0.082073 0.507445 0.371152
-0.082341 0.506149 0.371716
-0.082237 0.505857 0.371809
-0.082104 0.505761 0.371838
-0.081674 0.505715 0.371757
-0.081330 0.505934 0.371657
-0.081146 0.505974 0.371596
-0.080954 0.506107 0.371530
-0.080853 0.506087 0.371493
-0.080826 0.506097 0.371478
-0.080804 0.506018 0.371466
-0.080924 0.505914 0.371495
-0.080970 0.505782 0.371502
-0.081216 0.505583 0.371564
-0.081319 0.505408 0.371585
-0.081669 0.505131 0.371672
-0.081948 0.504731 0.371726
-0.082361 0.504448 0.371823
-0.082543 0.504227 0.371860
-0.083040 0.503857 0.371977
-0.083259 0.503603 0.372022
-0.083818 0.503178 0.372151
-0.084065 0.502900 0.372201
-0.084675 0.502434 0.372340
-0.084945 0.502138 0.372395
-0.085596 0.501640 0.372542
-0.085886 0.501329 0.372600
-0.086571 0.500804 0.372755
-0.086877 0.500482 0.372817
-0.087592 0.499935 0.372978
-0.088062 0.499535 0.372526
-0.088508 0.499096 0.372175
-0.088984 0.498748 0.372025
-0.089571 0.498298 0.371460
-0.090112 0.497838 0.371061
-0.090668 0.497481 0.370903
-0.091314 0.497030 0.370347
-0.091906 0.496569 0.369969
-0.092549 0.496032 0.369272
-0.093137 0.495515 0.368816
-0.093770 0.494941 0.368076
-0.094436 0.494509 0.367633
-0.095153 0.494025 0.366920
-0.095808 0.493553 0.366473
-0.096485 0.493016 0.365746
-0.097108 0.492502 0.365292
-0.097746 0.492113 0.365148
-0.098424 0.491635 0.364612
-0.099051 0.491150 0.364274
-0.099696 0.490772 0.364200
-0.100372 0.490294 0.363695
-0.100999 0.489803 0.363371
-0.101649 0.489417 0.363299
-0.102791 0.488644 0.363491
-0.103360 0.488338 0.363683
-0.104367 0.487607 0.364089
-0.104880 0.487296 0.364307
-0.105799 0.486542 0.364694
-0.106278 0.486219 0.364888
-0.107145 0.485444 0.365220
-0.107605 0.485113 0.365386
-0.108446 0.484328 0.365671
-0.108896 0.483993 0.365816
-0.109724 0.483202 0.366066
-0.110169 0.482866 0.366197
-0.110994 0.482073 0.366424
-0.111438 0.481736 0.366547
-0.112623 0.480611 0.366843
-0.113041 0.480309 0.366950
-0.113827 0.479565 0.367138
-0.114255 0.479245 0.367246
-0.115057 0.478478 0.367437
-0.115490 0.478150 0.367546
-0.116301 0.477371 0.367739
-0.116738 0.477039 0.367849
-0.117556 0.476251 0.368045
-0.117997 0.475914 0.368156
-0.118822 0.475119 0.368356
-0.119264 0.474779 0.368469
-0.120095 0.473976 0.368673
-0.120540 0.473632 0.368789
-0.121375 0.472822 0.368998
-0.121821 0.472476 0.369116
-0.122661 0.471659 0.369330
-0.123109 0.471309 0.369451
-0.123952 0.470485 0.369671
-0.124401 0.470132 0.369795
-0.125246 0.469302 0.370022
-0.125696 0.468946 0.370148
-0.126544 0.468109 0.370381
-0.126994 0.467750 0.370511
-0.127844 0.466907 0.370749
-0.128295 0.466545 0.370882
-0.129146 0.465695 0.371127
-0.129596 0.465330 0.371263
-0.130448 0.464474 0.371514
-0.130899 0.464105 0.371653
-0.131752 0.463244 0.371911
-0.132202 0.462872 0.372053
-0.133054 0.462004 0.372317
-0.133504 0.461629 0.372462
-0.134357 0.460754 0.372732
-0.134806 0.460377 0.372881
-0.136041 0.459125 0.373277
-0.137967 0.457679 0.373897
-0.139732 0.456598 0.374466
-0.141072 0.455868 0.374910
-0.142369 0.455216 0.375351
-0.143621 0.454619 0.375785
-0.145086 0.453931 0.376298
-0.146203 0.453411 0.376701
-0.147533 0.452799 0.377187
-0.148779 0.452218 0.377650
-0.149964 0.451664 0.378100
-0.151100 0.451134 0.378539
-0.152004 0.450721 0.378898
-0.153113 0.450221 0.379342
-0.154179 0.449733 0.379773
-0.155032 0.449345 0.380125
-0.156084 0.448872 0.380562
-0.156923 0.448493 0.380915
-0.157153 0.448394 0.381015
-0.157397 0.448109 0.380381
-0.157987 0.447700 0.379605
-0.158280 0.447392 0.378728
-0.159637 0.446798 0.377457
-0.161241 0.446381 0.377824
-0.162630 0.445862 0.378404
-0.163656 0.445404 0.378849
-0.164857 0.444827 0.379361
-0.165781 0.444369 0.379749
-0.166892 0.443813 0.380207
-0.167763 0.443377 0.380565
-0.168639 0.442949 0.380924
-0.169698 0.442429 0.381352
-0.170533 0.442016 0.381690
-0.171378 0.441608 0.382032
-0.172403 0.441109 0.382443
-0.173215 0.440709 0.382769
-0.174212 0.440220 0.383166
-0.175174 0.439735 0.383548
-0.176114 0.439256 0.383919
-0.176875 0.438877 0.384221
-0.177821 0.438414 0.384591
-0.178742 0.437956 0.384949
-0.179489 0.437590 0.385239
-0.180417 0.437141 0.385596
-0.181165 0.436782 0.385882
-0.181930 0.436426 0.386172
-0.182871 0.435987 0.386523
-0.183623 0.435632 0.386802
-0.184391 0.435279 0.387084
-0.185333 0.434842 0.387423
-0.186087 0.434490 0.387692
-0.186857 0.434140 0.387964
-0.187635 0.433794 0.388235
-0.188587 0.433363 0.388557
-0.189346 0.433015 0.388812
-0.190121 0.432671 0.389068
-0.191070 0.432246 0.389372
-0.191992 0.431819 0.389660
-0.192899 0.431393 0.389938
-0.193638 0.431057 0.390160
-0.194562 0.430649 0.390429
-0.195307 0.430325 0.390642
-0.196073 0.430009 0.390854
-0.197016 0.429622 0.391105
-0.197773 0.429311 0.391301
-0.198713 0.428930 0.391534
-0.199470 0.428625 0.391716
-0.200247 0.428330 0.391897
-0.200460 0.428258 0.391947
-0.200557 0.428308 0.391960
-0.200674 0.428372 0.391986
-0.200719 0.428670 0.391984
-0.201143 0.428870 0.392096
-0.201820 0.428821 0.392268
-0.202251 0.428761 0.392376
-0.202267 0.428860 0.392366
-0.202375 0.429047 0.392383
-0.202342 0.429220 0.392359
-0.202479 0.429660 0.392375
-0.202853 0.429795 0.392460
-0.203373 0.429870 0.392573
-0.203808 0.429908 0.392667
-0.204268 0.429948 0.392766
-0.204403 0.429959 0.392795
-0.204635 0.429727 0.392851
-0.204774 0.429649 0.392886
-0.205008 0.429298 0.392949
-0.205147 0.429178 0.392987
-0.205379 0.428765 0.393054
-0.205518 0.428622 0.393094
-0.205643 0.428382 0.393131
-0.205799 0.428178 0.393176
-0.206053 0.427650 0.393254
-0.206201 0.427467 0.393297
-0.206449 0.426957 0.393372
-0.206595 0.426776 0.393414
-0.206844 0.426266 0.393488
-0.206991 0.426083 0.393530
-0.207242 0.425569 0.393603
-0.207391 0.425385 0.393644
-0.207645 0.424868 0.393717
-0.207795 0.424683 0.393758
-0.208050 0.424164 0.393830
-0.208201 0.423978 0.393870
-0.208457 0.423459 0.393941
-0.208609 0.423274 0.393980
-0.208866 0.422757 0.394049
-0.209017 0.422573 0.394088
-0.209274 0.422057 0.394156
-0.209425 0.421874 0.394194
-0.209681 0.421362 0.394260
-0.209832 0.421181 0.394297
-0.210086 0.420672 0.394361
-0.210236 0.420494 0.394397
-0.210489 0.419989 0.394460
-0.210638 0.419813 0.394494
-0.210888 0.419314 0.394555
-0.211037 0.419140 0.394588
-0.211285 0.418646 0.394647
-0.211432 0.418475 0.394680
-0.211677 0.417986 0.394736
-0.211823 0.417818 0.394767
-0.212065 0.417335 0.394822
-0.212209 0.417170 0.394852
-0.212448 0.416693 0.394905
-0.212591 0.416531 0.394934
-0.212827 0.416060 0.394984
-0.212969 0.415901 0.395012
-0.213201 0.415436 0.395061
-0.213341 0.415281 0.395088
-0.213571 0.414822 0.395134
-0.213709 0.414669 0.395160
-0.213936 0.414216 0.395205
-0.214073 0.414067 0.395230
-0.214296 0.413619 0.395272
-0.214431 0.413473 0.395296
-0.214651 0.413032 0.395337
-0.214786 0.412888 0.395360
-0.215002 0.412453 0.395399
-0.215135 0.412312 0.395421
-0.215349 0.411883 0.395459
-0.215481 0.411745 0.395480
-0.215692 0.411321 0.395515
-0.215822 0.411186 0.395535
-0.216031 0.410767 0.395570
-0.216160 0.410635 0.395589
-0.216365 0.410221 0.395621
-0.216493 0.410091 0.395640
-0.216697 0.409683 0.395671
-0.216823 0.409556 0.395688
-0.217024 0.409152 0.395718
-0.217150 0.409027 0.395735
-0.217349 0.408628 0.395763
-0.217474 0.408506 0.395779
-0.217748 0.407980 0.395814
-0.217863 0.407893 0.395827
-0.218046 0.407542 0.395850
-0.218165 0.407436 0.395863
-0.218351 0.407065 0.395886
-0.218471 0.406955 0.395900
-0.218658 0.406580 0.395923
-0.218777 0.406469 0.395936
-0.219100 0.405883 0.395968
-0.219264 0.405210 0.395984
-0.219289 0.404620 0.395995
-0.219229 0.403890 0.396011
-0.219136 0.403271 0.396025
-0.218977 0.402522 0.396044
-0.218829 0.401895 0.396059
-0.218657 0.401234 0.396077
-0.218606 0.401015 0.396083
-0.218603 0.400706 0.396102
-0.218586 0.400481 0.396111
-0.218637 0.400176 0.396135
-0.218642 0.399957 0.396144
-0.218729 0.399666 0.396168
-0.218750 0.399453 0.396177
-0.218864 0.399175 0.396200
-0.218896 0.398968 0.396209
-0.219029 0.398700 0.396230
-0.219070 0.398498 0.396239
-0.219335 0.398117 0.396268
-0.219682 0.398100 0.396282
-0.220098 0.398213 0.396288
-0.220560 0.398388 0.396290
-0.221150 0.398642 0.396286
-0.221729 0.398902 0.396279
-0.222208 0.399117 0.396273
-0.222714 0.399349 0.396267
-0.224430 0.400075 0.396170
-0.224663 0.400172 0.396175
-0.224965 0.400312 0.396177
-0.225353 0.400498 0.396173
-0.225886 0.400762 0.396160
-0.226437 0.401030 0.396141
-0.227004 0.401299 0.396119
-0.227488 0.401522 0.396100
-0.228011 0.401762 0.396079
-0.228562 0.402014 0.396054
-0.228720 0.402084 0.396048
-0.228883 0.401913 0.395127
-0.229301 0.401795 0.393866
-0.229497 0.401599 0.392636
-0.229740 0.401496 0.391670
-0.230206 0.401150 0.388977
-0.230487 0.401175 0.388240
-0.230994 0.400975 0.385781
-0.231295 0.401042 0.385100
-0.231817 0.400898 0.382696
-0.233240 0.401620 0.381001
-0.234226 0.402225 0.380773
-0.235260 0.402805 0.380654
-0.235990 0.403171 0.380586
-0.236824 0.403564 0.380504
-0.237001 0.403641 0.380490
-0.237319 0.403790 0.380364
-0.237511 0.403874 0.380322
-0.237860 0.404036 0.380163
-0.238068 0.404126 0.380112
-0.238443 0.404300 0.379940
-0.238664 0.404394 0.379884
-0.239062 0.404576 0.379705
-0.239293 0.404673 0.379646
-0.239511 0.404770 0.379546
-0.239767 0.404877 0.379464
-0.240230 0.405083 0.379250
-0.240490 0.405192 0.379179
-0.240962 0.405398 0.378975
-0.241226 0.405507 0.378905
-0.241705 0.405712 0.378700
-0.241974 0.405820 0.378629
-0.242461 0.406024 0.378421
-0.242733 0.406131 0.378347
-0.243228 0.406334 0.378134
-0.243504 0.406441 0.378059
-0.244007 0.406645 0.377841
-0.245024 0.407034 0.377588
-0.246161 0.407454 0.377372
-0.247000 0.407752 0.377225
-0.247981 0.408101 0.377049
-0.248737 0.408365 0.376918
-0.249790 0.408740 0.376723
-0.250471 0.408975 0.376604
-0.251326 0.409275 0.376451
-0.252019 0.409515 0.376329
-0.252885 0.409819 0.376171
-0.253725 0.410112 0.376014
-0.254414 0.410347 0.375889
-0.255283 0.410646 0.375725
-0.255989 0.410885 0.375593
-0.256875 0.411187 0.375420
-0.257736 0.411476 0.375248
-0.258443 0.411708 0.375110
-0.259336 0.412003 0.374929
-0.260063 0.412237 0.374783
-0.260823 0.412482 0.374631
-0.261608 0.412735 0.374471
-0.262411 0.412991 0.374305
-0.263392 0.413305 0.374092
-0.264172 0.413546 0.373923
-0.265138 0.413845 0.373708
-0.265915 0.414079 0.373539
-0.266721 0.414322 0.373366
-0.267714 0.414623 0.373146
-0.268511 0.414860 0.372981
-0.269339 0.415108 0.372820
-0.270195 0.415369 0.372675
-0.271252 0.415695 0.372525
-0.272308 0.416038 0.372500
-0.273231 0.416409 0.372701
-0.274430 0.417037 0.373232
-0.275771 0.417737 0.374836
-0.277770 0.419491 0.377526
-0.280506 0.422849 0.381971
-0.283402 0.425956 0.383485
-0.285485 0.429358 0.383950
-0.287388 0.430929 0.383997
-0.290647 0.431980 0.384232
-0.291199 0.432549 0.384202
-0.291828 0.433185 0.384126
-0.293498 0.433951 0.384061
-0.294600 0.434768 0.383976
-0.296629 0.436274 0.383787
-0.297607 0.436936 0.383695
-0.299098 0.438257 0.383457
-0.299865 0.438652 0.383410
-0.301497 0.439419 0.383397
-0.302348 0.439724 0.383411
-0.304096 0.440333 0.383353
-0.305059 0.440984 0.383252
-0.308235 0.442737 0.382999
-0.313298 0.445449 0.382520
-0.318698 0.447276 0.382144
-0.325005 0.447871 0.381924
-0.330469 0.448813 0.381633
-0.336591 0.449888 0.381126
-0.343571 0.451992 0.380355
-0.351403 0.452027 0.380544
-0.359647 0.451147 0.381178
-0.367601 0.452234 0.381734
-0.372421 0.452898 0.381667
-0.376214 0.452466 0.381811
-0.380067 0.452520 0.381403
-0.383649 0.453193 0.381260
-0.386585 0.453575 0.381663
-0.388856 0.453782 0.382105
-0.391760 0.454466 0.382493
-0.394781 0.453434 0.383380
-0.397702 0.453501 0.384220
-0.399048 0.453407 0.385547
-0.400143 0.454047 0.386583
-0.400860 0.455205 0.387821
-0.402415 0.454892 0.388814
