-0.800047 1.000044 0.249780 1.000000 -0.000003 -0.000002 0.000251
-0.800046 1.000045 0.249815 1.000000 -0.000004 -0.000000 0.000253
-0.800047 1.000043 0.249874 1.000000 -0.000001 -0.000003 0.000255
-0.800047 1.000043 0.249916 1.000000 0.000001 -0.000001 0.000256
-0.800046 1.000044 0.249902 1.000000 -0.000001 -0.000001 0.000258
-0.800046 1.000043 0.249897 1.000000 0.000000 0.000001 0.000259
-0.800046 1.000042 0.249904 1.000000 0.000002 -0.000001 0.000259
-0.800046 1.000043 0.249895 1.000000 0.000001 -0.000000 0.000262
-0.800046 1.000044 0.249909 1.000000 -0.000002 -0.000001 0.000262
-0.800045 1.000044 0.249920 1.000000 -0.000001 0.000003 0.000262
-0.800048 1.000044 0.249920 1.000000 0.000000 -0.000003 0.000263
-0.800049 1.000044 0.249911 1.000000 0.000000 -0.000004 0.000263
-0.800048 1.000042 0.249848 1.000000 0.000004 -0.000002 0.000265
-0.800047 1.000047 0.249811 1.000000 -0.000005 0.000001 0.000267
-0.800049 1.000044 0.249887 1.000000 -0.000000 -0.000003 0.000269
-0.800049 1.000044 0.249925 1.000000 0.000000 -0.000003 0.000270
-0.800048 1.000045 0.249926 1.000000 -0.000001 -0.000001 0.000271
-0.800048 1.000044 0.249926 1.000000 0.000002 -0.000001 0.000272
-0.800047 1.000047 0.249889 1.000000 -0.000005 0.000000 0.000273
-0.800047 1.000045 0.249875 1.000000 -0.000001 0.000000 0.000274
-0.800048 1.000045 0.249884 1.000000 -0.000000 -0.000002 0.000275
-0.800049 1.000044 0.249904 1.000000 0.000001 -0.000002 0.000276
-0.800049 1.000045 0.249932 1.000000 0.000000 -0.000002 0.000276
-0.800049 1.000046 0.249933 1.000000 -0.000002 -0.000003 0.000277
-0.800048 1.000046 0.249874 1.000000 -0.000002 -0.000000 0.000279
-0.800048 1.000047 0.249882 1.000000 -0.000003 0.000000 0.000279
-0.800049 1.000044 0.249885 1.000000 0.000002 -0.000002 0.000280
-0.800048 1.000046 0.249915 1.000000 -0.000002 -0.000001 0.000281
-0.800048 1.000044 0.249928 1.000000 0.000002 -0.000001 0.000282
-0.800049 1.000045 0.249913 1.000000 0.000000 -0.000002 0.000282
-0.800049 1.000046 0.249901 1.000000 -0.000002 -0.000002 0.000284
-0.800048 1.000046 0.249901 1.000000 -0.000002 0.000001 0.000285
-0.800049 1.000045 0.249906 1.000000 0.000000 -0.000001 0.000285
-0.800050 1.000045 0.249903 1.000000 0.000001 -0.000002 0.000287
-0.800049 1.000046 0.249919 1.000000 -0.000000 -0.000002 0.000287
-0.800050 1.000046 0.249933 1.000000 -0.000001 -0.000003 0.000287
-0.800050 1.000045 0.249915 1.000000 0.000001 -0.000001 0.000288
-0.800049 1.000047 0.249916 1.000000 -0.000003 -0.000000 0.000289
-0.410054 0.730054 0.249883 1.000000 -0.000001 0.000000 0.000453
-0.410054 0.730055 0.249878 1.000000 -0.000003 0.000000 0.000454
-0.410054 0.730054 0.249940 1.000000 -0.000002 -0.000001 0.000461
-0.410055 0.730054 0.249963 1.000000 -0.000001 -0.000002 0.000462
-0.410055 0.730054 0.249879 1.000000 0.000000 -0.000002 0.000465
-0.410056 0.730053 0.249876 1.000000 0.000003 -0.000003 0.000493
-0.410055 0.730054 0.249832 1.000000 0.000001 -0.000002 0.000496
-0.410054 0.730055 0.249844 1.000000 0.000001 -0.000000 0.000497
-0.410055 0.730055 0.249874 1.000000 -0.000001 -0.000001 0.000497
-0.410053 0.730056 0.249899 1.000000 -0.000002 0.000002 0.000497
-0.410055 0.730054 0.249916 1.000000 0.000002 -0.000002 0.000498
-0.410055 0.730054 0.249959 1.000000 0.000001 -0.000001 0.000499
-0.410055 0.730055 0.249843 1.000000 0.000001 -0.000001 0.000502
-0.410055 0.730055 0.249914 1.000000 0.000000 -0.000001 0.000505
-0.410055 0.730054 0.249930 1.000000 0.000002 -0.000002 0.000505
-0.410055 0.730055 0.249945 1.000000 0.000001 -0.000000 0.000506
-0.410053 0.730057 0.249939 1.000000 -0.000003 0.000003 0.000506
-0.410056 0.730054 0.249933 1.000000 0.000002 -0.000003 0.000507
-0.410055 0.730056 0.249935 1.000000 -0.000001 -0.000001 0.000507
-0.410054 0.730055 0.249928 1.000000 -0.000000 0.000001 0.000507
-0.410054 0.730055 0.249928 1.000000 0.000001 0.000002 0.000508
-0.410055 0.730055 0.249920 1.000000 -0.000000 -0.000001 0.000508
-0.410056 0.730055 0.249919 1.000000 0.000001 -0.000003 0.000508
-0.410054 0.730053 0.249908 1.000000 0.000005 0.000001 0.000510
-0.410055 0.730055 0.249913 1.000000 0.000000 -0.000001 0.000512
-0.410055 0.730055 0.249930 1.000000 0.000000 -0.000000 0.000512
-0.410054 0.730054 0.249883 1.000000 0.000003 0.000001 0.000515
-0.410056 0.730055 0.249836 1.000000 0.000002 -0.000002 0.000517
-0.410054 0.730053 0.249821 1.000000 0.000006 0.000001 0.000520
-0.410053 0.730056 0.249855 1.000000 -0.000001 0.000002 0.000525
-0.410054 0.730056 0.249909 1.000000 0.000001 -0.000000 0.000526
-0.410056 0.730056 0.249908 1.000000 -0.000001 -0.000003 0.000529
-0.410055 0.730056 0.249958 1.000000 0.000001 -0.000002 0.000529
-0.410054 0.730055 0.249959 1.000000 0.000002 0.000000 0.000529
-0.410055 0.730058 0.249938 1.000000 -0.000004 -0.000002 0.000530
-0.410055 0.730054 0.249919 1.000000 0.000005 -0.000002 0.000531
-0.410054 0.730055 0.249894 1.000000 0.000002 0.000002 0.000531
-0.410055 0.730059 0.249872 1.000000 -0.000005 -0.000000 0.000532
-0.410054 0.730054 0.249868 1.000000 0.000005 0.000000 0.000532
-0.410054 0.730058 0.249866 1.000000 -0.000003 -0.000000 0.000533
-0.410056 0.730054 0.249863 1.000000 0.000004 -0.000003 0.000535
-0.410053 0.730057 0.249864 1.000000 -0.000002 0.000003 0.000535
-0.410055 0.730056 0.249870 1.000000 0.000001 -0.000001 0.000536
-0.410056 0.730054 0.249872 1.000000 0.000005 -0.000004 0.000537
-0.410054 0.730055 0.249855 1.000000 0.000004 0.000001 0.000537
-0.410054 0.730057 0.249848 1.000000 -0.000001 0.000000 0.000538
-0.410055 0.730056 0.249850 1.000000 0.000001 -0.000000 0.000542
-0.410056 0.730056 0.249850 1.000000 0.000000 -0.000002 0.000545
-0.410055 0.730058 0.249829 1.000000 -0.000003 -0.000001 0.000546
-0.410055 0.730062 0.249793 1.000000 -0.000011 0.000000 0.000548
-0.410057 0.730058 0.249769 1.000000 -0.000002 -0.000005 0.000550
-0.410055 0.730055 0.249817 1.000000 0.000003 -0.000001 0.000553
-0.410056 0.730057 0.249869 1.000000 0.000000 -0.000002 0.000554
-0.410055 0.730059 0.249903 1.000000 -0.000004 0.000000 0.000556
-0.410056 0.730057 0.249862 1.000000 -0.000001 -0.000003 0.000559
-0.410055 0.730057 0.249877 1.000000 0.000001 -0.000000 0.000562
-0.410055 0.730054 0.249926 1.000000 0.000006 -0.000000 0.000563
-0.410056 0.730058 0.249897 1.000000 -0.000001 -0.000003 0.000564
-0.410052 0.730057 0.249853 1.000000 -0.000000 0.000005 0.000565
-0.410054 0.730059 0.249866 1.000000 -0.000002 0.000001 0.000567
-0.410056 0.730057 0.249923 1.000000 0.000001 -0.000002 0.000568
-0.410054 0.730057 0.249933 1.000000 0.000001 0.000000 0.000568
-0.410054 0.730059 0.249947 1.000000 -0.000003 0.000002 0.000569
-0.410054 0.730057 0.249940 1.000000 -0.000000 0.000001 0.000569
-0.410055 0.730058 0.249943 1.000000 -0.000000 -0.000001 0.000569
-0.410056 0.730056 0.249943 1.000000 0.000003 -0.000002 0.000570
-0.410056 0.730057 0.249924 1.000000 0.000002 -0.000002 0.000570
-0.410055 0.730058 0.249917 1.000000 -0.000001 -0.000001 0.000571
-0.410055 0.730059 0.249913 1.000000 -0.000003 -0.000001 0.000572
-0.410054 0.730057 0.249902 1.000000 0.000001 0.000002 0.000574
-0.410054 0.730057 0.249904 1.000000 0.000001 0.000002 0.000574
-0.410054 0.730057 0.249892 1.000000 0.000001 0.000002 0.000575
-0.410053 0.730059 0.249894 1.000000 -0.000002 0.000003 0.000575
-0.410055 0.730058 0.249923 1.000000 -0.000000 -0.000000 0.000577
-0.410055 0.730058 0.249940 1.000000 0.000000 -0.000001 0.000577
-0.410055 0.730056 0.249947 1.000000 0.000004 -0.000001 0.000577
-0.410054 0.730057 0.249932 1.000000 0.000002 0.000001 0.000578
-0.410054 0.730056 0.249888 1.000000 0.000003 0.000002 0.000578
-0.410056 0.730057 0.249869 1.000000 0.000001 -0.000003 0.000580
-0.410055 0.730057 0.249892 1.000000 0.000001 -0.000001 0.000582
-0.410056 0.730057 0.249848 1.000000 0.000002 -0.000002 0.000584
-0.410056 0.730057 0.249894 1.000000 0.000001 -0.000002 0.000586
-0.410055 0.730059 0.249942 1.000000 -0.000001 -0.000000 0.000588
-0.410056 0.730057 0.249943 1.000000 0.000002 -0.000002 0.000590
-0.410055 0.730060 0.249924 1.000000 -0.000003 -0.000000 0.000592
-0.410054 0.730058 0.249914 1.000000 0.000001 0.000000 0.000594
-0.410057 0.730058 0.249887 1.000000 0.000001 -0.000004 0.000596
-0.410055 0.730058 0.249921 1.000000 0.000001 -0.000000 0.000598
-0.410055 0.730058 0.249934 1.000000 0.000000 -0.000000 0.000598
-0.410054 0.730058 0.249936 1.000000 0.000002 0.000001 0.000599
-0.410055 0.730056 0.249918 1.000000 0.000005 -0.000001 0.000599
-0.410055 0.730058 0.249900 1.000000 0.000001 -0.000001 0.000600
-0.410054 0.730058 0.249887 1.000000 0.000002 0.000000 0.000601
-0.410053 0.730058 0.249886 1.000000 0.000001 0.000002 0.000601
-0.410055 0.730058 0.249901 1.000000 0.000002 -0.000000 0.000601
-0.410055 0.730059 0.249919 1.000000 0.000000 -0.000002 0.000601
-0.410055 0.730060 0.249920 1.000000 -0.000002 -0.000000 0.000603
-0.410055 0.730058 0.249927 1.000000 0.000001 -0.000001 0.000605
-0.410055 0.730060 0.249969 1.000000 -0.000002 -0.000001 0.000606
-0.410055 0.730059 0.249972 1.000000 -0.000001 -0.000001 0.000607
-0.410055 0.730056 0.249891 1.000000 0.000006 -0.000001 0.000609
-0.410056 0.730060 0.249865 1.000000 -0.000002 -0.000002 0.000611
-0.410059 0.730058 0.249790 1.000000 0.000002 -0.000010 0.000613
-0.410053 0.730059 0.249792 1.000000 -0.000000 0.000003 0.000616
-0.410054 0.730059 0.249813 1.000000 0.000001 0.000001 0.000619
-0.410056 0.730060 0.249846 1.000000 -0.000001 -0.000003 0.000624
-0.410054 0.730060 0.249894 1.000000 -0.000001 0.000001 0.000627
-0.410055 0.730061 0.249925 1.000000 -0.000002 -0.000001 0.000628
-0.410056 0.730061 0.249903 1.000000 -0.000002 -0.000003 0.000630
-0.410055 0.730058 0.249818 1.000000 0.000004 -0.000000 0.000633
-0.410052 0.730059 0.249785 1.000000 0.000002 0.000005 0.000634
-0.410055 0.730058 0.249833 1.000000 0.000004 -0.000002 0.000636
-0.410053 0.730062 0.249872 1.000000 -0.000003 0.000003 0.000639
-0.410055 0.730061 0.249943 1.000000 -0.000002 -0.000001 0.000641
-0.410055 0.730060 0.249845 1.000000 0.000000 -0.000001 0.000642
-0.410054 0.730061 0.249873 1.000000 -0.000000 0.000001 0.000645
-0.410055 0.730063 0.249902 1.000000 -0.000004 -0.000001 0.000646
-0.410054 0.730060 0.249859 1.000000 0.000001 0.000002 0.000649
-0.410054 0.730062 0.249943 1.000000 -0.000002 0.000000 0.000650
-0.410056 0.730062 0.249951 1.000000 -0.000002 -0.000002 0.000651
-0.410055 0.730061 0.249937 1.000000 -0.000001 -0.000002 0.000651
-0.410056 0.730060 0.249935 1.000000 0.000002 -0.000002 0.000652
-0.410056 0.730061 0.249944 1.000000 -0.000001 -0.000002 0.000652
-0.410056 0.730060 0.249945 1.000000 0.000001 -0.000003 0.000653
-0.410056 0.730061 0.249926 1.000000 0.000000 -0.000002 0.000653
-0.410054 0.730060 0.249910 1.000000 0.000002 0.000001 0.000654
-0.410056 0.730062 0.249896 1.000000 -0.000002 -0.000002 0.000655
-0.410055 0.730062 0.249896 1.000000 -0.000002 -0.000002 0.000656
-0.410054 0.730061 0.249887 1.000000 0.000000 0.000000 0.000658
-0.410057 0.730059 0.249847 1.000000 0.000004 -0.000005 0.000662
-0.410053 0.730062 0.249846 1.000000 -0.000002 0.000002 0.000666
-0.410054 0.730061 0.249900 1.000000 0.000000 0.000000 0.000668
-0.410054 0.730062 0.249931 1.000000 -0.000002 0.000001 0.000671
-0.410055 0.730060 0.249942 1.000000 0.000002 -0.000002 0.000672
-0.410053 0.730063 0.249936 1.000000 -0.000004 0.000002 0.000673
-0.410054 0.730061 0.249888 1.000000 0.000001 0.000002 0.000675
-0.410054 0.730063 0.249890 1.000000 -0.000003 0.000000 0.000677
-0.410055 0.730060 0.249929 1.000000 0.000004 -0.000001 0.000678
-0.410055 0.730062 0.249885 1.000000 -0.000000 -0.000002 0.000681
-0.410055 0.730061 0.249945 1.000000 0.000001 -0.000002 0.000682
-0.410055 0.730060 0.249915 1.000000 0.000004 -0.000001 0.000685
-0.410051 0.730060 0.249789 1.000000 0.000004 0.000006 0.000687
-0.410054 0.730060 0.249759 1.000000 0.000003 0.000000 0.000688
-0.410053 0.730063 0.249809 1.000000 -0.000003 0.000002 0.000689
-0.410055 0.730061 0.249833 1.000000 0.000001 -0.000002 0.000690
-0.410056 0.730062 0.249892 1.000000 -0.000000 -0.000003 0.000691
-0.410053 0.730062 0.249903 1.000000 0.000000 0.000002 0.000691
-0.410055 0.730062 0.249937 1.000000 -0.000000 -0.000000 0.000692
-0.410055 0.730061 0.249948 1.000000 0.000002 -0.000001 0.000692
-0.410054 0.730061 0.249948 1.000000 0.000002 0.000000 0.000692
-0.410055 0.730061 0.249937 1.000000 0.000003 -0.000001 0.000693
-0.410054 0.730063 0.249929 1.000000 -0.000001 0.000001 0.000693
-0.410056 0.730062 0.249925 1.000000 0.000000 -0.000002 0.000694
-0.410055 0.730062 0.249929 1.000000 -0.000000 -0.000001 0.000694
-0.410054 0.730061 0.249932 1.000000 0.000002 -0.000000 0.000695
-0.410054 0.730061 0.249916 1.000000 0.000002 0.000001 0.000696
-0.410055 0.730061 0.249902 1.000000 0.000002 -0.000000 0.000697
-0.410053 0.730061 0.249873 1.000000 0.000003 0.000002 0.000699
-0.410056 0.730062 0.249834 1.000000 0.000000 -0.000004 0.000702
-0.410053 0.730064 0.249869 1.000000 -0.000002 0.000003 0.000705
-0.410054 0.730062 0.249867 1.000000 0.000002 0.000001 0.000708
-0.410054 0.730062 0.249877 1.000000 0.000002 0.000000 0.000711
-0.410055 0.730063 0.249904 1.000000 -0.000001 -0.000002 0.000713
-0.410055 0.730065 0.249864 1.000000 -0.000005 -0.000002 0.000716
-0.410053 0.730065 0.249803 1.000000 -0.000003 0.000002 0.000718
-0.410058 0.730062 0.249848 1.000000 0.000001 -0.000007 0.000722
-0.410056 0.730063 0.249841 1.000000 -0.000000 -0.000004 0.000725
-0.410052 0.730059 0.249825 1.000000 0.000008 0.000004 0.000727
-0.410056 0.730064 0.249779 1.000000 -0.000001 -0.000004 0.000729
-0.410053 0.730061 0.249792 1.000000 0.000004 0.000002 0.000732
-0.410054 0.730062 0.249814 1.000000 0.000002 -0.000000 0.000735
-0.410055 0.730064 0.249930 1.000000 -0.000002 -0.000002 0.000737
-0.410055 0.730064 0.249877 1.000000 -0.000001 -0.000001 0.000740
-0.410054 0.730064 0.249901 1.000000 -0.000001 0.000000 0.000741
-0.410054 0.730063 0.249958 1.000000 0.000001 0.000000 0.000742
-0.410054 0.730065 0.249894 1.000000 -0.000002 0.000001 0.000744
-0.410053 0.730062 0.249869 1.000000 0.000003 0.000002 0.000746
-0.410055 0.730064 0.249895 1.000000 -0.000000 -0.000000 0.000748
-0.410057 0.730066 0.249851 1.000000 -0.000004 -0.000004 0.000752
-0.410056 0.730064 0.249831 1.000000 -0.000001 -0.000003 0.000753
-0.410055 0.730063 0.249932 1.000000 0.000002 -0.000001 0.000754
-0.410054 0.730065 0.249927 1.000000 -0.000001 0.000002 0.000755
-0.410055 0.730064 0.249922 1.000000 0.000000 -0.000000 0.000756
-0.410056 0.730064 0.249920 1.000000 0.000000 -0.000003 0.000758
-0.410055 0.730066 0.249895 1.000000 -0.000003 -0.000001 0.000760
-0.410055 0.730064 0.249892 1.000000 -0.000000 -0.000001 0.000761
-0.410055 0.730065 0.249903 1.000000 -0.000000 -0.000002 0.000763
-0.410056 0.730064 0.249912 1.000000 0.000001 -0.000002 0.000763
-0.410053 0.730065 0.249899 1.000000 -0.000001 0.000003 0.000764
-0.410055 0.730064 0.249902 1.000000 0.000000 0.000000 0.000764
-0.410055 0.730063 0.249919 1.000000 0.000002 -0.000002 0.000765
-0.410057 0.730064 0.249925 1.000000 0.000000 -0.000004 0.000765
-0.410054 0.730064 0.249932 1.000000 0.000001 0.000001 0.000766
-0.410054 0.730067 0.249922 1.000000 -0.000006 0.000000 0.000766
-0.410055 0.730062 0.249879 1.000000 0.000004 -0.000001 0.000768
-0.410055 0.730066 0.249857 1.000000 -0.000003 -0.000001 0.000768
-0.410057 0.730063 0.249851 1.000000 0.000004 -0.000004 0.000771
-0.410053 0.730066 0.249851 1.000000 -0.000002 0.000003 0.000771
-0.410055 0.730064 0.249854 1.000000 0.000002 -0.000001 0.000772
-0.410056 0.730065 0.249863 1.000000 0.000000 -0.000002 0.000772
-0.410056 0.730064 0.249917 1.000000 0.000001 -0.000002 0.000773
-0.410056 0.730064 0.249936 1.000000 0.000001 -0.000002 0.000773
-0.410055 0.730064 0.249966 1.000000 0.000002 -0.000001 0.000773
-0.410056 0.730065 0.249966 1.000000 -0.000001 -0.000002 0.000774
-0.410056 0.730065 0.249969 1.000000 -0.000001 -0.000002 0.000774
-0.410056 0.730065 0.249962 1.000000 -0.000001 -0.000002 0.000774
-0.410056 0.730064 0.249944 1.000000 0.000002 -0.000002 0.000776
-0.410056 0.730064 0.249938 1.000000 0.000001 -0.000003 0.000776
-0.410054 0.730064 0.249948 1.000000 0.000002 0.000001 0.000777
-0.410055 0.730065 0.249949 1.000000 0.000000 0.000000 0.000777
-0.410056 0.730065 0.249935 1.000000 -0.000001 -0.000002 0.000778
-0.410055 0.730065 0.249927 1.000000 0.000000 0.000000 0.000778
-0.410057 0.730065 0.249923 1.000000 -0.000000 -0.000004 0.000778
-0.410056 0.730065 0.249906 1.000000 0.000000 -0.000002 0.000779
-0.410054 0.730065 0.249901 1.000000 -0.000001 0.000001 0.000780
-0.410054 0.730066 0.249907 1.000000 -0.000002 0.000002 0.000780
-0.410056 0.730067 0.249893 1.000000 -0.000004 -0.000003 0.000781
-0.410054 0.730066 0.249867 1.000000 -0.000002 0.000003 0.000781
-0.410055 0.730067 0.249817 1.000000 -0.000004 -0.000001 0.000782
-0.410055 0.730062 0.249820 1.000000 0.000006 -0.000001 0.000782
-0.410055 0.730062 0.249806 1.000000 0.000006 -0.000000 0.000784
-0.410054 0.730066 0.249791 1.000000 -0.000003 0.000001 0.000784
-0.410051 0.730067 0.249774 1.000000 -0.000003 0.000007 0.000785
-0.410052 0.730065 0.249763 1.000000 0.000001 0.000007 0.000785
-0.410055 0.730063 0.249757 1.000000 0.000004 -0.000001 0.000786
-0.410056 0.730065 0.249757 1.000000 0.000000 -0.000002 0.000786
-0.410054 0.730065 0.249776 1.000000 -0.000001 0.000002 0.000786
-0.410058 0.730066 0.249785 1.000000 -0.000002 -0.000007 0.000787
-0.410053 0.730065 0.249807 1.000000 0.000001 0.000003 0.000789
-0.410053 0.730064 0.249812 1.000000 0.000002 0.000003 0.000790
-0.410056 0.730062 0.249796 1.000000 0.000006 -0.000003 0.000791
-0.410056 0.730066 0.249798 1.000000 -0.000001 -0.000002 0.000791
-0.410055 0.730063 0.249843 1.000000 0.000005 -0.000001 0.000793
-0.410054 0.730065 0.249853 1.000000 0.000001 0.000001 0.000794
-0.410054 0.730067 0.249882 1.000000 -0.000003 0.000002 0.000795
-0.410054 0.730065 0.249907 1.000000 0.000001 0.000001 0.000795
-0.410055 0.730065 0.249936 1.000000 0.000001 -0.000001 0.000796
-0.410056 0.730066 0.249950 1.000000 -0.000000 -0.000002 0.000796
-0.410055 0.730064 0.249929 1.000000 0.000003 -0.000000 0.000797
-0.410055 0.730067 0.249917 1.000000 -0.000002 -0.000000 0.000798
-0.410053 0.730066 0.249927 1.000000 -0.000002 0.000003 0.000798
-0.410055 0.730064 0.249930 1.000000 0.000002 -0.000000 0.000799
-0.410054 0.730067 0.249885 1.000000 -0.000003 0.000001 0.000799
-0.410053 0.730066 0.249871 1.000000 -0.000001 0.000003 0.000800
-0.410054 0.730065 0.249851 1.000000 0.000002 0.000001 0.000801
-0.410055 0.730065 0.249853 1.000000 0.000002 0.000000 0.000802
-0.410056 0.730064 0.249900 1.000000 0.000003 -0.000002 0.000802
-0.410055 0.730065 0.249916 1.000000 0.000001 0.000001 0.000803
-0.410055 0.730065 0.249933 1.000000 0.000001 0.000000 0.000803
-0.410055 0.730066 0.249937 1.000000 -0.000001 -0.000000 0.000804
-0.410056 0.730066 0.249944 1.000000 -0.000000 -0.000003 0.000804
-0.410056 0.730066 0.249946 1.000000 0.000000 -0.000002 0.000804
-0.410054 0.730065 0.249947 1.000000 0.000001 0.000002 0.000804
-0.410056 0.730064 0.249940 1.000000 0.000003 -0.000001 0.000805
-0.410056 0.730066 0.249937 1.000000 -0.000001 -0.000002 0.000805
-0.410056 0.730066 0.249931 1.000000 -0.000001 -0.000003 0.000805
-0.410056 0.730066 0.249926 1.000000 0.000001 -0.000002 0.000806
-0.410055 0.730065 0.249942 1.000000 0.000002 0.000000 0.000807
-0.410054 0.730067 0.249940 1.000000 -0.000001 0.000002 0.000807
-0.410055 0.730064 0.249923 1.000000 0.000004 0.000000 0.000808
-0.410054 0.730065 0.249906 1.000000 0.000002 0.000001 0.000808
-0.410055 0.730066 0.249878 1.000000 -0.000000 -0.000001 0.000810
-0.410055 0.730068 0.249869 1.000000 -0.000003 -0.000000 0.000810
-0.410056 0.730066 0.249917 1.000000 0.000001 -0.000002 0.000812
-0.410056 0.730067 0.249935 1.000000 -0.000001 -0.000002 0.000812
-0.410055 0.730065 0.249925 1.000000 0.000003 0.000000 0.000813
-0.410055 0.730065 0.249910 1.000000 0.000002 -0.000001 0.000814
-0.410055 0.730066 0.249905 1.000000 0.000001 -0.000001 0.000814
-0.410054 0.730066 0.249895 1.000000 -0.000000 0.000001 0.000815
-0.410056 0.730065 0.249912 1.000000 0.000003 -0.000002 0.000816
-0.410056 0.730065 0.249919 1.000000 0.000003 -0.000002 0.000816
-0.410056 0.730066 0.249929 1.000000 -0.000000 -0.000002 0.000816
-0.410055 0.730066 0.249937 1.000000 -0.000000 -0.000001 0.000817
-0.410054 0.730067 0.249942 1.000000 -0.000001 0.000001 0.000818
-0.410055 0.730065 0.249928 1.000000 0.000003 -0.000002 0.000818
-0.410054 0.730066 0.249900 1.000000 0.000002 0.000001 0.000819
-0.410055 0.730064 0.249883 1.000000 0.000006 -0.000001 0.000820
-0.410055 0.730069 0.249861 1.000000 -0.000005 -0.000001 0.000822
-0.410055 0.730067 0.249859 1.000000 -0.000000 -0.000001 0.000823
-0.410055 0.730067 0.249850 1.000000 -0.000002 -0.000001 0.000824
-0.410054 0.730068 0.249847 1.000000 -0.000004 0.000001 0.000825
-0.410054 0.730067 0.249842 1.000000 -0.000000 0.000001 0.000826
-0.410055 0.730068 0.249843 1.000000 -0.000002 -0.000001 0.000826
-0.410056 0.730067 0.249846 1.000000 -0.000001 -0.000002 0.000828
-0.410055 0.730068 0.249846 1.000000 -0.000002 -0.000000 0.000828
-0.410053 0.730065 0.249830 1.000000 0.000004 0.000002 0.000830
-0.410054 0.730067 0.249816 1.000000 -0.000000 0.000001 0.000831
-0.410056 0.730067 0.249813 1.000000 -0.000001 -0.000004 0.000832
-0.410055 0.730068 0.249818 1.000000 -0.000002 -0.000002 0.000832
-0.410054 0.730068 0.249867 1.000000 -0.000002 0.000001 0.000833
-0.410054 0.730067 0.249896 1.000000 -0.000001 0.000001 0.000833
-0.410055 0.730067 0.249925 1.000000 -0.000000 -0.000001 0.000834
-0.410055 0.730068 0.249930 1.000000 -0.000002 -0.000001 0.000834
-0.410055 0.730067 0.249928 1.000000 0.000000 -0.000002 0.000835
-0.410055 0.730066 0.249931 1.000000 0.000003 -0.000001 0.000835
-0.410055 0.730067 0.249932 1.000000 0.000001 -0.000001 0.000835
-0.410055 0.730067 0.249939 1.000000 0.000001 -0.000000 0.000836
-0.410055 0.730066 0.249950 1.000000 0.000002 -0.000000 0.000836
-0.410054 0.730066 0.249955 1.000000 0.000002 0.000000 0.000836
-0.410055 0.730068 0.249956 1.000000 -0.000002 -0.000000 0.000836
-0.410054 0.730066 0.249956 1.000000 0.000002 0.000001 0.000836
-0.410054 0.730067 0.249945 1.000000 0.000000 0.000001 0.000837
-0.410054 0.730067 0.249946 1.000000 0.000001 0.000001 0.000837
-0.410054 0.730067 0.249953 1.000000 0.000001 0.000001 0.000837
-0.410054 0.730068 0.249957 1.000000 -0.000001 0.000000 0.000838
-0.410055 0.730069 0.249955 1.000000 -0.000004 -0.000000 0.000838
-0.410054 0.730066 0.249916 1.000000 0.000003 0.000001 0.000839
-0.410055 0.730065 0.249827 1.000000 0.000005 -0.000001 0.000841
-0.410056 0.730068 0.249845 1.000000 -0.000001 -0.000002 0.000843
-0.410054 0.730069 0.249861 1.000000 -0.000002 0.000000 0.000846
-0.410055 0.730068 0.249884 1.000000 -0.000001 -0.000001 0.000848
-0.410055 0.730069 0.249944 1.000000 -0.000002 -0.000001 0.000850
-0.410056 0.730068 0.249942 1.000000 -0.000000 -0.000003 0.000850
-0.410054 0.730067 0.249930 1.000000 0.000002 0.000001 0.000851
-0.410055 0.730066 0.249912 1.000000 0.000003 -0.000001 0.000852
-0.410056 0.730068 0.249857 1.000000 -0.000001 -0.000003 0.000852
-0.410055 0.730067 0.249839 1.000000 0.000001 -0.000001 0.000853
-0.410055 0.730066 0.249857 1.000000 0.000004 -0.000002 0.000854
-0.410054 0.730067 0.249869 1.000000 0.000001 0.000001 0.000855
-0.410054 0.730068 0.249873 1.000000 -0.000000 0.000000 0.000855
-0.410055 0.730067 0.249889 1.000000 0.000001 -0.000000 0.000855
-0.410054 0.730067 0.249902 1.000000 0.000002 0.000000 0.000856
-0.410054 0.730067 0.249899 1.000000 0.000001 -0.000000 0.000856
-0.410057 0.730069 0.249890 1.000000 -0.000001 -0.000005 0.000857
-0.410055 0.730069 0.249859 1.000000 -0.000002 -0.000000 0.000858
-0.410054 0.730067 0.249865 1.000000 0.000003 -0.000000 0.000859
-0.410053 0.730069 0.249883 1.000000 -0.000003 0.000002 0.000861
-0.410055 0.730067 0.249931 1.000000 0.000002 -0.000001 0.000863
-0.410055 0.730068 0.249947 1.000000 0.000001 -0.000002 0.000864
-0.410056 0.730068 0.249909 1.000000 0.000000 -0.000003 0.000866
-0.410054 0.730069 0.249920 1.000000 -0.000002 0.000000 0.000867
-0.410055 0.730070 0.249870 1.000000 -0.000003 -0.000002 0.000869
-0.410055 0.730068 0.249893 1.000000 0.000001 -0.000001 0.000873
-0.410055 0.730068 0.249924 1.000000 0.000001 -0.000001 0.000874
-0.410055 0.730069 0.249937 1.000000 -0.000000 -0.000002 0.000876
-0.410055 0.730068 0.249948 1.000000 0.000001 -0.000001 0.000876
-0.410055 0.730067 0.249923 1.000000 0.000005 -0.000001 0.000877
-0.410056 0.730069 0.249887 1.000000 0.000001 -0.000003 0.000877
-0.410054 0.730068 0.249854 1.000000 0.000003 0.000001 0.000878
-0.410055 0.730066 0.249846 1.000000 0.000005 -0.000001 0.000879
-0.410054 0.730071 0.249848 1.000000 -0.000004 -0.000001 0.000880
-0.410055 0.730069 0.249851 1.000000 -0.000001 -0.000002 0.000881
-0.410056 0.730069 0.249858 1.000000 0.000000 -0.000004 0.000881
-0.410053 0.730070 0.249867 1.000000 -0.000003 0.000003 0.000882
-0.410054 0.730068 0.249872 1.000000 0.000002 0.000000 0.000882
-0.410056 0.730068 0.249870 1.000000 0.000002 -0.000003 0.000883
-0.410053 0.730070 0.249875 1.000000 -0.000002 0.000003 0.000883
-0.410054 0.730068 0.249880 1.000000 0.000002 0.000001 0.000884
-0.410054 0.730067 0.249875 1.000000 0.000004 0.000001 0.000884
-0.410055 0.730071 0.249851 1.000000 -0.000004 -0.000001 0.000885
-0.410055 0.730070 0.249851 1.000000 -0.000002 -0.000002 0.000886
-0.410054 0.730067 0.249836 1.000000 0.000005 -0.000001 0.000887
-0.410053 0.730070 0.249839 1.000000 -0.000001 0.000003 0.000887
-0.410055 0.730068 0.249879 1.000000 0.000003 -0.000002 0.000888
-0.410053 0.730069 0.249886 1.000000 0.000001 0.000002 0.000889
-0.410054 0.730069 0.249886 1.000000 0.000000 0.000000 0.000890
-0.410054 0.730069 0.249877 1.000000 0.000001 -0.000000 0.000893
-0.410054 0.730070 0.249916 1.000000 -0.000001 0.000001 0.000895
-0.410056 0.730069 0.249870 1.000000 0.000001 -0.000004 0.000898
-0.410053 0.730068 0.249850 1.000000 0.000003 0.000003 0.000900
-0.410053 0.730073 0.249804 1.000000 -0.000007 0.000002 0.000901
-0.410055 0.730067 0.249802 1.000000 0.000005 -0.000002 0.000901
-0.410053 0.730068 0.249809 1.000000 0.000004 0.000002 0.000902
-0.410055 0.730071 0.249808 1.000000 -0.000003 -0.000001 0.000902
-0.410057 0.730069 0.249822 1.000000 0.000002 -0.000005 0.000903
-0.410056 0.730068 0.249822 1.000000 0.000004 -0.000002 0.000904
-0.410054 0.730073 0.249826 1.000000 -0.000007 0.000002 0.000904
-0.410056 0.730068 0.249829 1.000000 0.000003 -0.000002 0.000904
-0.410054 0.730069 0.249859 1.000000 0.000001 0.000002 0.000906
-0.410054 0.730070 0.249875 1.000000 -0.000001 0.000001 0.000906
-0.410056 0.730070 0.249898 1.000000 -0.000001 -0.000002 0.000907
-0.410056 0.730068 0.249902 1.000000 0.000004 -0.000002 0.000907
-0.410053 0.730071 0.249907 1.000000 -0.000001 0.000003 0.000909
-0.410055 0.730070 0.249916 1.000000 0.000000 0.000000 0.000909
-0.410056 0.730069 0.249937 1.000000 0.000002 -0.000002 0.000910
-0.410056 0.730069 0.249947 1.000000 0.000001 -0.000002 0.000910
-0.410055 0.730070 0.249961 1.000000 0.000001 -0.000001 0.000911
-0.410056 0.730070 0.249966 1.000000 0.000001 -0.000002 0.000911
-0.410054 0.730070 0.249960 1.000000 -0.000001 0.000002 0.000911
-0.410055 0.730071 0.249953 1.000000 -0.000001 -0.000001 0.000911
-0.410055 0.730069 0.249941 1.000000 0.000002 0.000000 0.000912
-0.410055 0.730069 0.249918 1.000000 0.000002 -0.000000 0.000913
-0.410055 0.730071 0.249921 1.000000 -0.000001 -0.000000 0.000913
-0.410055 0.730071 0.249916 1.000000 -0.000002 -0.000001 0.000914
-0.410055 0.730071 0.249919 1.000000 -0.000001 -0.000001 0.000915
-0.410054 0.730070 0.249919 1.000000 0.000000 0.000002 0.000915
-0.410055 0.730070 0.249934 1.000000 0.000001 0.000000 0.000915
-0.410054 0.730071 0.249938 1.000000 -0.000002 0.000001 0.000916
-0.410056 0.730069 0.249939 1.000000 0.000002 -0.000002 0.000916
-0.410056 0.730069 0.249944 1.000000 0.000001 -0.000003 0.000916
-0.410055 0.730069 0.249945 1.000000 0.000003 -0.000001 0.000917
-0.410055 0.730069 0.249935 1.000000 0.000003 -0.000001 0.000918
-0.410055 0.730071 0.249920 1.000000 -0.000002 -0.000000 0.000919
-0.410055 0.730069 0.249915 1.000000 0.000003 -0.000000 0.000919
-0.410055 0.730070 0.249927 1.000000 0.000002 -0.000001 0.000920
-0.410054 0.730071 0.249941 1.000000 -0.000001 0.000001 0.000920
-0.410055 0.730069 0.249948 1.000000 0.000002 -0.000000 0.000920
-0.410055 0.730069 0.249942 1.000000 0.000002 -0.000001 0.000921
-0.410054 0.730070 0.249951 1.000000 0.000001 0.000001 0.000921
-0.410055 0.730070 0.249957 1.000000 0.000001 -0.000001 0.000921
-0.410055 0.730072 0.249961 1.000000 -0.000002 -0.000001 0.000922
-0.410055 0.730070 0.249947 1.000000 0.000001 -0.000001 0.000922
-0.410055 0.730069 0.249921 1.000000 0.000002 -0.000001 0.000924
-0.410056 0.730070 0.249926 1.000000 0.000000 -0.000002 0.000924
-0.410055 0.730073 0.249907 1.000000 -0.000005 -0.000001 0.000925
-0.410054 0.730070 0.249894 1.000000 0.000000 0.000001 0.000926
-0.410053 0.730070 0.249874 1.000000 0.000000 0.000003 0.000927
-0.410055 0.730071 0.249873 1.000000 -0.000000 -0.000000 0.000927
-0.410053 0.730071 0.249882 1.000000 -0.000000 0.000004 0.000928
-0.410054 0.730070 0.249882 1.000000 0.000001 0.000001 0.000929
-0.410055 0.730070 0.249879 1.000000 0.000001 -0.000001 0.000930
-0.410056 0.730071 0.249887 1.000000 -0.000001 -0.000002 0.000930
-0.410055 0.730070 0.249858 1.000000 0.000001 -0.000000 0.000931
-0.410056 0.730071 0.249861 1.000000 0.000000 -0.000002 0.000932
-0.410054 0.730071 0.249905 1.000000 -0.000000 0.000001 0.000932
-0.410053 0.730071 0.249921 1.000000 -0.000001 0.000003 0.000933
-0.410055 0.730070 0.249933 1.000000 0.000001 -0.000000 0.000934
-0.410056 0.730070 0.249945 1.000000 0.000001 -0.000002 0.000934
-0.410055 0.730070 0.249964 1.000000 0.000001 -0.000000 0.000934
-0.410055 0.730071 0.249962 1.000000 -0.000001 -0.000001 0.000935
-0.410055 0.730072 0.249946 1.000000 -0.000004 0.000000 0.000935
-0.410055 0.730069 0.249932 1.000000 0.000004 -0.000000 0.000936
-0.410055 0.730072 0.249914 1.000000 -0.000003 -0.000001 0.000937
-0.410055 0.730071 0.249898 1.000000 -0.000001 -0.000001 0.000938
-0.410055 0.730069 0.249889 1.000000 0.000004 -0.000001 0.000939
-0.410055 0.730073 0.249884 1.000000 -0.000004 -0.000002 0.000940
-0.410054 0.730072 0.249871 1.000000 -0.000003 0.000001 0.000941
-0.410055 0.730068 0.249858 1.000000 0.000005 -0.000001 0.000941
-0.410055 0.730070 0.249848 1.000000 0.000002 -0.000001 0.000942
-0.410054 0.730071 0.249849 1.000000 -0.000001 0.000001 0.000943
-0.410055 0.730072 0.249871 1.000000 -0.000002 -0.000000 0.000943
-0.410055 0.730070 0.249899 1.000000 0.000002 -0.000002 0.000943
-0.410055 0.730071 0.249918 1.000000 -0.000001 -0.000002 0.000944
-0.410055 0.730072 0.249928 1.000000 -0.000002 -0.000001 0.000944
-0.410055 0.730070 0.249925 1.000000 0.000002 -0.000001 0.000945
-0.410055 0.730069 0.249906 1.000000 0.000003 -0.000001 0.000947
-0.410056 0.730072 0.249921 1.000000 -0.000001 -0.000003 0.000948
-0.410055 0.730072 0.249916 1.000000 -0.000002 -0.000001 0.000949
-0.410056 0.730070 0.249888 1.000000 0.000003 -0.000003 0.000949
-0.410054 0.730071 0.249878 1.000000 0.000000 0.000001 0.000950
-0.410055 0.730070 0.249891 1.000000 0.000002 -0.000001 0.000952
-0.410056 0.730070 0.249891 1.000000 0.000002 -0.000003 0.000952
-0.410055 0.730070 0.249872 1.000000 0.000002 -0.000001 0.000953
-0.410054 0.730073 0.249867 1.000000 -0.000004 0.000001 0.000954
-0.410054 0.730072 0.249837 1.000000 -0.000000 0.000001 0.000955
-0.410056 0.730072 0.249825 1.000000 -0.000002 -0.000003 0.000956
-0.410056 0.730072 0.249840 1.000000 -0.000000 -0.000002 0.000956
-0.410055 0.730071 0.249867 1.000000 0.000001 -0.000001 0.000957
-0.410055 0.730072 0.249928 1.000000 0.000000 -0.000002 0.000957
-0.410056 0.730071 0.249938 1.000000 0.000001 -0.000003 0.000957
-0.410055 0.730072 0.249935 1.000000 -0.000001 -0.000001 0.000958
-0.410055 0.730070 0.249929 1.000000 0.000003 -0.000000 0.000958
-0.410055 0.730071 0.249925 1.000000 0.000001 -0.000000 0.000959
-0.410054 0.730073 0.249917 1.000000 -0.000003 0.000000 0.000959
-0.410054 0.730071 0.249919 1.000000 0.000001 0.000000 0.000960
-0.410054 0.730071 0.249932 1.000000 0.000001 -0.000000 0.000960
-0.410054 0.730071 0.249938 1.000000 0.000001 0.000001 0.000960
-0.410055 0.730070 0.249925 1.000000 0.000003 -0.000002 0.000961
-0.410056 0.730072 0.249919 1.000000 0.000000 -0.000003 0.000961
-0.410055 0.730071 0.249920 1.000000 0.000001 -0.000001 0.000961
-0.410055 0.730071 0.249929 1.000000 0.000002 -0.000000 0.000962
-0.410057 0.730072 0.249906 1.000000 0.000000 -0.000005 0.000963
-0.410054 0.730071 0.249892 1.000000 0.000002 0.000001 0.000963
-0.410056 0.730072 0.249839 1.000000 0.000000 -0.000003 0.000964
-0.410053 0.730071 0.249817 1.000000 0.000003 0.000002 0.000965
-0.410052 0.730071 0.249804 1.000000 0.000001 0.000005 0.000966
-0.410055 0.730074 0.249804 1.000000 -0.000004 -0.000002 0.000967
-0.410054 0.730071 0.249815 1.000000 0.000002 0.000001 0.000969
-0.410054 0.730076 0.249814 1.000000 -0.000008 0.000001 0.000969
-0.410054 0.730077 0.249822 1.000000 -0.000010 0.000001 0.000970
-0.410055 0.730072 0.249823 1.000000 0.000001 -0.000001 0.000970
-0.410056 0.730073 0.249829 1.000000 -0.000001 -0.000004 0.000971
-0.410056 0.730074 0.249830 1.000000 -0.000003 -0.000003 0.000972
-0.410056 0.730073 0.249846 1.000000 -0.000001 -0.000002 0.000972
-0.410055 0.730070 0.249847 1.000000 0.000005 -0.000001 0.000973
-0.410054 0.730072 0.249842 1.000000 0.000000 0.000000 0.000974
-0.410054 0.730072 0.249849 1.000000 0.000000 -0.000000 0.000975
-0.410055 0.730072 0.249872 1.000000 0.000001 -0.000002 0.000976
-0.410054 0.730073 0.249887 1.000000 -0.000000 0.000002 0.000977
-0.410054 0.730075 0.249906 1.000000 -0.000005 -0.000000 0.000978
-0.410056 0.730073 0.249889 1.000000 -0.000000 -0.000003 0.000979
-0.410054 0.730074 0.249863 1.000000 -0.000004 0.000001 0.000981
-0.410054 0.730074 0.249850 1.000000 -0.000004 0.000001 0.000982
-0.410058 0.730072 0.249830 1.000000 0.000001 -0.000007 0.000983
-0.410054 0.730070 0.249813 1.000000 0.000005 0.000001 0.000983
-0.410054 0.730075 0.249810 1.000000 -0.000004 0.000000 0.000985
-0.410056 0.730072 0.249832 1.000000 0.000001 -0.000003 0.000985
-0.410055 0.730075 0.249861 1.000000 -0.000005 -0.000001 0.000987
-0.410054 0.730073 0.249863 1.000000 -0.000001 0.000000 0.000988
-0.410054 0.730071 0.249858 1.000000 0.000004 0.000001 0.000989
-0.410054 0.730072 0.249853 1.000000 0.000002 0.000001 0.000989
-0.410053 0.730073 0.249860 1.000000 0.000000 0.000003 0.000990
-0.410054 0.730073 0.249872 1.000000 0.000000 0.000000 0.000990
-0.410055 0.730073 0.249890 1.000000 0.000001 -0.000002 0.000991
-0.410055 0.730072 0.249908 1.000000 0.000001 -0.000003 0.000991
-0.410055 0.730073 0.249910 1.000000 -0.000000 -0.000001 0.000991
-0.410056 0.730075 0.249897 1.000000 -0.000003 -0.000003 0.000992
-0.410054 0.730074 0.249872 1.000000 -0.000001 0.000001 0.000992
-0.410055 0.730072 0.249856 1.000000 0.000001 -0.000001 0.000993
-0.410055 0.730074 0.249848 1.000000 -0.000002 -0.000001 0.000993
-0.410054 0.730072 0.249894 1.000000 0.000002 0.000000 0.000994
-0.410054 0.730073 0.249902 1.000000 0.000001 0.000001 0.000995
-0.410055 0.730073 0.249893 1.000000 0.000000 -0.000001 0.000996
-0.410055 0.730073 0.249891 1.000000 0.000001 -0.000002 0.000997
-0.410054 0.730073 0.249930 1.000000 0.000001 -0.000000 0.000997
-0.410054 0.730073 0.249947 1.000000 0.000000 0.000001 0.000997
-0.410054 0.730073 0.249952 1.000000 0.000001 0.000001 0.000998
-0.410055 0.730073 0.249948 1.000000 0.000000 -0.000001 0.000998
-0.410055 0.730073 0.249948 1.000000 0.000001 -0.000002 0.000998
-0.410054 0.730073 0.249940 1.000000 0.000000 -0.000001 0.000999
-0.410055 0.730072 0.249879 0.999999 0.000003 -0.000002 0.001001
-0.410053 0.730075 0.249866 0.999999 -0.000003 0.000001 0.001002
-0.410053 0.730074 0.249863 0.999999 -0.000000 0.000002 0.001002
-0.410054 0.730073 0.249862 0.999999 0.000002 -0.000001 0.001003
-0.410055 0.730073 0.249877 0.999999 0.000000 -0.000003 0.001003
-0.410055 0.730073 0.249897 0.999999 0.000000 -0.000003 0.001003
-0.410055 0.730073 0.249913 0.999999 0.000001 -0.000001 0.001004
-0.410055 0.730075 0.249940 0.999999 -0.000002 -0.000001 0.001004
-0.410055 0.730073 0.249939 0.999999 0.000001 -0.000002 0.001005
-0.410054 0.730072 0.249911 0.999999 0.000003 -0.000000 0.001006
-0.410054 0.730073 0.249891 0.999999 0.000001 0.000000 0.001007
-0.410057 0.730074 0.249878 0.999999 -0.000000 -0.000006 0.001008
-0.410054 0.730075 0.249864 0.999999 -0.000002 0.000001 0.001009
-0.410053 0.730074 0.249862 0.999999 -0.000001 0.000003 0.001009
-0.410053 0.730074 0.249877 0.999999 0.000000 0.000001 0.001010
-0.410055 0.730074 0.249904 0.999999 -0.000001 -0.000001 0.001011
-0.410054 0.730075 0.249904 0.999999 -0.000002 -0.000001 0.001012
-0.410054 0.730073 0.249908 0.999999 0.000002 -0.000001 0.001013
-0.410054 0.730073 0.249914 0.999999 0.000002 -0.000001 0.001014
-0.410055 0.730074 0.249930 0.999999 -0.000001 -0.000002 0.001015
-0.410054 0.730073 0.249935 0.999999 0.000001 -0.000001 0.001015
-0.410054 0.730074 0.249939 0.999999 0.000000 0.000000 0.001016
-0.410055 0.730073 0.249940 0.999999 0.000002 -0.000003 0.001017
-0.410055 0.730074 0.249938 0.999999 0.000000 -0.000002 0.001017
-0.410054 0.730075 0.249957 0.999999 -0.000001 -0.000001 0.001017
-0.410054 0.730073 0.249963 0.999999 0.000001 -0.000001 0.001018
-0.410054 0.730074 0.249966 0.999999 0.000001 -0.000000 0.001018
-0.410054 0.730073 0.249970 0.999999 0.000001 -0.000001 0.001018
-0.410054 0.730074 0.249964 0.999999 -0.000001 -0.000000 0.001018
-0.410053 0.730074 0.249954 0.999999 0.000001 0.000001 0.001019
-0.410055 0.730072 0.249942 0.999999 0.000003 -0.000002 0.001019
-0.410054 0.730073 0.249889 0.999999 0.000002 -0.000001 0.001021
-0.410052 0.730075 0.249873 0.999999 -0.000001 0.000004 0.001021
-0.410051 0.730073 0.249832 0.999999 0.000002 0.000004 0.001023
-0.410053 0.730075 0.249813 0.999999 -0.000001 0.000001 0.001023
-0.410055 0.730075 0.249806 0.999999 -0.000003 -0.000002 0.001023
-0.410055 0.730075 0.249821 0.999999 -0.000002 -0.000002 0.001024
-0.410055 0.730073 0.249855 0.999999 0.000002 -0.000003 0.001025
-0.410054 0.730074 0.249884 0.999999 0.000001 -0.000001 0.001025
-0.410055 0.730075 0.249897 0.999999 -0.000001 -0.000002 0.001025
-0.410054 0.730074 0.249918 0.999999 -0.000000 -0.000002 0.001026
-0.410054 0.730074 0.249931 0.999999 0.000001 -0.000001 0.001027
-0.410055 0.730074 0.249939 0.999999 0.000001 -0.000002 0.001027
-0.410055 0.730073 0.249939 0.999999 0.000003 -0.000003 0.001028
-0.410056 0.730076 0.249913 0.999999 -0.000003 -0.000004 0.001028
-0.410053 0.730077 0.249884 0.999999 -0.000004 0.000001 0.001028
-0.410054 0.730073 0.249873 0.999999 0.000002 -0.000001 0.001029
-0.410055 0.730074 0.249884 0.999999 0.000002 -0.000003 0.001029
-0.410053 0.730074 0.249895 0.999999 0.000002 0.000001 0.001030
-0.410053 0.730075 0.249898 0.999999 -0.000002 0.000000 0.001030
-0.410053 0.730078 0.249896 0.999999 -0.000006 0.000001 0.001030
-0.410053 0.730076 0.249874 0.999999 -0.000002 0.000002 0.001031
-0.410055 0.730074 0.249837 0.999999 0.000001 -0.000003 0.001032
-0.410054 0.730075 0.249838 0.999999 -0.000001 -0.000002 0.001033
-0.410054 0.730073 0.249847 0.999999 0.000004 -0.000000 0.001034
-0.410053 0.730074 0.249853 0.999999 0.000001 0.000001 0.001035
-0.410053 0.730077 0.249842 0.999999 -0.000005 0.000001 0.001037
-0.410054 0.730073 0.249839 0.999999 0.000003 -0.000001 0.001037
-0.410053 0.730076 0.249842 0.999999 -0.000002 0.000002 0.001038
-0.410052 0.730075 0.249868 0.999999 0.000000 0.000002 0.001039
-0.410052 0.730075 0.249920 0.999999 0.000000 0.000003 0.001039
-0.410053 0.730075 0.249918 0.999999 -0.000000 0.000002 0.001040
-0.410054 0.730075 0.249896 0.999999 0.000001 -0.000001 0.001040
-0.410055 0.730074 0.249906 0.999999 0.000001 -0.000002 0.001041
-0.410053 0.730076 0.249928 0.999999 -0.000001 0.000002 0.001041
-0.410053 0.730075 0.249934 0.999999 -0.000000 0.000002 0.001042
-0.410053 0.730076 0.249925 0.999999 -0.000002 0.000001 0.001043
-0.410053 0.730076 0.249925 0.999999 -0.000002 0.000002 0.001044
-0.410055 0.730075 0.249933 0.999999 -0.000000 -0.000002 0.001044
-0.410056 0.730074 0.249928 0.999999 0.000003 -0.000005 0.001044
-0.410055 0.730078 0.249862 0.999999 -0.000005 -0.000003 0.001045
-0.410051 0.730075 0.249839 0.999999 -0.000000 0.000005 0.001046
-0.410054 0.730075 0.249861 0.999999 0.000001 -0.000000 0.001047
-0.410054 0.730076 0.249885 0.999999 -0.000001 0.000000 0.001047
-0.410054 0.730075 0.249931 0.999999 0.000000 0.000000 0.001048
-0.410053 0.730076 0.249944 0.999999 -0.000002 0.000002 0.001048
-0.410054 0.730076 0.249940 0.999999 -0.000001 -0.000001 0.001048
-0.410055 0.730075 0.249931 0.999999 0.000001 -0.000002 0.001049
-0.410053 0.730076 0.249913 0.999999 -0.000002 0.000002 0.001050
-0.410053 0.730076 0.249913 0.999999 -0.000000 0.000001 0.001050
-0.410055 0.730075 0.249913 0.999999 0.000001 -0.000002 0.001050
-0.410054 0.730075 0.249926 0.999999 0.000001 -0.000001 0.001050
-0.410054 0.730074 0.249938 0.999999 0.000002 -0.000001 0.001051
-0.410053 0.730075 0.249943 0.999999 0.000001 0.000001 0.001051
-0.410055 0.730075 0.249934 0.999999 0.000001 -0.000003 0.001051
-0.410053 0.730076 0.249922 0.999999 -0.000001 0.000001 0.001052
-0.410054 0.730077 0.249922 0.999999 -0.000003 0.000000 0.001052
-0.410053 0.730075 0.249908 0.999999 0.000001 0.000002 0.001053
-0.410053 0.730075 0.249886 0.999999 0.000002 0.000001 0.001054
-0.410054 0.730075 0.249874 0.999999 0.000001 -0.000001 0.001054
-0.410055 0.730075 0.249887 0.999999 0.000002 -0.000002 0.001054
-0.410055 0.730075 0.249909 0.999999 0.000001 -0.000003 0.001054
-0.410054 0.730075 0.249926 0.999999 0.000001 -0.000000 0.001055
-0.410055 0.730076 0.249939 0.999999 -0.000000 -0.000002 0.001055
-0.410054 0.730076 0.249944 0.999999 -0.000000 -0.000001 0.001055
-0.410053 0.730075 0.249951 0.999999 0.000001 0.000001 0.001055
-0.410054 0.730076 0.249952 0.999999 0.000000 -0.000001 0.001056
-0.410054 0.730076 0.249950 0.999999 -0.000001 -0.000001 0.001056
-0.410055 0.730074 0.249950 0.999999 0.000003 -0.000002 0.001057
-0.410053 0.730075 0.249944 0.999999 0.000001 0.000001 0.001057
-0.410053 0.730077 0.249927 0.999999 -0.000002 0.000001 0.001057
-0.410055 0.730078 0.249905 0.999999 -0.000005 -0.000002 0.001058
-0.410053 0.730077 0.249871 0.999999 -0.000001 0.000001 0.001058
-0.410052 0.730077 0.249841 0.999999 -0.000003 0.000003 0.001058
-0.410055 0.730077 0.249823 0.999999 -0.000003 -0.000002 0.001059
-0.410054 0.730072 0.249811 0.999999 0.000007 -0.000001 0.001059
-0.410055 0.730072 0.249816 0.999999 0.000007 -0.000003 0.001060
-0.410057 0.730077 0.249808 0.999999 -0.000002 -0.000006 0.001061
-0.410052 0.730072 0.249793 0.999999 0.000007 0.000003 0.001061
-0.410056 0.730077 0.249784 0.999999 -0.000002 -0.000004 0.001061
-0.410052 0.730075 0.249776 0.999999 0.000001 0.000003 0.001062
-0.410054 0.730079 0.249771 0.999999 -0.000007 -0.000001 0.001062
-0.410053 0.730075 0.249784 0.999999 0.000003 0.000001 0.001063
-0.410055 0.730076 0.249793 0.999999 0.000000 -0.000003 0.001064
-0.410053 0.730078 0.249867 0.999999 -0.000004 0.000000 0.001067
-0.410053 0.730078 0.249920 0.999999 -0.000003 0.000002 0.001069
-0.410053 0.730078 0.249907 0.999999 -0.000004 0.000002 0.001070
-0.410054 0.730079 0.249816 0.999999 -0.000005 -0.000000 0.001072
-0.410054 0.730077 0.249867 0.999999 -0.000002 -0.000001 0.001074
-0.410054 0.730077 0.249905 0.999999 -0.000001 -0.000001 0.001076
-0.410054 0.730076 0.249921 0.999999 0.000000 -0.000000 0.001078
-0.410054 0.730076 0.249959 0.999999 0.000001 -0.000000 0.001079
-0.410054 0.730074 0.249924 0.999999 0.000006 0.000000 0.001080
-0.410053 0.730077 0.249865 0.999999 -0.000000 0.000001 0.001083
-0.410054 0.730077 0.249919 0.999999 -0.000001 -0.000001 0.001086
-0.410054 0.730077 0.249923 0.999999 -0.000000 -0.000000 0.001089
-0.410052 0.730077 0.249822 0.999999 -0.000001 0.000004 0.001091
-0.410054 0.730078 0.249823 0.999999 -0.000001 -0.000001 0.001093
-0.410054 0.730076 0.249904 0.999999 0.000001 -0.000001 0.001094
-0.410054 0.730076 0.249935 0.999999 0.000003 -0.000001 0.001096
-0.410054 0.730076 0.249933 0.999999 0.000001 -0.000001 0.001097
-0.410053 0.730078 0.249942 0.999999 -0.000002 0.000000 0.001097
-0.410054 0.730078 0.249937 0.999999 -0.000002 -0.000001 0.001097
-0.410052 0.730076 0.249929 0.999999 0.000002 0.000002 0.001099
-0.410054 0.730078 0.249905 0.999999 -0.000002 -0.000001 0.001099
-0.410054 0.730075 0.249845 0.999999 0.000005 -0.000001 0.001100
-0.410053 0.730076 0.249825 0.999999 0.000002 0.000002 0.001100
-0.410053 0.730079 0.249808 0.999999 -0.000004 0.000000 0.001102
-0.410053 0.730076 0.249822 0.999999 0.000003 0.000001 0.001102
-0.410054 0.730076 0.249810 0.999999 0.000002 -0.000001 0.001103
-0.410053 0.730077 0.249820 0.999999 0.000001 -0.000000 0.001104
-0.410054 0.730078 0.249867 0.999999 -0.000000 -0.000000 0.001105
-0.410053 0.730078 0.249898 0.999999 -0.000001 -0.000000 0.001105
-0.410054 0.730077 0.249922 0.999999 0.000001 -0.000002 0.001105
-0.410054 0.730078 0.249946 0.999999 -0.000002 -0.000001 0.001106
-0.410054 0.730076 0.249942 0.999999 0.000002 -0.000001 0.001107
-0.410055 0.730077 0.249940 0.999999 0.000001 -0.000002 0.001107
-0.410054 0.730077 0.249941 0.999999 -0.000000 -0.000001 0.001108
-0.410054 0.730076 0.249946 0.999999 0.000003 -0.000002 0.001108
-0.410054 0.730077 0.249923 0.999999 0.000001 -0.000001 0.001109
-0.410054 0.730077 0.249903 0.999999 0.000001 -0.000000 0.001110
-0.410054 0.730077 0.249918 0.999999 0.000001 -0.000001 0.001110
-0.410054 0.730077 0.249934 0.999999 0.000000 -0.000001 0.001110
-0.410053 0.730079 0.249945 0.999999 -0.000003 0.000000 0.001111
-0.410054 0.730077 0.249936 0.999999 0.000002 -0.000000 0.001112
-0.410053 0.730077 0.249935 0.999999 0.000002 -0.000000 0.001113
-0.410054 0.730078 0.249930 0.999999 -0.000001 -0.000001 0.001114
-0.410055 0.730077 0.249944 0.999999 0.000001 -0.000003 0.001115
-0.410054 0.730077 0.249949 0.999999 0.000001 -0.000001 0.001115
-0.410054 0.730077 0.249960 0.999999 0.000001 -0.000002 0.001115
-0.410054 0.730077 0.249962 0.999999 0.000001 -0.000001 0.001115
-0.410053 0.730078 0.249968 0.999999 -0.000001 0.000001 0.001116
-0.410054 0.730078 0.249968 0.999999 0.000000 -0.000001 0.001116
-0.410054 0.730077 0.249970 0.999999 0.000001 -0.000001 0.001116
-0.410054 0.730077 0.249967 0.999999 0.000002 -0.000002 0.001116
-0.410053 0.730078 0.249963 0.999999 -0.000001 0.000000 0.001117
-0.410053 0.730077 0.249941 0.999999 0.000002 0.000001 0.001117
-0.410054 0.730076 0.249873 0.999999 0.000004 -0.000002 0.001117
-0.410054 0.730077 0.249859 0.999999 0.000001 -0.000001 0.001118
-0.410053 0.730078 0.249855 0.999999 0.000000 0.000002 0.001119
-0.410053 0.730078 0.249872 0.999999 0.000000 0.000001 0.001119
-0.410055 0.730078 0.249895 0.999999 -0.000000 -0.000003 0.001119
-0.410055 0.730079 0.249896 0.999999 -0.000003 -0.000004 0.001120
-0.410054 0.730078 0.249876 0.999999 -0.000000 -0.000001 0.001120
-0.410052 0.730077 0.249855 0.999999 0.000002 0.000002 0.001121
-0.410052 0.730078 0.249837 0.999999 0.000001 0.000002 0.001121
-0.410054 0.730078 0.249835 0.999999 0.000000 -0.000001 0.001121
-0.410055 0.730078 0.249845 0.999999 0.000000 -0.000003 0.001122
-0.410052 0.730079 0.249842 0.999999 -0.000001 0.000002 0.001123
-0.410053 0.730078 0.249849 0.999999 0.000000 0.000001 0.001123
-0.410055 0.730077 0.249868 0.999999 0.000001 -0.000004 0.001124
-0.410054 0.730078 0.249876 0.999999 0.000001 -0.000002 0.001124
-0.410052 0.730078 0.249878 0.999999 -0.000000 0.000002 0.001125
-0.410053 0.730079 0.249889 0.999999 -0.000002 0.000001 0.001126
-0.410053 0.730079 0.249903 0.999999 -0.000002 0.000002 0.001126
-0.410054 0.730079 0.249914 0.999999 -0.000001 -0.000001 0.001126
-0.410054 0.730078 0.249921 0.999999 0.000001 -0.000002 0.001127
-0.410054 0.730077 0.249921 0.999999 0.000002 -0.000001 0.001127
-0.410054 0.730077 0.249917 0.999999 0.000003 -0.000001 0.001128
-0.410055 0.730078 0.249914 0.999999 0.000001 -0.000002 0.001128
-0.410054 0.730079 0.249917 0.999999 -0.000002 -0.000000 0.001129
-0.410054 0.730078 0.249924 0.999999 0.000001 -0.000001 0.001129
-0.410054 0.730077 0.249936 0.999999 0.000002 -0.000001 0.001129
-0.410053 0.730078 0.249954 0.999999 0.000000 0.000002 0.001130
-0.410053 0.730079 0.249946 0.999999 -0.000001 0.000001 0.001130
-0.410055 0.730078 0.249929 0.999999 -0.000000 -0.000002 0.001131
-0.410054 0.730078 0.249940 0.999999 0.000001 -0.000001 0.001131
-0.410053 0.730078 0.249945 0.999999 0.000000 0.000001 0.001131
-0.410054 0.730078 0.249928 0.999999 0.000001 0.000000 0.001132
-0.410054 0.730078 0.249900 0.999999 0.000001 -0.000001 0.001133
-0.410054 0.730078 0.249898 0.999999 -0.000000 -0.000001 0.001133
-0.410053 0.730080 0.249859 0.999999 -0.000003 0.000001 0.001134
-0.410054 0.730078 0.249865 0.999999 0.000001 -0.000002 0.001134
-0.410054 0.730078 0.249914 0.999999 0.000001 -0.000000 0.001135
-0.410055 0.730078 0.249930 0.999999 0.000001 -0.000002 0.001135
-0.410054 0.730078 0.249951 0.999999 0.000001 0.000000 0.001136
-0.410055 0.730079 0.249931 0.999999 -0.000001 -0.000002 0.001136
-0.410055 0.730079 0.249848 0.999999 -0.000001 -0.000003 0.001139
-0.410052 0.730080 0.249838 0.999999 -0.000003 0.000004 0.001140
-0.410053 0.730084 0.249834 0.999999 -0.000011 0.000001 0.001140
-0.410054 0.730081 0.249834 0.999999 -0.000004 -0.000000 0.001140
-0.410053 0.730076 0.249840 0.999999 0.000005 0.000001 0.001141
-0.410056 0.730076 0.249831 0.999999 0.000006 -0.000004 0.001141
-0.410052 0.730078 0.249811 0.999999 0.000001 0.000005 0.001142
-0.410055 0.730081 0.249804 0.999999 -0.000005 -0.000002 0.001143
-0.410055 0.730078 0.249832 0.999999 0.000001 -0.000002 0.001144
-0.410055 0.730079 0.249870 0.999999 0.000000 -0.000002 0.001144
-0.410054 0.730079 0.249927 0.999999 -0.000000 -0.000001 0.001145
-0.410054 0.730078 0.249944 0.999999 0.000001 -0.000001 0.001145
-0.410053 0.730079 0.249949 0.999999 -0.000000 0.000001 0.001146
-0.410054 0.730079 0.249949 0.999999 0.000001 0.000000 0.001146
-0.410054 0.730078 0.249940 0.999999 0.000002 0.000001 0.001147
-0.410052 0.730079 0.249925 0.999999 0.000001 0.000004 0.001147
-0.410056 0.730078 0.249881 0.999999 0.000002 -0.000004 0.001148
-0.410055 0.730080 0.249871 0.999999 -0.000001 -0.000002 0.001148
-0.410055 0.730079 0.249876 0.999999 0.000001 -0.000002 0.001149
-0.410054 0.730077 0.249884 0.999999 0.000004 -0.000000 0.001150
-0.410055 0.730080 0.249893 0.999999 -0.000002 -0.000002 0.001151
-0.410055 0.730079 0.249890 0.999999 -0.000001 -0.000002 0.001152
-0.410055 0.730079 0.249889 0.999999 0.000001 -0.000002 0.001153
-0.410054 0.730079 0.249902 0.999999 0.000001 0.000000 0.001153
-0.410054 0.730081 0.249914 0.999999 -0.000004 0.000001 0.001154
-0.410054 0.730080 0.249907 0.999999 -0.000002 0.000000 0.001154
-0.410056 0.730080 0.249855 0.999999 -0.000002 -0.000005 0.001155
-0.410051 0.730078 0.249827 0.999999 0.000003 0.000006 0.001155
-0.410053 0.730077 0.249784 0.999999 0.000004 0.000002 0.001155
-0.410056 0.730079 0.249776 0.999999 0.000002 -0.000004 0.001156
-0.410056 0.730078 0.249789 0.999999 0.000004 -0.000004 0.001157
-0.410052 0.730082 0.249796 0.999999 -0.000005 0.000003 0.001157
-0.410053 0.730079 0.249820 0.999999 -0.000000 0.000002 0.001158
-0.410054 0.730081 0.249837 0.999999 -0.000004 -0.000001 0.001159
-0.410054 0.730078 0.249852 0.999999 0.000002 0.000000 0.001160
-0.410054 0.730079 0.249852 0.999999 0.000001 0.000001 0.001160
-0.410054 0.730077 0.249881 0.999999 0.000005 -0.000000 0.001162
-0.410054 0.730078 0.249862 0.999999 0.000002 -0.000000 0.001165
-0.410054 0.730079 0.249906 0.999999 0.000002 0.000000 0.001167
-0.410054 0.730079 0.249928 0.999999 0.000001 -0.000001 0.001168
-0.410054 0.730079 0.249902 0.999999 0.000001 0.000001 0.001169
-0.410054 0.730079 0.249851 0.999999 0.000002 -0.000000 0.001172
-0.410054 0.730081 0.249898 0.999999 -0.000001 -0.000000 0.001175
-0.410054 0.730082 0.249847 0.999999 -0.000003 -0.000001 0.001177
-0.410055 0.730080 0.249912 0.999999 0.000000 -0.000002 0.001179
-0.410053 0.730081 0.249926 0.999999 -0.000001 0.000002 0.001182
-0.410054 0.730079 0.249957 0.999999 0.000002 -0.000000 0.001183
-0.410054 0.730081 0.249937 0.999999 -0.000002 -0.000001 0.001184
-0.410054 0.730080 0.249942 0.999999 0.000000 -0.000001 0.001185
-0.410053 0.730078 0.249900 0.999999 0.000004 0.000001 0.001188
-0.410054 0.730080 0.249866 0.999999 0.000002 -0.000000 0.001190
-0.410055 0.730081 0.249869 0.999999 0.000000 -0.000003 0.001192
-0.410055 0.730079 0.249821 0.999999 0.000003 -0.000002 0.001195
-0.410054 0.730081 0.249895 0.999999 0.000001 -0.000001 0.001198
-0.410053 0.730082 0.249915 0.999999 -0.000001 0.000001 0.001198
-0.410053 0.730080 0.249928 0.999999 0.000002 0.000001 0.001198
-0.410054 0.730081 0.249945 0.999999 -0.000000 -0.000000 0.001199
-0.410054 0.730080 0.249955 0.999999 0.000001 -0.000001 0.001199
-0.410054 0.730082 0.249972 0.999999 -0.000002 -0.000001 0.001199
-0.410054 0.730080 0.249931 0.999999 0.000003 -0.000002 0.001202
-0.410054 0.730081 0.249957 0.999999 0.000001 -0.000002 0.001203
-0.410054 0.730080 0.249924 0.999999 0.000001 -0.000000 0.001204
-0.410054 0.730080 0.249893 0.999999 0.000002 -0.000001 0.001206
-0.410054 0.730081 0.249933 0.999999 0.000001 -0.000001 0.001207
-0.410055 0.730080 0.249959 0.999999 0.000002 -0.000003 0.001208
-0.410054 0.730081 0.249891 0.999999 0.000001 -0.000001 0.001210
-0.410056 0.730081 0.249864 0.999999 0.000001 -0.000004 0.001212
-0.410055 0.730082 0.249871 0.999999 -0.000001 -0.000002 0.001215
-0.410053 0.730081 0.249916 0.999999 0.000001 0.000003 0.001217
-0.410054 0.730082 0.249923 0.999999 -0.000000 -0.000000 0.001219
-0.410053 0.730082 0.249894 0.999999 -0.000000 0.000002 0.001221
-0.410056 0.730080 0.249825 0.999999 0.000003 -0.000004 0.001222
-0.410055 0.730080 0.249790 0.999999 0.000004 -0.000002 0.001225
-0.410055 0.730081 0.249872 0.999999 0.000002 -0.000002 0.001229
-0.410055 0.730082 0.249858 0.999999 0.000000 -0.000002 0.001232
-0.410055 0.730082 0.249940 0.999999 -0.000000 -0.000002 0.001233
-0.410055 0.730082 0.249919 0.999999 0.000001 -0.000002 0.001236
-0.410054 0.730084 0.249861 0.999999 -0.000003 -0.000001 0.001238
-0.410054 0.730083 0.249930 0.999999 -0.000001 -0.000002 0.001240
-0.410054 0.730081 0.249952 0.999999 0.000002 -0.000000 0.001241
-0.410054 0.730083 0.249945 0.999999 -0.000001 -0.000000 0.001242
-0.410054 0.730082 0.249916 0.999999 0.000000 -0.000000 0.001244
-0.410053 0.730083 0.249904 0.999999 -0.000001 0.000001 0.001247
-0.410052 0.730083 0.249881 0.999999 -0.000000 0.000002 0.001248
-0.410052 0.730081 0.249851 0.999999 0.000004 0.000002 0.001250
-0.410054 0.730080 0.249784 0.999999 0.000005 -0.000002 0.001253
-0.410054 0.730083 0.249812 0.999999 -0.000001 0.000000 0.001254
-0.410051 0.730084 0.249832 0.999999 -0.000001 0.000006 0.001256
-0.410054 0.730084 0.249841 0.999999 -0.000002 -0.000001 0.001258
-0.410054 0.730083 0.249870 0.999999 -0.000000 -0.000000 0.001261
-0.410055 0.730083 0.249889 0.999999 0.000001 -0.000002 0.001263
-0.410054 0.730083 0.249958 0.999999 0.000000 0.000000 0.001264
-0.410053 0.730083 0.249957 0.999999 -0.000001 0.000002 0.001265
-0.410055 0.730083 0.249942 0.999999 0.000001 -0.000003 0.001267
-0.410054 0.730084 0.249900 0.999999 -0.000002 -0.000001 0.001270
-0.410053 0.730082 0.249875 0.999999 0.000002 0.000001 0.001272
-0.410054 0.730081 0.249890 0.999999 0.000006 -0.000000 0.001275
-0.410054 0.730083 0.249825 0.999999 0.000002 -0.000000 0.001276
-0.410056 0.730084 0.249833 0.999999 -0.000001 -0.000004 0.001279
-0.410053 0.730083 0.249848 0.999999 0.000002 0.000002 0.001283
-0.410053 0.730083 0.249893 0.999999 0.000001 0.000002 0.001285
-0.410054 0.730085 0.249848 0.999999 -0.000001 0.000000 0.001289
-0.410054 0.730087 0.249817 0.999999 -0.000007 0.000000 0.001290
-0.410056 0.730085 0.249764 0.999999 -0.000002 -0.000005 0.001291
-0.410053 0.730086 0.249759 0.999999 -0.000003 0.000003 0.001291
-0.410052 0.730085 0.249760 0.999999 -0.000001 0.000003 0.001292
-0.410055 0.730087 0.249760 0.999999 -0.000006 -0.000003 0.001292
-0.410050 0.730087 0.249760 0.999999 -0.000005 0.000007 0.001293
-0.410055 0.730083 0.249787 0.999999 0.000001 -0.000002 0.001295
-0.410055 0.730084 0.249901 0.999999 0.000000 -0.000001 0.001298
-0.410053 0.730087 0.249865 0.999999 -0.000004 0.000001 0.001300
-0.410052 0.730085 0.249844 0.999999 -0.000001 0.000003 0.001301
-0.410054 0.730084 0.249810 0.999999 0.000002 0.000001 0.001302
-0.410052 0.730086 0.249812 0.999999 -0.000004 0.000004 0.001302
-0.410058 0.730084 0.249798 0.999999 0.000001 -0.000007 0.001305
-0.410057 0.730084 0.249787 0.999999 0.000000 -0.000005 0.001307
-0.410056 0.730085 0.249864 0.999999 -0.000001 -0.000003 0.001310
-0.410055 0.730083 0.249849 0.999999 0.000004 -0.000003 0.001313
-0.410054 0.730084 0.249847 0.999999 0.000001 -0.000001 0.001317
-0.410054 0.730085 0.249868 0.999999 -0.000001 -0.000000 0.001317
-0.410054 0.730085 0.249923 0.999999 0.000001 -0.000000 0.001318
-0.410055 0.730085 0.249942 0.999999 -0.000000 -0.000002 0.001318
-0.410054 0.730084 0.249942 0.999999 0.000002 -0.000000 0.001319
-0.410054 0.730084 0.249931 0.999999 0.000002 0.000000 0.001319
-0.410055 0.730085 0.249937 0.999999 0.000000 -0.000002 0.001320
-0.410054 0.730086 0.249947 0.999999 -0.000001 -0.000001 0.001320
-0.410055 0.730084 0.249955 0.999999 0.000002 -0.000001 0.001321
-0.410054 0.730084 0.249951 0.999999 0.000002 -0.000000 0.001321
-0.410054 0.730085 0.249947 0.999999 0.000001 -0.000001 0.001322
-0.410056 0.730085 0.249951 0.999999 -0.000000 -0.000003 0.001322
-0.410054 0.730085 0.249925 0.999999 0.000001 -0.000000 0.001323
-0.410054 0.730085 0.249921 0.999999 0.000001 -0.000001 0.001323
-0.410055 0.730085 0.249923 0.999999 -0.000001 -0.000002 0.001324
-0.410054 0.730085 0.249926 0.999999 0.000001 0.000000 0.001325
-0.410053 0.730087 0.249930 0.999999 -0.000004 0.000001 0.001325
-0.410056 0.730087 0.249914 0.999999 -0.000003 -0.000003 0.001326
-0.410053 0.730086 0.249870 0.999999 -0.000001 0.000002 0.001327
-0.410053 0.730085 0.249869 0.999999 0.000000 0.000001 0.001327
-0.410054 0.730086 0.249900 0.999999 -0.000001 -0.000001 0.001329
-0.410054 0.730087 0.249914 0.999999 -0.000004 -0.000001 0.001329
-0.410054 0.730083 0.249899 0.999999 0.000004 0.000000 0.001330
-0.410052 0.730086 0.249883 0.999999 -0.000001 0.000003 0.001331
-0.410055 0.730086 0.249856 0.999999 -0.000001 -0.000003 0.001332
-0.410055 0.730086 0.249857 0.999999 -0.000000 -0.000002 0.001333
-0.410054 0.730085 0.249885 0.999999 0.000000 -0.000001 0.001334
-0.410054 0.730086 0.249913 0.999999 -0.000000 -0.000002 0.001334
-0.410055 0.730084 0.249948 0.999999 0.000003 -0.000002 0.001335
-0.410053 0.730085 0.249949 0.999999 0.000001 0.000001 0.001335
-0.410054 0.730085 0.249929 0.999999 0.000001 -0.000001 0.001336
-0.410054 0.730086 0.249917 0.999999 -0.000000 -0.000001 0.001337
-0.410053 0.730085 0.249935 0.999999 0.000001 0.000001 0.001337
-0.410054 0.730085 0.249944 0.999999 0.000002 -0.000000 0.001337
-0.410055 0.730087 0.249925 0.999999 -0.000002 -0.000002 0.001338
-0.410055 0.730087 0.249896 0.999999 -0.000002 -0.000004 0.001338
-0.410054 0.730085 0.249855 0.999999 0.000001 -0.000001 0.001339
-0.410054 0.730086 0.249879 0.999999 -0.000000 -0.000001 0.001339
-0.410053 0.730087 0.249925 0.999999 -0.000003 0.000001 0.001339
-0.410054 0.730087 0.249922 0.999999 -0.000002 0.000000 0.001339
-0.410055 0.730086 0.249922 0.999999 0.000000 -0.000002 0.001340
-0.410054 0.730085 0.249933 0.999999 0.000001 -0.000000 0.001340
-0.410054 0.730086 0.249955 0.999999 0.000000 -0.000000 0.001341
-0.410053 0.730085 0.249963 0.999999 0.000001 0.000001 0.001341
-0.410054 0.730087 0.249954 0.999999 -0.000002 -0.000001 0.001341
-0.410055 0.730087 0.249940 0.999999 -0.000002 -0.000003 0.001342
-0.410055 0.730085 0.249909 0.999999 0.000003 -0.000002 0.001343
-0.410054 0.730085 0.249916 0.999999 0.000002 -0.000001 0.001343
-0.410054 0.730085 0.249922 0.999999 0.000002 -0.000001 0.001343
-0.410054 0.730087 0.249915 0.999999 -0.000002 -0.000000 0.001343
-0.410053 0.730085 0.249927 0.999999 0.000002 0.000001 0.001344
-0.410054 0.730085 0.249921 0.999999 0.000001 -0.000000 0.001344
-0.410054 0.730087 0.249922 0.999999 -0.000002 0.000001 0.001345
-0.410054 0.730086 0.249928 0.999999 0.000001 0.000000 0.001345
-0.410055 0.730085 0.249930 0.999999 0.000002 -0.000001 0.001346
-0.410054 0.730085 0.249917 0.999999 0.000003 -0.000001 0.001347
-0.410055 0.730085 0.249899 0.999999 0.000001 -0.000002 0.001348
-0.410055 0.730085 0.249913 0.999999 0.000002 -0.000002 0.001349
-0.410054 0.730085 0.249936 0.999999 0.000002 -0.000001 0.001349
-0.410053 0.730085 0.249935 0.999999 0.000002 0.000001 0.001349
-0.410055 0.730088 0.249922 0.999999 -0.000003 -0.000002 0.001350
-0.410053 0.730083 0.249911 0.999999 0.000005 0.000001 0.001351
-0.410055 0.730087 0.249876 0.999999 -0.000002 -0.000003 0.001353
-0.410056 0.730086 0.249861 0.999999 0.000000 -0.000004 0.001353
-0.410053 0.730085 0.249845 0.999999 0.000002 0.000002 0.001355
-0.410055 0.730084 0.249840 0.999999 0.000005 -0.000002 0.001355
-0.410055 0.730088 0.249830 0.999999 -0.000003 -0.000003 0.001356
-0.410054 0.730086 0.249821 0.999999 0.000002 -0.000000 0.001357
-0.410055 0.730086 0.249809 0.999999 0.000000 -0.000003 0.001358
-0.410055 0.730087 0.249828 0.999999 -0.000001 -0.000002 0.001358
-0.410055 0.730086 0.249865 0.999999 0.000001 -0.000001 0.001359
-0.410053 0.730087 0.249860 0.999999 -0.000001 0.000001 0.001359
-0.410055 0.730087 0.249851 0.999999 -0.000001 -0.000002 0.001360
-0.410055 0.730088 0.249855 0.999999 -0.000002 -0.000002 0.001361
-0.410055 0.730085 0.249868 0.999999 0.000002 -0.000002 0.001362
-0.410053 0.730085 0.249879 0.999999 0.000003 0.000001 0.001363
-0.410054 0.730089 0.249851 0.999999 -0.000004 0.000000 0.001364
-0.410052 0.730089 0.249831 0.999999 -0.000004 0.000003 0.001365
-0.410054 0.730087 0.249829 0.999999 -0.000001 0.000000 0.001365
-0.410053 0.730085 0.249840 0.999999 0.000003 0.000001 0.001366
-0.410054 0.730086 0.249871 0.999999 0.000001 -0.000000 0.001368
-0.410055 0.730085 0.249875 0.999999 0.000003 -0.000003 0.001371
-0.410056 0.730088 0.249835 0.999999 -0.000002 -0.000004 0.001374
-0.410054 0.730087 0.249858 0.999999 0.000001 -0.000001 0.001377
-0.410055 0.730086 0.249910 0.999999 0.000003 -0.000001 0.001380
-0.410054 0.730089 0.249932 0.999999 -0.000003 0.000001 0.001382
-0.410053 0.730086 0.249836 0.999999 0.000003 0.000002 0.001383
-0.410054 0.730087 0.249875 0.999999 0.000002 -0.000000 0.001386
-0.410055 0.730088 0.249895 0.999999 -0.000000 -0.000003 0.001386
-0.410055 0.730088 0.249930 0.999999 -0.000001 -0.000001 0.001386
-0.410054 0.730087 0.249945 0.999999 0.000001 0.000000 0.001386
-0.410054 0.730087 0.249952 0.999999 0.000002 -0.000000 0.001387
-0.410055 0.730086 0.249948 0.999999 0.000003 -0.000002 0.001387
-0.410055 0.730086 0.249914 0.999999 0.000003 -0.000001 0.001388
-0.410055 0.730088 0.249889 0.999999 -0.000001 -0.000002 0.001388
-0.410056 0.730088 0.249871 0.999999 -0.000001 -0.000003 0.001389
-0.410055 0.730088 0.249872 0.999999 -0.000001 -0.000002 0.001390
-0.410053 0.730089 0.249912 0.999999 -0.000002 0.000002 0.001390
-0.410056 0.730088 0.249921 0.999999 -0.000001 -0.000003 0.001391
-0.410055 0.730085 0.249870 0.999999 0.000006 -0.000001 0.001392
-0.410053 0.730087 0.249879 0.999999 0.000002 0.000002 0.001396
-0.410054 0.730090 0.249861 0.999999 -0.000004 0.000001 0.001399
-0.410055 0.730088 0.249840 0.999999 0.000001 -0.000002 0.001401
-0.410056 0.730088 0.249899 0.999999 0.000001 -0.000003 0.001403
-0.410056 0.730088 0.249885 0.999999 0.000000 -0.000004 0.001405
-0.410054 0.730090 0.249873 0.999999 -0.000003 0.000001 0.001408
-0.410054 0.730089 0.249920 0.999999 -0.000001 0.000000 0.001409
-0.410054 0.730088 0.249855 0.999999 0.000001 -0.000000 0.001428
-0.410055 0.730089 0.249841 0.999999 -0.000000 -0.000001 0.001432
-0.410054 0.730089 0.249879 0.999999 0.000001 -0.000000 0.001433
-0.410054 0.730088 0.249918 0.999999 0.000004 0.000000 0.001435
-0.410056 0.730088 0.249923 0.999999 0.000003 -0.000003 0.001438
-0.410054 0.730089 0.249909 0.999999 0.000000 -0.000000 0.001440
-0.410053 0.730090 0.249887 0.999999 0.000000 0.000002 0.001442
-0.410055 0.730089 0.249922 0.999999 0.000002 -0.000002 0.001443
-0.410054 0.730090 0.249937 0.999999 -0.000001 -0.000001 0.001445
-0.410055 0.730089 0.249913 0.999999 0.000002 -0.000002 0.001447
-0.410055 0.730089 0.249925 0.999999 0.000003 -0.000002 0.001448
-0.410054 0.730090 0.249931 0.999999 -0.000001 -0.000001 0.001448
-0.410054 0.730089 0.249951 0.999999 0.000001 -0.000001 0.001449
-0.410055 0.730089 0.249960 0.999999 0.000001 -0.000001 0.001449
-0.410055 0.730091 0.249966 0.999999 -0.000001 -0.000002 0.001449
-0.410054 0.730090 0.249964 0.999999 -0.000000 -0.000001 0.001449
-0.410054 0.730089 0.249966 0.999999 0.000002 -0.000001 0.001450
-0.410055 0.730090 0.249972 0.999999 0.000001 -0.000002 0.001450
-0.410055 0.730090 0.249971 0.999999 0.000000 -0.000002 0.001450
-0.410053 0.730092 0.249950 0.999999 -0.000005 0.000001 0.001450
-0.410056 0.730088 0.249874 0.999999 0.000005 -0.000004 0.001452
-0.410053 0.730090 0.249797 0.999999 0.000001 0.000003 0.001454
-0.410054 0.730090 0.249863 0.999999 0.000001 0.000000 0.001456
-0.410054 0.730090 0.249879 0.999999 0.000000 -0.000000 0.001459
-0.410054 0.730091 0.249865 0.999999 -0.000001 -0.000001 0.001462
-0.410056 0.730091 0.249853 0.999999 -0.000002 -0.000003 0.001463
-0.410053 0.730090 0.249850 0.999999 0.000000 0.000002 0.001464
-0.410054 0.730090 0.249877 0.999999 0.000000 0.000000 0.001465
-0.410055 0.730091 0.249930 0.999999 -0.000002 -0.000002 0.001465
-0.410054 0.730090 0.249933 0.999999 0.000002 -0.000000 0.001466
-0.410055 0.730090 0.249927 0.999999 0.000000 -0.000002 0.001467
-0.410055 0.730090 0.249935 0.999999 0.000002 -0.000002 0.001467
-0.410055 0.730091 0.249949 0.999999 -0.000000 -0.000001 0.001468
-0.410055 0.730091 0.249948 0.999999 -0.000002 -0.000002 0.001468
-0.410054 0.730090 0.249942 0.999999 0.000002 -0.000001 0.001469
-0.410054 0.730089 0.249929 0.999999 0.000004 -0.000001 0.001469
-0.410052 0.730091 0.249884 0.999999 -0.000000 0.000004 0.001471
-0.410055 0.730091 0.249854 0.999999 -0.000002 -0.000001 0.001472
-0.410055 0.730093 0.249830 0.999999 -0.000004 -0.000002 0.001473
-0.410053 0.730091 0.249827 0.999999 -0.000001 0.000002 0.001473
-0.410057 0.730090 0.249811 0.999999 0.000001 -0.000006 0.001475
-0.410054 0.730091 0.249803 0.999999 -0.000001 0.000000 0.001475
-0.410055 0.730091 0.249806 0.999999 -0.000001 -0.000003 0.001477
-0.410052 0.730088 0.249801 0.999999 0.000005 0.000003 0.001477
-0.410052 0.730088 0.249787 0.999999 0.000006 0.000004 0.001478
-0.410055 0.730093 0.249785 0.999999 -0.000004 -0.000003 0.001479
-0.410055 0.730092 0.249774 0.999999 -0.000001 -0.000002 0.001480
-0.410056 0.730092 0.249782 0.999999 -0.000002 -0.000004 0.001482
-0.410054 0.730090 0.249855 0.999999 0.000003 0.000000 0.001484
-0.410054 0.730091 0.249889 0.999999 0.000001 0.000000 0.001486
-0.410054 0.730090 0.249914 0.999999 0.000003 -0.000001 0.001488
-0.410052 0.730092 0.249875 0.999999 -0.000001 0.000003 0.001491
-0.410054 0.730095 0.249892 0.999999 -0.000008 -0.000000 0.001494
-0.410056 0.730092 0.249844 0.999999 -0.000001 -0.000005 0.001497
-0.410054 0.730091 0.249868 0.999999 0.000001 -0.000000 0.001499
-0.410055 0.730090 0.249906 0.999999 0.000004 -0.000002 0.001500
-0.410053 0.730091 0.249830 0.999999 0.000001 0.000001 0.001502
-0.410054 0.730091 0.249919 0.999999 0.000001 -0.000000 0.001503
-0.410053 0.730090 0.249932 0.999999 0.000003 0.000001 0.001504
-0.410054 0.730092 0.249916 0.999999 0.000001 -0.000001 0.001506
-0.410054 0.730092 0.249947 0.999999 -0.000000 -0.000001 0.001508
-0.410054 0.730092 0.249886 0.999999 -0.000000 0.000000 0.001510
-0.410053 0.730091 0.249884 0.999999 0.000002 0.000001 0.001514
-0.410054 0.730092 0.249889 0.999999 0.000000 -0.000000 0.001516
-0.410054 0.730093 0.249883 0.999999 -0.000001 -0.000001 0.001519
-0.410054 0.730093 0.249949 0.999999 -0.000001 -0.000001 0.001520
-0.410054 0.730091 0.249901 0.999999 0.000002 -0.000001 0.001522
-0.410054 0.730092 0.249819 0.999999 0.000002 -0.000001 0.001524
-0.410053 0.730090 0.249780 0.999999 0.000005 0.000002 0.001526
-0.410054 0.730092 0.249768 0.999999 0.000001 -0.000001 0.001527
-0.410053 0.730093 0.249869 0.999999 -0.000001 0.000001 0.001529
-0.410054 0.730092 0.249922 0.999999 0.000001 -0.000001 0.001531
-0.410054 0.730092 0.249927 0.999999 0.000001 0.000000 0.001532
-0.410055 0.730093 0.249946 0.999999 0.000000 -0.000002 0.001533
-0.410055 0.730092 0.249931 0.999999 0.000002 -0.000002 0.001534
-0.410055 0.730093 0.249918 0.999999 0.000000 -0.000003 0.001536
-0.410052 0.730092 0.249863 0.999999 0.000002 0.000003 0.001539
-0.410054 0.730095 0.249787 0.999999 -0.000005 -0.000000 0.001540
-0.410054 0.730094 0.249798 0.999999 -0.000000 -0.000000 0.001543
-0.410055 0.730093 0.249930 0.999999 0.000000 -0.000002 0.001545
-0.410055 0.730093 0.249960 0.999999 0.000001 -0.000002 0.001546
-0.410053 0.730092 0.249923 0.999999 0.000003 0.000001 0.001548
-0.410054 0.730093 0.249798 0.999999 0.000001 -0.000000 0.001549
-0.410052 0.730094 0.249784 0.999999 -0.000000 0.000004 0.001551
-0.410054 0.730093 0.249832 0.999999 0.000002 -0.000001 0.001553
-0.410054 0.730092 0.249825 0.999999 0.000003 -0.000000 0.001556
-0.410055 0.730092 0.249819 0.999999 0.000003 -0.000002 0.001559
-0.410054 0.730094 0.249873 0.999999 0.000000 0.000000 0.001561
-0.410055 0.730094 0.249921 0.999999 -0.000001 -0.000002 0.001563
-0.410054 0.730095 0.249914 0.999999 -0.000002 -0.000000 0.001563
-0.410054 0.730097 0.249901 0.999999 -0.000005 0.000000 0.001564
-0.410056 0.730096 0.249849 0.999999 -0.000003 -0.000004 0.001565
-0.410054 0.730093 0.249824 0.999999 0.000003 -0.000001 0.001566
-0.410052 0.730095 0.249830 0.999999 -0.000001 0.000004 0.001567
-0.410055 0.730092 0.249844 0.999999 0.000004 -0.000003 0.001568
-0.410053 0.730094 0.249842 0.999999 0.000001 0.000002 0.001569
-0.410053 0.730098 0.249825 0.999999 -0.000008 0.000001 0.001570
-0.410055 0.730093 0.249825 0.999999 0.000003 -0.000002 0.001570
-0.410055 0.730094 0.249832 0.999999 0.000000 -0.000002 0.001570
-0.410054 0.730095 0.249864 0.999999 -0.000001 0.000001 0.001571
-0.410055 0.730095 0.249888 0.999999 -0.000001 -0.000001 0.001572
-0.410054 0.730094 0.249956 0.999999 0.000000 0.000000 0.001573
-0.410053 0.730098 0.249879 0.999999 -0.000006 0.000002 0.001575
-0.410055 0.730094 0.249880 0.999999 0.000000 -0.000001 0.001577
-0.410055 0.730094 0.249923 0.999999 0.000001 -0.000001 0.001579
-0.410055 0.730096 0.249949 0.999999 -0.000003 -0.000002 0.001580
-0.410056 0.730095 0.249941 0.999999 -0.000000 -0.000002 0.001582
-0.410056 0.730094 0.249934 0.999999 0.000001 -0.000002 0.001583
-0.410055 0.730096 0.249920 0.999999 -0.000002 -0.000001 0.001585
-0.410055 0.730095 0.249943 0.999999 -0.000000 -0.000002 0.001586
-0.410055 0.730094 0.249876 0.999999 0.000003 -0.000002 0.001588
-0.410055 0.730094 0.249929 0.999999 0.000002 -0.000001 0.001589
-0.410054 0.730094 0.249912 0.999999 0.000002 0.000000 0.001590
-0.410056 0.730095 0.249928 0.999999 0.000001 -0.000002 0.001593
-0.410056 0.730096 0.249928 0.999999 -0.000000 -0.000003 0.001594
-0.410054 0.730095 0.249878 0.999999 0.000000 0.000000 0.001596
-0.410056 0.730095 0.249858 0.999999 0.000001 -0.000002 0.001598
-0.410056 0.730096 0.249932 0.999999 -0.000001 -0.000003 0.001600
-0.410054 0.730097 0.249934 0.999999 -0.000002 0.000001 0.001601
-0.410055 0.730095 0.249945 0.999999 0.000002 -0.000000 0.001602
-0.410057 0.730096 0.249865 0.999999 -0.000001 -0.000005 0.001604
-0.410053 0.730094 0.249786 0.999999 0.000003 0.000002 0.001606
-0.410056 0.730093 0.249799 0.999999 0.000005 -0.000002 0.001609
-0.410054 0.730097 0.249914 0.999999 -0.000002 0.000002 0.001610
