-0.080750 0.885951 0.407052
-0.079468 0.886007 0.407125
-0.078399 0.886034 0.407190
-0.080362 0.884635 0.407312
-0.079258 0.884123 0.407527
-0.080441 0.882986 0.407650
-0.080696 0.882482 0.407741
-0.078631 0.880735 0.408264
-0.078306 0.880387 0.408353
-0.075201 0.878674 0.408848
-0.074915 0.878363 0.408916
-0.072070 0.876808 0.409321
-0.071820 0.876516 0.409379
-0.069439 0.875280 0.409686
-0.069179 0.874988 0.409741
-0.067985 0.874482 0.409872
-0.069028 0.872576 0.410068
-0.068994 0.872026 0.410157
-0.067881 0.871116 0.410356
-0.068567 0.868123 0.410747
-0.068329 0.867503 0.410854
-0.067668 0.866957 0.410966
-0.067476 0.862957 0.411512
-0.067113 0.862308 0.411616
-0.067651 0.861235 0.411718
-0.066607 0.858031 0.412164
-0.065263 0.856090 0.412444
-0.063075 0.854578 0.412669
-0.061693 0.853044 0.412861
-0.059247 0.851436 0.413070
-0.058232 0.850181 0.413212
-0.057599 0.849838 0.413257
-0.058320 0.848271 0.413353
-0.058161 0.846327 0.413541
-0.057569 0.845834 0.413598
-0.058317 0.843271 0.413779
-0.057697 0.841277 0.413963
-0.057043 0.840760 0.414011
-0.057714 0.838122 0.414177
-0.057070 0.836076 0.414337
-0.056417 0.835549 0.414374
-0.057068 0.833650 0.414471
-0.056764 0.831344 0.414622
-0.050691 0.824537 0.414918
-0.050542 0.823941 0.414959
-0.050436 0.823479 0.414990
-0.052639 0.821865 0.415098
-0.052898 0.820664 0.415180
-0.053140 0.820353 0.415210
-0.055849 0.818411 0.415374
-0.056163 0.817050 0.415473
-0.056396 0.816703 0.415505
-0.059060 0.814663 0.415685
-0.059342 0.813246 0.415784
-0.059826 0.812133 0.415887
-0.059748 0.811566 0.415922
-0.060365 0.810696 0.416035
-0.060367 0.810478 0.416053
-0.061192 0.809681 0.416191
-0.061203 0.809496 0.416209
-0.062112 0.808824 0.416350
-0.062136 0.808651 0.416368
-0.063071 0.808084 0.416496
-0.063131 0.807745 0.416537
-0.063892 0.807373 0.416625
-0.064971 0.806766 0.416686
-0.066748 0.805207 0.416856
-0.067747 0.804205 0.416998
-0.067735 0.803485 0.417061
-0.068366 0.802998 0.417142
-0.068483 0.802397 0.417208
-0.069293 0.801924 0.417314
-0.069398 0.801567 0.417358
-0.070347 0.801058 0.417487
-0.070404 0.800886 0.417508
-0.071460 0.800283 0.417659
-0.071504 0.800114 0.417679
-0.072503 0.799557 0.417810
-0.072564 0.799379 0.417833
-0.073632 0.798746 0.417987
-0.073678 0.798573 0.418009
-0.074730 0.797945 0.418158
-0.074777 0.797771 0.418180
-0.075792 0.797190 0.418311
-0.075858 0.797010 0.418334
-0.076982 0.796454 0.418475
-0.077980 0.795868 0.418522
-0.078911 0.795248 0.418579
-0.080881 0.794019 0.418739
-0.081935 0.793328 0.418796
-0.082883 0.792625 0.418860
-0.084771 0.791220 0.419023
-0.085795 0.790497 0.419084
-0.087221 0.789227 0.419201
-0.088496 0.788003 0.419331
-0.088517 0.787777 0.419343
-0.089348 0.787097 0.419418
-0.089373 0.786929 0.419428
-0.090304 0.786446 0.419506
-0.090366 0.786284 0.419520
-0.091445 0.785809 0.419621
-0.091503 0.785658 0.419635
-0.092555 0.785227 0.419728
-0.092637 0.785070 0.419745
-0.093741 0.784632 0.419844
-0.093828 0.784475 0.419862
-0.094955 0.784034 0.419962
-0.095962 0.783416 0.420028
-0.096906 0.782761 0.420103
-0.099011 0.781385 0.420309
-0.100003 0.780694 0.420384
-0.100920 0.779978 0.420465
-0.102887 0.778350 0.420686
-0.102913 0.778132 0.420702
-0.103766 0.777512 0.420781
-0.103819 0.777331 0.420795
-0.104802 0.776819 0.420879
-0.104876 0.776650 0.420894
-0.105937 0.776175 0.420982
-0.106023 0.776011 0.420998
-0.107193 0.775528 0.421097
-0.107268 0.775372 0.421111
-0.108442 0.774902 0.421205
-0.108521 0.774746 0.421220
-0.109646 0.774294 0.421302
-0.109747 0.774131 0.421318
-0.110990 0.773647 0.421410
-0.111077 0.773489 0.421425
-0.112234 0.773031 0.421502
-0.112341 0.772866 0.421517
-0.113541 0.772394 0.421594
-0.113652 0.772229 0.421610
-0.114647 0.771448 0.421689
-0.117425 0.769788 0.421930
-0.117625 0.769502 0.421964
-0.117750 0.769197 0.421995
-0.117489 0.768792 0.422030
-0.117365 0.768564 0.422045
-0.116835 0.768219 0.422060
-0.116639 0.767998 0.422069
-0.115593 0.767359 0.422081
-0.114611 0.766949 0.422076
-0.113580 0.766580 0.422059
-0.112784 0.766368 0.422040
-0.114801 0.764689 0.422226
-0.114813 0.764236 0.422275
-0.115651 0.763446 0.422361
-0.116586 0.761782 0.422551
-0.115583 0.761160 0.422547
-0.114655 0.760913 0.422503
-0.113751 0.760725 0.422452
-0.112672 0.760472 0.422385
-0.111699 0.760247 0.422321
-0.110897 0.760102 0.422268
-0.110051 0.759932 0.422211
-0.109255 0.759775 0.422156
-0.108526 0.759649 0.422106
-0.107730 0.759484 0.422048
-0.107365 0.759461 0.422024
-0.109643 0.757595 0.422279
-0.109145 0.756964 0.422271
-0.108215 0.756681 0.422187
-0.107439 0.756521 0.422116
-0.106629 0.756344 0.422042
-0.105915 0.756212 0.421979
-0.105144 0.756045 0.421910
-0.104449 0.755914 0.421848
-0.103693 0.755748 0.421778
-0.103007 0.755616 0.421715
-0.102259 0.755449 0.421644
-0.101579 0.755317 0.421580
-0.100837 0.755150 0.421507
-0.100122 0.754992 0.421436
-0.099453 0.754864 0.421370
-0.098722 0.754698 0.421296
-0.098054 0.754566 0.421228
-0.098028 0.754463 0.421226
-0.097552 0.754243 0.421188
-0.099234 0.752980 0.421378
-0.099718 0.752505 0.421441
-0.099690 0.751571 0.421469
-0.100577 0.750819 0.421571
-0.101881 0.749602 0.421737
-0.101695 0.748493 0.421735
-0.101624 0.748304 0.421725
-0.100767 0.747714 0.421622
-0.100687 0.747555 0.421612
-0.099864 0.747038 0.421519
-0.099447 0.746348 0.421476
-0.099211 0.745786 0.421462
-0.099057 0.745309 0.421461
-0.098906 0.744820 0.421463
-0.098731 0.744286 0.421466
-0.098573 0.743775 0.421471
-0.098422 0.743272 0.421475
-0.098401 0.743057 0.421480
-0.101191 0.740892 0.421862
-0.101283 0.740673 0.421877
-0.100744 0.740088 0.421820
-0.100688 0.739935 0.421813
-0.099939 0.739425 0.421727
-0.099873 0.739262 0.421720
-0.098997 0.738554 0.421636
-0.098936 0.738383 0.421632
-0.098072 0.737651 0.421558
-0.098012 0.737477 0.421555
-0.097236 0.736834 0.421490
-0.097096 0.736477 0.421484
-0.096301 0.735873 0.421418
-0.096230 0.735692 0.421415
-0.095432 0.735015 0.421348
-0.095357 0.734825 0.421345
-0.094545 0.734117 0.421277
-0.094469 0.733922 0.421274
-0.093890 0.733456 0.421225
-0.095540 0.732032 0.421456
-0.096010 0.731466 0.421531
-0.096025 0.730421 0.421569
-0.097728 0.728805 0.421815
-0.098194 0.728172 0.421890
-0.097954 0.726501 0.421890
-0.097859 0.726218 0.421878
-0.096804 0.725091 0.421745
-0.096721 0.724876 0.421736
-0.095792 0.723987 0.421629
-0.095726 0.723796 0.421624
-0.094957 0.723102 0.421543
-0.094886 0.722910 0.421538
-0.094110 0.722205 0.421459
-0.093972 0.721830 0.421450
-0.093214 0.721209 0.421375
-0.093148 0.721024 0.421371
-0.092318 0.720242 0.421288
-0.092263 0.720061 0.421285
-0.091749 0.719634 0.421234
-0.093443 0.718243 0.421487
-0.093935 0.717692 0.421567
-0.093964 0.716474 0.421599
-0.094875 0.715661 0.421731
-0.096213 0.714281 0.421943
-0.096276 0.713247 0.421966
-0.098014 0.711649 0.422233
-0.098502 0.711027 0.422312
-0.098486 0.709654 0.422314
-0.099379 0.708810 0.422450
-0.100689 0.707383 0.422666
-0.100670 0.706091 0.422664
-0.101564 0.705257 0.422806
-0.102402 0.704446 0.422948
-0.102789 0.702387 0.423009
-0.102736 0.702137 0.422995
-0.101901 0.701195 0.422843
-0.101842 0.701001 0.422831
-0.101070 0.700232 0.422712
-0.101023 0.700053 0.422705
-0.100365 0.699429 0.422615
-0.100259 0.699075 0.422604
-0.099599 0.698521 0.422519
-0.099547 0.698344 0.422514
-0.098892 0.697721 0.422430
-0.098788 0.697366 0.422421
-0.098134 0.696810 0.422339
-0.098084 0.696633 0.422335
-0.097435 0.696009 0.422253
-0.097382 0.695824 0.422249
-0.096725 0.695175 0.422166
-0.097639 0.694450 0.422325
-0.098507 0.693727 0.422485
-0.099176 0.692318 0.422627
-0.100140 0.691498 0.422794
-0.101556 0.690118 0.423055
-0.101713 0.688943 0.423080
-0.102636 0.688135 0.423240
-0.103501 0.687344 0.423399
-0.104080 0.685428 0.423480
-0.104050 0.685196 0.423466
-0.103340 0.684350 0.423304
-0.103296 0.684165 0.423291
-0.102678 0.683543 0.423174
-0.102629 0.683359 0.423164
-0.102008 0.682731 0.423060
-0.101699 0.681846 0.423017
-0.101535 0.681150 0.423005
-0.101358 0.680399 0.422999
-0.101227 0.679751 0.422999
-0.101090 0.679081 0.423001
-0.100950 0.678403 0.423004
-0.100782 0.677658 0.423007
-0.100653 0.677009 0.423012
-0.100518 0.676336 0.423017
-0.100491 0.676032 0.423022
-0.100728 0.675647 0.423081
-0.100762 0.675368 0.423098
-0.101053 0.675030 0.423167
-0.101099 0.674768 0.423188
-0.101424 0.674418 0.423269
-0.101449 0.674293 0.423279
-0.101810 0.673866 0.423372
-0.101829 0.673743 0.423381
-0.102180 0.673318 0.423471
-0.102154 0.672794 0.423498
-0.102052 0.672173 0.423510
-0.101923 0.671508 0.423519
-0.101758 0.670761 0.423525
-0.101734 0.670468 0.423530
-0.101974 0.670097 0.423587
-0.102010 0.669821 0.423605
-0.102315 0.669447 0.423681
-0.102339 0.669318 0.423691
-0.102564 0.669081 0.423737
-0.105115 0.667348 0.424238
-0.105486 0.666977 0.424314
-0.106047 0.666469 0.424420
-0.109084 0.664250 0.425012
-0.109316 0.663943 0.425054
-0.109920 0.663140 0.425130
-0.109935 0.662996 0.425128
-0.110243 0.662513 0.425165
-0.110258 0.662384 0.425168
-0.110575 0.661974 0.425226
-0.110598 0.661841 0.425232
-0.110939 0.661393 0.425308
-0.110957 0.661267 0.425315
-0.111295 0.660835 0.425396
-0.111314 0.660709 0.425404
-0.111644 0.660311 0.425481
-0.111670 0.660179 0.425491
-0.112016 0.659735 0.425580
-0.112036 0.659608 0.425589
-0.112366 0.659207 0.425669
-0.112391 0.659075 0.425680
-0.112715 0.658475 0.425806
-0.113113 0.658492 0.425876
-0.113240 0.658491 0.425896
-0.113578 0.658188 0.425969
-0.113696 0.658151 0.425990
-0.113952 0.657840 0.426047
-0.116378 0.656077 0.426555
-0.116826 0.655789 0.426646
-0.117354 0.655277 0.426753
-0.119935 0.653282 0.427294
-0.120393 0.652957 0.427385
-0.121136 0.651941 0.427514
-0.121240 0.651871 0.427525
-0.121472 0.651362 0.427554
-0.121573 0.651301 0.427568
-0.121809 0.650765 0.427616
-0.121909 0.650714 0.427633
-0.122020 0.650573 0.427654
-0.124833 0.648323 0.428277
-0.125367 0.647954 0.428385
-0.125522 0.647755 0.428416
-0.128352 0.645377 0.429047
-0.128658 0.645143 0.429107
-0.129793 0.644280 0.429352
-0.130796 0.643461 0.429580
-0.132001 0.642495 0.429840
-0.132309 0.642136 0.429904
-0.132795 0.641650 0.429991
-0.132930 0.641408 0.430014
-0.133241 0.641043 0.430061
-0.133334 0.640830 0.430075
-0.133605 0.640494 0.430117
-0.133689 0.640287 0.430132
-0.133952 0.639957 0.430178
-0.134035 0.639751 0.430196
-0.134404 0.639247 0.430271
-0.134440 0.639087 0.430282
-0.134657 0.638809 0.430326
-0.134732 0.638618 0.430345
-0.134988 0.638305 0.430400
-0.135072 0.638104 0.430422
-0.135407 0.637682 0.430501
-0.135464 0.637504 0.430520
-0.135702 0.637205 0.430575
-0.135782 0.637008 0.430599
-0.136043 0.636687 0.430660
-0.136129 0.636483 0.430686
-0.136396 0.636155 0.430750
-0.136482 0.635948 0.430776
-0.136750 0.635616 0.430842
-0.136887 0.635234 0.430889
-0.137107 0.634969 0.430946
-0.137184 0.634782 0.430970
-0.138126 0.633896 0.431198
-0.139079 0.633127 0.431430
-0.140596 0.631886 0.431797
-0.141829 0.630809 0.432110
-0.142698 0.630061 0.432326
-0.143633 0.629026 0.432566
-0.143939 0.628714 0.432638
-0.144372 0.627959 0.432743
-0.144502 0.627810 0.432767
-0.144694 0.627416 0.432808
-0.144825 0.627269 0.432832
-0.145022 0.626878 0.432875
-0.145156 0.626731 0.432900
-0.145357 0.626340 0.432947
-0.145493 0.626194 0.432974
-0.145697 0.625802 0.433025
-0.145946 0.625547 0.433080
-0.146032 0.625365 0.433103
-0.146302 0.625072 0.433164
-0.146392 0.624877 0.433189
-0.146664 0.624567 0.433252
-0.146754 0.624367 0.433278
-0.147024 0.624047 0.433342
-0.147113 0.623844 0.433369
-0.147381 0.623520 0.433433
-0.147470 0.623314 0.433460
-0.147737 0.622987 0.433526
-0.147825 0.622780 0.433553
-0.148164 0.622352 0.433642
-0.148224 0.622172 0.433664
-0.148461 0.621873 0.433723
-0.148542 0.621674 0.433749
-0.148801 0.621354 0.433813
-0.148887 0.621149 0.433840
-0.149152 0.620822 0.433905
-0.149291 0.620442 0.433954
-0.149410 0.620294 0.433983
-0.149525 0.620074 0.434014
-0.150461 0.619136 0.434251
-0.151320 0.618234 0.434480
-0.152713 0.616845 0.434845
-0.153927 0.615738 0.435166
-0.155219 0.614318 0.435524
-0.155871 0.613633 0.435695
-0.156150 0.613109 0.435775
-0.156295 0.612929 0.435806
-0.156498 0.612495 0.435855
-0.156628 0.612338 0.435880
-0.156820 0.611931 0.435925
-0.156949 0.611782 0.435950
-0.157144 0.611384 0.435997
-0.157275 0.611237 0.436023
-0.157475 0.610843 0.436072
-0.157608 0.610697 0.436099
-0.157811 0.610304 0.436151
-0.158056 0.610054 0.436205
-0.158144 0.609872 0.436228
-0.158410 0.609582 0.436287
-0.158502 0.609387 0.436312
-0.158771 0.609080 0.436372
-0.158862 0.608880 0.436398
-0.159129 0.608566 0.436459
-0.159220 0.608363 0.436484
-0.159561 0.607951 0.436567
-0.159623 0.607773 0.436588
-0.159928 0.607397 0.436662
-0.159986 0.607225 0.436682
-0.160113 0.607061 0.436710
-0.160233 0.606828 0.436740
-0.160529 0.606476 0.436805
-0.160625 0.606262 0.436832
-0.160897 0.605931 0.436894
-0.161044 0.605548 0.436940
-0.161162 0.605402 0.436967
-0.161349 0.605003 0.437018
-0.161478 0.604855 0.437046
-0.161679 0.604455 0.437100
-0.161812 0.604308 0.437128
-0.162019 0.603911 0.437182
-0.162154 0.603765 0.437211
-0.162409 0.603241 0.437283
-0.162523 0.603129 0.437308
-0.162713 0.602774 0.437357
-0.162846 0.602642 0.437384
-0.163056 0.602266 0.437437
-0.163194 0.602129 0.437465
-0.163408 0.601746 0.437518
-0.163663 0.601506 0.437572
-0.163815 0.601177 0.437615
-0.163938 0.601051 0.437640
-0.164136 0.600681 0.437690
-0.164271 0.600544 0.437717
-0.164481 0.600162 0.437768
-0.164618 0.600023 0.437795
-0.164832 0.599637 0.437846
-0.164971 0.599497 0.437874
-0.165233 0.598985 0.437942
-0.165349 0.598877 0.437965
-0.165543 0.598528 0.438011
-0.165678 0.598399 0.438037
-0.165890 0.598027 0.438086
-0.166029 0.597892 0.438112
-0.166246 0.597513 0.438163
-0.166385 0.597376 0.438189
-0.166603 0.596994 0.438239
-0.166743 0.596856 0.438265
-0.166960 0.596472 0.438315
-0.167100 0.596334 0.438341
-0.167232 0.596121 0.438369
-0.168134 0.595147 0.438599
-0.169038 0.594314 0.438825
-0.170055 0.593225 0.439092
-0.170393 0.592922 0.439173
-0.170817 0.592381 0.439279
-0.171158 0.592096 0.439350
-0.171273 0.591911 0.439377
-0.171571 0.591633 0.439432
-0.171674 0.591445 0.439455
-0.171956 0.591159 0.439505
-0.172054 0.590968 0.439527
-0.172467 0.590538 0.439606
-0.172519 0.590386 0.439621
-0.172745 0.590133 0.439661
-0.172880 0.589792 0.439695
-0.172995 0.589663 0.439714
-0.173181 0.589285 0.439754
-0.173310 0.589148 0.439775
-0.173513 0.588763 0.439817
-0.173647 0.588625 0.439839
-0.173857 0.588240 0.439882
-0.173994 0.588102 0.439904
-0.174208 0.587718 0.439948
-0.174347 0.587582 0.439970
-0.174563 0.587199 0.440014
-0.174703 0.587063 0.440036
-0.174922 0.586681 0.440080
-0.175062 0.586546 0.440102
-0.175282 0.586165 0.440146
-0.175423 0.586029 0.440168
-0.175644 0.585649 0.440211
-0.175785 0.585514 0.440233
-0.176008 0.585134 0.440276
-0.176149 0.585000 0.440298
-0.176373 0.584621 0.440340
-0.176515 0.584486 0.440362
-0.176739 0.584107 0.440405
-0.176881 0.583973 0.440426
-0.177788 0.583052 0.440648
-0.178625 0.582163 0.440862
-0.179254 0.581559 0.441014
-0.180463 0.580343 0.441323
-0.181490 0.579270 0.441596
-0.182924 0.577730 0.441986
-0.184080 0.576443 0.442312
-0.185579 0.574754 0.442739
-0.186841 0.573470 0.443092
-0.188426 0.571810 0.443544
-0.189681 0.570455 0.443914
-0.190575 0.569571 0.444168
-0.191913 0.568161 0.444558
-0.193012 0.566963 0.444887
-0.194346 0.565696 0.445271
-0.194711 0.565292 0.445380
-0.195272 0.564833 0.445518
-0.195558 0.564458 0.445594
-0.195839 0.564273 0.445644
-0.195939 0.564119 0.445665
-0.196217 0.563893 0.445706
-0.196315 0.563723 0.445724
-0.196590 0.563474 0.445762
-0.196753 0.563149 0.445792
-0.197187 0.562859 0.445851
-0.197554 0.562865 0.445891
-0.198011 0.562946 0.445940
-0.198519 0.563076 0.445993
-0.199056 0.563234 0.446048
-0.199613 0.563408 0.446104
-0.200415 0.562574 0.446334
-0.201836 0.561397 0.446714
-0.202944 0.560256 0.447042
-0.204697 0.558782 0.447532
-0.206888 0.556621 0.448202
-0.208833 0.555461 0.448740
-0.209678 0.555539 0.448897
-0.209877 0.555588 0.448922
-0.211531 0.554003 0.449410
-0.212151 0.553557 0.449576
-0.214238 0.551461 0.450225
-0.214969 0.550894 0.450434
-0.217160 0.548667 0.451137
-0.217918 0.548070 0.451362
-0.220121 0.545802 0.452088
-0.220883 0.545195 0.452319
-0.223070 0.542902 0.453058
-0.223828 0.542287 0.453293
-0.225991 0.539970 0.454041
-0.226741 0.539347 0.454279
-0.228875 0.537003 0.455034
-0.229616 0.536370 0.455274
-0.231718 0.533997 0.456036
-0.232450 0.533354 0.456277
-0.234519 0.530951 0.457043
-0.235241 0.530296 0.457286
-0.237277 0.527863 0.458057
-0.237988 0.527196 0.458300
-0.239076 0.525825 0.458719
-0.240070 0.524727 0.459077
-0.242361 0.521797 0.459981
-0.243136 0.521002 0.460260
-0.245165 0.518373 0.461076
-0.245872 0.517648 0.461331
-0.247803 0.515072 0.462121
-0.249786 0.513452 0.462780
-0.250504 0.513461 0.462878
-0.251125 0.513602 0.462903
-0.251732 0.513754 0.462905
-0.252444 0.513941 0.462890
-0.253118 0.514107 0.462861
-0.253683 0.514230 0.462831
-0.254388 0.514396 0.462787
-0.254971 0.514525 0.462745
-0.255693 0.514701 0.462686
-0.256287 0.514837 0.462633
-0.256915 0.514984 0.462574
-0.257560 0.515141 0.462510
-0.258329 0.515349 0.462422
-0.259058 0.515549 0.462325
-0.259774 0.515745 0.462220
-0.260379 0.515901 0.462130
-0.261134 0.516116 0.462011
-0.261758 0.516284 0.461909
-0.261870 0.516205 0.461885
-0.262050 0.516131 0.461859
-0.262347 0.515844 0.461806
-0.262531 0.515765 0.461776
-0.262834 0.515472 0.461717
-0.263021 0.515392 0.461684
-0.263328 0.515098 0.461621
-0.263516 0.515018 0.461586
-0.263826 0.514724 0.461520
-0.264015 0.514645 0.461483
-0.264328 0.514352 0.461414
-0.264937 0.513251 0.461611
-0.265513 0.512168 0.461789
-0.265979 0.511443 0.461890
-0.266809 0.509952 0.462173
-0.267527 0.508620 0.462404
-0.268088 0.507738 0.462536
-0.268972 0.506145 0.462835
-0.269723 0.504746 0.463072
-0.270699 0.502788 0.463438
-0.271575 0.501265 0.463709
-0.272186 0.500172 0.463864
-0.273061 0.498411 0.464169
-0.273875 0.497018 0.464394
-0.274896 0.495087 0.464739
-0.275732 0.493472 0.464991
-0.276733 0.491368 0.465348
-0.277622 0.489754 0.465594
-0.278671 0.487679 0.465937
-0.279518 0.485971 0.466173
-0.280505 0.483805 0.466502
-0.281381 0.482156 0.466712
-0.281998 0.480996 0.466794
-0.282826 0.479193 0.467007
-0.283518 0.477662 0.467137
-0.284374 0.475611 0.467369
-0.285155 0.474045 0.467492
-0.286094 0.472263 0.467416
-0.286451 0.471876 0.467277
-0.286956 0.471397 0.466910
-0.287210 0.471359 0.466691
-0.287612 0.471283 0.466228
-0.287842 0.471362 0.465979
-0.288221 0.471436 0.465478
-0.288445 0.471565 0.465217
-0.288817 0.471715 0.464696
-0.289039 0.471874 0.464426
-0.289405 0.472075 0.463894
-0.289624 0.472257 0.463621
-0.289984 0.472499 0.463083
-0.290199 0.472698 0.462808
-0.290551 0.472972 0.462270
-0.290762 0.473186 0.461996
-0.291106 0.473483 0.461462
-0.291314 0.473707 0.461190
-0.291651 0.474021 0.460665
-0.291855 0.474251 0.460399
-0.292186 0.474573 0.459886
-0.292388 0.474804 0.459626
-0.292714 0.475126 0.459130
-0.292914 0.475355 0.458878
-0.293238 0.475669 0.458400
-0.293436 0.475892 0.458159
-0.293759 0.476189 0.457702
-0.293956 0.476402 0.457471
-0.294279 0.476676 0.457037
-0.294477 0.476876 0.456818
-0.294802 0.477121 0.456409
-0.295001 0.477305 0.456202
-0.295327 0.477515 0.455817
-0.295528 0.477681 0.455623
-0.295973 0.478001 0.455100
-0.296151 0.478175 0.454928
-0.296455 0.478332 0.454607
-0.296649 0.478461 0.454444
-0.296972 0.478549 0.454145
-0.297173 0.478650 0.453992
-0.297508 0.478688 0.453715
-0.297713 0.478765 0.453574
-0.298054 0.478757 0.453320
-0.298262 0.478811 0.453190
-0.298608 0.478760 0.452957
-0.298818 0.478792 0.452838
-0.299168 0.478698 0.452627
-0.299380 0.478709 0.452518
-0.299734 0.478574 0.452326
-0.299947 0.478566 0.452227
-0.300303 0.478392 0.452055
-0.300517 0.478365 0.451964
-0.300874 0.478154 0.451810
-0.301089 0.478109 0.451729
-0.301448 0.477865 0.451591
-0.301663 0.477805 0.451517
-0.302022 0.477529 0.451395
-0.302237 0.477454 0.451330
-0.302596 0.477150 0.451222
-0.302811 0.477061 0.451164
-0.303170 0.476732 0.451070
-0.303384 0.476631 0.451018
-0.303841 0.475530 0.451087
-0.304276 0.474448 0.451123
-0.304666 0.473742 0.451099
-0.305215 0.472278 0.451166
-0.305700 0.470987 0.451180
-0.306117 0.470171 0.451125
-0.306666 0.468661 0.451151
-0.307143 0.467365 0.451121
-0.307551 0.466574 0.451021
-0.308077 0.465107 0.450998
-0.308532 0.463866 0.450920
-0.309213 0.462767 0.450599
-0.309418 0.462513 0.450417
-0.309856 0.462445 0.450015
-0.310011 0.462437 0.449825
-0.310409 0.462603 0.449434
-0.310559 0.462640 0.449247
-0.310954 0.462828 0.448839
-0.311105 0.462858 0.448643
-0.311508 0.463013 0.448228
-0.311663 0.463022 0.448033
-0.312233 0.463242 0.447438
-0.312364 0.463249 0.447258
-0.312657 0.462255 0.447171
-0.313037 0.461413 0.447024
-0.313491 0.459933 0.446921
-0.313884 0.458700 0.446751
-0.314297 0.456980 0.446608
-0.314723 0.455746 0.446366
-0.315015 0.454982 0.446060
-0.315293 0.454617 0.445704
-0.315654 0.454396 0.444960
-0.315844 0.454532 0.444571
-0.316137 0.454812 0.443811
-0.316321 0.455056 0.443429
-0.316626 0.455414 0.442695
-0.316821 0.455659 0.442330
-0.317151 0.455980 0.441636
-0.317547 0.456434 0.440961
-0.317704 0.456567 0.440645
-0.318129 0.456891 0.440012
-0.318297 0.456973 0.439719
-0.318738 0.457204 0.439131
-0.318913 0.457244 0.438862
-0.319367 0.457396 0.438323
-0.319547 0.457398 0.438077
-0.320010 0.457478 0.437587
-0.320194 0.457445 0.437365
-0.320664 0.457459 0.436922
-0.320851 0.457394 0.436724
-0.321326 0.457345 0.436326
-0.321515 0.457251 0.436151
-0.321994 0.457146 0.435797
-0.322185 0.457024 0.435643
-0.322667 0.456867 0.435332
-0.322859 0.456720 0.435198
-0.323342 0.456516 0.434926
-0.323535 0.456347 0.434811
-0.324019 0.456099 0.434576
-0.324212 0.455910 0.434479
-0.324697 0.455624 0.434278
-0.324890 0.455417 0.434198
-0.325374 0.455096 0.434030
-0.325567 0.454872 0.433965
-0.326050 0.454521 0.433826
-0.326243 0.454283 0.433776
-0.326725 0.453904 0.433665
-0.326917 0.453652 0.433628
-0.327399 0.453249 0.433543
-0.327590 0.452985 0.433518
-0.328070 0.452560 0.433456
-0.328419 0.452047 0.433439
-0.328811 0.451696 0.433425
-0.328957 0.451441 0.433433
-0.329345 0.451015 0.433437
-0.329489 0.450736 0.433454
-0.329871 0.450277 0.433477
-0.330011 0.449986 0.433505
-0.330389 0.449506 0.433547
-0.330528 0.449205 0.433583
-0.330903 0.448710 0.433643
-0.331041 0.448403 0.433688
-0.331546 0.447707 0.433819
-0.331653 0.447422 0.433880
-0.331985 0.446936 0.433979
-0.332108 0.446628 0.434041
-0.332461 0.446114 0.434146
-0.332590 0.445798 0.434211
-0.332951 0.445272 0.434326
-0.333083 0.444951 0.434396
-0.333446 0.444418 0.434521
-0.333579 0.444093 0.434596
-0.333943 0.443555 0.434730
-0.334075 0.443228 0.434810
-0.334439 0.442686 0.434953
-0.334571 0.442357 0.435037
-0.334933 0.441812 0.435189
-0.335065 0.441481 0.435277
-0.335426 0.440934 0.435436
-0.335556 0.440602 0.435527
-0.335915 0.440053 0.435693
-0.336045 0.439721 0.435787
-0.336402 0.439172 0.435960
-0.336531 0.438839 0.436057
-0.336723 0.438539 0.436142
-0.337020 0.437840 0.436332
-0.337205 0.437575 0.436423
-0.337496 0.436915 0.436622
-0.337679 0.436661 0.436716
-0.338132 0.435555 0.437156
-0.338276 0.434523 0.437649
-0.338292 0.433324 0.438277
-0.338286 0.433038 0.438401
-0.338307 0.432546 0.438465
-0.338308 0.432231 0.438518
-0.338331 0.431517 0.438501
-0.338326 0.431226 0.438536
-0.338343 0.430741 0.438461
-0.338341 0.430436 0.438457
-0.338361 0.429942 0.438322
-0.338359 0.429638 0.438294
-0.338372 0.429367 0.438195
-0.338514 0.428967 0.437214
-0.338615 0.428487 0.436388
-0.338674 0.428086 0.435799
-0.338823 0.427589 0.434523
-0.338912 0.427036 0.433527
-0.338953 0.426577 0.432848
-0.339074 0.426035 0.431528
-0.339137 0.425444 0.430521
-0.339253 0.424773 0.429033
-0.339319 0.424205 0.427854
-0.339426 0.423572 0.426247
-0.339463 0.422902 0.425094
-0.339455 0.422339 0.424368
-0.339511 0.421707 0.423059
-0.339518 0.421033 0.422107
-0.339494 0.420462 0.421519
-0.339534 0.419820 0.420305
-0.339533 0.419134 0.419423
-0.339505 0.418551 0.418891
-0.339537 0.417896 0.417719
-0.339531 0.417195 0.416873
-0.339450 0.416103 0.416160
-0.339384 0.415561 0.416144
-0.339278 0.414674 0.416265
-0.339027 0.412797 0.417457
-0.338838 0.411195 0.418880
-0.338634 0.409732 0.420012
-0.338464 0.408597 0.420751
