-0.800019 1.000023 0.249940 1.000000 -0.000002 -0.000001 0.000047
-0.800020 1.000022 0.249912 1.000000 -0.000000 -0.000002 0.000049
-0.800020 1.000023 0.249936 1.000000 -0.000001 -0.000002 0.000050
-0.800020 1.000023 0.249954 1.000000 -0.000001 -0.000002 0.000050
-0.800018 1.000023 0.249950 1.000000 0.000000 0.000002 0.000051
-0.800021 1.000023 0.249913 1.000000 -0.000001 -0.000003 0.000052
-0.800020 1.000022 0.249886 1.000000 0.000002 -0.000001 0.000053
-0.800017 1.000022 0.249781 1.000000 0.000003 0.000005 0.000054
-0.800021 1.000026 0.249775 1.000000 -0.000006 -0.000003 0.000054
-0.800018 1.000023 0.249824 1.000000 0.000001 0.000004 0.000057
-0.800020 1.000022 0.249824 1.000000 0.000003 -0.000000 0.000057
-0.800018 1.000023 0.249816 1.000000 0.000001 0.000003 0.000060
-0.800023 1.000025 0.249813 1.000000 -0.000003 -0.000005 0.000061
-0.800023 1.000022 0.249776 1.000000 0.000003 -0.000006 0.000063
-0.800019 1.000024 0.249790 1.000000 -0.000001 0.000004 0.000063
-0.800022 1.000023 0.249828 1.000000 0.000001 -0.000004 0.000064
-0.800020 1.000024 0.249836 1.000000 -0.000001 0.000002 0.000065
-0.800022 1.000023 0.249846 1.000000 0.000001 -0.000002 0.000066
-0.800020 1.000021 0.249833 1.000000 0.000006 0.000002 0.000067
-0.800025 1.000025 0.249772 1.000000 -0.000001 -0.000008 0.000068
-0.800019 1.000020 0.249768 1.000000 0.000008 0.000004 0.000069
-0.800025 1.000024 0.249764 1.000000 -0.000000 -0.000007 0.000069
-0.800021 1.000022 0.249749 1.000000 0.000004 -0.000000 0.000070
-0.800023 1.000024 0.249751 1.000000 -0.000001 -0.000003 0.000071
-0.800021 1.000023 0.249758 1.000000 0.000002 -0.000000 0.000071
-0.800021 1.000024 0.249848 1.000000 0.000000 0.000001 0.000072
-0.800021 1.000026 0.249877 1.000000 -0.000003 0.000002 0.000074
-0.800022 1.000023 0.249913 1.000000 0.000002 -0.000001 0.000074
-0.800022 1.000026 0.249870 1.000000 -0.000004 -0.000000 0.000076
-0.800023 1.000027 0.249832 1.000000 -0.000004 -0.000000 0.000077
-0.800024 1.000026 0.249837 1.000000 -0.000002 -0.000003 0.000079
-0.800021 1.000025 0.249849 1.000000 -0.000000 0.000004 0.000079
-0.800025 1.000026 0.249867 1.000000 -0.000001 -0.000003 0.000081
-0.800024 1.000028 0.249826 1.000000 -0.000005 -0.000001 0.000082
-0.800024 1.000023 0.249820 1.000000 0.000005 -0.000002 0.000083
-0.800024 1.000025 0.249846 1.000000 0.000001 -0.000001 0.000084
-0.800023 1.000027 0.249857 1.000000 -0.000003 0.000002 0.000086
-0.800025 1.000024 0.249867 1.000000 0.000003 -0.000003 0.000086
-0.800025 1.000027 0.249911 1.000000 -0.000002 -0.000001 0.000087
-0.800025 1.000026 0.249893 1.000000 -0.000000 -0.000003 0.000089
-0.800024 1.000026 0.249896 1.000000 -0.000002 -0.000001 0.000090
-0.800025 1.000027 0.249915 1.000000 -0.000002 -0.000001 0.000090
-0.800025 1.000026 0.249912 1.000000 -0.000001 -0.000001 0.000091
-0.505033 0.745033 0.249877 1.000000 -0.000001 -0.000003 0.000202
-0.505033 0.745033 0.249916 1.000000 -0.000001 -0.000002 0.000206
-0.505033 0.745033 0.249886 1.000000 -0.000002 -0.000001 0.000207
-0.505033 0.745031 0.249900 1.000000 0.000003 -0.000002 0.000209
-0.505033 0.745033 0.249946 1.000000 -0.000001 -0.000002 0.000210
-0.505033 0.745032 0.249955 1.000000 0.000001 -0.000002 0.000210
-0.505033 0.745033 0.249964 1.000000 -0.000001 -0.000003 0.000211
-0.505033 0.745032 0.249912 1.000000 0.000001 -0.000002 0.000213
-0.505033 0.745032 0.249905 1.000000 0.000001 -0.000002 0.000213
-0.505032 0.745032 0.249871 1.000000 0.000002 0.000000 0.000215
-0.505031 0.745034 0.249914 1.000000 -0.000002 0.000001 0.000216
-0.505032 0.745030 0.249851 1.000000 0.000005 0.000000 0.000218
-0.505033 0.745033 0.249814 1.000000 -0.000001 -0.000001 0.000219
-0.505032 0.745034 0.249866 1.000000 -0.000001 0.000001 0.000222
-0.505032 0.745033 0.249896 1.000000 0.000000 -0.000000 0.000222
-0.505033 0.745033 0.249971 1.000000 -0.000000 -0.000001 0.000223
-0.505033 0.745032 0.249947 1.000000 0.000003 -0.000001 0.000224
-0.505035 0.745033 0.249925 1.000000 -0.000000 -0.000004 0.000227
-0.505034 0.745034 0.249913 1.000000 -0.000001 -0.000003 0.000227
-0.505033 0.745033 0.249859 1.000000 0.000002 -0.000002 0.000230
-0.505030 0.745030 0.249811 1.000000 0.000007 0.000006 0.000231
-0.505034 0.745031 0.249777 1.000000 0.000005 -0.000002 0.000232
-0.505037 0.745034 0.249780 1.000000 -0.000001 -0.000009 0.000233
-0.505033 0.745033 0.249815 1.000000 0.000002 0.000000 0.000235
-0.505033 0.745033 0.249912 1.000000 0.000002 -0.000001 0.000238
-0.505034 0.745034 0.249909 1.000000 -0.000000 -0.000003 0.000240
-0.505033 0.745035 0.249907 1.000000 -0.000002 -0.000000 0.000242
-0.505034 0.745034 0.249929 1.000000 0.000000 -0.000002 0.000243
-0.505033 0.745033 0.249887 1.000000 0.000002 0.000001 0.000246
-0.505034 0.745034 0.249865 1.000000 -0.000000 -0.000002 0.000247
-0.505034 0.745033 0.249887 1.000000 0.000002 -0.000001 0.000249
-0.505034 0.745034 0.249905 1.000000 -0.000001 -0.000001 0.000250
-0.505033 0.745034 0.249954 1.000000 -0.000000 -0.000001 0.000252
-0.505034 0.745032 0.249938 1.000000 0.000005 -0.000002 0.000253
-0.505033 0.745036 0.249844 1.000000 -0.000003 0.000001 0.000256
-0.505034 0.745035 0.249863 1.000000 -0.000002 -0.000000 0.000257
-0.505034 0.745033 0.249938 1.000000 0.000002 -0.000001 0.000259
-0.505036 0.745034 0.249936 1.000000 0.000000 -0.000004 0.000260
-0.505035 0.745034 0.249918 1.000000 0.000000 -0.000002 0.000264
-0.505034 0.745034 0.249929 1.000000 0.000002 -0.000001 0.000265
-0.505034 0.745034 0.249931 1.000000 0.000001 -0.000000 0.000267
-0.505034 0.745034 0.249931 1.000000 0.000001 -0.000001 0.000268
-0.505034 0.745033 0.249930 1.000000 0.000003 -0.000001 0.000270
-0.505033 0.745034 0.249920 1.000000 0.000001 -0.000000 0.000271
-0.505034 0.745035 0.249924 1.000000 -0.000001 -0.000002 0.000271
-0.505033 0.745037 0.249905 1.000000 -0.000003 0.000001 0.000274
-0.505034 0.745036 0.249901 1.000000 -0.000002 -0.000001 0.000274
-0.505034 0.745035 0.249902 1.000000 0.000001 -0.000001 0.000275
-0.505034 0.745035 0.249902 1.000000 -0.000001 -0.000002 0.000276
-0.505033 0.745034 0.249886 1.000000 0.000003 0.000002 0.000277
-0.505034 0.745035 0.249842 1.000000 -0.000000 -0.000001 0.000279
-0.505033 0.745033 0.249821 1.000000 0.000004 0.000001 0.000280
-0.505037 0.745036 0.249810 1.000000 -0.000001 -0.000006 0.000281
-0.505033 0.745038 0.249771 1.000000 -0.000005 0.000002 0.000284
-0.505032 0.745034 0.249766 1.000000 0.000003 0.000003 0.000284
-0.505034 0.745037 0.249767 1.000000 -0.000004 -0.000001 0.000286
-0.505035 0.745032 0.249776 1.000000 0.000006 -0.000002 0.000286
-0.505034 0.745037 0.249928 1.000000 -0.000003 0.000000 0.000288
-0.505035 0.745037 0.249934 1.000000 -0.000002 -0.000001 0.000288
-0.505035 0.745036 0.249932 1.000000 -0.000002 -0.000001 0.000291
-0.505034 0.745037 0.249920 1.000000 -0.000003 -0.000001 0.000292
-0.505034 0.745037 0.249897 1.000000 -0.000002 -0.000000 0.000295
-0.505035 0.745038 0.249890 1.000000 -0.000005 -0.000002 0.000296
-0.505035 0.745036 0.249897 1.000000 -0.000001 -0.000001 0.000300
-0.505034 0.745034 0.249902 1.000000 0.000003 0.000000 0.000301
-0.505034 0.745034 0.249896 1.000000 0.000003 -0.000000 0.000301
-0.505034 0.745038 0.249813 1.000000 -0.000004 -0.000000 0.000304
-0.505033 0.745034 0.249802 1.000000 0.000004 0.000002 0.000305
-0.505035 0.745033 0.249792 1.000000 0.000006 -0.000002 0.000305
-0.505035 0.745038 0.249846 1.000000 -0.000004 -0.000002 0.000310
-0.505035 0.745037 0.249839 1.000000 -0.000002 -0.000001 0.000311
-0.505035 0.745038 0.249867 1.000000 -0.000003 -0.000001 0.000315
-0.505036 0.745037 0.249876 1.000000 -0.000001 -0.000002 0.000315
-0.505036 0.745037 0.249892 1.000000 -0.000002 -0.000002 0.000320
-0.505036 0.745037 0.249899 1.000000 -0.000000 -0.000003 0.000321
-0.505035 0.745037 0.249941 1.000000 0.000000 -0.000001 0.000323
-0.505035 0.745036 0.249942 1.000000 0.000001 -0.000001 0.000324
-0.505034 0.745037 0.249920 1.000000 -0.000001 0.000001 0.000325
-0.505035 0.745038 0.249880 1.000000 -0.000004 -0.000002 0.000326
-0.505035 0.745035 0.249890 1.000000 0.000003 -0.000001 0.000327
-0.505035 0.745036 0.249902 1.000000 0.000001 -0.000000 0.000328
-0.505036 0.745036 0.249902 1.000000 0.000001 -0.000002 0.000330
-0.505035 0.745036 0.249906 1.000000 0.000002 -0.000001 0.000331
-0.505035 0.745037 0.249930 1.000000 0.000001 0.000001 0.000332
-0.505035 0.745037 0.249941 1.000000 -0.000000 -0.000000 0.000333
-0.505036 0.745036 0.249909 1.000000 0.000003 -0.000002 0.000334
-0.505035 0.745037 0.249901 1.000000 -0.000000 0.000001 0.000334
-0.505035 0.745039 0.249898 1.000000 -0.000003 0.000001 0.000336
-0.505036 0.745038 0.249906 1.000000 -0.000002 -0.000001 0.000337
-0.505036 0.745038 0.249913 1.000000 -0.000001 -0.000001 0.000337
-0.505035 0.745037 0.249938 1.000000 0.000001 0.000000 0.000340
-0.505036 0.745037 0.249950 1.000000 0.000001 -0.000000 0.000340
-0.505036 0.745037 0.249960 1.000000 0.000001 -0.000001 0.000340
-0.505036 0.745037 0.249968 1.000000 0.000002 -0.000002 0.000341
-0.505036 0.745037 0.249954 1.000000 0.000002 -0.000001 0.000342
-0.505037 0.745037 0.249951 1.000000 0.000001 -0.000003 0.000342
-0.505037 0.745037 0.249953 1.000000 0.000000 -0.000003 0.000342
-0.505037 0.745037 0.249940 1.000000 0.000002 -0.000002 0.000344
-0.505036 0.745038 0.249940 1.000000 -0.000000 -0.000000 0.000345
-0.505036 0.745038 0.249890 1.000000 0.000000 -0.000001 0.000348
-0.505036 0.745039 0.249939 1.000000 -0.000003 0.000000 0.000349
-0.505037 0.745037 0.249934 1.000000 0.000001 -0.000002 0.000351
-0.505036 0.745039 0.249921 1.000000 -0.000001 -0.000001 0.000352
-0.505036 0.745037 0.249926 1.000000 0.000002 -0.000001 0.000353
-0.505036 0.745038 0.249920 1.000000 -0.000000 -0.000001 0.000355
-0.505036 0.745038 0.249939 1.000000 -0.000000 -0.000001 0.000357
-0.505036 0.745039 0.249915 1.000000 -0.000002 -0.000001 0.000360
-0.505037 0.745037 0.249842 1.000000 0.000003 -0.000002 0.000362
-0.505037 0.745039 0.249874 1.000000 -0.000002 -0.000003 0.000366
-0.505036 0.745038 0.249843 1.000000 0.000001 -0.000000 0.000370
-0.505037 0.745040 0.249922 1.000000 -0.000002 -0.000001 0.000373
-0.505036 0.745037 0.249906 1.000000 0.000003 0.000001 0.000378
-0.505037 0.745036 0.249818 1.000000 0.000006 -0.000001 0.000382
-0.505037 0.745038 0.249857 1.000000 0.000002 -0.000001 0.000387
-0.505038 0.745038 0.249908 1.000000 0.000003 -0.000002 0.000392
-0.505038 0.745040 0.249919 1.000000 -0.000001 -0.000002 0.000393
-0.505036 0.745040 0.249883 1.000000 -0.000002 0.000000 0.000396
-0.505034 0.745041 0.249813 1.000000 -0.000002 0.000006 0.000401
-0.505037 0.745036 0.249850 1.000000 0.000007 -0.000001 0.000404
-0.505038 0.745039 0.249898 1.000000 0.000001 -0.000002 0.000408
-0.505036 0.745041 0.249954 1.000000 -0.000003 0.000002 0.000410
-0.505040 0.745039 0.249896 1.000000 0.000002 -0.000005 0.000413
-0.505037 0.745040 0.249844 1.000000 -0.000001 -0.000000 0.000416
-0.505036 0.745039 0.249856 1.000000 0.000001 0.000002 0.000419
-0.505037 0.745040 0.249902 1.000000 0.000001 0.000001 0.000422
-0.505036 0.745040 0.249837 1.000000 0.000001 0.000003 0.000427
-0.505038 0.745042 0.249872 1.000000 -0.000003 0.000000 0.000430
-0.505037 0.745036 0.249770 1.000000 0.000010 0.000001 0.000432
-0.505037 0.745040 0.249777 1.000000 0.000001 0.000002 0.000435
-0.505038 0.745040 0.249837 1.000000 0.000001 0.000001 0.000441
-0.505039 0.745042 0.249947 1.000000 -0.000001 -0.000001 0.000443
-0.505039 0.745043 0.249924 1.000000 -0.000003 -0.000001 0.000448
-0.505038 0.745041 0.249898 1.000000 0.000001 0.000000 0.000453
-0.505039 0.745040 0.249906 1.000000 0.000003 -0.000001 0.000454
-0.505038 0.745043 0.249937 1.000000 -0.000003 0.000001 0.000456
-0.505040 0.745041 0.249922 1.000000 0.000001 -0.000004 0.000456
-0.505038 0.745040 0.249914 1.000000 0.000002 0.000001 0.000457
-0.505039 0.745043 0.249915 1.000000 -0.000002 -0.000001 0.000460
-0.505039 0.745040 0.249920 1.000000 0.000002 -0.000001 0.000461
-0.505038 0.745040 0.249914 1.000000 0.000003 0.000001 0.000462
-0.505040 0.745040 0.249850 1.000000 0.000004 -0.000002 0.000465
-0.505038 0.745041 0.249864 1.000000 0.000002 -0.000000 0.000466
-0.505039 0.745041 0.249939 1.000000 0.000002 -0.000002 0.000469
-0.505040 0.745042 0.249950 1.000000 0.000000 -0.000003 0.000469
-0.505039 0.745042 0.249919 1.000000 -0.000001 -0.000002 0.000472
-0.505039 0.745041 0.249959 1.000000 0.000002 -0.000002 0.000475
-0.505040 0.745041 0.249917 1.000000 0.000001 -0.000002 0.000480
-0.505039 0.745041 0.249919 1.000000 0.000002 -0.000001 0.000483
-0.505038 0.745042 0.249961 1.000000 0.000000 0.000001 0.000486
-0.505038 0.745043 0.249927 1.000000 -0.000002 0.000002 0.000489
-0.505041 0.745042 0.249927 1.000000 0.000002 -0.000004 0.000492
-0.505040 0.745042 0.249950 1.000000 0.000001 -0.000002 0.000495
-0.505040 0.745043 0.249964 1.000000 -0.000000 -0.000002 0.000496
-0.505040 0.745044 0.249916 1.000000 -0.000003 -0.000002 0.000498
-0.505041 0.745042 0.249897 1.000000 0.000000 -0.000003 0.000499
-0.505038 0.745043 0.249899 1.000000 -0.000001 0.000001 0.000501
-0.505040 0.745043 0.249903 1.000000 -0.000000 -0.000001 0.000502
-0.505039 0.745042 0.249951 1.000000 0.000002 -0.000000 0.000503
-0.505040 0.745042 0.249947 1.000000 0.000001 -0.000001 0.000504
-0.505040 0.745042 0.249900 1.000000 0.000002 -0.000003 0.000509
-0.505040 0.745043 0.249885 1.000000 -0.000001 -0.000003 0.000509
-0.505040 0.745044 0.249895 1.000000 -0.000001 -0.000002 0.000512
-0.505040 0.745041 0.249885 1.000000 0.000004 -0.000002 0.000513
-0.505042 0.745045 0.249825 1.000000 -0.000004 -0.000006 0.000517
-0.505043 0.745043 0.249798 1.000000 -0.000000 -0.000008 0.000518
-0.505039 0.745044 0.249789 1.000000 -0.000001 -0.000000 0.000520
-0.505038 0.745045 0.249808 1.000000 -0.000003 0.000002 0.000521
-0.505041 0.745044 0.249843 1.000000 -0.000000 -0.000004 0.000524
-0.505039 0.745042 0.249840 1.000000 0.000003 0.000001 0.000525
-0.505041 0.745044 0.249889 1.000000 -0.000000 -0.000002 0.000527
-0.505041 0.745044 0.249908 1.000000 -0.000000 -0.000002 0.000527
-0.505040 0.745045 0.249939 1.000000 -0.000002 0.000001 0.000528
-0.505040 0.745043 0.249940 1.000000 0.000001 -0.000001 0.000529
-0.505041 0.745043 0.249951 1.000000 0.000001 -0.000002 0.000529
-0.505041 0.745043 0.249970 1.000000 0.000001 -0.000002 0.000530
-0.505042 0.745044 0.249969 1.000000 -0.000001 -0.000003 0.000530
-0.505040 0.745046 0.249950 1.000000 -0.000004 0.000000 0.000530
-0.505042 0.745043 0.249833 1.000000 0.000003 -0.000004 0.000532
-0.505042 0.745046 0.249821 1.000000 -0.000005 -0.000003 0.000533
-0.505039 0.745043 0.249804 1.000000 0.000000 0.000002 0.000539
-0.505042 0.745043 0.249803 1.000000 0.000002 -0.000004 0.000541
-0.505041 0.745044 0.249851 1.000000 -0.000001 -0.000001 0.000546
-0.505040 0.745044 0.249868 1.000000 -0.000001 0.000000 0.000546
-0.505041 0.745042 0.249909 1.000000 0.000003 -0.000002 0.000549
-0.505040 0.745043 0.249908 1.000000 0.000002 0.000001 0.000549
-0.505038 0.745044 0.249821 1.000000 0.000000 0.000005 0.000552
-0.505038 0.745045 0.249781 1.000000 -0.000002 0.000004 0.000553
-0.505041 0.745042 0.249814 1.000000 0.000005 -0.000000 0.000555
-0.505043 0.745043 0.249817 1.000000 0.000002 -0.000005 0.000556
-0.505040 0.745044 0.249819 1.000000 0.000000 0.000003 0.000560
-0.505044 0.745042 0.249827 1.000000 0.000004 -0.000005 0.000561
-0.505041 0.745043 0.249807 1.000000 0.000003 -0.000001 0.000563
-0.505042 0.745043 0.249792 1.000000 0.000002 -0.000001 0.000564
-0.505043 0.745044 0.249807 1.000000 0.000001 -0.000004 0.000564
-0.505042 0.745044 0.249909 1.000000 0.000002 -0.000001 0.000566
-0.505042 0.745044 0.249917 1.000000 0.000002 -0.000001 0.000566
-0.505043 0.745044 0.249932 1.000000 0.000001 -0.000002 0.000568
-0.505042 0.745045 0.249953 1.000000 -0.000000 -0.000001 0.000569
-0.505042 0.745046 0.249941 1.000000 -0.000003 -0.000002 0.000570
-0.505041 0.745045 0.249931 1.000000 -0.000001 -0.000000 0.000571
-0.505043 0.745045 0.249939 1.000000 -0.000000 -0.000002 0.000574
-0.505042 0.745045 0.249941 1.000000 -0.000001 -0.000001 0.000574
-0.505041 0.745045 0.249925 1.000000 -0.000000 0.000001 0.000575
-0.505043 0.745044 0.249889 1.000000 0.000002 -0.000004 0.000577
-0.505043 0.745043 0.249873 1.000000 0.000003 -0.000002 0.000578
-0.505041 0.745043 0.249853 1.000000 0.000003 0.000001 0.000578
-0.505043 0.745045 0.249885 1.000000 0.000001 -0.000002 0.000583
-0.505043 0.745044 0.249895 1.000000 0.000001 -0.000002 0.000584
-0.505041 0.745044 0.249861 1.000000 0.000002 0.000000 0.000588
-0.505042 0.745043 0.249854 1.000000 0.000003 -0.000000 0.000588
-0.505042 0.745045 0.249877 1.000000 0.000001 -0.000001 0.000592
-0.505042 0.745045 0.249860 1.000000 0.000001 -0.000001 0.000592
-0.505043 0.745046 0.249845 1.000000 -0.000002 -0.000002 0.000596
-0.505043 0.745043 0.249854 1.000000 0.000005 -0.000002 0.000597
-0.505042 0.745046 0.249891 1.000000 -0.000002 -0.000001 0.000601
-0.505041 0.745046 0.249914 1.000000 -0.000002 0.000002 0.000601
-0.505043 0.745045 0.249885 1.000000 0.000001 -0.000002 0.000603
-0.505042 0.745046 0.249871 1.000000 -0.000001 -0.000000 0.000605
-0.505043 0.745045 0.249917 1.000000 0.000001 -0.000003 0.000607
-0.505044 0.745045 0.249927 1.000000 0.000002 -0.000003 0.000608
-0.505044 0.745045 0.249885 1.000000 0.000001 -0.000003 0.000611
-0.505043 0.745047 0.249877 1.000000 -0.000002 -0.000001 0.000611
-0.505042 0.745046 0.249951 1.000000 0.000000 0.000001 0.000613
-0.505041 0.745046 0.249943 1.000000 0.000000 0.000002 0.000613
-0.505042 0.745047 0.249937 1.000000 -0.000001 0.000000 0.000613
-0.505043 0.745046 0.249951 1.000000 0.000001 -0.000002 0.000615
-0.505043 0.745047 0.249953 1.000000 -0.000002 -0.000001 0.000616
-0.505043 0.745046 0.249945 1.000000 0.000001 -0.000001 0.000617
-0.505043 0.745046 0.249934 1.000000 0.000001 -0.000001 0.000620
-0.505043 0.745045 0.249947 1.000000 0.000002 -0.000002 0.000620
-0.505043 0.745047 0.249955 1.000000 -0.000002 -0.000002 0.000620
-0.505042 0.745045 0.249848 1.000000 0.000002 0.000001 0.000624
-0.505041 0.745045 0.249829 1.000000 0.000002 0.000003 0.000624
-0.505043 0.745046 0.249842 1.000000 -0.000000 -0.000001 0.000628
-0.505043 0.745045 0.249842 1.000000 0.000003 -0.000001 0.000628
-0.505043 0.745047 0.249802 1.000000 -0.000002 -0.000002 0.000631
-0.505042 0.745045 0.249815 1.000000 0.000003 -0.000000 0.000632
-0.505044 0.745048 0.249844 1.000000 -0.000002 -0.000003 0.000637
-0.505043 0.745048 0.249898 1.000000 -0.000002 -0.000002 0.000643
-0.505044 0.745047 0.249951 1.000000 -0.000001 -0.000004 0.000645
-0.505043 0.745047 0.249944 1.000000 -0.000001 -0.000002 0.000648
-0.505043 0.745047 0.249943 1.000000 0.000000 -0.000001 0.000651
-0.505043 0.745046 0.249892 1.000000 0.000003 -0.000002 0.000654
-0.505042 0.745049 0.249892 1.000000 -0.000003 0.000001 0.000658
-0.505042 0.745048 0.249939 1.000000 -0.000001 0.000002 0.000660
-0.505044 0.745048 0.249927 1.000000 -0.000001 -0.000003 0.000663
-0.505042 0.745047 0.249900 1.000000 0.000001 0.000001 0.000668
-0.505042 0.745047 0.249915 1.000000 0.000000 0.000001 0.000670
-0.505042 0.745048 0.249910 1.000000 -0.000001 0.000002 0.000672
-0.505045 0.745048 0.249892 1.000000 -0.000000 -0.000005 0.000673
-0.505043 0.745049 0.249930 1.000000 -0.000002 -0.000000 0.000675
-0.505043 0.745048 0.249930 1.000000 -0.000001 -0.000000 0.000676
-0.505043 0.745048 0.249949 1.000000 0.000000 -0.000001 0.000678
-0.505044 0.745047 0.249959 1.000000 0.000001 -0.000001 0.000678
-0.505043 0.745049 0.249973 1.000000 -0.000002 0.000000 0.000679
-0.505043 0.745047 0.249967 1.000000 0.000001 -0.000001 0.000680
-0.505044 0.745047 0.249901 1.000000 0.000002 -0.000001 0.000682
-0.505044 0.745047 0.249934 1.000000 0.000002 -0.000002 0.000686
-0.505045 0.745049 0.249946 1.000000 -0.000001 -0.000003 0.000688
-0.505042 0.745047 0.249859 1.000000 0.000004 0.000002 0.000692
-0.505044 0.745048 0.249882 1.000000 0.000000 -0.000002 0.000696
-0.505044 0.745048 0.249905 1.000000 0.000001 -0.000002 0.000698
-0.505045 0.745049 0.249909 1.000000 -0.000001 -0.000004 0.000700
-0.505043 0.745049 0.249876 1.000000 -0.000001 -0.000000 0.000701
-0.505044 0.745049 0.249893 1.000000 -0.000001 -0.000002 0.000704
-0.505044 0.745050 0.249902 1.000000 -0.000002 -0.000002 0.000705
-0.505042 0.745049 0.249900 1.000000 -0.000000 0.000003 0.000707
-0.505044 0.745049 0.249902 1.000000 0.000000 -0.000002 0.000708
-0.505044 0.745048 0.249916 1.000000 0.000001 -0.000002 0.000708
-0.505043 0.745049 0.249946 1.000000 0.000000 0.000000 0.000709
-0.505045 0.745049 0.249876 1.000000 0.000001 -0.000004 0.000712
-0.505043 0.745046 0.249848 1.000000 0.000007 0.000001 0.000712
-0.505043 0.745048 0.249870 1.000000 0.000002 0.000000 0.000716
-0.505043 0.745049 0.249878 1.000000 0.000001 0.000002 0.000716
-0.505045 0.745050 0.249951 1.000000 -0.000001 -0.000002 0.000719
-0.505044 0.745050 0.249955 1.000000 -0.000001 0.000000 0.000719
-0.505044 0.745049 0.249963 1.000000 0.000000 -0.000002 0.000721
-0.505045 0.745048 0.249965 1.000000 0.000002 -0.000002 0.000721
-0.505044 0.745049 0.249875 1.000000 0.000002 0.000000 0.000725
-0.505044 0.745049 0.249885 1.000000 0.000001 -0.000000 0.000726
-0.505044 0.745051 0.249864 1.000000 -0.000002 -0.000001 0.000730
-0.505046 0.745049 0.249875 1.000000 0.000001 -0.000004 0.000730
-0.505044 0.745049 0.249813 1.000000 0.000001 -0.000001 0.000733
-0.505044 0.745049 0.249849 1.000000 0.000001 -0.000001 0.000734
-0.505045 0.745049 0.249961 1.000000 0.000002 -0.000002 0.000735
-0.505045 0.745050 0.249964 1.000000 0.000000 -0.000002 0.000735
-0.505044 0.745048 0.249970 1.000000 0.000003 -0.000000 0.000737
-0.505044 0.745049 0.249955 1.000000 0.000001 0.000000 0.000737
-0.505045 0.745053 0.249839 1.000000 -0.000006 -0.000001 0.000750
-0.505042 0.745053 0.249787 1.000000 -0.000005 0.000004 0.000754
-0.505043 0.745050 0.249800 1.000000 0.000001 0.000002 0.000754
-0.505047 0.745052 0.249802 1.000000 -0.000002 -0.000006 0.000757
-0.505044 0.745048 0.249791 1.000000 0.000004 0.000001 0.000757
-0.505043 0.745051 0.249779 1.000000 -0.000001 0.000003 0.000758
-0.505044 0.745049 0.249834 1.000000 0.000002 0.000000 0.000761
-0.505045 0.745049 0.249850 1.000000 0.000003 -0.000001 0.000762
-0.505045 0.745052 0.249874 1.000000 -0.000003 -0.000001 0.000763
-0.505044 0.745049 0.249878 1.000000 0.000003 -0.000000 0.000766
-0.505044 0.745050 0.249874 1.000000 0.000001 0.000002 0.000767
-0.505043 0.745048 0.249792 1.000000 0.000005 0.000004 0.000769
-0.505046 0.745053 0.249780 1.000000 -0.000004 -0.000004 0.000769
-0.505047 0.745047 0.249785 1.000000 0.000008 -0.000006 0.000771
-0.505044 0.745046 0.249785 1.000000 0.000010 0.000002 0.000771
-0.505044 0.745053 0.249748 1.000000 -0.000005 -0.000000 0.000774
-0.505046 0.745053 0.249747 1.000000 -0.000005 -0.000004 0.000774
-0.505043 0.745049 0.249749 1.000000 0.000004 0.000003 0.000774
-0.505043 0.745053 0.249770 1.000000 -0.000005 0.000003 0.000775
-0.505047 0.745048 0.249771 1.000000 0.000007 -0.000005 0.000776
-0.505044 0.745048 0.249774 1.000000 0.000006 0.000001 0.000776
-0.505043 0.745045 0.249759 1.000000 0.000012 0.000003 0.000778
-0.505044 0.745047 0.249755 1.000000 0.000008 0.000001 0.000778
-0.505043 0.745051 0.249750 1.000000 0.000001 0.000002 0.000778
-0.505044 0.745055 0.249745 1.000000 -0.000009 0.000001 0.000779
-0.505042 0.745053 0.249745 1.000000 -0.000003 0.000005 0.000779
-0.505040 0.745050 0.249750 1.000000 0.000002 0.000009 0.000779
-0.505045 0.745055 0.249758 1.000000 -0.000008 -0.000001 0.000780
-0.505042 0.745050 0.249758 1.000000 0.000002 0.000005 0.000781
-0.505041 0.745053 0.249766 1.000000 -0.000004 0.000007 0.000781
-0.505046 0.745051 0.249773 1.000000 0.000001 -0.000003 0.000782
-0.505044 0.745052 0.249823 1.000000 -0.000002 0.000001 0.000783
-0.505045 0.745049 0.249851 1.000000 0.000004 -0.000000 0.000784
-0.505042 0.745049 0.249859 1.000000 0.000004 0.000005 0.000786
-0.505047 0.745051 0.249835 1.000000 0.000001 -0.000005 0.000786
-0.505046 0.745052 0.249778 1.000000 -0.000001 -0.000003 0.000788
-0.505043 0.745050 0.249783 1.000000 0.000003 0.000003 0.000789
-0.505045 0.745050 0.249810 1.000000 0.000003 -0.000001 0.000791
-0.505044 0.745051 0.249828 1.000000 0.000000 0.000002 0.000793
-0.505044 0.745053 0.249867 1.000000 -0.000003 0.000002 0.000795
-0.505046 0.745052 0.249876 1.000000 -0.000002 -0.000003 0.000795
-0.505045 0.745053 0.249845 1.000000 -0.000002 -0.000001 0.000798
-0.505046 0.745052 0.249837 1.000000 -0.000002 -0.000003 0.000799
-0.505044 0.745053 0.249833 1.000000 -0.000003 0.000000 0.000800
-0.505047 0.745051 0.249840 1.000000 0.000001 -0.000005 0.000801
-0.505043 0.745051 0.249841 1.000000 0.000001 0.000004 0.000803
-0.505045 0.745052 0.249845 1.000000 -0.000001 -0.000001 0.000803
-0.505044 0.745054 0.249862 1.000000 -0.000005 0.000001 0.000804
-0.505045 0.745055 0.249861 1.000000 -0.000007 -0.000001 0.000805
-0.505045 0.745050 0.249854 1.000000 0.000005 -0.000001 0.000807
-0.505044 0.745053 0.249842 1.000000 -0.000002 0.000002 0.000809
-0.505045 0.745049 0.249835 1.000000 0.000005 -0.000000 0.000810
-0.505048 0.745053 0.249825 1.000000 -0.000002 -0.000007 0.000811
-0.505045 0.745051 0.249812 1.000000 0.000001 0.000000 0.000812
-0.505043 0.745052 0.249816 1.000000 0.000001 0.000004 0.000812
-0.505047 0.745050 0.249815 1.000000 0.000004 -0.000003 0.000813
-0.505047 0.745052 0.249819 1.000000 0.000001 -0.000003 0.000814
-0.505044 0.745054 0.249822 1.000000 -0.000003 0.000002 0.000815
-0.505047 0.745054 0.249824 1.000000 -0.000004 -0.000004 0.000815
-0.505047 0.745052 0.249817 1.000000 -0.000000 -0.000004 0.000816
-0.505047 0.745051 0.249875 1.000000 0.000002 -0.000002 0.000817
-0.505048 0.745051 0.249870 1.000000 0.000003 -0.000005 0.000818
-0.505043 0.745054 0.249838 1.000000 -0.000004 0.000005 0.000819
-0.505046 0.745052 0.249828 1.000000 0.000001 -0.000001 0.000820
-0.505044 0.745054 0.249850 1.000000 -0.000003 0.000004 0.000820
-0.505045 0.745052 0.249862 1.000000 0.000001 0.000001 0.000821
-0.505047 0.745053 0.249878 1.000000 -0.000001 -0.000002 0.000823
-0.505046 0.745053 0.249884 1.000000 -0.000002 -0.000000 0.000823
-0.505047 0.745053 0.249879 1.000000 -0.000001 -0.000003 0.000824
-0.505046 0.745053 0.249874 1.000000 -0.000000 0.000001 0.000826
-0.505047 0.745053 0.249889 1.000000 -0.000000 -0.000002 0.000826
-0.505046 0.745052 0.249920 1.000000 0.000001 -0.000001 0.000827
-0.505045 0.745053 0.249933 1.000000 -0.000002 0.000002 0.000827
-0.505046 0.745052 0.249924 1.000000 0.000001 0.000001 0.000828
-0.505045 0.745053 0.249924 1.000000 -0.000000 0.000002 0.000829
-0.505048 0.745053 0.249926 1.000000 0.000000 -0.000004 0.000830
-0.505047 0.745053 0.249930 1.000000 0.000000 -0.000003 0.000830
-0.505047 0.745052 0.249949 1.000000 0.000001 -0.000002 0.000831
-0.505047 0.745052 0.249956 1.000000 0.000002 -0.000001 0.000831
-0.505047 0.745052 0.249932 1.000000 0.000002 -0.000001 0.000832
-0.505047 0.745054 0.249928 1.000000 -0.000002 -0.000001 0.000832
-0.505046 0.745053 0.249952 1.000000 0.000001 0.000000 0.000834
-0.505047 0.745052 0.249961 1.000000 0.000002 -0.000001 0.000834
-0.505047 0.745053 0.249954 1.000000 0.000000 -0.000001 0.000835
-0.505047 0.745054 0.249954 1.000000 -0.000002 -0.000001 0.000835
-0.505046 0.745052 0.249943 1.000000 0.000002 -0.000000 0.000836
-0.505047 0.745053 0.249940 1.000000 0.000001 -0.000002 0.000837
-0.505047 0.745054 0.249934 1.000000 -0.000001 -0.000002 0.000839
-0.505046 0.745054 0.249926 1.000000 -0.000001 0.000001 0.000840
-0.505047 0.745053 0.249925 1.000000 0.000000 -0.000001 0.000841
-0.505047 0.745052 0.249930 1.000000 0.000002 -0.000001 0.000841
-0.505047 0.745053 0.249930 1.000000 0.000000 -0.000001 0.000842
-0.505045 0.745054 0.249931 1.000000 -0.000002 0.000002 0.000842
-0.505045 0.745054 0.249933 1.000000 -0.000001 0.000003 0.000843
-0.505045 0.745054 0.249929 1.000000 -0.000001 0.000002 0.000843
-0.505046 0.745054 0.249944 1.000000 -0.000001 0.000001 0.000844
-0.505046 0.745053 0.249942 1.000000 -0.000001 0.000001 0.000844
-0.505046 0.745053 0.249921 1.000000 -0.000000 0.000002 0.000845
-0.505047 0.745051 0.249904 1.000000 0.000004 -0.000001 0.000845
-0.505045 0.745050 0.249855 1.000000 0.000007 0.000003 0.000846
-0.505048 0.745055 0.249827 1.000000 -0.000003 -0.000003 0.000847
-0.505048 0.745056 0.249788 1.000000 -0.000006 -0.000003 0.000848
-0.505047 0.745056 0.249774 1.000000 -0.000005 -0.000002 0.000848
-0.505046 0.745053 0.249765 1.000000 0.000001 0.000001 0.000848
-0.505049 0.745055 0.249763 1.000000 -0.000004 -0.000005 0.000848
-0.505048 0.745054 0.249778 1.000000 -0.000000 -0.000003 0.000849
-0.505046 0.745054 0.249816 1.000000 -0.000002 0.000000 0.000849
-0.505046 0.745052 0.249859 1.000000 0.000003 0.000000 0.000850
-0.505048 0.745054 0.249873 1.000000 -0.000001 -0.000003 0.000852
-0.505049 0.745054 0.249867 1.000000 -0.000000 -0.000004 0.000852
-0.505045 0.745053 0.249860 1.000000 0.000001 0.000003 0.000854
-0.505046 0.745054 0.249848 1.000000 -0.000001 0.000001 0.000855
-0.505045 0.745055 0.249812 1.000000 -0.000003 0.000004 0.000856
-0.505047 0.745055 0.249798 1.000000 -0.000003 -0.000001 0.000857
-0.505048 0.745055 0.249789 1.000000 -0.000002 -0.000003 0.000858
-0.505045 0.745052 0.249793 1.000000 0.000004 0.000003 0.000859
-0.505047 0.745055 0.249815 1.000000 -0.000003 -0.000001 0.000861
-0.505048 0.745053 0.249831 1.000000 0.000001 -0.000004 0.000862
-0.505047 0.745055 0.249904 1.000000 -0.000003 -0.000001 0.000863
-0.505048 0.745055 0.249910 1.000000 -0.000002 -0.000002 0.000864
-0.505048 0.745054 0.249898 1.000000 -0.000000 -0.000003 0.000865
-0.505048 0.745053 0.249888 1.000000 0.000001 -0.000003 0.000865
-0.505047 0.745053 0.249922 1.000000 0.000001 -0.000001 0.000866
-0.505046 0.745055 0.249933 1.000000 -0.000001 0.000001 0.000866
-0.505046 0.745053 0.249949 1.000000 0.000001 0.000001 0.000867
-0.505047 0.745053 0.249962 1.000000 0.000001 -0.000000 0.000867
-0.505046 0.745055 0.249961 1.000000 -0.000002 0.000000 0.000868
-0.505047 0.745053 0.249952 1.000000 0.000003 -0.000001 0.000868
-0.505046 0.745053 0.249939 1.000000 0.000003 0.000000 0.000869
-0.505047 0.745055 0.249922 1.000000 -0.000002 -0.000001 0.000871
-0.505046 0.745053 0.249920 1.000000 0.000002 0.000001 0.000872
-0.505047 0.745051 0.249896 1.000000 0.000006 -0.000001 0.000873
-0.505046 0.745053 0.249877 1.000000 0.000002 0.000001 0.000874
-0.505048 0.745055 0.249839 1.000000 -0.000002 -0.000002 0.000876
-0.505047 0.745053 0.249857 1.000000 0.000002 -0.000002 0.000877
-0.505046 0.745055 0.249876 1.000000 -0.000002 0.000001 0.000878
-0.505048 0.745055 0.249891 1.000000 -0.000001 -0.000003 0.000879
-0.505048 0.745055 0.249902 1.000000 -0.000001 -0.000002 0.000879
-0.505046 0.745054 0.249892 1.000000 -0.000000 0.000002 0.000880
-0.505048 0.745052 0.249877 1.000000 0.000004 -0.000002 0.000882
-0.505046 0.745053 0.249848 1.000000 0.000002 0.000001 0.000883
-0.505046 0.745059 0.249831 1.000000 -0.000010 0.000002 0.000883
-0.505046 0.745058 0.249829 1.000000 -0.000007 0.000003 0.000883
-0.505048 0.745053 0.249841 1.000000 0.000002 -0.000001 0.000883
-0.505048 0.745056 0.249850 1.000000 -0.000002 -0.000002 0.000884
-0.505048 0.745054 0.249864 1.000000 0.000001 -0.000001 0.000886
-0.505047 0.745053 0.249871 1.000000 0.000002 0.000000 0.000887
-0.505049 0.745055 0.249862 1.000000 -0.000000 -0.000004 0.000889
-0.505047 0.745055 0.249853 1.000000 -0.000001 0.000000 0.000890
-0.505047 0.745053 0.249852 1.000000 0.000004 0.000002 0.000891
-0.505048 0.745053 0.249843 1.000000 0.000003 -0.000001 0.000891
-0.505048 0.745054 0.249885 1.000000 0.000001 -0.000002 0.000892
-0.505047 0.745053 0.249905 1.000000 0.000003 0.000000 0.000892
-0.505049 0.745056 0.249899 1.000000 -0.000002 -0.000002 0.000893
-0.505048 0.745056 0.249891 1.000000 -0.000002 -0.000001 0.000894
-0.505047 0.745053 0.249871 1.000000 0.000003 0.000000 0.000896
-0.505047 0.745055 0.249869 1.000000 0.000000 0.000001 0.000897
-0.505049 0.745055 0.249860 1.000000 -0.000001 -0.000003 0.000898
-0.505048 0.745056 0.249861 1.000000 -0.000002 -0.000001 0.000899
-0.505048 0.745054 0.249897 1.000000 0.000003 -0.000001 0.000900
-0.505047 0.745054 0.249908 1.000000 0.000002 0.000001 0.000901
-0.505048 0.745058 0.249892 1.000000 -0.000005 -0.000001 0.000902
-0.505045 0.745054 0.249866 1.000000 0.000002 0.000004 0.000902
-0.505049 0.745054 0.249841 1.000000 0.000001 -0.000003 0.000903
-0.505046 0.745055 0.249863 1.000000 -0.000001 0.000002 0.000904
-0.505048 0.745055 0.249878 1.000000 -0.000001 -0.000001 0.000905
-0.505047 0.745056 0.249890 1.000000 -0.000001 0.000000 0.000907
-0.505048 0.745055 0.249919 1.000000 0.000001 -0.000002 0.000907
-0.505048 0.745055 0.249937 1.000000 0.000000 -0.000002 0.000908
-0.505048 0.745056 0.249955 1.000000 -0.000002 -0.000001 0.000909
-0.505047 0.745055 0.249957 1.000000 0.000001 0.000002 0.000909
-0.505049 0.745055 0.249917 1.000000 0.000001 -0.000004 0.000910
-0.505048 0.745054 0.249882 1.000000 0.000003 -0.000002 0.000911
-0.505047 0.745054 0.249791 1.000000 0.000003 0.000001 0.000912
-0.505050 0.745057 0.249785 1.000000 -0.000003 -0.000005 0.000912
-0.505048 0.745060 0.249793 1.000000 -0.000010 -0.000000 0.000913
-0.505048 0.745058 0.249816 1.000000 -0.000006 -0.000001 0.000914
-0.505046 0.745060 0.249821 1.000000 -0.000008 0.000004 0.000914
-0.505048 0.745054 0.249805 1.000000 0.000002 -0.000001 0.000915
-0.505048 0.745054 0.249795 1.000000 0.000003 -0.000001 0.000916
-0.505049 0.745056 0.249807 1.000000 -0.000001 -0.000002 0.000917
-0.505048 0.745056 0.249838 1.000000 -0.000001 -0.000000 0.000918
-0.505048 0.745054 0.249880 1.000000 0.000002 -0.000001 0.000919
-0.505049 0.745055 0.249892 1.000000 0.000002 -0.000001 0.000920
-0.505050 0.745056 0.249897 1.000000 -0.000000 -0.000003 0.000921
-0.505048 0.745058 0.249884 1.000000 -0.000005 -0.000000 0.000922
-0.505048 0.745055 0.249872 1.000000 0.000000 -0.000000 0.000924
-0.505046 0.745055 0.249861 1.000000 0.000000 0.000003 0.000924
-0.505050 0.745056 0.249860 1.000000 0.000000 -0.000005 0.000926
-0.505047 0.745055 0.249860 1.000000 0.000002 0.000002 0.000927
-0.505046 0.745055 0.249846 1.000000 0.000001 0.000004 0.000928
-0.505050 0.745054 0.249833 1.000000 0.000004 -0.000003 0.000929
-0.505048 0.745057 0.249846 1.000000 -0.000001 -0.000000 0.000930
-0.505048 0.745057 0.249862 1.000000 -0.000003 -0.000001 0.000930
-0.505048 0.745056 0.249876 1.000000 0.000000 -0.000000 0.000932
-0.505049 0.745054 0.249869 1.000000 0.000004 -0.000002 0.000932
-0.505049 0.745058 0.249852 1.000000 -0.000003 -0.000001 0.000934
-0.505047 0.745057 0.249848 1.000000 -0.000001 0.000003 0.000935
-0.505050 0.745056 0.249859 1.000000 0.000001 -0.000004 0.000936
-0.505048 0.745058 0.249862 1.000000 -0.000004 0.000001 0.000937
-0.505047 0.745056 0.249858 1.000000 0.000001 0.000003 0.000937
-0.505050 0.745054 0.249848 1.000000 0.000005 -0.000003 0.000938
-0.505050 0.745056 0.249829 1.000000 -0.000000 -0.000002 0.000938
-0.505050 0.745055 0.249813 1.000000 0.000002 -0.000003 0.000938
-0.505050 0.745055 0.249798 1.000000 0.000003 -0.000003 0.000939
-0.505050 0.745053 0.249789 1.000000 0.000007 -0.000003 0.000939
-0.505049 0.745052 0.249779 1.000000 0.000009 -0.000001 0.000940
-0.505053 0.745057 0.249772 1.000000 -0.000001 -0.000009 0.000940
-0.505048 0.745055 0.249768 1.000000 0.000003 0.000000 0.000941
-0.505048 0.745060 0.249776 1.000000 -0.000008 0.000000 0.000942
-0.505048 0.745057 0.249798 1.000000 -0.000002 0.000002 0.000942
-0.505050 0.745057 0.249806 1.000000 -0.000001 -0.000001 0.000943
-0.505050 0.745052 0.249813 1.000000 0.000010 -0.000003 0.000943
-0.505050 0.745052 0.249821 1.000000 0.000008 -0.000002 0.000943
-0.505049 0.745058 0.249830 1.000000 -0.000003 -0.000001 0.000945
-0.505050 0.745055 0.249847 1.000000 0.000002 -0.000002 0.000945
-0.505050 0.745056 0.249902 1.000000 0.000001 -0.000002 0.000946
-0.505050 0.745057 0.249931 1.000000 -0.000001 -0.000002 0.000946
-0.505052 0.745056 0.249899 1.000000 0.000001 -0.000005 0.000947
-0.505049 0.745057 0.249891 1.000000 -0.000001 0.000001 0.000949
-0.505049 0.745056 0.249916 1.000000 0.000000 -0.000000 0.000950
-0.505050 0.745057 0.249931 1.000000 -0.000001 -0.000002 0.000951
-0.505051 0.745057 0.249949 1.000000 -0.000000 -0.000002 0.000951
-0.505050 0.745057 0.249965 1.000000 0.000000 -0.000001 0.000952
-0.505050 0.745056 0.249954 1.000000 0.000001 -0.000001 0.000954
-0.505048 0.745057 0.249941 1.000000 -0.000001 0.000002 0.000955
-0.505050 0.745056 0.249910 1.000000 0.000002 -0.000000 0.000957
-0.505049 0.745056 0.249844 1.000000 0.000001 0.000001 0.000960
-0.505050 0.745056 0.249845 1.000000 0.000001 -0.000001 0.000964
-0.505051 0.745057 0.249909 1.000000 0.000001 -0.000002 0.000967
-0.505050 0.745056 0.249910 1.000000 0.000003 0.000000 0.000967
-0.505051 0.745058 0.249894 1.000000 -0.000001 -0.000003 0.000968
-0.505050 0.745058 0.249887 1.000000 -0.000002 -0.000001 0.000969
-0.505050 0.745058 0.249915 1.000000 -0.000001 -0.000000 0.000970
-0.505050 0.745057 0.249926 1.000000 0.000001 0.000000 0.000972
-0.505049 0.745059 0.249892 1.000000 -0.000003 0.000002 0.000973
-0.505050 0.745056 0.249903 1.000000 0.000002 -0.000000 0.000974
-0.505048 0.745057 0.249895 1.000000 0.000001 0.000003 0.000975
-0.505050 0.745060 0.249846 1.000000 -0.000004 -0.000000 0.000976
-0.505051 0.745057 0.249840 1.000000 0.000001 -0.000001 0.000976
-0.505049 0.745059 0.249862 1.000000 -0.000003 0.000001 0.000977
-0.505051 0.745059 0.249866 1.000000 -0.000003 -0.000002 0.000978
-0.505051 0.745056 0.249886 1.000000 0.000003 -0.000002 0.000979
-0.505050 0.745057 0.249900 1.000000 0.000001 0.000001 0.000980
-0.505050 0.745057 0.249911 1.000000 0.000002 -0.000000 0.000981
-0.505050 0.745058 0.249911 1.000000 -0.000001 0.000001 0.000981
-0.505050 0.745057 0.249925 1.000000 0.000002 0.000001 0.000983
-0.505051 0.745056 0.249910 1.000000 0.000003 -0.000002 0.000983
-0.505051 0.745060 0.249883 1.000000 -0.000004 -0.000002 0.000985
-0.505051 0.745057 0.249877 1.000000 0.000003 -0.000002 0.000985
-0.505051 0.745058 0.249901 1.000000 0.000000 -0.000001 0.000987
-0.505051 0.745058 0.249926 1.000000 0.000001 -0.000001 0.000987
-0.505051 0.745058 0.249957 1.000000 0.000000 -0.000001 0.000988
-0.505051 0.745058 0.249967 1.000000 -0.000000 -0.000003 0.000988
-0.505051 0.745058 0.249970 1.000000 -0.000000 -0.000002 0.000988
-0.505051 0.745057 0.249963 1.000000 0.000001 -0.000001 0.000989
-0.505051 0.745058 0.249939 1.000000 0.000001 -0.000001 0.000990
-0.505051 0.745058 0.249945 1.000000 0.000000 -0.000001 0.000990
-0.505050 0.745058 0.249957 1.000000 -0.000000 -0.000000 0.000990
-0.505049 0.745059 0.249966 1.000000 -0.000001 0.000003 0.000990
-0.505051 0.745058 0.249974 1.000000 0.000001 -0.000002 0.000990
-0.505050 0.745058 0.249978 1.000000 0.000001 -0.000000 0.000991
-0.505049 0.745059 0.249973 1.000000 -0.000001 0.000003 0.000991
-0.505051 0.745059 0.249964 1.000000 -0.000001 -0.000001 0.000991
-0.505051 0.745057 0.249948 1.000000 0.000002 -0.000001 0.000992
-0.505051 0.745058 0.249914 1.000000 0.000001 -0.000001 0.000994
-0.505051 0.745056 0.249909 1.000000 0.000005 -0.000000 0.000996
-0.505050 0.745058 0.249908 1.000000 0.000001 0.000000 0.000999
-0.505046 0.745058 0.249828 0.999999 0.000002 0.000009 0.001001
-0.505052 0.745059 0.249784 0.999999 -0.000002 -0.000004 0.001005
-0.505052 0.745058 0.249914 0.999999 0.000001 -0.000003 0.001007
-0.505051 0.745059 0.249968 0.999999 0.000000 -0.000001 0.001008
-0.505050 0.745059 0.249923 0.999999 -0.000000 0.000002 0.001010
-0.505053 0.745059 0.249917 0.999999 0.000001 -0.000004 0.001012
-0.505051 0.745058 0.249901 0.999999 0.000002 -0.000001 0.001016
-0.505053 0.745060 0.249863 0.999999 -0.000002 -0.000004 0.001017
-0.505051 0.745062 0.249796 0.999999 -0.000006 -0.000000 0.001019
-0.505049 0.745059 0.249823 0.999999 -0.000000 0.000004 0.001021
-0.505052 0.745056 0.249847 0.999999 0.000006 -0.000000 0.001024
-0.505052 0.745058 0.249842 0.999999 0.000002 -0.000001 0.001027
-0.505052 0.745060 0.249925 0.999999 -0.000001 -0.000001 0.001029
-0.505050 0.745062 0.249873 0.999999 -0.000004 0.000002 0.001032
-0.505051 0.745059 0.249859 0.999999 0.000001 0.000002 0.001035
-0.505053 0.745061 0.249868 0.999999 -0.000003 -0.000003 0.001036
-0.505050 0.745060 0.249849 0.999999 0.000001 0.000004 0.001037
-0.505053 0.745062 0.249831 0.999999 -0.000004 -0.000002 0.001037
-0.505056 0.745060 0.249811 0.999999 0.000000 -0.000007 0.001039
-0.505051 0.745060 0.249808 0.999999 -0.000000 0.000002 0.001040
-0.505054 0.745059 0.249827 0.999999 0.000002 -0.000003 0.001041
-0.505052 0.745060 0.249833 0.999999 -0.000001 0.000001 0.001041
-0.505052 0.745059 0.249859 0.999999 0.000002 -0.000000 0.001043
-0.505053 0.745059 0.249856 0.999999 0.000002 -0.000002 0.001043
-0.505053 0.745060 0.249894 0.999999 0.000001 -0.000002 0.001044
-0.505053 0.745060 0.249924 0.999999 -0.000001 -0.000001 0.001044
-0.505053 0.745060 0.249954 0.999999 0.000000 -0.000001 0.001045
-0.505052 0.745060 0.249958 0.999999 -0.000000 -0.000001 0.001045
-0.505052 0.745060 0.249965 0.999999 -0.000000 0.000001 0.001046
-0.505051 0.745062 0.249965 0.999999 -0.000003 0.000001 0.001046
-0.505054 0.745062 0.249943 0.999999 -0.000003 -0.000003 0.001046
-0.505054 0.745061 0.249910 0.999999 -0.000001 -0.000003 0.001046
-0.505054 0.745061 0.249878 0.999999 -0.000001 -0.000003 0.001047
-0.505053 0.745060 0.249873 0.999999 0.000001 -0.000001 0.001047
-0.505053 0.745059 0.249883 0.999999 0.000003 -0.000002 0.001047
-0.505053 0.745059 0.249896 0.999999 0.000003 -0.000001 0.001048
-0.505053 0.745061 0.249902 0.999999 -0.000001 -0.000001 0.001048
-0.505053 0.745061 0.249906 0.999999 -0.000000 -0.000001 0.001049
-0.505052 0.745061 0.249919 0.999999 -0.000002 0.000001 0.001049
-0.505053 0.745060 0.249939 0.999999 -0.000000 -0.000002 0.001049
-0.505053 0.745061 0.249953 0.999999 -0.000000 -0.000001 0.001049
-0.505054 0.745059 0.249955 0.999999 0.000002 -0.000002 0.001049
-0.505053 0.745060 0.249957 0.999999 0.000001 -0.000002 0.001050
-0.505053 0.745060 0.249956 0.999999 0.000002 -0.000001 0.001050
-0.505053 0.745060 0.249956 0.999999 0.000000 -0.000001 0.001050
-0.505053 0.745061 0.249958 0.999999 -0.000000 -0.000000 0.001051
-0.505053 0.745060 0.249965 0.999999 0.000001 -0.000001 0.001051
-0.505052 0.745061 0.249966 0.999999 -0.000001 0.000001 0.001051
-0.505052 0.745060 0.249968 0.999999 0.000001 0.000001 0.001051
-0.505053 0.745060 0.249968 0.999999 0.000002 -0.000002 0.001052
-0.505054 0.745061 0.249968 0.999999 -0.000001 -0.000002 0.001052
-0.505054 0.745060 0.249965 0.999999 -0.000000 -0.000002 0.001052
-0.505054 0.745060 0.249967 0.999999 -0.000000 -0.000003 0.001052
-0.505054 0.745060 0.249955 0.999999 0.000002 -0.000002 0.001053
-0.505053 0.745060 0.249947 0.999999 0.000001 -0.000001 0.001053
-0.505053 0.745060 0.249951 0.999999 0.000000 -0.000001 0.001053
-0.505053 0.745061 0.249959 0.999999 -0.000001 -0.000001 0.001054
-0.505054 0.745060 0.249938 0.999999 0.000001 -0.000002 0.001054
-0.505054 0.745060 0.249932 0.999999 0.000001 -0.000003 0.001055
-0.505053 0.745060 0.249921 0.999999 0.000001 -0.000000 0.001056
-0.505054 0.745060 0.249913 0.999999 0.000001 -0.000002 0.001056
-0.505054 0.745060 0.249920 0.999999 0.000001 -0.000002 0.001057
-0.505054 0.745062 0.249925 0.999999 -0.000002 -0.000002 0.001058
-0.505052 0.745061 0.249922 0.999999 -0.000001 0.000002 0.001059
-0.505051 0.745061 0.249920 0.999999 -0.000000 0.000003 0.001060
-0.505052 0.745060 0.249873 0.999999 0.000002 0.000002 0.001061
-0.505053 0.745059 0.249844 0.999999 0.000003 -0.000000 0.001061
-0.505053 0.745062 0.249850 0.999999 -0.000002 -0.000001 0.001062
-0.505054 0.745060 0.249860 0.999999 0.000002 -0.000003 0.001063
-0.505053 0.745061 0.249897 0.999999 0.000000 -0.000001 0.001065
-0.505053 0.745059 0.249914 0.999999 0.000003 -0.000000 0.001065
-0.505053 0.745062 0.249906 0.999999 -0.000002 -0.000001 0.001066
-0.505054 0.745060 0.249907 0.999999 0.000002 -0.000002 0.001067
-0.505054 0.745060 0.249927 0.999999 0.000001 -0.000001 0.001068
-0.505054 0.745060 0.249930 0.999999 0.000002 -0.000001 0.001069
-0.505054 0.745060 0.249944 0.999999 0.000001 -0.000002 0.001070
-0.505054 0.745061 0.249951 0.999999 0.000000 -0.000002 0.001070
-0.505052 0.745061 0.249924 0.999999 0.000000 0.000002 0.001070
-0.505053 0.745065 0.249891 0.999999 -0.000007 -0.000001 0.001071
-0.505054 0.745059 0.249849 0.999999 0.000003 -0.000002 0.001072
-0.505055 0.745063 0.249830 0.999999 -0.000003 -0.000004 0.001073
-0.505053 0.745059 0.249831 0.999999 0.000003 -0.000001 0.001074
-0.505056 0.745062 0.249827 0.999999 -0.000001 -0.000006 0.001074
-0.505054 0.745063 0.249805 0.999999 -0.000004 -0.000001 0.001075
-0.505054 0.745063 0.249807 0.999999 -0.000003 -0.000001 0.001076
-0.505052 0.745062 0.249827 0.999999 -0.000002 0.000003 0.001078
-0.505052 0.745060 0.249840 0.999999 0.000002 0.000002 0.001079
-0.505053 0.745062 0.249838 0.999999 -0.000002 0.000001 0.001079
-0.505053 0.745061 0.249846 0.999999 0.000000 0.000002 0.001080
-0.505055 0.745061 0.249880 0.999999 0.000001 -0.000002 0.001080
-0.505055 0.745061 0.249899 0.999999 0.000000 -0.000002 0.001081
-0.505053 0.745062 0.249898 0.999999 -0.000002 0.000001 0.001082
-0.505053 0.745061 0.249911 0.999999 0.000000 0.000002 0.001082
-0.505055 0.745063 0.249921 0.999999 -0.000003 -0.000002 0.001083
-0.505054 0.745062 0.249910 0.999999 -0.000000 -0.000000 0.001084
-0.505052 0.745062 0.249879 0.999999 -0.000001 0.000003 0.001086
-0.505053 0.745061 0.249872 0.999999 0.000001 0.000002 0.001087
-0.505055 0.745062 0.249866 0.999999 -0.000001 -0.000002 0.001088
-0.505055 0.745062 0.249876 0.999999 -0.000001 -0.000001 0.001089
-0.505054 0.745062 0.249880 0.999999 -0.000001 -0.000000 0.001091
-0.505055 0.745061 0.249876 0.999999 0.000002 -0.000002 0.001092
-0.505052 0.745062 0.249884 0.999999 -0.000000 0.000003 0.001093
-0.505053 0.745061 0.249886 0.999999 0.000001 0.000002 0.001094
-0.505055 0.745062 0.249901 0.999999 -0.000000 -0.000002 0.001095
-0.505055 0.745062 0.249922 0.999999 0.000001 -0.000002 0.001095
-0.505055 0.745062 0.249944 0.999999 -0.000001 -0.000002 0.001095
-0.505055 0.745061 0.249934 0.999999 0.000002 -0.000001 0.001096
-0.505055 0.745062 0.249926 0.999999 -0.000000 -0.000001 0.001097
-0.505055 0.745062 0.249932 0.999999 0.000001 -0.000002 0.001097
-0.505055 0.745061 0.249930 0.999999 0.000003 -0.000002 0.001099
-0.505054 0.745062 0.249932 0.999999 0.000000 -0.000000 0.001099
-0.505055 0.745061 0.249950 0.999999 0.000001 -0.000002 0.001100
-0.505055 0.745061 0.249958 0.999999 0.000002 -0.000001 0.001100
-0.505055 0.745061 0.249963 0.999999 0.000001 -0.000002 0.001100
-0.505055 0.745063 0.249965 0.999999 -0.000001 -0.000002 0.001101
-0.505055 0.745062 0.249960 0.999999 0.000001 -0.000002 0.001101
-0.505055 0.745061 0.249948 0.999999 0.000001 -0.000002 0.001102
-0.505054 0.745061 0.249941 0.999999 0.000002 0.000001 0.001102
-0.505055 0.745060 0.249923 0.999999 0.000003 -0.000001 0.001103
-0.505054 0.745061 0.249912 0.999999 0.000001 -0.000000 0.001103
-0.505054 0.745062 0.249905 0.999999 -0.000000 0.000000 0.001104
-0.505056 0.745061 0.249905 0.999999 0.000001 -0.000003 0.001104
-0.505055 0.745062 0.249901 0.999999 -0.000001 -0.000002 0.001105
-0.505056 0.745062 0.249906 0.999999 -0.000000 -0.000003 0.001105
-0.505054 0.745063 0.249906 0.999999 -0.000001 -0.000000 0.001106
-0.505054 0.745063 0.249918 0.999999 -0.000001 0.000000 0.001106
-0.505055 0.745062 0.249954 0.999999 0.000001 -0.000001 0.001107
-0.505055 0.745062 0.249967 0.999999 0.000001 -0.000001 0.001107
-0.505054 0.745061 0.249976 0.999999 0.000001 -0.000000 0.001107
-0.505054 0.745063 0.249971 0.999999 -0.000001 0.000000 0.001107
-0.505056 0.745063 0.249947 0.999999 -0.000001 -0.000002 0.001108
-0.505056 0.745062 0.249937 0.999999 -0.000000 -0.000003 0.001108
-0.505055 0.745062 0.249922 0.999999 0.000000 -0.000001 0.001109
-0.505055 0.745062 0.249932 0.999999 0.000001 -0.000002 0.001110
-0.505055 0.745061 0.249952 0.999999 0.000002 -0.000001 0.001110
-0.505054 0.745063 0.249949 0.999999 -0.000001 0.000001 0.001111
-0.505054 0.745063 0.249890 0.999999 -0.000001 0.000001 0.001113
-0.505053 0.745062 0.249890 0.999999 0.000001 0.000003 0.001113
-0.505054 0.745064 0.249881 0.999999 -0.000004 -0.000000 0.001114
-0.505057 0.745060 0.249866 0.999999 0.000005 -0.000004 0.001115
-0.505057 0.745061 0.249844 0.999999 0.000003 -0.000005 0.001116
-0.505056 0.745062 0.249833 0.999999 0.000001 -0.000003 0.001116
-0.505053 0.745063 0.249839 0.999999 0.000000 0.000003 0.001117
-0.505054 0.745063 0.249859 0.999999 0.000000 0.000001 0.001118
-0.505054 0.745063 0.249873 0.999999 -0.000001 0.000002 0.001118
-0.505055 0.745065 0.249882 0.999999 -0.000004 -0.000001 0.001118
-0.505055 0.745063 0.249869 0.999999 -0.000001 -0.000001 0.001119
-0.505054 0.745065 0.249867 0.999999 -0.000005 0.000002 0.001120
-0.505055 0.745061 0.249849 0.999999 0.000004 0.000000 0.001120
-0.505058 0.745062 0.249836 0.999999 0.000001 -0.000007 0.001121
-0.505051 0.745063 0.249830 0.999999 -0.000001 0.000007 0.001123
-0.505055 0.745063 0.249823 0.999999 -0.000000 -0.000001 0.001124
-0.505056 0.745060 0.249827 0.999999 0.000006 -0.000002 0.001124
-0.505056 0.745065 0.249823 0.999999 -0.000005 -0.000000 0.001125
-0.505057 0.745062 0.249830 0.999999 0.000001 -0.000003 0.001126
-0.505056 0.745064 0.249851 0.999999 -0.000002 -0.000001 0.001128
-0.505056 0.745063 0.249869 0.999999 -0.000001 -0.000001 0.001128
-0.505055 0.745062 0.249893 0.999999 0.000002 -0.000000 0.001129
-0.505055 0.745063 0.249901 0.999999 0.000000 0.000000 0.001130
-0.505058 0.745063 0.249890 0.999999 -0.000000 -0.000004 0.001132
-0.505057 0.745064 0.249876 0.999999 -0.000001 -0.000002 0.001132
-0.505056 0.745063 0.249913 0.999999 0.000000 -0.000002 0.001133
-0.505055 0.745064 0.249924 0.999999 -0.000003 0.000001 0.001134
-0.505055 0.745062 0.249916 0.999999 0.000002 0.000001 0.001135
-0.505054 0.745064 0.249906 0.999999 -0.000002 0.000003 0.001135
-0.505055 0.745064 0.249924 0.999999 -0.000001 0.000002 0.001137
-0.505054 0.745064 0.249938 0.999999 -0.000001 0.000003 0.001137
-0.505055 0.745061 0.249920 0.999999 0.000004 0.000001 0.001138
-0.505057 0.745065 0.249890 0.999999 -0.000003 -0.000002 0.001139
-0.505057 0.745062 0.249854 0.999999 0.000002 -0.000003 0.001141
-0.505056 0.745064 0.249852 0.999999 -0.000001 0.000000 0.001141
-0.505055 0.745064 0.249890 0.999999 -0.000001 0.000002 0.001143
-0.505055 0.745064 0.249912 0.999999 -0.000002 0.000001 0.001143
-0.505056 0.745064 0.249924 0.999999 -0.000000 -0.000001 0.001143
-0.505057 0.745063 0.249910 0.999999 0.000001 -0.000003 0.001144
-0.505056 0.745064 0.249893 0.999999 -0.000001 -0.000001 0.001146
-0.505056 0.745062 0.249904 0.999999 0.000002 -0.000001 0.001146
-0.505057 0.745064 0.249930 0.999999 -0.000001 -0.000002 0.001148
-0.505057 0.745064 0.249936 0.999999 -0.000000 -0.000002 0.001148
-0.505055 0.745062 0.249914 0.999999 0.000004 0.000002 0.001149
-0.505056 0.745068 0.249895 0.999999 -0.000008 -0.000001 0.001150
-0.505058 0.745063 0.249862 0.999999 0.000002 -0.000004 0.001152
-0.505055 0.745064 0.249864 0.999999 -0.000000 0.000002 0.001152
-0.505055 0.745064 0.249893 0.999999 -0.000000 0.000001 0.001153
-0.505056 0.745064 0.249910 0.999999 -0.000000 0.000000 0.001154
-0.505056 0.745063 0.249943 0.999999 0.000001 -0.000000 0.001154
-0.505056 0.745065 0.249947 0.999999 -0.000002 -0.000001 0.001155
-0.505056 0.745063 0.249939 0.999999 0.000001 -0.000001 0.001157
-0.505056 0.745063 0.249944 0.999999 0.000001 -0.000001 0.001157
-0.505057 0.745063 0.249955 0.999999 0.000002 -0.000002 0.001157
-0.505057 0.745064 0.249953 0.999999 -0.000000 -0.000002 0.001158
-0.505054 0.745064 0.249926 0.999999 -0.000000 0.000004 0.001159
-0.505055 0.745063 0.249916 0.999999 0.000002 0.000001 0.001159
-0.505057 0.745064 0.249917 0.999999 0.000001 -0.000002 0.001160
-0.505057 0.745063 0.249930 0.999999 0.000002 -0.000002 0.001160
-0.505056 0.745064 0.249926 0.999999 -0.000001 -0.000000 0.001161
-0.505056 0.745065 0.249924 0.999999 -0.000002 0.000000 0.001161
-0.505057 0.745063 0.249886 0.999999 0.000002 -0.000002 0.001163
-0.505057 0.745064 0.249886 0.999999 -0.000000 -0.000002 0.001163
-0.505057 0.745065 0.249926 0.999999 -0.000001 -0.000002 0.001164
-0.505057 0.745064 0.249930 0.999999 -0.000000 -0.000001 0.001164
-0.505057 0.745063 0.249934 0.999999 0.000002 -0.000001 0.001166
-0.505057 0.745064 0.249936 0.999999 0.000001 -0.000003 0.001166
-0.505056 0.745063 0.249953 0.999999 0.000002 -0.000000 0.001167
-0.505056 0.745065 0.249942 0.999999 -0.000001 -0.000000 0.001167
-0.505058 0.745063 0.249917 0.999999 0.000001 -0.000003 0.001168
-0.505058 0.745063 0.249908 0.999999 0.000002 -0.000003 0.001168
-0.505057 0.745063 0.249933 0.999999 0.000002 -0.000002 0.001169
-0.505057 0.745065 0.249942 0.999999 -0.000002 -0.000002 0.001169
-0.505057 0.745065 0.249953 0.999999 -0.000001 -0.000002 0.001170
-0.505057 0.745064 0.249959 0.999999 -0.000000 -0.000002 0.001170
-0.505057 0.745063 0.249944 0.999999 0.000003 -0.000001 0.001171
-0.505056 0.745063 0.249926 0.999999 0.000003 0.000001 0.001172
-0.505057 0.745064 0.249894 0.999999 0.000001 -0.000000 0.001172
-0.505056 0.745066 0.249901 0.999999 -0.000003 -0.000000 0.001173
-0.505057 0.745064 0.249923 0.999999 0.000002 -0.000001 0.001174
-0.505056 0.745063 0.249925 0.999999 0.000002 0.000001 0.001174
-0.505057 0.745062 0.249905 0.999999 0.000005 -0.000000 0.001175
-0.505057 0.745066 0.249881 0.999999 -0.000003 -0.000001 0.001176
-0.505058 0.745066 0.249858 0.999999 -0.000003 -0.000003 0.001176
-0.505058 0.745061 0.249837 0.999999 0.000007 -0.000002 0.001178
-0.505058 0.745065 0.249834 0.999999 -0.000002 -0.000002 0.001178
-0.505057 0.745069 0.249809 0.999999 -0.000008 -0.000001 0.001179
-0.505053 0.745064 0.249793 0.999999 0.000002 0.000008 0.001180
-0.505057 0.745065 0.249778 0.999999 -0.000000 -0.000000 0.001182
-0.505055 0.745064 0.249775 0.999999 0.000001 0.000003 0.001183
-0.505056 0.745064 0.249853 0.999999 0.000002 0.000002 0.001188
-0.505058 0.745064 0.249852 0.999999 0.000001 -0.000002 0.001188
-0.505058 0.745064 0.249868 0.999999 0.000002 -0.000003 0.001190
-0.505057 0.745064 0.249895 0.999999 0.000001 -0.000001 0.001190
-0.505057 0.745065 0.249946 0.999999 0.000000 0.000000 0.001191
-0.505057 0.745064 0.249955 0.999999 0.000001 0.000000 0.001191
-0.505057 0.745065 0.249965 0.999999 0.000000 -0.000001 0.001192
-0.505058 0.745064 0.249970 0.999999 0.000001 -0.000002 0.001192
-0.505058 0.745066 0.249963 0.999999 -0.000002 -0.000003 0.001193
-0.505057 0.745066 0.249938 0.999999 -0.000002 -0.000000 0.001193
-0.505056 0.745064 0.249912 0.999999 0.000001 0.000001 0.001194
-0.505058 0.745064 0.249892 0.999999 0.000002 -0.000002 0.001195
-0.505057 0.745067 0.249876 0.999999 -0.000004 -0.000001 0.001195
-0.505057 0.745066 0.249866 0.999999 -0.000003 0.000000 0.001196
-0.505056 0.745064 0.249871 0.999999 0.000002 0.000001 0.001197
-0.505058 0.745066 0.249865 0.999999 -0.000002 -0.000002 0.001197
-0.505057 0.745062 0.249856 0.999999 0.000006 -0.000001 0.001198
-0.505057 0.745063 0.249844 0.999999 0.000005 0.000000 0.001199
-0.505058 0.745067 0.249840 0.999999 -0.000003 -0.000003 0.001200
-0.505056 0.745065 0.249839 0.999999 0.000001 0.000001 0.001201
-0.505058 0.745063 0.249837 0.999999 0.000004 -0.000002 0.001202
-0.505057 0.745067 0.249835 0.999999 -0.000004 -0.000000 0.001202
-0.505054 0.745065 0.249821 0.999999 0.000001 0.000006 0.001202
-0.505056 0.745069 0.249801 0.999999 -0.000007 0.000003 0.001203
-0.505056 0.745066 0.249792 0.999999 -0.000001 0.000002 0.001203
-0.505058 0.745067 0.249788 0.999999 -0.000003 -0.000002 0.001203
-0.505055 0.745065 0.249784 0.999999 0.000001 0.000005 0.001204
-0.505057 0.745066 0.249787 0.999999 -0.000002 0.000000 0.001204
-0.505058 0.745068 0.249789 0.999999 -0.000005 -0.000003 0.001205
-0.505058 0.745066 0.249796 0.999999 -0.000001 -0.000003 0.001205
-0.505057 0.745067 0.249807 0.999999 -0.000004 -0.000000 0.001206
-0.505058 0.745066 0.249825 0.999999 -0.000001 -0.000001 0.001207
-0.505057 0.745065 0.249889 0.999999 0.000001 -0.000000 0.001208
-0.505058 0.745066 0.249910 0.999999 -0.000000 -0.000001 0.001209
-0.505058 0.745065 0.249936 0.999999 0.000001 -0.000001 0.001210
-0.505059 0.745065 0.249867 0.999999 0.000001 -0.000003 0.001212
-0.505059 0.745066 0.249880 0.999999 -0.000001 -0.000004 0.001216
-0.505056 0.745066 0.249889 0.999999 -0.000000 0.000002 0.001219
-0.505059 0.745066 0.249922 0.999999 -0.000001 -0.000003 0.001221
