-0.080746 0.885970 0.407054
-0.079415 0.886010 0.407132
-0.078374 0.886037 0.407195
-0.080189 0.884891 0.407263
-0.078614 0.883784 0.407650
-0.076235 0.882974 0.407969
-0.073932 0.882245 0.408237
-0.071546 0.881448 0.408505
-0.071035 0.881363 0.408548
-0.071448 0.880843 0.408584
-0.071787 0.878745 0.408934
-0.071205 0.878477 0.409019
-0.071521 0.877782 0.409096
-0.070631 0.874192 0.409771
-0.068572 0.871822 0.410262
-0.068348 0.871502 0.410321
-0.068385 0.870032 0.410582
-0.068293 0.869797 0.410623
-0.068879 0.869164 0.410712
-0.070665 0.868003 0.410785
-0.071112 0.867493 0.410846
-0.072190 0.866057 0.411075
-0.073062 0.865345 0.411129
-0.074195 0.864039 0.411279
-0.075011 0.862687 0.411494
-0.075897 0.861879 0.411567
-0.076995 0.860413 0.411747
-0.077700 0.858893 0.411990
-0.079255 0.857258 0.412164
-0.079573 0.856546 0.412263
-0.080147 0.854506 0.412589
-0.080914 0.853648 0.412673
-0.081870 0.852084 0.412864
-0.082368 0.850082 0.413176
-0.083139 0.849223 0.413260
-0.083826 0.848366 0.413354
-0.084881 0.846086 0.413682
-0.085675 0.845187 0.413774
-0.086373 0.844296 0.413874
-0.087413 0.841944 0.414210
-0.088869 0.840214 0.414403
-0.089167 0.839462 0.414500
-0.089566 0.837043 0.414848
-0.089421 0.836641 0.414899
-0.089539 0.834993 0.415121
-0.089465 0.834727 0.415151
-0.089352 0.832413 0.415452
-0.089382 0.832128 0.415474
-0.088204 0.831885 0.415500
-0.087879 0.831369 0.415541
-0.087008 0.831135 0.415568
-0.087616 0.830455 0.415614
-0.088071 0.827313 0.415952
-0.087920 0.826961 0.415987
-0.088148 0.825519 0.416155
-0.088096 0.825270 0.416179
-0.088785 0.824381 0.416290
-0.088787 0.823982 0.416332
-0.089640 0.823342 0.416423
-0.089689 0.823168 0.416442
-0.090635 0.822444 0.416498
-0.093275 0.820393 0.416759
-0.093314 0.820090 0.416796
-0.094221 0.819248 0.416872
-0.096579 0.816814 0.417185
-0.096570 0.816459 0.417226
-0.097431 0.815562 0.417311
-0.099610 0.813264 0.417605
-0.099643 0.812836 0.417656
-0.100516 0.811874 0.417754
-0.102621 0.809090 0.418121
-0.102472 0.808336 0.418201
-0.102873 0.807311 0.418323
-0.102823 0.806783 0.418373
-0.103471 0.806062 0.418464
-0.103528 0.805639 0.418505
-0.104341 0.805070 0.418583
-0.104460 0.804554 0.418636
-0.105357 0.803824 0.418712
-0.107229 0.802657 0.418869
-0.107984 0.801233 0.419056
-0.108854 0.800409 0.419150
-0.109937 0.799655 0.419250
-0.111244 0.797693 0.419511
-0.112115 0.796799 0.419618
-0.113180 0.795986 0.419730
-0.114392 0.793881 0.420011
-0.115969 0.792154 0.420238
-0.116625 0.791515 0.420331
-0.117204 0.789439 0.420591
-0.117593 0.789011 0.420647
-0.117760 0.788230 0.420725
-0.118284 0.787985 0.420761
-0.118663 0.787296 0.420836
-0.118498 0.786521 0.420890
-0.118265 0.785711 0.420939
-0.118160 0.785111 0.420973
-0.118844 0.784833 0.421012
-0.119120 0.784412 0.421051
-0.119440 0.784293 0.421066
-0.121705 0.782983 0.421267
-0.122997 0.781615 0.421473
-0.123319 0.781431 0.421502
-0.124520 0.780651 0.421619
-0.126694 0.778493 0.421960
-0.127257 0.778172 0.422018
-0.127609 0.777461 0.422102
-0.127887 0.777364 0.422117
-0.128609 0.776745 0.422193
-0.128923 0.776663 0.422207
-0.129792 0.776063 0.422282
-0.130109 0.775997 0.422294
-0.130700 0.775672 0.422331
-0.133502 0.773591 0.422682
-0.133953 0.773356 0.422728
-0.134852 0.772410 0.422868
-0.135143 0.772323 0.422882
-0.135966 0.771662 0.422960
-0.135923 0.770955 0.423002
-0.135785 0.770205 0.423041
-0.135585 0.769379 0.423083
-0.135306 0.768450 0.423128
-0.135090 0.767616 0.423169
-0.134854 0.766746 0.423212
-0.134554 0.765787 0.423258
-0.134327 0.764934 0.423299
-0.134317 0.764714 0.423310
-0.136705 0.761807 0.423729
-0.136357 0.760670 0.423820
-0.135884 0.759629 0.423874
-0.135573 0.758747 0.423916
-0.135277 0.757842 0.423958
-0.134987 0.756924 0.424000
-0.134701 0.755997 0.424042
-0.134416 0.755063 0.424083
-0.134133 0.754122 0.424125
-0.133794 0.753097 0.424168
-0.133539 0.752192 0.424208
-0.133215 0.751173 0.424251
-0.132911 0.750188 0.424292
-0.132780 0.749480 0.424324
-0.134861 0.747573 0.424607
-0.134280 0.745294 0.424796
-0.136809 0.743395 0.425137
-0.139019 0.740299 0.425704
-0.139525 0.740298 0.425733
-0.139706 0.740294 0.425742
-0.141749 0.739019 0.426010
-0.143475 0.738175 0.426251
-0.144477 0.738307 0.426361
-0.143971 0.738312 0.426332
-0.143400 0.738273 0.426300
-0.142658 0.738164 0.426258
-0.141856 0.738002 0.426213
-0.141237 0.737915 0.426177
-0.140548 0.737814 0.426135
-0.140110 0.737772 0.426109
-0.140857 0.737035 0.426232
-0.141834 0.735336 0.426511
-0.140952 0.734886 0.426489
-0.140248 0.734745 0.426444
-0.139509 0.734619 0.426392
-0.138673 0.734452 0.426331
-0.137832 0.734263 0.426267
-0.137208 0.734169 0.426219
-0.136441 0.734029 0.426157
-0.136042 0.733991 0.426126
-0.135917 0.733876 0.426118
-0.136734 0.733067 0.426254
-0.137364 0.732398 0.426378
-0.137822 0.731461 0.426507
-0.137558 0.730976 0.426530
-0.137288 0.730470 0.426535
-0.137016 0.730283 0.426522
-0.136365 0.729574 0.426493
-0.136060 0.729402 0.426474
-0.135567 0.728917 0.426447
-0.135237 0.728721 0.426426
-0.134707 0.728194 0.426396
-0.134362 0.727980 0.426374
-0.133591 0.727174 0.426330
-0.133265 0.726970 0.426309
-0.132533 0.726192 0.426266
-0.133271 0.725278 0.426405
-0.133983 0.724388 0.426547
-0.134225 0.723740 0.426627
-0.135168 0.722543 0.426822
-0.135977 0.721444 0.427000
-0.136256 0.720641 0.427101
-0.137197 0.719319 0.427313
-0.137985 0.718122 0.427501
-0.138236 0.717240 0.427606
-0.139145 0.715851 0.427823
-0.139900 0.714597 0.428015
-0.139961 0.712392 0.428199
-0.139795 0.711837 0.428210
-0.139134 0.710996 0.428176
-0.138596 0.710179 0.428139
-0.137883 0.709582 0.428074
-0.137613 0.709233 0.428050
-0.136913 0.708660 0.427982
-0.135876 0.707284 0.427887
-0.135289 0.706209 0.427843
-0.134964 0.705450 0.427825
-0.135012 0.705306 0.427833
-0.135112 0.704917 0.427857
-0.135235 0.704759 0.427876
-0.135424 0.704368 0.427913
-0.135700 0.704100 0.427958
-0.135791 0.703926 0.427977
-0.136759 0.703064 0.428162
-0.137754 0.702310 0.428351
-0.139104 0.700733 0.428654
-0.139115 0.699929 0.428702
-0.138931 0.699243 0.428707
-0.138663 0.698463 0.428703
-0.138416 0.697739 0.428700
-0.138240 0.697138 0.428700
-0.138005 0.696399 0.428700
-0.137779 0.695693 0.428700
-0.137515 0.694915 0.428698
-0.137369 0.694361 0.428701
-0.137208 0.693750 0.428704
-0.136977 0.693005 0.428705
-0.136943 0.692819 0.428707
-0.137026 0.692634 0.428722
-0.138014 0.691767 0.428909
-0.138915 0.690933 0.429092
-0.140360 0.689618 0.429386
-0.141623 0.688553 0.429645
-0.142425 0.687730 0.429820
-0.143372 0.686700 0.430025
-0.143719 0.685580 0.430140
-0.143496 0.684699 0.430143
-0.143231 0.683950 0.430131
-0.143046 0.683338 0.430125
-0.142861 0.682696 0.430123
-0.142823 0.682494 0.430124
-0.142490 0.682188 0.430095
-0.142367 0.681959 0.430086
-0.141920 0.681591 0.430044
-0.141758 0.681331 0.430030
-0.141272 0.680225 0.429999
-0.140802 0.679141 0.429973
-0.140523 0.678377 0.429961
-0.140281 0.677640 0.429955
-0.139997 0.676803 0.429947
-0.139802 0.676145 0.429944
-0.139555 0.675360 0.429940
-0.139520 0.675166 0.429942
-0.139198 0.674870 0.429914
-0.139080 0.674643 0.429905
-0.138647 0.674276 0.429863
-0.138490 0.674015 0.429849
-0.139265 0.673048 0.430017
-0.139873 0.672227 0.430168
-0.141072 0.670916 0.430438
-0.142063 0.669752 0.430671
-0.142511 0.668934 0.430803
-0.143588 0.667607 0.431061
-0.145312 0.664473 0.431541
-0.145116 0.663108 0.431555
-0.144748 0.662149 0.431509
-0.144429 0.661327 0.431469
-0.144094 0.660445 0.431432
-0.143827 0.659664 0.431408
-0.143650 0.659032 0.431397
-0.143477 0.658372 0.431390
-0.143301 0.657698 0.431385
-0.143123 0.657017 0.431380
-0.142943 0.656331 0.431377
-0.142710 0.655532 0.431370
-0.142496 0.654787 0.431364
-0.142343 0.654166 0.431363
-0.142135 0.653404 0.431359
-0.141981 0.652776 0.431358
-0.141771 0.652009 0.431354
-0.141570 0.651278 0.431350
-0.141377 0.650560 0.431347
-0.141227 0.650493 0.431331
-0.140994 0.650159 0.431308
-0.140794 0.650031 0.431285
-0.141506 0.649181 0.431453
-0.142214 0.648328 0.431625
-0.143522 0.646976 0.431927
-0.144470 0.645914 0.432168
-0.145005 0.645084 0.432317
-0.146182 0.643730 0.432604
-0.147157 0.642532 0.432852
-0.147616 0.641697 0.432991
-0.148695 0.640353 0.433268
-0.150498 0.637242 0.433781
-0.150405 0.635957 0.433792
-0.150036 0.634926 0.433722
-0.149737 0.634102 0.433665
-0.149502 0.633353 0.433628
-0.149302 0.632637 0.433602
-0.149121 0.631936 0.433585
-0.148990 0.631334 0.433576
-0.148809 0.630590 0.433565
-0.148673 0.629972 0.433560
-0.148532 0.629318 0.433556
-0.148338 0.628541 0.433548
-0.148197 0.627909 0.433545
-0.148052 0.627245 0.433543
-0.147910 0.627158 0.433526
-0.147686 0.626791 0.433501
-0.147498 0.626653 0.433477
-0.147336 0.626420 0.433457
-0.148079 0.625449 0.433649
-0.148681 0.624624 0.433824
-0.149185 0.623434 0.433995
-0.149156 0.623070 0.434016
-0.148800 0.621861 0.433994
-0.148398 0.620779 0.433936
-0.148108 0.619910 0.433894
-0.147933 0.619237 0.433875
-0.147725 0.618444 0.433856
-0.147583 0.617802 0.433848
-0.147556 0.617594 0.433848
-0.147429 0.617422 0.433834
-0.148164 0.616527 0.434028
-0.148881 0.615636 0.434224
-0.149218 0.615018 0.434336
-0.150233 0.613826 0.434611
-0.151115 0.612735 0.434859
-0.152502 0.611206 0.435232
-0.154889 0.607922 0.435926
-0.155033 0.606725 0.435983
-0.154809 0.605799 0.435927
-0.154587 0.605036 0.435872
-0.154443 0.604413 0.435841
-0.154261 0.603660 0.435810
-0.154095 0.602946 0.435787
-0.153940 0.602245 0.435770
-0.153920 0.602057 0.435769
-0.154740 0.601118 0.435992
-0.155406 0.600328 0.436194
-0.155798 0.599688 0.436322
-0.156860 0.598446 0.436627
-0.157665 0.597451 0.436880
-0.158584 0.595426 0.437203
-0.158362 0.594263 0.437121
-0.158155 0.593662 0.437027
-0.157957 0.593039 0.436936
-0.157712 0.592312 0.436827
-0.157539 0.591718 0.436748
-0.157322 0.591001 0.436656
-0.157122 0.590320 0.436572
-0.156978 0.589735 0.436514
-0.156789 0.589016 0.436445
-0.156762 0.588827 0.436434
-0.156878 0.588397 0.436441
-0.156895 0.588204 0.436441
-0.157049 0.587885 0.436466
-0.157101 0.587673 0.436476
-0.157296 0.587334 0.436513
-0.157359 0.587118 0.436528
-0.157570 0.586776 0.436573
-0.157640 0.586558 0.436591
-0.157918 0.586112 0.436659
-0.157968 0.585923 0.436676
-0.158170 0.585613 0.436726
-0.158240 0.585404 0.436749
-0.159877 0.583633 0.437241
-0.161035 0.581846 0.437637
-0.161055 0.581177 0.437658
-0.160916 0.580455 0.437629
-0.160795 0.579855 0.437604
-0.160667 0.579212 0.437581
-0.160495 0.578448 0.437555
-0.160472 0.578251 0.437553
-0.160250 0.577955 0.437515
-0.160169 0.577722 0.437502
-0.159866 0.577357 0.437449
-0.159756 0.577093 0.437430
-0.160464 0.576069 0.437649
-0.161044 0.575202 0.437852
-0.161379 0.574499 0.437979
-0.162361 0.573193 0.438293
-0.163108 0.572146 0.438556
-0.163546 0.571330 0.438719
-0.163713 0.570758 0.438800
-0.163647 0.569296 0.438818
-0.163259 0.568282 0.438661
-0.162991 0.567618 0.438532
-0.162695 0.566882 0.438383
-0.162443 0.566213 0.438250
-0.162270 0.565644 0.438156
-0.162100 0.565034 0.438070
-0.161883 0.564315 0.437969
-0.161851 0.564127 0.437953
-0.161625 0.563846 0.437886
-0.162307 0.562949 0.438101
-0.162963 0.562050 0.438322
-0.163293 0.561442 0.438445
-0.164228 0.560237 0.438758
-0.165034 0.559140 0.439041
-0.165454 0.558404 0.439199
-0.165807 0.556820 0.439312
-0.165511 0.555943 0.439113
-0.165239 0.555390 0.438924
-0.164979 0.554835 0.438742
-0.164733 0.554273 0.438570
-0.164435 0.553633 0.438368
-0.164166 0.553041 0.438183
-0.163974 0.552525 0.438050
-0.163786 0.551960 0.437927
-0.163601 0.551370 0.437813
-0.163420 0.550763 0.437709
-0.163246 0.550143 0.437616
-0.163172 0.549759 0.437576
-0.163058 0.549633 0.437537
-0.162956 0.549410 0.437500
-0.163613 0.548416 0.437725
-0.164153 0.547577 0.437936
-0.164470 0.546904 0.438062
-0.165382 0.545625 0.438391
-0.166157 0.544477 0.438689
-0.167354 0.542899 0.439133
-0.169401 0.539760 0.439909
-0.169380 0.538894 0.439747
-0.169067 0.538543 0.439463
-0.168631 0.538171 0.439089
-0.168301 0.537842 0.438803
-0.167980 0.537463 0.438531
-0.167587 0.537020 0.438209
-0.167225 0.536601 0.437913
-0.166962 0.536208 0.437698
-0.166710 0.535757 0.437499
-0.166342 0.535181 0.437226
-0.166137 0.534752 0.437071
-0.165888 0.534188 0.436896
-0.165664 0.533627 0.436747
-0.165507 0.533113 0.436647
-0.166145 0.532257 0.436892
-0.166742 0.531404 0.437148
-0.167054 0.530847 0.437288
-0.167884 0.529700 0.437628
-0.168586 0.528668 0.437939
-0.169134 0.527602 0.438177
-0.169153 0.526745 0.438089
-0.168826 0.526358 0.437799
-0.168555 0.526060 0.437568
-0.168516 0.526017 0.437511
-0.168446 0.525771 0.437409
-0.168446 0.525697 0.437373
-0.168429 0.525413 0.437305
-0.168448 0.525326 0.437284
-0.168461 0.525021 0.437242
-0.168493 0.524924 0.437232
-0.168524 0.524743 0.437226
-0.169169 0.523804 0.437488
-0.169796 0.523016 0.437772
-0.170210 0.522414 0.437959
-0.170517 0.522015 0.438091
-0.170836 0.521421 0.438216
-0.170944 0.521272 0.438248
-0.171055 0.520926 0.438266
-0.171113 0.520832 0.438272
-0.171177 0.520529 0.438269
-0.171225 0.520437 0.438274
-0.171287 0.520122 0.438276
-0.171339 0.520021 0.438287
-0.171412 0.519682 0.438304
-0.171470 0.519568 0.438322
-0.171526 0.519367 0.438343
-0.172171 0.518402 0.438632
-0.172754 0.517476 0.438927
-0.173719 0.516060 0.439394
-0.174536 0.514978 0.439816
-0.175647 0.513516 0.440371
-0.176508 0.512330 0.440830
-0.177086 0.511601 0.441136
-0.178012 0.510387 0.441603
-0.178736 0.509381 0.441994
-0.179487 0.508504 0.442382
-0.179626 0.508289 0.442439
-0.179745 0.508217 0.442442
-0.179657 0.508208 0.442326
-0.179615 0.508279 0.442261
-0.179482 0.508287 0.442111
-0.179432 0.508347 0.442042
-0.179303 0.508318 0.441899
-0.179742 0.507550 0.442102
-0.180131 0.506808 0.442314
-0.180378 0.506368 0.442443
-0.180505 0.506031 0.442501
-0.180600 0.505788 0.442514
-0.180569 0.505694 0.442473
-0.180507 0.505681 0.442383
-0.180443 0.505630 0.442321
-0.180361 0.505636 0.442219
-0.180300 0.505577 0.442160
-0.180236 0.505549 0.442074
-0.180187 0.505468 0.442027
-0.180153 0.505392 0.441967
-0.180120 0.505287 0.441933
-0.180118 0.505164 0.441900
-0.180101 0.505035 0.441880
-0.180132 0.504866 0.441876
-0.180132 0.504714 0.441869
-0.180195 0.504501 0.441892
-0.180211 0.504328 0.441898
-0.180304 0.504073 0.441945
-0.180335 0.503879 0.441964
-0.180458 0.503585 0.442035
-0.180503 0.503373 0.442065
-0.180653 0.503043 0.442158
-0.180711 0.502813 0.442198
-0.180887 0.502449 0.442311
-0.180958 0.502203 0.442361
-0.181157 0.501807 0.442492
-0.181239 0.501546 0.442551
-0.181461 0.501121 0.442699
-0.181553 0.500846 0.442765
-0.181795 0.500394 0.442928
-0.181897 0.500106 0.443001
-0.182473 0.499034 0.443351
-0.183043 0.498128 0.443727
-0.183918 0.496726 0.444282
-0.184628 0.495540 0.444771
-0.185552 0.493965 0.445387
-0.186312 0.492811 0.445925
-0.187106 0.491552 0.446523
-0.187328 0.491306 0.446688
-0.187549 0.490961 0.446860
-0.187626 0.490921 0.446910
-0.187699 0.490750 0.446957
-0.187742 0.490732 0.446977
-0.187788 0.490548 0.446998
-0.187862 0.490501 0.447030
-0.187882 0.490390 0.447039
-0.187984 0.490238 0.447088
-0.188017 0.490085 0.447107
-0.188143 0.489860 0.447176
-0.188189 0.489675 0.447204
-0.188340 0.489394 0.447292
-0.188398 0.489183 0.447330
-0.188574 0.488854 0.447436
-0.188645 0.488620 0.447483
-0.188846 0.488249 0.447606
-0.188928 0.487996 0.447662
-0.189153 0.487588 0.447801
-0.189247 0.487318 0.447864
-0.189493 0.486877 0.448019
-0.189598 0.486590 0.448089
-0.189865 0.486120 0.448257
-0.189979 0.485819 0.448333
-0.190265 0.485322 0.448512
-0.190389 0.485009 0.448594
-0.190692 0.484488 0.448783
-0.190824 0.484164 0.448870
-0.191142 0.483621 0.449068
-0.191282 0.483287 0.449159
-0.191615 0.482726 0.449364
-0.191760 0.482382 0.449459
-0.192106 0.481804 0.449670
-0.192258 0.481452 0.449767
-0.192616 0.480859 0.449983
-0.192773 0.480501 0.450083
-0.192963 0.480172 0.450196
-0.193579 0.479047 0.450588
-0.194146 0.477962 0.450983
-0.194977 0.476360 0.451558
-0.195708 0.475121 0.452087
-0.196224 0.474212 0.452471
-0.196997 0.472753 0.453033
-0.197677 0.471636 0.453546
-0.198466 0.470329 0.454171
-0.198729 0.470031 0.454369
-0.199064 0.469546 0.454625
-0.199208 0.469432 0.454720
-0.199415 0.469103 0.454858
-0.199526 0.469010 0.454922
-0.199702 0.468670 0.455026
-0.199808 0.468560 0.455082
-0.199985 0.468176 0.455181
-0.200095 0.468041 0.455237
-0.200284 0.467610 0.455341
-0.200403 0.467454 0.455400
-0.200609 0.466981 0.455512
-0.200737 0.466805 0.455576
-0.200961 0.466296 0.455696
-0.201099 0.466103 0.455764
-0.201342 0.465562 0.455893
-0.201489 0.465354 0.455965
-0.201751 0.464786 0.456102
-0.201907 0.464565 0.456178
-0.202187 0.463972 0.456322
-0.202351 0.463740 0.456401
-0.202648 0.463125 0.456550
-0.202820 0.462883 0.456631
-0.203131 0.462248 0.456786
-0.203311 0.461997 0.456869
-0.203637 0.461346 0.457027
-0.203824 0.461088 0.457112
-0.204162 0.460422 0.457272
-0.204355 0.460157 0.457358
-0.204705 0.459478 0.457520
-0.204904 0.459207 0.457606
-0.205265 0.458518 0.457769
-0.205470 0.458242 0.457855
-0.205841 0.457544 0.458018
-0.206050 0.457264 0.458103
-0.206750 0.456023 0.458399
-0.207285 0.454805 0.458624
-0.207844 0.453343 0.458849
-0.208245 0.452163 0.459005
-0.208610 0.450964 0.459144
-0.208947 0.449769 0.459267
-0.209080 0.449554 0.459307
-0.209336 0.448937 0.459391
-0.209952 0.448126 0.459579
-0.210800 0.447472 0.459821
-0.211533 0.447064 0.460017
-0.212105 0.446045 0.460325
-0.213160 0.444577 0.460888
-0.213924 0.443276 0.461334
-0.215199 0.441581 0.462064
-0.216014 0.440251 0.462560
-0.217342 0.438576 0.463352
-0.218157 0.437271 0.463868
-0.220231 0.435162 0.465134
-0.221196 0.435201 0.465580
-0.221970 0.435536 0.465838
-0.222575 0.435773 0.465997
-0.223128 0.435919 0.466122
-0.223588 0.435996 0.466216
-0.224177 0.436065 0.466328
-0.224674 0.436097 0.466416
-0.225130 0.435140 0.466700
-0.225984 0.433790 0.467215
-0.226612 0.432519 0.467643
-0.228248 0.430353 0.468712
-0.229119 0.430379 0.469123
-0.229601 0.430635 0.469274
-0.230050 0.430870 0.469387
-0.230578 0.431106 0.469501
-0.230701 0.431148 0.469524
-0.231567 0.429398 0.470113
-0.231923 0.428910 0.470336
-0.233035 0.426649 0.471174
-0.234199 0.425510 0.471990
-0.234776 0.425731 0.472297
-0.235250 0.426199 0.472494
-0.235592 0.425301 0.472791
-0.236242 0.424071 0.473328
-0.236719 0.422846 0.473771
-0.237512 0.421326 0.474495
-0.238011 0.420055 0.474998
-0.239166 0.418183 0.476256
-0.239460 0.418820 0.476782
-0.239389 0.419820 0.477024
-0.239261 0.420620 0.477162
-0.239059 0.421601 0.477305
-0.238818 0.422560 0.477423
-0.238642 0.423321 0.477510
-0.238503 0.424080 0.477598
-0.238333 0.425009 0.477699
-0.238220 0.425729 0.477775
-0.238151 0.426433 0.477854
-0.238122 0.427114 0.477935
-0.238130 0.427765 0.478018
-0.238157 0.428524 0.478115
-0.238213 0.429086 0.478193
-0.238323 0.429733 0.478291
-0.238454 0.430205 0.478373
-0.238666 0.430738 0.478479
-0.238883 0.431115 0.478569
-0.239204 0.431530 0.478687
-0.239557 0.431873 0.478802
-0.239898 0.432103 0.478903
-0.240377 0.432337 0.479035
-0.240811 0.432479 0.479145
-0.241308 0.432587 0.479265
-0.241859 0.432658 0.479391
-0.242574 0.432689 0.479543
-0.243303 0.432652 0.479684
-0.243936 0.432584 0.479799
-0.244772 0.432454 0.479941
-0.245485 0.432315 0.480053
-0.245695 0.432279 0.480085
-0.246105 0.431278 0.480401
-0.247621 0.429241 0.481398
-0.248524 0.429150 0.481695
-0.249324 0.429164 0.481856
-0.249506 0.429163 0.481887
-0.250224 0.427339 0.482519
-0.250545 0.426829 0.482762
-0.251370 0.424554 0.483655
-0.251702 0.423975 0.483978
-0.252480 0.421706 0.484975
-0.253291 0.420960 0.486060
-0.253500 0.421636 0.486365
-0.253626 0.422567 0.486584
-0.253712 0.423257 0.486716
-0.253840 0.423896 0.486840
-0.253993 0.424344 0.486935
-0.254148 0.423524 0.487244
-0.254493 0.422482 0.487817
-0.254688 0.421383 0.488279
-0.255027 0.420154 0.489040
-0.255181 0.419066 0.489559
-0.255331 0.418034 0.490829
-0.254958 0.419343 0.491234
-0.254297 0.421365 0.491419
-0.253760 0.422941 0.491486
-0.253145 0.424790 0.491530
-0.252737 0.426161 0.491552
-0.252442 0.427430 0.491580
-0.252259 0.428589 0.491617
-0.252253 0.428863 0.491633
-0.252326 0.427693 0.492236
-0.252175 0.428186 0.492839
-0.251884 0.429742 0.492941
-0.251860 0.430049 0.492954
-0.251853 0.428971 0.493545
-0.251600 0.429663 0.494102
-0.251370 0.431021 0.494173
-0.251266 0.432301 0.494202
-0.251270 0.433667 0.494235
-0.251231 0.433021 0.494507
-0.251283 0.432328 0.495008
-0.251234 0.431464 0.495417
-0.251220 0.430686 0.496066
-0.251114 0.429876 0.496509
-0.250709 0.429798 0.497453
-0.250280 0.431700 0.497577
-0.250025 0.433617 0.497550
-0.249925 0.435633 0.497503
-0.250025 0.436939 0.497494
-0.250293 0.438006 0.497526
-0.250757 0.439054 0.497597
-0.251224 0.439703 0.497679
-0.251891 0.440320 0.497805
-0.252594 0.440765 0.497940
-0.253333 0.441075 0.498087
-0.253984 0.441243 0.498223
-0.254705 0.441349 0.498379
-0.255614 0.441410 0.498575
-0.256358 0.441413 0.498736
-0.256580 0.441409 0.498785
-0.256856 0.439809 0.499409
-0.257041 0.439418 0.499640
-0.257190 0.437600 0.500449
-0.257309 0.437242 0.500722
-0.257312 0.435615 0.501561
-0.257368 0.435380 0.501834
-0.257154 0.433918 0.502893
-0.257051 0.435646 0.503242
-0.257232 0.437376 0.503240
-0.257715 0.439160 0.503225
-0.258260 0.440283 0.503238
-0.258938 0.441179 0.503284
-0.259841 0.442048 0.503357
-0.260747 0.442706 0.503435
-0.261174 0.442917 0.503484
-0.261215 0.442166 0.503753
-0.261529 0.441274 0.504238
-0.261503 0.440351 0.504611
-0.261697 0.439443 0.505190
-0.261612 0.438596 0.505577
-0.261718 0.437900 0.506154
-0.261592 0.437173 0.506531
-0.261647 0.436713 0.507081
-0.261497 0.436100 0.507441
-0.261611 0.436629 0.508094
