-0.800020 1.000024 0.249905 1.000000 -0.000003 -0.000001 0.000049
-0.800019 1.000022 0.249953 1.000000 0.000001 -0.000000 0.000050
-0.800020 1.000023 0.249954 1.000000 -0.000002 -0.000002 0.000051
-0.800021 1.000023 0.249913 1.000000 -0.000001 -0.000003 0.000052
-0.800017 1.000022 0.249781 1.000000 0.000003 0.000005 0.000054
-0.800019 1.000024 0.249820 1.000000 -0.000001 0.000001 0.000057
-0.800021 1.000024 0.249841 1.000000 -0.000003 -0.000002 0.000059
-0.800022 1.000021 0.249773 1.000000 0.000004 -0.000004 0.000062
-0.800023 1.000022 0.249776 1.000000 0.000003 -0.000006 0.000063
-0.800019 1.000024 0.249790 1.000000 -0.000001 0.000004 0.000063
-0.800020 1.000024 0.249836 1.000000 -0.000001 0.000002 0.000065
-0.800022 1.000023 0.249846 1.000000 0.000001 -0.000002 0.000066
-0.800023 1.000025 0.249847 1.000000 -0.000002 -0.000005 0.000066
-0.800025 1.000024 0.249764 1.000000 -0.000000 -0.000007 0.000069
-0.800021 1.000023 0.249758 1.000000 0.000002 -0.000000 0.000071
-0.800021 1.000026 0.249776 1.000000 -0.000004 0.000002 0.000071
-0.800021 1.000026 0.249877 1.000000 -0.000003 0.000002 0.000074
-0.800021 1.000025 0.249885 1.000000 -0.000002 0.000002 0.000074
-0.800023 1.000022 0.249903 1.000000 0.000005 -0.000001 0.000075
-0.800022 1.000026 0.249870 1.000000 -0.000004 -0.000000 0.000076
-0.800021 1.000025 0.249862 1.000000 -0.000000 0.000003 0.000076
-0.800021 1.000025 0.249833 1.000000 -0.000000 0.000003 0.000078
-0.800024 1.000023 0.249836 1.000000 0.000003 -0.000003 0.000078
-0.800021 1.000025 0.249849 1.000000 -0.000000 0.000004 0.000079
-0.800022 1.000025 0.249858 1.000000 -0.000000 0.000003 0.000081
-0.800022 1.000027 0.249839 1.000000 -0.000004 0.000003 0.000082
-0.800024 1.000023 0.249820 1.000000 0.000005 -0.000002 0.000083
-0.800024 1.000025 0.249846 1.000000 0.000001 -0.000001 0.000084
-0.800024 1.000026 0.249845 1.000000 -0.000002 -0.000001 0.000085
-0.800023 1.000027 0.249857 1.000000 -0.000003 0.000002 0.000086
-0.800025 1.000027 0.249911 1.000000 -0.000002 -0.000001 0.000087
-0.800025 1.000026 0.249913 1.000000 -0.000000 -0.000003 0.000088
-0.800025 1.000026 0.249893 1.000000 -0.000000 -0.000003 0.000089
-0.800025 1.000025 0.249917 1.000000 0.000001 -0.000002 0.000091
-0.800023 1.000027 0.249919 1.000000 -0.000002 0.000003 0.000091
-0.800025 1.000026 0.249912 1.000000 -0.000001 -0.000001 0.000091
-0.800025 1.000025 0.249898 1.000000 0.000002 -0.000001 0.000093
-0.800024 1.000025 0.249907 1.000000 0.000003 0.000001 0.000093
-0.800026 1.000025 0.249900 1.000000 0.000002 -0.000002 0.000093
-0.800025 1.000027 0.249936 1.000000 -0.000001 -0.000000 0.000095
-0.800025 1.000026 0.249948 1.000000 0.000001 0.000001 0.000095
-0.800025 1.000027 0.249939 1.000000 -0.000001 0.000000 0.000096
-0.800025 1.000028 0.249898 1.000000 -0.000002 -0.000000 0.000099
-0.800025 1.000025 0.249893 1.000000 0.000003 -0.000001 0.000099
-0.800025 1.000028 0.249912 1.000000 -0.000003 0.000001 0.000101
-0.800026 1.000028 0.249920 1.000000 -0.000002 -0.000002 0.000101
-0.520033 0.685030 0.249905 1.000000 0.000003 -0.000002 0.000181
-0.520032 0.685029 0.249857 1.000000 0.000005 -0.000001 0.000183
-0.520032 0.685034 0.249830 1.000000 -0.000005 0.000001 0.000184
-0.520035 0.685033 0.249832 1.000000 -0.000001 -0.000005 0.000184
-0.520033 0.685032 0.249839 1.000000 0.000000 -0.000000 0.000184
-0.520032 0.685030 0.249838 1.000000 0.000003 0.000000 0.000185
-0.520032 0.685031 0.249801 1.000000 0.000002 0.000001 0.000189
-0.520034 0.685032 0.249810 1.000000 0.000000 -0.000002 0.000189
-0.520034 0.685031 0.249887 1.000000 0.000003 -0.000002 0.000194
-0.520033 0.685032 0.249886 1.000000 -0.000000 -0.000001 0.000194
-0.520035 0.685033 0.249905 1.000000 -0.000001 -0.000003 0.000197
-0.520034 0.685033 0.249924 1.000000 -0.000001 -0.000001 0.000197
-0.520034 0.685032 0.249951 1.000000 0.000002 -0.000002 0.000199
-0.520035 0.685034 0.249936 1.000000 -0.000002 -0.000003 0.000200
-0.520033 0.685034 0.249912 1.000000 -0.000004 0.000001 0.000201
-0.520032 0.685031 0.249853 1.000000 0.000002 0.000003 0.000205
-0.520035 0.685032 0.249843 1.000000 0.000001 -0.000003 0.000205
-0.520035 0.685034 0.249824 1.000000 -0.000003 -0.000003 0.000206
-0.520034 0.685033 0.249877 1.000000 -0.000001 -0.000001 0.000208
-0.520034 0.685032 0.249881 1.000000 0.000001 -0.000001 0.000209
-0.520034 0.685031 0.249881 1.000000 0.000003 -0.000001 0.000209
-0.520033 0.685035 0.249857 1.000000 -0.000003 0.000001 0.000211
-0.520034 0.685034 0.249856 1.000000 -0.000003 -0.000001 0.000212
-0.520034 0.685031 0.249850 1.000000 0.000004 -0.000001 0.000213
-0.520034 0.685031 0.249864 1.000000 0.000003 -0.000000 0.000216
-0.520036 0.685033 0.249892 1.000000 0.000000 -0.000003 0.000218
-0.520035 0.685036 0.249822 1.000000 -0.000006 -0.000001 0.000220
-0.520035 0.685031 0.249786 1.000000 0.000004 -0.000002 0.000221
-0.520032 0.685033 0.249772 1.000000 0.000000 0.000004 0.000224
-0.520033 0.685034 0.249787 1.000000 -0.000001 0.000002 0.000225
-0.520034 0.685031 0.249775 1.000000 0.000005 0.000001 0.000227
-0.520034 0.685034 0.249809 1.000000 -0.000000 -0.000000 0.000229
-0.520036 0.685033 0.249826 1.000000 -0.000000 -0.000003 0.000229
-0.520034 0.685035 0.249845 1.000000 -0.000002 0.000001 0.000231
-0.520036 0.685034 0.249893 1.000000 -0.000001 -0.000003 0.000234
-0.520035 0.685033 0.249911 1.000000 0.000001 -0.000001 0.000234
-0.520035 0.685033 0.249931 1.000000 0.000000 -0.000000 0.000234
-0.520035 0.685033 0.249975 1.000000 0.000001 -0.000002 0.000235
-0.520035 0.685033 0.249978 1.000000 0.000000 -0.000001 0.000235
-0.520035 0.685033 0.249980 1.000000 0.000001 -0.000001 0.000235
-0.520035 0.685032 0.249961 1.000000 0.000002 -0.000001 0.000236
-0.520036 0.685034 0.249924 1.000000 -0.000002 -0.000002 0.000238
-0.520035 0.685033 0.249908 1.000000 0.000002 -0.000000 0.000239
-0.520036 0.685033 0.249897 1.000000 0.000001 -0.000002 0.000241
-0.520037 0.685033 0.249920 1.000000 0.000001 -0.000003 0.000242
-0.520037 0.685033 0.249911 1.000000 0.000002 -0.000003 0.000243
-0.520036 0.685035 0.249902 1.000000 -0.000002 -0.000001 0.000244
-0.520036 0.685032 0.249922 1.000000 0.000003 -0.000001 0.000247
-0.520036 0.685035 0.249971 1.000000 -0.000001 -0.000001 0.000249
-0.520036 0.685035 0.249895 1.000000 -0.000002 -0.000001 0.000252
-0.520034 0.685035 0.249816 1.000000 -0.000002 0.000003 0.000255
-0.520036 0.685034 0.249834 1.000000 -0.000000 0.000000 0.000257
-0.520037 0.685032 0.249858 1.000000 0.000005 -0.000001 0.000259
-0.520038 0.685034 0.249858 1.000000 0.000000 -0.000004 0.000260
-0.520037 0.685035 0.249852 1.000000 -0.000001 -0.000001 0.000261
-0.520037 0.685035 0.249872 1.000000 -0.000001 -0.000001 0.000264
-0.520038 0.685034 0.249869 1.000000 0.000001 -0.000004 0.000264
-0.520037 0.685035 0.249869 1.000000 -0.000000 -0.000002 0.000264
-0.520039 0.685036 0.249816 1.000000 -0.000002 -0.000005 0.000267
-0.520036 0.685034 0.249820 1.000000 0.000001 0.000002 0.000268
-0.520037 0.685035 0.249894 1.000000 0.000000 -0.000001 0.000270
-0.520038 0.685034 0.249911 1.000000 0.000003 -0.000001 0.000271
-0.520038 0.685036 0.249911 1.000000 -0.000003 -0.000003 0.000275
-0.520037 0.685035 0.249901 1.000000 -0.000000 -0.000001 0.000276
-0.520039 0.685035 0.249894 1.000000 0.000001 -0.000004 0.000279
-0.520038 0.685035 0.249909 1.000000 0.000001 -0.000001 0.000279
-0.520037 0.685036 0.249920 1.000000 -0.000001 0.000001 0.000280
-0.520038 0.685035 0.249929 1.000000 0.000000 -0.000001 0.000282
-0.520037 0.685035 0.249922 1.000000 0.000001 0.000001 0.000283
-0.520038 0.685034 0.249879 1.000000 0.000003 -0.000001 0.000288
-0.520038 0.685033 0.249875 1.000000 0.000004 -0.000001 0.000289
-0.520039 0.685035 0.249903 1.000000 0.000001 -0.000003 0.000293
-0.520038 0.685035 0.249914 1.000000 0.000001 -0.000001 0.000297
-0.520039 0.685036 0.249877 1.000000 0.000000 -0.000002 0.000301
-0.520036 0.685035 0.249865 1.000000 0.000001 0.000003 0.000307
-0.520040 0.685035 0.249848 1.000000 0.000003 -0.000004 0.000311
-0.520038 0.685036 0.249878 1.000000 0.000001 0.000001 0.000316
-0.520039 0.685037 0.249860 1.000000 -0.000001 -0.000001 0.000318
-0.520039 0.685034 0.249781 1.000000 0.000005 0.000000 0.000321
-0.520039 0.685033 0.249823 1.000000 0.000006 -0.000000 0.000324
-0.520040 0.685037 0.249828 1.000000 -0.000002 -0.000001 0.000325
-0.520039 0.685036 0.249813 1.000000 0.000000 0.000000 0.000329
-0.520037 0.685041 0.249773 1.000000 -0.000008 0.000005 0.000332
-0.520042 0.685034 0.249792 1.000000 0.000006 -0.000004 0.000335
-0.520041 0.685037 0.249842 1.000000 -0.000001 -0.000002 0.000338
-0.520041 0.685038 0.249917 1.000000 -0.000002 -0.000002 0.000341
-0.520039 0.685037 0.249917 1.000000 -0.000001 0.000003 0.000344
-0.520040 0.685038 0.249897 1.000000 -0.000002 0.000001 0.000348
-0.520042 0.685038 0.249903 1.000000 -0.000001 -0.000002 0.000351
-0.520040 0.685038 0.249951 1.000000 -0.000000 0.000002 0.000354
-0.520042 0.685036 0.249911 1.000000 0.000003 -0.000001 0.000358
-0.520042 0.685037 0.249841 1.000000 0.000001 -0.000000 0.000364
-0.520041 0.685037 0.249855 1.000000 0.000002 0.000001 0.000368
-0.520041 0.685037 0.249876 1.000000 0.000003 0.000001 0.000375
-0.520042 0.685037 0.249898 1.000000 0.000003 -0.000001 0.000378
-0.520042 0.685037 0.249873 1.000000 0.000003 -0.000002 0.000379
-0.520044 0.685038 0.249950 1.000000 0.000003 -0.000002 0.000418
-0.520044 0.685040 0.249923 1.000000 -0.000001 0.000000 0.000420
-0.520045 0.685040 0.249768 1.000000 0.000003 -0.000001 0.000468
-0.520045 0.685044 0.249822 1.000000 -0.000006 0.000000 0.000472
-0.520045 0.685040 0.249821 1.000000 0.000002 -0.000001 0.000473
-0.520044 0.685043 0.249820 1.000000 -0.000003 0.000002 0.000474
-0.520047 0.685042 0.249847 1.000000 -0.000002 -0.000003 0.000476
-0.520047 0.685043 0.249907 1.000000 -0.000000 -0.000001 0.000501
-0.520046 0.685042 0.249880 1.000000 0.000001 0.000001 0.000503
-0.520046 0.685044 0.249884 1.000000 -0.000001 0.000001 0.000506
-0.520048 0.685042 0.249852 1.000000 0.000001 -0.000002 0.000508
-0.520048 0.685042 0.249936 1.000000 0.000002 -0.000001 0.000511
-0.520047 0.685043 0.249967 1.000000 0.000001 0.000001 0.000511
-0.520048 0.685043 0.249964 1.000000 0.000001 -0.000003 0.000512
-0.520046 0.685045 0.249932 1.000000 -0.000003 0.000001 0.000513
-0.520048 0.685043 0.249914 1.000000 -0.000000 -0.000002 0.000513
-0.520047 0.685042 0.249944 1.000000 0.000002 -0.000001 0.000516
-0.520047 0.685044 0.249960 1.000000 -0.000002 0.000000 0.000518
-0.520049 0.685045 0.249863 1.000000 -0.000004 -0.000003 0.000520
-0.520047 0.685042 0.249797 1.000000 0.000004 -0.000000 0.000521
-0.520048 0.685043 0.249825 1.000000 0.000001 -0.000002 0.000523
-0.520049 0.685043 0.249917 1.000000 0.000001 -0.000003 0.000526
-0.520046 0.685046 0.249842 1.000000 -0.000004 0.000003 0.000528
-0.520048 0.685044 0.249877 1.000000 -0.000000 -0.000000 0.000530
-0.520048 0.685042 0.249900 1.000000 0.000003 0.000001 0.000531
-0.520049 0.685042 0.249897 1.000000 0.000003 -0.000002 0.000532
-0.520048 0.685045 0.249901 1.000000 -0.000002 -0.000001 0.000533
-0.520049 0.685044 0.249916 1.000000 -0.000000 -0.000002 0.000533
-0.520049 0.685044 0.249936 1.000000 0.000000 -0.000002 0.000535
-0.520048 0.685043 0.249947 1.000000 0.000001 0.000000 0.000536
-0.520049 0.685044 0.249928 1.000000 0.000001 -0.000003 0.000537
-0.520048 0.685043 0.249910 1.000000 0.000002 -0.000000 0.000537
-0.520050 0.685045 0.249861 1.000000 -0.000002 -0.000003 0.000539
-0.520050 0.685045 0.249847 1.000000 -0.000001 -0.000004 0.000539
-0.520048 0.685045 0.249833 1.000000 -0.000003 -0.000000 0.000540
-0.520047 0.685046 0.249828 1.000000 -0.000005 0.000002 0.000541
-0.520051 0.685042 0.249811 1.000000 0.000004 -0.000005 0.000541
-0.520048 0.685039 0.249800 1.000000 0.000010 0.000001 0.000541
-0.520048 0.685046 0.249795 1.000000 -0.000004 -0.000000 0.000543
-0.520049 0.685041 0.249803 1.000000 0.000006 -0.000000 0.000544
-0.520049 0.685041 0.249829 1.000000 0.000006 -0.000001 0.000544
-0.520050 0.685046 0.249836 1.000000 -0.000005 -0.000001 0.000544
-0.520049 0.685044 0.249840 1.000000 -0.000000 0.000002 0.000545
-0.520051 0.685044 0.249858 1.000000 0.000001 -0.000002 0.000545
-0.520049 0.685044 0.249868 1.000000 -0.000001 -0.000000 0.000546
-0.520050 0.685044 0.249877 1.000000 0.000000 -0.000001 0.000546
-0.520051 0.685042 0.249875 1.000000 0.000003 -0.000003 0.000547
-0.520050 0.685043 0.249877 1.000000 0.000003 0.000000 0.000547
-0.520050 0.685044 0.249876 1.000000 -0.000001 -0.000000 0.000548
-0.520051 0.685045 0.249877 1.000000 -0.000001 -0.000004 0.000549
-0.520051 0.685044 0.249869 1.000000 0.000000 -0.000003 0.000549
-0.520049 0.685044 0.249860 1.000000 0.000001 0.000002 0.000550
-0.520050 0.685044 0.249865 1.000000 0.000001 -0.000001 0.000552
-0.520051 0.685044 0.249891 1.000000 0.000001 -0.000002 0.000553
-0.520050 0.685044 0.249930 1.000000 0.000000 -0.000002 0.000554
-0.520051 0.685046 0.249917 1.000000 -0.000004 -0.000002 0.000555
-0.520050 0.685047 0.249889 1.000000 -0.000006 -0.000002 0.000556
-0.520049 0.685043 0.249879 1.000000 0.000003 0.000002 0.000558
-0.520052 0.685045 0.249839 1.000000 -0.000001 -0.000005 0.000559
-0.520051 0.685046 0.249835 1.000000 -0.000003 -0.000003 0.000562
-0.520048 0.685043 0.249785 1.000000 0.000003 0.000003 0.000565
-0.520051 0.685045 0.249855 1.000000 0.000000 -0.000002 0.000568
-0.520048 0.685045 0.249860 1.000000 0.000001 0.000004 0.000569
-0.520052 0.685045 0.249863 1.000000 -0.000001 -0.000005 0.000571
-0.520051 0.685044 0.249854 1.000000 0.000001 -0.000001 0.000571
-0.520049 0.685045 0.249862 1.000000 -0.000000 0.000002 0.000572
-0.520051 0.685044 0.249872 1.000000 0.000002 -0.000001 0.000572
-0.520050 0.685044 0.249883 1.000000 0.000003 0.000000 0.000572
-0.520051 0.685046 0.249868 1.000000 -0.000002 -0.000001 0.000573
-0.520052 0.685046 0.249853 1.000000 -0.000002 -0.000002 0.000573
-0.520051 0.685048 0.249846 1.000000 -0.000006 -0.000002 0.000577
-0.520053 0.685047 0.249793 1.000000 -0.000002 -0.000004 0.000579
-0.520052 0.685048 0.249804 1.000000 -0.000004 -0.000002 0.000581
-0.520052 0.685043 0.249772 1.000000 0.000006 -0.000002 0.000583
-0.520051 0.685045 0.249866 1.000000 0.000001 -0.000000 0.000587
-0.520052 0.685046 0.249938 1.000000 -0.000001 -0.000001 0.000589
-0.520051 0.685046 0.249911 1.000000 -0.000001 0.000001 0.000593
-0.520052 0.685046 0.249913 1.000000 0.000001 -0.000001 0.000596
-0.520051 0.685047 0.249864 1.000000 -0.000002 0.000001 0.000600
-0.520051 0.685046 0.249839 1.000000 -0.000000 0.000002 0.000602
-0.520052 0.685046 0.249906 1.000000 0.000000 0.000000 0.000604
-0.520053 0.685046 0.249933 1.000000 0.000000 -0.000002 0.000605
-0.520052 0.685047 0.249909 1.000000 -0.000001 -0.000001 0.000606
-0.520051 0.685047 0.249900 1.000000 -0.000001 0.000003 0.000607
-0.520052 0.685047 0.249909 1.000000 -0.000001 0.000000 0.000607
-0.520052 0.685046 0.249923 1.000000 -0.000000 -0.000001 0.000607
-0.520054 0.685046 0.249931 1.000000 0.000000 -0.000004 0.000608
-0.520053 0.685045 0.249909 1.000000 0.000002 -0.000001 0.000608
-0.520051 0.685045 0.249873 1.000000 0.000002 0.000003 0.000608
-0.520054 0.685046 0.249857 1.000000 0.000001 -0.000004 0.000608
-0.520053 0.685046 0.249859 1.000000 0.000001 -0.000002 0.000612
-0.520051 0.685046 0.249868 1.000000 0.000001 0.000003 0.000615
-0.520054 0.685041 0.249837 1.000000 0.000012 -0.000002 0.000615
-0.520054 0.685047 0.249834 1.000000 -0.000000 -0.000001 0.000616
-0.520052 0.685048 0.249876 1.000000 -0.000002 0.000003 0.000618
-0.520055 0.685047 0.249874 1.000000 -0.000000 -0.000002 0.000618
-0.520055 0.685047 0.249867 1.000000 -0.000000 -0.000003 0.000620
-0.520054 0.685048 0.249874 1.000000 -0.000001 -0.000001 0.000621
-0.520054 0.685047 0.249889 1.000000 -0.000000 -0.000001 0.000622
-0.520054 0.685046 0.249900 1.000000 0.000001 -0.000001 0.000622
-0.520054 0.685046 0.249938 1.000000 0.000002 0.000000 0.000624
-0.520054 0.685045 0.249874 1.000000 0.000004 -0.000000 0.000628
-0.520055 0.685048 0.249882 1.000000 -0.000001 -0.000002 0.000631
-0.520055 0.685048 0.249958 1.000000 -0.000001 -0.000001 0.000633
-0.520054 0.685047 0.249937 1.000000 0.000000 0.000000 0.000634
-0.520055 0.685047 0.249927 1.000000 0.000001 -0.000001 0.000636
-0.520055 0.685048 0.249948 1.000000 -0.000001 -0.000002 0.000637
-0.520055 0.685048 0.249945 1.000000 -0.000000 -0.000001 0.000637
-0.520054 0.685048 0.249937 1.000000 -0.000001 -0.000000 0.000639
-0.520055 0.685047 0.249935 1.000000 0.000001 -0.000001 0.000639
-0.520055 0.685048 0.249951 1.000000 -0.000000 -0.000000 0.000640
-0.520054 0.685047 0.249949 1.000000 0.000002 0.000001 0.000640
-0.520055 0.685048 0.249941 1.000000 -0.000000 -0.000000 0.000640
-0.520055 0.685048 0.249941 1.000000 -0.000001 -0.000001 0.000640
-0.520055 0.685048 0.249948 1.000000 -0.000001 -0.000001 0.000641
-0.520055 0.685047 0.249945 1.000000 0.000001 -0.000001 0.000641
-0.520054 0.685045 0.249922 1.000000 0.000005 0.000001 0.000641
-0.520058 0.685048 0.249891 1.000000 -0.000001 -0.000007 0.000642
-0.520055 0.685048 0.249831 1.000000 0.000001 -0.000002 0.000644
-0.520056 0.685050 0.249802 1.000000 -0.000005 -0.000003 0.000647
-0.520055 0.685051 0.249818 1.000000 -0.000005 0.000000 0.000649
-0.520056 0.685049 0.249806 1.000000 -0.000002 -0.000001 0.000651
-0.520056 0.685048 0.249846 1.000000 -0.000000 -0.000001 0.000654
-0.520056 0.685047 0.249926 1.000000 0.000002 -0.000000 0.000656
-0.520056 0.685049 0.249929 1.000000 -0.000001 -0.000001 0.000658
-0.520059 0.685050 0.249873 1.000000 -0.000003 -0.000007 0.000661
-0.520058 0.685052 0.249796 1.000000 -0.000007 -0.000004 0.000664
-0.520061 0.685049 0.249767 1.000000 -0.000001 -0.000011 0.000666
-0.520052 0.685054 0.249743 1.000000 -0.000011 0.000007 0.000667
-0.520056 0.685050 0.249795 1.000000 -0.000003 0.000001 0.000668
-0.520061 0.685049 0.249766 1.000000 -0.000001 -0.000009 0.000669
-0.520055 0.685049 0.249810 1.000000 0.000001 0.000003 0.000671
-0.520057 0.685045 0.249836 1.000000 0.000009 0.000001 0.000675
-0.520054 0.685052 0.249791 1.000000 -0.000005 0.000006 0.000677
-0.520058 0.685047 0.249771 1.000000 0.000004 -0.000003 0.000679
-0.520053 0.685048 0.249796 1.000000 0.000001 0.000008 0.000683
-0.520058 0.685050 0.249777 1.000000 -0.000002 -0.000001 0.000686
-0.520058 0.685051 0.249779 1.000000 -0.000003 -0.000001 0.000686
-0.520057 0.685056 0.249793 1.000000 -0.000014 0.000000 0.000687
-0.520057 0.685056 0.249803 1.000000 -0.000013 -0.000000 0.000687
-0.520056 0.685054 0.249813 1.000000 -0.000010 0.000004 0.000687
-0.520060 0.685048 0.249811 1.000000 0.000002 -0.000004 0.000688
-0.520056 0.685049 0.249804 1.000000 0.000001 0.000003 0.000688
-0.520058 0.685051 0.249804 1.000000 -0.000003 -0.000001 0.000688
-0.520057 0.685050 0.249807 1.000000 -0.000001 0.000002 0.000689
-0.520058 0.685049 0.249811 1.000000 0.000002 0.000001 0.000690
-0.520060 0.685050 0.249820 1.000000 -0.000001 -0.000004 0.000691
-0.520059 0.685050 0.249827 1.000000 -0.000001 -0.000001 0.000691
-0.520056 0.685049 0.249841 1.000000 0.000001 0.000003 0.000693
-0.520059 0.685050 0.249883 1.000000 -0.000000 -0.000002 0.000696
-0.520058 0.685050 0.249914 1.000000 -0.000001 -0.000001 0.000699
-0.520058 0.685051 0.249962 1.000000 -0.000003 -0.000000 0.000701
-0.520058 0.685050 0.249905 1.000000 -0.000001 -0.000001 0.000704
-0.520059 0.685050 0.249969 1.000000 0.000000 -0.000002 0.000705
-0.520058 0.685049 0.249944 1.000000 0.000001 -0.000000 0.000708
-0.520058 0.685050 0.249964 1.000000 -0.000000 -0.000000 0.000709
-0.520058 0.685049 0.249896 1.000000 0.000003 -0.000000 0.000712
-0.520060 0.685049 0.249858 1.000000 0.000001 -0.000003 0.000716
-0.520059 0.685049 0.249878 1.000000 0.000002 -0.000002 0.000719
-0.520058 0.685048 0.249883 1.000000 0.000004 0.000001 0.000720
-0.520064 0.685051 0.249766 1.000000 -0.000002 -0.000011 0.000722
-0.520059 0.685045 0.249788 1.000000 0.000011 -0.000000 0.000723
-0.520061 0.685050 0.249822 1.000000 -0.000000 -0.000006 0.000726
-0.520061 0.685050 0.249822 1.000000 0.000000 -0.000004 0.000727
-0.520060 0.685050 0.249837 1.000000 0.000001 -0.000002 0.000728
-0.520059 0.685047 0.249837 1.000000 0.000008 -0.000001 0.000729
-0.520061 0.685050 0.249827 1.000000 0.000001 -0.000005 0.000730
-0.520059 0.685051 0.249819 1.000000 -0.000002 -0.000000 0.000730
-0.520058 0.685051 0.249826 1.000000 -0.000001 0.000001 0.000731
-0.520059 0.685049 0.249839 1.000000 0.000002 0.000001 0.000731
-0.520060 0.685052 0.249833 1.000000 -0.000004 -0.000001 0.000732
-0.520058 0.685051 0.249839 1.000000 0.000000 0.000003 0.000735
-0.520059 0.685050 0.249872 1.000000 0.000001 0.000000 0.000739
-0.520061 0.685049 0.249915 1.000000 0.000004 -0.000003 0.000742
-0.520060 0.685049 0.249894 1.000000 0.000005 -0.000001 0.000745
-0.520060 0.685050 0.249849 1.000000 0.000002 -0.000001 0.000748
-0.520059 0.685055 0.249810 1.000000 -0.000007 0.000003 0.000749
-0.520058 0.685051 0.249799 1.000000 0.000000 0.000004 0.000750
-0.520061 0.685054 0.249791 1.000000 -0.000005 -0.000002 0.000751
-0.520059 0.685052 0.249798 1.000000 -0.000000 0.000003 0.000752
-0.520061 0.685049 0.249804 1.000000 0.000005 -0.000002 0.000752
-0.520062 0.685048 0.249813 1.000000 0.000006 -0.000003 0.000752
-0.520060 0.685052 0.249821 1.000000 -0.000001 0.000002 0.000753
-0.520061 0.685054 0.249833 1.000000 -0.000004 -0.000001 0.000753
-0.520061 0.685050 0.249841 1.000000 0.000002 0.000000 0.000754
-0.520062 0.685050 0.249854 1.000000 0.000003 -0.000002 0.000757
-0.520062 0.685055 0.249804 1.000000 -0.000007 -0.000002 0.000760
-0.520061 0.685053 0.249850 1.000000 -0.000002 0.000001 0.000764
-0.520062 0.685049 0.249851 1.000000 0.000005 -0.000001 0.000769
-0.520062 0.685051 0.249872 1.000000 0.000003 -0.000002 0.000771
-0.520062 0.685053 0.249917 1.000000 -0.000002 -0.000002 0.000774
-0.520062 0.685054 0.249893 1.000000 -0.000004 -0.000001 0.000779
-0.520062 0.685051 0.249898 1.000000 0.000003 -0.000002 0.000783
-0.520062 0.685053 0.249904 1.000000 -0.000001 -0.000002 0.000783
-0.520062 0.685053 0.249905 1.000000 -0.000003 -0.000001 0.000784
-0.520063 0.685053 0.249902 1.000000 -0.000003 -0.000004 0.000784
-0.520062 0.685052 0.249883 1.000000 0.000000 -0.000001 0.000785
-0.520061 0.685049 0.249857 1.000000 0.000006 0.000000 0.000785
-0.520065 0.685052 0.249838 1.000000 0.000001 -0.000007 0.000786
-0.520059 0.685054 0.249786 1.000000 -0.000003 0.000005 0.000788
-0.520058 0.685051 0.249767 1.000000 0.000002 0.000007 0.000792
-0.520059 0.685053 0.249813 1.000000 -0.000002 0.000005 0.000796
-0.520063 0.685052 0.249870 1.000000 0.000001 -0.000003 0.000799
-0.520062 0.685052 0.249912 1.000000 0.000000 -0.000002 0.000803
-0.520061 0.685054 0.249927 1.000000 -0.000003 0.000002 0.000804
-0.520062 0.685053 0.249916 1.000000 0.000000 -0.000001 0.000808
-0.520063 0.685053 0.249887 1.000000 -0.000000 -0.000002 0.000810
-0.520061 0.685052 0.249849 1.000000 0.000002 0.000002 0.000813
-0.520059 0.685051 0.249814 1.000000 0.000004 0.000006 0.000818
-0.520064 0.685055 0.249796 1.000000 -0.000005 -0.000004 0.000819
-0.520060 0.685055 0.249778 1.000000 -0.000003 0.000003 0.000820
-0.520063 0.685052 0.249789 1.000000 0.000002 -0.000002 0.000820
-0.520061 0.685055 0.249822 1.000000 -0.000004 0.000001 0.000822
-0.520063 0.685052 0.249828 1.000000 0.000003 -0.000002 0.000823
-0.520064 0.685052 0.249869 1.000000 0.000002 -0.000002 0.000823
-0.520063 0.685053 0.249902 1.000000 0.000000 -0.000002 0.000824
-0.520063 0.685053 0.249940 1.000000 0.000001 -0.000001 0.000824
-0.520063 0.685052 0.249933 1.000000 0.000003 -0.000002 0.000824
-0.520065 0.685054 0.249900 1.000000 -0.000001 -0.000006 0.000827
-0.520063 0.685052 0.249876 1.000000 0.000003 -0.000001 0.000827
-0.520062 0.685055 0.249828 1.000000 -0.000002 0.000001 0.000828
-0.520063 0.685054 0.249825 1.000000 -0.000001 -0.000001 0.000829
-0.520063 0.685052 0.249883 1.000000 0.000002 -0.000001 0.000830
-0.520061 0.685053 0.249896 1.000000 0.000001 0.000002 0.000833
-0.520063 0.685056 0.249852 1.000000 -0.000005 0.000000 0.000836
-0.520064 0.685053 0.249879 1.000000 0.000003 -0.000002 0.000838
-0.520062 0.685055 0.249893 1.000000 -0.000001 0.000003 0.000840
-0.520062 0.685054 0.249946 1.000000 -0.000000 0.000002 0.000841
-0.520064 0.685056 0.249870 1.000000 -0.000004 -0.000002 0.000845
-0.520062 0.685057 0.249848 1.000000 -0.000005 0.000002 0.000845
-0.520065 0.685056 0.249818 1.000000 -0.000003 -0.000003 0.000846
-0.520063 0.685051 0.249814 1.000000 0.000007 0.000000 0.000847
-0.520062 0.685055 0.249818 1.000000 -0.000002 0.000003 0.000849
-0.520064 0.685052 0.249826 1.000000 0.000004 -0.000002 0.000850
-0.520062 0.685054 0.249836 1.000000 0.000001 0.000002 0.000850
-0.520064 0.685055 0.249860 1.000000 -0.000002 -0.000001 0.000851
-0.520064 0.685055 0.249886 1.000000 -0.000001 -0.000001 0.000851
-0.520064 0.685055 0.249899 1.000000 -0.000001 -0.000002 0.000852
-0.520064 0.685052 0.249900 1.000000 0.000004 -0.000000 0.000853
-0.520063 0.685057 0.249894 1.000000 -0.000005 0.000001 0.000854
-0.520061 0.685055 0.249866 1.000000 -0.000001 0.000005 0.000854
-0.520064 0.685057 0.249796 1.000000 -0.000005 0.000000 0.000856
-0.520065 0.685055 0.249792 1.000000 0.000000 -0.000004 0.000858
-0.520064 0.685054 0.249916 1.000000 0.000001 -0.000000 0.000860
-0.520064 0.685053 0.249933 1.000000 0.000004 0.000000 0.000862
-0.520065 0.685054 0.249874 1.000000 0.000002 -0.000002 0.000865
-0.520065 0.685053 0.249859 1.000000 0.000004 -0.000003 0.000867
-0.520064 0.685056 0.249884 1.000000 -0.000001 0.000000 0.000870
-0.520064 0.685055 0.249913 1.000000 -0.000000 0.000001 0.000873
-0.520065 0.685055 0.249924 1.000000 -0.000000 -0.000002 0.000874
-0.520064 0.685055 0.249934 1.000000 0.000001 0.000001 0.000874
-0.520064 0.685056 0.249940 1.000000 -0.000002 0.000001 0.000875
-0.520063 0.685057 0.249939 1.000000 -0.000003 0.000003 0.000875
-0.520065 0.685054 0.249916 1.000000 0.000003 -0.000000 0.000875
-0.520065 0.685051 0.249894 1.000000 0.000009 -0.000001 0.000876
-0.520066 0.685055 0.249865 1.000000 0.000000 -0.000003 0.000877
-0.520063 0.685058 0.249842 1.000000 -0.000004 0.000003 0.000878
-0.520066 0.685056 0.249850 1.000000 -0.000001 -0.000002 0.000881
-0.520063 0.685057 0.249845 1.000000 -0.000002 0.000002 0.000886
-0.520064 0.685058 0.249846 1.000000 -0.000005 0.000001 0.000886
-0.520064 0.685057 0.249846 1.000000 -0.000002 0.000002 0.000889
-0.520066 0.685055 0.249927 1.000000 0.000001 -0.000001 0.000890
-0.520066 0.685055 0.249920 1.000000 0.000001 -0.000001 0.000892
-0.520066 0.685056 0.249922 1.000000 0.000000 -0.000002 0.000894
-0.520066 0.685055 0.249945 1.000000 0.000002 -0.000001 0.000895
-0.520066 0.685056 0.249956 1.000000 0.000000 -0.000002 0.000897
-0.520066 0.685054 0.249878 1.000000 0.000004 -0.000001 0.000899
-0.520068 0.685055 0.249838 1.000000 0.000001 -0.000005 0.000901
-0.520066 0.685058 0.249801 1.000000 -0.000004 -0.000000 0.000903
-0.520067 0.685057 0.249835 1.000000 -0.000002 -0.000003 0.000905
-0.520066 0.685056 0.249841 1.000000 0.000000 -0.000001 0.000906
-0.520066 0.685055 0.249851 1.000000 0.000002 -0.000001 0.000907
-0.520065 0.685055 0.249856 1.000000 0.000003 0.000001 0.000908
-0.520066 0.685055 0.249849 1.000000 0.000002 -0.000000 0.000909
-0.520066 0.685056 0.249854 1.000000 0.000000 -0.000001 0.000910
-0.520065 0.685054 0.249864 1.000000 0.000004 0.000000 0.000911
-0.520065 0.685055 0.249858 1.000000 0.000003 0.000000 0.000912
-0.520065 0.685055 0.249851 1.000000 0.000003 0.000001 0.000912
-0.520067 0.685056 0.249871 1.000000 0.000001 -0.000002 0.000914
-0.520067 0.685055 0.249918 1.000000 0.000002 -0.000002 0.000917
-0.520067 0.685056 0.249954 1.000000 0.000001 -0.000002 0.000918
-0.520065 0.685056 0.249864 1.000000 0.000002 0.000001 0.000921
-0.520067 0.685056 0.249825 1.000000 0.000001 -0.000002 0.000923
-0.520067 0.685056 0.249898 1.000000 0.000001 -0.000001 0.000926
-0.520067 0.685057 0.249950 1.000000 -0.000001 -0.000002 0.000928
-0.520067 0.685055 0.249896 1.000000 0.000003 -0.000002 0.000931
-0.520067 0.685058 0.249882 1.000000 -0.000001 -0.000003 0.000935
-0.520067 0.685059 0.249897 1.000000 -0.000004 -0.000001 0.000937
-0.520067 0.685059 0.249883 1.000000 -0.000003 -0.000001 0.000942
-0.520065 0.685057 0.249834 1.000000 0.000000 0.000002 0.000946
-0.520067 0.685058 0.249893 1.000000 -0.000001 -0.000002 0.000948
-0.520066 0.685059 0.249904 1.000000 -0.000003 0.000001 0.000951
-0.520067 0.685057 0.249946 1.000000 0.000001 -0.000001 0.000953
-0.520066 0.685059 0.249953 1.000000 -0.000002 0.000002 0.000953
-0.520067 0.685059 0.249951 1.000000 -0.000003 -0.000000 0.000953
-0.520067 0.685058 0.249938 1.000000 0.000000 -0.000000 0.000954
-0.520066 0.685057 0.249926 1.000000 0.000001 0.000000 0.000954
-0.520068 0.685055 0.249904 1.000000 0.000005 -0.000002 0.000955
-0.520064 0.685058 0.249864 1.000000 0.000000 0.000005 0.000956
-0.520070 0.685059 0.249811 1.000000 -0.000002 -0.000005 0.000959
-0.520067 0.685055 0.249817 1.000000 0.000007 -0.000000 0.000963
-0.520069 0.685057 0.249800 1.000000 0.000003 -0.000005 0.000966
-0.520065 0.685057 0.249787 1.000000 0.000002 0.000003 0.000966
-0.520068 0.685059 0.249775 1.000000 -0.000002 -0.000002 0.000967
-0.520065 0.685055 0.249770 1.000000 0.000006 0.000004 0.000968
-0.520066 0.685056 0.249766 1.000000 0.000004 0.000003 0.000969
-0.520068 0.685062 0.249766 1.000000 -0.000007 -0.000001 0.000969
-0.520066 0.685061 0.249770 1.000000 -0.000005 0.000002 0.000970
-0.520065 0.685059 0.249782 1.000000 -0.000001 0.000003 0.000970
-0.520069 0.685057 0.249793 1.000000 0.000002 -0.000003 0.000971
-0.520069 0.685057 0.249810 1.000000 0.000003 -0.000003 0.000971
-0.520066 0.685059 0.249819 1.000000 -0.000002 0.000003 0.000971
-0.520070 0.685058 0.249831 1.000000 -0.000000 -0.000005 0.000972
-0.520069 0.685058 0.249835 1.000000 0.000000 -0.000004 0.000973
-0.520069 0.685057 0.249850 1.000000 0.000003 -0.000003 0.000975
-0.520067 0.685059 0.249859 1.000000 -0.000000 0.000002 0.000976
-0.520068 0.685059 0.249885 1.000000 -0.000001 -0.000001 0.000977
-0.520069 0.685059 0.249887 1.000000 -0.000001 -0.000002 0.000978
-0.520067 0.685057 0.249876 1.000000 0.000003 0.000002 0.000980
-0.520068 0.685057 0.249862 1.000000 0.000003 -0.000001 0.000980
-0.520068 0.685058 0.249857 1.000000 0.000002 0.000000 0.000982
-0.520069 0.685058 0.249859 1.000000 0.000002 -0.000002 0.000982
-0.520069 0.685058 0.249905 1.000000 0.000001 -0.000002 0.000983
-0.520069 0.685059 0.249914 1.000000 -0.000001 -0.000001 0.000983
-0.520069 0.685060 0.249910 1.000000 -0.000002 -0.000003 0.000984
-0.520069 0.685057 0.249889 1.000000 0.000004 -0.000003 0.000984
-0.520068 0.685056 0.249867 1.000000 0.000005 0.000000 0.000985
-0.520068 0.685062 0.249856 1.000000 -0.000006 -0.000000 0.000986
-0.520066 0.685059 0.249855 1.000000 0.000000 0.000003 0.000987
-0.520070 0.685056 0.249850 1.000000 0.000005 -0.000003 0.000988
-0.520070 0.685059 0.249845 1.000000 0.000000 -0.000004 0.000989
-0.520067 0.685058 0.249833 1.000000 0.000001 0.000003 0.000989
-0.520066 0.685061 0.249820 1.000000 -0.000004 0.000005 0.000990
-0.520071 0.685059 0.249814 1.000000 0.000001 -0.000006 0.000990
-0.520072 0.685062 0.249800 1.000000 -0.000005 -0.000008 0.000991
-0.520067 0.685058 0.249786 1.000000 0.000002 0.000002 0.000992
-0.520069 0.685058 0.249782 1.000000 0.000001 -0.000001 0.000993
-0.520069 0.685058 0.249802 1.000000 0.000003 -0.000002 0.000994
-0.520068 0.685057 0.249812 1.000000 0.000005 0.000000 0.000994
-0.520068 0.685065 0.249837 1.000000 -0.000011 0.000002 0.000996
-0.520069 0.685066 0.249834 1.000000 -0.000013 0.000000 0.000996
-0.520069 0.685064 0.249824 1.000000 -0.000011 0.000001 0.000997
-0.520070 0.685065 0.249820 1.000000 -0.000012 -0.000002 0.000998
-0.520068 0.685065 0.249819 1.000000 -0.000011 0.000002 0.000999
-0.520070 0.685064 0.249818 1.000000 -0.000010 -0.000001 0.000999
-0.520067 0.685059 0.249812 1.000000 -0.000000 0.000004 0.000999
-0.520070 0.685060 0.249826 0.999999 -0.000001 -0.000001 0.001002
-0.520068 0.685059 0.249848 0.999999 -0.000001 0.000002 0.001002
-0.520069 0.685059 0.249894 0.999999 0.000001 0.000001 0.001003
-0.520070 0.685058 0.249904 0.999999 0.000003 -0.000002 0.001003
-0.520069 0.685061 0.249889 0.999999 -0.000003 0.000001 0.001005
-0.520071 0.685058 0.249881 0.999999 0.000002 -0.000004 0.001005
-0.520069 0.685060 0.249877 0.999999 -0.000001 0.000002 0.001007
-0.520069 0.685059 0.249879 0.999999 0.000001 0.000002 0.001007
-0.520071 0.685059 0.249895 0.999999 0.000001 -0.000002 0.001007
-0.520070 0.685060 0.249910 0.999999 -0.000001 -0.000001 0.001008
-0.520071 0.685059 0.249920 0.999999 0.000000 -0.000001 0.001008
-0.520070 0.685060 0.249917 0.999999 -0.000001 -0.000001 0.001009
-0.520069 0.685061 0.249923 0.999999 -0.000002 0.000002 0.001011
-0.520071 0.685061 0.249918 0.999999 -0.000002 -0.000002 0.001011
-0.520070 0.685060 0.249897 0.999999 -0.000001 -0.000000 0.001012
-0.520071 0.685060 0.249905 0.999999 -0.000001 -0.000001 0.001013
-0.520070 0.685060 0.249924 0.999999 -0.000000 -0.000000 0.001014
-0.520071 0.685058 0.249930 0.999999 0.000003 -0.000002 0.001015
-0.520070 0.685062 0.249907 0.999999 -0.000004 -0.000001 0.001017
-0.520071 0.685060 0.249894 0.999999 -0.000000 -0.000003 0.001018
-0.520070 0.685059 0.249891 0.999999 0.000001 -0.000000 0.001019
-0.520071 0.685059 0.249900 0.999999 0.000001 -0.000002 0.001020
-0.520070 0.685059 0.249932 0.999999 0.000001 -0.000001 0.001020
-0.520070 0.685059 0.249943 0.999999 0.000001 -0.000001 0.001020
-0.520071 0.685059 0.249959 0.999999 0.000002 -0.000002 0.001021
-0.520070 0.685059 0.249965 0.999999 0.000001 -0.000001 0.001021
-0.520070 0.685059 0.249964 0.999999 0.000001 0.000000 0.001021
-0.520070 0.685062 0.249954 0.999999 -0.000004 0.000001 0.001021
-0.520071 0.685058 0.249919 0.999999 0.000004 -0.000001 0.001022
-0.520069 0.685062 0.249900 0.999999 -0.000004 0.000003 0.001023
-0.520066 0.685060 0.249866 0.999999 -0.000000 0.000008 0.001024
-0.520071 0.685064 0.249833 0.999999 -0.000008 -0.000001 0.001025
-0.520069 0.685064 0.249807 0.999999 -0.000009 0.000003 0.001025
-0.520071 0.685067 0.249797 0.999999 -0.000014 -0.000002 0.001026
-0.520069 0.685066 0.249798 0.999999 -0.000013 0.000003 0.001026
-0.520073 0.685061 0.249796 0.999999 -0.000002 -0.000004 0.001027
-0.520072 0.685052 0.249781 0.999999 0.000016 -0.000003 0.001027
-0.520071 0.685062 0.249787 0.999999 -0.000003 -0.000000 0.001028
-0.520072 0.685067 0.249812 0.999999 -0.000014 -0.000002 0.001029
-0.520070 0.685066 0.249817 0.999999 -0.000011 0.000003 0.001029
-0.520070 0.685064 0.249824 0.999999 -0.000007 0.000002 0.001030
-0.520069 0.685059 0.249823 0.999999 0.000002 0.000004 0.001030
-0.520070 0.685060 0.249793 0.999999 0.000001 0.000003 0.001031
-0.520075 0.685058 0.249777 0.999999 0.000004 -0.000006 0.001033
-0.520070 0.685059 0.249767 0.999999 0.000002 0.000003 0.001033
-0.520077 0.685061 0.249763 0.999999 -0.000002 -0.000010 0.001034
-0.520075 0.685056 0.249761 0.999999 0.000008 -0.000007 0.001034
-0.520071 0.685056 0.249752 0.999999 0.000008 0.000000 0.001034
-0.520075 0.685061 0.249753 0.999999 -0.000002 -0.000007 0.001035
-0.520074 0.685062 0.249768 0.999999 -0.000004 -0.000004 0.001036
-0.520070 0.685060 0.249776 0.999999 0.000001 0.000004 0.001036
-0.520070 0.685058 0.249779 0.999999 0.000005 0.000004 0.001037
-0.520073 0.685060 0.249781 0.999999 0.000002 -0.000003 0.001037
-0.520068 0.685062 0.249780 0.999999 -0.000002 0.000008 0.001039
-0.520074 0.685060 0.249772 0.999999 -0.000000 -0.000005 0.001039
-0.520070 0.685057 0.249760 0.999999 0.000006 0.000004 0.001040
-0.520075 0.685058 0.249757 0.999999 0.000005 -0.000006 0.001040
-0.520071 0.685055 0.249752 0.999999 0.000011 0.000001 0.001040
-0.520075 0.685055 0.249755 0.999999 0.000010 -0.000006 0.001041
-0.520073 0.685055 0.249789 0.999999 0.000011 -0.000002 0.001041
-0.520075 0.685058 0.249806 0.999999 0.000006 -0.000005 0.001041
-0.520072 0.685062 0.249813 0.999999 -0.000004 0.000002 0.001043
-0.520072 0.685063 0.249811 0.999999 -0.000004 0.000001 0.001043
-0.520075 0.685061 0.249813 0.999999 0.000000 -0.000006 0.001045
-0.520072 0.685061 0.249816 0.999999 -0.000000 0.000001 0.001046
-0.520073 0.685064 0.249810 0.999999 -0.000007 0.000000 0.001047
-0.520072 0.685064 0.249801 0.999999 -0.000007 0.000002 0.001047
-0.520073 0.685064 0.249781 0.999999 -0.000007 -0.000001 0.001047
-0.520070 0.685062 0.249778 0.999999 -0.000002 0.000005 0.001048
-0.520074 0.685061 0.249783 0.999999 -0.000000 -0.000002 0.001049
-0.520075 0.685061 0.249804 0.999999 0.000000 -0.000005 0.001049
-0.520074 0.685062 0.249838 0.999999 -0.000003 -0.000001 0.001050
-0.520073 0.685062 0.249851 0.999999 -0.000002 -0.000000 0.001051
-0.520071 0.685060 0.249862 0.999999 0.000002 0.000003 0.001052
-0.520073 0.685060 0.249865 0.999999 0.000001 0.000000 0.001053
-0.520074 0.685059 0.249871 0.999999 0.000004 -0.000002 0.001053
-0.520074 0.685062 0.249871 0.999999 -0.000001 -0.000002 0.001054
-0.520073 0.685061 0.249879 0.999999 0.000000 0.000000 0.001055
-0.520072 0.685061 0.249899 0.999999 -0.000001 0.000001 0.001055
-0.520074 0.685062 0.249904 0.999999 -0.000002 -0.000001 0.001055
-0.520074 0.685061 0.249911 0.999999 0.000000 -0.000002 0.001056
-0.520074 0.685060 0.249899 0.999999 0.000003 -0.000000 0.001057
-0.520072 0.685059 0.249879 0.999999 0.000004 0.000002 0.001057
-0.520074 0.685060 0.249847 0.999999 0.000002 -0.000001 0.001058
-0.520073 0.685060 0.249859 0.999999 0.000002 0.000000 0.001059
-0.520074 0.685061 0.249889 0.999999 0.000001 -0.000002 0.001060
-0.520074 0.685060 0.249899 0.999999 0.000002 -0.000001 0.001061
-0.520075 0.685063 0.249883 0.999999 -0.000003 -0.000003 0.001062
-0.520074 0.685062 0.249861 0.999999 -0.000001 -0.000001 0.001063
-0.520074 0.685060 0.249845 0.999999 0.000003 -0.000000 0.001064
-0.520072 0.685062 0.249850 0.999999 -0.000002 0.000003 0.001065
-0.520074 0.685060 0.249877 0.999999 0.000004 -0.000001 0.001066
-0.520074 0.685060 0.249876 0.999999 0.000002 -0.000000 0.001067
-0.520072 0.685062 0.249853 0.999999 -0.000000 0.000003 0.001069
-0.520075 0.685060 0.249835 0.999999 0.000002 -0.000004 0.001070
-0.520078 0.685063 0.249806 0.999999 -0.000004 -0.000009 0.001071
-0.520078 0.685064 0.249790 0.999999 -0.000004 -0.000009 0.001072
-0.520074 0.685059 0.249767 0.999999 0.000005 0.000000 0.001072
-0.520077 0.685062 0.249765 0.999999 -0.000000 -0.000006 0.001073
-0.520076 0.685063 0.249767 0.999999 -0.000002 -0.000004 0.001074
-0.520074 0.685059 0.249767 0.999999 0.000005 -0.000000 0.001074
-0.520074 0.685064 0.249770 0.999999 -0.000004 -0.000001 0.001075
-0.520074 0.685060 0.249790 0.999999 0.000004 -0.000000 0.001076
-0.520073 0.685061 0.249844 0.999999 0.000000 0.000002 0.001077
-0.520074 0.685062 0.249870 0.999999 0.000000 -0.000001 0.001078
-0.520075 0.685063 0.249905 0.999999 -0.000002 -0.000003 0.001079
-0.520074 0.685062 0.249898 0.999999 -0.000001 -0.000001 0.001080
-0.520074 0.685061 0.249898 0.999999 0.000002 -0.000001 0.001082
-0.520074 0.685061 0.249896 0.999999 0.000002 -0.000001 0.001083
-0.520074 0.685061 0.249884 0.999999 0.000003 -0.000001 0.001085
-0.520075 0.685062 0.249869 0.999999 -0.000000 -0.000003 0.001086
-0.520075 0.685063 0.249837 0.999999 -0.000002 -0.000002 0.001087
-0.520075 0.685062 0.249841 0.999999 -0.000001 -0.000002 0.001087
-0.520074 0.685062 0.249891 0.999999 0.000001 -0.000000 0.001089
-0.520075 0.685063 0.249905 0.999999 -0.000002 -0.000002 0.001089
-0.520074 0.685062 0.249907 0.999999 -0.000000 -0.000001 0.001090
-0.520074 0.685061 0.249903 0.999999 0.000002 -0.000000 0.001091
-0.520074 0.685062 0.249941 0.999999 -0.000001 -0.000001 0.001092
-0.520075 0.685064 0.249859 0.999999 -0.000003 -0.000002 0.001095
-0.520074 0.685064 0.249872 0.999999 -0.000004 0.000001 0.001098
-0.520075 0.685062 0.249884 0.999999 0.000001 -0.000002 0.001102
-0.520074 0.685062 0.249894 0.999999 0.000002 0.000001 0.001104
-0.520074 0.685062 0.249909 0.999999 0.000001 0.000001 0.001106
-0.520074 0.685062 0.249910 0.999999 0.000001 0.000001 0.001107
-0.520075 0.685063 0.249927 0.999999 0.000000 -0.000002 0.001107
-0.520074 0.685064 0.249936 0.999999 -0.000001 -0.000000 0.001109
-0.520074 0.685063 0.249883 0.999999 -0.000000 0.000001 0.001113
-0.520073 0.685062 0.249895 0.999999 0.000001 0.000002 0.001115
-0.520075 0.685062 0.249882 0.999999 0.000002 -0.000002 0.001116
-0.520075 0.685062 0.249871 0.999999 0.000002 -0.000000 0.001118
-0.520076 0.685063 0.249872 0.999999 -0.000001 -0.000003 0.001119
-0.520074 0.685062 0.249882 0.999999 0.000002 0.000001 0.001121
-0.520077 0.685063 0.249884 0.999999 0.000001 -0.000004 0.001121
-0.520075 0.685063 0.249874 0.999999 -0.000001 -0.000000 0.001122
-0.520077 0.685063 0.249875 0.999999 -0.000000 -0.000004 0.001123
-0.520074 0.685064 0.249845 0.999999 -0.000001 0.000002 0.001126
-0.520075 0.685062 0.249793 0.999999 0.000002 -0.000001 0.001129
-0.520076 0.685064 0.249883 0.999999 -0.000001 -0.000003 0.001133
-0.520075 0.685063 0.249889 0.999999 0.000000 -0.000000 0.001135
-0.520075 0.685062 0.249812 0.999999 0.000003 -0.000001 0.001140
-0.520077 0.685063 0.249832 0.999999 0.000001 -0.000003 0.001143
-0.520075 0.685064 0.249886 0.999999 -0.000001 -0.000000 0.001146
-0.520076 0.685065 0.249921 0.999999 -0.000001 -0.000002 0.001147
-0.520075 0.685064 0.249923 0.999999 0.000000 0.000002 0.001148
-0.520076 0.685064 0.249934 0.999999 -0.000001 -0.000001 0.001149
-0.520076 0.685064 0.249928 0.999999 0.000001 -0.000001 0.001149
-0.520076 0.685066 0.249883 0.999999 -0.000003 -0.000001 0.001152
-0.520077 0.685064 0.249880 0.999999 0.000000 -0.000003 0.001157
-0.520076 0.685064 0.249933 0.999999 -0.000000 -0.000002 0.001159
-0.520075 0.685063 0.249970 0.999999 0.000002 0.000000 0.001159
-0.520076 0.685063 0.249915 0.999999 0.000003 -0.000001 0.001162
-0.520075 0.685064 0.249912 0.999999 0.000002 0.000001 0.001163
-0.520077 0.685065 0.249870 0.999999 -0.000001 -0.000003 0.001164
-0.520078 0.685065 0.249855 0.999999 -0.000001 -0.000004 0.001164
-0.520076 0.685066 0.249826 0.999999 -0.000003 -0.000001 0.001165
-0.520078 0.685069 0.249764 0.999999 -0.000008 -0.000005 0.001167
-0.520073 0.685065 0.249758 0.999999 -0.000001 0.000005 0.001168
-0.520075 0.685063 0.249785 0.999999 0.000004 0.000001 0.001170
-0.520076 0.685063 0.249795 0.999999 0.000003 0.000000 0.001171
-0.520077 0.685067 0.249808 0.999999 -0.000004 -0.000002 0.001172
-0.520075 0.685065 0.249813 0.999999 -0.000001 0.000000 0.001173
-0.520077 0.685063 0.249845 0.999999 0.000004 -0.000002 0.001174
-0.520076 0.685064 0.249855 0.999999 0.000002 0.000000 0.001175
-0.520076 0.685065 0.249838 0.999999 -0.000000 -0.000001 0.001178
-0.520077 0.685066 0.249829 0.999999 -0.000002 -0.000003 0.001182
-0.520076 0.685064 0.249830 0.999999 0.000002 -0.000000 0.001186
-0.520077 0.685067 0.249874 0.999999 -0.000002 -0.000002 0.001189
-0.520077 0.685066 0.249886 0.999999 -0.000001 -0.000002 0.001191
-0.520076 0.685063 0.249870 0.999999 0.000006 0.000000 0.001195
-0.520077 0.685065 0.249901 0.999999 0.000002 -0.000002 0.001198
-0.520077 0.685065 0.249866 0.999999 0.000002 -0.000001 0.001201
-0.520078 0.685066 0.249923 0.999999 0.000001 -0.000002 0.001204
-0.520075 0.685067 0.249890 0.999999 -0.000002 0.000003 0.001205
-0.520077 0.685066 0.249917 0.999999 -0.000000 -0.000002 0.001207
-0.520078 0.685069 0.249904 0.999999 -0.000006 -0.000002 0.001209
-0.520079 0.685064 0.249812 0.999999 0.000004 -0.000005 0.001211
-0.520079 0.685067 0.249788 0.999999 -0.000001 -0.000003 0.001214
-0.520076 0.685063 0.249763 0.999999 0.000007 0.000003 0.001215
-0.520077 0.685067 0.249749 0.999999 0.000000 0.000001 0.001216
-0.520078 0.685063 0.249819 0.999999 0.000007 -0.000002 0.001219
-0.520078 0.685067 0.249844 0.999999 -0.000001 -0.000001 0.001223
-0.520078 0.685068 0.249875 0.999999 -0.000002 -0.000002 0.001226
-0.520077 0.685065 0.249875 0.999999 0.000003 0.000000 0.001231
-0.520075 0.685068 0.249820 0.999999 -0.000001 0.000004 0.001233
-0.520076 0.685067 0.249842 0.999999 0.000000 0.000003 0.001236
-0.520077 0.685066 0.249891 0.999999 0.000002 0.000002 0.001237
-0.520078 0.685066 0.249845 0.999999 0.000002 -0.000000 0.001240
-0.520080 0.685068 0.249847 0.999999 -0.000000 -0.000004 0.001242
-0.520078 0.685069 0.249920 0.999999 -0.000003 0.000002 0.001244
-0.520078 0.685069 0.249876 0.999999 -0.000003 0.000001 0.001247
-0.520078 0.685069 0.249896 0.999999 -0.000002 0.000001 0.001250
-0.520080 0.685068 0.249933 0.999999 0.000000 -0.000002 0.001251
-0.520079 0.685069 0.249892 0.999999 -0.000003 -0.000000 0.001254
-0.520080 0.685066 0.249798 0.999999 0.000003 -0.000002 0.001256
-0.520080 0.685071 0.249795 0.999999 -0.000005 -0.000002 0.001256
-0.520076 0.685068 0.249801 0.999999 -0.000001 0.000006 0.001257
-0.520078 0.685071 0.249818 0.999999 -0.000005 0.000002 0.001261
-0.520078 0.685072 0.249795 0.999999 -0.000007 0.000002 0.001263
-0.520083 0.685068 0.249813 0.999999 -0.000000 -0.000005 0.001265
-0.520081 0.685069 0.249807 0.999999 -0.000001 -0.000003 0.001265
-0.520080 0.685070 0.249786 0.999999 -0.000003 -0.000000 0.001266
-0.520080 0.685068 0.249781 0.999999 -0.000000 -0.000000 0.001266
-0.520084 0.685070 0.249771 0.999999 -0.000003 -0.000009 0.001267
-0.520080 0.685065 0.249767 0.999999 0.000007 -0.000000 0.001267
-0.520083 0.685070 0.249763 0.999999 -0.000002 -0.000007 0.001268
-0.520080 0.685070 0.249839 0.999999 -0.000003 -0.000000 0.001271
-0.520080 0.685070 0.249850 0.999999 -0.000004 -0.000001 0.001274
-0.520076 0.685067 0.249810 0.999999 0.000003 0.000008 0.001278
-0.520081 0.685068 0.249767 0.999999 0.000001 -0.000001 0.001279
-0.520080 0.685069 0.249910 0.999999 -0.000000 0.000000 0.001280
-0.520081 0.685069 0.249967 0.999999 -0.000001 -0.000001 0.001280
-0.520081 0.685068 0.249974 0.999999 0.000002 -0.000002 0.001280
-0.520081 0.685069 0.249974 0.999999 -0.000000 -0.000002 0.001281
-0.520079 0.685069 0.249966 0.999999 0.000001 0.000002 0.001281
-0.520081 0.685070 0.249930 0.999999 -0.000003 -0.000001 0.001281
-0.520081 0.685068 0.249905 0.999999 0.000003 -0.000001 0.001282
-0.520081 0.685069 0.249870 0.999999 0.000001 -0.000001 0.001285
-0.520083 0.685069 0.249875 0.999999 0.000001 -0.000005 0.001287
-0.520082 0.685068 0.249899 0.999999 0.000002 -0.000002 0.001289
-0.520082 0.685068 0.249901 0.999999 0.000003 -0.000002 0.001291
-0.520082 0.685069 0.249860 0.999999 0.000002 -0.000002 0.001294
-0.520083 0.685068 0.249872 0.999999 0.000003 -0.000003 0.001297
-0.520082 0.685070 0.249873 0.999999 -0.000000 -0.000000 0.001299
-0.520078 0.685071 0.249857 0.999999 -0.000002 0.000006 0.001302
-0.520077 0.685074 0.249834 0.999999 -0.000007 0.000009 0.001303
-0.520080 0.685074 0.249794 0.999999 -0.000008 0.000003 0.001303
-0.520080 0.685074 0.249790 0.999999 -0.000008 0.000003 0.001305
-0.520081 0.685072 0.249811 0.999999 -0.000003 0.000002 0.001309
-0.520083 0.685069 0.249823 0.999999 0.000003 -0.000003 0.001309
-0.520081 0.685070 0.249834 0.999999 -0.000000 0.000002 0.001310
-0.520082 0.685069 0.249905 0.999999 0.000003 0.000000 0.001313
-0.520083 0.685072 0.249874 0.999999 -0.000003 -0.000001 0.001316
-0.520081 0.685069 0.249881 0.999999 0.000003 0.000002 0.001319
-0.520082 0.685076 0.249809 0.999999 -0.000010 0.000001 0.001323
-0.520079 0.685071 0.249798 0.999999 -0.000001 0.000007 0.001323
-0.520083 0.685069 0.249782 0.999999 0.000004 -0.000002 0.001324
-0.520083 0.685068 0.249792 0.999999 0.000006 -0.000002 0.001325
-0.520083 0.685070 0.249816 0.999999 0.000000 -0.000002 0.001326
-0.520083 0.685068 0.249839 0.999999 0.000006 -0.000000 0.001327
-0.520082 0.685069 0.249869 0.999999 0.000003 0.000000 0.001331
-0.520083 0.685069 0.249859 0.999999 0.000003 -0.000001 0.001334
-0.520082 0.685071 0.249865 0.999999 0.000000 0.000002 0.001338
-0.520082 0.685072 0.249923 0.999999 -0.000002 0.000002 0.001341
-0.520083 0.685072 0.249968 0.999999 -0.000001 0.000000 0.001342
-0.520082 0.685070 0.249897 0.999999 0.000002 0.000002 0.001343
-0.520082 0.685071 0.249883 0.999999 -0.000000 0.000001 0.001345
-0.520083 0.685070 0.249880 0.999999 0.000003 0.000000 0.001347
-0.520083 0.685069 0.249907 0.999999 0.000006 0.000000 0.001350
-0.520085 0.685073 0.249795 0.999999 -0.000003 -0.000004 0.001353
-0.520083 0.685072 0.249800 0.999999 -0.000001 -0.000001 0.001355
-0.520084 0.685071 0.249923 0.999999 0.000001 -0.000001 0.001357
-0.520084 0.685071 0.249930 0.999999 0.000001 -0.000001 0.001359
-0.520084 0.685070 0.249941 0.999999 0.000003 -0.000002 0.001362
-0.520082 0.685072 0.249919 0.999999 0.000000 0.000002 0.001364
-0.520085 0.685070 0.249913 0.999999 0.000004 -0.000002 0.001365
-0.520084 0.685074 0.249901 0.999999 -0.000003 -0.000001 0.001366
-0.520084 0.685072 0.249896 0.999999 -0.000000 -0.000000 0.001367
-0.520083 0.685069 0.249874 0.999999 0.000006 0.000001 0.001368
-0.520087 0.685073 0.249853 0.999999 -0.000001 -0.000006 0.001369
-0.520085 0.685072 0.249818 0.999999 0.000001 -0.000002 0.001370
-0.520084 0.685075 0.249819 0.999999 -0.000005 -0.000001 0.001371
-0.520087 0.685074 0.249781 0.999999 -0.000004 -0.000006 0.001373
-0.520083 0.685071 0.249760 0.999999 0.000003 0.000002 0.001375
-0.520083 0.685075 0.249781 0.999999 -0.000004 0.000001 0.001377
-0.520086 0.685073 0.249821 0.999999 -0.000001 -0.000004 0.001379
-0.520085 0.685073 0.249863 0.999999 -0.000002 -0.000001 0.001383
-0.520085 0.685073 0.249903 0.999999 -0.000002 -0.000002 0.001387
-0.520085 0.685069 0.249856 0.999999 0.000007 -0.000001 0.001391
-0.520084 0.685071 0.249871 0.999999 0.000003 -0.000000 0.001396
-0.520084 0.685074 0.249878 0.999999 -0.000003 0.000000 0.001398
-0.520086 0.685073 0.249880 0.999999 -0.000001 -0.000004 0.001399
-0.520086 0.685074 0.249843 0.999999 -0.000002 -0.000003 0.001400
-0.520083 0.685075 0.249824 0.999999 -0.000003 0.000002 0.001401
-0.520085 0.685073 0.249811 0.999999 -0.000000 -0.000001 0.001402
-0.520087 0.685072 0.249818 0.999999 0.000001 -0.000005 0.001402
-0.520086 0.685073 0.249832 0.999999 -0.000001 -0.000003 0.001404
-0.520087 0.685071 0.249833 0.999999 0.000005 -0.000004 0.001405
-0.520083 0.685073 0.249831 0.999999 0.000001 0.000002 0.001407
-0.520086 0.685070 0.249828 0.999999 0.000006 -0.000003 0.001408
-0.520086 0.685075 0.249855 0.999999 -0.000003 -0.000002 0.001410
