-1.476273,-0.472768,-0.313355,-0.510715,-0.714667,0.546472,1.000000,-0.000255,-0.000001,-0.000008,0.009777,0.000008,-0.009737,1.000000
-1.221909,-0.477645,-0.304062,-0.550796,-0.641297,0.335174,1.000000,-0.000255,-0.000001,-0.000007,0.008771,0.000007,-0.008732,1.000000
-1.072853,-0.482668,-0.295169,-0.561484,-0.597069,0.201400,1.000000,-0.000256,-0.000001,-0.000005,0.006395,0.000005,-0.006355,1.000000
-1.094314,-0.486081,-0.287093,-0.556632,-0.607882,0.216343,1.000000,-0.000256,-0.000001,-0.000003,0.004211,0.000003,-0.004171,1.000000
-1.126893,-0.489235,-0.279190,-0.550790,-0.622357,0.241008,1.000000,-0.000256,-0.000000,-0.000002,0.003493,0.000002,-0.003453,1.000000
-1.331802,-0.484082,-0.289355,-0.550537,-0.688253,0.438821,1.000000,-0.000257,-0.000000,-0.000001,0.001596,0.000001,-0.001557,1.000000
-1.441954,-0.485763,-0.281820,-0.525925,-0.727928,0.522026,1.000000,-0.000257,-0.000000,-0.000000,0.001098,0.000000,-0.001059,1.000000
-1.733635,-0.474154,-0.293438,-0.468767,-0.823389,0.758221,1.000000,-0.000257,-0.000000,0.000000,0.000374,-0.000000,-0.000335,1.000000
-1.916333,-0.474305,-0.286520,-0.410234,-0.877967,0.888666,1.000000,-0.000257,-0.000000,0.000001,0.000165,-0.000000,-0.000125,1.000000
-2.511378,-0.455972,-0.301391,-0.199537,-1.008988,1.323514,1.000000,-0.000257,-0.000000,0.000001,0.000196,-0.000000,-0.000156,1.000000
-2.650713,-0.440852,-0.315808,-0.145105,-1.040114,1.426676,1.000000,-0.000257,-0.000000,0.000000,0.000425,-0.000000,-0.000386,1.000000
-2.625919,-0.444299,-0.307162,-0.155142,-1.043983,1.408384,1.000000,-0.000257,-0.000000,-0.000001,0.001698,0.000001,-0.001659,1.000000
-2.513805,-0.427792,-0.322719,-0.204562,-1.048228,1.332386,1.000000,-0.000257,-0.000000,-0.000001,0.002285,0.000002,-0.002246,1.000000
-2.359178,-0.432471,-0.313375,-0.268109,-1.030690,1.222057,1.000000,-0.000256,-0.000000,-0.000003,0.003625,0.000003,-0.003585,1.000000
-2.382648,-0.417318,-0.329318,-0.263210,-1.048834,1.243750,1.000000,-0.000256,-0.000001,-0.000003,0.004347,0.000003,-0.004307,1.000000
-2.603135,-0.418092,-0.322571,-0.168644,-1.086236,1.397919,1.000000,-0.000256,-0.000001,-0.000005,0.005813,0.000005,-0.005774,1.000000
-2.732974,-0.401146,-0.340089,-0.112957,-1.114247,1.492996,1.000000,-0.000256,-0.000001,-0.000006,0.007198,0.000006,-0.007159,1.000000
-2.631620,-0.404171,-0.331687,-0.157975,-1.110997,1.420884,1.000000,-0.000255,-0.000001,-0.000007,0.008376,0.000007,-0.008336,1.000000
-2.599936,-0.387091,-0.350159,-0.174518,-1.123134,1.402601,1.000000,-0.000255,-0.000001,-0.000008,0.009238,0.000007,-0.009199,1.000000
-2.685489,-0.390356,-0.341853,-0.135218,-1.136703,1.461650,1.000000,-0.000255,-0.000001,-0.000008,0.009707,0.000008,-0.009667,1.000000
-2.705652,-0.372857,-0.361563,-0.127278,-1.152247,1.479093,1.000000,-0.000255,-0.000001,-0.000008,0.009779,0.000008,-0.009739,1.000000
-2.683064,-0.376013,-0.352920,-0.137591,-1.156876,1.462773,1.000000,-0.000255,-0.000001,-0.000008,0.009590,0.000007,-0.009550,1.000000
-2.696943,-0.357963,-0.373726,-0.132549,-1.172432,1.476072,1.000000,-0.000255,-0.000001,-0.000007,0.008975,0.000007,-0.008936,1.000000
-2.712500,-0.361510,-0.364983,-0.124854,-1.178940,1.486170,1.000000,-0.000255,-0.000001,-0.000006,0.007992,0.000006,-0.007952,1.000000
-2.713854,-0.343316,-0.386906,-0.125385,-1.191438,1.490500,1.000000,-0.000256,-0.000001,-0.000006,0.007388,0.000005,-0.007349,1.000000
-2.719885,-0.346651,-0.378054,-0.122253,-1.198483,1.494161,1.000000,-0.000256,-0.000001,-0.000005,0.006026,0.000004,-0.005987,1.000000
-2.733134,-0.327949,-0.401042,-0.116819,-1.212391,1.506866,1.000000,-0.000256,-0.000001,-0.000003,0.004564,0.000003,-0.004525,1.000000
-2.732923,-0.331542,-0.392222,-0.116697,-1.217595,1.506082,1.000000,-0.000256,-0.000001,-0.000003,0.003837,0.000003,-0.003797,1.000000
-2.742435,-0.312545,-0.416157,-0.112872,-1.230637,1.516177,1.000000,-0.000257,-0.000000,-0.000001,0.001866,0.000001,-0.001827,1.000000
-2.740780,-0.316123,-0.407319,-0.113499,-1.235717,1.514413,1.000000,-0.000257,-0.000000,-0.000000,0.001330,0.000001,-0.001291,1.000000
-2.750360,-0.296819,-0.432404,-0.109442,-1.247907,1.524545,1.000000,-0.000257,-0.000000,0.000001,0.000255,-0.000000,-0.000216,1.000000
-2.754396,-0.277189,-0.459241,-0.108064,-1.257178,1.530758,1.000000,-0.000257,-0.000000,0.000001,0.000102,-0.000000,-0.000062,1.000000
-2.756658,-0.280809,-0.449711,-0.106699,-1.264280,1.531821,1.000000,-0.000257,-0.000000,0.000001,0.000127,-0.000000,-0.000087,1.000000
-2.760810,-0.260782,-0.477867,-0.105135,-1.272644,1.538135,1.000000,-0.000257,-0.000000,0.000000,0.000304,-0.000000,-0.000265,1.000000
-2.761960,-0.264481,-0.468146,-0.104351,-1.279775,1.538448,1.000000,-0.000257,-0.000000,-0.000000,0.000970,0.000000,-0.000931,1.000000
-2.766266,-0.243936,-0.497500,-0.102596,-1.288482,1.545051,1.000000,-0.000257,-0.000000,-0.000001,0.001996,0.000001,-0.001956,1.000000
-2.766392,-0.247827,-0.487744,-0.102355,-1.294382,1.544524,1.000000,-0.000257,-0.000000,-0.000002,0.003287,0.000002,-0.003248,1.000000
-2.769982,-0.226873,-0.518486,-0.100883,-1.302061,1.550687,1.000000,-0.000256,-0.000001,-0.000004,0.004727,0.000004,-0.004688,1.000000
-2.770326,-0.230852,-0.508513,-0.100528,-1.308100,1.550301,1.000000,-0.000256,-0.000001,-0.000005,0.006184,0.000005,-0.006145,1.000000
-2.773288,-0.209490,-0.540996,-0.099306,-1.313413,1.555941,1.000000,-0.000256,-0.000001,-0.000006,0.006878,0.000005,-0.006838,1.000000
-2.773563,-0.213535,-0.530503,-0.098993,-1.320891,1.555658,1.000000,-0.000255,-0.000001,-0.000007,0.008115,0.000006,-0.008076,1.000000
-2.776070,-0.191625,-0.564651,-0.097945,-1.325073,1.561060,1.000000,-0.000255,-0.000001,-0.000007,0.008630,0.000007,-0.008591,1.000000
-2.776219,-0.195825,-0.553819,-0.097703,-1.332719,1.560685,1.000000,-0.000255,-0.000001,-0.000008,0.009397,0.000007,-0.009357,1.000000
-2.778273,-0.173321,-0.589742,-0.096842,-1.335705,1.565863,1.000000,-0.000255,-0.000001,-0.000008,0.009630,0.000008,-0.009590,1.000000
-2.778402,-0.177702,-0.578516,-0.096609,-1.343552,1.565461,1.000000,-0.000255,-0.000001,-0.000008,0.009769,0.000008,-0.009730,1.000000
-2.779283,-0.154596,-0.615930,-0.096366,-1.346570,1.570123,1.000000,-0.000255,-0.000001,-0.000008,0.009467,0.000007,-0.009428,1.000000
-2.780079,-0.159094,-0.604743,-0.095745,-1.353319,1.569980,1.000000,-0.000255,-0.000001,-0.000007,0.008751,0.000007,-0.008711,1.000000
-2.781271,-0.135202,-0.644668,-0.095271,-1.353663,1.574786,1.000000,-0.000255,-0.000001,-0.000007,0.008256,0.000006,-0.008217,1.000000
-2.781546,-0.140042,-0.632447,-0.094943,-1.362028,1.574432,1.000000,-0.000256,-0.000001,-0.000006,0.007051,0.000005,-0.007012,1.000000
-2.781680,-0.115418,-0.674173,-0.095047,-1.362230,1.578838,1.000000,-0.000256,-0.000001,-0.000004,0.005652,0.000004,-0.005612,1.000000
-2.782412,-0.120501,-0.661832,-0.094448,-1.369475,1.578594,1.000000,-0.000256,-0.000001,-0.000004,0.004919,0.000003,-0.004879,1.000000
-2.783198,-0.095193,-0.705494,-0.094095,-1.368544,1.583502,1.000000,-0.000257,-0.000000,-0.000002,0.002786,0.000002,-0.002747,1.000000
-2.783600,-0.067972,-0.754181,-0.093990,-1.363469,1.588259,1.000000,-0.000257,-0.000000,-0.000001,0.002152,0.000001,-0.002113,1.000000
-2.783478,-0.073741,-0.739881,-0.093882,-1.372943,1.587560,1.000000,-0.000257,-0.000000,0.000000,0.000680,0.000000,-0.000641,1.000000
-2.783842,-0.045307,-0.791757,-0.093772,-1.365889,1.592463,1.000000,-0.000257,-0.000000,0.000000,0.000371,-0.000000,-0.000331,1.000000
-2.784091,-0.051844,-0.775833,-0.093406,-1.376183,1.591897,1.000000,-0.000257,-0.000000,0.000001,0.000069,-0.000000,-0.000029,1.000000
-2.783884,-0.021372,-0.832599,-0.093657,-1.366313,1.596726,1.000000,-0.000257,-0.000000,0.000001,0.000083,-0.000000,-0.000043,1.000000
-2.783798,-0.028007,-0.816369,-0.093503,-1.376834,1.595951,1.000000,-0.000257,-0.000000,-0.000000,0.000777,0.000000,-0.000737,1.000000
-2.783811,0.003825,-0.876737,-0.093597,-1.364684,1.601104,1.000000,-0.000257,-0.000000,-0.000000,0.001207,0.000001,-0.001167,1.000000
-2.783674,-0.003138,-0.859734,-0.093464,-1.375661,1.600261,1.000000,-0.000257,-0.000000,-0.000002,0.002959,0.000002,-0.002919,1.000000
-2.783142,0.001436,-0.868434,-0.093884,-1.374051,1.584394,1.000000,-0.000256,-0.000000,-0.000003,0.003652,0.000003,-0.003612,1.000000
-2.783604,0.036275,-0.935996,-0.093936,-1.357908,1.589041,1.000000,-0.000256,-0.000001,-0.000003,0.004374,0.000003,-0.004334,1.000000
-2.783857,0.026773,-0.913562,-0.093488,-1.371647,1.588038,1.000000,-0.000256,-0.000001,-0.000005,0.005838,0.000005,-0.005799,1.000000
-2.783031,0.033805,-0.927539,-0.094198,-1.367384,1.572308,1.000000,-0.000256,-0.000001,-0.000005,0.006547,0.000005,-0.006508,1.000000
-2.784015,0.072088,-1.003392,-0.094171,-1.346373,1.577720,1.000000,-0.000256,-0.000001,-0.000006,0.007219,0.000006,-0.007179,1.000000
-2.783228,0.070086,-0.996849,-0.094614,-1.352251,1.577004,1.000000,-0.000255,-0.000001,-0.000006,0.007838,0.000006,-0.007798,1.000000
-2.783455,0.069930,-0.995579,-0.094472,-1.355739,1.559778,1.000000,-0.000255,-0.000001,-0.000008,0.009244,0.000007,-0.009205,1.000000
-2.783881,0.063749,-0.983200,-0.094010,-1.359378,1.575347,1.000000,-0.000255,-0.000001,-0.000008,0.009528,0.000007,-0.009488,1.000000
-2.783622,0.068554,-0.992692,-0.094319,-1.357003,1.560896,1.000000,-0.000255,-0.000001,-0.000008,0.009705,0.000008,-0.009666,1.000000
-2.783508,0.061595,-0.975733,-0.094204,-1.367195,1.558691,1.000000,-0.000255,-0.000001,-0.000008,0.009577,0.000007,-0.009537,1.000000
-2.783227,0.067132,-0.986748,-0.094581,-1.364240,1.543124,1.000000,-0.000255,-0.000001,-0.000008,0.009317,0.000007,-0.009277,1.000000
-2.783426,0.057707,-0.964566,-0.094205,-1.377005,1.540726,1.000000,-0.000255,-0.000001,-0.000007,0.008503,0.000006,-0.008463,1.000000
-2.782942,0.065705,-0.980764,-0.094820,-1.371673,1.524136,1.000000,-0.000256,-0.000001,-0.000006,0.007362,0.000005,-0.007323,1.000000
-2.783031,0.056714,-0.959640,-0.094532,-1.383643,1.522929,1.000000,-0.000256,-0.000001,-0.000005,0.006701,0.000005,-0.006662,1.000000
-2.782842,0.063606,-0.973402,-0.094954,-1.379610,1.506366,1.000000,-0.000256,-0.000001,-0.000004,0.005273,0.000004,-0.005234,1.000000
-2.779319,0.025851,-0.898414,-0.095885,-1.400243,1.498175,1.000000,-0.000256,-0.000001,-0.000003,0.004538,0.000003,-0.004499,1.000000
-2.780092,0.028436,-0.903397,-0.095530,-1.399245,1.482682,1.000000,-0.000256,-0.000001,-0.000003,0.003812,0.000003,-0.003773,1.000000
-2.779772,0.023542,-0.890877,-0.095639,-1.407068,1.480495,1.000000,-0.000257,-0.000000,-0.000001,0.002453,0.000001,-0.002413,1.000000
-2.775033,-0.008512,-0.828720,-0.097204,-1.420649,1.472246,1.000000,-0.000257,-0.000000,-0.000001,0.001850,0.000001,-0.001810,1.000000
-2.775705,-0.004437,-0.836714,-0.096974,-1.418294,1.456879,1.000000,-0.000257,-0.000000,-0.000000,0.001317,0.000001,-0.001278,1.000000
-2.775215,-0.009058,-0.824919,-0.097213,-1.425580,1.454703,1.000000,-0.000257,-0.000000,0.000000,0.000867,0.000000,-0.000828,1.000000
-2.769918,-0.038302,-0.769455,-0.098736,-1.434297,1.446042,1.000000,-0.000257,-0.000000,0.000001,0.000104,-0.000000,-0.000065,1.000000
-2.769983,-0.043976,-0.755640,-0.098582,-1.442317,1.445268,1.000000,-0.000257,-0.000000,0.000001,0.000065,-0.000000,-0.000026,1.000000
-2.764090,-0.070738,-0.706099,-0.100388,-1.447637,1.436541,1.000000,-0.000257,-0.000000,0.000000,0.000318,-0.000000,-0.000279,1.000000
-2.764185,-0.075328,-0.694453,-0.100233,-1.454614,1.435874,1.000000,-0.000257,-0.000000,-0.000000,0.000991,0.000000,-0.000951,1.000000
-2.757553,-0.100651,-0.648516,-0.102495,-1.458628,1.426948,1.000000,-0.000257,-0.000000,-0.000001,0.001466,0.000001,-0.001426,1.000000
-2.757739,-0.104626,-0.638379,-0.102163,-1.463784,1.426222,1.000000,-0.000257,-0.000000,-0.000002,0.002641,0.000002,-0.002602,1.000000
-2.750381,-0.128318,-0.596669,-0.104583,-1.464225,1.416739,1.000000,-0.000256,-0.000000,-0.000003,0.004023,0.000003,-0.003984,1.000000
-2.751126,-0.124757,-0.602917,-0.104506,-1.464054,1.401561,1.000000,-0.000256,-0.000001,-0.000004,0.004753,0.000004,-0.004714,1.000000
-2.742700,-0.147727,-0.562921,-0.107366,-1.464580,1.390338,1.000000,-0.000256,-0.000001,-0.000004,0.005487,0.000004,-0.005448,1.000000
-2.742250,-0.151632,-0.553141,-0.107410,-1.469403,1.389127,1.000000,-0.000256,-0.000001,-0.000005,0.006208,0.000005,-0.006169,1.000000
-2.743573,-0.148201,-0.558923,-0.107033,-1.469631,1.374311,1.000000,-0.000256,-0.000001,-0.000006,0.006899,0.000005,-0.006860,1.000000
-2.752831,-0.125526,-0.598170,-0.104087,-1.470812,1.383792,1.000000,-0.000255,-0.000001,-0.000007,0.008131,0.000006,-0.008091,1.000000
-2.752342,-0.129829,-0.587337,-0.104339,-1.477277,1.382798,1.000000,-0.000255,-0.000001,-0.000007,0.008643,0.000007,-0.008603,1.000000
-2.761059,-0.106299,-0.628787,-0.101481,-1.476984,1.393184,1.000000,-0.000255,-0.000001,-0.000008,0.009401,0.000007,-0.009362,1.000000
-2.760759,-0.110833,-0.617448,-0.101619,-1.483728,1.392310,1.000000,-0.000255,-0.000001,-0.000008,0.009630,0.000008,-0.009591,1.000000
-2.768661,-0.086440,-0.661240,-0.099074,-1.481924,1.402174,1.000000,-0.000255,-0.000001,-0.000008,0.009762,0.000008,-0.009722,1.000000
-2.768069,-0.090327,-0.654143,-0.099070,-1.482615,1.417430,1.000000,-0.000255,-0.000001,-0.000008,0.009661,0.000008,-0.009622,1.000000
-2.761081,-0.114567,-0.610530,-0.101377,-1.485270,1.409545,1.000000,-0.000255,-0.000001,-0.000008,0.009452,0.000007,-0.009413,1.000000
-2.761204,-0.118378,-0.600712,-0.101086,-1.490254,1.408892,1.000000,-0.000255,-0.000001,-0.000007,0.008730,0.000007,-0.008690,1.000000
-2.760649,-0.121804,-0.594665,-0.101062,-1.490323,1.424206,1.000000,-0.000255,-0.000001,-0.000007,0.008233,0.000006,-0.008194,1.000000
-2.760765,-0.125866,-0.584202,-0.100912,-1.496534,1.424901,1.000000,-0.000256,-0.000001,-0.000005,0.007025,0.000005,-0.006985,1.000000
-2.767163,-0.102150,-0.626519,-0.098760,-1.494514,1.433549,1.000000,-0.000256,-0.000001,-0.000005,0.006341,0.000005,-0.006302,1.000000
-2.763641,-0.105575,-0.623220,-0.101420,-1.495082,1.431521,1.000000,-0.000256,-0.000001,-0.000004,0.005625,0.000004,-0.005586,1.000000
-2.763386,-0.110025,-0.612209,-0.101558,-1.501617,1.430704,1.000000,-0.000256,-0.000001,-0.000004,0.004893,0.000003,-0.004853,1.000000
-2.769875,-0.085431,-0.656747,-0.099209,-1.498334,1.439472,1.000000,-0.000256,-0.000001,-0.000003,0.004161,0.000003,-0.004121,1.000000
-2.766173,-0.088903,-0.653307,-0.102017,-1.498990,1.437357,1.000000,-0.000256,-0.000000,-0.000002,0.003446,0.000002,-0.003407,1.000000
-2.766386,-0.085398,-0.659845,-0.102251,-1.498565,1.421871,1.000000,-0.000257,-0.000000,-0.000002,0.002766,0.000002,-0.002726,1.000000
-2.773006,-0.059492,-0.707940,-0.099915,-1.493149,1.429671,1.000000,-0.000257,-0.000000,-0.000001,0.002134,0.000001,-0.002095,1.000000
-2.772823,-0.064699,-0.694947,-0.100110,-1.501769,1.428889,1.000000,-0.000257,-0.000000,-0.000001,0.001567,0.000001,-0.001527,1.000000
-2.773302,-0.061033,-0.701640,-0.100168,-1.501372,1.413551,1.000000,-0.000257,-0.000000,-0.000000,0.001076,0.000000,-0.001036,1.000000
-2.773175,-0.055929,-0.714229,-0.100338,-1.494146,1.413039,1.000000,-0.000257,-0.000000,0.000000,0.000673,0.000000,-0.000633,1.000000
-2.773151,-0.061097,-0.701595,-0.100296,-1.501468,1.412192,1.000000,-0.000257,-0.000000,0.000000,0.000367,-0.000000,-0.000328,1.000000
-2.769981,-0.064495,-0.698313,-0.102674,-1.501161,1.410276,1.000000,-0.000257,-0.000000,0.000001,0.000166,-0.000000,-0.000126,1.000000
-2.770252,-0.060451,-0.706059,-0.102919,-1.500042,1.394885,1.000000,-0.000257,-0.000000,0.000001,0.000073,-0.000000,-0.000034,1.000000
-2.770438,-0.055472,-0.718412,-0.102882,-1.492925,1.394571,1.000000,-0.000257,-0.000000,0.000001,0.000092,-0.000000,-0.000052,1.000000
-2.770327,-0.060653,-0.705751,-0.102896,-1.500257,1.393650,1.000000,-0.000257,-0.000000,0.000000,0.000220,-0.000000,-0.000181,1.000000
-2.771070,-0.056708,-0.713050,-0.102841,-1.499500,1.378505,1.000000,-0.000257,-0.000000,0.000000,0.000457,-0.000000,-0.000417,1.000000
-2.767561,-0.060077,-0.709886,-0.105492,-1.499200,1.375229,1.000000,-0.000257,-0.000000,-0.000000,0.000795,0.000000,-0.000756,1.000000
-2.767561,-0.055052,-0.722523,-0.105571,-1.491722,1.375957,1.000000,-0.000257,-0.000000,-0.000000,0.001228,0.000001,-0.001189,1.000000
-2.768297,-0.051128,-0.730036,-0.105557,-1.490647,1.360840,1.000000,-0.000257,-0.000000,-0.000001,0.001746,0.000001,-0.001706,1.000000
-2.759102,-0.077505,-0.680393,-0.108802,-1.497427,1.348852,1.000000,-0.000257,-0.000000,-0.000002,0.002336,0.000002,-0.002296,1.000000
-2.759077,-0.072366,-0.693204,-0.108680,-1.488948,1.349395,1.000000,-0.000257,-0.000000,-0.000002,0.002985,0.000002,-0.002946,1.000000
-2.755546,-0.075653,-0.690558,-0.111300,-1.487974,1.347311,1.000000,-0.000256,-0.000001,-0.000003,0.004400,0.000003,-0.004361,1.000000
-2.745707,-0.100584,-0.644528,-0.114697,-1.492431,1.336100,1.000000,-0.000256,-0.000001,-0.000004,0.005134,0.000004,-0.005095,1.000000
-2.745415,-0.095709,-0.656735,-0.114744,-1.484264,1.336561,1.000000,-0.000256,-0.000001,-0.000005,0.005863,0.000005,-0.005823,1.000000
-2.741741,-0.098944,-0.654234,-0.117436,-1.483167,1.334375,1.000000,-0.000256,-0.000001,-0.000006,0.007239,0.000006,-0.007199,1.000000
-2.731072,-0.122822,-0.610953,-0.121111,-1.485876,1.322587,1.000000,-0.000255,-0.000001,-0.000006,0.007855,0.000006,-0.007815,1.000000
-2.731576,-0.119115,-0.617792,-0.121151,-1.484336,1.307164,1.000000,-0.000255,-0.000001,-0.000007,0.008404,0.000007,-0.008364,1.000000
-2.744022,-0.095053,-0.661608,-0.116539,-1.481444,1.318899,1.000000,-0.000255,-0.000001,-0.000007,0.008872,0.000007,-0.008833,1.000000
-2.743675,-0.099897,-0.649318,-0.116944,-1.489785,1.317941,1.000000,-0.000255,-0.000001,-0.000008,0.009703,0.000008,-0.009664,1.000000
-2.754646,-0.074937,-0.695537,-0.113020,-1.485199,1.329909,1.000000,-0.000255,-0.000001,-0.000008,0.009767,0.000008,-0.009728,1.000000
-2.754407,-0.080175,-0.682413,-0.113343,-1.493961,1.329080,1.000000,-0.000255,-0.000001,-0.000008,0.009563,0.000007,-0.009524,1.000000
-2.764666,-0.053904,-0.731886,-0.109661,-1.487427,1.340616,1.000000,-0.000255,-0.000001,-0.000008,0.009300,0.000007,-0.009261,1.000000
-2.764597,-0.059335,-0.718431,-0.109848,-1.496255,1.339889,1.000000,-0.000255,-0.000001,-0.000007,0.008936,0.000007,-0.008897,1.000000
-2.765343,-0.055578,-0.725354,-0.109952,-1.495864,1.323504,1.000000,-0.000256,-0.000001,-0.000006,0.007337,0.000005,-0.007297,1.000000
-2.765329,-0.060645,-0.712810,-0.109901,-1.503238,1.322666,1.000000,-0.000256,-0.000001,-0.000005,0.006675,0.000005,-0.006635,1.000000
-2.766418,-0.056618,-0.720328,-0.109750,-1.502344,1.307776,1.000000,-0.000256,-0.000001,-0.000005,0.005973,0.000004,-0.005933,1.000000
-2.769796,-0.053226,-0.723310,-0.107225,-1.503130,1.308474,1.000000,-0.000256,-0.000001,-0.000003,0.004513,0.000003,-0.004473,1.000000
-2.769619,-0.058293,-0.710749,-0.107291,-1.510508,1.307556,1.000000,-0.000256,-0.000001,-0.000003,0.003788,0.000002,-0.003749,1.000000
-2.773055,-0.054670,-0.714100,-0.104691,-1.511063,1.309593,1.000000,-0.000257,-0.000000,-0.000001,0.002433,0.000001,-0.002394,1.000000
-2.773056,-0.059566,-0.701770,-0.104646,-1.518439,1.308816,1.000000,-0.000257,-0.000000,-0.000000,0.001304,0.000000,-0.001265,1.000000
-2.776244,-0.056019,-0.705245,-0.102233,-1.518758,1.310744,1.000000,-0.000257,-0.000000,0.000000,0.000858,0.000000,-0.000819,1.000000
-2.776316,-0.051101,-0.717339,-0.102214,-1.511649,1.311521,1.000000,-0.000257,-0.000000,0.000000,0.000505,-0.000000,-0.000465,1.000000
-2.775139,-0.055137,-0.709786,-0.102435,-1.512565,1.326379,1.000000,-0.000257,-0.000000,0.000001,0.000252,-0.000000,-0.000213,1.000000
-2.775297,-0.060120,-0.697434,-0.102244,-1.519691,1.326907,1.000000,-0.000257,-0.000000,0.000001,0.000107,-0.000000,-0.000068,1.000000
-2.775170,-0.055041,-0.710004,-0.102374,-1.512298,1.327683,1.000000,-0.000257,-0.000000,0.000001,0.000148,-0.000000,-0.000108,1.000000
-2.774443,-0.059031,-0.702466,-0.102321,-1.513299,1.342814,1.000000,-0.000257,-0.000000,0.000000,0.000333,-0.000000,-0.000293,1.000000
-2.774443,-0.063845,-0.690458,-0.102244,-1.520257,1.343264,1.000000,-0.000257,-0.000000,0.000000,0.000623,0.000000,-0.000583,1.000000
-2.774345,-0.058851,-0.702847,-0.102352,-1.512958,1.344047,1.000000,-0.000257,-0.000000,-0.000001,0.001489,0.000001,-0.001449,1.000000
-2.783559,-0.031964,-0.754219,-0.099072,-1.505019,1.354752,1.000000,-0.000257,-0.000000,-0.000001,0.002045,0.000001,-0.002005,1.000000
-2.783310,-0.037468,-0.740547,-0.099392,-1.513997,1.353983,1.000000,-0.000257,-0.000000,-0.000002,0.002667,0.000002,-0.002628,1.000000
-2.780083,-0.041101,-0.736904,-0.101877,-1.513897,1.352081,1.000000,-0.000256,-0.000000,-0.000003,0.004050,0.000003,-0.004011,1.000000
-2.788915,-0.012745,-0.791888,-0.098683,-1.503840,1.362632,1.000000,-0.000256,-0.000001,-0.000004,0.004780,0.000004,-0.004740,1.000000
-2.788569,-0.018528,-0.777582,-0.099063,-1.513172,1.361779,1.000000,-0.000256,-0.000001,-0.000004,0.005513,0.000004,-0.005473,1.000000
-2.785651,-0.022422,-0.773380,-0.101359,-1.513377,1.360073,1.000000,-0.000255,-0.000001,-0.000006,0.007564,0.000006,-0.007524,1.000000
