-1.610823,-0.472589,-0.313786,-0.480324,-0.752450,0.651433,1.000000,-0.000255,-0.000001,-0.000007,0.008618,0.000007,-0.008579,1.000000
-1.531305,-0.476174,-0.305271,-0.496311,-0.734594,0.586319,1.000000,-0.000255,-0.000001,-0.000008,0.009758,0.000008,-0.009719,1.000000
-1.282560,-0.480690,-0.296118,-0.539397,-0.664426,0.382052,1.000000,-0.000255,-0.000001,-0.000007,0.009175,0.000007,-0.009136,1.000000
-1.089605,-0.485905,-0.287110,-0.556769,-0.606559,0.211943,1.000000,-0.000256,-0.000001,-0.000006,0.007077,0.000005,-0.007038,1.000000
-1.088416,-0.489584,-0.278976,-0.553504,-0.609908,0.206796,1.000000,-0.000256,-0.000001,-0.000003,0.004211,0.000003,-0.004171,1.000000
-1.211660,-0.491934,-0.271445,-0.539471,-0.653645,0.310698,1.000000,-0.000257,-0.000000,-0.000001,0.002170,0.000001,-0.002131,1.000000
-1.439677,-0.493827,-0.264355,-0.502514,-0.728293,0.496693,1.000000,-0.000257,-0.000000,0.000000,0.000374,-0.000000,-0.000335,1.000000
-1.550076,-0.496804,-0.256784,-0.478221,-0.764545,0.581972,1.000000,-0.000257,-0.000000,0.000001,0.000075,-0.000000,-0.000035,1.000000
-1.542815,-0.500128,-0.248855,-0.477543,-0.766567,0.573138,1.000000,-0.000257,-0.000000,-0.000000,0.000758,0.000000,-0.000718,1.000000
-1.373572,-0.503962,-0.240423,-0.506226,-0.720508,0.432425,1.000000,-0.000257,-0.000000,-0.000002,0.002932,0.000002,-0.002893,1.000000
-1.216461,-0.508283,-0.232005,-0.523974,-0.675154,0.295829,1.000000,-0.000256,-0.000001,-0.000004,0.005082,0.000004,-0.005043,1.000000
-1.114363,-0.512562,-0.223820,-0.529198,-0.645880,0.201980,1.000000,-0.000256,-0.000001,-0.000006,0.007198,0.000006,-0.007159,1.000000
-1.100625,-0.515980,-0.216142,-0.526984,-0.645120,0.185898,1.000000,-0.000255,-0.000001,-0.000006,0.007820,0.000006,-0.007781,1.000000
-1.167794,-0.513791,-0.225229,-0.550358,-0.663852,0.272726,1.000000,-0.000255,-0.000001,-0.000008,0.009238,0.000007,-0.009199,1.000000
-1.236691,-0.515837,-0.217849,-0.539543,-0.691291,0.327539,1.000000,-0.000255,-0.000001,-0.000008,0.009525,0.000007,-0.009486,1.000000
-1.618008,-0.503666,-0.228976,-0.485260,-0.820724,0.649312,1.000000,-0.000255,-0.000001,-0.000008,0.009739,0.000008,-0.009700,1.000000
-1.806671,-0.502939,-0.222491,-0.431670,-0.881585,0.788442,1.000000,-0.000255,-0.000001,-0.000008,0.009590,0.000007,-0.009550,1.000000
-2.260144,-0.484447,-0.236466,-0.290468,-1.005123,1.130953,1.000000,-0.000255,-0.000001,-0.000007,0.008975,0.000007,-0.008936,1.000000
-2.483566,-0.485961,-0.229662,-0.205403,-1.046315,1.293509,1.000000,-0.000255,-0.000001,-0.000007,0.008525,0.000006,-0.008485,1.000000
-2.784427,-0.472516,-0.242396,-0.086794,-1.092089,1.517830,1.000000,-0.000256,-0.000001,-0.000005,0.006728,0.000005,-0.006689,1.000000
-2.717749,-0.455735,-0.257427,-0.115544,-1.105620,1.471913,1.000000,-0.000256,-0.000001,-0.000005,0.006026,0.000004,-0.005987,1.000000
-2.327824,-0.459728,-0.248478,-0.274802,-1.061386,1.187923,1.000000,-0.000257,-0.000000,-0.000002,0.003134,0.000002,-0.003094,1.000000
-2.605935,-0.460899,-0.242083,-0.161753,-1.106818,1.389116,1.000000,-0.000257,-0.000000,0.000000,0.000877,0.000000,-0.000837,1.000000
-2.587330,-0.464032,-0.234181,-0.169044,-1.109499,1.374628,1.000000,-0.000257,-0.000000,0.000001,0.000102,-0.000000,-0.000062,1.000000
-2.435189,-0.467801,-0.225922,-0.230343,-1.093570,1.262127,1.000000,-0.000257,-0.000000,0.000000,0.000304,-0.000000,-0.000265,1.000000
-2.542633,-0.470462,-0.218658,-0.186555,-1.113116,1.340008,1.000000,-0.000257,-0.000000,-0.000001,0.001996,0.000001,-0.001956,1.000000
-2.538259,-0.473473,-0.210965,-0.187898,-1.117195,1.335811,1.000000,-0.000256,-0.000001,-0.000004,0.004727,0.000004,-0.004688,1.000000
-2.478294,-0.476897,-0.203112,-0.211612,-1.113387,1.290509,1.000000,-0.000256,-0.000001,-0.000006,0.006878,0.000005,-0.006838,1.000000
-2.520781,-0.479810,-0.195685,-0.194139,-1.123680,1.320985,1.000000,-0.000255,-0.000001,-0.000007,0.008630,0.000007,-0.008591,1.000000
-2.536772,-0.482744,-0.188184,-0.187291,-1.130270,1.331913,1.000000,-0.000255,-0.000001,-0.000008,0.009755,0.000008,-0.009716,1.000000
-2.501639,-0.485947,-0.180554,-0.200961,-1.129911,1.304784,1.000000,-0.000255,-0.000001,-0.000007,0.009157,0.000007,-0.009118,1.000000
-2.525075,-0.488878,-0.173164,-0.191202,-1.137461,1.321338,1.000000,-0.000255,-0.000001,-0.000006,0.007685,0.000006,-0.007646,1.000000
-2.532169,-0.491823,-0.165753,-0.187981,-1.142788,1.325727,1.000000,-0.000256,-0.000001,-0.000004,0.005652,0.000004,-0.005612,1.000000
-2.513021,-0.494876,-0.158295,-0.195219,-1.144551,1.310420,1.000000,-0.000257,-0.000000,-0.000002,0.002786,0.000002,-0.002747,1.000000
-2.525546,-0.497796,-0.150977,-0.189870,-1.150557,1.318931,1.000000,-0.000257,-0.000000,0.000000,0.000680,0.000000,-0.000641,1.000000
-2.524073,-0.500724,-0.143650,-0.190084,-1.154683,1.316909,1.000000,-0.000257,-0.000000,0.000001,0.000083,-0.000000,-0.000043,1.000000
-2.518770,-0.503670,-0.136347,-0.191816,-1.158244,1.311991,1.000000,-0.000257,-0.000000,-0.000000,0.000777,0.000000,-0.000737,1.000000
-2.523905,-0.506555,-0.129112,-0.189433,-1.163209,1.314990,1.000000,-0.000257,-0.000000,-0.000001,0.002311,0.000002,-0.002271,1.000000
-2.525588,-0.509402,-0.122086,-0.188428,-1.167521,1.315413,1.000000,-0.000257,-0.000000,-0.000002,0.002959,0.000002,-0.002919,1.000000
-2.524863,-0.512289,-0.114716,-0.188362,-1.171849,1.313951,1.000000,-0.000256,-0.000001,-0.000005,0.005838,0.000005,-0.005799,1.000000
-2.523320,-0.515144,-0.107563,-0.188629,-1.175861,1.311898,1.000000,-0.000255,-0.000001,-0.000007,0.008390,0.000007,-0.008350,1.000000
-2.526493,-0.517959,-0.100457,-0.187056,-1.180507,1.313462,1.000000,-0.000255,-0.000001,-0.000008,0.009705,0.000008,-0.009666,1.000000
-2.525109,-0.520772,-0.093369,-0.187271,-1.184520,1.311539,1.000000,-0.000255,-0.000001,-0.000008,0.009317,0.000007,-0.009277,1.000000
-2.525867,-0.523564,-0.086320,-0.186655,-1.188806,1.311270,1.000000,-0.000256,-0.000001,-0.000006,0.007362,0.000005,-0.007323,1.000000
-2.526937,-0.526335,-0.079304,-0.185925,-1.193125,1.311248,1.000000,-0.000256,-0.000001,-0.000004,0.005273,0.000004,-0.005234,1.000000
-2.526779,-0.529093,-0.072314,-0.185678,-1.197263,1.310287,1.000000,-0.000257,-0.000000,-0.000002,0.003112,0.000002,-0.003072,1.000000
-2.527176,-0.531834,-0.065356,-0.185221,-1.201462,1.309759,1.000000,-0.000257,-0.000000,0.000000,0.000867,0.000000,-0.000828,1.000000
-2.527869,-0.534556,-0.058430,-0.184655,-1.205690,1.309470,1.000000,-0.000257,-0.000000,0.000001,0.000065,-0.000000,-0.000026,1.000000
-2.527910,-0.537264,-0.051531,-0.184347,-1.209815,1.308680,1.000000,-0.000257,-0.000000,0.000000,0.000605,0.000000,-0.000566,1.000000
-2.528384,-0.539955,-0.044662,-0.183877,-1.213988,1.308233,1.000000,-0.000257,-0.000000,-0.000001,0.002020,0.000001,-0.001981,1.000000
-2.529012,-0.542629,-0.037822,-0.183354,-1.218171,1.307912,1.000000,-0.000256,-0.000000,-0.000003,0.004023,0.000003,-0.003984,1.000000
-2.529359,-0.545288,-0.031009,-0.182944,-1.222303,1.307379,1.000000,-0.000256,-0.000001,-0.000006,0.006899,0.000005,-0.006860,1.000000
-2.529625,-0.547932,-0.024223,-0.182570,-1.226413,1.306788,1.000000,-0.000255,-0.000001,-0.000008,0.009069,0.000007,-0.009030,1.000000
-2.530198,-0.550559,-0.017466,-0.182084,-1.230554,1.306444,1.000000,-0.000255,-0.000001,-0.000008,0.009762,0.000008,-0.009722,1.000000
-2.530494,-0.553172,-0.010735,-0.181708,-1.234645,1.305888,1.000000,-0.000255,-0.000001,-0.000007,0.008730,0.000007,-0.008690,1.000000
-2.530746,-0.555769,-0.004030,-0.181355,-1.238720,1.305302,1.000000,-0.000256,-0.000001,-0.000005,0.007025,0.000005,-0.006985,1.000000
-2.532381,-0.553468,-0.005895,-0.181309,-1.241797,1.290744,1.000000,-0.000256,-0.000001,-0.000005,0.006341,0.000005,-0.006302,1.000000
-2.539288,-0.555978,0.000751,-0.178459,-1.246979,1.294180,1.000000,-0.000256,-0.000001,-0.000004,0.004893,0.000003,-0.004853,1.000000
-2.544195,-0.553659,-0.001140,-0.177176,-1.250485,1.282218,1.000000,-0.000256,-0.000001,-0.000003,0.004161,0.000003,-0.004121,1.000000
-2.552660,-0.556145,0.005482,-0.173723,-1.255861,1.286922,1.000000,-0.000257,-0.000000,-0.000002,0.002766,0.000002,-0.002726,1.000000
-2.557903,-0.553761,0.003548,-0.172360,-1.259571,1.274056,1.000000,-0.000257,-0.000000,-0.000001,0.001567,0.000001,-0.001527,1.000000
-2.557702,-0.556308,0.010199,-0.172215,-1.263600,1.273073,1.000000,-0.000257,-0.000000,0.000000,0.000367,-0.000000,-0.000328,1.000000
-2.554624,-0.558856,0.016830,-0.173185,-1.267212,1.269884,1.000000,-0.000257,-0.000000,0.000000,0.000220,-0.000000,-0.000181,1.000000
-2.557532,-0.561372,0.023420,-0.171844,-1.271614,1.271474,1.000000,-0.000257,-0.000000,-0.000000,0.001228,0.000001,-0.001189,1.000000
-2.557944,-0.563876,0.029992,-0.171473,-1.275678,1.271076,1.000000,-0.000257,-0.000000,-0.000002,0.002985,0.000002,-0.002946,1.000000
-2.556845,-0.566376,0.036546,-0.171686,-1.279524,1.269472,1.000000,-0.000256,-0.000001,-0.000003,0.004400,0.000003,-0.004361,1.000000
-2.561587,-0.564003,0.034626,-0.170559,-1.283157,1.256247,1.000000,-0.000256,-0.000001,-0.000005,0.005863,0.000005,-0.005823,1.000000
-2.565580,-0.566441,0.040945,-0.168820,-1.287504,1.258689,1.000000,-0.000256,-0.000001,-0.000005,0.006570,0.000005,-0.006530,1.000000
-2.578994,-0.564081,0.039199,-0.164332,-1.292436,1.252328,1.000000,-0.000255,-0.000001,-0.000007,0.008404,0.000007,-0.008364,1.000000
-2.579540,-0.566505,0.045506,-0.163935,-1.296321,1.252101,1.000000,-0.000255,-0.000001,-0.000007,0.008872,0.000007,-0.008833,1.000000
-2.580081,-0.564172,0.043776,-0.164466,-1.299541,1.235485,1.000000,-0.000255,-0.000001,-0.000008,0.009530,0.000007,-0.009491,1.000000
-2.582053,-0.566623,0.050272,-0.163516,-1.303794,1.236304,1.000000,-0.000255,-0.000001,-0.000008,0.009767,0.000008,-0.009728,1.000000
-2.588540,-0.564251,0.048309,-0.161751,-1.307558,1.224517,1.000000,-0.000255,-0.000001,-0.000008,0.009563,0.000007,-0.009524,1.000000
-2.592643,-0.566668,0.054781,-0.159969,-1.312094,1.227072,1.000000,-0.000255,-0.000001,-0.000006,0.007943,0.000006,-0.007904,1.000000
-2.587849,-0.569099,0.061250,-0.161679,-1.315467,1.222526,1.000000,-0.000256,-0.000001,-0.000004,0.005246,0.000004,-0.005207,1.000000
-2.589118,-0.571471,0.067474,-0.161018,-1.319415,1.222914,1.000000,-0.000256,-0.000001,-0.000003,0.004513,0.000003,-0.004473,1.000000
-2.601905,-0.569130,0.065708,-0.156795,-1.324143,1.216157,1.000000,-0.000257,-0.000000,-0.000001,0.002433,0.000001,-0.002394,1.000000
-2.603839,-0.571482,0.071915,-0.155878,-1.328175,1.217102,1.000000,-0.000257,-0.000000,-0.000001,0.001833,0.000001,-0.001794,1.000000
-2.606488,-0.569149,0.070157,-0.155649,-1.331599,1.202205,1.000000,-0.000257,-0.000000,0.000000,0.000858,0.000000,-0.000819,1.000000
-2.607723,-0.571522,0.076558,-0.155014,-1.335742,1.202484,1.000000,-0.000257,-0.000000,0.000001,0.000107,-0.000000,-0.000068,1.000000
-2.606279,-0.573886,0.082941,-0.155437,-1.339533,1.200669,1.000000,-0.000257,-0.000000,0.000000,0.000333,-0.000000,-0.000293,1.000000
-2.607238,-0.576234,0.089297,-0.154914,-1.343612,1.200816,1.000000,-0.000257,-0.000000,-0.000001,0.001489,0.000001,-0.001449,1.000000
-2.607739,-0.578568,0.095632,-0.154575,-1.347630,1.200593,1.000000,-0.000256,-0.000000,-0.000003,0.004050,0.000003,-0.004011,1.000000
-2.607354,-0.580890,0.101949,-0.154588,-1.351528,1.199646,1.000000,-0.000256,-0.000001,-0.000005,0.006232,0.000005,-0.006192,1.000000
-2.608200,-0.583197,0.108241,-0.154120,-1.355572,1.199714,1.000000,-0.000255,-0.000001,-0.000007,0.008146,0.000006,-0.008107,1.000000
-2.608291,-0.585491,0.114516,-0.153952,-1.359517,1.199164,1.000000,-0.000255,-0.000001,-0.000008,0.009630,0.000008,-0.009591,1.000000
-2.608309,-0.587773,0.120770,-0.153816,-1.363445,1.198556,1.000000,-0.000255,-0.000001,-0.000008,0.009650,0.000007,-0.009610,1.000000
-2.608931,-0.590041,0.127002,-0.153445,-1.367442,1.198451,1.000000,-0.000255,-0.000001,-0.000007,0.008709,0.000007,-0.008669,1.000000
-2.637576,-0.595724,0.128729,-0.155100,-1.361354,1.225315,1.000000,-0.000255,-0.000001,-0.000007,0.008210,0.000006,-0.008170,1.000000
-2.841023,-0.597353,0.134539,-0.074646,-1.384541,1.393545,1.000000,-0.000256,-0.000001,-0.000005,0.006314,0.000005,-0.006275,1.000000
-2.885114,-0.599933,0.135071,-0.070083,-1.382519,1.432791,1.000000,-0.000256,-0.000001,-0.000004,0.005598,0.000004,-0.005559,1.000000
-2.976046,-0.602143,0.141337,-0.033939,-1.390381,1.508387,1.000000,-0.000257,-0.000000,-0.000002,0.002745,0.000002,-0.002705,1.000000
-2.887353,-0.604283,0.147396,-0.070062,-1.390494,1.434269,1.000000,-0.000257,-0.000000,-0.000000,0.001065,0.000000,-0.001025,1.000000
-2.929164,-0.606545,0.153564,-0.053017,-1.396520,1.468926,1.000000,-0.000257,-0.000000,0.000001,0.000078,-0.000000,-0.000038,1.000000
-2.933790,-0.608722,0.159707,-0.051097,-1.400691,1.472586,1.000000,-0.000257,-0.000000,-0.000000,0.000814,0.000000,-0.000775,1.000000
-2.904193,-0.610962,0.165802,-0.063091,-1.403124,1.447558,1.000000,-0.000257,-0.000000,-0.000002,0.002361,0.000002,-0.002322,1.000000
-2.933907,-0.613155,0.171917,-0.050983,-1.408459,1.472282,1.000000,-0.000256,-0.000001,-0.000004,0.005160,0.000004,-0.005120,1.000000
-2.928853,-0.615322,0.177993,-0.053004,-1.412146,1.467824,1.000000,-0.000256,-0.000001,-0.000006,0.007259,0.000006,-0.007219,1.000000
-2.916090,-0.617506,0.184046,-0.058149,-1.415410,1.456847,1.000000,-0.000255,-0.000001,-0.000007,0.008883,0.000007,-0.008843,1.000000
-2.929270,-0.619669,0.190100,-0.052771,-1.419910,1.467760,1.000000,-0.000255,-0.000001,-0.000008,0.009762,0.000008,-0.009722,1.000000
-2.924523,-0.621810,0.196124,-0.054664,-1.423575,1.463533,1.000000,-0.000255,-0.000001,-0.000007,0.008917,0.000007,-0.008877,1.000000
-2.921549,-0.623955,0.202131,-0.055837,-1.427290,1.460796,1.000000,-0.000255,-0.000001,-0.000006,0.007919,0.000006,-0.007880,1.000000
-2.891880,-0.622176,0.201916,-0.054562,-1.429448,1.433648,1.000000,-0.000256,-0.000001,-0.000006,0.007311,0.000005,-0.007272,1.000000
-2.733402,-0.623236,0.207627,-0.117047,-1.422980,1.298584,1.000000,-0.000256,-0.000001,-0.000004,0.005946,0.000004,-0.005907,1.000000
-2.644312,-0.618554,0.206371,-0.139215,-1.421679,1.220714,1.000000,-0.000256,-0.000001,-0.000004,0.005220,0.000004,-0.005181,1.000000
-2.554884,-0.620858,0.212537,-0.172747,-1.414020,1.144183,1.000000,-0.000257,-0.000000,-0.000001,0.002414,0.000001,-0.002374,1.000000
-2.682930,-0.622761,0.218218,-0.122976,-1.433873,1.252398,1.000000,-0.000257,-0.000000,0.000000,0.000849,0.000000,-0.000809,1.000000
-2.596578,-0.624552,0.224251,-0.156552,-1.427849,1.178254,1.000000,-0.000257,-0.000000,0.000001,0.000110,-0.000000,-0.000070,1.000000
-2.608949,-0.626716,0.230162,-0.151698,-1.433155,1.188214,1.000000,-0.000257,-0.000000,0.000000,0.000640,0.000000,-0.000600,1.000000
-2.625574,-0.628701,0.236042,-0.145182,-1.439129,1.201833,1.000000,-0.000257,-0.000000,-0.000002,0.002693,0.000002,-0.002653,1.000000
-2.599653,-0.630765,0.241993,-0.155122,-1.439630,1.179071,1.000000,-0.000256,-0.000001,-0.000004,0.005538,0.000004,-0.005498,1.000000
-2.624773,-0.632772,0.247822,-0.145349,-1.446653,1.200022,1.000000,-0.000255,-0.000001,-0.000006,0.007582,0.000006,-0.007543,1.000000
-2.608456,-0.634761,0.253720,-0.151580,-1.448437,1.185430,1.000000,-0.000255,-0.000001,-0.000008,0.009410,0.000007,-0.009370,1.000000
-2.611204,-0.636772,0.259566,-0.150452,-1.452585,1.187211,1.000000,-0.000255,-0.000001,-0.000008,0.009746,0.000008,-0.009707,1.000000
-2.619099,-0.638751,0.265387,-0.147341,-1.457402,1.193439,1.000000,-0.000255,-0.000001,-0.000007,0.009103,0.000007,-0.009063,1.000000
-2.612717,-0.640718,0.271221,-0.149737,-1.460407,1.187355,1.000000,-0.000255,-0.000001,-0.000006,0.007610,0.000006,-0.007571,1.000000
-2.614859,-0.642685,0.277024,-0.148850,-1.464476,1.188634,1.000000,-0.000256,-0.000001,-0.000003,0.004840,0.000003,-0.004801,1.000000
-2.616421,-0.644631,0.282813,-0.148189,-1.468480,1.189414,1.000000,-0.000257,-0.000000,-0.000002,0.002724,0.000002,-0.002685,1.000000
-2.613947,-0.646567,0.288596,-0.149083,-1.471964,1.186696,1.000000,-0.000257,-0.000000,-0.000000,0.001054,0.000000,-0.001014,1.000000
-2.615869,-0.648495,0.294356,-0.148289,-1.476003,1.187795,1.000000,-0.000257,-0.000000,0.000001,0.000083,-0.000000,-0.000043,1.000000
-2.615432,-0.650407,0.300106,-0.148404,-1.479743,1.186845,1.000000,-0.000257,-0.000000,-0.000000,0.000833,0.000000,-0.000794,1.000000
-2.615311,-0.652310,0.305841,-0.148400,-1.483518,1.186171,1.000000,-0.000257,-0.000000,-0.000002,0.002387,0.000002,-0.002347,1.000000
-2.616296,-0.654201,0.311561,-0.147974,-1.487433,1.186463,1.000000,-0.000256,-0.000001,-0.000003,0.004453,0.000003,-0.004414,1.000000
-2.616187,-0.656079,0.317269,-0.147969,-1.491208,1.185802,1.000000,-0.000256,-0.000001,-0.000005,0.006614,0.000005,-0.006575,1.000000
-2.616331,-0.657947,0.322963,-0.147870,-1.495012,1.185363,1.000000,-0.000255,-0.000001,-0.000007,0.008893,0.000007,-0.008853,1.000000
-2.616654,-0.659803,0.328643,-0.147705,-1.498837,1.185081,1.000000,-0.000255,-0.000001,-0.000008,0.009700,0.000008,-0.009661,1.000000
-2.616808,-0.661647,0.334311,-0.147606,-1.502639,1.184653,1.000000,-0.000255,-0.000001,-0.000008,0.009266,0.000007,-0.009227,1.000000
-2.617009,-0.663480,0.339965,-0.147492,-1.506446,1.184266,1.000000,-0.000256,-0.000001,-0.000006,0.007285,0.000005,-0.007246,1.000000
-2.617188,-0.665301,0.345606,-0.147388,-1.510248,1.183862,1.000000,-0.000256,-0.000001,-0.000004,0.005194,0.000004,-0.005154,1.000000
-2.617155,-0.667082,0.351020,-0.147365,-1.513823,1.183298,1.000000,-0.000256,-0.000001,-0.000003,0.004462,0.000003,-0.004422,1.000000
-2.608812,-0.669564,0.353008,-0.149683,-1.509747,1.193181,1.000000,-0.000257,-0.000000,-0.000001,0.002395,0.000001,-0.002355,1.000000
-2.606181,-0.671338,0.358412,-0.150646,-1.512968,1.190314,1.000000,-0.000257,-0.000000,-0.000001,0.001801,0.000001,-0.001762,1.000000
-2.600682,-0.673839,0.360377,-0.151879,-1.509202,1.202714,1.000000,-0.000257,-0.000000,0.000000,0.000494,-0.000000,-0.000455,1.000000
-2.600309,-0.675606,0.365761,-0.151983,-1.512712,1.201839,1.000000,-0.000257,-0.000000,0.000001,0.000250,-0.000000,-0.000211,1.000000
-2.597787,-0.678116,0.367703,-0.152114,-1.509313,1.216800,1.000000,-0.000257,-0.000000,0.000001,0.000086,-0.000000,-0.000046,1.000000
-2.593676,-0.679902,0.373293,-0.153616,-1.512500,1.212658,1.000000,-0.000257,-0.000000,-0.000000,0.001052,0.000001,-0.001012,1.000000
-2.598118,-0.681675,0.378855,-0.151921,-1.516853,1.216026,1.000000,-0.000257,-0.000000,-0.000002,0.003394,0.000003,-0.003354,1.000000
-2.596292,-0.683434,0.384417,-0.152574,-1.520363,1.213824,1.000000,-0.000256,-0.000001,-0.000004,0.005563,0.000004,-0.005523,1.000000
-2.595703,-0.685187,0.389965,-0.152766,-1.524034,1.212721,1.000000,-0.000255,-0.000001,-0.000006,0.007601,0.000006,-0.007561,1.000000
-2.597806,-0.686925,0.395495,-0.151954,-1.528071,1.214023,1.000000,-0.000255,-0.000001,-0.000008,0.009414,0.000007,-0.009374,1.000000
-2.596967,-0.688652,0.401020,-0.152244,-1.531711,1.212696,1.000000,-0.000255,-0.000001,-0.000008,0.009738,0.000008,-0.009699,1.000000
-2.596938,-0.690368,0.406532,-0.152233,-1.535459,1.212095,1.000000,-0.000255,-0.000001,-0.000007,0.009084,0.000007,-0.009045,1.000000
-2.598026,-0.692073,0.412030,-0.151807,-1.539359,1.212496,1.000000,-0.000256,-0.000001,-0.000005,0.006946,0.000005,-0.006907,1.000000
-2.597569,-0.693765,0.417520,-0.151961,-1.543050,1.211510,1.000000,-0.000256,-0.000001,-0.000003,0.004086,0.000003,-0.004047,1.000000
-2.597903,-0.695447,0.422997,-0.151822,-1.546848,1.211236,1.000000,-0.000257,-0.000000,-0.000001,0.002081,0.000001,-0.002041,1.000000
-2.598442,-0.697117,0.428463,-0.151608,-1.550675,1.211148,1.000000,-0.000257,-0.000000,0.000000,0.000358,-0.000000,-0.000318,1.000000
-2.598251,-0.698776,0.433919,-0.151668,-1.554404,1.210403,1.000000,-0.000257,-0.000000,0.000001,0.000118,-0.000000,-0.000079,1.000000
-2.598595,-0.700423,0.439363,-0.151532,-1.558205,1.210140,1.000000,-0.000257,-0.000000,-0.000000,0.000853,0.000000,-0.000813,1.000000
-2.598980,-0.702058,0.444796,-0.151382,-1.562013,1.209915,1.000000,-0.000257,-0.000000,-0.000002,0.002412,0.000002,-0.002373,1.000000
-2.599016,-0.703682,0.450220,-0.151364,-1.565775,1.209375,1.000000,-0.000256,-0.000001,-0.000003,0.004480,0.000003,-0.004441,1.000000
-2.600669,-0.701200,0.448577,-0.151533,-1.569188,1.194784,1.000000,-0.000256,-0.000001,-0.000004,0.005211,0.000004,-0.005172,1.000000
-2.609802,-0.702761,0.453930,-0.148163,-1.574353,1.201243,1.000000,-0.000256,-0.000001,-0.000006,0.007298,0.000006,-0.007259,1.000000
-2.612469,-0.700280,0.452273,-0.147960,-1.577878,1.187575,1.000000,-0.000255,-0.000001,-0.000007,0.007906,0.000006,-0.007866,1.000000
-2.616483,-0.701820,0.457628,-0.146507,-1.582354,1.189396,1.000000,-0.000255,-0.000001,-0.000008,0.009269,0.000007,-0.009230,1.000000
-2.613127,-0.703395,0.463030,-0.147785,-1.585686,1.185773,1.000000,-0.000255,-0.000001,-0.000008,0.009750,0.000008,-0.009710,1.000000
-2.613089,-0.704967,0.468417,-0.147809,-1.589454,1.185176,1.000000,-0.000255,-0.000001,-0.000008,0.009250,0.000007,-0.009210,1.000000
-2.615472,-0.706526,0.473789,-0.146919,-1.593550,1.186797,1.000000,-0.000256,-0.000001,-0.000006,0.007260,0.000005,-0.007220,1.000000
-2.614387,-0.708072,0.479154,-0.147342,-1.597180,1.185242,1.000000,-0.000256,-0.000001,-0.000004,0.005892,0.000004,-0.005853,1.000000
-2.615701,-0.705578,0.477499,-0.147684,-1.600523,1.170333,1.000000,-0.000256,-0.000001,-0.000004,0.005167,0.000004,-0.005128,1.000000
-2.625320,-0.707070,0.482794,-0.144101,-1.605743,1.177337,1.000000,-0.000257,-0.000000,-0.000002,0.003025,0.000002,-0.002985,1.000000
-2.628167,-0.704581,0.481123,-0.143866,-1.609257,1.163839,1.000000,-0.000257,-0.000000,-0.000001,0.002376,0.000001,-0.002336,1.000000
-2.631993,-0.706047,0.486420,-0.142484,-1.613715,1.165536,1.000000,-0.000257,-0.000000,0.000000,0.000831,0.000000,-0.000792,1.000000
-2.628317,-0.707540,0.491766,-0.143921,-1.617041,1.161596,1.000000,-0.000257,-0.000000,0.000001,0.000116,-0.000000,-0.000076,1.000000
-2.629931,-0.709036,0.497094,-0.143328,-1.621049,1.162537,1.000000,-0.000257,-0.000000,0.000000,0.000675,0.000000,-0.000636,1.000000
-2.630611,-0.710513,0.502414,-0.143095,-1.624944,1.162617,1.000000,-0.000257,-0.000000,-0.000001,0.002119,0.000001,-0.002079,1.000000
-2.629651,-0.711978,0.507727,-0.143495,-1.628625,1.161177,1.000000,-0.000255,-0.000001,-0.000008,0.009630,0.000008,-0.009591,1.000000
-2.858492,-0.718446,0.509217,-0.066949,-1.640934,1.373774,1.000000,-0.000255,-0.000001,-0.000008,0.009391,0.000007,-0.009352,1.000000
-2.998606,-0.721832,0.509998,-0.024498,-1.641914,1.503741,1.000000,-0.000255,-0.000001,-0.000007,0.008140,0.000006,-0.008100,1.000000
-3.104397,-0.722268,0.509880,0.004191,-1.642070,1.601575,1.000000,-0.000256,-0.000001,-0.000004,0.005518,0.000004,-0.005479,1.000000
-3.107009,-0.721674,0.509268,-0.008997,-1.642613,1.603001,1.000000,-0.000257,-0.000000,-0.000002,0.003355,0.000002,-0.003315,1.000000
-3.107190,-0.721095,0.508405,-0.023183,-1.642890,1.602157,1.000000,-0.000255,-0.000001,-0.000007,0.008207,0.000006,-0.008168,1.000000
-3.107004,-0.721675,0.509269,-0.009006,-1.642613,1.602997,1.000000,-0.000255,-0.000001,-0.000008,0.009421,0.000007,-0.009382,1.000000
-3.106699,-0.722266,0.509875,0.005125,-1.642059,1.603726,1.000000,-0.000255,-0.000001,-0.000008,0.009602,0.000007,-0.009563,1.000000
-2.861661,-0.721536,0.509925,-0.079683,-1.635483,1.375947,1.000000,-0.000255,-0.000001,-0.000006,0.008116,0.000006,-0.008077,1.000000
-2.709487,-0.718062,0.509278,-0.125934,-1.627963,1.235036,1.000000,-0.000256,-0.000001,-0.000005,0.006208,0.000005,-0.006168,1.000000
-2.574057,-0.712017,0.507876,-0.164645,-1.620723,1.109706,1.000000,-0.000257,-0.000000,-0.000002,0.003332,0.000002,-0.003293,1.000000
-2.475959,-0.703619,0.505623,-0.188681,-1.618935,1.018733,1.000000,-0.000257,-0.000000,-0.000001,0.001495,0.000001,-0.001455,1.000000
-2.388728,-0.693670,0.502657,-0.208563,-1.619250,0.937597,1.000000,-0.000257,-0.000000,0.000001,0.000202,-0.000000,-0.000163,1.000000
-2.388507,-0.695067,0.507960,-0.208683,-1.623028,0.936584,1.000000,-0.000257,-0.000000,-0.000001,0.001603,0.000001,-0.001563,1.000000
-2.388776,-0.696453,0.513250,-0.208631,-1.626901,0.936022,1.000000,-0.000256,-0.000001,-0.000003,0.004184,0.000003,-0.004144,1.000000
-2.388746,-0.697825,0.518533,-0.208688,-1.630721,0.935183,1.000000,-0.000256,-0.000001,-0.000006,0.007026,0.000006,-0.006986,1.000000
-2.388871,-0.699185,0.523805,-0.208694,-1.634573,0.934486,1.000000,-0.000255,-0.000001,-0.000007,0.008713,0.000007,-0.008674,1.000000
-2.388952,-0.700532,0.529069,-0.208718,-1.638421,0.933748,1.000000,-0.000255,-0.000001,-0.000008,0.009727,0.000008,-0.009687,1.000000
-2.411985,-0.685684,0.517710,-0.208113,-1.659494,0.956300,1.000000,-0.000255,-0.000001,-0.000008,0.009713,0.000008,-0.009674,1.000000
-2.489487,-0.686848,0.522288,-0.179202,-1.677907,1.028121,1.000000,-0.000255,-0.000001,-0.000008,0.009360,0.000007,-0.009321,1.000000
-2.517951,-0.671284,0.510130,-0.174740,-1.699989,1.055936,1.000000,-0.000255,-0.000001,-0.000007,0.009029,0.000007,-0.008989,1.000000
-2.536135,-0.672389,0.514977,-0.167938,-1.707568,1.072553,1.000000,-0.000255,-0.000001,-0.000006,0.008093,0.000006,-0.008053,1.000000
-2.544626,-0.656440,0.502208,-0.170865,-1.726344,1.081604,1.000000,-0.000255,-0.000001,-0.000006,0.007510,0.000006,-0.007471,1.000000
-2.569995,-0.657506,0.507002,-0.160712,-1.734974,1.105143,1.000000,-0.000256,-0.000001,-0.000003,0.004737,0.000003,-0.004698,1.000000
-2.568926,-0.658749,0.512268,-0.161274,-1.738782,1.103473,1.000000,-0.000257,-0.000000,-0.000001,0.002029,0.000001,-0.001989,1.000000
-2.564679,-0.659940,0.517530,-0.163192,-1.742152,1.098763,1.000000,-0.000257,-0.000000,0.000000,0.000350,-0.000000,-0.000310,1.000000
-2.567680,-0.661175,0.522770,-0.162030,-1.746563,1.100967,1.000000,-0.000257,-0.000000,0.000000,0.000297,-0.000000,-0.000257,1.000000
-2.566702,-0.662368,0.528007,-0.162564,-1.750405,1.099368,1.000000,-0.000257,-0.000000,-0.000001,0.001889,0.000001,-0.001849,1.000000
-2.566819,-0.663554,0.533233,-0.162634,-1.754410,1.098816,1.000000,-0.000256,-0.000001,-0.000004,0.004559,0.000003,-0.004520,1.000000
-2.567027,-0.664728,0.538450,-0.162668,-1.758433,1.098349,1.000000,-0.000256,-0.000001,-0.000006,0.007357,0.000006,-0.007318,1.000000
-2.566957,-0.665885,0.543659,-0.162824,-1.762420,1.097613,1.000000,-0.000255,-0.000001,-0.000008,0.009286,0.000007,-0.009247,1.000000
-2.567054,-0.667030,0.548857,-0.162911,-1.766436,1.097037,1.000000,-0.000255,-0.000001,-0.000008,0.009731,0.000008,-0.009691,1.000000
-2.567071,-0.668160,0.554048,-0.163036,-1.770445,1.096381,1.000000,-0.000255,-0.000001,-0.000007,0.008817,0.000007,-0.008778,1.000000
-2.567134,-0.669276,0.559229,-0.163144,-1.774467,1.095769,1.000000,-0.000256,-0.000001,-0.000005,0.006516,0.000005,-0.006476,1.000000
-2.567172,-0.670378,0.564401,-0.163266,-1.778490,1.095129,1.000000,-0.000256,-0.000001,-0.000002,0.003646,0.000002,-0.003607,1.000000
-2.567191,-0.671465,0.569565,-0.163399,-1.782516,1.094470,1.000000,-0.000256,-0.000001,-0.000003,0.004210,0.000003,-0.004171,1.000000
-2.548975,-0.674878,0.570304,-0.171464,-1.776946,1.077207,1.000000,-0.000256,-0.000001,-0.000006,0.007046,0.000006,-0.007007,1.000000
-2.537399,-0.678300,0.571003,-0.176679,-1.772319,1.066431,1.000000,-0.000255,-0.000001,-0.000007,0.008724,0.000007,-0.008685,1.000000
-2.522646,-0.681691,0.571692,-0.183220,-1.767105,1.052633,1.000000,-0.000255,-0.000001,-0.000008,0.009722,0.000008,-0.009683,1.000000
-2.505788,-0.685023,0.572364,-0.190615,-1.761465,1.036866,1.000000,-0.000255,-0.000001,-0.000007,0.009010,0.000007,-0.008971,1.000000
-2.492442,-0.688344,0.573001,-0.196511,-1.756347,1.024531,1.000000,-0.000256,-0.000001,-0.000006,0.007485,0.000006,-0.007445,1.000000
-2.478376,-0.691635,0.573623,-0.202682,-1.751031,1.011555,1.000000,-0.000256,-0.000001,-0.000005,0.006154,0.000004,-0.006115,1.000000
-2.531616,-0.675754,0.560308,-0.187584,-1.778310,1.063294,1.000000,-0.000256,-0.000001,-0.000003,0.004711,0.000003,-0.004672,1.000000
-2.552043,-0.679370,0.560937,-0.178925,-1.778918,1.083435,1.000000,-0.000256,-0.000001,-0.000003,0.003989,0.000003,-0.003949,1.000000
-2.570363,-0.663042,0.547068,-0.177618,-1.799857,1.101873,1.000000,-0.000257,-0.000000,-0.000001,0.002012,0.000001,-0.001972,1.000000
-2.561506,-0.666456,0.547829,-0.181914,-1.795686,1.093727,1.000000,-0.000257,-0.000000,-0.000000,0.001467,0.000001,-0.001427,1.000000
-2.591090,-0.650218,0.533376,-0.174872,-1.817934,1.123158,1.000000,-0.000257,-0.000000,0.000000,0.000625,-0.000000,-0.000585,1.000000
-2.571496,-0.653572,0.534172,-0.184415,-1.812120,1.104569,1.000000,-0.000257,-0.000000,0.000001,0.000155,-0.000000,-0.000116,1.000000
-2.569292,-0.657070,0.534915,-0.185718,-1.808995,1.102872,1.000000,-0.000257,-0.000000,-0.000001,0.001381,0.000001,-0.001341,1.000000
-2.555866,-0.660447,0.535667,-0.192289,-1.803988,1.090349,1.000000,-0.000257,-0.000000,-0.000002,0.002514,0.000002,-0.002474,1.000000
-2.599378,-0.644400,0.520810,-0.178101,-1.828263,1.133252,1.000000,-0.000256,-0.000000,-0.000003,0.003866,0.000003,-0.003826,1.000000
-2.609157,-0.648038,0.521616,-0.173546,-1.827090,1.143169,1.000000,-0.000256,-0.000001,-0.000004,0.004586,0.000003,-0.004546,1.000000
-2.619380,-0.631625,0.506213,-0.174643,-1.845551,1.153989,1.000000,-0.000256,-0.000001,-0.000005,0.006032,0.000005,-0.005992,1.000000
-2.610048,-0.635098,0.507060,-0.179625,-1.841441,1.145306,1.000000,-0.000256,-0.000001,-0.000006,0.007376,0.000006,-0.007337,1.000000
-2.644611,-0.618997,0.491131,-0.167803,-1.863111,1.179981,1.000000,-0.000255,-0.000001,-0.000007,0.008497,0.000007,-0.008458,1.000000
-2.624383,-0.622349,0.492032,-0.178645,-1.857442,1.160588,1.000000,-0.000255,-0.000001,-0.000008,0.009688,0.000008,-0.009649,1.000000
-2.619775,-0.625846,0.492900,-0.181270,-1.854047,1.156496,1.000000,-0.000255,-0.000001,-0.000008,0.009468,0.000007,-0.009428,1.000000
-2.610495,-0.629289,0.493757,-0.186327,-1.849873,1.147879,1.000000,-0.000255,-0.000001,-0.000006,0.007773,0.000006,-0.007734,1.000000
-2.596344,-0.632653,0.494601,-0.193896,-1.844844,1.134577,1.000000,-0.000256,-0.000001,-0.000004,0.005786,0.000004,-0.005746,1.000000
-2.588918,-0.636076,0.495413,-0.197966,-1.840886,1.127839,1.000000,-0.000257,-0.000000,-0.000002,0.002939,0.000002,-0.002900,1.000000
-2.574062,-0.639397,0.496219,-0.205851,-1.835580,1.113965,1.000000,-0.000257,-0.000000,-0.000000,0.001217,0.000000,-0.001178,1.000000
-2.565533,-0.642768,0.496994,-0.210462,-1.831341,1.106239,1.000000,-0.000257,-0.000000,0.000000,0.000471,-0.000000,-0.000432,1.000000
-2.608248,-0.626977,0.480933,-0.194597,-1.854787,1.148343,1.000000,-0.000257,-0.000000,0.000001,0.000130,-0.000000,-0.000090,1.000000
-2.612618,-0.630507,0.481780,-0.192480,-1.852939,1.153013,1.000000,-0.000257,-0.000000,0.000001,0.000122,-0.000000,-0.000083,1.000000
-2.626930,-0.614437,0.465184,-0.190778,-1.870914,1.167910,1.000000,-0.000257,-0.000000,-0.000000,0.000747,0.000000,-0.000707,1.000000
-2.621039,-0.617835,0.466092,-0.194213,-1.867358,1.162606,1.000000,-0.000257,-0.000000,-0.000000,0.001155,0.000001,-0.001115,1.000000
-2.642978,-0.601916,0.448971,-0.187804,-1.886040,1.185025,1.000000,-0.000257,-0.000000,-0.000001,0.002218,0.000002,-0.002178,1.000000
-2.633816,-0.605314,0.449888,-0.193224,-1.882012,1.176522,1.000000,-0.000256,-0.000000,-0.000003,0.003527,0.000003,-0.003487,1.000000
-2.661341,-0.589500,0.432285,-0.182966,-1.901101,1.204538,1.000000,-0.000256,-0.000001,-0.000004,0.004962,0.000004,-0.004923,1.000000
-2.662244,-0.593014,0.433289,-0.182618,-1.898783,1.205806,1.000000,-0.000256,-0.000001,-0.000005,0.005687,0.000004,-0.005647,1.000000
-2.672875,-0.577058,0.415133,-0.181631,-1.914611,1.217492,1.000000,-0.000256,-0.000001,-0.000006,0.007067,0.000006,-0.007027,1.000000
-2.663950,-0.580463,0.416138,-0.187199,-1.910762,1.209137,1.000000,-0.000255,-0.000001,-0.000007,0.008251,0.000006,-0.008212,1.000000
-2.690968,-0.564804,0.397535,-0.175836,-1.928622,1.237004,1.000000,-0.000255,-0.000001,-0.000008,0.009132,0.000007,-0.009092,1.000000
-2.676066,-0.568105,0.398570,-0.185251,-1.923950,1.222736,1.000000,-0.000255,-0.000001,-0.000008,0.009628,0.000008,-0.009589,1.000000
-2.702886,-0.552539,0.379479,-0.173356,-1.941208,1.250569,1.000000,-0.000255,-0.000001,-0.000008,0.009696,0.000008,-0.009657,1.000000
-2.688052,-0.555827,0.380548,-0.182968,-1.936636,1.236323,1.000000,-0.000255,-0.000001,-0.000008,0.009329,0.000007,-0.009290,1.000000
-2.699690,-0.540500,0.361617,-0.180016,-1.950363,1.249214,1.000000,-0.000255,-0.000001,-0.000007,0.008991,0.000007,-0.008952,1.000000
-2.699570,-0.543619,0.362069,-0.180571,-1.948764,1.249564,1.000000,-0.000256,-0.000001,-0.000006,0.007460,0.000006,-0.007420,1.000000
-2.712646,-0.528404,0.342675,-0.176268,-1.962180,1.263999,1.000000,-0.000256,-0.000001,-0.000005,0.006815,0.000005,-0.006776,1.000000
-2.709398,-0.531469,0.343145,-0.178893,-1.960154,1.261252,1.000000,-0.000256,-0.000001,-0.000003,0.004686,0.000003,-0.004646,1.000000
-2.722795,-0.516347,0.323285,-0.173977,-1.973090,1.276127,1.000000,-0.000256,-0.000001,-0.000003,0.003964,0.000003,-0.003925,1.000000
-2.721175,-0.519439,0.323795,-0.175521,-1.971342,1.274971,1.000000,-0.000257,-0.000000,-0.000001,0.002603,0.000002,-0.002564,1.000000
-2.729758,-0.504306,0.303438,-0.173542,-1.983063,1.285209,1.000000,-0.000257,-0.000000,-0.000001,0.001995,0.000001,-0.001955,1.000000
-2.727460,-0.507370,0.303959,-0.175574,-1.981257,1.283378,1.000000,-0.000257,-0.000000,0.000000,0.000619,-0.000000,-0.000579,1.000000
-2.739336,-0.492391,0.283165,-0.170963,-1.992927,1.296981,1.000000,-0.000257,-0.000000,0.000000,0.000345,-0.000000,-0.000305,1.000000
-2.734776,-0.495397,0.283693,-0.174632,-1.990845,1.292906,1.000000,-0.000257,-0.000000,0.000001,0.000165,-0.000000,-0.000125,1.000000
-2.746500,-0.480494,0.262435,-0.169786,-2.001975,1.306468,1.000000,-0.000257,-0.000000,0.000000,0.000323,-0.000000,-0.000283,1.000000
-2.741697,-0.483481,0.262982,-0.173690,-1.999904,1.302146,1.000000,-0.000257,-0.000000,-0.000001,0.001403,0.000001,-0.001363,1.000000
-2.738146,-0.486875,0.264291,-0.176402,-1.997265,1.298933,1.000000,-0.000256,-0.000000,-0.000003,0.003892,0.000003,-0.003853,1.000000
-2.731987,-0.490208,0.265563,-0.181012,-1.994225,1.293174,1.000000,-0.000256,-0.000001,-0.000005,0.006055,0.000005,-0.006016,1.000000
-2.727412,-0.493565,0.266828,-0.184461,-1.991390,1.288994,1.000000,-0.000255,-0.000001,-0.000007,0.008510,0.000007,-0.008470,1.000000
-2.721915,-0.496896,0.268069,-0.188576,-1.988390,1.283931,1.000000,-0.000255,-0.000001,-0.000008,0.009685,0.000008,-0.009646,1.000000
-2.716168,-0.500213,0.269290,-0.192864,-1.985321,1.278649,1.000000,-0.000255,-0.000001,-0.000007,0.009164,0.000007,-0.009124,1.000000
-2.710252,-0.503519,0.270493,-0.197268,-1.982195,1.273227,1.000000,-0.000256,-0.000001,-0.000006,0.007131,0.000005,-0.007092,1.000000
-2.702561,-0.506784,0.271670,-0.202945,-1.978744,1.266111,1.000000,-0.000256,-0.000001,-0.000004,0.005036,0.000004,-0.004997,1.000000
-2.715048,-0.491924,0.250297,-0.197772,-1.990061,1.280315,1.000000,-0.000256,-0.000001,-0.000003,0.004311,0.000003,-0.004271,1.000000
-2.710282,-0.494846,0.250759,-0.201698,-1.987857,1.276177,1.000000,-0.000257,-0.000000,-0.000002,0.002918,0.000002,-0.002878,1.000000
-2.719641,-0.479985,0.228887,-0.198512,-1.998162,1.287462,1.000000,-0.000257,-0.000000,-0.000001,0.002282,0.000001,-0.002243,1.000000
-2.717775,-0.482951,0.229386,-0.200315,-1.996468,1.286135,1.000000,-0.000257,-0.000000,-0.000000,0.001206,0.000000,-0.001166,1.000000
-2.726322,-0.468125,0.207029,-0.197434,-2.006141,1.296747,1.000000,-0.000257,-0.000000,0.000000,0.000789,0.000000,-0.000749,1.000000
-2.722975,-0.471046,0.207531,-0.200388,-2.004248,1.293986,1.000000,-0.000257,-0.000000,0.000001,0.000134,-0.000000,-0.000094,1.000000
-2.733619,-0.456316,0.184716,-0.195594,-2.013752,1.306739,1.000000,-0.000257,-0.000000,0.000001,0.000130,-0.000000,-0.000091,1.000000
-2.728698,-0.459192,0.185226,-0.199813,-2.011651,1.302456,1.000000,-0.000257,-0.000000,-0.000000,0.000765,0.000000,-0.000726,1.000000
-2.738894,-0.444491,0.161921,-0.195061,-2.020583,1.314882,1.000000,-0.000257,-0.000000,-0.000000,0.001176,0.000001,-0.001136,1.000000
-2.733476,-0.447347,0.162456,-0.199730,-2.018444,1.310128,1.000000,-0.000257,-0.000000,-0.000001,0.002243,0.000002,-0.002203,1.000000
-2.742239,-0.432641,0.138633,-0.195841,-2.026655,1.321284,1.000000,-0.000257,-0.000000,-0.000002,0.002875,0.000002,-0.002835,1.000000
-2.738495,-0.435518,0.139195,-0.199223,-2.024819,1.318150,1.000000,-0.000256,-0.000001,-0.000004,0.004988,0.000004,-0.004949,1.000000
-2.747346,-0.420837,0.114879,-0.194979,-2.032543,1.329496,1.000000,-0.000256,-0.000001,-0.000005,0.005711,0.000004,-0.005672,1.000000
-2.743556,-0.423703,0.115462,-0.198439,-2.030740,1.326325,1.000000,-0.000255,-0.000001,-0.000007,0.008265,0.000007,-0.008226,1.000000
-2.738305,-0.426907,0.116854,-0.202851,-2.028032,1.321610,1.000000,-0.000255,-0.000001,-0.000008,0.009435,0.000007,-0.009396,1.000000
-2.733783,-0.430120,0.118236,-0.206661,-2.025415,1.317609,1.000000,-0.000255,-0.000001,-0.000008,0.009554,0.000007,-0.009514,1.000000
-2.728771,-0.433314,0.119595,-0.210863,-2.022692,1.313166,1.000000,-0.000255,-0.000001,-0.000006,0.008022,0.000006,-0.007983,1.000000
-2.723634,-0.436498,0.120935,-0.215162,-2.019921,1.308626,1.000000,-0.000256,-0.000001,-0.000004,0.005386,0.000004,-0.005347,1.000000
-2.717752,-0.439659,0.122251,-0.220060,-2.016993,1.303408,1.000000,-0.000257,-0.000000,-0.000002,0.003243,0.000002,-0.003203,1.000000
-2.726621,-0.424954,0.097651,-0.215861,-2.024598,1.314826,1.000000,-0.000257,-0.000000,-0.000001,0.002584,0.000002,-0.002544,1.000000
-2.720787,-0.427727,0.098163,-0.221044,-2.022372,1.309846,1.000000,-0.000257,-0.000000,-0.000000,0.001440,0.000001,-0.001400,1.000000
-2.732884,-0.412709,0.072212,-0.214097,-2.030607,1.324572,1.000000,-0.000257,-0.000000,0.000000,0.000613,-0.000000,-0.000573,1.000000
-2.725865,-0.415821,0.073569,-0.220118,-2.027646,1.318333,1.000000,-0.000257,-0.000000,0.000001,0.000121,-0.000000,-0.000082,1.000000
-2.721146,-0.418970,0.074937,-0.224180,-2.024992,1.314259,1.000000,-0.000257,-0.000000,-0.000000,0.000969,0.000000,-0.000929,1.000000
-2.728304,-0.404202,0.049293,-0.220948,-2.031380,1.324306,1.000000,-0.000257,-0.000000,-0.000001,0.001425,0.000001,-0.001385,1.000000
-2.723772,-0.406973,0.049837,-0.225146,-2.029432,1.320610,1.000000,-0.000257,-0.000000,-0.000002,0.003222,0.000002,-0.003183,1.000000
-2.731629,-0.392192,0.023642,-0.221072,-2.035440,1.331425,1.000000,-0.000256,-0.000000,-0.000003,0.003919,0.000003,-0.003879,1.000000
-2.727472,-0.394964,0.024215,-0.224993,-2.033598,1.328097,1.000000,-0.000256,-0.000001,-0.000006,0.006768,0.000005,-0.006729,1.000000
-2.722154,-0.398065,0.025617,-0.229676,-2.030909,1.323533,1.000000,-0.000255,-0.000001,-0.000007,0.008522,0.000007,-0.008483,1.000000
-2.718039,-0.401135,0.027073,-0.233313,-2.028495,1.320070,1.000000,-0.000255,-0.000001,-0.000007,0.008958,0.000007,-0.008919,1.000000
-2.725038,-0.385973,-0.000534,-0.230075,-2.034514,1.330438,1.000000,-0.000255,-0.000001,-0.000008,0.009682,0.000008,-0.009643,1.000000
-2.720045,-0.389009,0.000940,-0.234525,-2.031995,1.326199,1.000000,-0.000255,-0.000001,-0.000008,0.009710,0.000008,-0.009671,1.000000
-2.727174,-0.373798,-0.027269,-0.230929,-2.037520,1.336820,1.000000,-0.000255,-0.000001,-0.000007,0.009146,0.000007,-0.009107,1.000000
-2.722381,-0.376877,-0.025823,-0.235262,-2.034995,1.332812,1.000000,-0.000256,-0.000001,-0.000006,0.007105,0.000005,-0.007066,1.000000
-2.717659,-0.379901,-0.024329,-0.239521,-2.032545,1.328866,1.000000,-0.000256,-0.000001,-0.000005,0.006436,0.000005,-0.006397,1.000000
-2.724244,-0.364603,-0.053123,-0.236218,-2.037521,1.339145,1.000000,-0.000256,-0.000001,-0.000003,0.004286,0.000003,-0.004247,1.000000
-2.719422,-0.367612,-0.051600,-0.240618,-2.035105,1.335140,1.000000,-0.000256,-0.000000,-0.000002,0.003576,0.000002,-0.003537,1.000000
-2.726685,-0.352234,-0.081042,-0.236447,-2.039610,1.346154,1.000000,-0.000257,-0.000000,-0.000001,0.002264,0.000001,-0.002225,1.000000
-2.721407,-0.355234,-0.079482,-0.241323,-2.037219,1.341786,1.000000,-0.000257,-0.000000,-0.000001,0.001692,0.000001,-0.001653,1.000000
-2.726977,-0.339719,-0.109625,-0.238461,-2.040942,1.351467,1.000000,-0.000257,-0.000000,0.000000,0.000463,-0.000000,-0.000423,1.000000
-2.722326,-0.342712,-0.108033,-0.242804,-2.038655,1.347683,1.000000,-0.000257,-0.000000,0.000001,0.000247,-0.000000,-0.000207,1.000000
-2.728506,-0.327073,-0.138889,-0.239139,-2.041869,1.358043,1.000000,-0.000257,-0.000000,0.000001,0.000138,-0.000000,-0.000098,1.000000
-2.723467,-0.330064,-0.137252,-0.243898,-2.039621,1.353970,1.000000,-0.000257,-0.000000,0.000000,0.000248,-0.000000,-0.000208,1.000000
-2.728926,-0.314254,-0.168879,-0.240669,-2.042139,1.363872,1.000000,-0.000257,-0.000000,-0.000000,0.000783,0.000000,-0.000744,1.000000
-2.723795,-0.317276,-0.167291,-0.245560,-2.039827,1.359798,1.000000,-0.000257,-0.000000,-0.000002,0.002901,0.000002,-0.002861,1.000000
-2.719227,-0.320247,-0.165641,-0.249908,-2.037629,1.356186,1.000000,-0.000256,-0.000000,-0.000003,0.003580,0.000003,-0.003540,1.000000
-2.723922,-0.304260,-0.198008,-0.247230,-2.039557,1.365653,1.000000,-0.000256,-0.000001,-0.000005,0.005736,0.000004,-0.005697,1.000000
-2.728060,-0.288280,-0.230423,-0.244637,-2.040225,1.374568,1.000000,-0.000256,-0.000001,-0.000005,0.006439,0.000005,-0.006400,1.000000
-2.723914,-0.291029,-0.229542,-0.248848,-2.038711,1.371638,1.000000,-0.000255,-0.000001,-0.000007,0.008280,0.000007,-0.008240,1.000000
-2.727914,-0.274792,-0.262888,-0.246176,-2.038717,1.380638,1.000000,-0.000255,-0.000001,-0.000007,0.008757,0.000007,-0.008717,1.000000
-2.722639,-0.277531,-0.261949,-0.251485,-2.037064,1.376845,1.000000,-0.000255,-0.000001,-0.000008,0.009438,0.000007,-0.009399,1.000000
-2.727242,-0.261012,-0.296304,-0.248034,-2.036502,1.386549,1.000000,-0.000255,-0.000001,-0.000008,0.009627,0.000008,-0.009587,1.000000
-2.722866,-0.263790,-0.295280,-0.252518,-2.035068,1.383540,1.000000,-0.000255,-0.000001,-0.000008,0.009541,0.000007,-0.009502,1.000000
-2.726198,-0.246901,-0.330747,-0.250066,-2.033575,1.392458,1.000000,-0.000255,-0.000001,-0.000008,0.009297,0.000007,-0.009258,1.000000
-2.721048,-0.249690,-0.329633,-0.255319,-2.032078,1.388907,1.000000,-0.000255,-0.000001,-0.000007,0.008517,0.000006,-0.008478,1.000000
-2.724963,-0.232231,-0.366950,-0.252242,-2.030493,1.398755,1.000000,-0.000256,-0.000001,-0.000006,0.007409,0.000006,-0.007370,1.000000
-2.720594,-0.235258,-0.365079,-0.256624,-2.028635,1.395653,1.000000,-0.000256,-0.000001,-0.000004,0.005360,0.000004,-0.005320,1.000000
-2.715997,-0.238235,-0.363286,-0.261206,-2.026637,1.392392,1.000000,-0.000257,-0.000000,-0.000001,0.002564,0.000001,-0.002525,1.000000
-2.711522,-0.241205,-0.361511,-0.265666,-2.024635,1.389241,1.000000,-0.000257,-0.000000,-0.000000,0.000971,0.000000,-0.000932,1.000000
-2.706757,-0.244157,-0.359764,-0.270400,-2.022559,1.385890,1.000000,-0.000257,-0.000000,0.000001,0.000127,-0.000000,-0.000088,1.000000
-2.701904,-0.247096,-0.358041,-0.275215,-2.020441,1.382492,1.000000,-0.000257,-0.000000,0.000000,0.000452,-0.000000,-0.000412,1.000000
-2.701924,-0.250169,-0.349681,-0.275894,-2.025532,1.380908,1.000000,-0.000257,-0.000000,0.000000,0.000283,-0.000000,-0.000244,1.000000
-2.701950,-0.253211,-0.341380,-0.276574,-2.030597,1.379329,1.000000,-0.000257,-0.000000,-0.000001,0.001765,0.000001,-0.001725,1.000000
-2.701973,-0.256221,-0.333138,-0.277266,-2.035632,1.377748,1.000000,-0.000256,-0.000000,-0.000003,0.003659,0.000003,-0.003620,1.000000
-2.701999,-0.259202,-0.324953,-0.277960,-2.040643,1.376171,1.000000,-0.000256,-0.000001,-0.000005,0.005809,0.000005,-0.005769,1.000000
-2.702027,-0.262154,-0.316822,-0.278660,-2.045627,1.374594,1.000000,-0.000255,-0.000001,-0.000007,0.008322,0.000007,-0.008282,1.000000
-2.702050,-0.265075,-0.308747,-0.279372,-2.050585,1.373014,1.000000,-0.000255,-0.000001,-0.000008,0.009446,0.000007,-0.009407,1.000000
-2.705219,-0.248213,-0.344765,-0.276822,-2.048660,1.382385,1.000000,-0.000255,-0.000001,-0.000008,0.009623,0.000008,-0.009584,1.000000
-2.705266,-0.251053,-0.337149,-0.277696,-2.054339,1.381033,1.000000,-0.000255,-0.000001,-0.000008,0.009503,0.000007,-0.009464,1.000000
-2.708062,-0.233894,-0.374197,-0.275264,-2.051642,1.390334,1.000000,-0.000255,-0.000001,-0.000008,0.009249,0.000007,-0.009210,1.000000
-2.708115,-0.236880,-0.366298,-0.276143,-2.057443,1.388952,1.000000,-0.000255,-0.000001,-0.000007,0.008452,0.000006,-0.008413,1.000000
-2.710447,-0.219218,-0.405084,-0.274065,-2.054493,1.398364,1.000000,-0.000256,-0.000001,-0.000006,0.007334,0.000005,-0.007294,1.000000
-2.710480,-0.222481,-0.396327,-0.274832,-2.059850,1.396712,1.000000,-0.000256,-0.000001,-0.000003,0.004559,0.000003,-0.004519,1.000000
-2.710498,-0.225667,-0.387703,-0.275607,-2.065086,1.395048,1.000000,-0.000257,-0.000000,-0.000001,0.002506,0.000001,-0.002466,1.000000
-2.710522,-0.228820,-0.379144,-0.276381,-2.070292,1.393391,1.000000,-0.000257,-0.000000,-0.000000,0.000943,0.000000,-0.000903,1.000000
-2.710553,-0.231940,-0.370647,-0.277157,-2.075469,1.391738,1.000000,-0.000257,-0.000000,0.000001,0.000146,-0.000000,-0.000106,1.000000
-2.710621,-0.235039,-0.362197,-0.277904,-2.080624,1.390113,1.000000,-0.000257,-0.000000,0.000000,0.000391,-0.000000,-0.000351,1.000000
-2.712508,-0.217631,-0.400895,-0.276062,-2.077442,1.399302,1.000000,-0.000257,-0.000000,-0.000000,0.001048,0.000001,-0.001008,1.000000
-2.712637,-0.220880,-0.392158,-0.276781,-2.082802,1.397690,1.000000,-0.000257,-0.000000,-0.000001,0.002057,0.000001,-0.002018,1.000000
-2.714239,-0.203243,-0.431420,-0.274842,-2.078247,1.406697,1.000000,-0.000257,-0.000000,-0.000002,0.002667,0.000002,-0.002627,1.000000
-2.714307,-0.206510,-0.422970,-0.275776,-2.084304,1.405223,1.000000,-0.000256,-0.000000,-0.000003,0.004025,0.000003,-0.003985,1.000000
-2.715350,-0.188355,-0.464028,-0.274290,-2.079436,1.414319,1.000000,-0.000256,-0.000001,-0.000004,0.005464,0.000004,-0.005424,1.000000
-2.715581,-0.191873,-0.454739,-0.274943,-2.085088,1.412700,1.000000,-0.000256,-0.000001,-0.000006,0.006853,0.000005,-0.006814,1.000000
-2.716508,-0.173308,-0.496718,-0.273189,-2.078716,1.421803,1.000000,-0.000256,-0.000001,-0.000006,0.007489,0.000006,-0.007450,1.000000
-2.716593,-0.176961,-0.487486,-0.274145,-2.085146,1.420233,1.000000,-0.000255,-0.000001,-0.000007,0.008571,0.000007,-0.008532,1.000000
-2.717165,-0.157815,-0.531066,-0.272496,-2.077753,1.429423,1.000000,-0.000255,-0.000001,-0.000007,0.008993,0.000007,-0.008953,1.000000
-2.717121,-0.161659,-0.521430,-0.273605,-2.084369,1.427705,1.000000,-0.000255,-0.000001,-0.000008,0.009669,0.000008,-0.009630,1.000000
-2.717492,-0.141894,-0.566703,-0.271897,-2.075916,1.437120,1.000000,-0.000255,-0.000001,-0.000008,0.009682,0.000008,-0.009642,1.000000
-2.717581,-0.146037,-0.556455,-0.272901,-2.082835,1.435406,1.000000,-0.000255,-0.000001,-0.000008,0.009381,0.000007,-0.009342,1.000000
-2.717517,-0.125460,-0.603809,-0.271357,-2.073122,1.444950,1.000000,-0.000255,-0.000001,-0.000007,0.009076,0.000007,-0.009036,1.000000
-2.717621,-0.129912,-0.592915,-0.272379,-2.080357,1.443152,1.000000,-0.000255,-0.000001,-0.000007,0.008188,0.000006,-0.008149,1.000000
-2.717245,-0.108433,-0.642556,-0.270865,-2.069284,1.452955,1.000000,-0.000255,-0.000001,-0.000006,0.007626,0.000006,-0.007587,1.000000
-2.717360,-0.113239,-0.630913,-0.271913,-2.076888,1.451055,1.000000,-0.000256,-0.000001,-0.000005,0.006331,0.000005,-0.006292,1.000000
-2.716257,-0.090944,-0.683008,-0.270972,-2.065113,1.461063,1.000000,-0.000256,-0.000001,-0.000004,0.004907,0.000003,-0.004868,1.000000
-2.716638,-0.095812,-0.670871,-0.271644,-2.072215,1.459092,1.000000,-0.000257,-0.000000,-0.000001,0.002192,0.000001,-0.002153,1.000000
-2.716642,-0.100354,-0.659387,-0.272671,-2.078903,1.456963,1.000000,-0.000257,-0.000000,0.000000,0.000751,0.000000,-0.000711,1.000000
-2.716687,-0.104841,-0.648020,-0.273666,-2.085533,1.454863,1.000000,-0.000257,-0.000000,0.000001,0.000171,-0.000000,-0.000131,1.000000
-2.716713,-0.109240,-0.636836,-0.274686,-2.092067,1.452765,1.000000,-0.000257,-0.000000,-0.000001,0.001281,0.000001,-0.001241,1.000000
-2.716722,-0.113558,-0.625821,-0.275729,-2.098513,1.450668,1.000000,-0.000257,-0.000000,-0.000002,0.003004,0.000002,-0.002965,1.000000
-2.716764,-0.117823,-0.614918,-0.276748,-2.104904,1.448597,1.000000,-0.000256,-0.000001,-0.000005,0.005833,0.000005,-0.005794,1.000000
-2.716788,-0.122012,-0.604172,-0.277791,-2.111213,1.446524,1.000000,-0.000255,-0.000001,-0.000007,0.008335,0.000007,-0.008296,1.000000
-2.716798,-0.126131,-0.593572,-0.278857,-2.117446,1.444450,1.000000,-0.000255,-0.000001,-0.000008,0.009449,0.000007,-0.009409,1.000000
-2.716837,-0.130199,-0.583077,-0.279902,-2.123628,1.442398,1.000000,-0.000255,-0.000001,-0.000008,0.009490,0.000007,-0.009451,1.000000
-2.716860,-0.134202,-0.572719,-0.280970,-2.129739,1.440343,1.000000,-0.000255,-0.000001,-0.000006,0.007904,0.000006,-0.007864,1.000000
-2.716884,-0.138146,-0.562481,-0.282046,-2.135788,1.438293,1.000000,-0.000256,-0.000001,-0.000004,0.005255,0.000004,-0.005216,1.000000
-2.716907,-0.142033,-0.552358,-0.283131,-2.141779,1.436247,1.000000,-0.000257,-0.000000,-0.000001,0.002487,0.000001,-0.002447,1.000000
-2.716918,-0.145863,-0.542353,-0.284236,-2.147708,1.434197,1.000000,-0.000257,-0.000000,-0.000000,0.000934,0.000000,-0.000894,1.000000
-2.716951,-0.149647,-0.532443,-0.285327,-2.153593,1.432163,1.000000,-0.000257,-0.000000,0.000001,0.000152,-0.000000,-0.000113,1.000000
-2.716964,-0.153373,-0.522649,-0.286449,-2.159416,1.430119,1.000000,-0.000257,-0.000000,0.000000,0.000688,0.000000,-0.000648,1.000000
-2.716985,-0.157053,-0.512949,-0.287570,-2.165192,1.428082,1.000000,-0.000257,-0.000000,-0.000001,0.002082,0.000001,-0.002042,1.000000
-2.717016,-0.160688,-0.503342,-0.288690,-2.170923,1.426053,1.000000,-0.000256,-0.000001,-0.000004,0.004768,0.000004,-0.004729,1.000000
-2.717038,-0.164273,-0.493835,-0.289830,-2.176602,1.424017,1.000000,-0.000255,-0.000001,-0.000006,0.007508,0.000006,-0.007468,1.000000
-2.717051,-0.167810,-0.484423,-0.290988,-2.182233,1.421977,1.000000,-0.000255,-0.000001,-0.000007,0.009001,0.000007,-0.008962,1.000000
-2.717079,-0.171307,-0.475092,-0.292140,-2.187825,1.419946,1.000000,-0.000255,-0.000001,-0.000008,0.009674,0.000008,-0.009635,1.000000
-2.717092,-0.174756,-0.465855,-0.293317,-2.193368,1.417905,1.000000,-0.000255,-0.000001,-0.000007,0.009058,0.000007,-0.009019,1.000000
-2.717113,-0.178166,-0.456697,-0.294496,-2.198873,1.415867,1.000000,-0.000255,-0.000001,-0.000006,0.007602,0.000006,-0.007562,1.000000
-2.717139,-0.181537,-0.447618,-0.295680,-2.204339,1.413831,1.000000,-0.000256,-0.000001,-0.000004,0.004881,0.000003,-0.004842,1.000000
-2.717158,-0.184865,-0.438621,-0.296881,-2.209763,1.411789,1.000000,-0.000257,-0.000000,-0.000001,0.002175,0.000001,-0.002135,1.000000
-2.717178,-0.188155,-0.429700,-0.298092,-2.215150,1.409744,1.000000,-0.000257,-0.000000,0.000000,0.000445,-0.000000,-0.000405,1.000000
-2.717192,-0.191405,-0.420857,-0.299320,-2.220498,1.407693,1.000000,-0.000257,-0.000000,0.000001,0.000179,-0.000000,-0.000140,1.000000
-2.717211,-0.194619,-0.412084,-0.300553,-2.225811,1.405641,1.000000,-0.000257,-0.000000,-0.000000,0.000875,0.000000,-0.000836,1.000000
-2.716408,-0.178250,-0.451826,-0.299492,-2.219261,1.414191,1.000000,-0.000257,-0.000000,-0.000001,0.001302,0.000001,-0.001263,1.000000
-2.716380,-0.181566,-0.443325,-0.300934,-2.225285,1.412291,1.000000,-0.000257,-0.000000,-0.000002,0.003030,0.000002,-0.002991,1.000000
-2.715280,-0.164753,-0.484317,-0.299919,-2.217934,1.420996,1.000000,-0.000256,-0.000000,-0.000003,0.003712,0.000003,-0.003672,1.000000
-2.715373,-0.168289,-0.475381,-0.301259,-2.224170,1.419116,1.000000,-0.000256,-0.000001,-0.000004,0.005142,0.000004,-0.005102,1.000000
-2.713895,-0.150940,-0.517809,-0.300369,-2.215925,1.427958,1.000000,-0.000256,-0.000001,-0.000005,0.005857,0.000005,-0.005818,1.000000
-2.713864,-0.154661,-0.508490,-0.301885,-2.222329,1.425913,1.000000,-0.000255,-0.000001,-0.000006,0.007811,0.000006,-0.007772,1.000000
-2.713888,-0.158260,-0.498936,-0.303219,-2.228017,1.423696,1.000000,-0.000255,-0.000001,-0.000008,0.009451,0.000007,-0.009412,1.000000
-2.713902,-0.161808,-0.489486,-0.304573,-2.233652,1.421471,1.000000,-0.000255,-0.000001,-0.000008,0.009633,0.000007,-0.009593,1.000000
-2.711878,-0.163627,-0.485202,-0.307607,-2.235667,1.418873,1.000000,-0.000255,-0.000001,-0.000007,0.008409,0.000006,-0.008369,1.000000
-2.709732,-0.165345,-0.481239,-0.310747,-2.237442,1.416244,1.000000,-0.000256,-0.000001,-0.000005,0.006632,0.000005,-0.006593,1.000000
-2.707361,-0.167094,-0.477184,-0.314176,-2.239217,1.413395,1.000000,-0.000256,-0.000001,-0.000003,0.003797,0.000003,-0.003758,1.000000
-2.705102,-0.168850,-0.473134,-0.317483,-2.240991,1.410624,1.000000,-0.000257,-0.000000,-0.000001,0.001880,0.000001,-0.001840,1.000000
-2.702606,-0.170639,-0.468986,-0.321093,-2.242764,1.407620,1.000000,-0.000257,-0.000000,0.000000,0.000333,-0.000000,-0.000293,1.000000
-2.700214,-0.172436,-0.464841,-0.324593,-2.244535,1.404685,1.000000,-0.000257,-0.000000,0.000000,0.000235,-0.000000,-0.000196,1.000000
-2.697670,-0.174260,-0.460620,-0.328295,-2.246304,1.401591,1.000000,-0.000257,-0.000000,-0.000000,0.001088,0.000001,-0.001048,1.000000
-2.695052,-0.176106,-0.456348,-0.332103,-2.248071,1.398405,1.000000,-0.000257,-0.000000,-0.000002,0.002718,0.000002,-0.002678,1.000000
-2.692283,-0.177981,-0.451997,-0.336116,-2.249836,1.395056,1.000000,-0.000256,-0.000001,-0.000004,0.005513,0.000004,-0.005474,1.000000
-2.689592,-0.179866,-0.447641,-0.340049,-2.251595,1.391752,1.000000,-0.000255,-0.000001,-0.000006,0.007526,0.000006,-0.007487,1.000000
-2.686746,-0.181781,-0.443205,-0.344191,-2.253352,1.388280,1.000000,-0.000255,-0.000001,-0.000007,0.009009,0.000007,-0.008970,1.000000
-2.683751,-0.183725,-0.438686,-0.348538,-2.255107,1.384641,1.000000,-0.000255,-0.000001,-0.000008,0.009666,0.000008,-0.009627,1.000000
-2.680742,-0.185689,-0.434131,-0.352921,-2.256854,1.380960,1.000000,-0.000255,-0.000001,-0.000007,0.008634,0.000007,-0.008594,1.000000
-2.677647,-0.187679,-0.429513,-0.357430,-2.258596,1.377170,1.000000,-0.000256,-0.000001,-0.000005,0.006278,0.000005,-0.006239,1.000000
-2.674462,-0.189695,-0.424831,-0.362072,-2.260332,1.373264,1.000000,-0.000256,-0.000000,-0.000002,0.003439,0.000002,-0.003400,1.000000
-2.671233,-0.191735,-0.420101,-0.366790,-2.262057,1.369285,1.000000,-0.000257,-0.000000,-0.000001,0.001604,0.000001,-0.001564,1.000000
-2.667815,-0.193808,-0.415266,-0.371766,-2.263782,1.365093,1.000000,-0.000257,-0.000000,0.000001,0.000249,-0.000000,-0.000210,1.000000
-2.664343,-0.195908,-0.410377,-0.376832,-2.265494,1.360816,1.000000,-0.000257,-0.000000,0.000000,0.000557,0.000000,-0.000517,1.000000
-2.660772,-0.198037,-0.405414,-0.382046,-2.267197,1.356408,1.000000,-0.000257,-0.000000,-0.000002,0.002417,0.000002,-0.002377,1.000000
-2.657097,-0.200197,-0.400375,-0.387414,-2.268890,1.351863,1.000000,-0.000256,-0.000001,-0.000004,0.005167,0.000004,-0.005128,1.000000
-2.653314,-0.202389,-0.395256,-0.392942,-2.270571,1.347177,1.000000,-0.000255,-0.000001,-0.000006,0.007828,0.000006,-0.007789,1.000000
-2.649427,-0.204616,-0.390060,-0.398627,-2.272233,1.342351,1.000000,-0.000255,-0.000001,-0.000008,0.009184,0.000007,-0.009145,1.000000
-2.645420,-0.206870,-0.384771,-0.404492,-2.273896,1.337362,1.000000,-0.000255,-0.000001,-0.000008,0.009623,0.000007,-0.009584,1.000000
-2.641300,-0.209161,-0.379398,-0.410526,-2.275537,1.332222,1.000000,-0.000255,-0.000001,-0.000007,0.008387,0.000006,-0.008348,1.000000
-2.637043,-0.211496,-0.373928,-0.416761,-2.277153,1.326905,1.000000,-0.000256,-0.000001,-0.000005,0.006606,0.000005,-0.006567,1.000000
-2.632709,-0.213850,-0.368378,-0.423123,-2.278771,1.321460,1.000000,-0.000256,-0.000001,-0.000003,0.003774,0.000002,-0.003734,1.000000
-2.628231,-0.216250,-0.362725,-0.429698,-2.280361,1.315827,1.000000,-0.000257,-0.000000,-0.000000,0.001349,0.000001,-0.001309,1.000000
-2.623584,-0.218701,-0.356956,-0.436518,-2.281919,1.309978,1.000000,-0.000257,-0.000000,0.000000,0.000332,-0.000000,-0.000292,1.000000
-2.618907,-0.221164,-0.351120,-0.443409,-2.283481,1.304041,1.000000,-0.000257,-0.000000,0.000000,0.000433,-0.000000,-0.000393,1.000000
-2.614058,-0.223680,-0.345162,-0.450553,-2.285007,1.297879,1.000000,-0.000257,-0.000000,-0.000001,0.002130,0.000001,-0.002090,1.000000
-2.609083,-0.226236,-0.339097,-0.457890,-2.286510,1.291534,1.000000,-0.000256,-0.000001,-0.000004,0.004820,0.000004,-0.004780,1.000000
-2.603983,-0.228833,-0.332923,-0.465422,-2.287987,1.285004,1.000000,-0.000255,-0.000001,-0.000006,0.007544,0.000006,-0.007505,1.000000
-2.598672,-0.231492,-0.326602,-0.473258,-2.289421,1.278202,1.000000,-0.000255,-0.000001,-0.000008,0.009017,0.000007,-0.008978,1.000000
-2.593314,-0.234172,-0.320200,-0.481191,-2.290841,1.271286,1.000000,-0.000255,-0.000001,-0.000008,0.009658,0.000008,-0.009619,1.000000
-2.587942,-0.236870,-0.313731,-0.489181,-2.292249,1.264287,1.000000,-0.000255,-0.000001,-0.000007,0.009022,0.000007,-0.008983,1.000000
-2.592395,-0.222573,-0.348813,-0.481706,-2.291047,1.279369,1.000000,-0.000255,-0.000001,-0.000007,0.008613,0.000007,-0.008574,1.000000
-2.589849,-0.223736,-0.346473,-0.485819,-2.292428,1.276313,1.000000,-0.000256,-0.000001,-0.000005,0.006925,0.000005,-0.006886,1.000000
-2.594602,-0.209257,-0.382035,-0.477656,-2.291045,1.291836,1.000000,-0.000256,-0.000001,-0.000005,0.006252,0.000005,-0.006213,1.000000
-2.592186,-0.210322,-0.379956,-0.481540,-2.292374,1.289042,1.000000,-0.000256,-0.000001,-0.000003,0.004114,0.000003,-0.004075,1.000000
-2.586832,-0.213117,-0.373366,-0.489584,-2.293873,1.282179,1.000000,-0.000257,-0.000000,-0.000001,0.001590,0.000001,-0.001550,1.000000
-2.581170,-0.215994,-0.366564,-0.498069,-2.295323,1.274938,1.000000,-0.000257,-0.000000,0.000001,0.000250,-0.000000,-0.000211,1.000000
-2.575249,-0.218954,-0.359562,-0.506934,-2.296722,1.267361,1.000000,-0.000257,-0.000000,0.000000,0.000332,-0.000000,-0.000293,1.000000
-2.569307,-0.221938,-0.352478,-0.515870,-2.298104,1.259683,1.000000,-0.000257,-0.000000,-0.000001,0.001345,0.000001,-0.001305,1.000000
-2.563239,-0.224973,-0.345256,-0.525015,-2.299449,1.251795,1.000000,-0.000257,-0.000000,-0.000002,0.003082,0.000002,-0.003043,1.000000
-2.558566,-0.227375,-0.339454,-0.532160,-2.300618,1.245567,1.000000,-0.000256,-0.000000,-0.000003,0.003765,0.000003,-0.003725,1.000000
-2.566595,-0.211444,-0.379485,-0.519128,-2.299480,1.266303,1.000000,-0.000256,-0.000001,-0.000004,0.005192,0.000004,-0.005153,1.000000
-2.559463,-0.214585,-0.371861,-0.529702,-2.300795,1.257431,1.000000,-0.000256,-0.000001,-0.000005,0.006595,0.000005,-0.006555,1.000000
-2.569917,-0.197563,-0.414461,-0.512876,-2.299241,1.281070,1.000000,-0.000255,-0.000001,-0.000006,0.007845,0.000006,-0.007805,1.000000
-2.563175,-0.200722,-0.406958,-0.522960,-2.300666,1.272725,1.000000,-0.000255,-0.000001,-0.000008,0.009455,0.000007,-0.009416,1.000000
-2.556699,-0.203995,-0.399281,-0.532773,-2.302070,1.264487,1.000000,-0.000255,-0.000001,-0.000008,0.009613,0.000007,-0.009574,1.000000
-2.550363,-0.207260,-0.391591,-0.542455,-2.303471,1.256294,1.000000,-0.000255,-0.000001,-0.000007,0.008365,0.000006,-0.008326,1.000000
-2.543738,-0.210627,-0.383650,-0.552573,-2.304812,1.247712,1.000000,-0.000256,-0.000001,-0.000004,0.005890,0.000004,-0.005850,1.000000
-2.538760,-0.213202,-0.377459,-0.560289,-2.305955,1.241095,1.000000,-0.000256,-0.000001,-0.000004,0.005177,0.000004,-0.005138,1.000000
-2.547761,-0.196476,-0.419584,-0.545000,-2.304604,1.264011,1.000000,-0.000257,-0.000000,-0.000002,0.003069,0.000002,-0.003030,1.000000
-2.552569,-0.181586,-0.456868,-0.535306,-2.302806,1.281532,1.000000,-0.000257,-0.000000,-0.000001,0.002430,0.000001,-0.002391,1.000000
-2.551353,-0.182124,-0.455992,-0.537564,-2.303981,1.280154,1.000000,-0.000257,-0.000000,-0.000000,0.000907,0.000000,-0.000867,1.000000
-2.556784,-0.166954,-0.493932,-0.526741,-2.301987,1.298342,1.000000,-0.000257,-0.000000,0.000000,0.000569,-0.000000,-0.000530,1.000000
-2.556069,-0.167210,-0.493724,-0.528204,-2.303063,1.297643,1.000000,-0.000257,-0.000000,0.000000,0.000256,-0.000000,-0.000217,1.000000
-2.549404,-0.170741,-0.485603,-0.538429,-2.304648,1.289383,1.000000,-0.000257,-0.000000,-0.000001,0.001603,0.000001,-0.001564,1.000000
-2.542328,-0.174421,-0.477126,-0.549272,-2.306176,1.280607,1.000000,-0.000256,-0.000000,-0.000003,0.003432,0.000003,-0.003393,1.000000
-2.535370,-0.178117,-0.468590,-0.560028,-2.307695,1.271823,1.000000,-0.000256,-0.000001,-0.000005,0.006265,0.000005,-0.006226,1.000000
-2.528043,-0.181955,-0.459711,-0.571351,-2.309152,1.262550,1.000000,-0.000255,-0.000001,-0.000007,0.008618,0.000007,-0.008579,1.000000
-2.520362,-0.185930,-0.450489,-0.583225,-2.310541,1.252792,1.000000,-0.000255,-0.000001,-0.000008,0.009549,0.000007,-0.009509,1.000000
-2.512669,-0.189958,-0.441124,-0.595192,-2.311893,1.242885,1.000000,-0.000255,-0.000001,-0.000008,0.009539,0.000007,-0.009500,1.000000
-2.504961,-0.194038,-0.431613,-0.607256,-2.313204,1.232825,1.000000,-0.000255,-0.000001,-0.000006,0.008096,0.000006,-0.008057,1.000000
-2.496958,-0.198240,-0.421789,-0.619792,-2.314436,1.222326,1.000000,-0.000256,-0.000001,-0.000004,0.005522,0.000004,-0.005483,1.000000
-2.488708,-0.202551,-0.411676,-0.632740,-2.315587,1.211427,1.000000,-0.000257,-0.000000,-0.000002,0.003394,0.000002,-0.003355,1.000000
-2.480630,-0.206863,-0.401537,-0.645529,-2.316703,1.200565,1.000000,-0.000257,-0.000000,-0.000000,0.001105,0.000000,-0.001066,1.000000
-2.472357,-0.211265,-0.391149,-0.658653,-2.317735,1.189358,1.000000,-0.000257,-0.000000,0.000001,0.000174,-0.000000,-0.000135,1.000000
-2.463948,-0.215738,-0.380548,-0.672033,-2.318683,1.177864,1.000000,-0.000257,-0.000000,0.000000,0.000589,0.000000,-0.000549,1.000000
-2.455648,-0.220218,-0.369899,-0.685331,-2.319577,1.166347,1.000000,-0.000257,-0.000000,-0.000001,0.001882,0.000001,-0.001842,1.000000
-2.447454,-0.224700,-0.359213,-0.698543,-2.320412,1.154812,1.000000,-0.000256,-0.000001,-0.000003,0.004499,0.000003,-0.004460,1.000000
-2.439220,-0.229217,-0.348396,-0.711872,-2.321167,1.143100,1.000000,-0.000256,-0.000001,-0.000006,0.007266,0.000006,-0.007226,1.000000
-2.431061,-0.233733,-0.337534,-0.725150,-2.321856,1.131344,1.000000,-0.000255,-0.000001,-0.000008,0.009196,0.000007,-0.009157,1.000000
-2.422940,-0.238255,-0.326606,-0.738428,-2.322473,1.119505,1.000000,-0.000255,-0.000001,-0.000008,0.009663,0.000008,-0.009624,1.000000
-2.415060,-0.242726,-0.315772,-0.751419,-2.323047,1.107821,1.000000,-0.000255,-0.000001,-0.000007,0.008799,0.000007,-0.008760,1.000000
-2.407206,-0.247196,-0.304875,-0.764419,-2.323549,1.096049,1.000000,-0.000256,-0.000001,-0.000006,0.007208,0.000005,-0.007168,1.000000
-2.399596,-0.251605,-0.294095,-0.777117,-2.324009,1.084453,1.000000,-0.000256,-0.000001,-0.000003,0.004434,0.000003,-0.004394,1.000000
-2.392061,-0.255994,-0.283300,-0.789751,-2.324409,1.072833,1.000000,-0.000257,-0.000000,-0.000001,0.002411,0.000001,-0.002372,1.000000
-2.384735,-0.260323,-0.272608,-0.802126,-2.324768,1.061360,1.000000,-0.000257,-0.000000,0.000000,0.000898,0.000000,-0.000859,1.000000
-2.377608,-0.264592,-0.262022,-0.814250,-2.325086,1.050030,1.000000,-0.000257,-0.000000,0.000001,0.000180,-0.000000,-0.000140,1.000000
-2.370602,-0.268822,-0.251472,-0.826239,-2.325359,1.038746,1.000000,-0.000257,-0.000000,-0.000000,0.000757,0.000000,-0.000717,1.000000
-2.363821,-0.272978,-0.241064,-0.837933,-2.325601,1.027651,1.000000,-0.000257,-0.000000,-0.000002,0.002794,0.000002,-0.002755,1.000000
-2.357176,-0.277087,-0.230714,-0.849465,-2.325805,1.016631,1.000000,-0.000256,-0.000001,-0.000004,0.004871,0.000004,-0.004832,1.000000
-2.350742,-0.281122,-0.220508,-0.860719,-2.325982,1.005794,1.000000,-0.000255,-0.000001,-0.000006,0.007580,0.000006,-0.007541,1.000000
-2.344465,-0.285100,-0.210390,-0.871775,-2.326130,0.995070,1.000000,-0.000255,-0.000001,-0.000008,0.009341,0.000007,-0.009302,1.000000
-2.338359,-0.289015,-0.200382,-0.882610,-2.326253,0.984483,1.000000,-0.000255,-0.000001,-0.000008,0.009528,0.000007,-0.009488,1.000000
-2.332412,-0.292870,-0.190471,-0.893240,-2.326353,0.974020,1.000000,-0.000255,-0.000001,-0.000007,0.008571,0.000007,-0.008532,1.000000
-2.326644,-0.296656,-0.180695,-0.903631,-2.326432,0.963721,1.000000,-0.000256,-0.000001,-0.000005,0.006200,0.000004,-0.006160,1.000000
-2.321022,-0.300386,-0.171007,-0.913836,-2.326493,0.953533,1.000000,-0.000256,-0.000001,-0.000003,0.004066,0.000003,-0.004026,1.000000
-2.315560,-0.304051,-0.161438,-0.923828,-2.326537,0.943488,1.000000,-0.000257,-0.000000,-0.000001,0.002105,0.000001,-0.002066,1.000000
-2.310250,-0.307654,-0.151982,-0.933618,-2.326564,0.933579,1.000000,-0.000257,-0.000000,0.000000,0.000433,-0.000000,-0.000393,1.000000
-2.305081,-0.311200,-0.142625,-0.943225,-2.326579,0.923789,1.000000,-0.000257,-0.000000,0.000000,0.000357,-0.000000,-0.000318,1.000000
-2.300051,-0.314688,-0.133365,-0.952651,-2.326582,0.914118,1.000000,-0.000257,-0.000000,-0.000001,0.001387,0.000001,-0.001348,1.000000
-2.295157,-0.318118,-0.124213,-0.961894,-2.326572,0.904571,1.000000,-0.000257,-0.000000,-0.000002,0.003134,0.000002,-0.003095,1.000000
-2.290393,-0.321491,-0.115163,-0.970965,-2.326551,0.895144,1.000000,-0.000256,-0.000001,-0.000005,0.005952,0.000005,-0.005913,1.000000
-2.285755,-0.324811,-0.106203,-0.979873,-2.326523,0.885824,1.000000,-0.000255,-0.000001,-0.000007,0.007877,0.000006,-0.007838,1.000000
-2.281237,-0.328076,-0.097343,-0.988620,-2.326483,0.876616,1.000000,-0.000255,-0.000001,-0.000008,0.009459,0.000007,-0.009419,1.000000
-2.276837,-0.331289,-0.088572,-0.997213,-2.326438,0.867512,1.000000,-0.000255,-0.000001,-0.000008,0.009423,0.000007,-0.009384,1.000000
-2.272549,-0.334451,-0.079891,-1.005658,-2.326386,0.858510,1.000000,-0.000255,-0.000001,-0.000006,0.007784,0.000006,-0.007745,1.000000
-2.268371,-0.337562,-0.071297,-1.013960,-2.326328,0.849607,1.000000,-0.000256,-0.000001,-0.000004,0.005125,0.000004,-0.005086,1.000000
-2.264301,-0.340625,-0.062786,-1.022122,-2.326267,0.840799,1.000000,-0.000257,-0.000000,-0.000002,0.003027,0.000002,-0.002987,1.000000
-2.260326,-0.343640,-0.054360,-1.030156,-2.326196,0.832082,1.000000,-0.000257,-0.000000,0.000000,0.000890,0.000000,-0.000850,1.000000
-2.256456,-0.346608,-0.046013,-1.038057,-2.326125,0.823454,1.000000,-0.000257,-0.000000,0.000001,0.000204,-0.000000,-0.000165,1.000000
-2.252673,-0.349531,-0.037745,-1.045841,-2.326045,0.814910,1.000000,-0.000257,-0.000000,-0.000000,0.000774,0.000000,-0.000735,1.000000
-2.248989,-0.352408,-0.029551,-1.053501,-2.325968,0.806450,1.000000,-0.000257,-0.000000,-0.000001,0.002203,0.000001,-0.002163,1.000000
-2.245390,-0.355242,-0.021432,-1.061050,-2.325884,0.798069,1.000000,-0.000256,-0.000001,-0.000003,0.004182,0.000003,-0.004143,1.000000
-2.241876,-0.358033,-0.013384,-1.068488,-2.325798,0.789763,1.000000,-0.000256,-0.000001,-0.000005,0.006311,0.000005,-0.006271,1.000000
-2.238444,-0.360782,-0.005406,-1.075821,-2.325709,0.781531,1.000000,-0.000255,-0.000001,-0.000007,0.008156,0.000006,-0.008117,1.000000
-2.235089,-0.363492,0.002505,-1.083055,-2.325615,0.773368,1.000000,-0.000255,-0.000001,-0.000008,0.009548,0.000007,-0.009509,1.000000
-2.231819,-0.366159,0.010349,-1.090185,-2.325525,0.765277,1.000000,-0.000255,-0.000001,-0.000008,0.009516,0.000007,-0.009477,1.000000
-2.228616,-0.368789,0.018130,-1.097226,-2.325428,0.757248,1.000000,-0.000255,-0.000001,-0.000006,0.008050,0.000006,-0.008011,1.000000
-2.225494,-0.371378,0.025848,-1.104170,-2.325335,0.749286,1.000000,-0.000256,-0.000001,-0.000005,0.006173,0.000004,-0.006134,1.000000
-2.222434,-0.373932,0.033507,-1.111031,-2.325236,0.741381,1.000000,-0.000257,-0.000000,-0.000002,0.003350,0.000002,-0.003310,1.000000
-2.219446,-0.376447,0.041105,-1.117805,-2.325138,0.733537,1.000000,-0.000257,-0.000000,-0.000000,0.001085,0.000000,-0.001045,1.000000
-2.216528,-0.378925,0.048646,-1.124493,-2.325042,0.725750,1.000000,-0.000257,-0.000000,0.000001,0.000254,-0.000000,-0.000215,1.000000
-2.213668,-0.381369,0.056132,-1.131109,-2.324940,0.718015,1.000000,-0.000257,-0.000000,0.000000,0.000621,0.000000,-0.000581,1.000000
-2.210873,-0.383777,0.063563,-1.137645,-2.324840,0.710334,1.000000,-0.000257,-0.000000,-0.000002,0.002517,0.000002,-0.002477,1.000000
-2.208244,-0.386121,0.070750,-1.143889,-2.324754,0.702969,1.000000,-0.000256,-0.000001,-0.000004,0.004551,0.000003,-0.004512,1.000000
-2.206149,-0.388218,0.075472,-1.147847,-2.324109,0.698780,1.000000,-0.000256,-0.000001,-0.000005,0.006660,0.000005,-0.006621,1.000000
-2.203347,-0.390488,0.080719,-1.152640,-2.323018,0.693786,1.000000,-0.000255,-0.000001,-0.000007,0.008415,0.000007,-0.008376,1.000000
-2.199700,-0.392956,0.086659,-1.158480,-2.321419,0.687739,1.000000,-0.000255,-0.000001,-0.000008,0.009609,0.000008,-0.009570,1.000000
-2.196963,-0.395230,0.091612,-1.162931,-2.320205,0.683198,1.000000,-0.000255,-0.000001,-0.000008,0.009410,0.000007,-0.009371,1.000000
-2.194225,-0.398105,0.097052,-1.167144,-2.318795,0.678979,1.000000,-0.000255,-0.000001,-0.000006,0.007761,0.000006,-0.007721,1.000000
-2.193186,-0.400537,0.100661,-1.168913,-2.318220,0.677394,1.000000,-0.000256,-0.000001,-0.000004,0.005811,0.000004,-0.005772,1.000000
-2.192140,-0.403034,0.104324,-1.170664,-2.317620,0.675838,1.000000,-0.000257,-0.000000,-0.000002,0.003006,0.000002,-0.002966,1.000000
-2.190470,-0.405306,0.108535,-1.173610,-2.316895,0.672862,1.000000,-0.000257,-0.000000,0.000000,0.000881,0.000000,-0.000842,1.000000
-2.186678,-0.405907,0.113630,-1.180713,-2.315875,0.664951,1.000000,-0.000257,-0.000000,0.000001,0.000208,-0.000000,-0.000168,1.000000
-2.180257,-0.408986,0.123263,-1.191008,-2.313011,0.653636,1.000000,-0.000257,-0.000000,-0.000000,0.000792,0.000000,-0.000752,1.000000
-2.174980,-0.412974,0.132779,-1.199267,-2.310380,0.644578,1.000000,-0.000255,-0.000001,-0.000006,0.007665,0.000006,-0.007625,1.000000
-2.174356,-0.415278,0.136074,-1.200560,-2.310044,0.643435,1.000000,-0.000256,-0.000001,-0.000004,0.005707,0.000004,-0.005667,1.000000
-2.173594,-0.417760,0.139658,-1.202009,-2.309607,0.642124,1.000000,-0.000257,-0.000000,-0.000002,0.002923,0.000002,-0.002883,1.000000
-2.172903,-0.420204,0.143144,-1.203367,-2.309210,0.640914,1.000000,-0.000257,-0.000000,0.000000,0.000849,0.000000,-0.000810,1.000000
-2.172300,-0.422592,0.146511,-1.204620,-2.308870,0.639812,1.000000,-0.000257,-0.000000,0.000001,0.000223,-0.000000,-0.000183,1.000000
-2.171317,-0.424420,0.150324,-1.207097,-2.308734,0.637039,1.000000,-0.000257,-0.000000,-0.000000,0.000863,0.000000,-0.000824,1.000000
-2.169814,-0.427276,0.154672,-1.209317,-2.307723,0.634916,1.000000,-0.000257,-0.000000,-0.000002,0.002947,0.000002,-0.002908,1.000000
-2.167690,-0.426817,0.158667,-1.215147,-2.308036,0.627722,1.000000,-0.000256,-0.000001,-0.000003,0.004312,0.000003,-0.004273,1.000000
-2.179517,-0.434081,0.169392,-1.222999,-2.306298,0.618543,1.000000,-0.000256,-0.000001,-0.000005,0.005733,0.000004,-0.005693,1.000000
-2.175604,-0.436609,0.177365,-1.230322,-2.304716,0.609960,1.000000,-0.000256,-0.000001,-0.000006,0.007078,0.000006,-0.007039,1.000000
-2.189641,-0.444764,0.185108,-1.232329,-2.304026,0.607729,1.000000,-0.000255,-0.000001,-0.000006,0.007685,0.000006,-0.007645,1.000000
-2.189242,-0.447445,0.189240,-1.234491,-2.303045,0.605741,1.000000,-0.000255,-0.000001,-0.000007,0.008695,0.000007,-0.008655,1.000000
-2.205027,-0.454321,0.194783,-1.235409,-2.302888,0.604839,1.000000,-0.000255,-0.000001,-0.000008,0.009361,0.000007,-0.009321,1.000000
-2.204536,-0.456799,0.198329,-1.236665,-2.302570,0.603669,1.000000,-0.000255,-0.000001,-0.000008,0.009592,0.000007,-0.009553,1.000000
-2.203962,-0.459341,0.201947,-1.237930,-2.302241,0.602486,1.000000,-0.000256,-0.000001,-0.000005,0.006719,0.000005,-0.006680,1.000000
-2.203483,-0.461795,0.205399,-1.239085,-2.301979,0.601424,1.000000,-0.000256,-0.000001,-0.000003,0.003923,0.000003,-0.003884,1.000000
-2.203222,-0.464362,0.208622,-1.239781,-2.301760,0.600944,1.000000,-0.000257,-0.000000,-0.000001,0.002005,0.000001,-0.001966,1.000000
-2.203105,-0.466499,0.211546,-1.240569,-2.301749,0.600213,1.000000,-0.000257,-0.000000,-0.000000,0.001481,0.000001,-0.001442,1.000000
-2.218822,-0.473312,0.217029,-1.241550,-2.301533,0.599284,1.000000,-0.000257,-0.000000,0.000000,0.000419,-0.000000,-0.000380,1.000000
-2.234051,-0.480215,0.222455,-1.241941,-2.301721,0.598771,1.000000,-0.000257,-0.000000,0.000001,0.000263,-0.000000,-0.000223,1.000000
-2.234417,-0.482155,0.225313,-1.243284,-2.301309,0.597643,1.000000,-0.000257,-0.000000,0.000000,0.000435,-0.000000,-0.000396,1.000000
-2.249607,-0.488973,0.230652,-1.243666,-2.301484,0.597124,1.000000,-0.000257,-0.000000,0.000000,0.000702,0.000000,-0.000663,1.000000
-2.250079,-0.490814,0.233335,-1.244889,-2.301151,0.596118,1.000000,-0.000257,-0.000000,-0.000001,0.001517,0.000001,-0.001478,1.000000
-2.265968,-0.497034,0.238023,-1.245490,-2.301126,0.595490,1.000000,-0.000257,-0.000000,-0.000002,0.002642,0.000002,-0.002602,1.000000
-2.265520,-0.499579,0.241603,-1.246694,-2.300834,0.594368,1.000000,-0.000256,-0.000001,-0.000004,0.004680,0.000004,-0.004641,1.000000
-2.264973,-0.502214,0.245301,-1.247930,-2.300525,0.593201,1.000000,-0.000256,-0.000001,-0.000006,0.007398,0.000006,-0.007359,1.000000
-2.264521,-0.504776,0.248879,-1.249076,-2.300291,0.592120,1.000000,-0.000255,-0.000001,-0.000007,0.008901,0.000007,-0.008861,1.000000
-2.264002,-0.507422,0.252591,-1.250294,-2.300003,0.590961,1.000000,-0.000255,-0.000001,-0.000008,0.009617,0.000007,-0.009578,1.000000
-2.263477,-0.509863,0.256289,-1.251721,-2.299807,0.589487,1.000000,-0.000255,-0.000001,-0.000007,0.009048,0.000007,-0.009009,1.000000
-2.263336,-0.512176,0.259424,-1.252539,-2.299772,0.588703,1.000000,-0.000255,-0.000001,-0.000007,0.008661,0.000007,-0.008622,1.000000
-2.278984,-0.518501,0.264248,-1.253268,-2.299602,0.588002,1.000000,-0.000255,-0.000001,-0.000006,0.007640,0.000006,-0.007601,1.000000
-2.278889,-0.520805,0.267427,-1.254145,-2.299556,0.587141,1.000000,-0.000256,-0.000001,-0.000005,0.007031,0.000005,-0.006991,1.000000
-2.294525,-0.527077,0.272124,-1.254788,-2.299357,0.586545,1.000000,-0.000256,-0.000001,-0.000004,0.005681,0.000004,-0.005641,1.000000
-2.294418,-0.529336,0.275323,-1.255730,-2.299330,0.585586,1.000000,-0.000256,-0.000001,-0.000004,0.004972,0.000003,-0.004932,1.000000
-2.310025,-0.535436,0.279972,-1.256510,-2.299099,0.584799,1.000000,-0.000257,-0.000000,-0.000002,0.002902,0.000002,-0.002863,1.000000
-2.309900,-0.537806,0.283175,-1.257329,-2.299074,0.583999,1.000000,-0.000257,-0.000000,-0.000001,0.002284,0.000001,-0.002245,1.000000
-2.325535,-0.543779,0.287600,-1.257978,-2.298862,0.583360,1.000000,-0.000257,-0.000000,0.000000,0.000842,0.000000,-0.000802,1.000000
-2.325402,-0.546122,0.290828,-1.258849,-2.298851,0.582481,1.000000,-0.000257,-0.000000,0.000000,0.000535,-0.000000,-0.000495,1.000000
-2.341009,-0.552099,0.295115,-1.259308,-2.298627,0.582075,1.000000,-0.000257,-0.000000,0.000001,0.000227,-0.000000,-0.000187,1.000000
-2.340534,-0.554675,0.298888,-1.260675,-2.298381,0.580692,1.000000,-0.000257,-0.000000,-0.000000,0.000881,0.000000,-0.000842,1.000000
-2.334929,-0.553888,0.312530,-1.276937,-2.298421,0.558744,1.000000,-0.000257,-0.000000,-0.000002,0.002973,0.000002,-0.002933,1.000000
-2.333150,-0.557721,0.318073,-1.279326,-2.297088,0.556398,1.000000,-0.000256,-0.000001,-0.000004,0.005049,0.000004,-0.005009,1.000000
-2.332673,-0.560461,0.321846,-1.280477,-2.296811,0.555291,1.000000,-0.000255,-0.000001,-0.000006,0.007702,0.000006,-0.007662,1.000000
-2.332306,-0.563123,0.325490,-1.281529,-2.296619,0.554277,1.000000,-0.000255,-0.000001,-0.000008,0.009363,0.000007,-0.009324,1.000000
-2.326894,-0.560505,0.342479,-1.302002,-2.298165,0.525180,1.000000,-0.000255,-0.000001,-0.000008,0.009443,0.000007,-0.009403,1.000000
-2.323072,-0.559032,0.360272,-1.320970,-2.300270,0.497389,1.000000,-0.000255,-0.000001,-0.000007,0.008424,0.000006,-0.008385,1.000000
-2.321750,-0.558641,0.371817,-1.332205,-2.302278,0.480621,1.000000,-0.000256,-0.000001,-0.000005,0.006694,0.000005,-0.006654,1.000000
-2.321049,-0.558640,0.381198,-1.340921,-2.304039,0.467582,1.000000,-0.000256,-0.000001,-0.000003,0.003899,0.000003,-0.003860,1.000000
-2.320608,-0.559404,0.388396,-1.346893,-2.305188,0.458778,1.000000,-0.000257,-0.000000,-0.000000,0.001468,0.000001,-0.001429,1.000000
-2.320364,-0.560603,0.394373,-1.351287,-2.306053,0.452371,1.000000,-0.000257,-0.000000,0.000000,0.000418,-0.000000,-0.000378,1.000000
-2.320219,-0.561625,0.400519,-1.355961,-2.307077,0.445484,1.000000,-0.000257,-0.000000,0.000000,0.000449,-0.000000,-0.000409,1.000000
-2.320120,-0.562965,0.405824,-1.359583,-2.307835,0.440247,1.000000,-0.000257,-0.000000,-0.000001,0.001539,0.000001,-0.001499,1.000000
-2.319996,-0.564016,0.411760,-1.364056,-2.308779,0.433686,1.000000,-0.000256,-0.000000,-0.000003,0.004000,0.000003,-0.003960,1.000000
-2.319905,-0.565332,0.417010,-1.367664,-2.309506,0.428479,1.000000,-0.000256,-0.000001,-0.000005,0.006116,0.000005,-0.006076,1.000000
-2.319792,-0.566346,0.422899,-1.372147,-2.310418,0.421913,1.000000,-0.000255,-0.000001,-0.000007,0.008489,0.000007,-0.008450,1.000000
-2.319810,-0.568191,0.426717,-1.373938,-2.310729,0.419483,1.000000,-0.000255,-0.000001,-0.000007,0.008909,0.000007,-0.008870,1.000000
-2.335739,-0.574032,0.430401,-1.373792,-2.310643,0.419836,1.000000,-0.000255,-0.000001,-0.000008,0.009467,0.000007,-0.009427,1.000000
-2.335882,-0.575994,0.433780,-1.375060,-2.310872,0.418207,1.000000,-0.000255,-0.000001,-0.000008,0.009592,0.000008,-0.009553,1.000000
-2.351945,-0.582003,0.436490,-1.373830,-2.310587,0.420210,1.000000,-0.000255,-0.000001,-0.000008,0.009326,0.000007,-0.009287,1.000000
-2.351939,-0.584070,0.439896,-1.375058,-2.310728,0.418671,1.000000,-0.000255,-0.000001,-0.000007,0.009030,0.000007,-0.008991,1.000000
-2.367928,-0.590018,0.442577,-1.373827,-2.310474,0.420635,1.000000,-0.000255,-0.000001,-0.000007,0.008166,0.000006,-0.008126,1.000000
-2.368029,-0.592082,0.445855,-1.374926,-2.310624,0.419284,1.000000,-0.000255,-0.000001,-0.000006,0.007616,0.000006,-0.007577,1.000000
-2.384052,-0.598017,0.448032,-1.373245,-2.310231,0.421946,1.000000,-0.000256,-0.000001,-0.000004,0.005655,0.000004,-0.005615,1.000000
-2.384071,-0.600110,0.451481,-1.374475,-2.310403,0.420388,1.000000,-0.000256,-0.000001,-0.000004,0.004946,0.000003,-0.004907,1.000000
-2.400061,-0.605895,0.453650,-1.372911,-2.310034,0.422844,1.000000,-0.000257,-0.000000,-0.000002,0.002882,0.000002,-0.002843,1.000000
-2.399983,-0.607516,0.458261,-1.375672,-2.310527,0.418966,1.000000,-0.000257,-0.000000,0.000000,0.000834,0.000000,-0.000795,1.000000
-2.399881,-0.608921,0.463302,-1.379037,-2.311137,0.414152,1.000000,-0.000257,-0.000000,0.000001,0.000231,-0.000000,-0.000191,1.000000
-2.399781,-0.609938,0.469037,-1.383398,-2.311973,0.407784,1.000000,-0.000257,-0.000000,-0.000000,0.000899,0.000000,-0.000860,1.000000
-2.399717,-0.611184,0.474265,-1.387078,-2.312666,0.402472,1.000000,-0.000257,-0.000000,-0.000002,0.002374,0.000002,-0.002334,1.000000
-2.399645,-0.612279,0.479750,-1.391142,-2.313420,0.396567,1.000000,-0.000256,-0.000001,-0.000003,0.004364,0.000003,-0.004325,1.000000
-2.399561,-0.613305,0.485336,-1.395377,-2.314179,0.390405,1.000000,-0.000256,-0.000001,-0.000005,0.006467,0.000005,-0.006428,1.000000
-2.399490,-0.614183,0.491122,-1.399936,-2.314999,0.383740,1.000000,-0.000255,-0.000001,-0.000007,0.008715,0.000007,-0.008676,1.000000
-2.398988,-0.615354,0.496685,-1.404201,-2.315286,0.377709,1.000000,-0.000255,-0.000001,-0.000008,0.009542,0.000007,-0.009503,1.000000
-2.398073,-0.616615,0.502354,-1.408647,-2.315163,0.371557,1.000000,-0.000255,-0.000001,-0.000008,0.009183,0.000007,-0.009143,1.000000
-2.397174,-0.617858,0.508009,-1.413086,-2.315035,0.365404,1.000000,-0.000256,-0.000001,-0.000006,0.007305,0.000005,-0.007266,1.000000
-2.396301,-0.619074,0.513649,-1.417518,-2.314911,0.359243,1.000000,-0.000256,-0.000001,-0.000003,0.004579,0.000003,-0.004539,1.000000
-2.395454,-0.620264,0.519273,-1.421945,-2.314793,0.353075,1.000000,-0.000257,-0.000000,-0.000001,0.001973,0.000001,-0.001933,1.000000
-2.394632,-0.621427,0.524882,-1.426367,-2.314681,0.346897,1.000000,-0.000257,-0.000000,0.000000,0.000416,-0.000000,-0.000377,1.000000
-2.393841,-0.622562,0.530475,-1.430783,-2.314578,0.340710,1.000000,-0.000257,-0.000000,0.000000,0.000291,-0.000000,-0.000251,1.000000
-2.393066,-0.623674,0.536055,-1.435200,-2.314471,0.334513,1.000000,-0.000257,-0.000000,-0.000001,0.001561,0.000001,-0.001521,1.000000
-2.392326,-0.624755,0.541619,-1.439611,-2.314378,0.328305,1.000000,-0.000257,-0.000000,-0.000002,0.003341,0.000002,-0.003301,1.000000
-2.391606,-0.625810,0.547170,-1.444023,-2.314287,0.322084,1.000000,-0.000256,-0.000001,-0.000004,0.005441,0.000004,-0.005401,1.000000
-2.390912,-0.626838,0.552707,-1.448434,-2.314200,0.315850,1.000000,-0.000256,-0.000001,-0.000006,0.007435,0.000006,-0.007395,1.000000
-2.390238,-0.627840,0.558232,-1.452846,-2.314115,0.309601,1.000000,-0.000255,-0.000001,-0.000008,0.009242,0.000007,-0.009203,1.000000
-2.389599,-0.628811,0.563741,-1.457257,-2.314043,0.303338,1.000000,-0.000255,-0.000001,-0.000008,0.009603,0.000007,-0.009564,1.000000
-2.388980,-0.629754,0.569238,-1.461671,-2.313972,0.297060,1.000000,-0.000255,-0.000001,-0.000007,0.009013,0.000007,-0.008974,1.000000
-2.388387,-0.630669,0.574722,-1.466088,-2.313907,0.290764,1.000000,-0.000255,-0.000001,-0.000006,0.007592,0.000006,-0.007553,1.000000
-2.387816,-0.631556,0.580195,-1.470511,-2.313844,0.284450,1.000000,-0.000256,-0.000001,-0.000004,0.004921,0.000003,-0.004882,1.000000
-2.387274,-0.632413,0.585655,-1.474936,-2.313790,0.278117,1.000000,-0.000257,-0.000000,-0.000001,0.002249,0.000001,-0.002210,1.000000
-2.386760,-0.633239,0.591101,-1.479366,-2.313744,0.271766,1.000000,-0.000257,-0.000000,0.000000,0.000827,0.000000,-0.000787,1.000000
-2.386266,-0.634036,0.596539,-1.483806,-2.313698,0.265391,1.000000,-0.000257,-0.000000,0.000000,0.000249,-0.000000,-0.000209,1.000000
-2.385800,-0.634802,0.601963,-1.488252,-2.313660,0.258996,1.000000,-0.000257,-0.000000,-0.000001,0.001333,0.000001,-0.001293,1.000000
-2.385360,-0.635538,0.607377,-1.492706,-2.313628,0.252577,1.000000,-0.000256,-0.000000,-0.000003,0.003693,0.000003,-0.003653,1.000000
-2.384946,-0.636242,0.612779,-1.497169,-2.313601,0.246133,1.000000,-0.000256,-0.000001,-0.000005,0.006489,0.000005,-0.006449,1.000000
-2.384559,-0.636915,0.618171,-1.501644,-2.313580,0.239665,1.000000,-0.000255,-0.000001,-0.000007,0.008725,0.000007,-0.008686,1.000000
-2.384199,-0.637556,0.623551,-1.506126,-2.313567,0.233173,1.000000,-0.000255,-0.000001,-0.000008,0.009540,0.000007,-0.009501,1.000000
-2.383864,-0.638163,0.628922,-1.510624,-2.313558,0.226651,1.000000,-0.000255,-0.000001,-0.000008,0.009417,0.000007,-0.009378,1.000000
-2.383555,-0.638738,0.634282,-1.515135,-2.313554,0.220101,1.000000,-0.000255,-0.000001,-0.000007,0.008381,0.000006,-0.008342,1.000000
-2.383273,-0.639279,0.639633,-1.519660,-2.313557,0.213520,1.000000,-0.000256,-0.000001,-0.000005,0.006642,0.000005,-0.006603,1.000000
-2.383018,-0.639783,0.644976,-1.524205,-2.313565,0.206902,1.000000,-0.000256,-0.000001,-0.000003,0.003853,0.000003,-0.003813,1.000000
-2.382791,-0.640254,0.650306,-1.528763,-2.313580,0.200257,1.000000,-0.000257,-0.000000,-0.000000,0.001443,0.000001,-0.001403,1.000000
-2.382593,-0.640692,0.655621,-1.533328,-2.313602,0.193593,1.000000,-0.000257,-0.000000,0.000000,0.000415,-0.000000,-0.000375,1.000000
-2.382423,-0.641092,0.660926,-1.537916,-2.313630,0.186889,1.000000,-0.000257,-0.000000,0.000000,0.000301,-0.000000,-0.000261,1.000000
-2.382281,-0.641449,0.666225,-1.542531,-2.313665,0.180138,1.000000,-0.000257,-0.000000,-0.000001,0.001583,0.000001,-0.001543,1.000000
-2.382170,-0.641773,0.671500,-1.547148,-2.313707,0.173376,1.000000,-0.000257,-0.000000,-0.000002,0.003367,0.000002,-0.003327,1.000000
-2.382088,-0.642053,0.676766,-1.551793,-2.313757,0.166566,1.000000,-0.000256,-0.000001,-0.000004,0.005465,0.000004,-0.005426,1.000000
-2.382038,-0.642288,0.682022,-1.556466,-2.313815,0.159710,1.000000,-0.000256,-0.000001,-0.000006,0.007453,0.000006,-0.007413,1.000000
-2.382022,-0.642472,0.687272,-1.561177,-2.313884,0.152793,1.000000,-0.000255,-0.000001,-0.000008,0.009246,0.000007,-0.009207,1.000000
-2.382037,-0.642621,0.692503,-1.565899,-2.313958,0.145854,1.000000,-0.000255,-0.000001,-0.000008,0.009596,0.000007,-0.009556,1.000000
-2.382085,-0.642719,0.697734,-1.570665,-2.314043,0.138844,1.000000,-0.000255,-0.000001,-0.000007,0.008996,0.000007,-0.008956,1.000000
-2.382167,-0.642769,0.702964,-1.575473,-2.314138,0.131770,1.000000,-0.000255,-0.000001,-0.000006,0.007568,0.000006,-0.007529,1.000000
-2.382288,-0.642762,0.708193,-1.580330,-2.314245,0.124618,1.000000,-0.000256,-0.000001,-0.000004,0.004896,0.000003,-0.004856,1.000000
-2.382437,-0.642726,0.713410,-1.585203,-2.314354,0.117441,1.000000,-0.000257,-0.000000,-0.000002,0.002842,0.000002,-0.002802,1.000000
-2.382623,-0.642635,0.718635,-1.590133,-2.314475,0.110177,1.000000,-0.000257,-0.000000,-0.000000,0.001209,0.000000,-0.001170,1.000000
-2.382846,-0.642492,0.723863,-1.595113,-2.314605,0.102837,1.000000,-0.000257,-0.000000,0.000000,0.000329,-0.000000,-0.000290,1.000000
-2.383105,-0.642309,0.729064,-1.600106,-2.314746,0.095477,1.000000,-0.000257,-0.000000,0.000000,0.000609,0.000000,-0.000569,1.000000
-2.383395,-0.642085,0.734262,-1.605134,-2.314890,0.088063,1.000000,-0.000257,-0.000000,-0.000002,0.002422,0.000002,-0.002383,1.000000
-2.383718,-0.641819,0.739454,-1.610199,-2.315039,0.080596,1.000000,-0.000256,-0.000001,-0.000003,0.004416,0.000003,-0.004376,1.000000
-2.384090,-0.641482,0.744658,-1.615342,-2.315206,0.073014,1.000000,-0.000256,-0.000001,-0.000006,0.007157,0.000006,-0.007118,1.000000
-2.384500,-0.641098,0.749862,-1.620532,-2.315381,0.065363,1.000000,-0.000255,-0.000001,-0.000008,0.009101,0.000007,-0.009062,1.000000
-2.384944,-0.640671,0.755057,-1.625758,-2.315559,0.057660,1.000000,-0.000255,-0.000001,-0.000008,0.009601,0.000007,-0.009562,1.000000
-2.385435,-0.640178,0.760255,-1.631052,-2.315752,0.049860,1.000000,-0.000255,-0.000001,-0.000007,0.009151,0.000007,-0.009111,1.000000
-2.385971,-0.639627,0.765452,-1.636406,-2.315957,0.041975,1.000000,-0.000255,-0.000001,-0.000006,0.007841,0.000006,-0.007802,1.000000
-2.386591,-0.638959,0.770737,-1.641963,-2.316206,0.033797,0.000000,-0.000257,-0.000000,0.000001,0.000275,-0.000000,-0.000236,1.000000
-2.386623,-0.638925,0.770368,-1.641652,-2.316308,0.034260,0.000000,-0.000257,-0.000000,0.000000,0.000503,0.000000,-0.000463,1.000000
-2.386538,-0.639143,0.770091,-1.641178,-2.316284,0.034955,0.000000,-0.000257,-0.000000,-0.000001,0.002165,0.000001,-0.002126,1.000000
-2.386426,-0.639362,0.769959,-1.640825,-2.316171,0.035452,0.000000,-0.000256,-0.000001,-0.000004,0.004807,0.000004,-0.004768,1.000000
-2.386357,-0.639401,0.770096,-1.640913,-2.316052,0.035325,0.000000,-0.000256,-0.000001,-0.000006,0.006870,0.000005,-0.006831,1.000000
-2.386513,-0.639082,0.770801,-1.641901,-2.316114,0.033884,0.000000,-0.000255,-0.000001,-0.000007,0.008942,0.000007,-0.008902,1.000000
-2.386628,-0.638868,0.771005,-1.642301,-2.316192,0.033300,0.000000,-0.000255,-0.000001,-0.000008,0.009581,0.000007,-0.009541,1.000000
-2.386606,-0.638923,0.770949,-1.642195,-2.316180,0.033453,0.000000,-0.000255,-0.000001,-0.000007,0.008560,0.000007,-0.008521,1.000000
-2.386594,-0.638942,0.770923,-1.642152,-2.316171,0.033516,0.000000,-0.000256,-0.000001,-0.000005,0.006904,0.000005,-0.006865,1.000000
-2.386590,-0.638947,0.770913,-1.642137,-2.316168,0.033538,0.000000,-0.000256,-0.000001,-0.000003,0.004141,0.000003,-0.004102,1.000000
-2.386589,-0.638948,0.770911,-1.642134,-2.316168,0.033542,0.000000,-0.000257,-0.000000,-0.000001,0.002197,0.000001,-0.002158,1.000000
-2.386589,-0.638949,0.770910,-1.642133,-2.316167,0.033544,0.000000,-0.000257,-0.000000,0.000000,0.000518,-0.000000,-0.000478,1.000000
-2.386589,-0.638949,0.770910,-1.642132,-2.316167,0.033545,0.000000,-0.000257,-0.000000,0.000000,0.000274,-0.000000,-0.000234,1.000000
-2.386588,-0.638949,0.770910,-1.642132,-2.316167,0.033545,0.000000,-0.000257,-0.000000,-0.000001,0.001395,0.000001,-0.001356,1.000000
-2.386588,-0.638949,0.770910,-1.642132,-2.316167,0.033545,0.000000,-0.000256,-0.000000,-0.000003,0.003770,0.000003,-0.003731,1.000000
-2.386588,-0.638949,0.770910,-1.642132,-2.316167,0.033546,0.000000,-0.000256,-0.000001,-0.000005,0.006554,0.000005,-0.006515,1.000000
-2.386588,-0.638949,0.770910,-1.642132,-2.316167,0.033546,0.000000,-0.000255,-0.000001,-0.000007,0.008755,0.000007,-0.008715,1.000000
-2.386588,-0.638949,0.770910,-1.642132,-2.316167,0.033546,0.000000,-0.000255,-0.000001,-0.000008,0.009535,0.000007,-0.009496,1.000000
-2.386588,-0.638949,0.770910,-1.642132,-2.316167,0.033546,0.000000,-0.000255,-0.000001,-0.000007,0.009118,0.000007,-0.009079,1.000000
-2.386588,-0.638949,0.770910,-1.642132,-2.316167,0.033546,0.000000,-0.000255,-0.000001,-0.000006,0.007794,0.000006,-0.007755,1.000000
-2.386588,-0.638949,0.770910,-1.642132,-2.316167,0.033546,0.000000,-0.000256,-0.000001,-0.000004,0.005187,0.000004,-0.005147,1.000000
-2.386588,-0.638949,0.770910,-1.642132,-2.316167,0.033546,0.000000,-0.000257,-0.000000,-0.000001,0.002483,0.000001,-0.002444,1.000000
-2.386588,-0.638949,0.770910,-1.642132,-2.316167,0.033546,0.000000,-0.000257,-0.000000,-0.000000,0.000981,0.000000,-0.000942,1.000000
-2.386588,-0.638949,0.770910,-1.642132,-2.316167,0.033546,0.000000,-0.000257,-0.000000,0.000001,0.000251,-0.000000,-0.000212,1.000000
-2.386588,-0.638949,0.770910,-1.642132,-2.316167,0.033546,0.000000,-0.000257,-0.000000,-0.000000,0.000803,0.000000,-0.000763,1.000000
-2.386588,-0.638949,0.770910,-1.642132,-2.316167,0.033546,0.000000,-0.000257,-0.000000,-0.000002,0.002792,0.000002,-0.002753,1.000000
-2.386588,-0.638949,0.770910,-1.642132,-2.316167,0.033546,0.000000,-0.000256,-0.000001,-0.000004,0.004833,0.000004,-0.004793,1.000000
-2.386588,-0.638949,0.770910,-1.642132,-2.316167,0.033546,0.000000,-0.000255,-0.000001,-0.000006,0.007506,0.000006,-0.007467,1.000000
-2.386588,-0.638949,0.770910,-1.642132,-2.316167,0.033546,0.000000,-0.000255,-0.000001,-0.000008,0.009258,0.000007,-0.009219,1.000000
-2.386588,-0.638949,0.770910,-1.642132,-2.316167,0.033546,0.000000,-0.000255,-0.000001,-0.000008,0.009573,0.000007,-0.009534,1.000000
-2.386588,-0.638949,0.770910,-1.642132,-2.316167,0.033546,0.000000,-0.000255,-0.000001,-0.000007,0.008539,0.000007,-0.008500,1.000000
-2.386588,-0.638949,0.770910,-1.642132,-2.316167,0.033546,0.000000,-0.000256,-0.000001,-0.000005,0.006879,0.000005,-0.006840,1.000000
-2.386588,-0.638949,0.770910,-1.642132,-2.316167,0.033546,0.000000,-0.000256,-0.000001,-0.000003,0.004117,0.000003,-0.004078,1.000000
-2.386588,-0.638949,0.770910,-1.642132,-2.316167,0.033546,0.000000,-0.000257,-0.000000,-0.000001,0.002180,0.000001,-0.002141,1.000000
-2.386588,-0.638949,0.770910,-1.642132,-2.316167,0.033546,0.000000,-0.000257,-0.000000,0.000000,0.000515,-0.000000,-0.000476,1.000000
-2.386588,-0.638949,0.770910,-1.642132,-2.316167,0.033546,0.000000,-0.000257,-0.000000,0.000000,0.000283,-0.000000,-0.000243,1.000000
-2.386588,-0.638949,0.770910,-1.642132,-2.316167,0.033546,0.000000,-0.000257,-0.000000,-0.000001,0.001416,0.000001,-0.001377,1.000000
-2.386588,-0.638949,0.770910,-1.642132,-2.316167,0.033546,0.000000,-0.000256,-0.000000,-0.000003,0.003796,0.000003,-0.003757,1.000000
-2.386588,-0.638949,0.770910,-1.642132,-2.316167,0.033546,0.000000,-0.000256,-0.000001,-0.000005,0.006575,0.000005,-0.006536,1.000000
-2.386588,-0.638949,0.770910,-1.642132,-2.316167,0.033546,0.000000,-0.000255,-0.000001,-0.000007,0.008322,0.000007,-0.008282,1.000000
