0.735915
0.730973
0.726030
0.721093
0.716156
0.711218
0.706283
0.701347
0.696414
0.691480
0.686549
0.681616
0.676686
0.671754
0.666828
0.661903
0.656973
0.652054
0.647122
0.642202
0.637280
0.632360
0.627440
0.622523
0.617605
0.612691
0.607776
0.602864
0.597954
0.593044
0.588136
0.583230
0.578325
0.573424
0.568520
0.563622
0.558723
0.553826
0.548934
0.544040
0.539151
0.534262
0.529374
0.524491
0.519609
0.514730
0.509852
0.504978
0.500105
0.495235
0.490366
0.485504
0.480642
0.475782
0.470926
0.466072
0.461222
0.456374
0.451534
0.446694
0.441856
0.437023
0.432194
0.427370
0.422549
0.417732
0.412920
0.408112
0.403309
0.398510
0.393716
0.388929
0.384147
0.379368
0.374598
0.369842
0.368349
0.366918
0.365548
0.364243
0.363003
0.361826
0.360716
0.359670
0.358694
0.357783
0.356941
0.356164
0.355459
0.354823
0.354254
0.353757
0.353329
0.352971
0.352685
0.352469
0.352324
0.352249
0.352245
0.352311
0.352451
0.352659
0.352940
0.353291
0.353711
0.354203
0.354763
0.355393
0.356093
0.356859
0.357695
0.358600
0.359572
0.360608
0.361707
0.360162
0.358843
0.357919
0.356704
0.355486
0.354269
0.352885
0.351423
0.349899
0.348257
0.346677
0.344947
0.343269
0.341466
0.339670
0.337842
0.336022
0.334110
0.332240
0.330295
0.328417
0.328573
0.328731
0.328894
0.329062
0.329227
0.329397
0.329562
0.329737
0.329905
0.330084
0.330259
0.330434
0.330610
0.330795
0.330976
0.331153
0.331342
0.331472
0.329416
0.329615
0.327645
0.327990
0.328176
0.328367
0.328564
0.328746
0.326231
0.326933
0.324459
0.325040
0.325160
0.325274
0.325391
0.325508
0.325627
0.325747
0.325867
0.325990
0.326111
0.326235
0.326362
0.325697
0.325027
0.324359
0.323686
0.323012
0.322340
0.321667
0.320993
0.318480
0.318027
0.315547
0.315107
0.314443
0.313779
0.313111
0.312441
0.311771
0.311100
0.310426
0.309748
0.309076
0.308399
0.307719
0.307043
0.306362
0.305679
0.304998
0.304313
0.303628
0.302938
0.302253
0.301562
0.300872
0.300181
0.299485
0.298793
0.298099
0.297407
0.296702
0.296006
0.295279
0.294524
0.293759
0.293001
0.292237
0.291470
0.290703
0.289933
0.289155
0.288386
0.287612
0.286837
0.286055
0.285277
0.284498
0.283708
0.282926
0.282141
0.281346
0.280555
0.279769
0.278977
0.278175
0.277383
0.276595
0.274383
0.274370
0.272215
0.272220
0.271454
0.270927
0.269230
0.268543
0.267761
0.266983
0.264902
0.264863
0.262840
0.262698
0.262013
0.259934
0.259591
0.258905
0.258206
0.257508
0.256811
0.256110
0.255278
0.256829
0.258401
0.260112
0.261795
0.263574
0.265410
0.267321
0.269242
0.271259
0.273279
0.275397
0.277513
0.279699
0.281931
0.284205
0.286525
0.288914
0.291284
0.293750
0.296226
0.298706
0.301282
0.303828
0.306466
0.309073
0.311737
0.314432
0.317152
0.319932
0.324224
0.324260
0.324172
0.324233
0.324054
0.324016
0.323931
0.323796
0.323443
0.323213
0.322989
0.322795
0.322714
0.322669
0.322479
0.322272
0.322297
0.322133
0.322024
0.321952
0.321832
0.321786
0.321718
0.321606
0.321469
0.321345
0.321273
0.321086
0.320998
0.320882
0.320780
0.320646
0.320616
0.320534
0.320474
0.320422
0.320392
0.320387
0.320336
0.320395
0.320338
0.320348
0.320364
0.320435
0.320496
0.320552
0.320635
0.320692
0.320752
0.320832
0.320885
0.320936
0.321005
0.321067
0.321181
0.321316
0.321422
0.321483
0.321604
0.321720
0.321861
0.321948
0.322088
0.322234
0.322352
0.322516
0.322626
0.322759
0.322890
0.323082
0.323002
0.323176
0.323327
0.323482
0.323658
0.323845
0.324035
0.324220
0.324385
0.324567
0.324742
0.324929
0.325147
0.325335
0.325568
0.325805
0.326035
0.326254
0.326481
0.326714
0.326952
0.327174
0.327384
0.327616
0.327850
0.328103
0.328337
0.328565
0.328803
0.329030
0.329317
0.329457
0.329640
0.329822
0.330027
0.330220
0.330413
0.330618
0.330837
0.331106
0.331342
0.331588
0.331844
0.332093
0.332343
0.332605
0.332853
0.333125
0.333387
0.333663
0.333924
0.334178
0.334455
0.334734
0.335047
0.335352
0.335675
0.336003
0.336351
0.336708
0.337047
0.337397
0.337754
0.338086
0.338431
0.338806
0.339168
0.339526
0.339887
0.340249
0.340608
0.340975
0.341311
0.341659
0.342000
0.342336
0.342670
0.343027
0.343382
0.343749
0.344139
0.344502
0.344886
0.345274
0.345653
0.346023
0.346422
0.346818
0.347195
0.347598
0.347973
0.348367
0.348760
0.349128
0.349524
0.349930
0.350355
0.350788
0.351187
0.351617
0.352066
0.352508
0.352934
0.353371
0.353774
0.354179
0.354600
0.355022
0.355434
0.355861
0.356275
0.356690
0.357077
0.357468
0.357855
0.358239
0.358606
0.359016
0.359414
0.359822
0.360228
0.360658
0.361079
0.361488
0.361917
0.362336
0.362729
0.363125
0.363539
0.363966
0.364403
0.364847
0.365287
0.365712
0.366160
0.366625
0.367080
0.367540
0.368000
0.368464
0.368938
0.369416
0.369879
0.370338
0.370820
0.371316
0.371792
0.372280
0.372764
0.373248
0.373736
0.374223
0.374700
0.375180
0.375669
0.376160
0.376636
0.377129
0.377618
0.378091
0.378579
0.379073
0.379546
0.380027
0.380495
0.380965
0.381436
0.381907
0.382374
0.382838
0.383301
0.383753
0.384231
0.384682
0.385143
0.385620
0.386082
0.386540
0.387047
0.387548
0.388029
0.388519
0.389016
0.389496
0.389981
0.390449
0.390930
0.391413
0.391911
0.392415
0.392915
0.393419
0.393929
0.394446
0.394946
0.395465
0.395961
0.396445
0.396933
0.397405
0.397884
0.398362
0.398851
0.399324
0.399795
0.400264
0.400742
0.401194
0.401633
0.402092
0.402549
0.403002
0.403464
0.403917
0.404370
0.404832
0.405284
0.405739
0.406195
0.406647
0.407120
0.407589
0.408042
0.408517
0.408962
0.409421
0.409875
0.410342
0.410756
0.411203
0.411637
0.412079
0.412516
0.412975
0.413432
0.413875
0.414347
0.414811
0.415276
0.415734
0.416190
0.416622
0.417077
0.417525
0.417963
0.418409
0.418852
0.419295
0.419735
0.420172
0.420652
0.421120
0.421573
0.422044
0.422507
0.422987
0.423448
0.423918
0.424393
0.424864
0.425346
0.425799
0.426270
0.426699
0.427193
0.427677
0.428141
0.428620
0.429095
0.429580
0.430058
0.430543
0.431015
0.431503
0.432002
0.432516
0.433003
0.433503
0.433980
0.434465
0.434947
0.435437
0.435944
0.436418
0.436937
0.437415
0.437942
0.438432
0.438931
0.439390
0.439878
0.440358
0.440814
0.441328
0.441799
0.442309
0.442791
0.443277
0.443732
0.444246
0.444738
0.445222
0.445705
0.446201
0.446653
0.447167
0.447610
0.448112
0.448612
0.449082
0.449557
0.450006
0.450500
0.450954
0.451431
0.451874
0.452354
0.452810
0.453251
0.453691
0.454087
0.454521
0.454923
0.455322
0.455675
0.456037
0.456358
0.456702
0.457017
0.457355
0.457658
0.457959
0.458196
0.458455
0.458694
0.458936
0.459163
0.459378
0.459569
0.459754
0.459961
0.460138
0.460306
0.460458
0.460560
0.460654
0.460768
0.460863
0.460932
0.460968
0.461004
0.461039
0.461057
0.461084
0.461074
0.461088
0.461049
0.461036
0.461045
0.461033
0.461061
0.461050
0.461047
0.461060
0.461079
0.461107
0.461139
0.461137
0.461148
0.461129
0.461122
0.461100
0.460908
0.460674
0.460332
0.460083
0.459781
0.459477
0.459159
0.458889
0.458598
0.458317
0.457983
0.457688
0.457425
0.457168
0.456916
0.456697
0.456443
0.456193
0.455970
0.455725
0.455481
0.455217
0.454966
0.454753
0.454491
0.454244
0.453987
0.453756
0.453533
0.453286
0.453041
0.452753
0.452525
0.452288
0.452069
0.451814
0.451597
0.451397
0.451194
0.450965
0.450760
0.450549
0.450348
0.450131
0.449920
0.449704
0.449493
0.449273
0.449085
0.448862
0.448656
0.448454
0.448264
0.448041
0.447864
0.447646
0.447461
0.447266
0.447087
0.446891
0.446724
0.446524
0.446379
0.446199
0.446042
0.445879
0.445720
0.445563
0.445441
0.445246
0.445114
0.444956
0.444809
0.444656
0.444522
0.444382
0.444281
0.444135
0.444033
0.443902
0.443789
0.443682
0.443568
0.443472
0.443425
0.443341
0.443279
0.443212
0.443163
0.443096
0.443057
0.443011
0.442974
0.442910
0.442874
0.442815
0.442784
0.442724
0.442703
0.442643
0.442313
0.441874
0.441470
0.441024
0.440623
0.440161
0.439840
0.439291
0.438920
0.438438
0.438061
0.437542
0.437111
0.436656
0.436187
0.435694
0.435280
0.434733
0.434321
0.433799
0.433352
0.432779
0.432355
0.431794
0.431393
0.430850
0.430451
0.429899
0.429492
0.428926
0.428507
0.427951
0.427447
0.426922
0.426445
0.425850
0.425349
0.424713
0.424190
0.423601
0.422965
0.422397
0.421855
0.421135
0.420572
0.419939
0.419426
0.418777
0.418093
0.417523
0.416985
0.416283
0.415726
0.415123
0.414537
0.413917
0.413501
0.412775
0.412231
0.411554
0.410956
0.410375
0.409770
0.409199
0.408649
0.408084
0.407474
0.406872
0.406327
0.405729
0.405215
0.404671
0.404060
0.403617
0.403041
0.402545
0.401925
0.401525
0.401013
0.400516
0.400101
0.399717
0.399196
0.398780
0.398422
0.398005
0.397698
0.397293
0.397035
0.396580
0.396250
0.395894
0.395573
0.395240
0.395004
0.394632
0.394315
0.394008
0.393722
0.393441
0.393158
0.392907
0.392674
0.392436
0.392166
0.391972
0.391765
0.391576
0.391470
0.391152
0.391053
0.390869
0.390700
0.390497
0.390336
0.390182
0.390197
0.389914
0.389813
0.389686
0.389606
0.389506
0.389475
0.389362
0.389259
0.389130
0.388990
0.388837
0.388772
0.388604
0.388566
0.388381
0.388240
0.388080
0.388018
0.387944
0.387828
0.387781
0.387770
0.387689
0.387648
0.387590
0.387619
0.387630
0.387662
0.387655
0.387693
0.387789
0.387823
0.387961
0.388038
0.388134
0.388246
0.388331
0.388466
0.388571
0.388651
0.388841
0.388956
0.389121
0.389225
0.389404
0.389555
0.389747
0.390009
0.390173
0.390416
0.390667
0.390916
0.391168
0.391417
0.391678
0.391958
0.392235
0.392511
0.392775
0.393078
0.393428
