-0.080747 0.885967 0.407054
-0.081382 0.885968 0.407020
-0.082001 0.885977 0.406982
-0.082963 0.885569 0.406971
-0.083849 0.885176 0.406979
-0.085289 0.884130 0.407172
-0.086171 0.883588 0.407210
-0.086973 0.883074 0.407263
-0.087961 0.881430 0.407664
-0.087868 0.881248 0.407719
-0.087850 0.880520 0.407909
-0.087706 0.880268 0.407973
-0.087907 0.879847 0.408054
-0.087649 0.879351 0.408167
-0.087330 0.878890 0.408265
-0.086971 0.878378 0.408369
-0.086694 0.877944 0.408453
-0.086422 0.877504 0.408537
-0.086151 0.877058 0.408622
-0.085829 0.876544 0.408719
-0.085669 0.876228 0.408775
-0.085037 0.876067 0.408836
-0.084654 0.875709 0.408908
-0.083953 0.875507 0.408981
-0.084704 0.874975 0.408998
-0.085779 0.874032 0.409089
-0.085303 0.873143 0.409310
-0.086577 0.871780 0.409456
-0.086825 0.871210 0.409553
-0.085050 0.868951 0.410123
-0.083291 0.867099 0.410551
-0.083105 0.866864 0.410599
-0.082771 0.865756 0.410809
-0.082683 0.865589 0.410840
-0.082812 0.864913 0.410949
-0.082780 0.864782 0.410970
-0.083109 0.864264 0.411040
-0.083091 0.864060 0.411071
-0.083515 0.863678 0.411112
-0.083534 0.863593 0.411122
-0.084073 0.863262 0.411145
-0.084106 0.863187 0.411153
-0.084719 0.862862 0.411169
-0.084749 0.862796 0.411175
-0.085382 0.862507 0.411180
-0.085417 0.862446 0.411185
-0.085991 0.862230 0.411181
-0.086941 0.861710 0.411180
-0.088291 0.860812 0.411236
-0.089050 0.859992 0.411361
-0.089966 0.859305 0.411404
-0.091165 0.858131 0.411537
-0.091453 0.856487 0.411865
-0.091328 0.856230 0.411920
-0.091186 0.855238 0.412110
-0.091016 0.854889 0.412174
-0.091169 0.854335 0.412257
-0.091118 0.854067 0.412300
-0.091443 0.853648 0.412349
-0.091458 0.853434 0.412378
-0.091907 0.853048 0.412412
-0.091932 0.852960 0.412421
-0.092504 0.852583 0.412442
-0.092531 0.852507 0.412448
-0.093116 0.852210 0.412453
-0.093160 0.852136 0.412458
-0.093788 0.851853 0.412456
-0.093837 0.851782 0.412460
-0.094762 0.851195 0.412470
-0.096863 0.849674 0.412609
-0.096921 0.849423 0.412656
-0.097801 0.848675 0.412709
-0.099505 0.846395 0.413047
-0.099289 0.845826 0.413167
-0.099199 0.844976 0.413328
-0.098934 0.844434 0.413428
-0.099070 0.843897 0.413507
-0.098980 0.843518 0.413564
-0.099273 0.843212 0.413593
-0.099328 0.842901 0.413631
-0.099762 0.842603 0.413650
-0.099836 0.842358 0.413674
-0.100322 0.842117 0.413677
-0.100417 0.841965 0.413687
-0.100967 0.841732 0.413683
-0.101078 0.841585 0.413691
-0.101702 0.841334 0.413681
-0.101758 0.841263 0.413684
-0.102425 0.840995 0.413669
-0.102522 0.840855 0.413674
-0.103149 0.840607 0.413657
-0.104073 0.840035 0.413667
-0.104929 0.839476 0.413694
-0.106205 0.837881 0.413929
-0.106161 0.837699 0.413963
-0.106269 0.837514 0.413986
-0.108708 0.835322 0.414206
-0.108763 0.834970 0.414273
-0.108896 0.833966 0.414463
-0.109692 0.833233 0.414523
-0.110770 0.831978 0.414677
-0.111006 0.830365 0.414990
-0.110894 0.830119 0.415039
-0.110728 0.829099 0.415222
-0.110665 0.828942 0.415247
-0.110872 0.828351 0.415324
-0.110841 0.828113 0.415354
-0.111200 0.827754 0.415384
-0.111247 0.827552 0.415404
-0.111705 0.827253 0.415417
-0.111788 0.827075 0.415430
-0.112301 0.826811 0.415431
-0.112404 0.826645 0.415440
-0.113303 0.825996 0.415474
-0.115350 0.824388 0.415653
-0.115360 0.823736 0.415773
-0.115557 0.823283 0.415841
-0.115465 0.822759 0.415920
-0.115591 0.821712 0.415996
-0.115564 0.821430 0.416027
-0.115441 0.821011 0.416076
-0.115396 0.820749 0.416103
-0.115748 0.820531 0.416109
-0.115818 0.820433 0.416116
-0.117993 0.818714 0.416261
-0.118686 0.817870 0.416397
-0.118725 0.817643 0.416438
-0.120334 0.816150 0.416593
-0.121264 0.814865 0.416805
-0.121000 0.813857 0.417011
-0.121061 0.813501 0.417071
-0.120831 0.812768 0.417195
-0.120916 0.812651 0.417207
-0.121058 0.812087 0.417276
-0.121187 0.812000 0.417281
-0.121493 0.811546 0.417320
-0.121647 0.811475 0.417321
-0.122051 0.811037 0.417345
-0.122686 0.810860 0.417326
-0.123422 0.810846 0.417283
-0.124318 0.810946 0.417216
-0.125241 0.811097 0.417141
-0.126119 0.811241 0.417069
-0.126346 0.811252 0.417053
-0.127878 0.810683 0.415705
-0.127510 0.811194 0.415318
-0.126840 0.812015 0.414735
-0.125890 0.813118 0.413974
-0.125018 0.814129 0.413275
-0.124072 0.815205 0.412535
-0.123084 0.816312 0.411778
-0.121934 0.817566 0.410930
-0.120837 0.818753 0.410127
-0.119892 0.819779 0.409430
-0.118764 0.820971 0.408632
-0.117800 0.821991 0.407944
-0.116792 0.823043 0.407240
-0.115757 0.824109 0.406531
-0.114565 0.825306 0.405745
-0.113433 0.826434 0.405006
-0.112330 0.827524 0.404294
-0.111369 0.828477 0.403669
-0.110216 0.829588 0.402953
-0.109229 0.830542 0.402335
-0.108195 0.831527 0.401702
-0.107134 0.832524 0.401066
-0.105914 0.833645 0.400364
-0.104893 0.834588 0.399769
-0.103836 0.835551 0.399166
-0.102614 0.836638 0.398498
-0.101589 0.837554 0.397931
-0.100526 0.838492 0.397357
-0.099297 0.839551 0.396722
-0.098127 0.840552 0.396124
-0.093515 0.836361 0.395903
-0.090494 0.835084 0.395915
-0.088849 0.834574 0.395891
-0.087745 0.834438 0.395889
-0.086873 0.834358 0.395948
-0.086009 0.834261 0.396064
-0.085262 0.834102 0.396187
-0.084535 0.833828 0.396312
-0.084144 0.833529 0.396393
-0.083730 0.833193 0.396488
-0.083337 0.832740 0.396585
-0.083055 0.832284 0.396641
-0.082754 0.831784 0.396710
-0.082419 0.831151 0.396799
-0.082122 0.830484 0.396874
-0.081806 0.829764 0.396952
-0.081553 0.829142 0.397020
-0.081308 0.828372 0.397090
-0.081116 0.827618 0.397147
-0.080931 0.826960 0.397198
-0.080708 0.826258 0.397264
-0.080443 0.825394 0.397328
-0.080191 0.824543 0.397397
-0.079966 0.823761 0.397457
-0.079693 0.822795 0.397527
-0.079455 0.821803 0.397579
-0.079240 0.820949 0.397627
-0.079008 0.819870 0.397674
-0.078769 0.818803 0.397722
-0.078566 0.817925 0.397760
-0.078336 0.816858 0.397798
-0.078173 0.815920 0.397819
-0.077991 0.814830 0.397844
-0.077847 0.813787 0.397851
-0.077721 0.812943 0.397862
-0.077513 0.812084 0.397887
-0.077277 0.811090 0.397914
-0.077115 0.810273 0.397926
-0.076945 0.809297 0.397928
-0.076743 0.808506 0.397949
-0.076548 0.807554 0.397952
-0.076417 0.806664 0.397935
-0.076303 0.805912 0.397918
-0.076172 0.805140 0.397905
-0.076040 0.804248 0.397876
-0.075962 0.803416 0.397832
-0.075885 0.802628 0.397784
-0.075826 0.801871 0.397730
-0.075766 0.801239 0.397686
-0.075668 0.800581 0.397638
-0.075579 0.799818 0.397578
-0.075516 0.799106 0.397509
-0.075455 0.798525 0.397451
-0.075377 0.797920 0.397390
-0.075295 0.797313 0.397324
-0.075215 0.796600 0.397242
-0.075137 0.795927 0.397158
-0.075092 0.795367 0.397080
-0.075040 0.794780 0.396993
-0.075002 0.794193 0.396903
-0.074967 0.793534 0.396792
-0.074953 0.792910 0.396679
-0.074931 0.792380 0.396581
-0.074899 0.791834 0.396482
-0.074870 0.791286 0.396380
-0.074827 0.790737 0.396274
-0.074794 0.790186 0.396163
-0.074770 0.789544 0.396028
-0.074759 0.789018 0.395913
-0.074743 0.788411 0.395777
-0.074538 0.788050 0.395762
-0.074368 0.787620 0.395712
-0.074277 0.787196 0.395637
-0.074208 0.786720 0.395541
-0.074158 0.786211 0.395431
-0.074140 0.785611 0.395289
-0.074130 0.785110 0.395167
-0.074128 0.784590 0.395035
-0.074141 0.783974 0.394877
-0.074144 0.783446 0.394742
-0.074148 0.782816 0.394582
-0.074154 0.782290 0.394448
-0.074159 0.781672 0.394289
-0.074167 0.781074 0.394134
-0.074164 0.780567 0.394004
-0.074155 0.779963 0.393851
-0.074139 0.779386 0.393707
-0.074118 0.778815 0.393567
-0.074096 0.778318 0.393445
-0.074059 0.777783 0.393318
-0.074022 0.777152 0.393166
-0.074006 0.776542 0.393015
-0.073982 0.776016 0.392887
-0.073943 0.775456 0.392756
-0.073902 0.774795 0.392603
-0.073870 0.774155 0.392453
-0.073846 0.773608 0.392327
-0.073810 0.772945 0.392175
-0.073778 0.772306 0.392029
-0.073750 0.771759 0.391904
-0.073645 0.771166 0.391786
-0.073551 0.770634 0.391682
-0.073473 0.770133 0.391585
-0.073395 0.769713 0.391506
-0.073293 0.769278 0.391429
-0.073179 0.768761 0.391335
-0.073086 0.768254 0.391240
-0.072995 0.767815 0.391163
-0.072883 0.767350 0.391086
-0.072753 0.766791 0.390994
-0.072650 0.766312 0.390917
-0.072532 0.765806 0.390839
-0.072398 0.765204 0.390746
-0.072291 0.764691 0.390667
-0.072180 0.764148 0.390582
-0.072073 0.763587 0.390495
-0.071961 0.763015 0.390409
-0.071828 0.762344 0.390309
-0.071723 0.761772 0.390226
-0.071599 0.761089 0.390124
-0.071504 0.760508 0.390037
-0.071391 0.759817 0.389935
-0.071285 0.759229 0.389854
-0.071167 0.758619 0.389773
-0.071047 0.757904 0.389676
-0.070958 0.757215 0.389579
-0.070867 0.756543 0.389487
-0.070780 0.755978 0.389416
-0.070681 0.755375 0.389343
-0.070587 0.754650 0.389253
-0.070508 0.753950 0.389166
-0.070417 0.753266 0.389087
-0.070332 0.752572 0.389009
-0.070258 0.751970 0.388944
-0.070174 0.751332 0.388877
-0.070102 0.750672 0.388804
-0.070034 0.749889 0.388715
-0.069974 0.749225 0.388641
-0.069903 0.748534 0.388569
-0.069827 0.747821 0.388496
-0.069741 0.746995 0.388413
-0.069671 0.746313 0.388348
-0.069586 0.745615 0.388285
-0.069489 0.744903 0.388223
-0.069384 0.744066 0.388149
-0.069288 0.743367 0.388089
-0.069178 0.742643 0.388030
-0.069066 0.741901 0.387970
-0.068960 0.741031 0.387896
-0.068878 0.740311 0.387837
-0.068773 0.739462 0.387769
-0.068695 0.738747 0.387711
-0.068603 0.737890 0.387643
-0.068526 0.737173 0.387589
-0.068435 0.736427 0.387537
-0.068341 0.735558 0.387474
-0.068270 0.734840 0.387422
-0.068178 0.733997 0.387365
-0.068101 0.733194 0.387308
-0.068023 0.732514 0.387264
-0.067929 0.731693 0.387214
-0.067853 0.730999 0.387173
-0.067758 0.730166 0.387126
-0.067686 0.729453 0.387084
-0.067610 0.728713 0.387042
-0.067532 0.727836 0.386991
-0.067475 0.726986 0.386939
-0.067417 0.726153 0.386889
-0.067351 0.725429 0.386849
-0.067273 0.724671 0.386807
-0.067191 0.723781 0.386758
-0.067124 0.722920 0.386710
-0.067057 0.722069 0.386664
-0.066989 0.721335 0.386627
-0.066903 0.720568 0.386590
-0.066806 0.719652 0.386548
-0.066730 0.718778 0.386505
-0.066656 0.718034 0.386471
-0.066569 0.717146 0.386428
-0.066494 0.716404 0.386393
-0.066403 0.715634 0.386360
-0.066306 0.714727 0.386319
-0.066234 0.713964 0.386281
-0.066149 0.713057 0.386236
-0.066079 0.712171 0.386190
-0.066011 0.711410 0.386150
-0.065940 0.710603 0.386106
-0.065880 0.709650 0.386049
-0.065841 0.708723 0.385991
-0.065801 0.707927 0.385943
-0.065750 0.706980 0.385888
-0.065703 0.706190 0.385844
-0.065648 0.705378 0.385802
-0.065597 0.704558 0.385760
-0.065554 0.703735 0.385717
-0.065523 0.702808 0.385664
-0.065505 0.702051 0.385619
-0.065480 0.701275 0.385574
-0.065469 0.700357 0.385517
-0.065470 0.699476 0.385458
-0.065471 0.698620 0.385402
-0.065463 0.697883 0.385357
-0.065441 0.697117 0.385314
-0.065420 0.696326 0.385271
-0.065411 0.695522 0.385226
-0.065409 0.694714 0.385182
-0.065424 0.693784 0.385127
-0.065437 0.693011 0.385078
-0.065448 0.692214 0.385026
-0.065467 0.691283 0.384968
-0.065493 0.690392 0.384913
-0.065505 0.689638 0.384870
-0.065521 0.688733 0.384817
-0.065536 0.687957 0.384772
-0.065563 0.687030 0.384715
-0.065588 0.686249 0.384664
-0.065624 0.685306 0.384597
-0.065677 0.684378 0.384525
-0.065714 0.683585 0.384466
-0.065757 0.682629 0.384393
-0.065808 0.681715 0.384318
-0.065849 0.680934 0.384255
-0.065915 0.679994 0.384173
-0.065966 0.679210 0.384105
-0.066033 0.678278 0.384019
-0.066086 0.677491 0.383948
-0.066137 0.676667 0.383875
-0.066209 0.675700 0.383788
-0.066286 0.674782 0.383705
-0.066355 0.673890 0.383623
-0.066422 0.673009 0.383540
-0.066493 0.672129 0.383456
-0.066569 0.671251 0.383370
-0.066628 0.670481 0.383297
-0.066688 0.669665 0.383219
-0.066765 0.668671 0.383123
-0.066827 0.667822 0.383043
-0.066887 0.666942 0.382961
-0.066975 0.665901 0.382858
-0.067053 0.665030 0.382771
-0.067134 0.664126 0.382679
-0.067245 0.663062 0.382568
-0.067337 0.662182 0.382477
-0.067458 0.661142 0.382368
-0.067585 0.660156 0.382264
-0.067685 0.659319 0.382178
-0.067780 0.658439 0.382090
-0.067899 0.657390 0.381983
-0.068024 0.656373 0.381877
-0.068128 0.655510 0.381787
-0.068263 0.654476 0.381676
-0.068372 0.653607 0.381584
-0.068507 0.652564 0.381474
-0.068618 0.651686 0.381382
-0.068728 0.650769 0.381291
-0.068863 0.649694 0.381181
-0.068969 0.648795 0.381093
-0.069109 0.647717 0.380982
-0.069253 0.646680 0.380877
-0.069362 0.645790 0.380789
-0.069468 0.644857 0.380699
-0.069603 0.643748 0.380588
-0.069741 0.642675 0.380480
-0.069867 0.641642 0.380378
-0.069966 0.640752 0.380292
-0.070066 0.639815 0.380204
-0.070175 0.638852 0.380112
-0.070317 0.637732 0.380003
-0.070451 0.636661 0.379901
-0.070554 0.635744 0.379817
-0.070683 0.634630 0.379712
-0.070789 0.633688 0.379624
-0.070900 0.632698 0.379532
-0.071013 0.631669 0.379438
-0.071131 0.630610 0.379340
-0.071290 0.629380 0.379223
-0.071418 0.628344 0.379128
-0.071586 0.627125 0.379014
-0.071710 0.626112 0.378924
-0.071833 0.625068 0.378834
-0.071990 0.623839 0.378726
-0.072120 0.622810 0.378635
-0.072283 0.621582 0.378526
-0.072448 0.620401 0.378421
-0.072611 0.619242 0.378318
-0.072737 0.618244 0.378232
-0.072903 0.617034 0.378127
-0.073069 0.615856 0.378021
-0.073231 0.614706 0.377917
-0.073387 0.613574 0.377815
-0.073510 0.612586 0.377730
-0.073669 0.611378 0.377624
-0.073833 0.610187 0.377521
-0.073995 0.609006 0.377419
-0.074125 0.607970 0.377332
-0.074264 0.606860 0.377239
-0.074408 0.605719 0.377143
-0.074588 0.604393 0.377028
-0.074731 0.603311 0.376937
-0.074908 0.602028 0.376830
-0.075085 0.600799 0.376726
-0.075255 0.599614 0.376627
-0.075424 0.598443 0.376531
-0.075562 0.597436 0.376450
-0.075706 0.596372 0.376366
-0.075858 0.595269 0.376278
-0.076016 0.594130 0.376187
-0.076221 0.592800 0.376080
-0.076388 0.591716 0.375995
-0.076595 0.590427 0.375889
-0.076763 0.589344 0.375802
-0.076980 0.588039 0.375694
-0.077158 0.586940 0.375606
-0.077376 0.585623 0.375499
-0.077593 0.584340 0.375396
-0.077772 0.583230 0.375309
-0.077959 0.582061 0.375218
-0.078150 0.580876 0.375129
-0.078389 0.579490 0.375023
-0.078584 0.578330 0.374936
-0.078781 0.577125 0.374847
-0.078984 0.575904 0.374757
-0.079237 0.574469 0.374650
-0.079446 0.573261 0.374561
-0.079703 0.571824 0.374454
-0.079905 0.570640 0.374370
-0.080149 0.569233 0.374269
-0.080343 0.568064 0.374185
-0.080580 0.566659 0.374082
-0.080770 0.565477 0.373999
-0.081005 0.564060 0.373900
-0.081193 0.562878 0.373820
-0.081382 0.561656 0.373739
-0.081616 0.560222 0.373642
-0.081843 0.558857 0.373552
-0.082023 0.557709 0.373478
-0.082247 0.556334 0.373388
-0.082468 0.555011 0.373302
-0.082647 0.553880 0.373232
-0.082830 0.552707 0.373161
-0.083014 0.551502 0.373089
-0.083203 0.550272 0.373018
-0.083435 0.548844 0.372936
-0.083612 0.547672 0.372872
-0.083780 0.546467 0.372807
-0.083983 0.545058 0.372730
-0.084143 0.543893 0.372670
-0.084308 0.542689 0.372610
-0.084508 0.541286 0.372538
-0.084703 0.539955 0.372472
-0.084858 0.538822 0.372419
-0.085050 0.537456 0.372356
-0.085237 0.536141 0.372297
-0.085388 0.535019 0.372251
-0.085547 0.533836 0.372204
-0.085719 0.532617 0.372155
-0.085897 0.531382 0.372106
-0.086077 0.530130 0.372058
-0.086260 0.528868 0.372011
-0.086488 0.527407 0.371956
-0.086671 0.526197 0.371914
-0.086857 0.524951 0.371872
-0.087049 0.523683 0.371832
-0.087291 0.522204 0.371784
-0.087484 0.520994 0.371748
-0.087684 0.519749 0.371713
-0.087893 0.518485 0.371679
-0.088152 0.517015 0.371637
-0.088406 0.515616 0.371598
-0.088612 0.514443 0.371568
-0.088867 0.513047 0.371531
-0.089076 0.511876 0.371504
-0.089294 0.510645 0.371477
-0.089526 0.509386 0.371450
-0.089810 0.507922 0.371420
-0.090040 0.506711 0.371400
-0.090272 0.505480 0.371381
-0.090514 0.504226 0.371365
-0.090760 0.502970 0.371350
-0.091057 0.501513 0.371334
-0.091297 0.500325 0.371325
-0.091546 0.499094 0.371318
-0.091848 0.497655 0.371310
-0.092137 0.496291 0.371303
-0.092372 0.495157 0.371302
-0.092661 0.493805 0.371299
-0.092899 0.492679 0.371300
-0.093198 0.491327 0.371301
-0.093447 0.490190 0.371305
-0.093755 0.488829 0.371309
-0.094056 0.487519 0.371315
-0.094308 0.486405 0.371322
-0.094579 0.485230 0.371330
-0.094868 0.484014 0.371339
-0.095220 0.482589 0.371348
-0.095565 0.481223 0.371357
-0.095858 0.480078 0.371367
-0.096225 0.478691 0.371379
-0.096533 0.477535 0.371390
-0.096917 0.476148 0.371401
-0.097299 0.474804 0.371413
-0.097622 0.473669 0.371425
-0.097966 0.472482 0.371438
-0.098399 0.471053 0.371452
-0.098765 0.469861 0.371464
-0.099222 0.468422 0.371476
-0.099615 0.467219 0.371487
-0.100039 0.465956 0.371497
-0.100568 0.464446 0.371506
-0.101021 0.463190 0.371512
-0.101590 0.461677 0.371515
-0.102153 0.460219 0.371516
-0.102637 0.459001 0.371516
-0.103253 0.457523 0.371511
-0.103775 0.456293 0.371507
-0.104408 0.454838 0.371496
-0.104942 0.453633 0.371486
-0.105514 0.452373 0.371473
-0.106012 0.451295 0.371461
-0.106695 0.449878 0.371440
-0.107491 0.448276 0.371412
-0.108245 0.446809 0.371386
-0.108972 0.445425 0.371359
-0.109577 0.444283 0.371340
-0.110218 0.443106 0.371319
-0.111014 0.441678 0.371291
-0.111697 0.440489 0.371269
-0.112414 0.439257 0.371246
-0.113267 0.437811 0.371218
-0.113985 0.436623 0.371197
-0.114874 0.435189 0.371171
-0.115627 0.433997 0.371152
-0.116428 0.432747 0.371133
-0.117355 0.431300 0.371111
-0.118114 0.430141 0.371098
-0.118894 0.428980 0.371086
-0.119736 0.427766 0.371077
-0.120623 0.426516 0.371069
-0.121661 0.425067 0.371060
-0.122497 0.423907 0.371058
-0.123505 0.422526 0.371056
-0.124352 0.421397 0.371059
-0.125381 0.420037 0.371064
-0.126230 0.418933 0.371072
-0.127229 0.417642 0.371082
-0.128052 0.416595 0.371095
-0.129035 0.415341 0.371111
-0.129970 0.414149 0.371130
-0.130881 0.412992 0.371153
-0.131770 0.411863 0.371178
-0.132515 0.410922 0.371203
-0.133292 0.409933 0.371229
-0.134210 0.408763 0.371261
-0.134954 0.407822 0.371290
-0.135866 0.406673 0.371325
-0.136624 0.405730 0.371360
-0.137393 0.404957 0.371416
-0.137842 0.404858 0.371504
-0.138368 0.404790 0.371608
-0.138791 0.404770 0.371697
-0.139271 0.404769 0.371801
-0.139715 0.404801 0.371903
-0.140093 0.404823 0.371988
-0.140562 0.404838 0.372089
-0.141040 0.404849 0.372188
-0.141451 0.404845 0.372271
-0.141948 0.404830 0.372370
-0.142379 0.404814 0.372452
-0.142826 0.404787 0.372533
-0.143335 0.404758 0.372627
-0.143760 0.404728 0.372703
-0.144208 0.404673 0.372779
-0.144649 0.404612 0.372853
-0.145098 0.404541 0.372925
-0.145575 0.404451 0.372997
-0.146137 0.404335 0.373077
-0.146606 0.404232 0.373143
-0.147108 0.404102 0.373207
-0.147703 0.403937 0.373281
-0.148215 0.403793 0.373342
-0.148819 0.403603 0.373413
-0.149310 0.403448 0.373471
-0.149837 0.403268 0.373529
-0.150445 0.403051 0.373596
-0.150955 0.402874 0.373652
-0.151482 0.402680 0.373709
-0.152100 0.402448 0.373775
-0.152672 0.402235 0.373836
-0.153248 0.402018 0.373896
-0.153759 0.401820 0.373945
-0.154392 0.401562 0.374002
-0.154941 0.401337 0.374051
-0.155578 0.401057 0.374108
-0.156178 0.400793 0.374162
-0.156710 0.400559 0.374208
-0.157260 0.400303 0.374254
-0.157826 0.400033 0.374302
-0.158472 0.399712 0.374357
-0.159085 0.399411 0.374412
-0.159681 0.399116 0.374464
-0.160179 0.398867 0.374506
-0.160786 0.398555 0.374554
-0.161307 0.398292 0.374594
-0.161942 0.397960 0.374639
-0.162579 0.397631 0.374683
-0.163133 0.397348 0.374721
-0.163768 0.397010 0.374767
-0.164362 0.396699 0.374812
-0.164924 0.396399 0.374855
-0.165402 0.396143 0.374891
-0.165911 0.395865 0.374928
-0.166439 0.395575 0.374966
-0.166986 0.395276 0.375005
-0.167591 0.394945 0.375050
-0.168158 0.394643 0.375092
-0.168655 0.394374 0.375130
-0.169251 0.394039 0.375175
-0.169751 0.393766 0.375214
-0.170352 0.393426 0.375258
-0.170866 0.393142 0.375295
-0.171487 0.392789 0.375337
-0.172001 0.392502 0.375373
-0.172617 0.392154 0.375415
-0.173140 0.391869 0.375452
-0.173685 0.391566 0.375488
-0.174321 0.391207 0.375531
-0.174854 0.390919 0.375568
-0.175399 0.390618 0.375607
-0.176012 0.390273 0.375653
-0.176511 0.389997 0.375693
-0.177025 0.389705 0.375730
-0.177534 0.389414 0.375769
-0.178129 0.389069 0.375814
-0.178632 0.388782 0.375852
-0.179150 0.388481 0.375891
-0.179741 0.388142 0.375935
-0.180228 0.387873 0.375971
-0.180810 0.387547 0.376013
-0.181371 0.387243 0.376053
-0.181935 0.386933 0.376092
-0.182505 0.386615 0.376130
-0.183011 0.386331 0.376164
-0.183628 0.385971 0.376205
-0.184151 0.385672 0.376240
-0.184774 0.385307 0.376281
-0.185304 0.385004 0.376317
-0.185871 0.384668 0.376354
-0.186454 0.384315 0.376392
-0.187045 0.383951 0.376432
-0.187723 0.383536 0.376477
-0.188372 0.383150 0.376522
-0.189019 0.382767 0.376567
-0.189581 0.382433 0.376605
-0.190174 0.382069 0.376643
-0.190771 0.381702 0.376682
-0.191366 0.381336 0.376721
-0.192052 0.380912 0.376766
-0.192698 0.380513 0.376811
-0.193339 0.380106 0.376857
-0.193905 0.379739 0.376897
-0.194513 0.379330 0.376940
-0.195141 0.378899 0.376986
-0.195880 0.378384 0.377041
-0.196494 0.377964 0.377086
-0.197225 0.377445 0.377139
-0.197836 0.377018 0.377184
-0.198571 0.376489 0.377236
-0.199200 0.376041 0.377280
-0.199957 0.375479 0.377335
-0.200595 0.375012 0.377381
-0.201158 0.374598 0.377422
-0.201989 0.373950 0.377483
-0.202659 0.373446 0.377536
-0.203450 0.372834 0.377601
-0.204208 0.372253 0.377665
-0.204956 0.371672 0.377730
-0.205703 0.371082 0.377795
-0.206358 0.370568 0.377854
-0.207155 0.369914 0.377926
-0.207839 0.369361 0.377990
-0.208555 0.368768 0.378057
-0.209284 0.368164 0.378126
-0.210024 0.367559 0.378196
-0.210872 0.366862 0.378280
-0.211571 0.366308 0.378351
-0.212291 0.365736 0.378425
-0.213130 0.365069 0.378512
-0.213837 0.364530 0.378586
-0.214575 0.363964 0.378663
-0.215441 0.363296 0.378756
-0.216168 0.362756 0.378833
-0.217037 0.362120 0.378926
-0.217882 0.361732 0.379012
-0.218620 0.361540 0.379084
-0.219520 0.361376 0.379168
-0.220393 0.361285 0.379251
-0.221154 0.361228 0.379320
-0.221961 0.361168 0.379395
-0.222798 0.361118 0.379473
-0.223656 0.361073 0.379554
-0.224633 0.361040 0.379651
-0.225563 0.361033 0.379746
-0.226360 0.361026 0.379825
-0.227204 0.360994 0.379908
-0.228196 0.360961 0.380007
-0.229041 0.360956 0.380089
-0.230050 0.360937 0.380188
-0.231033 0.360929 0.380284
-0.231889 0.360917 0.380365
-0.232787 0.360885 0.380451
-0.233847 0.360844 0.380557
-0.234737 0.360826 0.380648
-0.235818 0.360789 0.380760
-0.236738 0.360770 0.380855
-0.237709 0.360732 0.380955
-0.238704 0.360693 0.381059
-0.239865 0.360659 0.381181
-0.240973 0.360657 0.381295
-0.241916 0.360649 0.381390
-0.243038 0.360616 0.381506
-0.244130 0.360600 0.381620
-0.245073 0.360586 0.381716
-0.246061 0.360558 0.381820
-0.247238 0.360518 0.381944
-0.248229 0.360507 0.382048
-0.249415 0.360482 0.382178
-0.250417 0.360473 0.382287
-0.251463 0.360452 0.382402
-0.252703 0.360431 0.382542
-0.253896 0.360441 0.382677
-0.255064 0.360465 0.382809
-0.256240 0.360500 0.382940
-0.257421 0.360528 0.383072
-0.258469 0.360551 0.383188
-0.259589 0.360550 0.383314
-0.260908 0.360553 0.383470
-0.262020 0.360579 0.383601
-0.263184 0.360585 0.383740
-0.264387 0.360599 0.383886
-0.265797 0.360627 0.384062
-0.266971 0.360672 0.384209
-0.268355 0.360702 0.384388
-0.269508 0.360735 0.384537
-0.270716 0.360753 0.384694
-0.271947 0.360765 0.384858
-0.273373 0.360775 0.385052
-0.274725 0.360802 0.385238
-0.276051 0.360825 0.385421
-0.277202 0.360834 0.385579
-0.278584 0.360828 0.385776
-0.279758 0.360831 0.385942
-0.280989 0.360810 0.386116
-0.282248 0.360786 0.386300
-0.283526 0.360754 0.386492
-0.284822 0.360718 0.386689
-0.286122 0.360688 0.386894
-0.287433 0.360670 0.387104
-0.288937 0.360666 0.387350
-0.290190 0.360678 0.387555
-0.291675 0.360679 0.387800
-0.293091 0.360704 0.388036
-0.294300 0.360718 0.388234
-0.295751 0.360702 0.388479
-0.296987 0.360697 0.388686
-0.298456 0.360666 0.388937
-0.299706 0.360651 0.389152
-0.301199 0.360608 0.389414
-0.302457 0.360587 0.389636
-0.303968 0.360547 0.389907
-0.305235 0.360530 0.390137
-0.306737 0.360488 0.390418
-0.308000 0.360454 0.390656
-0.309316 0.360398 0.390906
-0.310664 0.360331 0.391163
-0.312205 0.360264 0.391464
-0.313489 0.360222 0.391713
-0.315019 0.360141 0.392020
-0.316306 0.360069 0.392278
-0.317848 0.359961 0.392591
-0.319144 0.359884 0.392854
-0.320490 0.359792 0.393129
-0.321867 0.359694 0.393415
-0.323451 0.359589 0.393749
-0.324761 0.359513 0.394029
-0.326113 0.359403 0.394324
-0.327670 0.359264 0.394675
-0.328952 0.359165 0.394966
-0.330254 0.359027 0.395264
-0.331569 0.358875 0.395564
-0.332883 0.358724 0.395866
-0.334197 0.358575 0.396170
-0.335682 0.358404 0.396516
-0.337070 0.358246 0.396842
-0.338235 0.358103 0.397114
-0.339439 0.357926 0.397397
-0.340832 0.357708 0.397727
-0.342149 0.357530 0.398040
-0.343257 0.357369 0.398303
-0.344394 0.357169 0.398577
-0.345715 0.356936 0.398903
-0.346801 0.356767 0.399169
-0.348060 0.356548 0.399483
-0.349104 0.356370 0.399740
-0.350321 0.356137 0.400046
-0.351461 0.355940 0.400330
-0.352403 0.355768 0.400567
-0.353366 0.355567 0.400814
-0.354463 0.355345 0.401106
-0.355354 0.355191 0.401342
-0.356246 0.355026 0.401582
-0.357143 0.354862 0.401824
-0.358148 0.354690 0.402100
-0.359077 0.354541 0.402352
