-0.800020 1.000021 0.249908 1.000000 0.000002 -0.000002 0.000048
-0.800021 1.000022 0.249944 1.000000 0.000000 -0.000003 0.000050
-0.800020 1.000023 0.249955 1.000000 -0.000000 -0.000002 0.000051
-0.800020 1.000023 0.249954 1.000000 -0.000002 -0.000002 0.000051
-0.800018 1.000023 0.249950 1.000000 0.000000 0.000002 0.000051
-0.800022 1.000024 0.249828 1.000000 -0.000002 -0.000005 0.000053
-0.800018 1.000020 0.249813 1.000000 0.000005 0.000003 0.000054
-0.800022 1.000025 0.249794 1.000000 -0.000005 -0.000005 0.000054
-0.800022 1.000021 0.249808 1.000000 0.000004 -0.000004 0.000056
-0.800019 1.000024 0.249820 1.000000 -0.000001 0.000001 0.000057
-0.800019 1.000023 0.249844 1.000000 0.000001 0.000003 0.000059
-0.800020 1.000024 0.249826 1.000000 -0.000002 0.000000 0.000060
-0.800022 1.000025 0.249791 1.000000 -0.000004 -0.000003 0.000062
-0.800022 1.000023 0.249828 1.000000 0.000001 -0.000004 0.000064
-0.800020 1.000021 0.249833 1.000000 0.000006 0.000002 0.000067
-0.800021 1.000026 0.249761 1.000000 -0.000003 -0.000000 0.000069
-0.800021 1.000023 0.249758 1.000000 0.000002 -0.000000 0.000071
-0.800022 1.000022 0.249871 1.000000 0.000004 -0.000001 0.000073
-0.800023 1.000023 0.249888 1.000000 0.000004 -0.000002 0.000075
-0.800024 1.000023 0.249836 1.000000 0.000003 -0.000003 0.000078
-0.800025 1.000026 0.249867 1.000000 -0.000001 -0.000003 0.000081
-0.800024 1.000028 0.249826 1.000000 -0.000005 -0.000001 0.000082
-0.800024 1.000025 0.249846 1.000000 0.000001 -0.000001 0.000084
-0.800023 1.000027 0.249857 1.000000 -0.000003 0.000002 0.000086
-0.800025 1.000024 0.249867 1.000000 0.000003 -0.000003 0.000086
-0.800025 1.000026 0.249898 1.000000 -0.000000 -0.000002 0.000087
-0.800026 1.000026 0.249902 1.000000 -0.000001 -0.000003 0.000089
-0.800024 1.000026 0.249896 1.000000 -0.000002 -0.000001 0.000090
-0.800024 1.000026 0.249906 1.000000 -0.000001 0.000000 0.000090
-0.800024 1.000026 0.249877 1.000000 -0.000001 0.000001 0.000092
-0.800025 1.000026 0.249932 1.000000 0.000000 -0.000001 0.000094
-0.800025 1.000027 0.249936 1.000000 -0.000001 -0.000000 0.000095
-0.800025 1.000025 0.249917 1.000000 0.000003 -0.000000 0.000097
-0.800024 1.000028 0.249901 1.000000 -0.000002 0.000001 0.000098
-0.800025 1.000028 0.249866 1.000000 -0.000002 -0.000001 0.000101
-0.800027 1.000026 0.249887 1.000000 0.000002 -0.000003 0.000101
-0.800027 1.000026 0.249904 1.000000 0.000002 -0.000002 0.000103
-0.800027 1.000027 0.249919 1.000000 0.000001 -0.000002 0.000103
-0.800026 1.000027 0.249931 1.000000 0.000000 0.000000 0.000105
-0.800026 1.000027 0.249915 1.000000 0.000001 -0.000001 0.000106
-0.800025 1.000028 0.249924 1.000000 -0.000001 0.000001 0.000107
-0.800025 1.000028 0.249931 1.000000 -0.000001 0.000001 0.000107
-0.800028 1.000025 0.249861 1.000000 0.000005 -0.000003 0.000108
-0.800028 1.000026 0.249832 1.000000 0.000003 -0.000003 0.000108
-0.800028 1.000029 0.249811 1.000000 -0.000002 -0.000003 0.000110
-0.800028 1.000029 0.249823 1.000000 -0.000003 -0.000003 0.000111
-0.800028 1.000030 0.249833 1.000000 -0.000004 -0.000002 0.000113
-0.800027 1.000028 0.249836 1.000000 0.000001 -0.000000 0.000114
-0.800026 1.000028 0.249871 1.000000 -0.000000 0.000001 0.000115
-0.800030 1.000029 0.249871 1.000000 -0.000001 -0.000005 0.000116
-0.800028 1.000025 0.249849 1.000000 0.000007 -0.000001 0.000117
-0.800025 1.000029 0.249830 1.000000 -0.000001 0.000005 0.000118
-0.800029 1.000025 0.249839 1.000000 0.000007 -0.000002 0.000119
-0.800030 1.000026 0.249835 1.000000 0.000005 -0.000004 0.000119
-0.800028 1.000029 0.249801 1.000000 0.000000 0.000001 0.000120
-0.800031 1.000029 0.249825 1.000000 -0.000000 -0.000004 0.000120
-0.800029 1.000031 0.249898 1.000000 -0.000004 -0.000001 0.000121
-0.800030 1.000029 0.249896 1.000000 -0.000000 -0.000001 0.000122
-0.800028 1.000031 0.249925 1.000000 -0.000002 0.000003 0.000123
-0.800030 1.000030 0.249911 1.000000 -0.000001 -0.000001 0.000124
-0.800030 1.000031 0.249930 1.000000 -0.000002 -0.000002 0.000126
-0.800030 1.000030 0.249920 1.000000 -0.000001 -0.000001 0.000126
-0.800030 1.000031 0.249944 1.000000 -0.000002 -0.000001 0.000127
-0.800031 1.000030 0.249945 1.000000 -0.000001 -0.000003 0.000127
-0.800031 1.000031 0.249935 1.000000 -0.000002 -0.000001 0.000128
-0.800032 1.000030 0.249933 1.000000 0.000000 -0.000003 0.000129
-0.800030 1.000032 0.249919 1.000000 -0.000003 0.000000 0.000131
-0.800031 1.000031 0.249921 1.000000 -0.000001 -0.000001 0.000131
-0.800032 1.000030 0.249926 1.000000 0.000002 -0.000003 0.000132
-0.800032 1.000029 0.249910 1.000000 0.000003 -0.000003 0.000134
-0.800033 1.000031 0.249887 1.000000 -0.000001 -0.000005 0.000134
-0.800029 1.000032 0.249867 1.000000 -0.000003 0.000003 0.000134
-0.800033 1.000031 0.249859 1.000000 0.000000 -0.000004 0.000135
-0.800031 1.000029 0.249837 1.000000 0.000004 -0.000001 0.000136
-0.800028 1.000032 0.249794 1.000000 -0.000001 0.000006 0.000138
-0.800030 1.000032 0.249814 1.000000 -0.000001 0.000002 0.000139
-0.800034 1.000031 0.249828 1.000000 0.000001 -0.000004 0.000141
-0.800028 1.000034 0.249834 1.000000 -0.000004 0.000008 0.000142
-0.800032 1.000030 0.249774 1.000000 0.000003 -0.000000 0.000143
-0.800033 1.000034 0.249775 1.000000 -0.000003 -0.000003 0.000144
-0.800032 1.000038 0.249758 1.000000 -0.000011 0.000001 0.000145
-0.800031 1.000030 0.249743 1.000000 0.000004 0.000002 0.000145
-0.800031 1.000034 0.249780 1.000000 -0.000003 0.000002 0.000146
-0.800032 1.000031 0.249799 1.000000 0.000004 0.000001 0.000146
-0.800033 1.000035 0.249817 1.000000 -0.000005 -0.000000 0.000148
-0.800034 1.000030 0.249811 1.000000 0.000005 -0.000003 0.000149
-0.800034 1.000032 0.249772 1.000000 0.000003 -0.000002 0.000150
-0.800032 1.000032 0.249768 1.000000 0.000002 0.000002 0.000151
-0.800034 1.000034 0.249777 1.000000 -0.000002 -0.000001 0.000153
-0.800033 1.000032 0.249775 1.000000 0.000002 -0.000000 0.000154
-0.800030 1.000039 0.249763 1.000000 -0.000011 0.000006 0.000155
-0.800032 1.000033 0.249763 1.000000 -0.000001 0.000002 0.000155
-0.800034 1.000034 0.249766 1.000000 -0.000002 -0.000001 0.000156
-0.800033 1.000033 0.249910 1.000000 0.000001 0.000000 0.000157
-0.800033 1.000033 0.249916 1.000000 0.000001 0.000001 0.000158
-0.800033 1.000035 0.249903 1.000000 -0.000002 0.000002 0.000158
-0.800037 1.000034 0.249841 1.000000 -0.000001 -0.000006 0.000160
-0.800033 1.000034 0.249826 1.000000 0.000000 0.000002 0.000160
-0.800035 1.000033 0.249843 1.000000 0.000003 -0.000001 0.000160
-0.800035 1.000034 0.249852 1.000000 0.000000 -0.000001 0.000161
-0.800034 1.000034 0.249884 1.000000 -0.000001 0.000002 0.000161
-0.800035 1.000035 0.249923 1.000000 -0.000001 -0.000000 0.000162
-0.800037 1.000034 0.249931 1.000000 0.000001 -0.000002 0.000162
-0.800036 1.000035 0.249871 1.000000 -0.000000 0.000000 0.000164
-0.800037 1.000033 0.249875 1.000000 0.000004 -0.000003 0.000164
-0.800038 1.000034 0.249863 1.000000 0.000003 -0.000004 0.000165
-0.800037 1.000036 0.249888 1.000000 -0.000001 -0.000001 0.000165
-0.800038 1.000035 0.249910 1.000000 0.000002 -0.000004 0.000166
-0.800035 1.000036 0.249869 1.000000 -0.000001 0.000002 0.000167
-0.800038 1.000036 0.249872 1.000000 0.000000 -0.000002 0.000168
-0.800037 1.000035 0.249865 1.000000 0.000001 -0.000001 0.000169
-0.800037 1.000037 0.249891 1.000000 -0.000003 -0.000000 0.000170
-0.800038 1.000036 0.249907 1.000000 0.000001 -0.000002 0.000171
-0.800039 1.000035 0.249910 1.000000 0.000003 -0.000003 0.000171
-0.800038 1.000037 0.249937 1.000000 -0.000002 -0.000002 0.000172
-0.800038 1.000036 0.249889 1.000000 0.000001 -0.000001 0.000174
-0.800038 1.000036 0.249930 1.000000 0.000000 -0.000002 0.000175
-0.800039 1.000036 0.249950 1.000000 0.000000 -0.000004 0.000176
-0.390058 0.625055 0.249932 1.000000 0.000004 -0.000001 0.000449
-0.390058 0.625057 0.249812 1.000000 -0.000000 -0.000000 0.000454
-0.390059 0.625058 0.249819 1.000000 -0.000002 -0.000002 0.000458
-0.390058 0.625056 0.249837 1.000000 0.000002 -0.000000 0.000460
-0.390057 0.625058 0.249881 1.000000 -0.000003 0.000001 0.000462
-0.390058 0.625055 0.249876 1.000000 0.000004 -0.000002 0.000463
-0.390058 0.625052 0.249824 1.000000 0.000010 -0.000001 0.000465
-0.390056 0.625056 0.249818 1.000000 0.000002 0.000003 0.000468
-0.390058 0.625060 0.249804 1.000000 -0.000006 -0.000002 0.000468
-0.390054 0.625055 0.249781 1.000000 0.000004 0.000005 0.000469
-0.390058 0.625059 0.249765 1.000000 -0.000003 -0.000002 0.000470
-0.390057 0.625058 0.249831 1.000000 -0.000001 0.000001 0.000472
-0.390058 0.625058 0.249848 1.000000 -0.000002 -0.000002 0.000474
-0.390058 0.625058 0.249894 1.000000 -0.000002 -0.000001 0.000478
-0.390059 0.625057 0.249882 1.000000 0.000000 -0.000004 0.000478
-0.390057 0.625057 0.249905 1.000000 0.000000 -0.000000 0.000481
-0.390058 0.625058 0.249895 1.000000 -0.000001 -0.000003 0.000482
-0.390059 0.625058 0.249883 1.000000 -0.000000 -0.000005 0.000484
-0.390058 0.625058 0.249871 1.000000 -0.000000 -0.000002 0.000485
-0.390058 0.625060 0.249890 1.000000 -0.000004 -0.000003 0.000489
-0.390055 0.625060 0.249847 1.000000 -0.000003 0.000003 0.000493
-0.390057 0.625060 0.249824 1.000000 -0.000004 -0.000000 0.000496
-0.390057 0.625058 0.249892 1.000000 0.000001 -0.000001 0.000500
-0.390055 0.625060 0.249850 1.000000 -0.000003 0.000003 0.000504
-0.390059 0.625060 0.249873 1.000000 -0.000004 -0.000004 0.000507
-0.390055 0.625057 0.249847 1.000000 0.000003 0.000003 0.000507
-0.390056 0.625062 0.249817 1.000000 -0.000005 0.000001 0.000531
-0.390056 0.625058 0.249879 1.000000 0.000003 -0.000000 0.000534
-0.390057 0.625058 0.249900 1.000000 0.000003 -0.000002 0.000538
-0.390057 0.625065 0.249813 1.000000 -0.000010 -0.000002 0.000542
-0.390057 0.625060 0.249844 1.000000 0.000000 -0.000003 0.000544
-0.390056 0.625062 0.249869 1.000000 -0.000003 0.000000 0.000547
-0.390057 0.625060 0.249906 1.000000 0.000001 -0.000002 0.000550
-0.390057 0.625059 0.249944 1.000000 0.000002 -0.000002 0.000551
-0.390055 0.625060 0.249834 1.000000 0.000002 0.000003 0.000554
-0.390055 0.625063 0.249859 1.000000 -0.000005 0.000003 0.000558
-0.390054 0.625060 0.249828 1.000000 0.000002 0.000004 0.000563
-0.390058 0.625057 0.249814 1.000000 0.000007 -0.000003 0.000567
-0.390059 0.625062 0.249781 1.000000 -0.000003 -0.000005 0.000570
-0.390054 0.625063 0.249788 1.000000 -0.000003 0.000004 0.000572
-0.390055 0.625059 0.249842 1.000000 0.000003 0.000001 0.000576
-0.390057 0.625060 0.249894 1.000000 0.000002 -0.000003 0.000580
-0.390056 0.625062 0.249865 1.000000 -0.000001 0.000001 0.000583
-0.390056 0.625061 0.249911 1.000000 0.000001 0.000001 0.000586
-0.390056 0.625061 0.249939 1.000000 0.000001 0.000001 0.000588
-0.390057 0.625062 0.249887 1.000000 -0.000001 -0.000001 0.000592
-0.390056 0.625061 0.249853 1.000000 0.000003 -0.000001 0.000598
-0.390056 0.625062 0.249896 1.000000 0.000000 -0.000001 0.000601
-0.390056 0.625061 0.249953 1.000000 0.000002 -0.000001 0.000603
-0.390055 0.625063 0.249925 1.000000 -0.000002 0.000001 0.000604
-0.390057 0.625061 0.249933 1.000000 0.000002 -0.000002 0.000606
-0.390055 0.625062 0.249858 1.000000 0.000000 0.000002 0.000611
-0.390056 0.625062 0.249923 1.000000 0.000001 -0.000001 0.000614
-0.390056 0.625061 0.249923 1.000000 0.000003 -0.000001 0.000615
-0.390055 0.625063 0.249900 1.000000 0.000000 0.000002 0.000617
-0.390058 0.625066 0.249853 1.000000 -0.000006 -0.000004 0.000620
-0.390053 0.625066 0.249760 1.000000 -0.000007 0.000005 0.000622
-0.390056 0.625060 0.249831 1.000000 0.000005 -0.000001 0.000625
-0.390058 0.625063 0.249859 1.000000 0.000001 -0.000005 0.000630
-0.390056 0.625060 0.249862 1.000000 0.000006 -0.000002 0.000634
-0.390059 0.625065 0.249820 1.000000 -0.000002 -0.000008 0.000638
-0.390056 0.625065 0.249799 1.000000 -0.000003 -0.000002 0.000640
-0.390055 0.625063 0.249833 1.000000 0.000002 -0.000000 0.000644
-0.390055 0.625064 0.249889 1.000000 -0.000001 0.000001 0.000647
-0.390055 0.625063 0.249889 1.000000 0.000001 -0.000001 0.000649
-0.390058 0.625065 0.249838 1.000000 -0.000002 -0.000006 0.000652
-0.390055 0.625064 0.249897 1.000000 0.000000 -0.000001 0.000654
-0.390055 0.625064 0.249946 1.000000 0.000001 -0.000000 0.000655
-0.390057 0.625063 0.249910 1.000000 0.000002 -0.000002 0.000656
-0.390057 0.625063 0.249898 1.000000 0.000002 -0.000003 0.000657
-0.390056 0.625061 0.249863 1.000000 0.000007 -0.000001 0.000659
-0.390056 0.625064 0.249811 1.000000 0.000000 -0.000000 0.000663
-0.390057 0.625063 0.249935 1.000000 0.000004 -0.000002 0.000664
-0.390056 0.625065 0.249928 1.000000 -0.000000 -0.000002 0.000666
-0.390054 0.625065 0.249878 1.000000 0.000001 0.000003 0.000670
-0.390057 0.625065 0.249854 1.000000 0.000000 -0.000002 0.000673
-0.390056 0.625066 0.249924 1.000000 -0.000002 -0.000002 0.000676
-0.390057 0.625064 0.249868 1.000000 0.000002 -0.000003 0.000679
-0.390055 0.625064 0.249869 1.000000 0.000003 -0.000000 0.000683
-0.390055 0.625065 0.249909 1.000000 0.000001 0.000001 0.000686
-0.390056 0.625064 0.249937 1.000000 0.000003 -0.000001 0.000687
-0.390055 0.625063 0.249907 1.000000 0.000004 0.000000 0.000690
-0.390056 0.625065 0.249885 1.000000 0.000002 -0.000001 0.000692
-0.390055 0.625064 0.249879 1.000000 0.000003 0.000000 0.000695
-0.390054 0.625067 0.249877 1.000000 -0.000001 0.000002 0.000698
-0.390055 0.625067 0.249909 1.000000 -0.000001 -0.000001 0.000700
-0.390055 0.625062 0.249862 1.000000 0.000008 -0.000000 0.000704
-0.390055 0.625065 0.249846 1.000000 0.000003 0.000000 0.000708
-0.390056 0.625065 0.249770 1.000000 0.000003 -0.000001 0.000710
-0.390055 0.625067 0.249788 1.000000 -0.000001 -0.000001 0.000712
-0.390056 0.625066 0.249837 1.000000 0.000001 -0.000002 0.000715
-0.390056 0.625067 0.249866 1.000000 0.000000 -0.000001 0.000718
-0.390055 0.625067 0.249924 1.000000 -0.000001 0.000000 0.000719
-0.390055 0.625066 0.249886 1.000000 0.000002 -0.000000 0.000722
-0.390054 0.625066 0.249889 1.000000 0.000002 0.000001 0.000725
-0.390056 0.625068 0.249856 1.000000 -0.000002 -0.000002 0.000728
-0.390055 0.625067 0.249924 1.000000 0.000001 -0.000001 0.000732
-0.390055 0.625067 0.249898 1.000000 0.000000 -0.000001 0.000734
-0.390053 0.625067 0.249861 1.000000 0.000001 0.000004 0.000737
-0.390055 0.625067 0.249832 1.000000 0.000001 -0.000002 0.000740
-0.390055 0.625069 0.249861 1.000000 -0.000003 -0.000002 0.000745
-0.390056 0.625068 0.249849 1.000000 0.000001 -0.000004 0.000750
-0.390054 0.625067 0.249891 1.000000 0.000001 0.000001 0.000753
-0.390055 0.625069 0.249874 1.000000 -0.000001 -0.000001 0.000757
-0.390055 0.625067 0.249814 1.000000 0.000003 -0.000002 0.000760
-0.390053 0.625070 0.249829 1.000000 -0.000003 0.000002 0.000764
-0.390056 0.625068 0.249918 1.000000 0.000001 -0.000003 0.000766
-0.390055 0.625068 0.249926 1.000000 0.000002 -0.000001 0.000767
-0.390054 0.625066 0.249875 1.000000 0.000006 0.000000 0.000769
-0.390055 0.625071 0.249857 1.000000 -0.000005 -0.000002 0.000772
-0.390055 0.625068 0.249824 1.000000 0.000002 -0.000001 0.000774
-0.390055 0.625069 0.249878 1.000000 0.000001 -0.000001 0.000777
-0.390053 0.625070 0.249933 1.000000 -0.000001 0.000003 0.000779
-0.390056 0.625069 0.249924 1.000000 -0.000000 -0.000003 0.000780
-0.390054 0.625070 0.249877 1.000000 -0.000001 0.000001 0.000781
-0.390056 0.625069 0.249905 1.000000 0.000001 -0.000002 0.000783
-0.390055 0.625071 0.249872 1.000000 -0.000002 -0.000001 0.000786
-0.390056 0.625070 0.249861 1.000000 -0.000001 -0.000003 0.000790
-0.390054 0.625069 0.249868 1.000000 0.000003 0.000000 0.000794
-0.390054 0.625070 0.249900 1.000000 0.000001 -0.000000 0.000797
-0.390053 0.625072 0.249905 1.000000 -0.000003 0.000003 0.000799
-0.390054 0.625070 0.249928 1.000000 0.000001 0.000001 0.000801
-0.390053 0.625071 0.249843 1.000000 -0.000002 0.000003 0.000805
-0.390055 0.625072 0.249860 1.000000 -0.000003 -0.000002 0.000807
-0.390055 0.625069 0.249894 1.000000 0.000003 -0.000001 0.000810
-0.390056 0.625072 0.249890 1.000000 -0.000001 -0.000003 0.000814
-0.390053 0.625071 0.249881 1.000000 -0.000001 0.000002 0.000817
-0.390054 0.625071 0.249917 1.000000 0.000001 -0.000000 0.000819
-0.390054 0.625072 0.249908 1.000000 -0.000002 -0.000000 0.000821
-0.390055 0.625071 0.249950 1.000000 0.000002 -0.000001 0.000823
-0.390054 0.625070 0.249887 1.000000 0.000003 -0.000001 0.000825
-0.390055 0.625072 0.249881 1.000000 -0.000000 -0.000003 0.000830
-0.390054 0.625072 0.249918 1.000000 -0.000001 -0.000001 0.000832
-0.390055 0.625071 0.249912 1.000000 0.000002 -0.000003 0.000834
-0.390053 0.625072 0.249915 1.000000 0.000001 0.000002 0.000837
-0.390054 0.625072 0.249953 1.000000 0.000000 -0.000001 0.000838
-0.390053 0.625072 0.249906 1.000000 0.000000 0.000001 0.000841
-0.390054 0.625072 0.249947 1.000000 0.000001 -0.000000 0.000842
-0.390054 0.625073 0.249899 1.000000 -0.000001 -0.000000 0.000844
-0.390054 0.625072 0.249928 1.000000 0.000000 -0.000001 0.000846
-0.390055 0.625071 0.249910 1.000000 0.000003 -0.000001 0.000848
-0.390054 0.625076 0.249866 1.000000 -0.000006 -0.000001 0.000852
-0.390056 0.625070 0.249781 1.000000 0.000005 -0.000005 0.000856
-0.390055 0.625078 0.249778 1.000000 -0.000010 -0.000002 0.000858
-0.390053 0.625074 0.249836 1.000000 -0.000002 0.000001 0.000860
-0.390054 0.625073 0.249865 1.000000 0.000001 -0.000001 0.000863
-0.390053 0.625073 0.249901 1.000000 0.000000 0.000002 0.000866
-0.390054 0.625071 0.249937 1.000000 0.000004 -0.000001 0.000868
-0.390054 0.625074 0.249882 1.000000 -0.000001 -0.000001 0.000871
-0.390054 0.625075 0.249884 1.000000 -0.000003 -0.000001 0.000874
-0.390054 0.625073 0.249846 1.000000 0.000000 -0.000000 0.000878
-0.390053 0.625073 0.249840 1.000000 0.000002 0.000001 0.000882
-0.390053 0.625073 0.249866 1.000000 0.000002 0.000001 0.000883
-0.390055 0.625074 0.249899 1.000000 0.000001 -0.000003 0.000887
-0.390053 0.625074 0.249928 1.000000 0.000000 0.000000 0.000889
-0.390054 0.625073 0.249905 1.000000 0.000003 -0.000000 0.000891
-0.390054 0.625075 0.249907 1.000000 -0.000001 -0.000001 0.000894
-0.390053 0.625075 0.249906 1.000000 -0.000000 0.000002 0.000895
-0.390051 0.625073 0.249798 1.000000 0.000003 0.000005 0.000897
-0.390053 0.625074 0.249766 1.000000 0.000002 0.000001 0.000899
-0.390055 0.625075 0.249851 1.000000 -0.000001 -0.000003 0.000902
-0.390055 0.625076 0.249850 1.000000 -0.000002 -0.000004 0.000905
-0.390052 0.625075 0.249779 1.000000 0.000001 0.000003 0.000909
-0.390051 0.625076 0.249800 1.000000 -0.000001 0.000004 0.000912
-0.390055 0.625074 0.249825 1.000000 0.000002 -0.000003 0.000916
-0.390053 0.625076 0.249914 1.000000 -0.000000 -0.000000 0.000920
-0.390054 0.625076 0.249897 1.000000 -0.000001 -0.000001 0.000921
-0.390053 0.625076 0.249846 1.000000 -0.000000 -0.000000 0.000923
-0.390053 0.625076 0.249861 1.000000 -0.000000 0.000000 0.000926
-0.390053 0.625076 0.249832 1.000000 -0.000001 -0.000000 0.000928
-0.390054 0.625075 0.249920 1.000000 0.000002 -0.000001 0.000930
-0.390054 0.625078 0.249923 1.000000 -0.000004 -0.000001 0.000931
-0.390052 0.625076 0.249911 1.000000 -0.000000 0.000003 0.000932
-0.390053 0.625076 0.249910 1.000000 0.000001 0.000001 0.000934
-0.390054 0.625074 0.249860 1.000000 0.000004 -0.000000 0.000936
-0.390054 0.625077 0.249911 1.000000 -0.000001 -0.000001 0.000939
-0.390054 0.625077 0.249864 1.000000 -0.000000 -0.000001 0.000944
-0.390055 0.625078 0.249844 1.000000 -0.000002 -0.000004 0.000948
-0.390052 0.625076 0.249843 1.000000 0.000002 0.000002 0.000951
-0.390054 0.625078 0.249882 1.000000 -0.000003 -0.000003 0.000955
-0.390053 0.625080 0.249843 1.000000 -0.000005 -0.000001 0.000960
-0.390052 0.625077 0.249925 1.000000 0.000001 0.000001 0.000963
-0.390051 0.625080 0.249835 1.000000 -0.000004 0.000003 0.000965
-0.390053 0.625077 0.249896 1.000000 0.000001 -0.000000 0.000967
-0.390052 0.625078 0.249928 1.000000 -0.000000 0.000001 0.000968
-0.390053 0.625077 0.249939 1.000000 0.000001 -0.000000 0.000969
-0.390054 0.625075 0.249877 1.000000 0.000006 -0.000002 0.000971
-0.390053 0.625079 0.249918 1.000000 -0.000001 -0.000001 0.000974
-0.390053 0.625078 0.249881 1.000000 -0.000000 -0.000000 0.000978
-0.390053 0.625079 0.249930 1.000000 -0.000001 -0.000000 0.000980
-0.390054 0.625078 0.249932 1.000000 0.000000 -0.000003 0.000981
-0.390053 0.625076 0.249885 1.000000 0.000004 -0.000001 0.000985
-0.390053 0.625077 0.249921 1.000000 0.000002 -0.000002 0.000987
-0.390052 0.625078 0.249887 1.000000 0.000002 0.000000 0.000990
-0.390054 0.625079 0.249896 1.000000 -0.000001 -0.000003 0.000992
-0.390051 0.625077 0.249839 1.000000 0.000004 0.000003 0.000994
-0.390053 0.625080 0.249823 1.000000 -0.000003 -0.000002 0.000996
-0.390054 0.625080 0.249832 1.000000 -0.000002 -0.000003 0.001000
-0.390053 0.625078 0.249902 0.999999 0.000002 -0.000001 0.001001
-0.390053 0.625079 0.249912 0.999999 0.000001 -0.000002 0.001002
-0.390052 0.625078 0.249835 0.999999 0.000002 0.000001 0.001005
-0.390052 0.625078 0.249875 0.999999 0.000003 0.000000 0.001008
-0.390053 0.625079 0.249906 0.999999 0.000001 -0.000001 0.001009
-0.390053 0.625078 0.249939 0.999999 0.000003 -0.000001 0.001011
-0.390052 0.625079 0.249897 0.999999 0.000001 -0.000000 0.001015
-0.390052 0.625080 0.249888 0.999999 -0.000001 0.000001 0.001017
-0.390051 0.625079 0.249871 0.999999 0.000001 0.000003 0.001020
-0.390053 0.625081 0.249910 0.999999 -0.000001 -0.000001 0.001022
-0.390054 0.625080 0.249860 0.999999 -0.000000 -0.000004 0.001026
-0.390052 0.625080 0.249891 0.999999 0.000001 -0.000001 0.001030
-0.390051 0.625081 0.249906 0.999999 -0.000002 0.000001 0.001032
-0.390050 0.625085 0.249868 0.999999 -0.000010 0.000003 0.001034
-0.390051 0.625081 0.249844 0.999999 -0.000001 0.000001 0.001037
-0.390048 0.625078 0.249776 0.999999 0.000006 0.000007 0.001039
-0.390053 0.625080 0.249786 0.999999 0.000001 -0.000002 0.001042
-0.390053 0.625083 0.249791 0.999999 -0.000005 -0.000002 0.001044
-0.390053 0.625080 0.249857 0.999999 0.000002 -0.000002 0.001048
-0.390052 0.625081 0.249904 0.999999 0.000001 -0.000001 0.001051
-0.390052 0.625081 0.249898 0.999999 -0.000000 -0.000001 0.001053
-0.390051 0.625082 0.249902 0.999999 -0.000002 0.000001 0.001056
-0.390053 0.625081 0.249872 0.999999 0.000001 -0.000003 0.001059
-0.390052 0.625082 0.249925 0.999999 -0.000001 0.000000 0.001060
-0.390052 0.625083 0.249885 0.999999 -0.000003 -0.000000 0.001062
-0.390052 0.625082 0.249861 0.999999 -0.000001 0.000000 0.001065
-0.390052 0.625080 0.249833 0.999999 0.000004 -0.000000 0.001068
-0.390052 0.625082 0.249888 0.999999 -0.000000 -0.000001 0.001071
-0.390054 0.625083 0.249778 0.999999 -0.000002 -0.000004 0.001073
-0.390054 0.625083 0.249792 0.999999 -0.000002 -0.000005 0.001076
-0.390054 0.625082 0.249837 0.999999 -0.000000 -0.000003 0.001080
-0.390052 0.625082 0.249897 0.999999 -0.000000 -0.000000 0.001082
-0.390052 0.625082 0.249933 0.999999 0.000001 -0.000000 0.001084
-0.390052 0.625082 0.249901 0.999999 0.000000 -0.000001 0.001085
-0.390052 0.625082 0.249920 0.999999 0.000001 -0.000001 0.001086
-0.390053 0.625082 0.249940 0.999999 0.000002 -0.000002 0.001088
-0.390055 0.625081 0.249847 0.999999 0.000003 -0.000006 0.001089
-0.390053 0.625085 0.249767 0.999999 -0.000006 -0.000001 0.001092
-0.390053 0.625085 0.249789 0.999999 -0.000005 -0.000003 0.001094
-0.390054 0.625083 0.249821 0.999999 -0.000000 -0.000004 0.001097
-0.390052 0.625085 0.249864 0.999999 -0.000004 0.000000 0.001097
-0.390052 0.625082 0.249851 0.999999 0.000002 -0.000000 0.001100
-0.390053 0.625082 0.249891 0.999999 0.000002 -0.000002 0.001103
-0.390054 0.625084 0.249926 0.999999 -0.000001 -0.000002 0.001104
-0.390052 0.625081 0.249907 0.999999 0.000003 0.000001 0.001107
-0.390052 0.625085 0.249905 0.999999 -0.000004 -0.000000 0.001110
-0.390053 0.625083 0.249928 0.999999 -0.000000 -0.000001 0.001113
-0.390053 0.625082 0.249918 0.999999 0.000002 -0.000001 0.001114
-0.390051 0.625084 0.249900 0.999999 -0.000001 0.000002 0.001117
-0.390051 0.625084 0.249873 0.999999 -0.000000 0.000003 0.001120
-0.390054 0.625083 0.249815 0.999999 0.000001 -0.000003 0.001122
-0.390051 0.625085 0.249863 0.999999 -0.000003 0.000001 0.001125
-0.390053 0.625085 0.249919 0.999999 -0.000002 -0.000001 0.001127
-0.390051 0.625082 0.249837 0.999999 0.000004 0.000003 0.001129
-0.390052 0.625084 0.249793 0.999999 -0.000001 -0.000001 0.001132
-0.390053 0.625085 0.249829 0.999999 -0.000003 -0.000002 0.001135
-0.390053 0.625086 0.249878 0.999999 -0.000004 -0.000003 0.001141
-0.390050 0.625086 0.249818 0.999999 -0.000003 0.000003 0.001145
-0.390052 0.625087 0.249849 0.999999 -0.000005 -0.000000 0.001148
-0.390052 0.625083 0.249898 0.999999 0.000003 -0.000001 0.001152
-0.390052 0.625084 0.249907 0.999999 0.000001 -0.000000 0.001155
-0.390052 0.625085 0.249834 0.999999 0.000000 -0.000000 0.001158
-0.390051 0.625084 0.249888 0.999999 0.000001 -0.000000 0.001160
-0.390052 0.625084 0.249901 0.999999 0.000001 -0.000002 0.001161
-0.390053 0.625084 0.249914 0.999999 0.000002 -0.000002 0.001164
-0.390053 0.625086 0.249889 0.999999 -0.000001 -0.000002 0.001165
-0.390053 0.625084 0.249863 0.999999 0.000003 -0.000002 0.001169
-0.390052 0.625085 0.249880 0.999999 0.000000 -0.000001 0.001172
-0.390052 0.625085 0.249893 0.999999 0.000001 -0.000002 0.001174
-0.390051 0.625085 0.249881 0.999999 0.000002 0.000001 0.001176
-0.390053 0.625084 0.249878 0.999999 0.000003 -0.000004 0.001179
-0.390051 0.625086 0.249818 0.999999 0.000000 0.000001 0.001182
-0.390053 0.625086 0.249841 0.999999 -0.000000 -0.000003 0.001185
-0.390053 0.625087 0.249847 0.999999 -0.000002 -0.000003 0.001189
-0.390051 0.625087 0.249844 0.999999 -0.000001 0.000001 0.001192
-0.390052 0.625086 0.249826 0.999999 0.000001 -0.000002 0.001196
-0.390052 0.625086 0.249882 0.999999 0.000001 -0.000002 0.001200
-0.390052 0.625086 0.249869 0.999999 0.000001 -0.000000 0.001202
-0.390052 0.625088 0.249823 0.999999 -0.000003 -0.000002 0.001203
-0.390052 0.625088 0.249825 0.999999 -0.000002 -0.000000 0.001207
-0.390054 0.625087 0.249840 0.999999 0.000000 -0.000005 0.001211
-0.390052 0.625086 0.249881 0.999999 0.000001 -0.000001 0.001213
-0.390053 0.625087 0.249882 0.999999 0.000001 -0.000003 0.001216
-0.390051 0.625085 0.249819 0.999999 0.000004 0.000002 0.001219
-0.390051 0.625093 0.249807 0.999999 -0.000012 0.000001 0.001222
-0.390050 0.625088 0.249802 0.999999 -0.000001 0.000003 0.001224
-0.390053 0.625090 0.249796 0.999999 -0.000004 -0.000001 0.001226
-0.390054 0.625085 0.249849 0.999999 0.000005 -0.000003 0.001231
-0.390051 0.625089 0.249852 0.999999 -0.000002 0.000002 0.001234
-0.390053 0.625086 0.249884 0.999999 0.000003 -0.000001 0.001237
-0.390052 0.625089 0.249913 0.999999 -0.000001 0.000000 0.001240
-0.390052 0.625087 0.249933 0.999999 0.000001 -0.000001 0.001241
-0.390052 0.625088 0.249896 0.999999 -0.000000 -0.000001 0.001242
-0.390052 0.625090 0.249940 0.999999 -0.000003 -0.000001 0.001244
-0.390052 0.625088 0.249882 0.999999 0.000000 0.000000 0.001248
-0.390053 0.625088 0.249915 0.999999 0.000001 -0.000002 0.001250
-0.390053 0.625087 0.249911 0.999999 0.000003 -0.000002 0.001252
-0.390051 0.625088 0.249921 0.999999 0.000001 0.000002 0.001254
-0.390052 0.625088 0.249929 0.999999 0.000001 -0.000001 0.001256
-0.390054 0.625088 0.249904 0.999999 0.000002 -0.000004 0.001258
-0.390051 0.625090 0.249843 0.999999 -0.000003 0.000002 0.001262
-0.390052 0.625088 0.249835 0.999999 0.000001 -0.000000 0.001263
-0.390051 0.625088 0.249897 0.999999 0.000002 0.000003 0.001264
-0.390054 0.625088 0.249787 0.999999 0.000002 -0.000003 0.001266
-0.390051 0.625088 0.249809 0.999999 0.000002 0.000002 0.001268
-0.390052 0.625087 0.249828 0.999999 0.000005 -0.000001 0.001272
-0.390053 0.625090 0.249866 0.999999 -0.000000 -0.000003 0.001276
-0.390053 0.625090 0.249847 0.999999 -0.000001 -0.000003 0.001279
-0.390054 0.625086 0.249849 0.999999 0.000006 -0.000004 0.001282
-0.390053 0.625089 0.249823 0.999999 0.000001 -0.000002 0.001283
-0.390052 0.625091 0.249881 0.999999 -0.000003 -0.000000 0.001287
-0.390052 0.625090 0.249908 0.999999 0.000000 -0.000001 0.001289
-0.390052 0.625091 0.249881 0.999999 -0.000001 -0.000001 0.001293
-0.390053 0.625087 0.249840 0.999999 0.000007 -0.000002 0.001296
-0.390053 0.625090 0.249857 0.999999 -0.000000 -0.000003 0.001298
-0.390052 0.625092 0.249824 0.999999 -0.000003 0.000000 0.001300
-0.390054 0.625089 0.249870 0.999999 0.000002 -0.000003 0.001302
-0.390051 0.625091 0.249834 0.999999 -0.000000 0.000002 0.001304
-0.390053 0.625091 0.249922 0.999999 -0.000001 -0.000001 0.001306
-0.390053 0.625090 0.249919 0.999999 0.000000 -0.000002 0.001308
-0.390053 0.625091 0.249907 0.999999 -0.000000 -0.000002 0.001311
-0.390051 0.625090 0.249856 0.999999 0.000000 0.000003 0.001315
-0.390053 0.625091 0.249886 0.999999 -0.000000 -0.000001 0.001317
-0.390052 0.625090 0.249916 0.999999 0.000002 0.000000 0.001320
-0.390053 0.625090 0.249898 0.999999 0.000002 -0.000001 0.001322
-0.390052 0.625092 0.249845 0.999999 -0.000003 -0.000000 0.001326
-0.390051 0.625092 0.249831 0.999999 -0.000002 0.000002 0.001330
-0.390052 0.625089 0.249853 0.999999 0.000005 -0.000000 0.001333
-0.390053 0.625092 0.249915 0.999999 -0.000000 -0.000002 0.001336
-0.390053 0.625092 0.249939 0.999999 -0.000000 -0.000002 0.001338
-0.390053 0.625090 0.249948 0.999999 0.000003 -0.000002 0.001340
-0.390051 0.625093 0.249925 0.999999 -0.000002 0.000002 0.001341
-0.390053 0.625090 0.249921 0.999999 0.000004 -0.000002 0.001343
-0.390054 0.625092 0.249882 0.999999 0.000000 -0.000004 0.001347
-0.390053 0.625092 0.249902 0.999999 0.000000 -0.000002 0.001349
-0.390052 0.625091 0.249882 0.999999 0.000002 -0.000000 0.001350
-0.390052 0.625092 0.249868 0.999999 0.000000 0.000001 0.001353
-0.390054 0.625092 0.249872 0.999999 0.000001 -0.000003 0.001355
-0.390055 0.625093 0.249838 0.999999 -0.000002 -0.000005 0.001359
-0.390053 0.625090 0.249800 0.999999 0.000005 -0.000002 0.001362
-0.390054 0.625093 0.249819 0.999999 -0.000001 -0.000003 0.001365
-0.390054 0.625092 0.249829 0.999999 0.000001 -0.000003 0.001368
-0.390051 0.625090 0.249813 0.999999 0.000005 0.000004 0.001371
-0.390053 0.625093 0.249847 0.999999 -0.000001 -0.000001 0.001374
-0.390053 0.625093 0.249928 0.999999 0.000001 -0.000001 0.001376
-0.390053 0.625092 0.249931 0.999999 0.000002 -0.000002 0.001378
-0.390053 0.625095 0.249867 0.999999 -0.000003 -0.000001 0.001382
-0.390052 0.625092 0.249901 0.999999 0.000002 0.000000 0.001386
-0.390052 0.625092 0.249906 0.999999 0.000002 -0.000000 0.001388
-0.390052 0.625095 0.249849 0.999999 -0.000002 -0.000001 0.001392
-0.390053 0.625094 0.249832 0.999999 -0.000001 -0.000003 0.001396
-0.390053 0.625092 0.249859 0.999999 0.000005 -0.000003 0.001399
-0.390053 0.625096 0.249813 0.999999 -0.000003 -0.000002 0.001400
-0.390052 0.625093 0.249877 0.999999 0.000002 -0.000001 0.001402
-0.390053 0.625093 0.249890 0.999999 0.000003 -0.000002 0.001405
-0.390053 0.625096 0.249904 0.999999 -0.000002 -0.000001 0.001407
-0.390053 0.625095 0.249913 0.999999 -0.000001 -0.000002 0.001409
-0.390054 0.625095 0.249845 0.999999 0.000000 -0.000004 0.001413
-0.390055 0.625093 0.249863 0.999999 0.000004 -0.000006 0.001417
-0.390053 0.625096 0.249789 0.999999 -0.000002 -0.000003 0.001421
-0.390050 0.625097 0.249806 0.999999 -0.000003 0.000002 0.001423
-0.390050 0.625095 0.249881 0.999999 0.000001 0.000003 0.001425
-0.390052 0.625094 0.249914 0.999999 0.000002 -0.000000 0.001427
-0.390052 0.625095 0.249889 0.999999 0.000001 -0.000000 0.001431
-0.390052 0.625093 0.249849 0.999999 0.000005 -0.000001 0.001433
-0.390052 0.625096 0.249822 0.999999 -0.000001 -0.000000 0.001438
-0.390053 0.625093 0.249859 0.999999 0.000005 -0.000002 0.001442
-0.390051 0.625097 0.249859 0.999999 -0.000002 0.000002 0.001446
-0.390052 0.625093 0.249873 0.999999 0.000006 -0.000002 0.001447
-0.390051 0.625095 0.249929 0.999999 0.000002 0.000000 0.001451
-0.390055 0.625096 0.249900 0.999999 0.000000 -0.000008 0.001454
-0.390049 0.625093 0.249804 0.999999 0.000007 0.000006 0.001457
-0.390054 0.625097 0.249773 0.999999 -0.000002 -0.000006 0.001459
-0.390050 0.625096 0.249852 0.999999 0.000001 0.000003 0.001462
-0.390051 0.625095 0.249884 0.999999 0.000003 -0.000000 0.001465
-0.390052 0.625097 0.249891 0.999999 -0.000000 -0.000001 0.001468
-0.390052 0.625096 0.249892 0.999999 0.000001 -0.000003 0.001470
-0.390052 0.625097 0.249876 0.999999 0.000000 -0.000002 0.001472
-0.390050 0.625097 0.249914 0.999999 0.000000 0.000002 0.001474
-0.390051 0.625097 0.249941 0.999999 0.000000 0.000001 0.001475
-0.390050 0.625098 0.249931 0.999999 -0.000001 0.000002 0.001476
-0.390051 0.625097 0.249901 0.999999 0.000001 0.000000 0.001478
-0.390052 0.625098 0.249930 0.999999 -0.000001 -0.000001 0.001479
-0.390052 0.625097 0.249908 0.999999 -0.000000 -0.000001 0.001482
-0.390053 0.625098 0.249905 0.999999 -0.000002 -0.000003 0.001485
-0.390052 0.625099 0.249871 0.999999 -0.000002 -0.000001 0.001489
-0.390052 0.625097 0.249826 0.999999 0.000002 -0.000003 0.001492
-0.390051 0.625097 0.249833 0.999999 0.000001 0.000000 0.001496
-0.390053 0.625099 0.249875 0.999999 -0.000002 -0.000004 0.001499
-0.390050 0.625098 0.249854 0.999999 -0.000000 0.000001 0.001502
-0.390052 0.625098 0.249928 0.999999 -0.000000 -0.000002 0.001504
-0.390048 0.625098 0.249852 0.999999 -0.000000 0.000005 0.001508
-0.390053 0.625096 0.249812 0.999999 0.000006 -0.000004 0.001510
-0.390052 0.625096 0.249812 0.999999 0.000006 -0.000002 0.001513
-0.390052 0.625096 0.249827 0.999999 0.000004 -0.000001 0.001514
-0.390051 0.625098 0.249903 0.999999 0.000002 -0.000000 0.001518
-0.390052 0.625099 0.249927 0.999999 0.000000 -0.000002 0.001519
-0.390053 0.625100 0.249864 0.999999 -0.000002 -0.000003 0.001521
-0.390051 0.625099 0.249865 0.999999 0.000000 -0.000000 0.001524
-0.390052 0.625098 0.249938 0.999999 0.000003 -0.000001 0.001526
-0.390052 0.625099 0.249885 0.999999 0.000001 -0.000003 0.001529
-0.390052 0.625098 0.249903 0.999999 0.000003 -0.000001 0.001532
-0.390050 0.625102 0.249825 0.999999 -0.000005 0.000002 0.001536
-0.390050 0.625100 0.249825 0.999999 -0.000002 0.000003 0.001539
-0.390052 0.625098 0.249827 0.999999 0.000003 -0.000002 0.001543
-0.390051 0.625098 0.249872 0.999999 0.000002 0.000000 0.001546
-0.390052 0.625099 0.249936 0.999999 0.000001 -0.000002 0.001547
-0.390052 0.625100 0.249951 0.999999 0.000000 -0.000002 0.001548
-0.390051 0.625100 0.249908 0.999999 -0.000000 -0.000000 0.001550
-0.390050 0.625100 0.249839 0.999999 -0.000001 0.000002 0.001553
-0.390052 0.625099 0.249869 0.999999 0.000002 -0.000001 0.001555
-0.390052 0.625100 0.249895 0.999999 0.000000 -0.000002 0.001558
-0.390051 0.625098 0.249925 0.999999 0.000004 0.000001 0.001559
-0.390051 0.625101 0.249832 0.999999 -0.000002 -0.000000 0.001562
-0.390051 0.625102 0.249838 0.999999 -0.000003 0.000000 0.001565
-0.390051 0.625100 0.249850 0.999999 0.000000 0.000001 0.001566
-0.390051 0.625098 0.249801 0.999999 0.000005 -0.000000 0.001568
-0.390050 0.625100 0.249825 0.999999 0.000001 0.000002 0.001572
-0.390052 0.625103 0.249823 0.999999 -0.000005 -0.000002 0.001574
-0.390050 0.625104 0.249813 0.999999 -0.000006 0.000004 0.001578
-0.390050 0.625104 0.249808 0.999999 -0.000006 0.000003 0.001580
-0.390053 0.625098 0.249833 0.999999 0.000006 -0.000002 0.001583
-0.390050 0.625102 0.249835 0.999999 -0.000002 0.000003 0.001587
-0.390053 0.625102 0.249804 0.999999 -0.000002 -0.000003 0.001591
-0.390051 0.625102 0.249819 0.999999 -0.000002 0.000000 0.001593
-0.390050 0.625097 0.249805 0.999999 0.000008 0.000003 0.001596
-0.390051 0.625100 0.249815 0.999999 0.000004 0.000002 0.001599
-0.390052 0.625103 0.249830 0.999999 -0.000002 -0.000001 0.001603
-0.390052 0.625103 0.249844 0.999999 -0.000003 -0.000002 0.001608
-0.390055 0.625101 0.249809 0.999999 0.000001 -0.000008 0.001611
-0.390051 0.625105 0.249791 0.999999 -0.000007 0.000002 0.001613
-0.390050 0.625103 0.249801 0.999999 -0.000002 0.000003 0.001615
-0.390054 0.625100 0.249798 0.999999 0.000004 -0.000004 0.001617
-0.390049 0.625103 0.249822 0.999999 -0.000002 0.000006 0.001621
-0.390049 0.625100 0.249770 0.999999 0.000004 0.000005 0.001623
-0.390053 0.625098 0.249803 0.999999 0.000008 -0.000003 0.001625
-0.390050 0.625105 0.249829 0.999999 -0.000006 0.000004 0.001626
-0.390053 0.625102 0.249823 0.999999 -0.000000 -0.000002 0.001629
-0.390053 0.625105 0.249783 0.999999 -0.000005 -0.000002 0.001631
-0.390053 0.625099 0.249810 0.999999 0.000006 -0.000002 0.001633
-0.390053 0.625103 0.249924 0.999999 -0.000000 -0.000002 0.001635
-0.390052 0.625104 0.249859 0.999999 -0.000003 -0.000000 0.001638
-0.390052 0.625104 0.249904 0.999999 -0.000002 -0.000001 0.001641
-0.390052 0.625101 0.249907 0.999999 0.000004 -0.000001 0.001644
-0.390051 0.625103 0.249865 0.999999 -0.000000 0.000002 0.001647
-0.390051 0.625105 0.249870 0.999999 -0.000004 0.000001 0.001650
-0.390053 0.625102 0.249858 0.999999 0.000003 -0.000002 0.001652
-0.390052 0.625103 0.249885 0.999999 0.000000 0.000001 0.001654
-0.390052 0.625102 0.249901 0.999999 0.000003 -0.000000 0.001657
-0.390053 0.625107 0.249830 0.999999 -0.000006 -0.000002 0.001659
-0.390053 0.625103 0.249823 0.999999 0.000002 -0.000001 0.001662
-0.390054 0.625103 0.249852 0.999999 0.000002 -0.000004 0.001666
-0.390051 0.625103 0.249802 0.999999 0.000003 0.000001 0.001669
-0.390053 0.625104 0.249913 0.999999 -0.000000 -0.000002 0.001672
-0.390052 0.625103 0.249940 0.999999 0.000001 0.000000 0.001673
-0.390052 0.625103 0.249851 0.999999 0.000002 -0.000000 0.001679
-0.390052 0.625103 0.249867 0.999999 0.000004 -0.000000 0.001682
-0.390051 0.625103 0.249868 0.999999 0.000003 0.000001 0.001685
-0.390051 0.625106 0.249830 0.999999 -0.000003 0.000000 0.001689
-0.390054 0.625106 0.249787 0.999999 -0.000003 -0.000005 0.001691
-0.390050 0.625104 0.249775 0.999999 0.000002 0.000002 0.001693
-0.390051 0.625105 0.249837 0.999999 0.000000 -0.000000 0.001696
-0.390052 0.625105 0.249933 0.999999 0.000000 -0.000001 0.001697
-0.390052 0.625103 0.249899 0.999999 0.000004 -0.000002 0.001699
-0.390051 0.625106 0.249873 0.999999 -0.000001 0.000001 0.001702
-0.390052 0.625106 0.249909 0.999999 -0.000003 -0.000000 0.001704
-0.390049 0.625105 0.249834 0.999999 0.000001 0.000004 0.001707
-0.390052 0.625106 0.249765 0.999999 -0.000000 -0.000001 0.001709
-0.390051 0.625105 0.249871 0.999999 0.000001 0.000000 0.001711
-0.390052 0.625106 0.249944 0.999999 -0.000001 -0.000001 0.001713
-0.390052 0.625108 0.249894 0.999999 -0.000004 -0.000001 0.001716
-0.390052 0.625105 0.249940 0.999999 0.000001 -0.000002 0.001718
-0.390051 0.625105 0.249917 0.999999 0.000003 0.000000 0.001719
-0.390051 0.625105 0.249914 0.999999 0.000002 0.000000 0.001723
-0.390052 0.625106 0.249874 0.999999 0.000000 -0.000003 0.001726
-0.390052 0.625107 0.249836 0.999999 -0.000001 -0.000003 0.001730
-0.390052 0.625106 0.249890 0.999999 -0.000000 -0.000001 0.001731
-0.390052 0.625106 0.249922 0.999998 0.000001 -0.000002 0.001733
-0.390052 0.625106 0.249920 0.999998 0.000002 -0.000002 0.001736
-0.390050 0.625106 0.249887 0.999998 0.000002 0.000002 0.001740
-0.390052 0.625106 0.249870 0.999998 0.000003 -0.000001 0.001743
-0.390053 0.625107 0.249880 0.999998 0.000001 -0.000004 0.001744
-0.390051 0.625108 0.249905 0.999998 -0.000001 0.000000 0.001746
-0.390052 0.625107 0.249854 0.999998 0.000001 -0.000003 0.001749
-0.390052 0.625107 0.249926 0.999998 0.000002 -0.000001 0.001751
-0.390052 0.625107 0.249887 0.999998 0.000002 -0.000002 0.001753
-0.390051 0.625107 0.249937 0.999998 0.000001 -0.000001 0.001755
-0.390052 0.625108 0.249898 0.999998 0.000000 -0.000003 0.001758
-0.390051 0.625108 0.249853 0.999998 0.000001 -0.000000 0.001761
-0.390052 0.625109 0.249900 0.999998 -0.000002 -0.000003 0.001763
-0.390051 0.625107 0.249891 0.999998 0.000002 -0.000001 0.001767
-0.390050 0.625108 0.249928 0.999998 0.000001 0.000001 0.001769
-0.390051 0.625108 0.249925 0.999998 -0.000000 -0.000001 0.001770
-0.390051 0.625107 0.249950 0.999998 0.000003 -0.000001 0.001771
-0.390048 0.625108 0.249867 0.999998 0.000001 0.000005 0.001774
-0.390050 0.625110 0.249794 0.999998 -0.000003 0.000001 0.001778
-0.390052 0.625108 0.249860 0.999998 0.000001 -0.000003 0.001781
-0.390050 0.625107 0.249905 0.999998 0.000003 0.000002 0.001783
-0.390051 0.625108 0.249863 0.999998 0.000003 -0.000001 0.001786
-0.390051 0.625109 0.249908 0.999998 -0.000001 -0.000001 0.001789
-0.390051 0.625108 0.249906 0.999998 0.000001 -0.000001 0.001791
-0.390051 0.625109 0.249955 0.999998 0.000001 0.000000 0.001792
-0.390051 0.625109 0.249934 0.999998 0.000001 -0.000001 0.001794
-0.390051 0.625108 0.249944 0.999998 0.000003 0.000000 0.001795
-0.390051 0.625112 0.249865 0.999998 -0.000005 0.000000 0.001799
-0.390051 0.625111 0.249876 0.999998 -0.000004 0.000000 0.001802
-0.390053 0.625107 0.249855 0.999998 0.000005 -0.000004 0.001805
-0.390052 0.625111 0.249826 0.999998 -0.000003 -0.000004 0.001809
-0.390051 0.625109 0.249880 0.999998 0.000001 -0.000002 0.001810
-0.390051 0.625111 0.249888 0.999998 -0.000002 -0.000001 0.001812
-0.390051 0.625111 0.249847 0.999998 -0.000002 -0.000001 0.001814
-0.390050 0.625111 0.249862 0.999998 -0.000001 0.000002 0.001816
-0.390050 0.625110 0.249887 0.999998 0.000001 0.000000 0.001820
-0.390051 0.625111 0.249862 0.999998 -0.000001 -0.000002 0.001825
-0.390052 0.625111 0.249915 0.999998 -0.000001 -0.000003 0.001827
-0.390050 0.625109 0.249903 0.999998 0.000003 0.000000 0.001829
-0.390051 0.625110 0.249855 0.999998 0.000002 -0.000002 0.001834
-0.390051 0.625111 0.249927 0.999998 0.000000 -0.000002 0.001836
-0.390051 0.625111 0.249876 0.999998 0.000001 -0.000001 0.001839
-0.390050 0.625111 0.249940 0.999998 0.000000 0.000001 0.001840
-0.390051 0.625110 0.249956 0.999998 0.000003 -0.000002 0.001841
-0.390052 0.625112 0.249944 0.999998 -0.000001 -0.000003 0.001842
-0.390051 0.625111 0.249855 0.999998 0.000001 -0.000001 0.001844
-0.390051 0.625113 0.249891 0.999998 -0.000002 -0.000000 0.001847
-0.390050 0.625112 0.249931 0.999998 -0.000001 0.000001 0.001850
-0.390051 0.625113 0.249909 0.999998 -0.000002 -0.000002 0.001851
-0.390051 0.625113 0.249879 0.999998 -0.000002 -0.000002 0.001853
-0.390050 0.625110 0.249875 0.999998 0.000004 -0.000000 0.001856
-0.390050 0.625113 0.249868 0.999998 -0.000001 -0.000000 0.001861
-0.390051 0.625114 0.249831 0.999998 -0.000004 -0.000002 0.001864
-0.390051 0.625115 0.249777 0.999998 -0.000005 -0.000002 0.001865
-0.390050 0.625110 0.249795 0.999998 0.000005 -0.000000 0.001869
-0.390053 0.625111 0.249811 0.999998 0.000003 -0.000006 0.001871
-0.390051 0.625113 0.249825 0.999998 0.000000 -0.000002 0.001874
-0.390049 0.625112 0.249912 0.999998 0.000002 0.000001 0.001876
-0.390051 0.625112 0.249915 0.999998 0.000002 -0.000002 0.001878
-0.390050 0.625115 0.249903 0.999998 -0.000003 -0.000001 0.001881
-0.390048 0.625110 0.249791 0.999998 0.000006 0.000003 0.001884
-0.390050 0.625114 0.249770 0.999998 -0.000002 0.000000 0.001885
-0.390051 0.625113 0.249862 0.999998 -0.000000 -0.000002 0.001887
-0.390051 0.625112 0.249891 0.999998 0.000003 -0.000001 0.001890
-0.390048 0.625114 0.249855 0.999998 -0.000001 0.000004 0.001894
-0.390051 0.625113 0.249927 0.999998 0.000001 -0.000002 0.001896
-0.390050 0.625113 0.249924 0.999998 0.000001 0.000000 0.001898
-0.390049 0.625115 0.249906 0.999998 -0.000003 0.000002 0.001899
-0.390049 0.625113 0.249906 0.999998 0.000001 0.000002 0.001901
-0.390050 0.625113 0.249922 0.999998 0.000001 -0.000001 0.001903
-0.390051 0.625113 0.249947 0.999998 0.000002 -0.000002 0.001904
-0.390050 0.625116 0.249936 0.999998 -0.000003 0.000000 0.001905
-0.390049 0.625114 0.249924 0.999998 -0.000001 0.000002 0.001907
-0.390050 0.625115 0.249894 0.999998 -0.000001 0.000001 0.001910
-0.390051 0.625113 0.249888 0.999998 0.000003 -0.000001 0.001912
-0.390053 0.625116 0.249906 0.999998 -0.000003 -0.000005 0.001914
-0.390051 0.625115 0.249831 0.999998 -0.000002 -0.000002 0.001916
-0.390051 0.625113 0.249876 0.999998 0.000003 -0.000002 0.001921
-0.390050 0.625113 0.249941 0.999998 0.000003 0.000000 0.001923
-0.390050 0.625115 0.249916 0.999998 -0.000001 0.000000 0.001926
-0.390051 0.625114 0.249861 0.999998 0.000001 -0.000002 0.001929
-0.390050 0.625114 0.249886 0.999998 0.000002 -0.000001 0.001934
-0.390047 0.625115 0.249847 0.999998 0.000000 0.000005 0.001937
-0.390052 0.625115 0.249825 0.999998 0.000001 -0.000005 0.001939
-0.390050 0.625116 0.249840 0.999998 -0.000001 0.000000 0.001941
-0.390050 0.625114 0.249860 0.999998 0.000004 -0.000001 0.001946
-0.390050 0.625113 0.249815 0.999998 0.000005 -0.000000 0.001950
-0.390050 0.625115 0.249876 0.999998 0.000001 -0.000002 0.001954
-0.390051 0.625115 0.249893 0.999998 0.000003 -0.000002 0.001956
-0.390049 0.625115 0.249913 0.999998 0.000002 0.000000 0.001958
-0.390052 0.625114 0.249878 0.999998 0.000003 -0.000006 0.001960
-0.390049 0.625118 0.249825 0.999998 -0.000004 0.000002 0.001961
-0.390050 0.625118 0.249806 0.999998 -0.000004 -0.000002 0.001964
-0.390049 0.625115 0.249888 0.999998 0.000002 0.000001 0.001966
-0.390049 0.625118 0.249914 0.999998 -0.000002 0.000001 0.001968
-0.390050 0.625115 0.249938 0.999998 0.000003 -0.000000 0.001970
-0.390050 0.625115 0.249896 0.999998 0.000003 -0.000002 0.001973
-0.390051 0.625115 0.249920 0.999998 0.000003 -0.000003 0.001976
-0.390048 0.625118 0.249775 0.999998 -0.000002 0.000002 0.001978
-0.390049 0.625116 0.249822 0.999998 0.000001 0.000001 0.001981
-0.390051 0.625119 0.249794 0.999998 -0.000005 -0.000003 0.001985
-0.390052 0.625122 0.249801 0.999998 -0.000010 -0.000005 0.001987
-0.390050 0.625122 0.249772 0.999998 -0.000010 -0.000001 0.001988
-0.390050 0.625115 0.249819 0.999998 0.000004 -0.000002 0.001993
-0.390049 0.625118 0.249853 0.999998 -0.000002 0.000000 0.001997
-0.390050 0.625118 0.249916 0.999998 -0.000000 -0.000001 0.001999
-0.390050 0.625119 0.249898 0.999998 -0.000002 -0.000001 0.002001
-0.390050 0.625117 0.249881 0.999998 0.000001 -0.000000 0.002003
-0.390050 0.625119 0.249858 0.999998 -0.000002 -0.000001 0.002005
-0.390050 0.625118 0.249914 0.999998 0.000001 -0.000000 0.002006
-0.390049 0.625118 0.249893 0.999998 -0.000001 0.000000 0.002008
-0.390050 0.625119 0.249932 0.999998 -0.000001 -0.000000 0.002010
-0.390049 0.625117 0.249945 0.999998 0.000001 0.000000 0.002011
-0.390050 0.625119 0.249916 0.999998 -0.000002 -0.000001 0.002014
-0.390052 0.625118 0.249809 0.999998 -0.000000 -0.000004 0.002017
-0.390050 0.625118 0.249877 0.999998 0.000001 -0.000001 0.002018
-0.390050 0.625121 0.249861 0.999998 -0.000005 -0.000002 0.002022
-0.390054 0.625118 0.249790 0.999998 0.000001 -0.000009 0.002024
-0.390051 0.625116 0.249835 0.999998 0.000005 -0.000004 0.002027
-0.390050 0.625118 0.249839 0.999998 0.000002 -0.000002 0.002032
-0.390048 0.625121 0.249867 0.999998 -0.000005 0.000002 0.002036
-0.390050 0.625117 0.249834 0.999998 0.000004 -0.000003 0.002041
-0.390048 0.625122 0.249842 0.999998 -0.000006 0.000003 0.002044
-0.390050 0.625119 0.249912 0.999998 -0.000001 -0.000002 0.002047
-0.390049 0.625118 0.249936 0.999998 0.000001 -0.000000 0.002048
-0.390049 0.625119 0.249929 0.999998 0.000000 0.000001 0.002049
-0.390051 0.625118 0.249949 0.999998 0.000002 -0.000004 0.002050
-0.390050 0.625119 0.249890 0.999998 0.000001 -0.000001 0.002051
-0.390051 0.625119 0.249922 0.999998 0.000000 -0.000002 0.002052
-0.390051 0.625119 0.249951 0.999998 0.000001 -0.000002 0.002053
-0.390049 0.625118 0.249904 0.999998 0.000003 0.000001 0.002055
-0.390051 0.625119 0.249891 0.999998 0.000001 -0.000003 0.002058
-0.390050 0.625119 0.249898 0.999998 0.000001 -0.000000 0.002060
-0.390051 0.625118 0.249893 0.999998 0.000004 -0.000002 0.002063
-0.390049 0.625121 0.249863 0.999998 -0.000001 0.000001 0.002065
-0.390051 0.625119 0.249947 0.999998 0.000002 -0.000002 0.002066
-0.390050 0.625121 0.249943 0.999998 -0.000002 -0.000000 0.002067
-0.390051 0.625122 0.249856 0.999998 -0.000004 -0.000003 0.002071
-0.390051 0.625122 0.249844 0.999998 -0.000003 -0.000002 0.002074
-0.390050 0.625120 0.249888 0.999998 0.000001 -0.000001 0.002078
-0.390050 0.625120 0.249937 0.999998 0.000001 -0.000001 0.002079
-0.390049 0.625120 0.249889 0.999998 0.000002 0.000001 0.002082
-0.390049 0.625120 0.249920 0.999998 0.000002 0.000000 0.002084
-0.390050 0.625120 0.249943 0.999998 0.000001 -0.000001 0.002085
-0.390049 0.625119 0.249934 0.999998 0.000003 0.000000 0.002087
-0.390049 0.625120 0.249891 0.999998 0.000001 0.000001 0.002090
-0.390049 0.625120 0.249928 0.999998 0.000001 0.000000 0.002092
-0.390052 0.625122 0.249836 0.999998 -0.000001 -0.000006 0.002095
-0.390051 0.625121 0.249826 0.999998 0.000001 -0.000003 0.002097
-0.390048 0.625121 0.249904 0.999998 0.000001 0.000004 0.002100
-0.390050 0.625123 0.249911 0.999998 -0.000003 -0.000000 0.002102
-0.390049 0.625122 0.249883 0.999998 -0.000002 -0.000000 0.002105
-0.390049 0.625128 0.249821 0.999998 -0.000012 0.000000 0.002109
-0.390050 0.625122 0.249836 0.999998 -0.000001 -0.000001 0.002111
-0.390049 0.625124 0.249802 0.999998 -0.000004 0.000001 0.002115
-0.390050 0.625117 0.249835 0.999998 0.000011 -0.000001 0.002119
-0.390051 0.625124 0.249786 0.999998 -0.000004 -0.000003 0.002124
-0.390052 0.625123 0.249805 0.999998 -0.000001 -0.000006 0.002127
-0.390047 0.625123 0.249782 0.999998 -0.000003 0.000004 0.002130
-0.390048 0.625123 0.249798 0.999998 -0.000001 0.000002 0.002133
-0.390050 0.625122 0.249802 0.999998 0.000001 -0.000002 0.002135
-0.390049 0.625124 0.249898 0.999998 -0.000002 0.000001 0.002136
-0.390051 0.625124 0.249878 0.999998 -0.000002 -0.000002 0.002138
-0.390049 0.625122 0.249888 0.999998 0.000001 0.000000 0.002142
-0.390050 0.625121 0.249933 0.999998 0.000003 -0.000002 0.002143
-0.390050 0.625123 0.249915 0.999998 -0.000001 -0.000001 0.002145
-0.390050 0.625122 0.249921 0.999998 0.000001 -0.000001 0.002148
-0.390050 0.625122 0.249950 0.999998 0.000001 -0.000001 0.002150
-0.390050 0.625122 0.249902 0.999998 0.000001 -0.000001 0.002154
-0.390050 0.625123 0.249897 0.999998 0.000000 -0.000001 0.002156
-0.390049 0.625125 0.249888 0.999998 -0.000003 0.000001 0.002159
-0.390050 0.625123 0.249922 0.999998 0.000001 -0.000002 0.002161
-0.390050 0.625123 0.249942 0.999998 0.000002 -0.000001 0.002162
-0.390049 0.625124 0.249914 0.999998 -0.000000 0.000001 0.002163
-0.390047 0.625124 0.249897 0.999998 -0.000001 0.000005 0.002166
-0.390053 0.625124 0.249786 0.999998 -0.000001 -0.000007 0.002169
-0.390049 0.625117 0.249792 0.999998 0.000014 -0.000000 0.002172
-0.390049 0.625130 0.249834 0.999998 -0.000013 0.000001 0.002174
-0.390048 0.625126 0.249813 0.999998 -0.000003 0.000002 0.002176
-0.390050 0.625123 0.249802 0.999998 0.000002 -0.000000 0.002178
-0.390051 0.625124 0.249846 0.999998 0.000001 -0.000004 0.002181
-0.390054 0.625124 0.249816 0.999998 0.000001 -0.000009 0.002184
-0.390049 0.625127 0.249821 0.999998 -0.000005 0.000000 0.002189
-0.390049 0.625120 0.249766 0.999998 0.000009 0.000000 0.002191
-0.390051 0.625127 0.249754 0.999998 -0.000005 -0.000003 0.002192
-0.390048 0.625125 0.249810 0.999998 -0.000001 0.000003 0.002195
-0.390051 0.625123 0.249880 0.999998 0.000003 -0.000002 0.002198
-0.390050 0.625124 0.249886 0.999998 0.000001 -0.000000 0.002201
-0.390049 0.625124 0.249947 0.999998 0.000000 0.000001 0.002202
-0.390050 0.625122 0.249927 0.999998 0.000005 -0.000000 0.002203
-0.390050 0.625124 0.249866 0.999998 0.000001 -0.000000 0.002206
-0.390049 0.625126 0.249896 0.999998 -0.000003 0.000000 0.002210
-0.390049 0.625127 0.249854 0.999998 -0.000005 0.000000 0.002213
-0.390049 0.625126 0.249938 0.999998 -0.000001 0.000000 0.002215
-0.390050 0.625128 0.249890 0.999998 -0.000005 -0.000001 0.002216
-0.390049 0.625124 0.249784 0.999998 0.000003 0.000001 0.002219
-0.390048 0.625121 0.249786 0.999998 0.000008 0.000003 0.002221
-0.390051 0.625125 0.249767 0.999998 0.000001 -0.000003 0.002224
-0.390049 0.625124 0.249774 0.999998 0.000003 0.000001 0.002226
-0.390049 0.625123 0.249764 0.999998 0.000005 0.000002 0.002228
-0.390050 0.625122 0.249778 0.999998 0.000008 -0.000002 0.002230
-0.390052 0.625125 0.249784 0.999998 0.000002 -0.000005 0.002234
-0.390049 0.625125 0.249828 0.999998 0.000002 0.000001 0.002236
-0.390049 0.625125 0.249883 0.999997 0.000002 0.000001 0.002237
-0.390050 0.625126 0.249910 0.999997 0.000000 -0.000000 0.002239
-0.390047 0.625124 0.249804 0.999997 0.000004 0.000006 0.002242
-0.390050 0.625124 0.249762 0.999997 0.000004 -0.000002 0.002244
-0.390049 0.625126 0.249808 0.999997 0.000001 0.000002 0.002246
-0.390051 0.625125 0.249878 0.999997 0.000002 -0.000002 0.002248
-0.390050 0.625125 0.249865 0.999997 0.000002 -0.000001 0.002251
-0.390050 0.625126 0.249914 0.999997 0.000001 -0.000000 0.002252
-0.390049 0.625128 0.249924 0.999997 -0.000002 0.000002 0.002254
-0.390050 0.625126 0.249919 0.999997 0.000002 -0.000001 0.002255
-0.390049 0.625127 0.249922 0.999997 0.000001 0.000001 0.002257
-0.390050 0.625126 0.249925 0.999997 0.000002 0.000000 0.002258
-0.390049 0.625127 0.249887 0.999997 0.000000 0.000001 0.002260
-0.390051 0.625128 0.249913 0.999997 -0.000002 -0.000001 0.002262
-0.390051 0.625128 0.249866 0.999997 -0.000001 -0.000002 0.002265
-0.390049 0.625126 0.249805 0.999997 0.000003 0.000002 0.002267
-0.390052 0.625126 0.249845 0.999997 0.000002 -0.000003 0.002269
-0.390050 0.625128 0.249838 0.999997 -0.000002 0.000000 0.002273
-0.390048 0.625125 0.249851 0.999997 0.000005 0.000005 0.002275
-0.390048 0.625129 0.249769 0.999997 -0.000003 0.000005 0.002278
-0.390050 0.625127 0.249789 0.999997 0.000001 0.000001 0.002280
-0.390047 0.625126 0.249817 0.999997 0.000003 0.000006 0.002283
-0.390048 0.625128 0.249796 0.999997 -0.000000 0.000004 0.002285
-0.390050 0.625129 0.249862 0.999997 -0.000001 0.000000 0.002288
-0.390049 0.625128 0.249903 0.999997 0.000000 0.000002 0.002292
-0.390050 0.625129 0.249872 0.999997 -0.000001 -0.000000 0.002293
-0.390051 0.625128 0.249921 0.999997 0.000001 -0.000000 0.002295
-0.390050 0.625128 0.249842 0.999997 0.000001 0.000000 0.002298
-0.390051 0.625128 0.249910 0.999997 0.000001 -0.000002 0.002301
-0.390050 0.625128 0.249913 0.999997 0.000001 0.000001 0.002303
-0.390051 0.625129 0.249927 0.999997 0.000000 -0.000001 0.002305
-0.390051 0.625128 0.249945 0.999997 0.000002 -0.000002 0.002306
-0.390051 0.625129 0.249941 0.999997 0.000000 -0.000000 0.002307
-0.390052 0.625129 0.249892 0.999997 -0.000000 -0.000003 0.002309
-0.390050 0.625130 0.249819 0.999997 -0.000003 0.000001 0.002312
-0.390049 0.625130 0.249857 0.999997 -0.000002 0.000002 0.002315
-0.390053 0.625130 0.249870 0.999997 -0.000002 -0.000006 0.002318
-0.390053 0.625129 0.249823 0.999997 -0.000000 -0.000005 0.002321
-0.390052 0.625129 0.249884 0.999997 -0.000000 -0.000002 0.002325
-0.390051 0.625129 0.249949 0.999997 -0.000000 -0.000000 0.002326
-0.390051 0.625128 0.249946 0.999997 0.000002 -0.000002 0.002327
-0.390051 0.625127 0.249927 0.999997 0.000006 -0.000001 0.002329
-0.390049 0.625131 0.249855 0.999997 -0.000003 0.000002 0.002335
-0.390050 0.625131 0.249871 0.999997 -0.000003 -0.000000 0.002339
-0.390051 0.625130 0.249867 0.999997 0.000000 -0.000002 0.002343
-0.390051 0.625130 0.249933 0.999997 -0.000000 -0.000002 0.002344
-0.390051 0.625129 0.249931 0.999997 0.000002 -0.000003 0.002346
-0.390051 0.625130 0.249937 0.999997 0.000001 -0.000002 0.002347
-0.390051 0.625130 0.249858 0.999997 0.000001 -0.000001 0.002350
-0.390049 0.625130 0.249793 0.999997 -0.000000 0.000001 0.002352
-0.390047 0.625131 0.249797 0.999997 -0.000000 0.000007 0.002355
-0.390049 0.625133 0.249816 0.999997 -0.000004 0.000003 0.002357
-0.390050 0.625130 0.249861 0.999997 0.000001 -0.000000 0.002362
-0.390051 0.625131 0.249904 0.999997 -0.000000 -0.000001 0.002364
-0.390051 0.625131 0.249941 0.999997 0.000000 -0.000001 0.002366
-0.390050 0.625131 0.249934 0.999997 0.000000 0.000000 0.002367
-0.390052 0.625133 0.249872 0.999997 -0.000005 -0.000004 0.002369
-0.390050 0.625130 0.249823 0.999997 0.000003 0.000001 0.002371
-0.390051 0.625130 0.249905 0.999997 0.000002 -0.000001 0.002374
-0.390051 0.625132 0.249946 0.999997 -0.000002 -0.000002 0.002375
-0.390052 0.625130 0.249898 0.999997 0.000002 -0.000003 0.002379
-0.390050 0.625132 0.249869 0.999997 -0.000002 -0.000001 0.002382
-0.390050 0.625131 0.249839 0.999997 0.000002 0.000001 0.002384
-0.390052 0.625130 0.249831 0.999997 0.000002 -0.000003 0.002388
-0.390051 0.625137 0.249824 0.999997 -0.000010 -0.000000 0.002390
-0.390050 0.625129 0.249832 0.999997 0.000006 0.000001 0.002392
-0.390052 0.625132 0.249819 0.999997 -0.000000 -0.000003 0.002395
-0.390052 0.625132 0.249913 0.999997 0.000000 -0.000002 0.002397
-0.390052 0.625131 0.249935 0.999997 0.000002 -0.000002 0.002398
-0.390051 0.625133 0.249899 0.999997 -0.000001 -0.000001 0.002401
-0.390052 0.625132 0.249898 0.999997 -0.000000 -0.000002 0.002404
-0.390050 0.625131 0.249891 0.999997 0.000002 0.000000 0.002407
-0.390051 0.625133 0.249901 0.999997 -0.000000 -0.000001 0.002410
-0.390050 0.625134 0.249912 0.999997 -0.000002 0.000001 0.002412
-0.390050 0.625130 0.249848 0.999997 0.000006 -0.000001 0.002416
-0.390052 0.625133 0.249808 0.999997 -0.000000 -0.000003 0.002419
-0.390051 0.625137 0.249851 0.999997 -0.000007 -0.000003 0.002424
-0.390055 0.625133 0.249781 0.999997 0.000001 -0.000011 0.002428
-0.390054 0.625133 0.249789 0.999997 -0.000000 -0.000009 0.002433
-0.390049 0.625132 0.249892 0.999997 0.000002 0.000001 0.002435
-0.390051 0.625133 0.249913 0.999997 0.000001 -0.000002 0.002437
-0.390051 0.625133 0.249936 0.999997 0.000000 -0.000003 0.002438
-0.390050 0.625133 0.249930 0.999997 0.000001 -0.000000 0.002440
-0.390050 0.625132 0.249851 0.999997 0.000004 0.000001 0.002441
-0.390048 0.625136 0.249788 0.999997 -0.000005 0.000003 0.002444
-0.390051 0.625130 0.249779 0.999997 0.000007 -0.000002 0.002447
-0.390050 0.625136 0.249817 0.999997 -0.000004 0.000002 0.002448
-0.390052 0.625134 0.249866 0.999997 -0.000001 -0.000002 0.002450
-0.390050 0.625135 0.249891 0.999997 -0.000003 0.000001 0.002452
-0.390052 0.625134 0.249952 0.999997 0.000000 -0.000003 0.002453
-0.390051 0.625134 0.249951 0.999997 0.000000 -0.000001 0.002454
