-0.080765 0.885860 0.407044
-0.080120 0.885918 0.407084
-0.079389 0.885927 0.407136
-0.078593 0.885893 0.407202
-0.077843 0.885856 0.407264
-0.076976 0.885770 0.407339
-0.077838 0.885331 0.407338
-0.078450 0.883799 0.407645
-0.079206 0.883210 0.407694
-0.078886 0.880736 0.408275
-0.076883 0.879531 0.408646
-0.073878 0.877517 0.409182
-0.074162 0.877149 0.409248
-0.074158 0.877089 0.409258
-0.074668 0.876831 0.409287
-0.075584 0.876365 0.409293
-0.076428 0.875913 0.409315
-0.077670 0.874806 0.409486
-0.078559 0.874177 0.409534
-0.079713 0.873095 0.409672
-0.079921 0.871514 0.410005
-0.079780 0.871266 0.410060
-0.079578 0.870294 0.410260
-0.079483 0.870120 0.410294
-0.079436 0.869254 0.410456
-0.079737 0.868827 0.410526
-0.080286 0.868666 0.410538
-0.081028 0.868651 0.410517
-0.081575 0.868657 0.410494
-0.083997 0.867489 0.410553
-0.084840 0.866479 0.410753
-0.085178 0.866134 0.410818
-0.085749 0.866000 0.410832
-0.086439 0.866007 0.410812
-0.087284 0.866120 0.410767
-0.088171 0.866286 0.410709
-0.089033 0.866448 0.410650
-0.089943 0.866635 0.410584
-0.090941 0.866880 0.410504
-0.091856 0.867085 0.410431
-0.092722 0.867256 0.410365
-0.092819 0.867264 0.410358
-0.093741 0.867340 0.410301
-0.093967 0.867317 0.410285
-0.093996 0.867138 0.410300
-0.093913 0.866857 0.410339
-0.093794 0.866547 0.410384
-0.093783 0.866474 0.410393
-0.096017 0.864222 0.410687
-0.095940 0.863991 0.410738
-0.097584 0.861045 0.411217
-0.096230 0.859351 0.411595
-0.095619 0.858605 0.411740
-0.097066 0.857339 0.411865
-0.097345 0.855730 0.412152
-0.098987 0.853645 0.412436
-0.098541 0.851961 0.412763
-0.099796 0.850370 0.412967
-0.099441 0.847949 0.413402
-0.100091 0.847086 0.413507
-0.100000 0.843483 0.414098
-0.098654 0.841861 0.414353
-0.098163 0.841202 0.414444
-0.100016 0.838895 0.414737
-0.099900 0.838168 0.414849
-0.101664 0.835486 0.415214
-0.101271 0.834299 0.415392
-0.102881 0.831560 0.415764
-0.102649 0.830693 0.415886
-0.104139 0.827356 0.416345
-0.103982 0.826930 0.416401
-0.105459 0.823490 0.416867
-0.105298 0.823054 0.416920
-0.106601 0.819196 0.417433
-0.106415 0.818810 0.417474
-0.107802 0.815117 0.417956
-0.107638 0.814752 0.417992
-0.109277 0.811488 0.418428
-0.109158 0.811086 0.418469
-0.110847 0.807728 0.418922
-0.109864 0.805963 0.419059
-0.108992 0.804751 0.419122
-0.108470 0.803922 0.419164
-0.108166 0.803323 0.419196
-0.107868 0.802701 0.419230
-0.107655 0.802182 0.419258
-0.107409 0.801600 0.419288
-0.107182 0.801040 0.419317
-0.106999 0.800541 0.419343
-0.106805 0.800018 0.419370
-0.106604 0.799482 0.419397
-0.106398 0.798939 0.419424
-0.106152 0.798332 0.419454
-0.105922 0.797751 0.419483
-0.105737 0.797235 0.419509
-0.105540 0.796696 0.419536
-0.105659 0.796624 0.419546
-0.105917 0.796162 0.419597
-0.106060 0.796108 0.419608
-0.106401 0.795759 0.419656
-0.106557 0.795709 0.419668
-0.107641 0.795054 0.419779
-0.109602 0.793186 0.420084
-0.109743 0.793008 0.420109
-0.110787 0.792241 0.420234
-0.112513 0.790272 0.420539
-0.112788 0.789627 0.420619
-0.112540 0.788845 0.420666
-0.112251 0.788287 0.420682
-0.112091 0.787874 0.420696
-0.111759 0.787257 0.420714
-0.111255 0.787372 0.420681
-0.111163 0.787944 0.419488
-0.111147 0.788629 0.418364
-0.110849 0.789546 0.417173
-0.110403 0.790582 0.415953
-0.109878 0.791676 0.414723
-0.109225 0.792929 0.413349
-0.108657 0.794001 0.412191
-0.107971 0.795233 0.410873
-0.107295 0.796413 0.409619
-0.106620 0.797564 0.408402
-0.106024 0.798577 0.407334
-0.105385 0.799634 0.406223
-0.104623 0.800841 0.404965
-0.103880 0.801991 0.403773
-0.103142 0.803110 0.402619
-0.102491 0.804094 0.401606
-0.101702 0.805242 0.400434
-0.101017 0.806232 0.399426
-0.100196 0.807377 0.398271
-0.099487 0.808360 0.397283
-0.098641 0.809494 0.396155
-0.097814 0.810581 0.395081
-0.097091 0.811530 0.394146
-0.096221 0.812632 0.393073
-0.095369 0.813695 0.392047
-0.094521 0.814734 0.391052
-0.093672 0.815758 0.390079
-0.092919 0.816664 0.389220
-0.092117 0.817612 0.388330
-0.090228 0.814824 0.387326
-0.089729 0.814340 0.386702
-0.089889 0.814571 0.386407
-0.090097 0.814911 0.386217
-0.090382 0.815167 0.386087
-0.090738 0.815276 0.385982
-0.091124 0.815228 0.385858
-0.091575 0.815088 0.385706
-0.092027 0.814923 0.385554
-0.092357 0.814781 0.385440
-0.092778 0.814471 0.385283
-0.093213 0.814023 0.385091
-0.093562 0.813627 0.384939
-0.093932 0.813120 0.384767
-0.094254 0.812669 0.384615
-0.094637 0.812130 0.384430
-0.094945 0.811614 0.384266
-0.095202 0.811139 0.384124
-0.095555 0.810539 0.383931
-0.095817 0.810035 0.383777
-0.096161 0.809437 0.383583
-0.096418 0.808920 0.383423
-0.096732 0.808353 0.383239
-0.096986 0.807796 0.383076
-0.097181 0.807343 0.382946
-0.097413 0.806787 0.382784
-0.097654 0.806232 0.382621
-0.097883 0.805751 0.382476
-0.098094 0.805255 0.382338
-0.098260 0.804763 0.382209
-0.098446 0.804196 0.382059
-0.098621 0.803672 0.381921
-0.098774 0.803151 0.381798
-0.098885 0.802718 0.381699
-0.098987 0.802286 0.381604
-0.099088 0.801856 0.381510
-0.099186 0.801338 0.381406
-0.099306 0.800851 0.381302
-0.099396 0.800432 0.381217
-0.099474 0.799936 0.381128
-0.099557 0.799446 0.381036
-0.099613 0.798988 0.380956
-0.099656 0.798594 0.380890
-0.099683 0.798200 0.380828
-0.099701 0.797795 0.380768
-0.099710 0.797386 0.380708
-0.099723 0.796919 0.380640
-0.099728 0.796536 0.380586
-0.099725 0.796143 0.380532
-0.099702 0.795742 0.380481
-0.099680 0.795275 0.380422
-0.099659 0.794880 0.380371
-0.099621 0.794477 0.380325
-0.099563 0.793998 0.380274
-0.099509 0.793611 0.380234
-0.099445 0.793225 0.380197
-0.099363 0.792829 0.380163
-0.099276 0.792354 0.380118
-0.099191 0.791891 0.380073
-0.099108 0.791509 0.380040
-0.099000 0.791059 0.380001
-0.098904 0.790620 0.379960
-0.098800 0.790175 0.379920
-0.098704 0.789728 0.379877
-0.098604 0.789344 0.379846
-0.098480 0.788941 0.379819
-0.098349 0.788523 0.379790
-0.098226 0.788085 0.379754
-0.098092 0.787572 0.379708
-0.097948 0.787081 0.379667
-0.098089 0.787048 0.379605
-0.098071 0.786813 0.379558
-0.097937 0.786472 0.379532
-0.097777 0.786066 0.379504
-0.097619 0.785618 0.379470
-0.097471 0.785150 0.379428
-0.097322 0.784666 0.379385
-0.097190 0.784236 0.379345
-0.097043 0.783777 0.379305
-0.096890 0.783291 0.379258
-0.096743 0.782784 0.379206
-0.096586 0.782191 0.379140
-0.096462 0.781695 0.379083
-0.096318 0.781102 0.379013
-0.096195 0.780608 0.378953
-0.096045 0.780023 0.378883
-0.095900 0.779457 0.378813
-0.095759 0.778896 0.378742
-0.095614 0.778329 0.378672
-0.095482 0.777831 0.378612
-0.095329 0.777309 0.378550
-0.095160 0.776691 0.378474
-0.095023 0.776163 0.378407
-0.094883 0.775611 0.378336
-0.094737 0.775047 0.378262
-0.094584 0.774474 0.378189
-0.094417 0.773803 0.378098
-0.094290 0.773237 0.378020
-0.094148 0.772659 0.377941
-0.093981 0.771981 0.377847
-0.093902 0.771441 0.377759
-0.093890 0.771058 0.377685
-0.093889 0.770694 0.377611
-0.093882 0.770342 0.377543
-0.093855 0.769945 0.377471
-0.093798 0.769620 0.377419
-0.093713 0.769241 0.377363
-0.093634 0.768921 0.377318
-0.093522 0.768533 0.377269
-0.093396 0.768140 0.377221
-0.093263 0.767754 0.377177
-0.093126 0.767424 0.377145
-0.092948 0.767018 0.377108
-0.092796 0.766664 0.377075
-0.092627 0.766286 0.377042
-0.092438 0.765834 0.377000
-0.092285 0.765452 0.376962
-0.092086 0.765003 0.376922
-0.091915 0.764619 0.376888
-0.091699 0.764168 0.376851
-0.091519 0.763787 0.376819
-0.091320 0.763388 0.376788
-0.091065 0.762911 0.376755
-0.090839 0.762444 0.376717
-0.090645 0.762038 0.376685
-0.090416 0.761620 0.376660
-0.090128 0.761126 0.376633
-0.089881 0.760698 0.376610
-0.089582 0.760193 0.376585
-0.089345 0.759761 0.376559
-0.089065 0.759242 0.376527
-0.088834 0.758797 0.376497
-0.088573 0.758334 0.376470
-0.088312 0.757851 0.376440
-0.088014 0.757276 0.376401
-0.087764 0.756792 0.376368
-0.087453 0.756220 0.376333
-0.087181 0.755740 0.376305
-0.086846 0.755178 0.376276
-0.086575 0.754710 0.376249
-0.086282 0.754224 0.376226
-0.085942 0.753655 0.376197
-0.085665 0.753182 0.376172
-0.085366 0.752690 0.376150
-0.085020 0.752107 0.376124
-0.084715 0.751540 0.376093
-0.084418 0.750979 0.376061
-0.084148 0.750490 0.376036
-0.083847 0.749978 0.376013
-0.083499 0.749370 0.375987
-0.083227 0.748865 0.375961
-0.082899 0.748267 0.375934
-0.082593 0.747691 0.375907
-0.082303 0.747117 0.375876
-0.082045 0.746611 0.375852
-0.081712 0.745993 0.375827
-0.081434 0.745449 0.375803
-0.081114 0.744782 0.375770
-0.080864 0.744210 0.375737
-0.080594 0.743607 0.375706
-0.080278 0.742882 0.375671
-0.080025 0.742271 0.375640
-0.079754 0.741643 0.375610
-0.079438 0.740897 0.375574
-0.079173 0.740182 0.375532
-0.078954 0.739568 0.375495
-0.078694 0.738835 0.375451
-0.078475 0.738220 0.375416
-0.078234 0.737569 0.375382
-0.077998 0.736894 0.375345
-0.077755 0.736108 0.375296
-0.077562 0.735447 0.375255
-0.077323 0.734657 0.375209
-0.077090 0.733881 0.375167
-0.076864 0.733128 0.375128
-0.076634 0.732386 0.375092
-0.076435 0.731743 0.375062
-0.076217 0.731071 0.375032
-0.075999 0.730376 0.375002
-0.075758 0.729561 0.374966
-0.075560 0.728878 0.374937
-0.075318 0.728061 0.374906
-0.075092 0.727280 0.374876
-0.074890 0.726611 0.374853
-0.074644 0.725809 0.374828
-0.074440 0.725125 0.374809
-0.074219 0.724417 0.374793
-0.073961 0.723580 0.374778
-0.073760 0.722872 0.374761
-0.073523 0.722035 0.374739
-0.073322 0.721227 0.374713
-0.073147 0.720537 0.374693
-0.072931 0.719709 0.374672
-0.072747 0.719012 0.374657
-0.072525 0.718186 0.374643
-0.072352 0.717494 0.374630
-0.072150 0.716688 0.374615
-0.071986 0.716008 0.374603
-0.071814 0.715299 0.374593
-0.071631 0.714472 0.374579
-0.071479 0.713775 0.374568
-0.071305 0.712950 0.374554
-0.071157 0.712261 0.374545
-0.070980 0.711435 0.374535
-0.070830 0.710724 0.374528
-0.070646 0.709880 0.374521
-0.070479 0.709059 0.374510
-0.070332 0.708344 0.374498
-0.070162 0.707473 0.374480
-0.070016 0.706614 0.374458
-0.069872 0.705760 0.374436
-0.069739 0.705019 0.374421
-0.069581 0.704124 0.374402
-0.069453 0.703364 0.374386
-0.069302 0.702456 0.374367
-0.069162 0.701571 0.374351
-0.069038 0.700800 0.374339
-0.068906 0.699986 0.374327
-0.068770 0.699149 0.374316
-0.068629 0.698171 0.374299
-0.068519 0.697354 0.374286
-0.068400 0.696516 0.374274
-0.068285 0.695668 0.374263
-0.068167 0.694678 0.374249
-0.068081 0.693838 0.374233
-0.067992 0.692972 0.374215
-0.067908 0.691979 0.374192
-0.067833 0.691166 0.374176
-0.067748 0.690333 0.374162
-0.067661 0.689369 0.374144
-0.067599 0.688458 0.374123
-0.067538 0.687689 0.374109
-0.067463 0.686886 0.374096
-0.067387 0.685936 0.374082
-0.067326 0.685022 0.374065
-0.067269 0.684248 0.374052
-0.067201 0.683446 0.374042
-0.067139 0.682503 0.374022
-0.067095 0.681712 0.374002
-0.067049 0.680774 0.373977
-0.067016 0.679991 0.373955
-0.066984 0.679043 0.373924
-0.066969 0.678124 0.373892
-0.066963 0.677222 0.373859
-0.066952 0.676440 0.373831
-0.066933 0.675624 0.373806
-0.066915 0.674793 0.373782
-0.066909 0.673828 0.373751
-0.066919 0.672895 0.373717
-0.066933 0.671983 0.373681
-0.066940 0.671183 0.373650
-0.066948 0.670339 0.373615
-0.066978 0.669335 0.373569
-0.067010 0.668496 0.373530
-0.067060 0.667511 0.373481
-0.067098 0.666687 0.373441
-0.067145 0.665713 0.373392
-0.067191 0.664775 0.373348
-0.067219 0.663958 0.373310
-0.067254 0.662978 0.373262
-0.067282 0.662155 0.373224
-0.067321 0.661177 0.373175
-0.067367 0.660234 0.373127
-0.067403 0.659423 0.373087
-0.067438 0.658564 0.373044
-0.067495 0.657534 0.372988
-0.067542 0.656666 0.372940
-0.067587 0.655752 0.372890
-0.067652 0.654689 0.372828
-0.067702 0.653813 0.372776
-0.067746 0.652917 0.372725
-0.067788 0.652002 0.372673
-0.067860 0.650924 0.372605
-0.067926 0.650029 0.372543
-0.068019 0.648959 0.372465
-0.068114 0.647921 0.372387
-0.068178 0.647040 0.372325
-0.068237 0.646111 0.372260
-0.068330 0.644990 0.372175
-0.068410 0.644048 0.372103
-0.068510 0.642935 0.372017
-0.068594 0.642006 0.371946
-0.068701 0.640895 0.371858
-0.068789 0.639963 0.371785
-0.068878 0.638986 0.371710
-0.068967 0.637977 0.371632
-0.069063 0.636951 0.371553
-0.069190 0.635765 0.371459
-0.069297 0.634790 0.371381
-0.069403 0.633787 0.371302
-0.069509 0.632751 0.371220
-0.069615 0.631697 0.371137
-0.069752 0.630475 0.371037
-0.069895 0.629312 0.370940
-0.070010 0.628333 0.370860
-0.070117 0.627322 0.370780
-0.070256 0.626129 0.370685
-0.070398 0.624991 0.370593
-0.070503 0.624030 0.370522
-0.070636 0.622846 0.370433
-0.070746 0.621851 0.370358
-0.070856 0.620813 0.370279
-0.071004 0.619585 0.370182
-0.071095 0.618736 0.370116
-0.071253 0.617451 0.370011
-0.071411 0.616244 0.369911
-0.071565 0.615072 0.369815
-0.071682 0.614089 0.369738
-0.071824 0.612905 0.369645
-0.071939 0.611909 0.369569
-0.072058 0.610864 0.369489
-0.072219 0.609626 0.369389
-0.072348 0.608593 0.369307
-0.072508 0.607358 0.369207
-0.072634 0.606328 0.369127
-0.072793 0.605104 0.369030
-0.072919 0.604090 0.368951
-0.073050 0.603034 0.368868
-0.073212 0.601793 0.368769
-0.073340 0.600761 0.368690
-0.073466 0.599696 0.368611
-0.073597 0.598598 0.368528
-0.073733 0.597478 0.368443
-0.073905 0.596177 0.368342
-0.074040 0.595131 0.368265
-0.074168 0.594064 0.368190
-0.074326 0.592812 0.368103
-0.074455 0.591770 0.368031
-0.074619 0.590524 0.367943
-0.074754 0.589476 0.367871
-0.074917 0.588233 0.367787
-0.075077 0.587033 0.367707
-0.075210 0.586013 0.367641
-0.075347 0.584941 0.367571
-0.075496 0.583839 0.367500
-0.075688 0.582534 0.367413
-0.075850 0.581436 0.367341
-0.076056 0.580127 0.367250
-0.076223 0.579036 0.367177
-0.076398 0.577892 0.367100
-0.076582 0.576703 0.367020
-0.076771 0.575494 0.366940
-0.076965 0.574278 0.366860
-0.077162 0.573050 0.366780
-0.077403 0.571630 0.366686
-0.077601 0.570456 0.366611
-0.077849 0.569072 0.366520
-0.078048 0.567922 0.366448
-0.078254 0.566737 0.366374
-0.078462 0.565529 0.366299
-0.078714 0.564143 0.366210
-0.078915 0.562996 0.366140
-0.079118 0.561816 0.366069
-0.079373 0.560430 0.365982
-0.079624 0.559113 0.365898
-0.079869 0.557838 0.365817
-0.080069 0.556754 0.365750
-0.080325 0.555429 0.365668
-0.080535 0.554318 0.365600
-0.080794 0.552998 0.365518
-0.081003 0.551905 0.365453
-0.081258 0.550591 0.365374
-0.081506 0.549310 0.365297
-0.081705 0.548222 0.365234
-0.081904 0.547093 0.365170
-0.082105 0.545936 0.365107
-0.082354 0.544588 0.365032
-0.082596 0.543321 0.364962
-0.082832 0.542085 0.364895
-0.083029 0.541018 0.364839
-0.083283 0.539700 0.364767
-0.083536 0.538417 0.364697
-0.083745 0.537326 0.364642
-0.083962 0.536172 0.364584
-0.084190 0.534970 0.364525
-0.084428 0.533739 0.364465
-0.084716 0.532313 0.364394
-0.084947 0.531144 0.364337
-0.085230 0.529755 0.364270
-0.085504 0.528436 0.364205
-0.085728 0.527317 0.364153
-0.085967 0.526129 0.364098
-0.086222 0.524900 0.364039
-0.086483 0.523663 0.363980
-0.086800 0.522221 0.363911
-0.087055 0.521042 0.363858
-0.087316 0.519822 0.363803
-0.087587 0.518568 0.363748
-0.087921 0.517104 0.363679
-0.088239 0.515728 0.363616
-0.088493 0.514580 0.363566
-0.088754 0.513385 0.363516
-0.089021 0.512163 0.363466
-0.089351 0.510727 0.363407
-0.089618 0.509542 0.363361
-0.089896 0.508307 0.363314
-0.090238 0.506856 0.363257
-0.090567 0.505471 0.363204
-0.090891 0.504120 0.363155
-0.091159 0.502976 0.363116
-0.091435 0.501785 0.363078
-0.091720 0.500559 0.363041
-0.092014 0.499305 0.363003
-0.092373 0.497834 0.362957
-0.092724 0.496428 0.362914
-0.093017 0.495242 0.362879
-0.093321 0.494003 0.362844
-0.093636 0.492733 0.362810
-0.094026 0.491228 0.362769
-0.094400 0.489808 0.362732
-0.094764 0.488426 0.362696
-0.095063 0.487257 0.362669
-0.095378 0.486029 0.362641
-0.095710 0.484750 0.362614
-0.096118 0.483232 0.362579
-0.096454 0.481985 0.362554
-0.096863 0.480503 0.362523
-0.097203 0.479262 0.362501
-0.098173 0.476221 0.362427
-0.101093 0.470257 0.363003
-0.101232 0.469864 0.363036
-0.101905 0.468584 0.363188
-0.101987 0.468377 0.363195
-0.102120 0.468167 0.363209
-0.103841 0.466947 0.364211
-0.103939 0.466793 0.364262
-0.104312 0.466342 0.364383
-0.104355 0.466205 0.364382
-0.104670 0.465755 0.364411
-0.104725 0.465603 0.364409
-0.105082 0.465109 0.364441
-0.105143 0.464953 0.364439
-0.105517 0.464444 0.364474
-0.105631 0.464146 0.364473
-0.105974 0.463732 0.364511
-0.106036 0.463581 0.364511
-0.106371 0.463136 0.364539
-0.106887 0.462776 0.364865
-0.107359 0.462381 0.365144
-0.108224 0.461725 0.365657
-0.108720 0.461396 0.366012
-0.109167 0.461029 0.366311
-0.109918 0.460481 0.366844
-0.110391 0.460162 0.367207
-0.110817 0.459804 0.367514
-0.111478 0.459301 0.368014
-0.111955 0.458970 0.368399
-0.112379 0.458607 0.368722
-0.113035 0.458102 0.369283
-0.113482 0.457783 0.369663
-0.113884 0.457426 0.369985
-0.114499 0.456934 0.370562
-0.114515 0.456825 0.370571
-0.114702 0.456460 0.370611
-0.114735 0.456326 0.370609
-0.115007 0.455885 0.370642
-0.115057 0.455732 0.370643
-0.115387 0.455241 0.370688
-0.115445 0.455083 0.370690
-0.115798 0.454576 0.370740
-0.115859 0.454416 0.370743
-0.115967 0.454246 0.370755
-0.117369 0.453147 0.371843
-0.117490 0.452976 0.371935
-0.117622 0.452817 0.372005
-0.119033 0.451780 0.373292
-0.119092 0.451659 0.373352
-0.119543 0.451228 0.373778
-0.120430 0.450575 0.374655
-0.120485 0.450453 0.374717
-0.120924 0.450020 0.375152
-0.121797 0.449372 0.376105
-0.121823 0.449267 0.376142
-0.121966 0.448970 0.376225
-0.121990 0.448842 0.376224
-0.122222 0.448427 0.376263
-0.122267 0.448276 0.376266
-0.122569 0.447796 0.376319
-0.122667 0.447498 0.376327
-0.122931 0.447138 0.376379
-0.123129 0.446580 0.376406
-0.123201 0.446503 0.376422
-0.123516 0.445853 0.376474
-0.123591 0.445785 0.376490
-0.123895 0.445211 0.376538
-0.123976 0.445136 0.376555
-0.124452 0.444734 0.376982
-0.125388 0.443793 0.377855
-0.125489 0.443719 0.377933
-0.126341 0.443044 0.378804
-0.126831 0.442488 0.379404
-0.126889 0.442443 0.379457
-0.127317 0.442071 0.379920
-0.128076 0.441244 0.380835
-0.128142 0.441193 0.380911
-0.128563 0.440819 0.381397
-0.129292 0.439985 0.382408
-0.129330 0.439960 0.382459
-0.129724 0.439598 0.382936
-0.130388 0.438801 0.383883
-0.130462 0.438744 0.384052
-0.130456 0.438431 0.384091
-0.130519 0.438335 0.384113
-0.130851 0.437725 0.383714
-0.131460 0.436625 0.383030
-0.131738 0.436480 0.382849
-0.131854 0.436223 0.382827
-0.132069 0.436057 0.382868
-0.132169 0.435797 0.382881
-0.132427 0.435492 0.382941
-0.132576 0.435093 0.382965
-0.132828 0.434813 0.383024
-0.132943 0.434519 0.383041
-0.133280 0.433828 0.382639
-0.134076 0.432785 0.381915
-0.134252 0.432504 0.381814
-0.134326 0.432449 0.381815
-0.135169 0.431120 0.380872
-0.135383 0.430786 0.380651
-0.135646 0.430673 0.380563
-0.135953 0.430092 0.380149
-0.136248 0.429524 0.379814
-0.136827 0.428981 0.379300
-0.136866 0.428889 0.379288
-0.137146 0.428614 0.379325
-0.136818 0.428969 0.378859
-0.136556 0.429116 0.378461
-0.136557 0.428810 0.377868
-0.136619 0.428632 0.377859
-0.137001 0.428064 0.377909
-0.137121 0.427736 0.377924
-0.137404 0.427357 0.377984
-0.137093 0.427675 0.377527
-0.136845 0.427792 0.377137
-0.136895 0.427388 0.376553
-0.136963 0.427203 0.376544
-0.137358 0.426610 0.376591
-0.137664 0.425959 0.376175
-0.137961 0.425331 0.375836
-0.138593 0.424592 0.375319
-0.138641 0.424482 0.375306
-0.138929 0.423783 0.374875
-0.139603 0.422796 0.374098
-0.139715 0.422598 0.374007
-0.139983 0.421949 0.373560
-0.140616 0.421097 0.372758
-0.140677 0.421003 0.372700
-0.141182 0.419831 0.371869
-0.141545 0.419478 0.371411
-0.141678 0.419304 0.371294
-0.141838 0.419278 0.371295
-0.141890 0.419162 0.371296
-0.142606 0.418339 0.372193
-0.143146 0.417972 0.372857
-0.143242 0.417694 0.372959
-0.143399 0.417552 0.373022
-0.143486 0.417207 0.373035
-0.143600 0.417061 0.373060
-0.143981 0.416647 0.373557
-0.144714 0.415685 0.374555
-0.144887 0.415576 0.374732
-0.144930 0.415448 0.374756
-0.145585 0.414606 0.375702
-0.146054 0.414232 0.376387
-0.146124 0.413952 0.376488
-0.146259 0.413813 0.376547
-0.146336 0.413468 0.376559
-0.146484 0.413280 0.376593
-0.146624 0.412804 0.376613
-0.146788 0.412627 0.376649
-0.146921 0.412228 0.376667
-0.147104 0.412010 0.376706
-0.147247 0.411592 0.376726
-0.147479 0.411325 0.376773
-0.147576 0.411027 0.376785
-0.147853 0.410665 0.376840
-0.148086 0.409903 0.376876
-0.148290 0.409848 0.376915
-0.148351 0.409831 0.376928
-0.148426 0.409690 0.376940
-0.148583 0.409329 0.376892
-0.148643 0.409277 0.376902
-0.148719 0.409105 0.376912
-0.148862 0.408671 0.376868
-0.148926 0.408592 0.376877
-0.149005 0.408398 0.376886
-0.149382 0.407850 0.377402
-0.149976 0.407050 0.378255
-0.150150 0.406914 0.378455
-0.150215 0.406766 0.378507
-0.150283 0.406451 0.378514
-0.150328 0.406400 0.378524
-0.150435 0.406081 0.378542
-0.150502 0.405756 0.378488
-0.150554 0.405691 0.378495
-0.150621 0.405508 0.378503
-0.150744 0.405044 0.378455
-0.150861 0.404893 0.378472
-0.150925 0.404709 0.378480
-0.151045 0.404228 0.378432
-0.151104 0.404141 0.378440
-0.151238 0.403759 0.378459
-0.151325 0.403418 0.378417
-0.151386 0.403325 0.378423
-0.151522 0.402934 0.378439
-0.151613 0.402585 0.378395
-0.151936 0.402130 0.378906
-0.152229 0.401645 0.379346
-0.152443 0.401312 0.379642
-0.152711 0.400882 0.380019
-0.153015 0.400482 0.380567
-0.153285 0.400053 0.381030
-0.153477 0.399772 0.381339
-0.153668 0.399523 0.381749
-0.153676 0.399411 0.381764
-0.153717 0.399293 0.381784
-0.153766 0.399089 0.381744
-0.153786 0.398937 0.381741
-0.153840 0.398782 0.381751
-0.153941 0.398454 0.381703
-0.153972 0.398279 0.381701
-0.154036 0.398103 0.381712
-0.154168 0.397712 0.381670
-0.154471 0.397276 0.382198
-0.154743 0.396808 0.382650
-0.154941 0.396491 0.382953
-0.155178 0.396111 0.383334
-0.155458 0.395718 0.383896
-0.155702 0.395296 0.384378
-0.155868 0.395025 0.384705
-0.155961 0.394832 0.385161
-0.155952 0.394729 0.385180
-0.155974 0.394622 0.385201
-0.155967 0.394454 0.385156
-0.156162 0.393812 0.384736
-0.156361 0.393195 0.384393
-0.156515 0.392837 0.384181
-0.156756 0.392665 0.383751
-0.156786 0.392580 0.383732
-0.157103 0.392312 0.383752
-0.157264 0.392271 0.383787
-0.157363 0.391918 0.383803
-0.157515 0.391706 0.383840
-0.157663 0.391150 0.383870
-0.157775 0.390977 0.383899
-0.157978 0.390271 0.383943
-0.158036 0.390181 0.383959
-0.158273 0.389434 0.384012
-0.158394 0.389262 0.384042
-0.158585 0.388640 0.384081
-0.158709 0.388447 0.384112
-0.158902 0.387802 0.384152
-0.159026 0.387602 0.384183
-0.159090 0.387396 0.384195
-0.159791 0.386140 0.385562
-0.160055 0.385866 0.386155
-0.160196 0.385944 0.386229
-0.160404 0.385986 0.386267
-0.160654 0.385997 0.386309
-0.160926 0.385995 0.386354
-0.161207 0.385986 0.386400
-0.161467 0.385974 0.386443
-0.161743 0.385964 0.386488
-0.162054 0.385959 0.386537
-0.162353 0.385954 0.386583
-0.162619 0.385947 0.386625
-0.162926 0.385948 0.386671
-0.163223 0.385950 0.386715
-0.163516 0.385954 0.386758
-0.163780 0.385956 0.386798
-0.164085 0.385968 0.386841
-0.164354 0.385976 0.386881
-0.164661 0.385993 0.386923
-0.164927 0.386008 0.386967
-0.165198 0.386030 0.387012
-0.165472 0.386057 0.387056
-0.165747 0.386088 0.387100
-0.166023 0.386121 0.387144
-0.166299 0.386158 0.387187
-0.166576 0.386197 0.387229
-0.166880 0.386247 0.387274
-0.167142 0.386286 0.387314
-0.167354 0.385658 0.386888
-0.168017 0.385048 0.386066
-0.168459 0.384123 0.385230
-0.169117 0.384750 0.384626
-0.169371 0.385203 0.384621
-0.169627 0.385298 0.384694
-0.169892 0.385469 0.384769
-0.170135 0.385443 0.384859
-0.170340 0.385493 0.384929
-0.170595 0.385423 0.385029
-0.170848 0.385474 0.385114
-0.171027 0.385401 0.385179
-0.171412 0.385469 0.385304
-0.171697 0.385594 0.385346
-0.171895 0.385648 0.385377
-0.172071 0.385555 0.385435
-0.172403 0.385545 0.385544
-0.172493 0.385494 0.385577
-0.172948 0.385476 0.385731
-0.173151 0.385547 0.385770
-0.173102 0.385713 0.385723
-0.173232 0.385853 0.385689
-0.173183 0.386013 0.385628
-0.173325 0.386131 0.385586
-0.173277 0.386324 0.385498
-0.173450 0.386388 0.385473
-0.173413 0.386525 0.385413
-0.173569 0.386621 0.385369
-0.173533 0.386800 0.385277
-0.173714 0.386859 0.385248
-0.173683 0.387028 0.385159
-0.173823 0.387076 0.385133
-0.173806 0.387247 0.385038
-0.173956 0.387298 0.385010
-0.173963 0.387494 0.384889
-0.174074 0.387516 0.384876
-0.174105 0.387708 0.384756
-0.174223 0.387732 0.384742
-0.174290 0.387943 0.384602
-0.174351 0.387951 0.384597
-0.174475 0.388167 0.384446
-0.174538 0.388172 0.384444
-0.174668 0.388385 0.384296
-0.174731 0.388391 0.384295
-0.174838 0.388590 0.384155
-0.174966 0.388612 0.384146
-0.175009 0.388770 0.384039
-0.175226 0.388105 0.383666
-0.175792 0.387361 0.383067
-0.175944 0.387726 0.382801
-0.176177 0.387152 0.382418
-0.176638 0.386626 0.381929
-0.176892 0.387067 0.381566
-0.177139 0.386543 0.381181
-0.177419 0.386186 0.380884
-0.178118 0.387005 0.380247
-0.178290 0.387243 0.380215
-0.179105 0.388620 0.379963
-0.179282 0.388786 0.379951
-0.179421 0.388991 0.379902
-0.180619 0.388113 0.378985
-0.180896 0.388267 0.378910
-0.181125 0.388501 0.378816
-0.182886 0.387967 0.377769
-0.183204 0.388194 0.377713
-0.184663 0.389581 0.377372
-0.184919 0.389744 0.377351
-0.185334 0.390117 0.377223
-0.186427 0.388980 0.376503
-0.186769 0.389025 0.376395
-0.188041 0.389989 0.375977
-0.188571 0.390324 0.375914
-0.189363 0.390970 0.375656
-0.189591 0.391090 0.375621
-0.190314 0.391599 0.375349
-0.190938 0.391877 0.375255
-0.191518 0.392277 0.374998
-0.192053 0.392497 0.374911
-0.192424 0.392766 0.374701
-0.193069 0.393034 0.374569
-0.193390 0.393274 0.374360
-0.193542 0.393337 0.374319
-0.194515 0.391887 0.373822
-0.195120 0.392106 0.373485
-0.195974 0.392666 0.373309
-0.196279 0.392952 0.373141
-0.196596 0.392286 0.372929
-0.197900 0.391735 0.372500
-0.198523 0.392240 0.372215
-0.198763 0.392399 0.372159
-0.199934 0.391153 0.371729
-0.200481 0.391339 0.371465
-0.201583 0.392042 0.371202
-0.201796 0.392222 0.371093
-0.202149 0.391587 0.370892
-0.203622 0.391127 0.370460
-0.204358 0.391658 0.370135
-0.204630 0.391826 0.370068
-0.205475 0.390713 0.369811
-0.206419 0.390738 0.369405
-0.207588 0.391410 0.369157
-0.208216 0.391856 0.368851
-0.209118 0.392293 0.368650
-0.209447 0.392478 0.368437
-0.210230 0.392783 0.368206
-0.210648 0.392978 0.367913
-0.211333 0.393203 0.367732
-0.211696 0.393355 0.367451
-0.212182 0.393500 0.367309
-0.212546 0.393637 0.367018
-0.213033 0.393776 0.366870
-0.213402 0.393904 0.366573
-0.213890 0.394040 0.366423
-0.214264 0.394161 0.366120
-0.214755 0.394295 0.365966
-0.215244 0.394445 0.365599
-0.216093 0.394684 0.365394
-0.216945 0.394914 0.365256
-0.217792 0.395139 0.365123
-0.218633 0.395360 0.364990
-0.219573 0.395610 0.364839
-0.220368 0.395816 0.364713
-0.221278 0.396054 0.364567
-0.222153 0.396281 0.364427
-0.223011 0.396500 0.364291
-0.223861 0.396715 0.364156
-0.224708 0.396926 0.364023
-0.225554 0.397136 0.363890
-0.226310 0.397318 0.363774
-0.227106 0.397509 0.363651
-0.228025 0.397731 0.363507
-0.228914 0.397943 0.363368
-0.229694 0.398124 0.363250
-0.230153 0.398224 0.363185
-0.230749 0.398525 0.365133
-0.231718 0.398738 0.365796
-0.231867 0.398764 0.365791
-0.232726 0.399136 0.368230
-0.233589 0.399290 0.368448
-0.234433 0.399459 0.368348
-0.235198 0.399622 0.368245
-0.236010 0.399797 0.368135
-0.236951 0.400004 0.368005
-0.237766 0.400179 0.367894
-0.238710 0.400381 0.367765
-0.239028 0.400443 0.367727
-0.239307 0.400301 0.365302
-0.239625 0.400359 0.364940
-0.239906 0.400252 0.362313
-0.240394 0.400364 0.361812
-0.240537 0.400260 0.359575
-0.240993 0.400355 0.358847
-0.241165 0.400273 0.356202
-0.241611 0.400383 0.355699
-0.241710 0.400303 0.353124
-0.242121 0.400405 0.352635
-0.242106 0.400312 0.350400
-0.242467 0.400397 0.349679
-0.242403 0.400310 0.347384
-0.242852 0.400431 0.346539
-0.242732 0.400350 0.344816
-0.243065 0.400435 0.343585
-0.242897 0.400358 0.341819
-0.243176 0.400444 0.340567
-0.243068 0.400399 0.339600
-0.243181 0.400438 0.337698
-0.242855 0.400373 0.335324
-0.243110 0.400484 0.334476
-0.242744 0.400422 0.332272
-0.242951 0.400523 0.331483
-0.242523 0.400463 0.329298
-0.242782 0.400604 0.328409
-0.243477 0.400775 0.328217
-0.244180 0.400914 0.328079
-0.245051 0.401071 0.327904
-0.245833 0.401203 0.327749
-0.246758 0.401353 0.327560
-0.247569 0.401479 0.327398
-0.247902 0.401527 0.327340
-0.247651 0.401477 0.324888
-0.247933 0.401546 0.324426
-0.247520 0.401495 0.322214
-0.247716 0.401581 0.321423
-0.247184 0.401534 0.319231
-0.247359 0.401653 0.318355
-0.247470 0.401678 0.318317
-0.246962 0.401677 0.315692
-0.247362 0.401806 0.315284
-0.247488 0.401831 0.315256
-0.246980 0.401842 0.312649
-0.247387 0.401971 0.312241
-0.248121 0.402110 0.312063
-0.248928 0.402240 0.311885
-0.249686 0.402350 0.311721
-0.250599 0.402474 0.311516
-0.251409 0.402578 0.311339
-0.252261 0.402681 0.311151
-0.253238 0.402796 0.310930
-0.254083 0.402890 0.310744
-0.254972 0.403011 0.310547
-0.255921 0.403189 0.310333
-0.256912 0.403395 0.310108
-0.258055 0.403646 0.309843
-0.259043 0.403860 0.309620
-0.260188 0.404110 0.309357
-0.261300 0.404350 0.309103
-0.262277 0.404553 0.308886
-0.263295 0.404761 0.308660
-0.264339 0.404971 0.308429
-0.265528 0.405212 0.308161
-0.266671 0.405441 0.307905
-0.267668 0.405631 0.307689
-0.267869 0.405666 0.307652
-0.268663 0.405395 0.307479
-0.268858 0.405395 0.307445
-0.269624 0.405020 0.307282
-0.270004 0.404999 0.307214
-0.270569 0.404630 0.307090
-0.270944 0.404581 0.307025
-0.271499 0.404179 0.306904
-0.271871 0.404119 0.306841
-0.272526 0.403657 0.306698
-0.272702 0.403630 0.306670
-0.273392 0.403153 0.306532
-0.273573 0.403125 0.306503
-0.274389 0.402607 0.306338
-0.274563 0.402586 0.306311
-0.275258 0.402119 0.306175
-0.275623 0.402069 0.306116
-0.276278 0.401606 0.305979
-0.276455 0.401577 0.305952
-0.277162 0.401091 0.305817
-0.277347 0.401061 0.305789
-0.278083 0.400570 0.305649
-0.278464 0.400515 0.305588
-0.279040 0.400089 0.305473
-0.279604 0.399995 0.305380
-0.280023 0.399635 0.305293
-0.279842 0.399511 0.304353
-0.279733 0.399342 0.302718
-0.279800 0.399061 0.302363
-0.279540 0.398911 0.301357
-0.279257 0.398700 0.299656
-0.279245 0.398300 0.299193
-0.278941 0.398170 0.298213
-0.278591 0.398021 0.296840
-0.278359 0.397461 0.295956
-0.278429 0.397418 0.295913
-0.278806 0.396812 0.295802
-0.278934 0.396778 0.295788
-0.279465 0.396252 0.295710
-0.279627 0.396214 0.295691
-0.280393 0.395638 0.295567
-0.280568 0.395608 0.295545
-0.281401 0.395053 0.295407
-0.281586 0.395025 0.295383
-0.282348 0.394516 0.295261
-0.282548 0.394481 0.295235
-0.283373 0.393952 0.295102
-0.283584 0.393914 0.295075
-0.284589 0.393329 0.294912
-0.284798 0.393297 0.294885
-0.285665 0.392770 0.294752
-0.285884 0.392730 0.294725
-0.286938 0.392131 0.294564
-0.287154 0.392097 0.294538
-0.288204 0.391505 0.294383
-0.288421 0.391470 0.294358
-0.291895 0.390024 0.293842
-0.292430 0.390033 0.293779
-0.293254 0.390071 0.293651
-0.294256 0.390125 0.293483
-0.295513 0.390190 0.293262
-0.296652 0.390241 0.293069
-0.298014 0.390290 0.292834
-0.299214 0.390324 0.292636
-0.300467 0.390351 0.292433
-0.301920 0.390370 0.292195
-0.303174 0.390376 0.292000
-0.304470 0.390375 0.291803
-0.305202 0.390377 0.291705
-0.305912 0.388388 0.291648
-0.306777 0.388200 0.291510
-0.307799 0.386291 0.291358
-0.309147 0.386705 0.291055
-0.309352 0.385925 0.291040
-0.311165 0.385330 0.290647
-0.312498 0.386001 0.290318
-0.313562 0.386385 0.290085
-0.313417 0.386348 0.289085
-0.313541 0.386426 0.286944
-0.313300 0.386363 0.285881
-0.313158 0.386366 0.283479
-0.313913 0.386451 0.283257
-0.314790 0.386494 0.283131
-0.315679 0.386515 0.283012
-0.316137 0.386609 0.283951
-0.318262 0.386802 0.285817
-0.318776 0.386908 0.286794
-0.321100 0.387151 0.288681
-0.321625 0.387267 0.289661
-0.323744 0.387525 0.291511
-0.324296 0.387651 0.292524
-0.327016 0.387986 0.294470
-0.328129 0.388060 0.294380
-0.328647 0.388146 0.293963
-0.329390 0.388054 0.293799
-0.329911 0.388012 0.293385
-0.331470 0.387611 0.293139
-0.332958 0.387332 0.293010
-0.333444 0.387263 0.292981
-0.334149 0.387125 0.292562
-0.335689 0.386655 0.292427
-0.336836 0.386399 0.292373
-0.337285 0.386533 0.293347
-0.339164 0.386688 0.295300
-0.339659 0.386855 0.296351
-0.341904 0.387122 0.298455
-0.342373 0.387308 0.299478
-0.344517 0.387671 0.301531
-0.344963 0.387873 0.302555
-0.347205 0.388328 0.304630
-0.348530 0.388381 0.304552
-0.348777 0.388389 0.304532
-0.348982 0.387824 0.301487
-0.349162 0.387798 0.301343
-0.349158 0.387136 0.298153
-0.350064 0.386936 0.297769
-0.351163 0.386783 0.297702
-0.352328 0.386640 0.297642
-0.353525 0.386506 0.297577
-0.354736 0.386377 0.297509
-0.356098 0.386234 0.297428
-0.356325 0.386217 0.297421
-0.356516 0.385431 0.294319
-0.356691 0.385383 0.294243
-0.356707 0.384463 0.291097
-0.357639 0.384092 0.290962
-0.358784 0.383774 0.290996
-0.360167 0.383441 0.291023
-0.361379 0.383180 0.291042
-0.362630 0.382933 0.291051
-0.363896 0.382698 0.291055
-0.365320 0.382439 0.291056
-0.366673 0.382195 0.291061
-0.367844 0.381992 0.291071
-0.370678 0.381258 0.291218
-0.371388 0.381123 0.291258
-0.372244 0.380997 0.291269
-0.373250 0.380863 0.291264
-0.374336 0.380723 0.291254
-0.375601 0.380555 0.291240
-0.376699 0.380407 0.291237
-0.377973 0.380229 0.291233
-0.378629 0.380102 0.291239
-0.379304 0.379856 0.291347
-0.379384 0.379805 0.291378
-0.379450 0.379756 0.291409
-0.379492 0.379722 0.291431
-0.379529 0.379689 0.291453
-0.379554 0.379667 0.291468
-0.379574 0.379648 0.291481
-0.379590 0.379633 0.291492
-0.379604 0.379621 0.291500
-0.379616 0.379609 0.291508
-0.379626 0.379599 0.291515
-0.379633 0.379593 0.291519
-0.379638 0.379588 0.291523
-0.379643 0.379583 0.291526
-0.379647 0.379579 0.291529
-0.379650 0.379576 0.291531
-0.379652 0.379574 0.291532
-0.379654 0.379572 0.291534
-0.379656 0.379570 0.291535
