-0.800018 1.000022 0.249907 1.000000 -0.000002 -0.000000 0.000043
-0.800020 1.000021 0.249919 1.000000 0.000002 -0.000003 0.000044
-0.800020 1.000021 0.249908 1.000000 0.000002 -0.000002 0.000046
-0.800020 1.000020 0.249910 1.000000 0.000004 -0.000003 0.000048
-0.800020 1.000023 0.249936 1.000000 -0.000001 -0.000002 0.000050
-0.800018 1.000023 0.249950 1.000000 0.000000 0.000002 0.000051
-0.800019 1.000023 0.249938 1.000000 -0.000002 0.000001 0.000052
-0.800022 1.000025 0.249794 1.000000 -0.000005 -0.000005 0.000054
-0.800017 1.000022 0.249781 1.000000 0.000003 0.000005 0.000054
-0.800018 1.000023 0.249824 1.000000 0.000001 0.000004 0.000057
-0.800020 1.000024 0.249826 1.000000 -0.000002 0.000000 0.000060
-0.800026 1.000025 0.249814 1.000000 -0.000002 -0.000010 0.000067
-0.800017 1.000022 0.249757 1.000000 0.000004 0.000008 0.000070
-0.800021 1.000027 0.249755 1.000000 -0.000005 -0.000000 0.000070
-0.800023 1.000024 0.249801 1.000000 0.000001 -0.000004 0.000071
-0.800022 1.000024 0.249829 1.000000 0.000001 -0.000001 0.000072
-0.800021 1.000024 0.249848 1.000000 0.000000 0.000001 0.000072
-0.800021 1.000025 0.249885 1.000000 -0.000002 0.000002 0.000074
-0.800022 1.000026 0.249903 1.000000 -0.000003 0.000001 0.000074
-0.800023 1.000022 0.249903 1.000000 0.000005 -0.000001 0.000075
-0.800026 1.000025 0.249844 1.000000 -0.000000 -0.000007 0.000077
-0.800023 1.000027 0.249832 1.000000 -0.000004 -0.000000 0.000077
-0.800025 1.000025 0.249863 1.000000 0.000000 -0.000003 0.000080
-0.800025 1.000026 0.249867 1.000000 -0.000001 -0.000003 0.000081
-0.800024 1.000025 0.249846 1.000000 0.000001 -0.000001 0.000084
-0.800025 1.000027 0.249911 1.000000 -0.000002 -0.000001 0.000087
-0.800025 1.000027 0.249915 1.000000 -0.000002 -0.000001 0.000090
-0.800025 1.000025 0.249898 1.000000 0.000002 -0.000001 0.000093
-0.800026 1.000025 0.249910 1.000000 0.000001 -0.000002 0.000094
-0.800025 1.000027 0.249936 1.000000 -0.000001 -0.000000 0.000095
-0.800024 1.000028 0.249901 1.000000 -0.000002 0.000001 0.000098
-0.800027 1.000026 0.249887 1.000000 0.000002 -0.000003 0.000101
-0.800027 1.000027 0.249919 1.000000 0.000001 -0.000002 0.000103
-0.800026 1.000027 0.249915 1.000000 0.000001 -0.000001 0.000106
-0.800026 1.000029 0.249920 1.000000 -0.000003 -0.000000 0.000108
-0.800028 1.000029 0.249807 1.000000 -0.000003 -0.000004 0.000108
-0.800028 1.000029 0.249823 1.000000 -0.000003 -0.000003 0.000111
-0.800028 1.000028 0.249849 1.000000 0.000001 -0.000002 0.000115
-0.800025 1.000029 0.249830 1.000000 -0.000001 0.000005 0.000118
-0.800030 1.000026 0.249835 1.000000 0.000005 -0.000004 0.000119
-0.800028 1.000029 0.249801 1.000000 0.000000 0.000001 0.000120
-0.800028 1.000031 0.249811 1.000000 -0.000005 0.000001 0.000120
-0.800030 1.000029 0.249900 1.000000 -0.000001 -0.000001 0.000121
-0.800031 1.000029 0.249923 1.000000 0.000000 -0.000004 0.000123
-0.800030 1.000030 0.249920 1.000000 -0.000001 -0.000001 0.000126
-0.800031 1.000030 0.249945 1.000000 -0.000001 -0.000003 0.000127
-0.800032 1.000030 0.249933 1.000000 0.000000 -0.000003 0.000129
-0.800030 1.000030 0.249936 1.000000 0.000001 0.000001 0.000129
-0.800032 1.000030 0.249926 1.000000 0.000002 -0.000003 0.000132
-0.800031 1.000031 0.249934 1.000000 -0.000000 -0.000002 0.000132
-0.800030 1.000030 0.249857 1.000000 0.000001 0.000001 0.000135
-0.800034 1.000033 0.249819 1.000000 -0.000004 -0.000005 0.000137
-0.800032 1.000032 0.249808 1.000000 -0.000002 -0.000002 0.000138
-0.800030 1.000032 0.249814 1.000000 -0.000001 0.000002 0.000139
-0.800034 1.000031 0.249828 1.000000 0.000001 -0.000004 0.000141
-0.800028 1.000034 0.249834 1.000000 -0.000004 0.000008 0.000142
-0.800032 1.000036 0.249769 1.000000 -0.000007 0.000000 0.000143
-0.800033 1.000034 0.249775 1.000000 -0.000003 -0.000003 0.000144
-0.800035 1.000038 0.249750 1.000000 -0.000012 -0.000005 0.000145
-0.800034 1.000034 0.249744 1.000000 -0.000003 -0.000004 0.000145
-0.800032 1.000031 0.249799 1.000000 0.000004 0.000001 0.000146
-0.800034 1.000030 0.249811 1.000000 0.000005 -0.000003 0.000149
-0.800032 1.000032 0.249786 1.000000 0.000001 0.000002 0.000150
-0.800035 1.000034 0.249767 1.000000 -0.000003 -0.000004 0.000151
-0.800033 1.000033 0.249761 1.000000 -0.000001 0.000001 0.000152
-0.800033 1.000032 0.249775 1.000000 0.000002 -0.000000 0.000154
-0.800030 1.000035 0.249769 1.000000 -0.000004 0.000006 0.000155
-0.800034 1.000034 0.249766 1.000000 -0.000002 -0.000001 0.000156
-0.800032 1.000035 0.249796 1.000000 -0.000003 0.000004 0.000156
-0.800033 1.000033 0.249916 1.000000 0.000001 0.000001 0.000158
-0.800033 1.000035 0.249903 1.000000 -0.000002 0.000002 0.000158
-0.800033 1.000034 0.249826 1.000000 0.000000 0.000002 0.000160
-0.800033 1.000036 0.249819 1.000000 -0.000004 0.000003 0.000160
-0.800034 1.000034 0.249884 1.000000 -0.000001 0.000002 0.000161
-0.800036 1.000034 0.249885 1.000000 0.000000 -0.000001 0.000162
-0.800037 1.000034 0.249927 1.000000 0.000001 -0.000004 0.000163
-0.800034 1.000036 0.249911 1.000000 -0.000003 0.000002 0.000163
-0.800037 1.000033 0.249875 1.000000 0.000004 -0.000003 0.000164
-0.800035 1.000037 0.249870 1.000000 -0.000005 0.000002 0.000164
-0.800036 1.000035 0.249868 1.000000 -0.000001 0.000001 0.000164
-0.800039 1.000035 0.249890 1.000000 0.000000 -0.000004 0.000166
-0.800037 1.000035 0.249865 1.000000 0.000001 -0.000001 0.000169
-0.800039 1.000035 0.249910 1.000000 0.000003 -0.000003 0.000171
-0.800038 1.000038 0.249897 1.000000 -0.000003 -0.000001 0.000173
-0.800039 1.000037 0.249952 1.000000 -0.000001 -0.000002 0.000176
-0.800037 1.000039 0.249842 1.000000 -0.000005 0.000001 0.000179
-0.800040 1.000038 0.249756 1.000000 -0.000003 -0.000004 0.000180
-0.800041 1.000034 0.249806 1.000000 0.000006 -0.000005 0.000184
-0.800042 1.000037 0.249809 1.000000 0.000000 -0.000006 0.000186
-0.800037 1.000037 0.249776 1.000000 0.000001 0.000003 0.000188
-0.800038 1.000041 0.249817 1.000000 -0.000006 0.000002 0.000190
-0.800041 1.000039 0.249868 1.000000 -0.000001 -0.000002 0.000192
-0.800041 1.000039 0.249899 1.000000 -0.000001 -0.000001 0.000196
-0.800042 1.000039 0.249904 1.000000 -0.000001 -0.000004 0.000201
-0.800042 1.000038 0.249938 1.000000 0.000000 -0.000002 0.000203
-0.800042 1.000038 0.249900 1.000000 0.000001 -0.000002 0.000205
-0.800041 1.000039 0.249907 1.000000 -0.000001 -0.000001 0.000206
-0.800040 1.000039 0.249919 1.000000 -0.000001 0.000001 0.000207
-0.800042 1.000040 0.249924 1.000000 -0.000001 -0.000002 0.000208
-0.800042 1.000038 0.249928 1.000000 0.000002 -0.000002 0.000209
-0.800041 1.000042 0.249927 1.000000 -0.000005 0.000000 0.000210
-0.800040 1.000040 0.249909 1.000000 -0.000000 0.000002 0.000210
-0.800042 1.000040 0.249911 1.000000 -0.000001 -0.000002 0.000212
-0.800042 1.000041 0.249913 1.000000 -0.000003 -0.000000 0.000212
-0.800041 1.000040 0.249911 1.000000 -0.000001 0.000001 0.000213
-0.800042 1.000041 0.249927 1.000000 -0.000002 -0.000000 0.000214
-0.800042 1.000038 0.249879 1.000000 0.000003 0.000000 0.000216
-0.800041 1.000039 0.249800 1.000000 0.000001 0.000002 0.000219
-0.800043 1.000042 0.249836 1.000000 -0.000003 -0.000001 0.000221
-0.800045 1.000040 0.249845 1.000000 0.000000 -0.000004 0.000225
-0.500059 0.735052 0.249901 1.000000 -0.000001 -0.000003 0.000502
-0.500057 0.735051 0.249872 1.000000 0.000001 0.000001 0.000502
-0.500058 0.735052 0.249939 1.000000 -0.000001 -0.000001 0.000505
-0.500059 0.735052 0.249918 1.000000 -0.000002 -0.000003 0.000509
-0.500057 0.735049 0.249851 1.000000 0.000005 0.000002 0.000513
-0.500058 0.735049 0.249801 1.000000 0.000005 0.000000 0.000517
-0.500059 0.735051 0.249829 1.000000 0.000002 -0.000001 0.000522
-0.500060 0.735055 0.249861 1.000000 -0.000005 -0.000004 0.000528
-0.500058 0.735053 0.249811 1.000000 -0.000001 0.000001 0.000532
-0.500059 0.735052 0.249867 1.000000 0.000000 -0.000000 0.000535
-0.500060 0.735055 0.249878 1.000000 -0.000006 -0.000002 0.000540
-0.500060 0.735051 0.249908 1.000000 0.000002 -0.000003 0.000543
-0.500060 0.735053 0.249846 1.000000 -0.000000 -0.000002 0.000546
-0.500060 0.735053 0.249945 1.000000 0.000001 -0.000001 0.000548
-0.500060 0.735054 0.249924 1.000000 -0.000001 -0.000001 0.000551
-0.500060 0.735054 0.249939 1.000000 -0.000001 -0.000000 0.000555
-0.500059 0.735053 0.249922 1.000000 -0.000001 0.000002 0.000559
-0.500059 0.735053 0.249910 1.000000 0.000001 0.000000 0.000563
-0.500061 0.735053 0.249863 1.000000 0.000000 -0.000004 0.000569
-0.500060 0.735052 0.249919 1.000000 0.000002 -0.000002 0.000571
-0.500060 0.735053 0.249965 1.000000 0.000001 -0.000001 0.000574
-0.500058 0.735054 0.249882 1.000000 -0.000001 0.000003 0.000577
-0.500060 0.735055 0.249876 1.000000 -0.000002 -0.000001 0.000582
-0.500059 0.735055 0.249884 1.000000 -0.000002 0.000001 0.000585
-0.500061 0.735053 0.249902 1.000000 0.000002 -0.000002 0.000588
-0.500060 0.735055 0.249918 1.000000 -0.000001 0.000001 0.000590
-0.500061 0.735054 0.249962 1.000000 0.000001 -0.000001 0.000592
-0.500062 0.735054 0.249861 1.000000 -0.000000 -0.000003 0.000597
-0.500061 0.735054 0.249809 1.000000 0.000000 -0.000001 0.000601
-0.500063 0.735055 0.249873 1.000000 -0.000001 -0.000004 0.000605
-0.500061 0.735053 0.249843 1.000000 0.000003 -0.000001 0.000610
-0.500062 0.735055 0.249868 1.000000 -0.000001 -0.000002 0.000614
-0.500060 0.735055 0.249865 1.000000 -0.000000 0.000001 0.000618
-0.500061 0.735055 0.249960 1.000000 0.000001 -0.000001 0.000619
-0.500060 0.735056 0.249952 1.000000 -0.000002 0.000001 0.000621
-0.500061 0.735055 0.249939 1.000000 0.000001 -0.000001 0.000624
-0.500062 0.735054 0.249951 1.000000 0.000002 -0.000002 0.000626
-0.500061 0.735055 0.249910 1.000000 0.000002 -0.000001 0.000628
-0.500061 0.735056 0.249887 1.000000 -0.000000 -0.000000 0.000632
-0.500062 0.735055 0.249926 1.000000 0.000001 -0.000001 0.000635
-0.500060 0.735056 0.249968 1.000000 -0.000000 0.000001 0.000637
-0.500062 0.735057 0.249958 1.000000 -0.000002 -0.000001 0.000638
-0.500060 0.735057 0.249941 1.000000 -0.000002 0.000003 0.000640
-0.500062 0.735057 0.249937 1.000000 -0.000002 -0.000000 0.000642
-0.500062 0.735057 0.249920 1.000000 -0.000002 -0.000001 0.000646
-0.500062 0.735057 0.249918 1.000000 -0.000001 -0.000001 0.000650
-0.500060 0.735058 0.249833 1.000000 -0.000003 0.000003 0.000653
-0.500061 0.735056 0.249863 1.000000 0.000001 0.000000 0.000657
-0.500062 0.735056 0.249952 1.000000 0.000000 -0.000002 0.000660
-0.500062 0.735056 0.249901 1.000000 0.000000 -0.000001 0.000662
-0.500061 0.735054 0.249826 1.000000 0.000006 0.000001 0.000667
-0.500061 0.735056 0.249812 1.000000 0.000003 0.000000 0.000671
-0.500062 0.735054 0.249827 1.000000 0.000006 -0.000000 0.000674
-0.500062 0.735063 0.249750 1.000000 -0.000012 0.000000 0.000675
-0.500067 0.735056 0.249751 1.000000 0.000002 -0.000011 0.000677
-0.500059 0.735059 0.249801 1.000000 -0.000004 0.000006 0.000684
-0.500062 0.735056 0.249773 1.000000 0.000002 -0.000000 0.000686
-0.500060 0.735058 0.249822 1.000000 -0.000003 0.000004 0.000692
-0.500064 0.735058 0.249854 1.000000 -0.000003 -0.000004 0.000695
-0.500063 0.735056 0.249930 1.000000 0.000003 -0.000001 0.000697
-0.500062 0.735057 0.249938 1.000000 -0.000001 0.000001 0.000699
-0.500064 0.735055 0.249855 1.000000 0.000003 -0.000003 0.000701
-0.500063 0.735056 0.249902 1.000000 0.000002 -0.000001 0.000704
-0.500063 0.735060 0.249860 1.000000 -0.000005 -0.000000 0.000708
-0.500062 0.735057 0.249901 1.000000 0.000001 0.000000 0.000711
-0.500062 0.735058 0.249872 1.000000 -0.000000 0.000002 0.000714
-0.500063 0.735056 0.249921 1.000000 0.000003 0.000000 0.000717
-0.500063 0.735058 0.249850 1.000000 -0.000001 -0.000000 0.000721
-0.500065 0.735056 0.249852 1.000000 0.000004 -0.000003 0.000725
-0.500064 0.735058 0.249824 1.000000 0.000001 -0.000001 0.000728
-0.500067 0.735058 0.249938 1.000000 0.000000 -0.000006 0.000731
-0.500065 0.735061 0.249827 1.000000 -0.000006 -0.000001 0.000733
-0.500065 0.735061 0.249820 1.000000 -0.000006 -0.000001 0.000734
-0.500066 0.735058 0.249895 1.000000 0.000001 -0.000002 0.000737
-0.500064 0.735058 0.249914 1.000000 0.000001 0.000001 0.000740
-0.500064 0.735059 0.249957 1.000000 -0.000000 0.000002 0.000742
-0.500065 0.735060 0.249947 1.000000 -0.000001 0.000000 0.000743
-0.500064 0.735058 0.249913 1.000000 0.000001 0.000003 0.000745
-0.500065 0.735059 0.249870 1.000000 -0.000001 -0.000001 0.000747
-0.500065 0.735061 0.249893 1.000000 -0.000005 -0.000001 0.000751
-0.500065 0.735058 0.249862 1.000000 0.000002 -0.000000 0.000754
-0.500066 0.735058 0.249898 1.000000 0.000003 -0.000001 0.000757
-0.500065 0.735058 0.249904 1.000000 0.000003 -0.000000 0.000760
-0.500065 0.735061 0.249819 1.000000 -0.000003 0.000001 0.000763
-0.500066 0.735060 0.249904 1.000000 -0.000001 -0.000000 0.000766
-0.500066 0.735059 0.249894 1.000000 0.000002 -0.000000 0.000768
-0.500067 0.735061 0.249878 1.000000 -0.000002 -0.000002 0.000772
-0.500066 0.735060 0.249901 1.000000 -0.000001 -0.000001 0.000774
-0.500067 0.735060 0.249875 1.000000 0.000001 -0.000002 0.000777
-0.500070 0.735062 0.249770 1.000000 -0.000003 -0.000008 0.000779
-0.500066 0.735059 0.249819 1.000000 0.000002 -0.000001 0.000783
-0.500064 0.735058 0.249787 1.000000 0.000005 0.000003 0.000787
-0.500066 0.735062 0.249862 1.000000 -0.000003 -0.000001 0.000791
-0.500065 0.735061 0.249954 1.000000 -0.000001 0.000001 0.000793
-0.500066 0.735061 0.249944 1.000000 -0.000001 -0.000001 0.000794
-0.500065 0.735062 0.249901 1.000000 -0.000002 0.000003 0.000797
-0.500065 0.735062 0.249833 1.000000 -0.000001 0.000003 0.000800
-0.500065 0.735062 0.249871 1.000000 -0.000001 0.000002 0.000804
-0.500067 0.735062 0.249914 1.000000 -0.000002 -0.000001 0.000806
-0.500066 0.735061 0.249915 1.000000 -0.000001 -0.000001 0.000810
-0.500067 0.735062 0.249909 1.000000 -0.000002 -0.000002 0.000813
-0.500068 0.735061 0.249878 1.000000 0.000001 -0.000002 0.000815
-0.500066 0.735061 0.249930 1.000000 0.000001 0.000000 0.000818
-0.500067 0.735063 0.249928 1.000000 -0.000003 -0.000000 0.000821
-0.500067 0.735063 0.249944 1.000000 -0.000002 -0.000000 0.000825
-0.500067 0.735063 0.249942 1.000000 -0.000002 -0.000001 0.000828
-0.500068 0.735061 0.249931 1.000000 0.000002 -0.000002 0.000832
-0.500066 0.735061 0.249869 1.000000 0.000002 0.000000 0.000835
-0.500069 0.735061 0.249849 1.000000 0.000002 -0.000005 0.000839
-0.500067 0.735061 0.249893 1.000000 0.000001 -0.000000 0.000842
-0.500068 0.735061 0.249933 1.000000 0.000002 -0.000001 0.000844
-0.500067 0.735061 0.249909 1.000000 0.000003 -0.000001 0.000847
-0.500068 0.735062 0.249959 1.000000 0.000000 -0.000002 0.000849
-0.500068 0.735062 0.249971 1.000000 -0.000000 -0.000001 0.000850
-0.500068 0.735062 0.249953 1.000000 0.000001 -0.000002 0.000852
-0.500068 0.735063 0.249926 1.000000 -0.000002 -0.000002 0.000855
-0.500068 0.735063 0.249875 1.000000 -0.000002 -0.000002 0.000857
-0.500067 0.735062 0.249883 1.000000 0.000000 -0.000000 0.000861
-0.500068 0.735064 0.249952 1.000000 -0.000002 -0.000001 0.000863
-0.500068 0.735064 0.249835 1.000000 -0.000003 -0.000001 0.000866
-0.500069 0.735063 0.249891 1.000000 0.000000 -0.000002 0.000868
-0.500071 0.735063 0.249832 1.000000 0.000001 -0.000007 0.000872
-0.500069 0.735064 0.249856 1.000000 -0.000001 -0.000003 0.000877
-0.500071 0.735063 0.249841 1.000000 -0.000000 -0.000006 0.000881
-0.500069 0.735063 0.249804 1.000000 0.000001 -0.000002 0.000883
-0.500071 0.735065 0.249778 1.000000 -0.000004 -0.000005 0.000885
-0.500066 0.735066 0.249813 1.000000 -0.000006 0.000005 0.000887
-0.500070 0.735063 0.249880 1.000000 0.000001 -0.000002 0.000891
-0.500070 0.735062 0.249839 1.000000 0.000002 -0.000003 0.000896
-0.500069 0.735063 0.249897 1.000000 0.000001 -0.000000 0.000898
-0.500070 0.735064 0.249899 1.000000 -0.000001 -0.000003 0.000901
-0.500070 0.735063 0.249901 1.000000 0.000002 -0.000001 0.000904
-0.500069 0.735064 0.249819 1.000000 -0.000000 -0.000000 0.000906
-0.500069 0.735063 0.249933 1.000000 0.000001 0.000001 0.000909
-0.500070 0.735064 0.249911 1.000000 -0.000000 -0.000002 0.000911
-0.500069 0.735066 0.249937 1.000000 -0.000004 0.000002 0.000912
-0.500068 0.735063 0.249805 1.000000 0.000002 0.000003 0.000914
-0.500071 0.735063 0.249791 1.000000 0.000003 -0.000002 0.000918
-0.500071 0.735064 0.249837 1.000000 0.000001 -0.000002 0.000921
-0.500071 0.735063 0.249944 1.000000 0.000004 -0.000001 0.000923
-0.500070 0.735063 0.249885 1.000000 0.000003 -0.000000 0.000927
-0.500073 0.735067 0.249858 1.000000 -0.000005 -0.000006 0.000932
-0.500072 0.735062 0.249791 1.000000 0.000006 -0.000003 0.000933
-0.500072 0.735065 0.249834 1.000000 -0.000000 -0.000003 0.000936
-0.500073 0.735069 0.249805 1.000000 -0.000007 -0.000004 0.000938
-0.500071 0.735067 0.249792 1.000000 -0.000003 0.000000 0.000940
-0.500071 0.735064 0.249852 1.000000 0.000003 -0.000000 0.000943
-0.500070 0.735070 0.249813 1.000000 -0.000009 0.000002 0.000947
-0.500071 0.735065 0.249834 1.000000 0.000002 0.000001 0.000949
-0.500070 0.735067 0.249829 1.000000 -0.000004 0.000004 0.000954
-0.500074 0.735068 0.249810 1.000000 -0.000005 -0.000003 0.000956
-0.500074 0.735064 0.249811 1.000000 0.000003 -0.000003 0.000960
-0.500073 0.735066 0.249932 1.000000 0.000000 -0.000002 0.000961
-0.500074 0.735066 0.249956 1.000000 0.000000 -0.000002 0.000963
-0.500073 0.735066 0.249896 1.000000 -0.000000 -0.000001 0.000966
-0.500073 0.735065 0.249918 1.000000 0.000002 -0.000001 0.000969
-0.500073 0.735066 0.249921 1.000000 0.000000 -0.000000 0.000971
-0.500074 0.735067 0.249943 1.000000 -0.000000 -0.000003 0.000973
-0.500072 0.735067 0.249888 1.000000 -0.000001 0.000002 0.000977
-0.500073 0.735068 0.249924 1.000000 -0.000003 -0.000000 0.000979
-0.500074 0.735065 0.249889 1.000000 0.000003 -0.000002 0.000982
-0.500072 0.735066 0.249844 1.000000 0.000002 0.000002 0.000985
-0.500074 0.735067 0.249934 1.000000 -0.000000 -0.000001 0.000987
-0.500073 0.735066 0.249912 1.000000 0.000003 0.000000 0.000989
-0.500075 0.735067 0.249926 1.000000 0.000000 -0.000003 0.000991
-0.500075 0.735067 0.249934 1.000000 -0.000000 -0.000003 0.000993
-0.500074 0.735069 0.249896 1.000000 -0.000003 -0.000001 0.000996
-0.500074 0.735069 0.249845 1.000000 -0.000004 0.000000 0.000998
-0.500073 0.735067 0.249805 0.999999 0.000002 0.000003 0.001000
-0.500073 0.735069 0.249792 0.999999 -0.000004 0.000002 0.001004
-0.500075 0.735066 0.249868 0.999999 0.000003 -0.000002 0.001007
-0.500075 0.735068 0.249877 0.999999 -0.000000 -0.000001 0.001010
-0.500075 0.735069 0.249833 0.999999 -0.000002 -0.000000 0.001013
-0.500075 0.735071 0.249900 0.999999 -0.000005 -0.000000 0.001016
-0.500075 0.735069 0.249864 0.999999 -0.000001 -0.000000 0.001019
-0.500075 0.735067 0.249889 0.999999 0.000003 -0.000001 0.001022
-0.500076 0.735066 0.249898 0.999999 0.000005 -0.000003 0.001025
-0.500075 0.735070 0.249851 0.999999 -0.000004 -0.000001 0.001028
-0.500075 0.735068 0.249826 0.999999 0.000002 0.000000 0.001030
-0.500077 0.735068 0.249874 0.999999 0.000002 -0.000003 0.001032
-0.500076 0.735070 0.249869 0.999999 -0.000002 -0.000000 0.001037
-0.500076 0.735069 0.249910 0.999999 0.000000 -0.000002 0.001041
-0.500076 0.735067 0.249900 0.999999 0.000004 -0.000000 0.001046
-0.500075 0.735070 0.249826 0.999999 -0.000001 0.000002 0.001050
-0.500077 0.735069 0.249861 0.999999 0.000001 -0.000003 0.001054
-0.500077 0.735070 0.249882 0.999999 -0.000001 -0.000003 0.001058
-0.500076 0.735070 0.249898 0.999999 0.000000 -0.000000 0.001062
-0.500076 0.735070 0.249842 0.999999 -0.000001 -0.000001 0.001065
-0.500075 0.735070 0.249920 0.999999 0.000000 0.000001 0.001068
-0.500077 0.735071 0.249903 0.999999 -0.000002 -0.000001 0.001071
-0.500075 0.735070 0.249933 0.999999 0.000000 0.000002 0.001074
-0.500076 0.735072 0.249883 0.999999 -0.000003 0.000001 0.001078
-0.500078 0.735069 0.249870 0.999999 0.000004 -0.000003 0.001082
-0.500076 0.735071 0.249900 0.999999 -0.000001 -0.000000 0.001085
-0.500078 0.735072 0.249887 0.999999 -0.000002 -0.000003 0.001088
-0.500077 0.735072 0.249876 0.999999 -0.000002 -0.000002 0.001093
-0.500077 0.735071 0.249903 0.999999 0.000001 -0.000002 0.001097
-0.500078 0.735071 0.249919 0.999999 -0.000000 -0.000003 0.001100
-0.500077 0.735071 0.249879 0.999999 0.000000 -0.000002 0.001102
-0.500076 0.735072 0.249888 0.999999 -0.000001 0.000001 0.001106
-0.500077 0.735071 0.249932 0.999999 0.000001 -0.000001 0.001108
-0.500077 0.735072 0.249919 0.999999 -0.000001 -0.000001 0.001111
-0.500077 0.735072 0.249938 0.999999 -0.000000 -0.000000 0.001113
-0.500078 0.735072 0.249939 0.999999 -0.000000 -0.000002 0.001116
-0.500077 0.735070 0.249916 0.999999 0.000003 -0.000000 0.001118
-0.500078 0.735073 0.249832 0.999999 -0.000003 -0.000002 0.001123
-0.500078 0.735072 0.249908 0.999999 -0.000001 -0.000001 0.001126
-0.500077 0.735071 0.249960 0.999999 0.000002 0.000000 0.001128
-0.500079 0.735072 0.249945 0.999999 0.000000 -0.000003 0.001129
-0.500078 0.735071 0.249868 0.999999 0.000002 -0.000002 0.001132
-0.500076 0.735073 0.249898 0.999999 -0.000001 0.000002 0.001136
-0.500078 0.735071 0.249892 0.999999 0.000003 -0.000001 0.001138
-0.500077 0.735073 0.249932 0.999999 -0.000001 0.000001 0.001141
-0.500078 0.735074 0.249886 0.999999 -0.000003 -0.000000 0.001144
-0.500077 0.735071 0.249826 0.999999 0.000003 0.000003 0.001146
-0.500079 0.735073 0.249895 0.999999 0.000001 -0.000001 0.001151
-0.500078 0.735072 0.249913 0.999999 0.000001 0.000001 0.001152
-0.500079 0.735072 0.249925 0.999999 0.000003 -0.000001 0.001155
-0.500081 0.735074 0.249847 0.999999 -0.000002 -0.000005 0.001159
-0.500079 0.735071 0.249817 0.999999 0.000005 -0.000000 0.001163
-0.500081 0.735074 0.249827 0.999999 -0.000001 -0.000004 0.001167
-0.500078 0.735075 0.249891 0.999999 -0.000002 0.000002 0.001170
-0.500080 0.735073 0.249899 0.999999 0.000001 -0.000002 0.001172
-0.500079 0.735073 0.249870 0.999999 0.000001 0.000001 0.001176
-0.500079 0.735071 0.249861 0.999999 0.000005 0.000001 0.001179
-0.500082 0.735073 0.249757 0.999999 0.000001 -0.000005 0.001180
-0.500080 0.735078 0.249777 0.999999 -0.000008 -0.000001 0.001183
-0.500079 0.735076 0.249840 0.999999 -0.000003 0.000002 0.001186
-0.500081 0.735075 0.249911 0.999999 -0.000001 -0.000001 0.001188
-0.500079 0.735074 0.249892 0.999999 0.000000 0.000001 0.001191
-0.500079 0.735075 0.249880 0.999999 -0.000001 0.000002 0.001193
-0.500081 0.735073 0.249897 0.999999 0.000003 -0.000002 0.001196
-0.500084 0.735078 0.249831 0.999999 -0.000006 -0.000006 0.001198
-0.500081 0.735073 0.249814 0.999999 0.000003 -0.000000 0.001200
-0.500082 0.735074 0.249896 0.999999 0.000003 -0.000002 0.001203
-0.500081 0.735074 0.249922 0.999999 0.000002 -0.000001 0.001205
-0.500080 0.735075 0.249938 0.999999 0.000001 0.000001 0.001208
-0.500081 0.735075 0.249954 0.999999 0.000001 -0.000001 0.001210
-0.500082 0.735075 0.249916 0.999999 0.000002 -0.000002 0.001212
-0.500082 0.735076 0.249867 0.999999 -0.000001 -0.000002 0.001217
-0.500080 0.735077 0.249940 0.999999 -0.000003 0.000002 0.001221
-0.500082 0.735076 0.249899 0.999999 -0.000000 -0.000001 0.001224
-0.500081 0.735075 0.249960 0.999999 0.000001 0.000000 0.001226
-0.500081 0.735077 0.249942 0.999999 -0.000001 0.000000 0.001227
-0.500082 0.735076 0.249935 0.999999 0.000001 -0.000001 0.001230
-0.500082 0.735076 0.249925 0.999999 -0.000000 -0.000002 0.001233
-0.500081 0.735075 0.249934 0.999999 0.000002 -0.000000 0.001235
-0.500082 0.735077 0.249948 0.999999 -0.000001 -0.000002 0.001237
-0.500082 0.735076 0.249943 0.999999 0.000001 -0.000002 0.001239
-0.500082 0.735075 0.249942 0.999999 0.000003 -0.000001 0.001242
-0.500082 0.735075 0.249899 0.999999 0.000003 -0.000001 0.001246
-0.500080 0.735076 0.249831 0.999999 0.000001 0.000003 0.001248
-0.500083 0.735075 0.249807 0.999999 0.000003 -0.000003 0.001250
-0.500081 0.735080 0.249822 0.999999 -0.000006 0.000002 0.001252
-0.500083 0.735074 0.249833 0.999999 0.000007 -0.000001 0.001256
-0.500083 0.735078 0.249894 0.999999 -0.000001 -0.000001 0.001259
-0.500084 0.735077 0.249933 0.999999 0.000001 -0.000002 0.001262
-0.500082 0.735078 0.249918 0.999999 -0.000002 0.000000 0.001265
-0.500084 0.735077 0.249940 0.999999 0.000001 -0.000003 0.001269
-0.500082 0.735076 0.249921 0.999999 0.000003 0.000000 0.001271
-0.500085 0.735077 0.249815 0.999999 0.000001 -0.000005 0.001275
-0.500083 0.735077 0.249901 0.999999 0.000001 -0.000001 0.001279
-0.500081 0.735079 0.249887 0.999999 -0.000003 0.000003 0.001282
-0.500083 0.735077 0.249918 0.999999 0.000002 -0.000002 0.001286
-0.500083 0.735076 0.249955 0.999999 0.000003 -0.000001 0.001287
-0.500084 0.735079 0.249888 0.999999 -0.000002 -0.000002 0.001292
-0.500085 0.735079 0.249808 0.999999 -0.000003 -0.000005 0.001295
-0.500083 0.735080 0.249781 0.999999 -0.000005 -0.000001 0.001296
-0.500083 0.735076 0.249878 0.999999 0.000004 -0.000001 0.001299
-0.500084 0.735079 0.249805 0.999999 -0.000001 -0.000002 0.001303
-0.500083 0.735077 0.249912 0.999999 0.000002 -0.000000 0.001307
-0.500084 0.735078 0.249960 0.999999 0.000001 -0.000002 0.001309
-0.500083 0.735080 0.249960 0.999999 -0.000003 0.000001 0.001310
-0.500082 0.735078 0.249845 0.999999 0.000002 0.000002 0.001313
-0.500083 0.735078 0.249843 0.999999 0.000001 -0.000001 0.001318
-0.500084 0.735081 0.249867 0.999999 -0.000005 -0.000001 0.001321
-0.500085 0.735076 0.249818 0.999999 0.000005 -0.000002 0.001324
-0.500084 0.735078 0.249848 0.999999 0.000002 -0.000000 0.001327
-0.500084 0.735078 0.249940 0.999999 0.000001 -0.000001 0.001329
-0.500083 0.735079 0.249906 0.999999 -0.000000 0.000001 0.001331
-0.500084 0.735079 0.249885 0.999999 0.000000 -0.000000 0.001336
-0.500083 0.735079 0.249924 0.999999 0.000001 0.000001 0.001338
-0.500085 0.735083 0.249836 0.999999 -0.000007 -0.000002 0.001342
-0.500084 0.735081 0.249877 0.999999 -0.000003 0.000001 0.001345
-0.500085 0.735080 0.249907 0.999999 -0.000001 -0.000001 0.001347
-0.500085 0.735080 0.249937 0.999999 -0.000000 -0.000002 0.001350
-0.500083 0.735080 0.249901 0.999999 -0.000000 0.000002 0.001353
-0.500085 0.735078 0.249859 0.999999 0.000003 -0.000000 0.001357
-0.500083 0.735077 0.249796 0.999999 0.000006 0.000003 0.001360
-0.500083 0.735078 0.249770 0.999999 0.000003 0.000004 0.001361
-0.500086 0.735081 0.249790 0.999999 -0.000002 -0.000003 0.001365
-0.500086 0.735080 0.249827 0.999999 -0.000000 -0.000002 0.001369
-0.500085 0.735082 0.249915 0.999999 -0.000003 -0.000000 0.001371
-0.500086 0.735081 0.249859 0.999999 -0.000002 -0.000000 0.001374
-0.500084 0.735082 0.249868 0.999999 -0.000003 0.000003 0.001377
-0.500083 0.735078 0.249773 0.999999 0.000005 0.000005 0.001378
-0.500086 0.735080 0.249867 0.999999 0.000000 -0.000002 0.001383
-0.500086 0.735081 0.249891 0.999999 -0.000001 0.000000 0.001386
-0.500087 0.735079 0.249863 0.999999 0.000004 -0.000003 0.001388
-0.500089 0.735080 0.249825 0.999999 0.000002 -0.000005 0.001393
-0.500086 0.735082 0.249852 0.999999 -0.000002 -0.000000 0.001397
-0.500088 0.735082 0.249912 0.999999 -0.000002 -0.000003 0.001399
-0.500086 0.735082 0.249952 0.999999 -0.000002 0.000000 0.001401
-0.500087 0.735080 0.249955 0.999999 0.000001 -0.000000 0.001402
-0.500087 0.735082 0.249921 0.999999 -0.000002 -0.000002 0.001405
-0.500086 0.735082 0.249932 0.999999 -0.000001 0.000001 0.001408
-0.500087 0.735080 0.249865 0.999999 0.000003 -0.000000 0.001411
-0.500087 0.735076 0.249811 0.999999 0.000012 -0.000001 0.001414
-0.500084 0.735084 0.249826 0.999999 -0.000005 0.000007 0.001416
-0.500088 0.735083 0.249845 0.999999 -0.000002 -0.000002 0.001420
-0.500089 0.735081 0.249858 0.999999 0.000002 -0.000002 0.001424
-0.500092 0.735081 0.249813 0.999999 0.000001 -0.000010 0.001429
-0.500087 0.735081 0.249851 0.999999 0.000002 0.000001 0.001434
-0.500089 0.735083 0.249935 0.999999 -0.000002 -0.000002 0.001437
-0.500087 0.735081 0.249921 0.999999 0.000003 0.000001 0.001439
-0.500089 0.735082 0.249942 0.999999 0.000001 -0.000003 0.001441
-0.500088 0.735082 0.249937 0.999999 0.000000 0.000000 0.001444
-0.500089 0.735082 0.249904 0.999999 0.000001 -0.000002 0.001447
-0.500089 0.735083 0.249910 0.999999 0.000000 -0.000002 0.001451
-0.500089 0.735083 0.249942 0.999999 0.000000 -0.000002 0.001453
-0.500089 0.735083 0.249974 0.999999 0.000000 -0.000001 0.001454
-0.500089 0.735082 0.249954 0.999999 0.000002 -0.000002 0.001455
-0.500091 0.735084 0.249890 0.999999 -0.000001 -0.000005 0.001456
-0.500090 0.735083 0.249853 0.999999 0.000001 -0.000003 0.001459
-0.500089 0.735085 0.249874 0.999999 -0.000003 -0.000001 0.001462
-0.500089 0.735083 0.249891 0.999999 0.000001 -0.000002 0.001464
-0.500089 0.735083 0.249946 0.999999 0.000001 -0.000001 0.001466
-0.500088 0.735083 0.249926 0.999999 0.000001 0.000000 0.001469
-0.500091 0.735083 0.249842 0.999999 0.000002 -0.000004 0.001473
-0.500088 0.735083 0.249862 0.999999 0.000001 0.000002 0.001477
-0.500089 0.735081 0.249850 0.999999 0.000006 -0.000001 0.001480
-0.500089 0.735087 0.249821 0.999999 -0.000006 0.000001 0.001482
-0.500089 0.735084 0.249820 0.999999 0.000001 0.000001 0.001485
-0.500090 0.735084 0.249947 0.999999 0.000000 -0.000001 0.001486
-0.500090 0.735082 0.249920 0.999999 0.000004 -0.000001 0.001488
-0.500090 0.735084 0.249890 0.999999 0.000002 0.000000 0.001493
-0.500092 0.735083 0.249861 0.999999 0.000004 -0.000004 0.001497
-0.500091 0.735084 0.249903 0.999999 0.000001 -0.000000 0.001500
-0.500092 0.735083 0.249944 0.999999 0.000004 -0.000002 0.001501
-0.500090 0.735084 0.249843 0.999999 0.000001 0.000002 0.001505
-0.500092 0.735085 0.249893 0.999999 0.000000 -0.000001 0.001508
-0.500091 0.735082 0.249911 0.999999 0.000005 -0.000000 0.001510
-0.500092 0.735086 0.249844 0.999999 -0.000001 -0.000001 0.001512
-0.500091 0.735085 0.249898 0.999999 0.000001 0.000001 0.001515
-0.500092 0.735087 0.249911 0.999999 -0.000004 -0.000000 0.001517
-0.500094 0.735084 0.249828 0.999999 0.000002 -0.000004 0.001521
-0.500092 0.735087 0.249881 0.999999 -0.000003 -0.000000 0.001524
-0.500092 0.735085 0.249952 0.999999 0.000001 -0.000000 0.001526
-0.500092 0.735086 0.249937 0.999999 0.000000 0.000000 0.001528
-0.500091 0.735087 0.249894 0.999999 -0.000002 0.000002 0.001532
-0.500093 0.735085 0.249927 0.999999 0.000002 -0.000000 0.001533
-0.500094 0.735086 0.249917 0.999999 -0.000001 -0.000004 0.001535
-0.500093 0.735086 0.249959 0.999999 0.000001 0.000000 0.001537
-0.500094 0.735086 0.249908 0.999999 0.000001 -0.000003 0.001539
-0.500094 0.735084 0.249824 0.999999 0.000004 -0.000002 0.001543
-0.500095 0.735085 0.249768 0.999999 0.000003 -0.000004 0.001544
-0.500090 0.735085 0.249747 0.999999 0.000002 0.000006 0.001546
-0.500095 0.735087 0.249822 0.999999 -0.000000 -0.000004 0.001549
-0.500094 0.735085 0.249892 0.999999 0.000004 -0.000001 0.001551
-0.500093 0.735085 0.249956 0.999999 0.000004 0.000000 0.001554
-0.500095 0.735087 0.249925 0.999999 -0.000001 -0.000003 0.001556
-0.500092 0.735089 0.249856 0.999999 -0.000005 0.000002 0.001559
-0.500094 0.735085 0.249827 0.999999 0.000005 -0.000001 0.001562
-0.500093 0.735086 0.249799 0.999999 0.000003 0.000001 0.001564
-0.500094 0.735087 0.249895 0.999999 0.000000 -0.000000 0.001566
-0.500094 0.735086 0.249957 0.999999 0.000002 -0.000000 0.001568
-0.500095 0.735087 0.249934 0.999999 0.000000 -0.000002 0.001571
-0.500093 0.735088 0.249815 0.999999 -0.000000 0.000001 0.001574
-0.500093 0.735089 0.249886 0.999999 -0.000003 0.000001 0.001576
-0.500093 0.735087 0.249931 0.999999 0.000002 0.000002 0.001578
-0.500092 0.735086 0.249888 0.999999 0.000003 0.000004 0.001580
-0.500096 0.735089 0.249806 0.999999 -0.000003 -0.000004 0.001583
-0.500096 0.735086 0.249846 0.999999 0.000004 -0.000004 0.001586
-0.500095 0.735087 0.249912 0.999999 0.000002 0.000000 0.001589
-0.500096 0.735088 0.249828 0.999999 0.000000 -0.000002 0.001592
-0.500096 0.735087 0.249824 0.999999 0.000003 -0.000001 0.001595
-0.500094 0.735090 0.249831 0.999999 -0.000002 0.000002 0.001599
-0.500100 0.735089 0.249813 0.999999 -0.000001 -0.000008 0.001602
-0.500096 0.735089 0.249795 0.999999 -0.000001 -0.000000 0.001605
-0.500097 0.735087 0.249821 0.999999 0.000003 -0.000003 0.001607
-0.500097 0.735090 0.249836 0.999999 -0.000002 -0.000002 0.001611
-0.500097 0.735091 0.249872 0.999999 -0.000003 -0.000001 0.001615
-0.500096 0.735087 0.249826 0.999999 0.000004 0.000001 0.001618
-0.500098 0.735088 0.249916 0.999999 0.000001 -0.000003 0.001620
-0.500097 0.735089 0.249895 0.999999 0.000000 -0.000002 0.001623
-0.500097 0.735089 0.249958 0.999999 0.000000 -0.000001 0.001625
-0.500097 0.735089 0.249964 0.999999 0.000001 -0.000000 0.001627
-0.500096 0.735090 0.249944 0.999999 -0.000002 0.000001 0.001629
-0.500098 0.735089 0.249974 0.999999 0.000002 -0.000002 0.001630
-0.500097 0.735089 0.249968 0.999999 0.000001 -0.000001 0.001631
-0.500097 0.735090 0.249934 0.999999 -0.000002 0.000001 0.001632
-0.500098 0.735090 0.249842 0.999999 -0.000001 -0.000003 0.001636
-0.500098 0.735089 0.249839 0.999999 0.000002 -0.000001 0.001639
-0.500096 0.735089 0.249928 0.999999 0.000001 0.000002 0.001641
-0.500094 0.735091 0.249830 0.999999 -0.000001 0.000008 0.001643
-0.500098 0.735090 0.249829 0.999999 -0.000000 -0.000001 0.001646
-0.500098 0.735090 0.249902 0.999999 -0.000000 -0.000001 0.001649
-0.500097 0.735091 0.249888 0.999999 -0.000001 0.000001 0.001655
-0.500098 0.735089 0.249875 0.999999 0.000002 -0.000001 0.001659
-0.500098 0.735089 0.249906 0.999999 0.000003 -0.000000 0.001662
-0.500099 0.735092 0.249857 0.999999 -0.000003 -0.000004 0.001665
-0.500097 0.735089 0.249795 0.999999 0.000003 0.000002 0.001667
-0.500097 0.735090 0.249840 0.999999 0.000002 0.000001 0.001671
-0.500099 0.735091 0.249898 0.999999 -0.000000 -0.000001 0.001673
-0.500099 0.735091 0.249933 0.999999 -0.000000 -0.000002 0.001676
-0.500097 0.735091 0.249945 0.999999 0.000000 0.000002 0.001677
-0.500099 0.735092 0.249917 0.999999 -0.000001 -0.000002 0.001678
-0.500099 0.735091 0.249935 0.999999 0.000001 -0.000002 0.001682
-0.500098 0.735092 0.249918 0.999999 -0.000001 -0.000000 0.001684
-0.500099 0.735092 0.249910 0.999999 -0.000002 0.000000 0.001687
-0.500098 0.735091 0.249887 0.999999 0.000000 0.000002 0.001690
-0.500102 0.735089 0.249861 0.999999 0.000005 -0.000006 0.001695
-0.500100 0.735094 0.249788 0.999999 -0.000004 -0.000003 0.001697
-0.500100 0.735092 0.249859 0.999999 -0.000001 -0.000002 0.001699
-0.500099 0.735092 0.249912 0.999999 -0.000001 -0.000000 0.001703
-0.500099 0.735092 0.249937 0.999999 0.000001 -0.000000 0.001706
-0.500099 0.735092 0.249947 0.999999 0.000001 0.000000 0.001709
-0.500100 0.735094 0.249847 0.999999 -0.000004 -0.000003 0.001712
-0.500101 0.735093 0.249792 0.999999 -0.000002 -0.000003 0.001714
-0.500098 0.735092 0.249808 0.999999 0.000001 0.000002 0.001718
-0.500097 0.735093 0.249826 0.999999 -0.000002 0.000005 0.001720
-0.500100 0.735093 0.249830 0.999999 -0.000001 0.000001 0.001722
-0.500101 0.735091 0.249825 0.999999 0.000003 -0.000001 0.001724
-0.500097 0.735091 0.249794 0.999999 0.000004 0.000007 0.001727
-0.500101 0.735093 0.249763 0.999999 0.000000 -0.000001 0.001729
-0.500101 0.735092 0.249911 0.999999 0.000002 -0.000001 0.001731
-0.500100 0.735092 0.249843 0.999998 0.000003 0.000001 0.001734
-0.500101 0.735094 0.249845 0.999998 -0.000001 -0.000001 0.001738
-0.500100 0.735094 0.249903 0.999998 -0.000001 0.000001 0.001741
-0.500101 0.735093 0.249913 0.999998 0.000001 -0.000001 0.001745
-0.500101 0.735093 0.249943 0.999998 0.000001 -0.000001 0.001747
-0.500102 0.735094 0.249923 0.999998 -0.000001 -0.000003 0.001748
-0.500101 0.735092 0.249870 0.999998 0.000003 -0.000001 0.001750
-0.500099 0.735093 0.249909 0.999998 0.000002 0.000004 0.001752
-0.500102 0.735093 0.249864 0.999998 0.000002 -0.000002 0.001757
-0.500101 0.735096 0.249919 0.999998 -0.000003 -0.000001 0.001760
-0.500102 0.735093 0.249872 0.999998 0.000002 -0.000001 0.001765
-0.500102 0.735093 0.249944 0.999998 0.000002 -0.000002 0.001768
-0.500101 0.735095 0.249931 0.999998 -0.000000 0.000000 0.001770
-0.500101 0.735093 0.249841 0.999998 0.000004 -0.000000 0.001774
-0.500101 0.735095 0.249886 0.999998 -0.000001 0.000001 0.001777
-0.500102 0.735094 0.249924 0.999998 0.000001 -0.000001 0.001779
-0.500102 0.735098 0.249878 0.999998 -0.000006 -0.000001 0.001782
-0.500099 0.735095 0.249819 0.999998 0.000000 0.000005 0.001786
-0.500106 0.735095 0.249800 0.999998 0.000001 -0.000008 0.001789
-0.500105 0.735094 0.249791 0.999998 0.000002 -0.000005 0.001795
-0.500099 0.735096 0.249835 0.999998 -0.000002 0.000006 0.001802
-0.500102 0.735096 0.249849 0.999998 -0.000001 -0.000001 0.001806
-0.500104 0.735095 0.249837 0.999998 0.000001 -0.000004 0.001810
-0.500101 0.735096 0.249874 0.999998 0.000000 0.000003 0.001827
-0.500103 0.735096 0.249858 0.999998 0.000000 -0.000000 0.001832
-0.500104 0.735096 0.249865 0.999998 -0.000001 -0.000001 0.001832
-0.500103 0.735097 0.249853 0.999998 -0.000002 0.000001 0.001837
-0.500104 0.735099 0.249842 0.999998 -0.000006 -0.000001 0.001838
-0.500102 0.735096 0.249833 0.999998 0.000001 0.000002 0.001839
-0.500105 0.735098 0.249808 0.999998 -0.000002 -0.000003 0.001841
-0.500104 0.735092 0.249804 0.999998 0.000008 -0.000000 0.001842
-0.500103 0.735097 0.249831 0.999998 -0.000000 0.000002 0.001848
-0.500105 0.735095 0.249852 0.999998 0.000003 -0.000003 0.001849
-0.500104 0.735096 0.249866 0.999998 0.000001 -0.000001 0.001853
-0.500103 0.735098 0.249872 0.999998 -0.000003 0.000001 0.001854
-0.500103 0.735096 0.249919 0.999998 0.000001 0.000001 0.001857
-0.500104 0.735095 0.249905 0.999998 0.000004 -0.000001 0.001857
-0.500106 0.735097 0.249910 0.999998 0.000001 -0.000005 0.001861
-0.500102 0.735097 0.249885 0.999998 0.000001 0.000003 0.001862
-0.500105 0.735097 0.249836 0.999998 0.000000 -0.000003 0.001866
-0.500104 0.735097 0.249845 0.999998 -0.000000 0.000000 0.001866
-0.500105 0.735098 0.249860 0.999998 -0.000001 -0.000003 0.001870
-0.500105 0.735099 0.249870 0.999998 -0.000002 -0.000003 0.001871
-0.500102 0.735096 0.249859 0.999998 0.000003 0.000003 0.001871
-0.500104 0.735097 0.249852 0.999998 0.000001 -0.000000 0.001873
-0.500106 0.735097 0.249879 0.999998 0.000000 -0.000003 0.001873
-0.500104 0.735098 0.249899 0.999998 -0.000001 0.000001 0.001874
-0.500104 0.735098 0.249922 0.999998 -0.000001 0.000001 0.001877
-0.500106 0.735100 0.249888 0.999998 -0.000004 -0.000003 0.001877
-0.500106 0.735099 0.249855 0.999998 -0.000002 -0.000003 0.001878
-0.500105 0.735098 0.249866 0.999998 0.000000 -0.000002 0.001881
-0.500104 0.735098 0.249884 0.999998 -0.000001 0.000001 0.001882
-0.500104 0.735098 0.249900 0.999998 0.000000 0.000001 0.001882
-0.500104 0.735096 0.249940 0.999998 0.000003 -0.000000 0.001884
-0.500105 0.735097 0.249940 0.999998 0.000003 -0.000002 0.001885
-0.500105 0.735099 0.249943 0.999998 -0.000002 -0.000002 0.001886
-0.500105 0.735099 0.249886 0.999998 -0.000001 -0.000000 0.001890
-0.500106 0.735098 0.249893 0.999998 -0.000000 -0.000002 0.001890
-0.500105 0.735097 0.249938 0.999998 0.000003 -0.000001 0.001893
-0.500106 0.735098 0.249934 0.999998 0.000001 -0.000003 0.001894
-0.500104 0.735098 0.249948 0.999998 0.000000 0.000000 0.001896
-0.500106 0.735097 0.249956 0.999998 0.000002 -0.000002 0.001896
-0.500106 0.735097 0.249961 0.999998 0.000002 -0.000002 0.001898
-0.500104 0.735098 0.249947 0.999998 0.000001 0.000001 0.001898
-0.500106 0.735099 0.249967 0.999998 -0.000000 -0.000002 0.001899
-0.500105 0.735099 0.249967 0.999998 -0.000001 -0.000002 0.001900
-0.500106 0.735097 0.249961 0.999998 0.000002 -0.000002 0.001900
-0.500106 0.735098 0.249980 0.999998 0.000001 -0.000002 0.001901
-0.500106 0.735098 0.249983 0.999998 0.000001 -0.000003 0.001901
-0.500106 0.735098 0.249980 0.999998 0.000001 -0.000002 0.001901
-0.500103 0.735100 0.249883 0.999998 -0.000003 0.000003 0.001904
-0.500104 0.735098 0.249869 0.999998 0.000001 0.000002 0.001904
-0.500106 0.735097 0.249865 0.999998 0.000004 -0.000003 0.001905
-0.500107 0.735099 0.249848 0.999998 -0.000001 -0.000003 0.001908
-0.500106 0.735099 0.249847 0.999998 0.000000 -0.000003 0.001909
-0.500104 0.735100 0.249841 0.999998 -0.000003 0.000002 0.001910
-0.500105 0.735099 0.249893 0.999998 -0.000000 -0.000000 0.001913
-0.500106 0.735098 0.249913 0.999998 0.000001 -0.000001 0.001913
-0.500106 0.735098 0.249945 0.999998 0.000001 -0.000002 0.001915
-0.500105 0.735098 0.249918 0.999998 0.000002 -0.000001 0.001916
-0.500106 0.735100 0.249883 0.999998 -0.000002 -0.000001 0.001919
-0.500106 0.735100 0.249894 0.999998 -0.000002 -0.000002 0.001919
-0.500106 0.735099 0.249844 0.999998 0.000000 -0.000001 0.001922
-0.500105 0.735100 0.249880 0.999998 -0.000002 -0.000001 0.001924
-0.500104 0.735098 0.249908 0.999998 0.000001 0.000001 0.001926
-0.500106 0.735099 0.249960 0.999998 0.000001 -0.000002 0.001927
-0.500105 0.735099 0.249964 0.999998 0.000001 -0.000000 0.001928
-0.500106 0.735099 0.249884 0.999998 0.000001 -0.000002 0.001931
-0.500105 0.735098 0.249884 0.999998 0.000003 -0.000000 0.001931
-0.500106 0.735099 0.249856 0.999998 0.000000 -0.000002 0.001935
-0.500105 0.735100 0.249860 0.999998 -0.000000 -0.000000 0.001935
-0.500106 0.735100 0.249871 0.999998 -0.000000 -0.000002 0.001936
-0.500106 0.735097 0.249891 0.999998 0.000005 -0.000002 0.001939
-0.500106 0.735101 0.249880 0.999998 -0.000003 -0.000002 0.001940
-0.500105 0.735099 0.249875 0.999998 0.000001 -0.000000 0.001942
-0.500105 0.735101 0.249923 0.999998 -0.000002 -0.000001 0.001945
-0.500106 0.735100 0.249925 0.999998 -0.000001 -0.000001 0.001945
-0.500105 0.735100 0.249931 0.999998 0.000000 0.000000 0.001946
-0.500103 0.735100 0.249907 0.999998 0.000000 0.000004 0.001948
-0.500104 0.735101 0.249890 0.999998 -0.000002 0.000002 0.001948
-0.500107 0.735100 0.249877 0.999998 -0.000000 -0.000002 0.001948
-0.500107 0.735099 0.249835 0.999998 0.000003 -0.000002 0.001951
-0.500106 0.735100 0.249854 0.999998 -0.000000 -0.000001 0.001951
-0.500106 0.735100 0.249871 0.999998 -0.000000 -0.000001 0.001952
-0.500105 0.735101 0.249906 0.999998 -0.000001 0.000002 0.001955
-0.500106 0.735101 0.249922 0.999998 -0.000001 -0.000001 0.001956
-0.500106 0.735103 0.249872 0.999998 -0.000005 0.000000 0.001958
-0.500106 0.735097 0.249855 0.999998 0.000006 -0.000000 0.001959
-0.500107 0.735102 0.249849 0.999998 -0.000004 -0.000002 0.001960
-0.500107 0.735100 0.249865 0.999998 0.000001 -0.000001 0.001962
-0.500107 0.735101 0.249891 0.999998 -0.000002 -0.000001 0.001964
-0.500107 0.735100 0.249927 0.999998 0.000001 -0.000001 0.001965
-0.500106 0.735100 0.249963 0.999998 0.000001 0.000001 0.001965
-0.500109 0.735102 0.249911 0.999998 -0.000002 -0.000005 0.001966
-0.500107 0.735100 0.249903 0.999998 0.000001 -0.000001 0.001968
-0.500108 0.735100 0.249940 0.999998 0.000002 -0.000002 0.001969
-0.500107 0.735101 0.249973 0.999998 0.000001 -0.000001 0.001970
-0.500107 0.735101 0.249965 0.999998 -0.000001 -0.000002 0.001970
-0.500108 0.735102 0.249952 0.999998 -0.000002 -0.000003 0.001971
-0.500104 0.735100 0.249824 0.999998 0.000002 0.000004 0.001974
-0.500108 0.735102 0.249797 0.999998 -0.000003 -0.000002 0.001975
-0.500107 0.735102 0.249805 0.999998 -0.000003 -0.000002 0.001975
-0.500107 0.735101 0.249871 0.999998 0.000000 -0.000001 0.001978
-0.500108 0.735101 0.249905 0.999998 0.000001 -0.000002 0.001979
-0.500105 0.735100 0.249906 0.999998 0.000002 0.000002 0.001981
-0.500105 0.735103 0.249892 0.999998 -0.000004 0.000003 0.001982
-0.500109 0.735103 0.249872 0.999998 -0.000003 -0.000005 0.001982
-0.500107 0.735099 0.249808 0.999998 0.000005 -0.000001 0.001986
-0.500106 0.735103 0.249813 0.999998 -0.000004 0.000001 0.001987
-0.500108 0.735102 0.249853 0.999998 -0.000002 -0.000002 0.001989
-0.500107 0.735103 0.249851 0.999998 -0.000004 -0.000001 0.001990
-0.500107 0.735099 0.249853 0.999998 0.000004 0.000000 0.001991
-0.500107 0.735099 0.249846 0.999998 0.000005 0.000000 0.001997
-0.500107 0.735104 0.249848 0.999998 -0.000004 -0.000000 0.001998
-0.500109 0.735102 0.249842 0.999998 -0.000001 -0.000005 0.002001
-0.500106 0.735101 0.249825 0.999998 0.000002 0.000001 0.002002
-0.500108 0.735103 0.249866 0.999998 -0.000002 -0.000001 0.002005
-0.500107 0.735103 0.249886 0.999998 -0.000003 -0.000001 0.002006
-0.500106 0.735102 0.249897 0.999998 0.000001 0.000001 0.002007
-0.500107 0.735104 0.249939 0.999998 -0.000004 -0.000000 0.002010
-0.500108 0.735102 0.249928 0.999998 -0.000001 -0.000003 0.002010
-0.500106 0.735102 0.249890 0.999998 0.000001 0.000002 0.002013
-0.500109 0.735102 0.249882 0.999998 -0.000000 -0.000004 0.002014
-0.500106 0.735100 0.249854 0.999998 0.000004 0.000003 0.002014
-0.500107 0.735103 0.249886 0.999998 -0.000002 -0.000000 0.002017
-0.500106 0.735103 0.249911 0.999998 -0.000001 0.000002 0.002018
-0.500107 0.735103 0.249915 0.999998 -0.000002 -0.000000 0.002018
-0.500107 0.735102 0.249930 0.999998 0.000001 -0.000000 0.002019
-0.500108 0.735102 0.249947 0.999998 0.000001 -0.000001 0.002020
-0.500108 0.735103 0.249946 0.999998 -0.000001 -0.000002 0.002021
-0.500108 0.735102 0.249934 0.999998 0.000001 -0.000001 0.002023
-0.500108 0.735102 0.249915 0.999998 0.000000 -0.000002 0.002024
-0.500108 0.735102 0.249919 0.999998 0.000001 -0.000002 0.002024
-0.500107 0.735102 0.249956 0.999998 0.000002 0.000000 0.002025
-0.500109 0.735102 0.249919 0.999998 0.000001 -0.000004 0.002027
-0.500109 0.735104 0.249887 0.999998 -0.000003 -0.000002 0.002029
-0.500108 0.735102 0.249866 0.999998 0.000001 -0.000002 0.002029
-0.500108 0.735102 0.249864 0.999998 0.000001 -0.000000 0.002030
-0.500109 0.735103 0.249929 0.999998 0.000000 -0.000004 0.002032
-0.500107 0.735103 0.249904 0.999998 0.000000 0.000001 0.002033
-0.500108 0.735105 0.249845 0.999998 -0.000004 -0.000002 0.002036
-0.500106 0.735103 0.249843 0.999998 0.000001 0.000003 0.002039
-0.500109 0.735103 0.249861 0.999998 -0.000000 -0.000004 0.002041
-0.500108 0.735105 0.249861 0.999998 -0.000003 -0.000002 0.002042
-0.500110 0.735104 0.249832 0.999998 -0.000001 -0.000004 0.002045
-0.500108 0.735103 0.249848 0.999998 0.000001 -0.000001 0.002047
-0.500109 0.735103 0.249865 0.999998 0.000002 -0.000002 0.002048
-0.500109 0.735103 0.249923 0.999998 0.000001 -0.000002 0.002049
-0.500106 0.735102 0.249914 0.999998 0.000003 0.000003 0.002050
-0.500109 0.735103 0.249847 0.999998 0.000002 -0.000004 0.002053
-0.500108 0.735105 0.249797 0.999998 -0.000003 -0.000002 0.002055
-0.500110 0.735104 0.249815 0.999998 0.000000 -0.000005 0.002058
-0.500106 0.735106 0.249807 0.999998 -0.000005 0.000003 0.002060
-0.500109 0.735105 0.249847 0.999998 -0.000003 -0.000001 0.002061
-0.500108 0.735105 0.249869 0.999998 -0.000001 0.000001 0.002062
-0.500108 0.735106 0.249896 0.999998 -0.000003 -0.000000 0.002064
-0.500106 0.735105 0.249902 0.999998 -0.000002 0.000003 0.002067
-0.500109 0.735105 0.249889 0.999998 -0.000001 -0.000001 0.002069
-0.500106 0.735105 0.249922 0.999998 -0.000001 0.000003 0.002070
-0.500106 0.735102 0.249868 0.999998 0.000004 0.000005 0.002072
-0.500107 0.735101 0.249763 0.999998 0.000006 0.000002 0.002073
-0.500107 0.735106 0.249884 0.999998 -0.000003 0.000002 0.002083
-0.500109 0.735105 0.249929 0.999998 0.000000 -0.000001 0.002086
-0.500109 0.735103 0.249921 0.999998 0.000003 -0.000001 0.002087
-0.500108 0.735105 0.249917 0.999998 -0.000001 0.000001 0.002087
-0.500110 0.735106 0.249873 0.999998 -0.000003 -0.000003 0.002091
-0.500110 0.735104 0.249852 0.999998 0.000001 -0.000003 0.002092
-0.500109 0.735104 0.249849 0.999998 0.000002 -0.000001 0.002092
-0.500109 0.735106 0.249904 0.999998 -0.000003 -0.000000 0.002094
-0.500109 0.735105 0.249913 0.999998 -0.000000 -0.000001 0.002094
-0.500109 0.735104 0.249923 0.999998 0.000002 -0.000000 0.002095
-0.500109 0.735104 0.249929 0.999998 0.000001 -0.000002 0.002095
-0.500107 0.735106 0.249909 0.999998 -0.000002 0.000002 0.002098
-0.500111 0.735105 0.249897 0.999998 -0.000000 -0.000005 0.002098
-0.500109 0.735106 0.249883 0.999998 -0.000001 -0.000001 0.002099
-0.500110 0.735105 0.249842 0.999998 0.000000 -0.000003 0.002101
-0.500109 0.735107 0.249848 0.999998 -0.000003 -0.000001 0.002101
-0.500109 0.735105 0.249880 0.999998 0.000001 -0.000001 0.002102
-0.500109 0.735105 0.249921 0.999998 0.000001 -0.000000 0.002105
-0.500109 0.735105 0.249935 0.999998 0.000001 -0.000000 0.002106
-0.500109 0.735106 0.249950 0.999998 -0.000001 -0.000001 0.002106
-0.500110 0.735105 0.249968 0.999998 0.000002 -0.000002 0.002107
-0.500109 0.735106 0.249974 0.999998 -0.000001 -0.000001 0.002107
-0.500110 0.735106 0.249966 0.999998 -0.000001 -0.000002 0.002108
-0.500109 0.735105 0.249952 0.999998 0.000002 -0.000001 0.002109
-0.500110 0.735106 0.249956 0.999998 -0.000000 -0.000003 0.002110
-0.500110 0.735106 0.249958 0.999998 0.000000 -0.000003 0.002110
-0.500110 0.735106 0.249942 0.999998 0.000000 -0.000002 0.002111
-0.500109 0.735105 0.249933 0.999998 0.000002 -0.000001 0.002111
-0.500110 0.735104 0.249893 0.999998 0.000003 -0.000002 0.002112
-0.500110 0.735107 0.249903 0.999998 -0.000001 -0.000002 0.002115
-0.500110 0.735106 0.249910 0.999998 0.000001 -0.000003 0.002116
-0.500109 0.735105 0.249910 0.999998 0.000003 -0.000001 0.002116
-0.500108 0.735105 0.249909 0.999998 0.000003 0.000002 0.002117
-0.500109 0.735108 0.249904 0.999998 -0.000004 0.000000 0.002119
-0.500109 0.735106 0.249907 0.999998 -0.000000 -0.000000 0.002119
-0.500109 0.735106 0.249906 0.999998 -0.000001 -0.000000 0.002120
-0.500109 0.735105 0.249892 0.999998 0.000003 0.000000 0.002120
-0.500110 0.735108 0.249903 0.999998 -0.000004 -0.000003 0.002123
-0.500108 0.735107 0.249884 0.999998 -0.000001 0.000001 0.002124
-0.500107 0.735106 0.249858 0.999998 0.000001 0.000004 0.002124
-0.500111 0.735105 0.249822 0.999998 0.000002 -0.000005 0.002128
-0.500109 0.735107 0.249824 0.999998 -0.000000 -0.000001 0.002129
-0.500107 0.735107 0.249833 0.999998 -0.000000 0.000003 0.002129
-0.500109 0.735106 0.249890 0.999998 0.000002 -0.000000 0.002132
-0.500110 0.735106 0.249906 0.999998 0.000002 -0.000001 0.002133
-0.500110 0.735106 0.249924 0.999998 0.000001 -0.000001 0.002133
-0.500110 0.735105 0.249940 0.999998 0.000003 -0.000001 0.002134
-0.500108 0.735107 0.249920 0.999998 0.000000 0.000003 0.002135
-0.500109 0.735107 0.249898 0.999998 -0.000000 -0.000000 0.002136
-0.500109 0.735108 0.249892 0.999998 -0.000003 -0.000000 0.002136
-0.500110 0.735106 0.249891 0.999998 0.000002 -0.000001 0.002139
-0.500109 0.735107 0.249913 0.999998 -0.000000 -0.000000 0.002140
-0.500110 0.735108 0.249932 0.999998 -0.000003 -0.000001 0.002140
-0.500109 0.735108 0.249925 0.999998 -0.000002 -0.000000 0.002141
-0.500110 0.735105 0.249874 0.999998 0.000003 -0.000002 0.002143
-0.500111 0.735106 0.249884 0.999998 0.000001 -0.000003 0.002144
-0.500110 0.735107 0.249894 0.999998 -0.000001 -0.000001 0.002144
-0.500111 0.735107 0.249934 0.999998 0.000001 -0.000003 0.002146
-0.500110 0.735107 0.249938 0.999998 -0.000000 -0.000001 0.002146
-0.500109 0.735107 0.249925 0.999998 0.000001 0.000002 0.002147
-0.500108 0.735107 0.249900 0.999998 0.000001 0.000002 0.002148
-0.500110 0.735106 0.249856 0.999998 0.000003 -0.000001 0.002151
-0.500109 0.735106 0.249874 0.999998 0.000002 0.000001 0.002152
-0.500110 0.735107 0.249880 0.999998 0.000001 -0.000002 0.002161
-0.500111 0.735108 0.249925 0.999998 -0.000000 -0.000003 0.002162
-0.500111 0.735108 0.249949 0.999998 -0.000001 -0.000003 0.002163
-0.500113 0.735108 0.249862 0.999998 0.000001 -0.000007 0.002164
-0.500110 0.735107 0.249845 0.999998 0.000001 0.000001 0.002166
-0.500110 0.735105 0.249857 0.999998 0.000005 0.000000 0.002168
-0.500109 0.735109 0.249823 0.999998 -0.000002 0.000003 0.002172
-0.500111 0.735107 0.249814 0.999998 0.000003 -0.000001 0.002172
-0.500110 0.735107 0.249862 0.999998 0.000002 -0.000000 0.002175
-0.500112 0.735108 0.249882 0.999998 0.000000 -0.000003 0.002177
-0.500110 0.735107 0.249884 0.999998 0.000002 -0.000000 0.002180
-0.500108 0.735109 0.249879 0.999998 -0.000001 0.000004 0.002182
-0.500110 0.735110 0.249841 0.999998 -0.000004 0.000001 0.002185
-0.500116 0.735112 0.249814 0.999998 -0.000006 -0.000010 0.002186
-0.500114 0.735113 0.249794 0.999998 -0.000008 -0.000008 0.002186
-0.500109 0.735104 0.249756 0.999998 0.000009 0.000004 0.002187
-0.500110 0.735110 0.249845 0.999998 -0.000002 0.000001 0.002190
-0.500112 0.735109 0.249942 0.999998 -0.000000 -0.000002 0.002192
-0.500111 0.735111 0.249939 0.999998 -0.000004 -0.000000 0.002197
-0.500110 0.735108 0.249859 0.999998 0.000002 0.000001 0.002200
-0.500110 0.735107 0.249809 0.999998 0.000003 0.000001 0.002203
-0.500114 0.735109 0.249826 0.999998 0.000001 -0.000006 0.002208
-0.500112 0.735109 0.249918 0.999998 0.000000 -0.000002 0.002212
-0.500111 0.735110 0.249866 0.999998 -0.000000 0.000002 0.002215
-0.500112 0.735109 0.249898 0.999998 0.000000 -0.000001 0.002220
-0.500111 0.735111 0.249912 0.999998 -0.000003 0.000001 0.002222
-0.500113 0.735109 0.249854 0.999998 0.000002 -0.000003 0.002227
-0.500112 0.735109 0.249901 0.999998 0.000002 -0.000000 0.002232
-0.500113 0.735110 0.249884 0.999998 -0.000001 -0.000002 0.002236
-0.500113 0.735111 0.249855 0.999997 -0.000002 -0.000002 0.002241
-0.500112 0.735111 0.249916 0.999997 -0.000003 -0.000001 0.002244
-0.500113 0.735110 0.249925 0.999997 0.000001 -0.000001 0.002247
-0.500112 0.735111 0.249904 0.999997 -0.000000 -0.000000 0.002249
-0.500113 0.735111 0.249902 0.999997 -0.000002 -0.000001 0.002253
-0.500112 0.735109 0.249844 0.999997 0.000004 0.000001 0.002256
-0.500112 0.735109 0.249841 0.999997 0.000004 0.000001 0.002261
-0.500112 0.735110 0.249807 0.999997 0.000002 0.000000 0.002264
-0.500113 0.735112 0.249916 0.999997 -0.000002 -0.000000 0.002268
-0.500112 0.735111 0.249955 0.999997 0.000001 0.000001 0.002270
-0.500113 0.735111 0.249875 0.999997 -0.000000 -0.000000 0.002274
-0.500114 0.735113 0.249831 0.999997 -0.000003 -0.000002 0.002279
-0.500115 0.735112 0.249811 0.999997 -0.000001 -0.000005 0.002284
-0.500115 0.735108 0.249777 0.999997 0.000008 -0.000004 0.002287
-0.500112 0.735106 0.249776 0.999997 0.000012 0.000002 0.002287
-0.500112 0.735109 0.249760 0.999997 0.000005 0.000002 0.002288
-0.500113 0.735111 0.249779 0.999997 0.000001 0.000001 0.002289
-0.500112 0.735114 0.249862 0.999997 -0.000005 0.000003 0.002293
-0.500114 0.735114 0.249839 0.999997 -0.000005 -0.000002 0.002295
-0.500115 0.735115 0.249788 0.999997 -0.000007 -0.000002 0.002296
-0.500113 0.735111 0.249773 0.999997 0.000002 0.000002 0.002298
-0.500116 0.735110 0.249748 0.999997 0.000003 -0.000005 0.002298
-0.500115 0.735114 0.249761 0.999997 -0.000003 -0.000003 0.002299
-0.500111 0.735112 0.249820 0.999997 -0.000001 0.000005 0.002301
-0.500113 0.735112 0.249857 0.999997 0.000000 0.000001 0.002303
-0.500115 0.735112 0.249884 0.999997 0.000001 -0.000002 0.002304
-0.500114 0.735112 0.249862 0.999997 0.000002 -0.000001 0.002308
-0.500114 0.735112 0.249958 0.999997 0.000001 -0.000001 0.002310
-0.500115 0.735115 0.249868 0.999997 -0.000005 -0.000002 0.002312
-0.500116 0.735109 0.249851 0.999997 0.000007 -0.000005 0.002314
-0.500113 0.735109 0.249782 0.999997 0.000008 0.000001 0.002317
-0.500114 0.735114 0.249792 0.999997 -0.000003 -0.000000 0.002318
-0.500114 0.735113 0.249894 0.999997 0.000000 -0.000001 0.002322
-0.500115 0.735114 0.249910 0.999997 -0.000001 -0.000001 0.002325
-0.500115 0.735112 0.249927 0.999997 0.000002 -0.000002 0.002326
-0.500114 0.735114 0.249968 0.999997 -0.000002 0.000000 0.002327
-0.500114 0.735113 0.249956 0.999997 0.000000 0.000001 0.002328
-0.500114 0.735114 0.249947 0.999997 -0.000003 0.000000 0.002329
-0.500115 0.735114 0.249923 0.999997 -0.000001 -0.000001 0.002330
-0.500115 0.735113 0.249934 0.999997 0.000001 -0.000001 0.002332
-0.500114 0.735115 0.249940 0.999997 -0.000003 0.000000 0.002334
-0.500115 0.735113 0.249928 0.999997 0.000001 -0.000000 0.002336
-0.500114 0.735112 0.249916 0.999997 0.000003 0.000000 0.002338
-0.500115 0.735112 0.249897 0.999997 0.000002 0.000000 0.002341
-0.500114 0.735113 0.249886 0.999997 0.000001 0.000001 0.002343
-0.500115 0.735114 0.249884 0.999997 -0.000001 0.000000 0.002345
-0.500116 0.735114 0.249909 0.999997 -0.000000 -0.000003 0.002346
-0.500114 0.735115 0.249913 0.999997 -0.000002 0.000001 0.002347
-0.500115 0.735114 0.249860 0.999997 -0.000002 -0.000000 0.002348
-0.500116 0.735112 0.249870 0.999997 0.000003 -0.000002 0.002349
-0.500116 0.735115 0.249896 0.999997 -0.000002 -0.000002 0.002351
-0.500116 0.735113 0.249894 0.999997 0.000002 -0.000001 0.002353
-0.500115 0.735114 0.249881 0.999997 0.000000 0.000000 0.002356
-0.500116 0.735114 0.249894 0.999997 -0.000000 -0.000001 0.002357
-0.500116 0.735113 0.249928 0.999997 0.000002 -0.000002 0.002359
-0.500115 0.735114 0.249924 0.999997 0.000001 0.000000 0.002360
-0.500118 0.735118 0.249810 0.999997 -0.000007 -0.000006 0.002362
-0.500112 0.735115 0.249795 0.999997 -0.000002 0.000007 0.002362
-0.500117 0.735114 0.249760 0.999997 0.000001 -0.000004 0.002364
-0.500117 0.735112 0.249784 0.999997 0.000005 -0.000002 0.002365
-0.500114 0.735117 0.249810 0.999997 -0.000005 0.000002 0.002367
-0.500117 0.735114 0.249814 0.999997 0.000001 -0.000002 0.002367
-0.500116 0.735114 0.249849 0.999997 0.000001 -0.000000 0.002369
-0.500116 0.735115 0.249884 0.999997 -0.000000 -0.000001 0.002372
-0.500117 0.735115 0.249892 0.999997 -0.000001 -0.000002 0.002373
-0.500117 0.735114 0.249902 0.999997 0.000000 -0.000002 0.002374
-0.500116 0.735115 0.249937 0.999997 -0.000000 -0.000001 0.002376
-0.500117 0.735115 0.249945 0.999997 -0.000000 -0.000002 0.002376
-0.500117 0.735114 0.249949 0.999997 0.000000 -0.000001 0.002376
-0.500116 0.735114 0.249948 0.999997 0.000001 -0.000000 0.002378
-0.500116 0.735115 0.249952 0.999997 -0.000000 -0.000001 0.002378
-0.500116 0.735114 0.249907 0.999997 0.000002 0.000001 0.002381
-0.500117 0.735114 0.249898 0.999997 0.000002 -0.000001 0.002381
-0.500116 0.735114 0.249903 0.999997 0.000002 -0.000000 0.002382
-0.500117 0.735115 0.249943 0.999997 -0.000001 -0.000002 0.002384
-0.500117 0.735115 0.249934 0.999997 -0.000001 -0.000002 0.002385
-0.500117 0.735115 0.249918 0.999997 -0.000001 -0.000002 0.002386
-0.500117 0.735115 0.249889 0.999997 -0.000001 -0.000002 0.002391
-0.500117 0.735115 0.249885 0.999997 0.000000 -0.000002 0.002391
-0.500118 0.735116 0.249895 0.999997 -0.000001 -0.000003 0.002395
-0.500116 0.735115 0.249892 0.999997 -0.000000 0.000000 0.002395
-0.500117 0.735114 0.249919 0.999997 0.000003 -0.000002 0.002396
-0.500117 0.735115 0.249940 0.999997 -0.000001 -0.000001 0.002398
-0.500115 0.735115 0.249938 0.999997 0.000000 0.000002 0.002399
-0.500116 0.735116 0.249885 0.999997 -0.000002 0.000000 0.002401
-0.500116 0.735115 0.249922 0.999997 0.000001 0.000000 0.002402
-0.500116 0.735114 0.249933 0.999997 0.000002 0.000001 0.002404
-0.500116 0.735115 0.249925 0.999997 0.000001 -0.000000 0.002405
-0.500117 0.735111 0.249868 0.999997 0.000008 -0.000002 0.002407
-0.500118 0.735114 0.249869 0.999997 0.000003 -0.000002 0.002409
-0.500118 0.735115 0.249873 0.999997 0.000000 -0.000003 0.002411
-0.500117 0.735117 0.249894 0.999997 -0.000002 0.000000 0.002413
-0.500117 0.735116 0.249896 0.999997 -0.000001 -0.000001 0.002415
-0.500118 0.735115 0.249879 0.999997 0.000001 -0.000002 0.002419
-0.500116 0.735117 0.249898 0.999997 -0.000001 0.000002 0.002420
-0.500117 0.735118 0.249898 0.999997 -0.000003 -0.000001 0.002421
-0.500116 0.735117 0.249866 0.999997 -0.000002 0.000002 0.002423
-0.500117 0.735115 0.249920 0.999997 0.000002 -0.000000 0.002424
-0.500118 0.735117 0.249946 0.999997 -0.000002 -0.000002 0.002426
-0.500117 0.735116 0.249918 0.999997 -0.000001 0.000000 0.002428
-0.500116 0.735117 0.249920 0.999997 -0.000002 0.000001 0.002428
-0.500119 0.735116 0.249864 0.999997 -0.000000 -0.000005 0.002430
-0.500117 0.735116 0.249854 0.999997 0.000001 -0.000001 0.002432
-0.500118 0.735116 0.249877 0.999997 0.000001 -0.000002 0.002432
-0.500118 0.735116 0.249926 0.999997 0.000001 -0.000002 0.002433
-0.500119 0.735117 0.249937 0.999997 -0.000000 -0.000004 0.002434
-0.500118 0.735116 0.249950 0.999997 0.000001 -0.000002 0.002435
-0.500118 0.735116 0.249960 0.999997 0.000001 -0.000002 0.002435
-0.500118 0.735116 0.249968 0.999997 0.000001 -0.000002 0.002435
-0.500117 0.735116 0.249942 0.999997 0.000001 0.000001 0.002437
-0.500116 0.735117 0.249914 0.999997 -0.000001 0.000001 0.002438
-0.500119 0.735115 0.249900 0.999997 0.000003 -0.000004 0.002438
-0.500118 0.735117 0.249871 0.999997 0.000000 -0.000001 0.002439
-0.500118 0.735117 0.249873 0.999997 0.000000 -0.000001 0.002441
-0.500118 0.735116 0.249945 0.999997 0.000002 -0.000001 0.002442
-0.500117 0.735116 0.249909 0.999997 0.000003 -0.000000 0.002445
-0.500119 0.735117 0.249899 0.999997 -0.000001 -0.000003 0.002448
-0.500118 0.735116 0.249886 0.999997 0.000002 -0.000002 0.002449
-0.500117 0.735116 0.249908 0.999997 0.000001 0.000001 0.002450
-0.500117 0.735117 0.249934 0.999997 -0.000001 0.000002 0.002451
-0.500118 0.735117 0.249935 0.999997 -0.000000 -0.000001 0.002453
-0.500118 0.735117 0.249923 0.999997 0.000000 -0.000000 0.002454
-0.500119 0.735118 0.249847 0.999997 -0.000001 -0.000004 0.002456
-0.500117 0.735118 0.249857 0.999997 -0.000001 0.000001 0.002457
-0.500116 0.735119 0.249861 0.999997 -0.000002 0.000004 0.002458
-0.500118 0.735118 0.249851 0.999997 -0.000000 -0.000001 0.002459
-0.500119 0.735119 0.249853 0.999997 -0.000002 -0.000002 0.002461
-0.500117 0.735119 0.249820 0.999997 -0.000002 0.000003 0.002463
-0.500118 0.735120 0.249840 0.999997 -0.000005 0.000002 0.002465
-0.500119 0.735117 0.249896 0.999997 0.000002 -0.000002 0.002466
-0.500118 0.735118 0.249914 0.999997 -0.000001 0.000002 0.002468
-0.500118 0.735120 0.249894 0.999997 -0.000003 0.000002 0.002471
-0.500120 0.735117 0.249933 0.999997 0.000001 -0.000001 0.002473
-0.500120 0.735117 0.249953 0.999997 0.000001 -0.000001 0.002474
-0.500120 0.735118 0.249885 0.999997 0.000000 -0.000001 0.002478
-0.500121 0.735117 0.249935 0.999997 0.000003 -0.000002 0.002482
-0.500121 0.735118 0.249976 0.999997 0.000001 -0.000003 0.002484
-0.500120 0.735119 0.249935 0.999997 -0.000002 -0.000001 0.002488
-0.500119 0.735120 0.249945 0.999997 -0.000002 0.000001 0.002490
-0.500120 0.735121 0.249923 0.999997 -0.000005 0.000000 0.002493
-0.500120 0.735118 0.249854 0.999997 0.000001 0.000001 0.002498
-0.500120 0.735117 0.249902 0.999997 0.000003 -0.000000 0.002502
-0.500120 0.735120 0.249905 0.999997 -0.000003 -0.000000 0.002506
-0.500121 0.735120 0.249952 0.999997 -0.000001 -0.000001 0.002507
-0.500121 0.735118 0.249969 0.999997 0.000002 -0.000001 0.002509
-0.500120 0.735121 0.249871 0.999997 -0.000003 0.000001 0.002513
-0.500121 0.735119 0.249837 0.999997 0.000000 -0.000000 0.002515
-0.500122 0.735120 0.249868 0.999997 -0.000001 -0.000003 0.002517
-0.500121 0.735117 0.249831 0.999997 0.000004 -0.000001 0.002518
-0.500120 0.735120 0.249866 0.999997 -0.000000 0.000001 0.002523
-0.500120 0.735121 0.249892 0.999997 -0.000003 0.000001 0.002524
-0.500121 0.735119 0.249924 0.999997 0.000002 -0.000001 0.002526
-0.500122 0.735120 0.249900 0.999997 -0.000000 -0.000002 0.002529
-0.500121 0.735120 0.249903 0.999997 -0.000000 -0.000000 0.002534
-0.500121 0.735120 0.249943 0.999997 0.000000 -0.000001 0.002537
-0.500121 0.735120 0.249930 0.999997 0.000001 -0.000000 0.002540
-0.500121 0.735118 0.249905 0.999997 0.000004 -0.000000 0.002545
-0.500123 0.735120 0.249871 0.999997 0.000001 -0.000004 0.002550
-0.500120 0.735122 0.249887 0.999997 -0.000003 0.000002 0.002553
-0.500121 0.735119 0.249881 0.999997 0.000002 -0.000000 0.002555
-0.500122 0.735122 0.249852 0.999997 -0.000004 -0.000001 0.002558
-0.500121 0.735123 0.249850 0.999997 -0.000004 -0.000001 0.002560
-0.500123 0.735121 0.249783 0.999997 -0.000000 -0.000005 0.002562
-0.500119 0.735121 0.249780 0.999997 -0.000001 0.000003 0.002563
-0.500120 0.735120 0.249846 0.999997 0.000001 0.000003 0.002566
-0.500122 0.735120 0.249885 0.999997 0.000001 -0.000001 0.002568
-0.500122 0.735122 0.249952 0.999997 -0.000002 -0.000001 0.002569
-0.500121 0.735121 0.249960 0.999997 0.000000 -0.000000 0.002570
-0.500122 0.735120 0.249959 0.999997 0.000001 -0.000002 0.002571
-0.500122 0.735122 0.249901 0.999997 -0.000002 -0.000002 0.002574
-0.500122 0.735119 0.249841 0.999997 0.000004 -0.000001 0.002576
-0.500122 0.735123 0.249816 0.999997 -0.000003 -0.000001 0.002577
-0.500123 0.735123 0.249806 0.999997 -0.000004 -0.000004 0.002579
-0.500120 0.735124 0.249771 0.999997 -0.000006 0.000002 0.002581
-0.500118 0.735122 0.249763 0.999997 -0.000001 0.000007 0.002581
-0.500122 0.735123 0.249773 0.999997 -0.000004 -0.000001 0.002584
-0.500122 0.735119 0.249812 0.999997 0.000005 -0.000002 0.002584
-0.500120 0.735123 0.249818 0.999997 -0.000003 0.000003 0.002587
-0.500120 0.735122 0.249804 0.999997 -0.000002 0.000002 0.002587
-0.500124 0.735122 0.249771 0.999997 -0.000001 -0.000006 0.002589
-0.500116 0.735121 0.249752 0.999997 0.000001 0.000012 0.002590
-0.500120 0.735123 0.249762 0.999997 -0.000003 0.000003 0.002593
-0.500125 0.735120 0.249811 0.999997 0.000002 -0.000008 0.002597
-0.500124 0.735119 0.249824 0.999997 0.000004 -0.000005 0.002602
-0.500121 0.735124 0.249813 0.999997 -0.000006 0.000002 0.002603
-0.500123 0.735119 0.249867 0.999997 0.000004 -0.000003 0.002606
-0.500125 0.735122 0.249843 0.999997 0.000000 -0.000005 0.002612
-0.500124 0.735117 0.249792 0.999997 0.000009 -0.000003 0.002615
-0.500121 0.735122 0.249817 0.999997 0.000000 0.000004 0.002619
-0.500122 0.735122 0.249821 0.999997 -0.000000 0.000002 0.002622
-0.500122 0.735123 0.249925 0.999997 -0.000002 0.000002 0.002625
-0.500125 0.735121 0.249878 0.999997 0.000002 -0.000003 0.002629
-0.500126 0.735122 0.249865 0.999997 0.000002 -0.000004 0.002630
-0.500124 0.735124 0.249879 0.999997 -0.000003 0.000000 0.002633
-0.500125 0.735121 0.249909 0.999997 0.000003 -0.000002 0.002634
-0.500125 0.735121 0.249889 0.999997 0.000004 -0.000001 0.002636
-0.500123 0.735122 0.249823 0.999997 0.000001 0.000003 0.002639
-0.500124 0.735124 0.249864 0.999997 -0.000002 -0.000001 0.002641
-0.500125 0.735122 0.249956 0.999997 0.000001 -0.000002 0.002644
-0.500125 0.735122 0.249959 0.999997 0.000002 -0.000003 0.002645
-0.500124 0.735124 0.249926 0.999996 -0.000002 -0.000000 0.002647
-0.500124 0.735122 0.249858 0.999996 0.000002 -0.000000 0.002652
-0.500125 0.735124 0.249860 0.999996 -0.000001 -0.000003 0.002653
-0.500123 0.735124 0.249939 0.999996 -0.000002 0.000002 0.002655
-0.500125 0.735122 0.249937 0.999996 0.000003 -0.000002 0.002657
-0.500124 0.735123 0.249902 0.999996 0.000002 -0.000000 0.002662
-0.500122 0.735123 0.249791 0.999996 0.000000 0.000004 0.002666
-0.500127 0.735123 0.249765 0.999996 0.000001 -0.000005 0.002669
-0.500121 0.735123 0.249756 0.999996 0.000002 0.000006 0.002672
-0.500125 0.735121 0.249770 0.999996 0.000005 -0.000000 0.002675
-0.500126 0.735123 0.249876 0.999996 0.000001 -0.000003 0.002678
-0.500125 0.735125 0.249936 0.999996 -0.000002 -0.000001 0.002682
-0.500125 0.735125 0.249918 0.999996 -0.000002 -0.000001 0.002685
-0.500126 0.735124 0.249949 0.999996 0.000000 -0.000002 0.002688
-0.500125 0.735124 0.249935 0.999996 0.000000 -0.000000 0.002690
-0.500125 0.735125 0.249924 0.999996 -0.000002 -0.000001 0.002693
-0.500126 0.735124 0.249854 0.999996 0.000001 -0.000002 0.002698
-0.500125 0.735126 0.249819 0.999996 -0.000004 -0.000000 0.002701
-0.500125 0.735122 0.249859 0.999996 0.000005 -0.000000 0.002706
-0.500125 0.735124 0.249929 0.999996 0.000002 0.000001 0.002709
-0.500125 0.735124 0.249885 0.999996 0.000001 -0.000000 0.002714
-0.500125 0.735125 0.249896 0.999996 -0.000000 0.000002 0.002717
-0.500126 0.735125 0.249865 0.999996 -0.000000 -0.000001 0.002720
-0.500128 0.735126 0.249822 0.999996 -0.000001 -0.000004 0.002724
-0.500127 0.735126 0.249946 0.999996 -0.000000 -0.000003 0.002728
-0.500127 0.735125 0.249889 0.999996 0.000001 -0.000002 0.002731
-0.500126 0.735125 0.249902 0.999996 0.000001 0.000001 0.002732
-0.500127 0.735126 0.249911 0.999996 0.000001 -0.000003 0.002734
-0.500127 0.735126 0.249922 0.999996 -0.000000 -0.000002 0.002735
-0.500128 0.735125 0.249872 0.999996 0.000003 -0.000003 0.002737
-0.500125 0.735127 0.249834 0.999996 -0.000002 0.000002 0.002738
-0.500125 0.735128 0.249811 0.999996 -0.000004 0.000003 0.002740
-0.500126 0.735127 0.249840 0.999996 -0.000002 0.000001 0.002741
-0.500127 0.735126 0.249928 0.999996 -0.000000 -0.000001 0.002743
-0.500127 0.735125 0.249940 0.999996 0.000003 -0.000001 0.002743
-0.500127 0.735128 0.249844 0.999996 -0.000003 -0.000002 0.002747
-0.500127 0.735127 0.249848 0.999996 -0.000001 -0.000002 0.002747
-0.500127 0.735127 0.249915 0.999996 -0.000001 -0.000000 0.002751
-0.500127 0.735127 0.249934 0.999996 -0.000000 -0.000000 0.002751
-0.500127 0.735126 0.249961 0.999996 0.000001 -0.000001 0.002753
-0.500127 0.735126 0.249964 0.999996 0.000001 -0.000001 0.002753
-0.500128 0.735126 0.249963 0.999996 0.000001 -0.000002 0.002754
-0.500127 0.735128 0.249932 0.999996 -0.000004 -0.000000 0.002756
-0.500127 0.735126 0.249869 0.999996 0.000002 -0.000001 0.002759
-0.500126 0.735129 0.249866 0.999996 -0.000004 0.000001 0.002760
-0.500127 0.735127 0.249935 0.999996 0.000000 -0.000000 0.002761
-0.500127 0.735126 0.249942 0.999996 0.000001 -0.000000 0.002762
-0.500128 0.735125 0.249885 0.999996 0.000004 -0.000002 0.002766
-0.500126 0.735128 0.249895 0.999996 -0.000002 0.000002 0.002767
-0.500126 0.735128 0.249918 0.999996 -0.000002 0.000003 0.002769
-0.500130 0.735128 0.249891 0.999996 -0.000001 -0.000005 0.002771
-0.500124 0.735127 0.249811 0.999996 -0.000000 0.000006 0.002772
-0.500128 0.735127 0.249809 0.999996 0.000001 -0.000001 0.002773
-0.500129 0.735127 0.249859 0.999996 0.000001 -0.000003 0.002775
-0.500128 0.735128 0.249866 0.999996 -0.000002 -0.000001 0.002776
-0.500127 0.735128 0.249873 0.999996 -0.000002 0.000001 0.002777
-0.500128 0.735126 0.249888 0.999996 0.000003 -0.000001 0.002779
-0.500128 0.735128 0.249911 0.999996 -0.000001 -0.000001 0.002781
-0.500129 0.735127 0.249918 0.999996 0.000001 -0.000002 0.002782
-0.500128 0.735127 0.249934 0.999996 -0.000000 -0.000000 0.002782
-0.500127 0.735127 0.249867 0.999996 0.000002 0.000002 0.002785
-0.500128 0.735131 0.249855 0.999996 -0.000006 -0.000000 0.002786
-0.500129 0.735127 0.249880 0.999996 0.000001 -0.000003 0.002790
-0.500127 0.735128 0.249892 0.999996 -0.000001 0.000002 0.002791
-0.500128 0.735131 0.249832 0.999996 -0.000006 0.000001 0.002794
-0.500130 0.735126 0.249828 0.999996 0.000003 -0.000004 0.002795
-0.500128 0.735128 0.249871 0.999996 -0.000000 -0.000001 0.002799
-0.500129 0.735128 0.249898 0.999996 -0.000000 -0.000002 0.002799
-0.500128 0.735129 0.249831 0.999996 -0.000001 -0.000000 0.002804
-0.500129 0.735128 0.249814 0.999996 -0.000000 -0.000002 0.002805
-0.500128 0.735129 0.249872 0.999996 -0.000001 -0.000001 0.002808
-0.500128 0.735127 0.249896 0.999996 0.000001 -0.000001 0.002808
-0.500128 0.735127 0.249911 0.999996 0.000002 -0.000001 0.002812
-0.500129 0.735126 0.249901 0.999996 0.000004 -0.000002 0.002812
-0.500128 0.735130 0.249879 0.999996 -0.000004 -0.000001 0.002818
-0.500128 0.735130 0.249875 0.999996 -0.000003 -0.000000 0.002819
-0.500129 0.735130 0.249863 0.999996 -0.000002 -0.000003 0.002821
-0.500130 0.735129 0.249851 0.999996 -0.000002 -0.000003 0.002821
-0.500127 0.735127 0.249772 0.999996 0.000003 0.000001 0.002824
-0.500133 0.735131 0.249768 0.999996 -0.000004 -0.000010 0.002824
-0.500130 0.735128 0.249784 0.999996 0.000001 -0.000004 0.002828
-0.500128 0.735125 0.249782 0.999996 0.000007 -0.000001 0.002828
-0.500130 0.735130 0.249931 0.999996 0.000000 -0.000001 0.002858
-0.500129 0.735127 0.249847 0.999996 0.000005 0.000001 0.002861
-0.500132 0.735129 0.249841 0.999996 0.000002 -0.000004 0.002864
-0.500131 0.735129 0.249960 0.999996 0.000001 -0.000002 0.002867
-0.500131 0.735130 0.249889 0.999996 0.000001 -0.000002 0.002869
-0.500131 0.735129 0.249878 0.999996 0.000003 -0.000001 0.002872
-0.500130 0.735130 0.249911 0.999996 0.000001 0.000001 0.002875
-0.500129 0.735131 0.249881 0.999996 -0.000001 0.000002 0.002878
-0.500130 0.735130 0.249900 0.999996 0.000001 0.000001 0.002881
-0.500131 0.735131 0.249901 0.999996 -0.000001 -0.000000 0.002883
-0.500131 0.735136 0.249844 0.999996 -0.000010 -0.000000 0.002887
-0.500131 0.735131 0.249839 0.999996 0.000001 0.000000 0.002891
-0.500132 0.735132 0.249882 0.999996 -0.000001 -0.000002 0.002893
-0.500131 0.735130 0.249838 0.999996 0.000002 -0.000001 0.002894
-0.500130 0.735131 0.249858 0.999996 -0.000001 0.000001 0.002897
-0.500131 0.735131 0.249948 0.999996 0.000000 -0.000001 0.002899
-0.500131 0.735131 0.249898 0.999996 -0.000000 -0.000000 0.002902
-0.500132 0.735131 0.249900 0.999996 0.000001 -0.000002 0.002902
-0.500131 0.735132 0.249962 0.999996 -0.000002 -0.000000 0.002904
-0.500131 0.735131 0.249964 0.999996 0.000002 0.000000 0.002905
-0.500130 0.735132 0.249969 0.999996 -0.000002 0.000001 0.002906
-0.500131 0.735131 0.249967 0.999996 0.000001 -0.000000 0.002907
-0.500131 0.735131 0.249898 0.999996 0.000001 0.000000 0.002909
-0.500131 0.735132 0.249910 0.999996 -0.000001 -0.000001 0.002909
-0.500133 0.735131 0.249943 0.999996 0.000001 -0.000003 0.002911
-0.500131 0.735132 0.249896 0.999996 0.000000 0.000002 0.002914
-0.500131 0.735132 0.249925 0.999996 0.000000 0.000001 0.002917
-0.500133 0.735132 0.249924 0.999996 -0.000000 -0.000003 0.002919
-0.500133 0.735132 0.249923 0.999996 0.000001 -0.000002 0.002920
-0.500131 0.735131 0.249940 0.999996 0.000001 0.000001 0.002922
-0.500132 0.735132 0.249938 0.999996 -0.000000 -0.000000 0.002923
-0.500133 0.735133 0.249953 0.999996 -0.000001 -0.000002 0.002925
-0.500133 0.735131 0.249954 0.999996 0.000002 -0.000001 0.002926
-0.500132 0.735129 0.249882 0.999996 0.000007 -0.000001 0.002928
-0.500132 0.735132 0.249861 0.999996 0.000002 0.000001 0.002929
-0.500132 0.735133 0.249896 0.999996 -0.000000 0.000002 0.002933
-0.500133 0.735132 0.249967 0.999996 0.000001 -0.000002 0.002933
-0.500132 0.735132 0.249961 0.999996 0.000001 0.000001 0.002934
-0.500132 0.735132 0.249901 0.999996 0.000001 0.000002 0.002936
-0.500134 0.735133 0.249906 0.999996 -0.000000 -0.000002 0.002937
-0.500132 0.735135 0.249881 0.999996 -0.000005 0.000002 0.002941
-0.500132 0.735132 0.249830 0.999996 0.000002 0.000001 0.002944
-0.500135 0.735132 0.249853 0.999996 0.000002 -0.000004 0.002946
-0.500132 0.735133 0.249919 0.999996 0.000000 0.000001 0.002947
-0.500133 0.735133 0.249968 0.999996 0.000000 0.000000 0.002949
-0.500135 0.735134 0.249913 0.999996 -0.000002 -0.000003 0.002952
-0.500133 0.735134 0.249895 0.999996 -0.000001 0.000000 0.002953
-0.500133 0.735135 0.249883 0.999996 -0.000003 -0.000000 0.002957
-0.500135 0.735134 0.249880 0.999996 -0.000000 -0.000003 0.002957
-0.500134 0.735132 0.249941 0.999996 0.000002 -0.000001 0.002959
-0.500133 0.735134 0.249921 0.999996 -0.000001 0.000001 0.002960
-0.500136 0.735133 0.249814 0.999996 0.000002 -0.000006 0.002963
-0.500133 0.735133 0.249800 0.999996 0.000001 0.000001 0.002964
-0.500131 0.735133 0.249782 0.999996 0.000001 0.000004 0.002969
-0.500134 0.735133 0.249811 0.999996 0.000002 -0.000001 0.002974
-0.500134 0.735133 0.249832 0.999996 0.000002 -0.000001 0.002974
-0.500134 0.735134 0.249939 0.999996 -0.000000 -0.000001 0.002977
-0.500134 0.735135 0.249948 0.999996 -0.000002 -0.000001 0.002977
-0.500132 0.735135 0.249912 0.999996 -0.000001 0.000002 0.002979
-0.500135 0.735134 0.249842 0.999996 0.000001 -0.000002 0.002982
-0.500133 0.735134 0.249867 0.999996 0.000001 0.000001 0.002986
-0.500133 0.735134 0.249924 0.999996 0.000002 -0.000000 0.002990
-0.500134 0.735135 0.249948 0.999996 -0.000000 -0.000001 0.002994
-0.500134 0.735136 0.249944 0.999996 -0.000002 -0.000000 0.002996
-0.500134 0.735134 0.249959 0.999996 0.000001 -0.000001 0.002998
-0.500133 0.735135 0.249950 0.999996 0.000001 0.000001 0.002998
-0.500135 0.735135 0.249933 0.999995 0.000000 -0.000003 0.003001
-0.500133 0.735133 0.249909 0.999995 0.000004 0.000001 0.003002
-0.500133 0.735134 0.249824 0.999995 0.000003 0.000001 0.003005
-0.500136 0.735135 0.249825 0.999995 -0.000000 -0.000004 0.003009
-0.500134 0.735137 0.249811 0.999995 -0.000004 0.000000 0.003014
-0.500133 0.735134 0.249804 0.999995 0.000003 0.000002 0.003017
-0.500138 0.735137 0.249790 0.999995 -0.000002 -0.000007 0.003021
-0.500132 0.735139 0.249788 0.999995 -0.000007 0.000005 0.003025
-0.500135 0.735134 0.249778 0.999995 0.000003 -0.000001 0.003028
-0.500138 0.735138 0.249754 0.999995 -0.000005 -0.000007 0.003029
-0.500136 0.735134 0.249836 0.999995 0.000003 -0.000002 0.003033
-0.500135 0.735136 0.249901 0.999995 -0.000001 -0.000001 0.003037
-0.500135 0.735137 0.249931 0.999995 -0.000001 -0.000000 0.003053
-0.500135 0.735137 0.249956 0.999995 -0.000000 0.000001 0.003056
-0.500135 0.735136 0.249962 0.999995 0.000001 0.000000 0.003057
-0.500136 0.735136 0.249953 0.999995 0.000001 -0.000001 0.003059
-0.500135 0.735137 0.249896 0.999995 -0.000000 0.000002 0.003063
-0.500136 0.735138 0.249925 0.999995 -0.000001 -0.000001 0.003066
-0.500137 0.735136 0.249962 0.999995 0.000002 -0.000003 0.003068
-0.500136 0.735137 0.249949 0.999995 -0.000001 -0.000000 0.003070
-0.500135 0.735137 0.249957 0.999995 -0.000000 0.000002 0.003073
-0.500137 0.735137 0.249920 0.999995 0.000001 -0.000001 0.003081
-0.500137 0.735137 0.249946 0.999995 0.000001 -0.000001 0.003084
-0.500137 0.735137 0.249857 0.999995 0.000002 -0.000002 0.003087
-0.500136 0.735135 0.249813 0.999995 0.000005 0.000000 0.003092
-0.500137 0.735139 0.249801 0.999995 -0.000003 -0.000002 0.003094
-0.500136 0.735137 0.249914 0.999995 0.000002 -0.000000 0.003099
-0.500135 0.735139 0.249884 0.999995 -0.000001 0.000001 0.003104
-0.500138 0.735138 0.249934 0.999995 0.000001 -0.000003 0.003107
-0.500137 0.735138 0.249901 0.999995 0.000000 -0.000002 0.003110
-0.500138 0.735140 0.249900 0.999995 -0.000004 -0.000003 0.003115
-0.500132 0.735136 0.249794 0.999995 0.000005 0.000008 0.003120
-0.500135 0.735138 0.249771 0.999995 0.000002 0.000002 0.003122
-0.500136 0.735138 0.249914 0.999995 0.000001 0.000000 0.003126
-0.500136 0.735140 0.249872 0.999995 -0.000002 0.000000 0.003130
-0.500137 0.735141 0.249850 0.999995 -0.000003 -0.000002 0.003134
-0.500137 0.735138 0.249896 0.999995 0.000002 -0.000000 0.003137
-0.500136 0.735140 0.249895 0.999995 -0.000001 0.000001 0.003142
-0.500137 0.735138 0.249884 0.999995 0.000002 -0.000000 0.003145
-0.500138 0.735140 0.249954 0.999995 -0.000001 -0.000002 0.003148
