-0.080742 0.885991 0.407056
-0.080101 0.886023 0.407093
-0.079896 0.886034 0.407105
-0.079509 0.885963 0.407140
-0.081128 0.885110 0.407161
-0.081378 0.884572 0.407275
-0.081252 0.884136 0.407398
-0.082706 0.882961 0.407523
-0.082689 0.882145 0.407723
-0.081427 0.880597 0.408173
-0.080978 0.880367 0.408253
-0.079323 0.879198 0.408583
-0.078499 0.878829 0.408701
-0.077252 0.877853 0.408943
-0.076887 0.877701 0.408991
-0.075470 0.876694 0.409234
-0.075137 0.876566 0.409275
-0.073872 0.875673 0.409482
-0.074651 0.875099 0.409508
-0.075375 0.874543 0.409550
-0.075113 0.873086 0.409833
-0.076419 0.871680 0.409975
-0.076334 0.869734 0.410340
-0.077569 0.868150 0.410520
-0.077734 0.866908 0.410731
-0.077260 0.865150 0.411076
-0.076534 0.864124 0.411277
-0.076289 0.863303 0.411424
-0.075883 0.862593 0.411552
-0.075907 0.862028 0.411646
-0.075629 0.861383 0.411758
-0.075830 0.861012 0.411814
-0.075794 0.860658 0.411871
-0.076669 0.860077 0.411897
-0.078505 0.858789 0.412025
-0.078644 0.858208 0.412123
-0.080253 0.856827 0.412245
-0.081125 0.855484 0.412446
-0.081099 0.855130 0.412507
-0.082619 0.853583 0.412662
-0.083344 0.852062 0.412893
-0.082763 0.850703 0.413124
-0.082711 0.850191 0.413203
-0.082326 0.849325 0.413337
-0.082424 0.848854 0.413405
-0.082243 0.848306 0.413486
-0.082498 0.848004 0.413528
-0.082513 0.847699 0.413570
-0.082790 0.847529 0.413591
-0.083792 0.846950 0.413624
-0.085403 0.845624 0.413771
-0.085800 0.845090 0.413852
-0.087599 0.843726 0.413984
-0.088194 0.842741 0.414120
-0.088372 0.841535 0.414311
-0.088172 0.841058 0.414380
-0.088196 0.840362 0.414479
-0.088088 0.840041 0.414521
-0.088235 0.839369 0.414617
-0.088683 0.839138 0.414653
-0.089353 0.839106 0.414663
-0.090080 0.839177 0.414656
-0.090937 0.839346 0.414636
-0.091756 0.839514 0.414613
-0.092617 0.839710 0.414585
-0.093557 0.839963 0.414548
-0.093624 0.839953 0.414546
-0.096270 0.838050 0.414754
-0.096113 0.837889 0.414787
-0.095924 0.837699 0.414818
-0.097750 0.835391 0.415095
-0.096177 0.833708 0.415353
-0.094628 0.832797 0.415465
-0.093392 0.832212 0.415528
-0.092330 0.831795 0.415566
-0.091501 0.831561 0.415583
-0.092350 0.830955 0.415635
-0.092945 0.828865 0.415894
-0.092660 0.828729 0.415909
-0.093306 0.828040 0.415974
-0.094155 0.825741 0.416245
-0.093846 0.825494 0.416272
-0.093042 0.824718 0.416337
-0.094717 0.822694 0.416561
-0.094634 0.822274 0.416610
-0.094009 0.821181 0.416713
-0.095639 0.818971 0.416964
-0.095533 0.818507 0.417015
-0.094384 0.816730 0.417155
-0.095110 0.815906 0.417242
-0.095783 0.815118 0.417335
-0.095066 0.812648 0.417549
-0.095808 0.811818 0.417641
-0.096494 0.811026 0.417737
-0.095835 0.808576 0.417933
-0.096587 0.807747 0.418027
-0.097282 0.806955 0.418126
-0.096686 0.804539 0.418305
-0.096521 0.804243 0.418316
-0.093847 0.801696 0.418336
-0.093337 0.801797 0.418300
-0.093285 0.802268 0.417435
-0.093318 0.802900 0.416626
-0.093036 0.803727 0.415871
-0.092670 0.804543 0.415222
-0.092159 0.805546 0.414474
-0.091693 0.806435 0.413835
-0.091116 0.807478 0.413100
-0.090613 0.808382 0.412471
-0.090081 0.809320 0.411825
-0.089449 0.810388 0.411098
-0.088911 0.811299 0.410482
-0.088348 0.812238 0.409852
-0.087683 0.813302 0.409145
-0.087119 0.814208 0.408547
-0.086448 0.815250 0.407867
-0.085794 0.816249 0.407221
-0.085227 0.817123 0.406658
-0.084541 0.818140 0.406010
-0.083869 0.819123 0.405390
-0.083282 0.819985 0.404849
-0.082573 0.820991 0.404226
-0.081962 0.821861 0.403690
-0.081231 0.822868 0.403079
-0.080515 0.823838 0.402497
-0.079807 0.824787 0.401932
-0.079098 0.825725 0.401380
-0.078472 0.826557 0.400891
-0.077805 0.827429 0.400385
-0.077016 0.828427 0.399817
-0.073730 0.825984 0.399615
-0.073049 0.826817 0.399474
-0.073422 0.828476 0.399354
-0.073622 0.829845 0.399316
-0.073755 0.831528 0.399356
-0.073704 0.832851 0.399432
-0.073702 0.833758 0.399480
-0.073744 0.834536 0.399511
-0.073810 0.835226 0.399527
-0.073771 0.835658 0.399552
-0.073686 0.835933 0.399587
-0.073538 0.835976 0.399619
-0.073396 0.835935 0.399653
-0.073239 0.835799 0.399687
-0.073091 0.835541 0.399708
-0.072994 0.835253 0.399722
-0.072910 0.834941 0.399733
-0.072879 0.834669 0.399737
-0.072816 0.834305 0.399742
-0.072720 0.833979 0.399760
-0.072632 0.833633 0.399781
-0.072487 0.833145 0.399807
-0.072340 0.832676 0.399839
-0.072201 0.832235 0.399867
-0.072064 0.831781 0.399896
-0.071906 0.831286 0.399922
-0.071721 0.830697 0.399951
-0.071578 0.830181 0.399970
-0.071418 0.829643 0.400000
-0.071243 0.829098 0.400029
-0.071085 0.828543 0.400055
-0.070931 0.827900 0.400077
-0.070793 0.827254 0.400101
-0.070667 0.826684 0.400115
-0.070535 0.826116 0.400134
-0.070386 0.825525 0.400154
-0.070199 0.824822 0.400181
-0.070038 0.824130 0.400198
-0.069913 0.823539 0.400205
-0.069732 0.822850 0.400223
-0.069602 0.822174 0.400223
-0.069472 0.821515 0.400224
-0.069350 0.820962 0.400228
-0.069195 0.820386 0.400239
-0.069006 0.819697 0.400250
-0.068848 0.819028 0.400253
-0.068687 0.818366 0.400258
-0.068533 0.817720 0.400262
-0.068394 0.817150 0.400267
-0.068204 0.816464 0.400272
-0.068056 0.815882 0.400275
-0.067875 0.815171 0.400277
-0.067729 0.814573 0.400276
-0.067551 0.813842 0.400272
-0.067413 0.813228 0.400267
-0.067254 0.812594 0.400265
-0.067071 0.811841 0.400258
-0.066966 0.811317 0.400244
-0.066791 0.810544 0.400223
-0.066664 0.809821 0.400193
-0.066556 0.809140 0.400159
-0.066459 0.808556 0.400131
-0.066332 0.807847 0.400094
-0.066230 0.807248 0.400060
-0.066120 0.806647 0.400026
-0.065999 0.806033 0.399991
-0.065880 0.805319 0.399942
-0.065797 0.804729 0.399894
-0.065698 0.804132 0.399845
-0.065585 0.803541 0.399796
-0.065615 0.803385 0.399777
-0.065531 0.803016 0.399753
-0.065393 0.802556 0.399725
-0.065269 0.802113 0.399692
-0.065122 0.801549 0.399641
-0.065016 0.801056 0.399589
-0.064897 0.800459 0.399519
-0.064816 0.799957 0.399451
-0.064732 0.799434 0.399378
-0.064650 0.798821 0.399281
-0.064591 0.798236 0.399181
-0.064537 0.797745 0.399096
-0.064467 0.797238 0.399010
-0.064396 0.796718 0.398920
-0.064327 0.796192 0.398826
-0.064261 0.795591 0.398714
-0.064208 0.795100 0.398621
-0.064146 0.794533 0.398511
-0.064092 0.793983 0.398400
-0.064038 0.793442 0.398291
-0.063980 0.792978 0.398199
-0.063910 0.792496 0.398104
-0.063843 0.791992 0.398004
-0.063777 0.791473 0.397900
-0.063714 0.790874 0.397776
-0.063663 0.790302 0.397655
-0.063620 0.789818 0.397553
-0.063571 0.789310 0.397447
-0.063518 0.788713 0.397320
-0.063477 0.788134 0.397193
-0.063463 0.787770 0.397113
-0.063442 0.787481 0.397054
-0.063410 0.787233 0.397008
-0.063364 0.787002 0.396971
-0.063303 0.786726 0.396929
-0.063241 0.786484 0.396895
-0.063157 0.786222 0.396864
-0.063051 0.785897 0.396828
-0.062972 0.785617 0.396793
-0.062892 0.785321 0.396754
-0.062816 0.785016 0.396711
-0.062749 0.784702 0.396665
-0.062681 0.784331 0.396607
-0.062622 0.783974 0.396551
-0.062555 0.783626 0.396499
-0.062483 0.783279 0.396451
-0.062409 0.782970 0.396412
-0.062315 0.782580 0.396364
-0.062236 0.782183 0.396314
-0.062168 0.781832 0.396269
-0.062092 0.781406 0.396212
-0.062032 0.780984 0.396153
-0.061980 0.780565 0.396093
-0.061928 0.780146 0.396034
-0.061880 0.779784 0.395982
-0.061828 0.779344 0.395918
-0.061784 0.778903 0.395853
-0.061747 0.778515 0.395797
-0.061694 0.778039 0.395731
-0.061655 0.777631 0.395675
-0.061606 0.777129 0.395608
-0.061563 0.776690 0.395551
-0.061511 0.776239 0.395497
-0.061458 0.775781 0.395445
-0.061392 0.775307 0.395395
-0.061318 0.774822 0.395346
-0.061240 0.774254 0.395285
-0.061184 0.773779 0.395233
-0.061121 0.773217 0.395171
-0.061067 0.772745 0.395121
-0.060995 0.772173 0.395066
-0.060930 0.771615 0.395010
-0.060874 0.771062 0.394951
-0.060828 0.770513 0.394891
-0.060787 0.770021 0.394837
-0.060737 0.769494 0.394783
-0.060690 0.768866 0.394716
-0.060655 0.768330 0.394657
-0.060615 0.767689 0.394585
-0.060587 0.767145 0.394521
-0.060557 0.766579 0.394453
-0.060541 0.765920 0.394370
-0.060536 0.765296 0.394291
-0.060519 0.764766 0.394226
-0.060500 0.764136 0.394149
-0.060492 0.763534 0.394074
-0.060486 0.762948 0.394003
-0.060470 0.762437 0.393946
-0.060450 0.761807 0.393872
-0.060435 0.761188 0.393798
-0.060419 0.760666 0.393736
-0.060395 0.760127 0.393673
-0.060376 0.759488 0.393599
-0.060364 0.758952 0.393536
-0.060343 0.758390 0.393472
-0.060335 0.757734 0.393392
-0.060333 0.757194 0.393324
-0.060328 0.756552 0.393243
-0.060329 0.755939 0.393163
-0.060321 0.755317 0.393087
-0.060308 0.754777 0.393024
-0.060290 0.754125 0.392950
-0.060273 0.753565 0.392887
-0.060250 0.752976 0.392820
-0.060227 0.752372 0.392752
-0.060220 0.751670 0.392671
-0.060218 0.751088 0.392606
-0.060209 0.750397 0.392534
-0.060199 0.749825 0.392478
-0.060174 0.749234 0.392426
-0.060148 0.748532 0.392363
-0.060129 0.747950 0.392310
-0.060110 0.747264 0.392246
-0.060094 0.746687 0.392192
-0.060076 0.746011 0.392130
-0.060054 0.745437 0.392079
-0.060018 0.744832 0.392029
-0.059980 0.744195 0.391978
-0.059955 0.743454 0.391913
-0.059938 0.742842 0.391859
-0.059922 0.742127 0.391793
-0.059908 0.741525 0.391738
-0.059890 0.740807 0.391671
-0.059873 0.740206 0.391617
-0.059854 0.739595 0.391566
-0.059835 0.738979 0.391513
-0.059823 0.738267 0.391450
-0.059818 0.737684 0.391399
-0.059811 0.736993 0.391339
-0.059816 0.736341 0.391282
-0.059810 0.735782 0.391235
-0.059800 0.735199 0.391189
-0.059793 0.734596 0.391141
-0.059787 0.733977 0.391092
-0.059796 0.733263 0.391035
-0.059820 0.732582 0.390977
-0.059849 0.731924 0.390920
-0.059864 0.731369 0.390876
-0.059873 0.730793 0.390834
-0.059876 0.730203 0.390793
-0.059888 0.729511 0.390743
-0.059900 0.728933 0.390700
-0.059913 0.728242 0.390649
-0.059935 0.727569 0.390598
-0.059947 0.726995 0.390556
-0.059957 0.726387 0.390511
-0.059978 0.725665 0.390455
-0.060014 0.724989 0.390400
-0.060038 0.724427 0.390358
-0.060062 0.723751 0.390307
-0.060081 0.723185 0.390265
-0.060102 0.722509 0.390213
-0.060114 0.721939 0.390170
-0.060131 0.721264 0.390115
-0.060143 0.720682 0.390067
-0.060157 0.719971 0.390008
-0.060177 0.719289 0.389952
-0.060193 0.718716 0.389906
-0.060203 0.718115 0.389859
-0.060218 0.717405 0.389801
-0.060227 0.716819 0.389754
-0.060239 0.716114 0.389696
-0.060261 0.715416 0.389636
-0.060286 0.714716 0.389575
-0.060301 0.714106 0.389521
-0.060320 0.713356 0.389453
-0.060340 0.712727 0.389394
-0.060372 0.711988 0.389323
-0.060397 0.711380 0.389267
-0.060421 0.710738 0.389207
-0.060463 0.709967 0.389131
-0.060508 0.709221 0.389058
-0.060534 0.708587 0.388999
-0.060560 0.707822 0.388929
-0.060594 0.707099 0.388860
-0.060620 0.706484 0.388803
-0.060645 0.705850 0.388744
-0.060684 0.705102 0.388674
-0.060722 0.704475 0.388614
-0.060772 0.703732 0.388541
-0.060828 0.703022 0.388468
-0.060881 0.702328 0.388399
-0.060918 0.701727 0.388341
-0.060969 0.700998 0.388270
-0.061030 0.700279 0.388198
-0.061076 0.699663 0.388139
-0.061129 0.698924 0.388071
-0.061183 0.698203 0.388005
-0.061221 0.697588 0.387950
-0.061261 0.696951 0.387894
-0.061304 0.696291 0.387835
-0.061346 0.695616 0.387773
-0.061407 0.694846 0.387699
-0.061461 0.694223 0.387639
-0.061511 0.693572 0.387577
-0.061586 0.692811 0.387500
-0.061644 0.692180 0.387436
-0.061714 0.691416 0.387358
-0.061767 0.690771 0.387293
-0.061818 0.690110 0.387228
-0.061889 0.689332 0.387149
-0.061973 0.688586 0.387070
-0.062039 0.687947 0.387003
-0.062124 0.687161 0.386918
-0.062217 0.686393 0.386833
-0.062295 0.685747 0.386760
-0.062371 0.685070 0.386685
-0.062471 0.684261 0.386592
-0.062551 0.683570 0.386512
-0.062654 0.682735 0.386410
-0.062765 0.681933 0.386308
-0.062875 0.681138 0.386207
-0.062964 0.680461 0.386124
-0.063048 0.679742 0.386040
-0.063149 0.678871 0.385937
-0.063247 0.678022 0.385836
-0.063346 0.677178 0.385738
-0.063426 0.676452 0.385655
-0.063530 0.675573 0.385555
-0.063639 0.674722 0.385457
-0.063741 0.673890 0.385361
-0.063842 0.673068 0.385265
-0.063923 0.672354 0.385182
-0.064033 0.671481 0.385078
-0.064144 0.670615 0.384975
-0.064253 0.669761 0.384873
-0.064335 0.669015 0.384788
-0.064435 0.668100 0.384682
-0.064541 0.667199 0.384577
-0.064642 0.666308 0.384477
-0.064723 0.665536 0.384393
-0.064827 0.664593 0.384288
-0.064916 0.663799 0.384201
-0.065007 0.662975 0.384111
-0.065132 0.661995 0.384000
-0.065233 0.661185 0.383912
-0.065356 0.660207 0.383804
-0.065454 0.659367 0.383714
-0.065552 0.658494 0.383620
-0.065683 0.657455 0.383503
-0.065824 0.656459 0.383388
-0.065965 0.655499 0.383277
-0.066102 0.654563 0.383170
-0.066232 0.653635 0.383067
-0.066335 0.652826 0.382979
-0.066467 0.651840 0.382872
-0.066579 0.650987 0.382780
-0.066701 0.650075 0.382683
-0.066864 0.648990 0.382563
-0.066997 0.648086 0.382464
-0.067163 0.646997 0.382344
-0.067295 0.646084 0.382245
-0.067425 0.645133 0.382144
-0.067590 0.644006 0.382022
-0.067751 0.642948 0.381906
-0.067874 0.642063 0.381811
-0.067997 0.641160 0.381713
-0.068154 0.640102 0.381594
-0.068277 0.639213 0.381497
-0.068403 0.638284 0.381397
-0.068565 0.637179 0.381274
-0.068721 0.636122 0.381157
-0.068869 0.635110 0.381048
-0.069011 0.634118 0.380942
-0.069125 0.633262 0.380854
-0.069236 0.632367 0.380761
-0.069376 0.631285 0.380649
-0.069489 0.630375 0.380555
-0.069613 0.629417 0.380454
-0.069748 0.628427 0.380350
-0.069887 0.627424 0.380244
-0.070063 0.626257 0.380117
-0.070240 0.625148 0.379995
-0.070414 0.624071 0.379876
-0.070545 0.623149 0.379779
-0.070703 0.622032 0.379663
-0.070826 0.621091 0.379566
-0.070977 0.619972 0.379450
-0.071094 0.619030 0.379352
-0.071213 0.618041 0.379251
-0.071369 0.616850 0.379127
-0.071530 0.615700 0.379006
-0.071691 0.614571 0.378887
-0.071813 0.613616 0.378789
-0.071936 0.612614 0.378688
-0.072061 0.611572 0.378582
-0.072220 0.610352 0.378456
-0.072349 0.609355 0.378354
-0.072509 0.608184 0.378234
-0.072638 0.607204 0.378135
-0.072802 0.606037 0.378016
-0.072939 0.605049 0.377918
-0.073082 0.604004 0.377817
-0.073272 0.602755 0.377694
-0.073428 0.601736 0.377594
-0.073613 0.600523 0.377474
-0.073796 0.599352 0.377359
-0.073939 0.598362 0.377265
-0.074606 0.595728 0.376959
-0.079317 0.588494 0.377110
-0.080221 0.586862 0.377313
-0.081033 0.584871 0.377611
-0.081238 0.584567 0.377662
-0.082080 0.583953 0.377810
-0.083764 0.582455 0.378191
-0.084235 0.582088 0.378296
-0.084443 0.581586 0.378349
-0.084738 0.581391 0.378372
-0.084902 0.581032 0.378385
-0.085282 0.580782 0.378411
-0.085429 0.580433 0.378422
-0.085551 0.580340 0.378427
-0.086981 0.579548 0.378673
-0.087865 0.578807 0.378896
-0.087995 0.578731 0.378917
-0.088751 0.578299 0.379064
-0.090132 0.577313 0.379401
-0.090380 0.577192 0.379451
-0.091087 0.576783 0.379610
-0.092358 0.575850 0.379957
-0.092486 0.575781 0.379987
-0.093848 0.575025 0.380320
-0.094547 0.574398 0.380565
-0.094636 0.574347 0.380583
-0.095350 0.573920 0.380764
-0.096628 0.572924 0.381176
-0.096714 0.572883 0.381195
-0.097426 0.572457 0.381388
-0.098657 0.571448 0.381843
-0.098430 0.571059 0.381815
-0.098318 0.570557 0.381801
-0.098301 0.570081 0.381803
-0.098936 0.569625 0.381999
-0.100156 0.568457 0.382460
-0.100796 0.567996 0.382682
-0.101879 0.566856 0.383177
-0.102477 0.566420 0.383396
-0.103484 0.565375 0.383859
-0.104084 0.564925 0.384094
-0.105064 0.563919 0.384552
-0.105413 0.563413 0.384014
-0.106980 0.562071 0.383716
-0.107550 0.561374 0.383555
-0.108232 0.560282 0.381919
-0.107894 0.560107 0.381441
-0.107659 0.559775 0.381353
-0.107976 0.559290 0.380797
-0.108489 0.558207 0.379627
-0.109081 0.557341 0.378529
-0.109267 0.556720 0.377690
-0.109570 0.556241 0.377098
-0.110035 0.555259 0.375958
-0.110204 0.555204 0.375794
-0.110265 0.554967 0.375746
-0.110498 0.554846 0.375769
-0.110626 0.554527 0.375784
-0.110962 0.554319 0.375844
-0.111023 0.554185 0.375851
-0.111391 0.553580 0.375310
-0.112289 0.552606 0.374310
-0.112359 0.552467 0.374233
-0.113012 0.551415 0.373153
-0.113504 0.550976 0.372529
-0.113573 0.550854 0.372445
-0.114345 0.549595 0.371040
-0.114666 0.549417 0.370637
-0.114717 0.549322 0.370581
-0.115316 0.548308 0.369523
-0.115582 0.548012 0.369190
-0.116160 0.547724 0.368779
-0.116309 0.547483 0.368682
-0.116447 0.547385 0.368644
-0.116839 0.547233 0.368632
-0.117160 0.546779 0.368673
-0.117264 0.546728 0.368690
-0.117381 0.546575 0.368702
-0.115974 0.547359 0.368026
-0.116005 0.547344 0.367984
-0.116397 0.546767 0.367960
-0.116680 0.546615 0.367993
-0.117083 0.546044 0.368050
-0.117213 0.545971 0.368067
-0.117353 0.545799 0.368080
-0.115953 0.546511 0.367382
-0.116038 0.546461 0.367361
-0.115536 0.546862 0.367119
-0.114790 0.546967 0.366619
-0.114922 0.546877 0.366614
-0.114447 0.547246 0.366393
-0.113726 0.547357 0.365955
-0.114093 0.547095 0.365934
-0.114411 0.546616 0.365951
-0.114837 0.546319 0.365996
-0.115154 0.545787 0.366034
-0.115406 0.545624 0.366061
-0.115746 0.545058 0.366102
-0.115865 0.544986 0.366114
-0.116249 0.544425 0.366154
-0.116369 0.544356 0.366166
-0.116754 0.543806 0.366204
-0.116873 0.543739 0.366215
-0.117106 0.543616 0.366199
-0.117658 0.543041 0.366213
-0.117795 0.542959 0.366230
-0.118038 0.542825 0.366220
-0.118641 0.542171 0.366259
-0.118761 0.542103 0.366275
-0.118993 0.541979 0.366264
-0.119527 0.541408 0.366285
-0.119659 0.541328 0.366303
-0.119898 0.541194 0.366293
-0.120485 0.540544 0.366333
-0.120602 0.540478 0.366349
-0.120832 0.540353 0.366339
-0.121413 0.539652 0.366384
-0.121530 0.539568 0.366403
-0.121761 0.539424 0.366395
-0.122300 0.538741 0.366435
-0.122431 0.538633 0.366457
-0.122878 0.538335 0.366455
-0.123225 0.537804 0.366500
-0.123359 0.537675 0.366524
-0.123808 0.537346 0.366526
-0.124203 0.536672 0.366593
-0.124426 0.536468 0.366635
-0.124677 0.535874 0.366691
-0.124878 0.535362 0.366051
-0.125134 0.534940 0.365530
-0.125594 0.534059 0.364676
-0.125689 0.534020 0.364660
-0.125999 0.533525 0.364656
-0.125895 0.533562 0.364685
-0.125808 0.533475 0.364703
-0.125956 0.533102 0.364732
-0.125761 0.533149 0.364781
-0.125724 0.533030 0.364784
-0.125961 0.532598 0.364806
-0.125875 0.532616 0.364835
-0.125807 0.532510 0.364853
-0.126041 0.532010 0.364889
-0.125951 0.532032 0.364917
-0.125882 0.531928 0.364934
-0.126115 0.531430 0.364965
-0.126028 0.531450 0.364992
-0.125961 0.531345 0.365008
-0.126199 0.530842 0.365034
-0.126114 0.530861 0.365060
-0.126049 0.530755 0.365074
-0.126254 0.530317 0.365092
-0.126177 0.530326 0.365116
-0.126118 0.530210 0.365129
-0.126703 0.529606 0.365364
-0.128117 0.528463 0.365898
-0.128096 0.528472 0.365960
-0.128059 0.528378 0.365998
-0.128634 0.527813 0.366267
-0.129830 0.526912 0.366780
-0.129849 0.526910 0.366865
-0.129809 0.526742 0.366943
-0.130370 0.526223 0.367228
-0.131527 0.525427 0.367771
-0.131537 0.525451 0.367857
-0.131511 0.525384 0.367909
-0.132057 0.524865 0.368225
-0.133166 0.524092 0.368812
-0.133165 0.524123 0.368900
-0.133051 0.523987 0.368988
-0.133572 0.523521 0.369302
-0.134116 0.523135 0.369585
-0.134442 0.522961 0.369910
-0.134499 0.522709 0.370064
-0.134557 0.522685 0.370077
-0.134506 0.522747 0.370094
-0.134379 0.522538 0.370081
-0.134447 0.522487 0.370081
-0.134413 0.522519 0.370089
-0.134370 0.522133 0.370065
-0.134457 0.522064 0.370068
-0.134442 0.522077 0.370079
-0.134449 0.521687 0.370066
-0.134543 0.521598 0.370068
-0.134536 0.521593 0.370078
-0.134555 0.521240 0.370067
-0.134652 0.521129 0.370067
-0.135264 0.520629 0.370430
-0.135705 0.520293 0.370755
-0.136260 0.519532 0.371253
-0.136366 0.519446 0.371294
-0.136361 0.519453 0.371326
-0.136824 0.519079 0.371729
-0.137764 0.518107 0.372544
-0.137881 0.518030 0.372614
-0.137879 0.518050 0.372662
-0.138325 0.517700 0.373091
-0.139129 0.516896 0.373848
-0.139378 0.516741 0.374029
-0.139348 0.516783 0.374075
-0.139757 0.516458 0.374518
-0.140372 0.515838 0.375137
-0.140699 0.515598 0.375414
-0.140683 0.515622 0.375483
-0.141083 0.515296 0.375957
-0.141673 0.514684 0.376613
-0.142046 0.514418 0.376982
-0.141991 0.514473 0.377026
-0.142350 0.514174 0.377498
-0.142696 0.513817 0.377896
-0.143232 0.513365 0.378454
-0.143193 0.513397 0.378522
-0.143860 0.512858 0.379443
-0.144047 0.512626 0.379716
-0.144329 0.512360 0.380023
-0.144242 0.512410 0.380134
-0.144592 0.512105 0.380628
-0.145106 0.511516 0.381326
-0.145270 0.511368 0.381515
-0.145270 0.511356 0.381700
-0.145625 0.511048 0.382227
-0.146216 0.510334 0.383157
-0.146321 0.510249 0.383290
-0.146315 0.510261 0.383367
-0.146928 0.509754 0.384372
-0.147177 0.509385 0.384862
-0.147349 0.509236 0.385084
-0.147308 0.509270 0.385129
-0.147595 0.509002 0.385667
-0.148053 0.508350 0.386649
-0.148129 0.508276 0.386796
-0.148046 0.508333 0.386931
-0.148326 0.508073 0.387484
-0.148748 0.507443 0.388508
-0.148814 0.507374 0.388663
-0.148781 0.507394 0.388754
-0.149243 0.506960 0.389853
-0.149376 0.506637 0.390415
-0.149458 0.506522 0.390752
-0.149743 0.506244 0.391348
-0.150129 0.505590 0.392457
-0.150176 0.505513 0.392870
-0.150565 0.504887 0.392553
-0.150924 0.504285 0.392289
-0.151457 0.503787 0.391855
-0.151861 0.503189 0.391480
-0.152232 0.502616 0.391177
-0.152802 0.502182 0.390716
-0.153218 0.501585 0.390326
-0.153596 0.501021 0.390013
-0.154178 0.500647 0.389538
-0.154939 0.499630 0.388833
-0.155139 0.499346 0.388624
-0.155502 0.499305 0.388314
-0.155889 0.498725 0.387938
-0.156432 0.497891 0.387434
-0.156754 0.497819 0.387176
-0.157494 0.496792 0.386480
-0.157689 0.496508 0.386275
-0.158054 0.496477 0.385975
-0.158421 0.495892 0.385602
-0.159031 0.495016 0.384823
-0.158995 0.495102 0.384755
-0.158785 0.495133 0.384616
-0.158744 0.495156 0.384583
-0.158634 0.494830 0.384518
-0.158605 0.494808 0.384487
-0.158547 0.494328 0.384426
-0.158527 0.494282 0.384396
-0.158505 0.493692 0.384340
-0.158491 0.493630 0.384311
-0.158492 0.492908 0.384257
-0.158482 0.492848 0.384228
-0.158503 0.492124 0.384176
-0.158495 0.492064 0.384148
-0.158521 0.491407 0.384097
-0.158513 0.491335 0.384068
-0.158543 0.490569 0.384015
-0.158537 0.490504 0.383987
-0.158253 0.490745 0.383375
-0.157890 0.490509 0.382006
-0.157918 0.490412 0.381911
-0.157664 0.490615 0.381261
-0.157410 0.490317 0.379934
-0.157456 0.490184 0.379800
-0.157214 0.490350 0.379130
-0.157053 0.489772 0.377722
-0.157111 0.489621 0.377637
-0.156860 0.489777 0.377013
-0.156572 0.489354 0.375799
-0.156606 0.489202 0.375684
-0.156093 0.489454 0.374516
-0.156029 0.488810 0.373714
-0.156118 0.488501 0.373572
-0.156339 0.487630 0.373499
-0.156405 0.487355 0.373450
-0.156565 0.486457 0.373434
-0.156579 0.486350 0.373410
-0.156674 0.485534 0.373374
-0.156679 0.485439 0.373349
-0.156745 0.484671 0.373310
-0.156746 0.484584 0.373284
-0.156804 0.483758 0.373244
-0.156803 0.483687 0.373220
-0.156853 0.482916 0.373179
-0.156852 0.482850 0.373153
-0.156897 0.482100 0.373111
-0.156895 0.482037 0.373086
-0.156934 0.481370 0.373043
-0.156931 0.481297 0.373017
-0.156971 0.480527 0.372975
-0.156968 0.480462 0.372950
-0.156633 0.480702 0.372376
-0.156077 0.480581 0.371228
-0.156067 0.480405 0.371036
-0.155740 0.480618 0.370439
-0.155265 0.480490 0.369397
-0.155244 0.480265 0.369121
-0.154913 0.480449 0.368508
-0.154483 0.479845 0.367156
-0.154161 0.480016 0.366585
-0.153730 0.479371 0.365307
-0.153398 0.479537 0.364744
-0.152898 0.479155 0.363621
-0.152977 0.478998 0.363538
-0.152448 0.479245 0.362482
-0.152323 0.478789 0.361814
-0.152639 0.478302 0.361632
-0.152919 0.477614 0.361582
-0.153368 0.477039 0.361580
-0.153586 0.476448 0.361582
-0.153701 0.476295 0.361587
-0.154491 0.474864 0.360833
-0.154970 0.473954 0.360387
-0.155191 0.473802 0.360297
-0.155564 0.473105 0.359859
-0.156284 0.471845 0.359030
-0.156380 0.471828 0.358971
-0.156750 0.471169 0.358519
-0.157437 0.470083 0.357669
-0.157526 0.470106 0.357608
-0.158189 0.469019 0.356791
-0.158542 0.468612 0.356244
-0.158609 0.468673 0.356205
-0.158938 0.468063 0.355770
-0.159543 0.467099 0.354949
-0.159623 0.467144 0.354891
-0.160238 0.466080 0.354086
-0.160542 0.465664 0.353612
-0.160752 0.465977 0.353469
-0.161145 0.465780 0.354008
-0.161501 0.465509 0.354471
-0.162216 0.465306 0.355306
-0.162238 0.465218 0.355330
-0.162319 0.465124 0.355349
-0.163579 0.464242 0.357093
-0.163634 0.464112 0.357186
-0.163944 0.463797 0.357362
-0.163970 0.463660 0.357367
-0.164135 0.463417 0.357378
-0.165272 0.462478 0.358982
-0.165363 0.462299 0.359123
-0.165484 0.462143 0.359220
-0.166728 0.461124 0.361145
-0.166779 0.460982 0.361247
-0.166871 0.460852 0.361318
-0.167959 0.459931 0.363069
-0.168035 0.459767 0.363222
-0.168142 0.459628 0.363327
-0.169208 0.458709 0.365150
-0.169527 0.457972 0.364934
-0.169811 0.457287 0.364730
-0.170294 0.456742 0.364431
-0.170547 0.456101 0.364045
-0.170792 0.455491 0.363729
-0.171229 0.455077 0.363275
-0.171488 0.454446 0.362869
-0.171736 0.453851 0.362541
-0.172216 0.453722 0.362009
-0.172227 0.453701 0.361993
-0.172465 0.453743 0.361979
-0.172513 0.453548 0.361978
-0.172809 0.453333 0.361991
-0.172849 0.453187 0.361992
-0.173193 0.452755 0.362608
-0.174051 0.452000 0.363873
-0.174119 0.451834 0.363972
-0.174754 0.451062 0.365237
-0.175287 0.450660 0.366148
-0.175328 0.450526 0.366219
-0.175643 0.450114 0.366895
-0.176431 0.449446 0.368365
-0.176459 0.449319 0.368435
-0.176753 0.448915 0.369117
-0.176938 0.448657 0.369660
-0.177238 0.448445 0.370480
-0.177258 0.448333 0.370541
-0.177205 0.448289 0.370552
-0.177290 0.448229 0.370548
-0.177315 0.448097 0.370547
-0.177275 0.448026 0.370519
-0.177440 0.447829 0.370451
-0.177477 0.447675 0.370448
-0.177450 0.447582 0.370418
-0.177163 0.447763 0.369732
-0.176985 0.447891 0.369153
-0.176961 0.447449 0.368252
-0.176736 0.447588 0.367527
-0.176607 0.447679 0.366928
-0.176803 0.446865 0.365882
-0.176919 0.446749 0.365854
-0.177041 0.446516 0.365836
-0.178086 0.444085 0.364906
-0.178203 0.444037 0.364865
-0.178532 0.443663 0.364801
-0.178785 0.442908 0.364488
-0.179035 0.442189 0.364232
-0.179583 0.441517 0.363842
-0.179826 0.440823 0.363516
-0.180064 0.440165 0.363252
-0.180538 0.439691 0.362877
-0.180778 0.439020 0.362544
-0.181010 0.438394 0.362275
-0.181519 0.438261 0.361851
-0.181535 0.438243 0.361841
-0.181793 0.438313 0.361837
-0.181841 0.438123 0.361839
-0.182101 0.437949 0.361849
-0.182178 0.437667 0.361851
-0.182354 0.437476 0.361857
-0.182974 0.436918 0.363111
-0.183272 0.436443 0.363740
-0.183636 0.436108 0.364138
-0.183680 0.435948 0.364170
-0.183963 0.435560 0.364873
-0.184749 0.434858 0.366408
-0.184811 0.434580 0.366532
-0.184888 0.434481 0.366569
-0.185627 0.433782 0.368280
-0.185816 0.433316 0.368828
-0.186053 0.433133 0.369017
-0.186128 0.432753 0.369051
-0.186338 0.432557 0.369070
-0.186391 0.432387 0.369073
-0.186025 0.432549 0.367795
-0.186051 0.432460 0.366999
-0.186101 0.432270 0.366889
-0.185645 0.432347 0.365082
-0.185733 0.432188 0.364633
-0.185980 0.431430 0.364345
-0.186195 0.431179 0.364306
-0.186472 0.430439 0.364273
-0.186462 0.430374 0.364226
-0.186508 0.430314 0.364186
-0.186790 0.429501 0.364080
-0.186880 0.429423 0.364076
-0.187184 0.428706 0.364068
-0.187277 0.428624 0.364069
-0.187585 0.427905 0.364067
-0.187677 0.427824 0.364068
-0.188012 0.427521 0.364758
-0.188687 0.426594 0.366152
-0.188955 0.426413 0.366383
-0.189081 0.426006 0.366448
-0.189357 0.425760 0.366472
-0.189464 0.425327 0.366474
-0.189685 0.425094 0.366478
-0.189839 0.424520 0.366477
-0.190227 0.424151 0.366470
-0.190645 0.424032 0.366452
-0.191071 0.424005 0.366431
-0.191465 0.424016 0.366412
-0.191916 0.424051 0.366387
-0.192316 0.424086 0.366367
-0.192733 0.424129 0.366345
-0.193194 0.424184 0.366318
-0.193632 0.424236 0.366293
-0.194029 0.424282 0.366272
-0.194447 0.424334 0.366249
-0.194910 0.424398 0.366221
-0.195349 0.424459 0.366194
-0.195749 0.424511 0.366172
-0.196206 0.424579 0.366144
-0.196645 0.424645 0.366117
-0.197080 0.424711 0.366091
-0.197480 0.424770 0.366068
-0.197903 0.424836 0.366043
-0.198370 0.424916 0.366012
-0.198781 0.424982 0.365987
-0.199208 0.425054 0.365961
-0.199642 0.425129 0.365934
-0.200079 0.425206 0.365905
-0.200556 0.425297 0.365872
-0.200350 0.425550 0.365151
-0.200272 0.425938 0.363457
-0.200053 0.426171 0.362708
-0.199892 0.426477 0.361097
-0.199663 0.426705 0.360308
-0.199562 0.426900 0.358485
-0.199995 0.426756 0.358356
-0.200096 0.426741 0.358348
-0.201307 0.426114 0.360540
-0.201417 0.426130 0.360608
-0.202506 0.425659 0.362845
-0.202964 0.425919 0.363128
-0.203415 0.426169 0.363121
-0.203670 0.426246 0.363110
-0.204540 0.425743 0.365086
-0.204873 0.425808 0.365431
-0.205706 0.425376 0.367540
-0.206017 0.425487 0.367908
-0.206703 0.425102 0.369765
-0.207136 0.425244 0.370414
-0.207356 0.425299 0.370686
-0.207882 0.425547 0.370786
-0.208130 0.425633 0.370783
-0.207893 0.426463 0.368550
-0.207994 0.426490 0.368432
-0.207753 0.427188 0.366016
-0.207860 0.427191 0.365888
-0.207599 0.427808 0.363461
-0.208306 0.427736 0.363051
-0.209016 0.427795 0.362961
-0.209565 0.427896 0.362907
-0.210372 0.426346 0.362127
-0.211063 0.426441 0.361867
-0.212056 0.425204 0.361018
-0.212909 0.425593 0.360725
-0.214292 0.424680 0.359722
-0.215174 0.425374 0.359498
-0.216293 0.424438 0.358648
-0.217281 0.425024 0.358342
-0.218744 0.424267 0.357331
-0.220205 0.425585 0.357009
-0.220475 0.425773 0.357052
-0.222184 0.426972 0.357059
-0.223328 0.427666 0.356937
-0.223536 0.427757 0.356918
-0.224678 0.428041 0.357076
-0.225224 0.428221 0.357047
-0.225770 0.428238 0.357206
-0.226876 0.428542 0.357190
-0.227222 0.428629 0.357165
-0.228353 0.427060 0.356080
-0.229186 0.427546 0.355907
-0.229960 0.426233 0.355021
-0.231335 0.427027 0.354611
-0.231579 0.426412 0.354239
-0.233374 0.426533 0.353343
-0.234604 0.427530 0.353191
-0.235708 0.428190 0.353072
-0.236798 0.428595 0.352951
-0.237534 0.428755 0.352875
-0.237897 0.428456 0.353651
-0.239484 0.428151 0.355379
-0.240372 0.428390 0.355379
-0.241031 0.428510 0.355320
-0.241370 0.428208 0.356109
-0.242649 0.427819 0.357765
-0.243006 0.427529 0.358639
-0.244303 0.427228 0.360442
-0.244648 0.426956 0.361330
-0.246017 0.426756 0.363239
-0.246323 0.426495 0.364106
-0.247572 0.426301 0.365990
-0.247854 0.426042 0.366863
-0.249095 0.425896 0.368814
-0.249224 0.425141 0.368531
-0.250160 0.424226 0.367921
-0.250332 0.423500 0.367579
-0.251589 0.422882 0.366831
-0.251759 0.422188 0.366494
-0.252891 0.421513 0.365788
-0.253072 0.420818 0.365442
-0.254550 0.420418 0.364650
-0.255513 0.420954 0.364552
-0.256387 0.421221 0.364474
-0.257221 0.421366 0.364399
-0.258038 0.421461 0.364326
-0.258374 0.421488 0.364303
-0.259482 0.420789 0.366811
-0.259658 0.420801 0.366932
-0.260764 0.420193 0.369674
-0.261519 0.420414 0.369980
-0.261830 0.420479 0.369977
-0.262349 0.421010 0.369930
-0.262505 0.421060 0.369922
-0.263257 0.421719 0.369853
-0.263531 0.422302 0.369819
-0.263671 0.422890 0.369805
-0.263753 0.423475 0.369800
-0.263819 0.424093 0.369798
-0.263862 0.424650 0.369797
-0.263903 0.425223 0.369798
-0.263943 0.425800 0.369799
-0.263989 0.426413 0.369800
-0.264026 0.426968 0.369801
-0.264069 0.427575 0.369802
-0.264104 0.428127 0.369803
-0.264132 0.427350 0.369506
-0.264449 0.426790 0.368873
-0.264495 0.426066 0.368562
-0.264938 0.425892 0.367888
-0.265110 0.426821 0.367860
-0.265215 0.427608 0.367851
-0.265265 0.428219 0.367845
-0.265302 0.428813 0.367841
-0.265315 0.429220 0.367839
-0.265498 0.427490 0.367033
-0.265600 0.427896 0.366905
-0.265779 0.426424 0.366168
-0.265934 0.426784 0.365958
-0.266198 0.425356 0.365093
-0.266505 0.426490 0.364912
-0.266649 0.427393 0.364891
-0.266708 0.428041 0.364880
-0.266723 0.428461 0.364875
-0.267285 0.428766 0.364841
-0.267936 0.428851 0.364795
-0.268662 0.428897 0.364741
-0.269415 0.428929 0.364684
-0.270179 0.428956 0.364628
-0.271018 0.428984 0.364564
-0.271175 0.428987 0.364557
-0.271664 0.429191 0.364040
-0.271813 0.429198 0.364018
-0.272224 0.429390 0.363498
-0.272948 0.429435 0.363371
-0.272977 0.429495 0.363206
-0.273506 0.429629 0.362825
-0.273560 0.429746 0.362495
-0.274031 0.429827 0.362241
-0.274144 0.429974 0.361803
-0.274535 0.430019 0.361646
-0.274600 0.430075 0.361462
-0.274719 0.428636 0.360808
-0.275351 0.428160 0.360360
-0.275436 0.427371 0.360110
-0.276581 0.426607 0.359483
-0.277439 0.427020 0.359370
-0.278254 0.427206 0.359280
-0.279040 0.427288 0.359199
-0.279880 0.427336 0.359115
-0.280038 0.427339 0.359104
-0.280534 0.427497 0.358530
-0.281226 0.427518 0.358423
-0.282028 0.427536 0.358337
-0.282737 0.427547 0.358270
-0.283546 0.427560 0.358194
-0.284184 0.427569 0.358142
-0.284220 0.426736 0.357941
-0.285266 0.425817 0.357431
-0.286318 0.426429 0.357327
-0.287296 0.426804 0.357240
-0.288129 0.427014 0.357168
-0.288642 0.427092 0.357130
-0.289171 0.427075 0.357564
-0.289991 0.427173 0.357597
-0.290817 0.427282 0.357547
-0.291730 0.427411 0.357481
-0.292520 0.427513 0.357424
-0.293340 0.427615 0.357363
-0.294171 0.427719 0.357299
-0.295086 0.427846 0.357226
-0.295879 0.427948 0.357166
-0.296056 0.427962 0.357156
-0.297227 0.427568 0.360026
-0.298020 0.427769 0.360148
-0.298222 0.427611 0.361085
-0.299348 0.427559 0.363114
-0.300118 0.427797 0.363079
-0.301018 0.428015 0.362955
-0.301889 0.428185 0.362851
-0.302749 0.428328 0.362761
-0.303604 0.428453 0.362682
-0.303639 0.428511 0.362487
-0.304224 0.428676 0.362048
-0.304312 0.428793 0.361653
-0.304949 0.428935 0.361333
-0.305004 0.428993 0.361122
-0.305656 0.429165 0.360638
-0.305717 0.429224 0.360418
-0.306552 0.429458 0.359858
-0.307349 0.429582 0.359740
-0.307397 0.429634 0.359536
-0.308025 0.429785 0.359062
-0.308125 0.429886 0.358652
-0.308677 0.429988 0.358342
-0.308858 0.430121 0.357801
-0.309425 0.430207 0.357577
-0.309608 0.430330 0.357042
-0.310059 0.430388 0.356853
-0.310286 0.430501 0.356300
-0.310762 0.430557 0.356103
-0.311006 0.430664 0.355544
-0.311615 0.430740 0.355305
-0.311819 0.430842 0.354758
-0.312398 0.430912 0.354524
-0.312533 0.430977 0.354103
-0.313121 0.431044 0.353774
-0.313262 0.431103 0.353341
-0.313961 0.431187 0.352966
-0.314027 0.431216 0.352739
-0.314706 0.431295 0.352205
-0.314771 0.431322 0.351972
-0.315449 0.431391 0.351427
-0.315515 0.431414 0.351192
-0.316281 0.431493 0.350607
-0.316334 0.431513 0.350378
-0.317054 0.431575 0.349807
-0.317104 0.431590 0.349579
-0.317808 0.431633 0.349011
-0.317856 0.431645 0.348782
-0.318552 0.431672 0.348214
-0.319356 0.431729 0.348062
-0.320188 0.431795 0.347942
-0.321111 0.431884 0.347821
-0.321915 0.431955 0.347727
-0.322752 0.432027 0.347634
-0.323602 0.432101 0.347543
-0.324540 0.432198 0.347442
-0.325430 0.432292 0.347350
-0.326229 0.432362 0.347271
-0.327652 0.432702 0.347111
-0.327676 0.432724 0.347109
-0.327686 0.432734 0.347108
-0.327692 0.432740 0.347108
-0.327696 0.432744 0.347108
-0.327698 0.432745 0.347108
-0.327699 0.432747 0.347108
-0.327699 0.432747 0.347108
-0.327700 0.432748 0.347108
-0.327700 0.432748 0.347108
-0.327700 0.432748 0.347108
-0.327700 0.432748 0.347108
-0.327700 0.432748 0.347108
-0.327700 0.432748 0.347108
