-0.080765 0.885860 0.407044
-0.080120 0.885918 0.407084
-0.079389 0.885927 0.407136
-0.080259 0.885500 0.407133
-0.080952 0.883961 0.407468
-0.079546 0.883327 0.407723
-0.078190 0.882820 0.407917
-0.076834 0.882316 0.408098
-0.075612 0.881891 0.408248
-0.074645 0.881630 0.408349
-0.075458 0.881142 0.408360
-0.075884 0.879380 0.408687
-0.076625 0.878750 0.408740
-0.076743 0.876650 0.409151
-0.077412 0.875908 0.409231
-0.076553 0.872695 0.409888
-0.074312 0.871136 0.410253
-0.072475 0.870027 0.410495
-0.070960 0.869208 0.410667
-0.069544 0.868486 0.410812
-0.068651 0.868170 0.410880
-0.068776 0.867998 0.410900
-0.068142 0.867724 0.410960
-0.068249 0.867661 0.410965
-0.067879 0.867470 0.411006
-0.068011 0.867424 0.411009
-0.067690 0.867281 0.411041
-0.067838 0.867248 0.411041
-0.067585 0.867167 0.411062
-0.067741 0.867141 0.411061
-0.067726 0.867135 0.411064
-0.070055 0.865441 0.411206
-0.070211 0.865242 0.411237
-0.069440 0.864407 0.411398
-0.068271 0.863883 0.411490
-0.067275 0.863529 0.411548
-0.066235 0.863160 0.411605
-0.065260 0.862836 0.411653
-0.064374 0.862582 0.411689
-0.063636 0.862419 0.411713
-0.065667 0.861076 0.411794
-0.065382 0.860326 0.411901
-0.064928 0.859670 0.411988
-0.063820 0.859024 0.412075
-0.063005 0.858107 0.412185
-0.062380 0.857261 0.412293
-0.061980 0.856646 0.412372
-0.061583 0.856010 0.412456
-0.061447 0.855719 0.412491
-0.063753 0.853946 0.412633
-0.063337 0.852546 0.412813
-0.062567 0.851452 0.412942
-0.062487 0.851301 0.412958
-0.062673 0.850738 0.413033
-0.062652 0.850621 0.413047
-0.063008 0.850154 0.413122
-0.063003 0.850066 0.413133
-0.063450 0.849754 0.413187
-0.063467 0.849676 0.413197
-0.063991 0.849381 0.413255
-0.064007 0.849313 0.413264
-0.064534 0.849080 0.413308
-0.064576 0.848952 0.413327
-0.065065 0.848776 0.413362
-0.065100 0.848439 0.413419
-0.064980 0.848064 0.413471
-0.064800 0.847623 0.413529
-0.064548 0.847081 0.413601
-0.064521 0.846982 0.413612
-0.064793 0.846792 0.413635
-0.067436 0.845039 0.413771
-0.067535 0.844742 0.413808
-0.067710 0.844474 0.413841
-0.070300 0.842194 0.414051
-0.070343 0.841806 0.414098
-0.070459 0.841456 0.414140
-0.072836 0.838906 0.414387
-0.072599 0.837751 0.414519
-0.074421 0.835138 0.414762
-0.074242 0.834274 0.414850
-0.076013 0.831462 0.415112
-0.075606 0.830161 0.415233
-0.077327 0.827394 0.415487
-0.076348 0.825253 0.415653
-0.075402 0.823912 0.415731
-0.074758 0.822937 0.415788
-0.073572 0.821245 0.415906
-0.074169 0.821288 0.415929
-0.074761 0.821359 0.415951
-0.075782 0.820844 0.416005
-0.076711 0.820337 0.416066
-0.078207 0.819132 0.416232
-0.079155 0.818466 0.416300
-0.080008 0.817827 0.416374
-0.081102 0.815992 0.416579
-0.080604 0.815040 0.416628
-0.080113 0.814209 0.416666
-0.079750 0.813523 0.416704
-0.079494 0.812963 0.416738
-0.079249 0.812399 0.416774
-0.079008 0.811833 0.416811
-0.078856 0.811410 0.416839
-0.081050 0.809789 0.417033
-0.081359 0.808825 0.417124
-0.083625 0.806407 0.417390
-0.083157 0.804718 0.417480
-0.082718 0.803927 0.417500
-0.082150 0.804015 0.417467
-0.082364 0.804439 0.416586
-0.082727 0.804940 0.415799
-0.082814 0.805722 0.414904
-0.082736 0.806577 0.414052
-0.082588 0.807461 0.413223
-0.082437 0.808262 0.412492
-0.082237 0.809205 0.411637
-0.082023 0.810125 0.410812
-0.081804 0.811029 0.410001
-0.081581 0.811923 0.409201
-0.081387 0.812718 0.408489
-0.081183 0.813548 0.407742
-0.080966 0.814396 0.406978
-0.080699 0.815353 0.406117
-0.080468 0.816167 0.405387
-0.080193 0.817098 0.404550
-0.079956 0.817896 0.403833
-0.079673 0.818812 0.403007
-0.079389 0.819692 0.402217
-0.079144 0.820462 0.401525
-0.078852 0.821353 0.400720
-0.078596 0.822124 0.400026
-0.078331 0.822919 0.399307
-0.078055 0.823726 0.398578
-0.077726 0.824631 0.397761
-0.077399 0.825491 0.396991
-0.077119 0.826237 0.396320
-0.076789 0.827099 0.395544
-0.076457 0.827929 0.394799
-0.075853 0.825248 0.393492
-0.076906 0.825584 0.392841
-0.078114 0.826674 0.392470
-0.079153 0.828033 0.392232
-0.079881 0.829186 0.392098
-0.080479 0.830114 0.391992
-0.081012 0.830643 0.391848
-0.081466 0.830984 0.391725
-0.081854 0.831182 0.391622
-0.082236 0.831327 0.391518
-0.082528 0.831327 0.391434
-0.082853 0.831144 0.391308
-0.083146 0.830911 0.391198
-0.083377 0.830615 0.391103
-0.083546 0.830285 0.391022
-0.083793 0.829821 0.390912
-0.084034 0.829348 0.390798
-0.084244 0.828911 0.390699
-0.084445 0.828412 0.390592
-0.084636 0.827804 0.390479
-0.084799 0.827295 0.390389
-0.084987 0.826624 0.390265
-0.085136 0.826056 0.390164
-0.085306 0.825346 0.390040
-0.085461 0.824733 0.389930
-0.085631 0.823975 0.389791
-0.085754 0.823333 0.389680
-0.085890 0.822648 0.389563
-0.086008 0.821935 0.389449
-0.086120 0.821102 0.389319
-0.086240 0.820296 0.389188
-0.086350 0.819598 0.389076
-0.086463 0.818731 0.388945
-0.086606 0.817876 0.388800
-0.086704 0.817145 0.388684
-0.086788 0.816270 0.388549
-0.086825 0.815507 0.388440
-0.086874 0.814730 0.388323
-0.086955 0.813814 0.388176
-0.087006 0.813066 0.388060
-0.087063 0.812293 0.387937
-0.087118 0.811517 0.387811
-0.087197 0.810635 0.387662
-0.087266 0.809944 0.387544
-0.087320 0.809239 0.387424
-0.087385 0.808534 0.387299
-0.087460 0.807845 0.387173
-0.087531 0.807168 0.387047
-0.087622 0.806385 0.386899
-0.087717 0.805658 0.386752
-0.087813 0.804967 0.386612
-0.087873 0.804385 0.386500
-0.087913 0.803793 0.386390
-0.087949 0.803101 0.386259
-0.087974 0.802543 0.386153
-0.087999 0.801907 0.386030
-0.088013 0.801306 0.385916
-0.088030 0.800724 0.385801
-0.088034 0.800143 0.385689
-0.088026 0.799657 0.385598
-0.088017 0.799087 0.385487
-0.088007 0.798535 0.385378
-0.087995 0.797993 0.385269
-0.087980 0.797526 0.385175
-0.087955 0.796977 0.385065
-0.087927 0.796436 0.384959
-0.087900 0.795975 0.384868
-0.087878 0.795421 0.384754
-0.087867 0.794888 0.384639
-0.087836 0.794441 0.384547
-0.088137 0.794307 0.384404
-0.088233 0.794048 0.384302
-0.088219 0.793645 0.384201
-0.088172 0.793254 0.384116
-0.088111 0.792818 0.384025
-0.088054 0.792286 0.383909
-0.088009 0.791765 0.383792
-0.087976 0.791252 0.383671
-0.087945 0.790809 0.383568
-0.087899 0.790268 0.383440
-0.087857 0.789803 0.383331
-0.087804 0.789248 0.383200
-0.087758 0.788781 0.383091
-0.087705 0.788217 0.382959
-0.087660 0.787742 0.382846
-0.087608 0.787177 0.382712
-0.087560 0.786705 0.382599
-0.087504 0.786133 0.382461
-0.087457 0.785642 0.382342
-0.087403 0.785128 0.382218
-0.087346 0.784525 0.382069
-0.087305 0.784025 0.381944
-0.087256 0.783427 0.381793
-0.087211 0.782916 0.381666
-0.087154 0.782310 0.381515
-0.087099 0.781798 0.381390
-0.087038 0.781186 0.381240
-0.086991 0.780662 0.381113
-0.086933 0.780118 0.380983
-0.086873 0.779477 0.380827
-0.086931 0.778974 0.380674
-0.087053 0.778621 0.380539
-0.087209 0.778287 0.380396
-0.087385 0.777908 0.380235
-0.087511 0.777548 0.380096
-0.087568 0.777243 0.379993
-0.087583 0.776930 0.379901
-0.087579 0.776546 0.379794
-0.087558 0.776210 0.379706
-0.087521 0.775793 0.379601
-0.087474 0.775436 0.379518
-0.087401 0.775006 0.379422
-0.087320 0.774638 0.379347
-0.087224 0.774249 0.379271
-0.087120 0.773780 0.379178
-0.087012 0.773325 0.379092
-0.086904 0.772937 0.379024
-0.086773 0.772529 0.378956
-0.086622 0.772044 0.378874
-0.086487 0.771576 0.378793
-0.086350 0.771111 0.378713
-0.086198 0.770650 0.378640
-0.086048 0.770252 0.378582
-0.085872 0.769829 0.378525
-0.085658 0.769322 0.378459
-0.085467 0.768831 0.378395
-0.085315 0.768412 0.378336
-0.085128 0.767898 0.378264
-0.084974 0.767451 0.378201
-0.084818 0.766982 0.378133
-0.084666 0.766505 0.378063
-0.084511 0.766021 0.377993
-0.084343 0.765466 0.377913
-0.084182 0.764944 0.377839
-0.084044 0.764505 0.377778
-0.083894 0.764048 0.377716
-0.083727 0.763515 0.377643
-0.083585 0.763074 0.377587
-0.083402 0.762550 0.377523
-0.083240 0.762107 0.377472
-0.083056 0.761648 0.377425
-0.082845 0.761108 0.377366
-0.082677 0.760651 0.377314
-0.082485 0.760095 0.377251
-0.082335 0.759623 0.377197
-0.082154 0.759059 0.377133
-0.081995 0.758577 0.377082
-0.081818 0.758073 0.377030
-0.081619 0.757477 0.376966
-0.081452 0.756978 0.376916
-0.081267 0.756465 0.376869
-0.081055 0.755853 0.376811
-0.080894 0.755337 0.376761
-0.080720 0.754723 0.376698
-0.080578 0.754198 0.376643
-0.080408 0.753566 0.376577
-0.080266 0.753025 0.376518
-0.080099 0.752376 0.376450
-0.079966 0.751825 0.376392
-0.079819 0.751250 0.376333
-0.079661 0.750659 0.376277
-0.079493 0.749972 0.376209
-0.079360 0.749394 0.376153
-0.079212 0.748802 0.376098
-0.079050 0.748111 0.376033
-0.078898 0.747444 0.375970
-0.078749 0.746798 0.375909
-0.078611 0.746243 0.375857
-0.078451 0.745656 0.375806
-0.078288 0.745056 0.375754
-0.078131 0.744444 0.375700
-0.077972 0.743819 0.375645
-0.077812 0.743192 0.375591
-0.077639 0.742458 0.375526
-0.077506 0.741848 0.375472
-0.077352 0.741136 0.375411
-0.077217 0.740444 0.375350
-0.077095 0.739852 0.375300
-0.076952 0.739229 0.375251
-0.076792 0.738476 0.375193
-0.076666 0.737840 0.375143
-0.076531 0.737182 0.375092
-0.076391 0.736509 0.375040
-0.076251 0.735816 0.374987
-0.076115 0.735116 0.374934
-0.075965 0.734296 0.374873
-0.075838 0.733515 0.374815
-0.075723 0.732865 0.374770
-0.075585 0.732202 0.374729
-0.075437 0.731518 0.374691
-0.075271 0.730719 0.374644
-0.075133 0.730050 0.374606
-0.074964 0.729252 0.374563
-0.074829 0.728594 0.374529
-0.074675 0.727822 0.374489
-0.074555 0.727176 0.374456
-0.074422 0.726512 0.374425
-0.074269 0.725735 0.374388
-0.074147 0.725086 0.374358
-0.074004 0.724313 0.374322
-0.073876 0.723553 0.374286
-0.073767 0.722902 0.374256
-0.073643 0.722229 0.374228
-0.073504 0.721532 0.374199
-0.073355 0.720820 0.374173
-0.073200 0.719983 0.374138
-0.073059 0.719185 0.374107
-0.072919 0.718410 0.374083
-0.072781 0.717641 0.374060
-0.072648 0.716877 0.374036
-0.072513 0.716115 0.374011
-0.072370 0.715350 0.373990
-0.072237 0.714680 0.373977
-0.072086 0.713966 0.373966
-0.071939 0.713223 0.373950
-0.071791 0.712462 0.373934
-0.071638 0.711573 0.373912
-0.071519 0.710832 0.373893
-0.071390 0.710076 0.373877
-0.071249 0.709175 0.373855
-0.071145 0.708428 0.373835
-0.071034 0.707534 0.373807
-0.070943 0.706670 0.373774
-0.070852 0.705819 0.373743
-0.070758 0.704975 0.373714
-0.070672 0.704242 0.373688
-0.070567 0.703364 0.373661
-0.070469 0.702619 0.373642
-0.070363 0.701849 0.373625
-0.070265 0.701062 0.373604
-0.070172 0.700252 0.373579
-0.070077 0.699323 0.373549
-0.070001 0.698566 0.373525
-0.069923 0.697800 0.373501
-0.069847 0.696911 0.373471
-0.069793 0.696171 0.373443
-0.069733 0.695304 0.373409
-0.069684 0.694570 0.373380
-0.069627 0.693803 0.373351
-0.069575 0.693011 0.373316
-0.069531 0.692085 0.373272
-0.069496 0.691317 0.373235
-0.069468 0.690400 0.373189
-0.069443 0.689620 0.373151
-0.069403 0.688818 0.373114
-0.069368 0.687870 0.373067
-0.069357 0.686979 0.373018
-0.069346 0.686206 0.372974
-0.069333 0.685284 0.372923
-0.069328 0.684509 0.372876
-0.069322 0.683701 0.372826
-0.069334 0.682752 0.372765
-0.069345 0.681966 0.372712
-0.069359 0.681030 0.372648
-0.069387 0.680138 0.372585
-0.069408 0.679382 0.372535
-0.069441 0.678479 0.372473
-0.069470 0.677729 0.372423
-0.069491 0.676957 0.372373
-0.069531 0.676038 0.372310
-0.069574 0.675148 0.372249
-0.069601 0.674382 0.372198
-0.069621 0.673589 0.372148
-0.069658 0.672650 0.372086
-0.069691 0.671871 0.372035
-0.069724 0.671068 0.371986
-0.069778 0.670117 0.371925
-0.069845 0.669193 0.371860
-0.069898 0.668412 0.371807
-0.069947 0.667599 0.371752
-0.069999 0.666761 0.371697
-0.070078 0.665787 0.371629
-0.070161 0.664865 0.371565
-0.070223 0.664093 0.371514
-0.070290 0.663166 0.371455
-0.070335 0.662378 0.371405
-0.070389 0.661434 0.371347
-0.070433 0.660643 0.371299
-0.070474 0.659823 0.371249
-0.070526 0.658991 0.371195
-0.070583 0.658149 0.371140
-0.070640 0.657288 0.371084
-0.070701 0.656424 0.371025
-0.070784 0.655431 0.370955
-0.070849 0.654607 0.370900
-0.070909 0.653749 0.370844
-0.070973 0.652873 0.370787
-0.071041 0.651983 0.370729
-0.071136 0.650936 0.370656
-0.071219 0.650070 0.370595
-0.071324 0.649043 0.370521
-0.071406 0.648179 0.370461
-0.071506 0.647155 0.370389
-0.071583 0.646299 0.370330
-0.071679 0.645276 0.370258
-0.071777 0.644295 0.370189
-0.071852 0.643460 0.370131
-0.071926 0.642580 0.370070
-0.072027 0.641535 0.369994
-0.072111 0.640655 0.369932
-0.072219 0.639604 0.369856
-0.072329 0.638582 0.369780
-0.072413 0.637700 0.369716
-0.072496 0.636773 0.369652
-0.072606 0.635678 0.369574
-0.072688 0.634786 0.369513
-0.072795 0.633713 0.369437
-0.072887 0.632804 0.369372
-0.073006 0.631708 0.369292
-0.073099 0.630797 0.369227
-0.073192 0.629859 0.369161
-0.073318 0.628756 0.369082
-0.073425 0.627825 0.369015
-0.073536 0.626856 0.368946
-0.073650 0.625878 0.368874
-0.073794 0.624724 0.368788
-0.073944 0.623613 0.368702
-0.074064 0.622677 0.368633
-0.074214 0.621551 0.368547
-0.074364 0.620456 0.368463
-0.074479 0.619514 0.368396
-0.074591 0.618525 0.368327
-0.074709 0.617515 0.368256
-0.074862 0.616335 0.368171
-0.075011 0.615222 0.368090
-0.075122 0.614294 0.368026
-0.075266 0.613161 0.367943
-0.075386 0.612217 0.367875
-0.075507 0.611231 0.367805
-0.075634 0.610224 0.367736
-0.075762 0.609208 0.367667
-0.075928 0.608013 0.367584
-0.076092 0.606875 0.367503
-0.076242 0.605753 0.367428
-0.076360 0.604788 0.367367
-0.076513 0.603626 0.367290
-0.076639 0.602647 0.367225
-0.076764 0.601639 0.367161
-0.076860 0.600785 0.367109
-0.076988 0.599674 0.367041
-0.077155 0.598409 0.366963
-0.077291 0.597376 0.366901
-0.077425 0.596322 0.366841
-0.077590 0.595105 0.366770
-0.077754 0.593954 0.366705
-0.077883 0.592989 0.366653
-0.078048 0.591811 0.366588
-0.078181 0.590828 0.366536
-0.078318 0.589793 0.366482
-0.078461 0.588736 0.366427
-0.078613 0.587657 0.366369
-0.078804 0.586380 0.366299
-0.078956 0.585321 0.366246
-0.079147 0.584059 0.366182
-0.079329 0.582848 0.366122
-0.079470 0.581821 0.366075
-0.079615 0.580735 0.366027
-0.079801 0.579440 0.365967
-0.079957 0.578357 0.365918
-0.080156 0.577056 0.365857
-0.080322 0.575969 0.365807
-0.080529 0.574676 0.365746
-0.080729 0.573434 0.365690
-0.080884 0.572374 0.365646
-0.081045 0.571251 0.365601
-0.081215 0.570095 0.365552
-0.081390 0.568934 0.365503
-0.081566 0.567774 0.365455
-0.081782 0.566417 0.365398
-0.081953 0.565297 0.365353
-0.082164 0.563967 0.365298
-0.082334 0.562860 0.365254
-0.082510 0.561707 0.365209
-0.082725 0.560354 0.365155
-0.082896 0.559241 0.365113
-0.083072 0.558101 0.365071
-0.083287 0.556768 0.365021
-0.083495 0.555501 0.364973
-0.083658 0.554436 0.364937
-0.083858 0.553154 0.364892
-0.084020 0.552066 0.364857
-0.084188 0.550931 0.364820
-0.084360 0.549764 0.364783
-0.084571 0.548393 0.364740
-0.084777 0.547097 0.364699
-0.084941 0.546007 0.364666
-0.085102 0.544873 0.364634
-0.085303 0.543531 0.364597
-0.085504 0.542241 0.364561
-0.085659 0.541152 0.364535
-0.085816 0.540019 0.364509
-0.086017 0.538683 0.364478
-0.086181 0.537561 0.364453
-0.086389 0.536226 0.364421
-0.086555 0.535106 0.364397
-0.086764 0.533765 0.364368
-0.086974 0.532462 0.364340
-0.087146 0.531356 0.364319
-0.087324 0.530202 0.364298
-0.087506 0.529025 0.364277
-0.087689 0.527834 0.364256
-0.087919 0.526436 0.364232
-0.088138 0.525122 0.364211
-0.088349 0.523848 0.364190
-0.088522 0.522759 0.364175
-0.088702 0.521608 0.364161
-0.088893 0.520419 0.364145
-0.089133 0.519016 0.364125
-0.089327 0.517860 0.364110
-0.089568 0.516478 0.364093
-0.089769 0.515319 0.364081
-0.089976 0.514113 0.364070
-0.090190 0.512881 0.364061
-0.090456 0.511429 0.364049
-0.090675 0.510227 0.364043
-0.090901 0.508991 0.364038
-0.091179 0.507542 0.364033
-0.091407 0.506347 0.364030
-0.091643 0.505115 0.364029
-0.091936 0.503669 0.364028
-0.092175 0.502473 0.364028
-0.092472 0.501034 0.364029
-0.092718 0.499825 0.364032
-0.093026 0.498366 0.364034
-0.093335 0.496949 0.364037
-0.093643 0.495556 0.364042
-0.093904 0.494356 0.364050
-0.094238 0.492888 0.364056
-0.094564 0.491466 0.364063
-0.094838 0.490242 0.364072
-0.095180 0.488756 0.364081
-0.095459 0.487523 0.364091
-0.095803 0.486036 0.364105
-0.096092 0.484789 0.364117
-0.096454 0.483293 0.364131
-0.096755 0.482051 0.364146
-0.097066 0.480766 0.364163
-0.097449 0.479245 0.364183
-0.097767 0.477984 0.364203
-0.098166 0.476465 0.364227
-0.098497 0.475205 0.364250
-0.098912 0.473688 0.364276
-0.099322 0.472227 0.364302
-0.099734 0.470804 0.364328
-0.100153 0.469395 0.364355
-0.100511 0.468187 0.364381
-0.100958 0.466733 0.364411
-0.101340 0.465510 0.364439
-0.101753 0.464230 0.364471
-0.102267 0.462712 0.364507
-0.102783 0.461250 0.364544
-0.103230 0.460012 0.364577
-0.103714 0.458713 0.364612
-0.104225 0.457384 0.364648
-0.104853 0.455809 0.364689
-0.105386 0.454511 0.364723
-0.106057 0.452948 0.364763
-0.106731 0.451431 0.364802
-0.107313 0.450150 0.364839
-0.107934 0.448819 0.364876
-0.108684 0.447263 0.364920
-0.109321 0.445980 0.364960
-0.111073 0.442602 0.365054
-0.112932 0.438516 0.365541
-0.113469 0.437734 0.365642
-0.113936 0.437421 0.365688
-0.114307 0.437285 0.365712
-0.114712 0.437002 0.366111
-0.115759 0.436575 0.367063
-0.116149 0.436315 0.367497
-0.117097 0.436039 0.368534
-0.117319 0.436118 0.368590
-0.117593 0.436089 0.368602
-0.117945 0.436029 0.368616
-0.118275 0.435959 0.368631
-0.118662 0.435675 0.369047
-0.119614 0.435247 0.369989
-0.120001 0.434981 0.370457
-0.120915 0.434728 0.371562
-0.121114 0.434813 0.371622
-0.121181 0.434800 0.371628
-0.122369 0.434159 0.373026
-0.122607 0.434237 0.373157
-0.122688 0.434204 0.373117
-0.123122 0.434120 0.373120
-0.123217 0.434076 0.373082
-0.123657 0.433957 0.373088
-0.123764 0.433909 0.373054
-0.124299 0.433792 0.373079
-0.124612 0.433749 0.373111
-0.124943 0.433693 0.373138
-0.125251 0.433099 0.372757
-0.126018 0.432312 0.371992
-0.126316 0.431758 0.371576
-0.127053 0.431335 0.370695
-0.127300 0.431616 0.370683
-0.127583 0.431655 0.370710
-0.127906 0.431631 0.370739
-0.128274 0.431589 0.370768
-0.128425 0.431550 0.370781
-0.129519 0.430793 0.372026
-0.129736 0.430761 0.372216
-0.130828 0.430123 0.373698
-0.130904 0.430135 0.373779
-0.131958 0.429583 0.375363
-0.132010 0.429609 0.375417
-0.132980 0.429018 0.376902
-0.133093 0.429067 0.377033
-0.133996 0.428485 0.378531
-0.134145 0.428686 0.378734
-0.134341 0.428748 0.378764
-0.134382 0.428637 0.378764
-0.134675 0.428290 0.378792
-0.134765 0.428011 0.378795
-0.135017 0.427692 0.378825
-0.135121 0.427390 0.378830
-0.135428 0.427008 0.378867
-0.135482 0.426853 0.378870
-0.135812 0.426378 0.378907
-0.135867 0.426216 0.378910
-0.136198 0.425724 0.378947
-0.136493 0.425070 0.378579
-0.136778 0.424443 0.378275
-0.137322 0.423736 0.377816
-0.137599 0.423132 0.377424
-0.137867 0.422554 0.377104
-0.138324 0.422005 0.376652
-0.138596 0.421409 0.376246
-0.138855 0.420844 0.375918
-0.139294 0.420357 0.375455
-0.139781 0.419338 0.374720
-0.139923 0.419035 0.374509
-0.140221 0.418830 0.374223
-0.140462 0.418245 0.373829
-0.140828 0.417386 0.373303
-0.141124 0.417284 0.373010
-0.141155 0.417206 0.372999
-0.141400 0.417007 0.373013
-0.141471 0.416759 0.373017
-0.141698 0.416491 0.373046
-0.141817 0.416101 0.373054
-0.142048 0.415848 0.373083
-0.142143 0.415556 0.373087
-0.142437 0.415200 0.373117
-0.142486 0.415045 0.373119
-0.142831 0.414551 0.373149
-0.142876 0.414396 0.373150
-0.143117 0.413627 0.372773
-0.143722 0.412503 0.372077
-0.143781 0.412371 0.372027
-0.144017 0.411641 0.371616
-0.144629 0.410729 0.370819
-0.144695 0.410593 0.370764
-0.144920 0.410530 0.370759
-0.144959 0.410410 0.370759
-0.145261 0.410043 0.370788
-0.145300 0.409898 0.370789
-0.145608 0.409443 0.370818
-0.145647 0.409290 0.370819
-0.145957 0.408810 0.370846
-0.145997 0.408655 0.370847
-0.146279 0.408203 0.370871
-0.146359 0.407897 0.370873
-0.146625 0.407530 0.370898
-0.146670 0.407373 0.370899
-0.146992 0.406880 0.370926
-0.147033 0.406724 0.370926
-0.147313 0.406270 0.370950
-0.147357 0.406107 0.370951
-0.147646 0.405635 0.370976
-0.147691 0.405471 0.370977
-0.148011 0.404957 0.371004
-0.148051 0.404800 0.371004
-0.148326 0.404342 0.371028
-0.148370 0.404178 0.371029
-0.148652 0.403706 0.371054
-0.148696 0.403541 0.371055
-0.149008 0.403028 0.371082
-0.149048 0.402871 0.371083
-0.149191 0.402602 0.371097
-0.149346 0.402352 0.371033
-0.149410 0.402315 0.371036
-0.149577 0.402250 0.370972
-0.149650 0.402230 0.370973
-0.149875 0.402211 0.370896
-0.149948 0.402198 0.370898
-0.150172 0.402201 0.370823
-0.150313 0.402185 0.370827
-0.150470 0.402199 0.370756
-0.150610 0.402185 0.370757
-0.150817 0.402214 0.370671
-0.150883 0.402239 0.370577
-0.150894 0.402251 0.370488
-0.151185 0.401901 0.371009
-0.151692 0.401547 0.372120
-0.151604 0.401708 0.372075
-0.151551 0.401760 0.371983
-0.151521 0.401777 0.371901
-0.150842 0.402528 0.370617
-0.150713 0.402456 0.370025
-0.150751 0.402358 0.369918
-0.150757 0.402330 0.369832
-0.150466 0.402679 0.369304
-0.149915 0.403096 0.368112
-0.149611 0.403421 0.367542
-0.149088 0.403663 0.366232
-0.148790 0.403970 0.365687
-0.148296 0.404125 0.364388
-0.148398 0.403911 0.364251
-0.148432 0.403855 0.364168
-0.148438 0.403841 0.364081
-0.148433 0.403843 0.363989
-0.148421 0.403848 0.363903
-0.148408 0.403857 0.363811
-0.148393 0.403863 0.363724
-0.148378 0.403871 0.363634
-0.148541 0.403235 0.363227
-0.148856 0.402551 0.362280
-0.149012 0.401971 0.361850
-0.149312 0.401619 0.360836
-0.149296 0.401961 0.360705
-0.149281 0.402107 0.360607
-0.149267 0.402151 0.360518
-0.149255 0.402174 0.360423
-0.149242 0.402186 0.360334
-0.149229 0.402196 0.360243
-0.149217 0.402207 0.360147
-0.149204 0.402215 0.360058
-0.149192 0.402218 0.359989
-0.149414 0.402213 0.359972
-0.149680 0.402213 0.359981
-0.150006 0.402225 0.359991
-0.150303 0.402232 0.360003
-0.150643 0.402250 0.360013
-0.150971 0.402267 0.360024
-0.151295 0.402284 0.360034
-0.151592 0.402296 0.360045
-0.151931 0.402319 0.360055
-0.152259 0.402342 0.360064
-0.152556 0.402358 0.360075
-0.152896 0.402386 0.360083
-0.153224 0.402413 0.360091
-0.153521 0.402433 0.360100
-0.153861 0.402465 0.360108
-0.154162 0.402489 0.360116
-0.154475 0.402516 0.360123
-0.154821 0.402556 0.360129
-0.155124 0.402584 0.360136
-0.155439 0.402616 0.360142
-0.155757 0.402652 0.360148
-0.156107 0.402698 0.360152
-0.156411 0.402732 0.360157
-0.156726 0.402770 0.360162
-0.157045 0.402811 0.360167
-0.157366 0.402854 0.360170
-0.157717 0.402909 0.360172
-0.158050 0.402960 0.360174
-0.158376 0.403009 0.360176
-0.158700 0.403059 0.360178
-0.158998 0.403101 0.360181
-0.159339 0.403159 0.360182
-0.159669 0.403215 0.360182
-0.159855 0.403228 0.360188
-0.160160 0.403123 0.360221
-0.160307 0.403126 0.360249
-0.160635 0.403033 0.360304
-0.160784 0.403045 0.360334
-0.161149 0.402977 0.360401
-0.161428 0.403072 0.360437
-0.161689 0.403137 0.360445
-0.161780 0.403082 0.360447
-0.162186 0.403045 0.360509
-0.162282 0.402992 0.360517
-0.162746 0.403013 0.360602
-0.162923 0.403054 0.360619
-0.163185 0.402951 0.360644
-0.163412 0.402969 0.360687
-0.163734 0.402877 0.360738
-0.164057 0.402998 0.360786
-0.164337 0.403082 0.360796
-0.164670 0.403170 0.360801
-0.164972 0.403237 0.360808
-0.165290 0.403309 0.360814
-0.165614 0.403384 0.360820
-0.165971 0.403475 0.360824
-0.166282 0.403547 0.360830
-0.166482 0.403577 0.360838
-0.166456 0.403810 0.360784
-0.166630 0.403833 0.360764
-0.166597 0.404019 0.360712
-0.166817 0.404058 0.360670
-0.166781 0.404235 0.360612
-0.166999 0.404266 0.360567
-0.166975 0.404444 0.360505
-0.167169 0.404482 0.360464
-0.167192 0.404677 0.360391
-0.167498 0.404758 0.360330
-0.167545 0.404972 0.360253
-0.167873 0.405075 0.360186
-0.167907 0.405249 0.360131
-0.168317 0.405431 0.360028
-0.168338 0.405530 0.359999
-0.168730 0.405781 0.359871
-0.168755 0.405881 0.359837
-0.169250 0.406178 0.359675
-0.169277 0.406277 0.359640
-0.169458 0.405684 0.359203
-0.170596 0.405371 0.358190
-0.170886 0.404826 0.357747
-0.172636 0.405160 0.356667
-0.174001 0.406256 0.356445
-0.175030 0.406897 0.356310
-0.175213 0.406984 0.356291
-0.176560 0.405963 0.355009
-0.177037 0.406264 0.354869
-0.178303 0.405406 0.353612
-0.178878 0.405756 0.353399
-0.180278 0.405044 0.352078
-0.180918 0.405455 0.351847
-0.182397 0.404811 0.350497
-0.183076 0.405245 0.350254
-0.184893 0.404814 0.348743
-0.185230 0.405042 0.348636
-0.187359 0.404802 0.347006
-0.188999 0.406002 0.346624
-0.190483 0.406858 0.346353
-0.191645 0.407397 0.346151
-0.192621 0.407795 0.345988
-0.193400 0.408082 0.345865
-0.193568 0.407410 0.345441
-0.194609 0.406810 0.344489
-0.195075 0.405766 0.343633
-0.196068 0.405904 0.342975
-0.196603 0.404943 0.342099
-0.197951 0.405367 0.341328
-0.198204 0.404816 0.340861
-0.200091 0.405000 0.339627
-0.201497 0.405869 0.339322
-0.202481 0.406304 0.339140
-0.203125 0.406526 0.339034
-0.203469 0.405333 0.338241
-0.204319 0.405202 0.337630
-0.204734 0.404119 0.336769
-0.205726 0.404195 0.336099
-0.206414 0.403087 0.334954
-0.207245 0.403529 0.334523
-0.208296 0.402776 0.333156
-0.210142 0.404465 0.332550
-0.211634 0.405643 0.332236
-0.212851 0.406396 0.331994
-0.213895 0.406932 0.331791
-0.214839 0.407356 0.331612
-0.215535 0.407626 0.331490
-0.215621 0.406940 0.331068
-0.216594 0.406363 0.330093
-0.216733 0.405761 0.329628
-0.217974 0.405624 0.328548
-0.218151 0.405092 0.328073
-0.219820 0.405459 0.326865
-0.220002 0.404960 0.326401
-0.221947 0.405633 0.325134
-0.223597 0.407010 0.324777
-0.224778 0.407755 0.324551
-0.225950 0.408354 0.324327
-0.226963 0.408793 0.324136
-0.227800 0.409104 0.323985
-0.228642 0.409391 0.323834
-0.228675 0.408686 0.323420
-0.229705 0.408132 0.322410
-0.229779 0.407514 0.321971
-0.231072 0.407408 0.320890
-0.231174 0.406844 0.320447
-0.232415 0.406754 0.319415
-0.232545 0.406216 0.318957
-0.234171 0.406514 0.317811
-0.234299 0.405998 0.317367
-0.235692 0.406080 0.316325
-0.235828 0.405566 0.315872
-0.237787 0.406201 0.314677
-0.239333 0.407418 0.314403
-0.240787 0.408309 0.314163
-0.241966 0.408876 0.313970
-0.242894 0.409229 0.313823
-0.243798 0.409522 0.313678
-0.244777 0.409823 0.313516
-0.245691 0.410090 0.313366
-0.246576 0.410336 0.313222
-0.247273 0.410507 0.313117
-0.247241 0.409781 0.312724
-0.248028 0.408987 0.311845
-0.248044 0.408335 0.311422
-0.249095 0.407942 0.310485
-0.249150 0.407357 0.310060
-0.250841 0.407629 0.309008
-0.252314 0.408686 0.308803
-0.253738 0.409473 0.308613
-0.254363 0.409714 0.308541
-0.254564 0.408249 0.307612
-0.255449 0.408467 0.307259
-0.255574 0.407360 0.306523
-0.256784 0.407633 0.305947
-0.256822 0.407051 0.305554
-0.258060 0.406832 0.304700
-0.258247 0.405849 0.303968
-0.259398 0.406164 0.303461
-0.259628 0.405220 0.302740
-0.261147 0.405822 0.302203
-0.261213 0.405291 0.301831
-0.262644 0.405244 0.301048
-0.262857 0.404307 0.300362
-0.264114 0.404679 0.299920
-0.264559 0.403669 0.299066
-0.265895 0.404373 0.298807
-0.266320 0.403348 0.298000
-0.267638 0.404000 0.297768
-0.267838 0.403048 0.297153
-0.269405 0.403560 0.296772
-0.269442 0.403015 0.296449
-0.271419 0.403297 0.295823
-0.273364 0.404507 0.295824
-0.273655 0.404635 0.295825
-0.274340 0.403270 0.294972
-0.274945 0.403509 0.294936
-0.275647 0.402315 0.294114
-0.277523 0.403422 0.294121
-0.278948 0.404099 0.294147
-0.280335 0.404617 0.294146
-0.281510 0.404968 0.294133
-0.282475 0.405188 0.294113
-0.283433 0.405369 0.294084
-0.284377 0.405530 0.294052
-0.284947 0.405596 0.294037
-0.284835 0.403938 0.293354
-0.285449 0.403841 0.293220
-0.285491 0.402365 0.292565
-0.286285 0.402460 0.292471
-0.286658 0.401136 0.291816
-0.287614 0.401516 0.291828
-0.288080 0.400286 0.291236
-0.289088 0.400689 0.291271
-0.289373 0.399462 0.290752
-0.290387 0.399706 0.290746
-0.290932 0.398512 0.290234
-0.292901 0.399507 0.290434
-0.294673 0.400342 0.290624
-0.296154 0.400886 0.290745
-0.297557 0.401311 0.290835
-0.298741 0.401597 0.290896
-0.299810 0.401800 0.290938
-0.300729 0.401927 0.290965
-0.301661 0.402033 0.290987
-0.302679 0.402157 0.291010
-0.303644 0.402270 0.291033
-0.304589 0.402373 0.291056
-0.305445 0.402447 0.291076
-0.306244 0.402498 0.291092
-0.307293 0.402596 0.291112
-0.308263 0.402700 0.291138
-0.309130 0.402774 0.291161
-0.310113 0.402867 0.291186
-0.310981 0.402937 0.291210
-0.311881 0.403005 0.291234
-0.312793 0.403075 0.291259
-0.313710 0.403147 0.291285
-0.314716 0.403243 0.291316
-0.315676 0.403336 0.291349
-0.316539 0.403400 0.291378
-0.317437 0.403461 0.291406
-0.318347 0.403524 0.291435
-0.319349 0.403613 0.291470
-0.320224 0.403677 0.291503
-0.321128 0.403738 0.291535
-0.322127 0.403823 0.291572
-0.323000 0.403884 0.291607
-0.323987 0.403964 0.291646
-0.324856 0.404021 0.291681
-0.325757 0.404075 0.291717
-0.326753 0.404153 0.291757
-0.327706 0.404230 0.291800
-0.328566 0.404280 0.291838
-0.329365 0.404308 0.291870
-0.330414 0.404378 0.291913
-0.331385 0.404456 0.291960
-0.331534 0.404309 0.292205
-0.332541 0.404109 0.292713
-0.332689 0.403965 0.292958
-0.333596 0.403757 0.293432
-0.333754 0.403612 0.293678
-0.334682 0.403410 0.294141
-0.334841 0.403264 0.294385
-0.335929 0.403127 0.294839
-0.336819 0.403233 0.294825
-0.337648 0.403275 0.294841
-0.338602 0.403327 0.294876
-0.339450 0.403360 0.294915
-0.340332 0.403390 0.294956
-0.342049 0.403813 0.295114
-0.342143 0.403353 0.295111
-0.342209 0.402800 0.295101
-0.342238 0.402209 0.295086
-0.342254 0.401645 0.295071
-0.342379 0.401228 0.295876
-0.342634 0.399907 0.297358
-0.342849 0.399103 0.298873
-0.342893 0.398117 0.299633
-0.342988 0.397706 0.300435
-0.343098 0.396348 0.301806
-0.343185 0.395951 0.302610
-0.343281 0.394625 0.303984
-0.343365 0.394236 0.304792
-0.343498 0.392997 0.306179
-0.343585 0.392599 0.307011
-0.343718 0.391355 0.308423
-0.343883 0.390629 0.309940
-0.343925 0.389787 0.310673
-0.344091 0.389062 0.312197
-0.344116 0.388152 0.312932
-0.344193 0.387790 0.313755
-0.344340 0.386630 0.315176
-0.344418 0.386271 0.316026
-0.344569 0.385131 0.317481
-0.344644 0.384784 0.318335
-0.344752 0.383590 0.319779
-0.344695 0.383023 0.319596
-0.344654 0.382361 0.319476
-0.344633 0.381737 0.319428
-0.344630 0.381139 0.319402
-0.344713 0.380798 0.320254
-0.344915 0.379660 0.321850
-0.345074 0.379036 0.323467
-0.345166 0.378286 0.324309
-0.345356 0.377513 0.326320
-0.345401 0.376938 0.326717
-0.345588 0.376212 0.328678
-0.345646 0.375659 0.329066
-0.345796 0.375107 0.330623
-0.345911 0.374432 0.331414
-0.346058 0.373891 0.333007
-0.346174 0.373238 0.333802
-0.346352 0.372592 0.335807
-0.346428 0.372097 0.336187
-0.346603 0.371492 0.338154
-0.346691 0.371014 0.338534
-0.346827 0.370549 0.340098
-0.346961 0.369965 0.340885
-0.347129 0.369408 0.342900
-0.347241 0.368920 0.343237
-0.347335 0.368398 0.343041
-0.347401 0.367834 0.342968
-0.347435 0.367165 0.342942
-0.347438 0.366490 0.342942
-0.347438 0.365852 0.342946
-0.347420 0.365139 0.342952
-0.347406 0.364488 0.342957
-0.347379 0.363767 0.342963
-0.347347 0.363068 0.342969
-0.347330 0.362419 0.342972
-0.347317 0.361746 0.342973
-0.347300 0.361066 0.342974
-0.347266 0.360335 0.342977
-0.347243 0.359677 0.342979
-0.347211 0.358953 0.342981
-0.347176 0.358252 0.342984
-0.347144 0.357559 0.342987
-0.347129 0.356912 0.342987
-0.347102 0.356195 0.342987
-0.347071 0.355497 0.342989
-0.347054 0.354850 0.342989
-0.347027 0.354132 0.342989
-0.347008 0.353479 0.342990
-0.346978 0.352758 0.342990
-0.346957 0.352105 0.342991
-0.346793 0.351169 0.343013
-0.346726 0.351106 0.343025
-0.346690 0.351077 0.343032
-0.346666 0.351059 0.343037
-0.346655 0.351050 0.343039
-0.346647 0.351044 0.343041
-0.346644 0.351041 0.343042
-0.346641 0.351039 0.343042
-0.346640 0.351038 0.343042
-0.346639 0.351037 0.343043
-0.346639 0.351037 0.343043
-0.346638 0.351037 0.343043
-0.346638 0.351037 0.343043
-0.346638 0.351037 0.343043
-0.346638 0.351036 0.343043
-0.346638 0.351036 0.343043
-0.346638 0.351036 0.343043
-0.346638 0.351036 0.343043
-0.346638 0.351036 0.343043
-0.346638 0.351036 0.343043
-0.346638 0.351036 0.343043
-0.346638 0.351036 0.343043
-0.346638 0.351036 0.343043
-0.346638 0.351036 0.343043
-0.346638 0.351036 0.343043
-0.346638 0.351036 0.343043
-0.346638 0.351036 0.343043
-0.346638 0.351036 0.343043
-0.346638 0.351036 0.343043
-0.346638 0.351036 0.343043
-0.346638 0.351036 0.343043
-0.346638 0.351036 0.343043
-0.346638 0.351036 0.343043
-0.346638 0.351036 0.343043
-0.346638 0.351036 0.343043
-0.346638 0.351036 0.343043
-0.346638 0.351036 0.343043
-0.346638 0.351036 0.343043
-0.346638 0.351036 0.343043
-0.346638 0.351036 0.343043
-0.346638 0.351036 0.343043
-0.346638 0.351036 0.343043
-0.346638 0.351036 0.343043
-0.346638 0.351036 0.343043
-0.346638 0.351036 0.343043
-0.346638 0.351036 0.343043
-0.346638 0.351036 0.343043
-0.346638 0.351036 0.343043
-0.346638 0.351036 0.343043
-0.346638 0.351036 0.343043
-0.346638 0.351036 0.343043
-0.346638 0.351036 0.343043
