-0.800018 1.000022 0.249907 1.000000 -0.000002 -0.000000 0.000043
-0.800020 1.000021 0.249919 1.000000 0.000002 -0.000003 0.000044
-0.800020 1.000021 0.249908 1.000000 0.000002 -0.000002 0.000046
-0.800019 1.000022 0.249913 1.000000 0.000001 -0.000001 0.000046
-0.800020 1.000021 0.249908 1.000000 0.000002 -0.000002 0.000048
-0.800021 1.000022 0.249944 1.000000 0.000000 -0.000003 0.000050
-0.800018 1.000023 0.249950 1.000000 0.000000 0.000002 0.000051
-0.800022 1.000025 0.249794 1.000000 -0.000005 -0.000005 0.000054
-0.800019 1.000024 0.249820 1.000000 -0.000001 0.000001 0.000057
-0.800019 1.000023 0.249844 1.000000 0.000001 0.000003 0.000059
-0.800021 1.000024 0.249841 1.000000 -0.000003 -0.000002 0.000059
-0.800021 1.000022 0.249780 1.000000 0.000004 -0.000001 0.000062
-0.800022 1.000021 0.249773 1.000000 0.000004 -0.000004 0.000062
-0.800021 1.000021 0.249824 1.000000 0.000005 -0.000001 0.000065
-0.800020 1.000026 0.249825 1.000000 -0.000004 0.000000 0.000065
-0.800020 1.000020 0.249779 1.000000 0.000008 0.000001 0.000068
-0.800021 1.000027 0.249755 1.000000 -0.000005 -0.000000 0.000070
-0.800023 1.000024 0.249801 1.000000 0.000001 -0.000004 0.000071
-0.800021 1.000025 0.249885 1.000000 -0.000002 0.000002 0.000074
-0.800024 1.000021 0.249853 1.000000 0.000007 -0.000002 0.000077
-0.800024 1.000023 0.249836 1.000000 0.000003 -0.000003 0.000078
-0.800021 1.000025 0.249849 1.000000 -0.000000 0.000004 0.000079
-0.800024 1.000028 0.249826 1.000000 -0.000005 -0.000001 0.000082
-0.800024 1.000023 0.249820 1.000000 0.000005 -0.000002 0.000083
-0.800024 1.000026 0.249845 1.000000 -0.000002 -0.000001 0.000085
-0.800023 1.000027 0.249857 1.000000 -0.000003 0.000002 0.000086
-0.800026 1.000026 0.249902 1.000000 -0.000001 -0.000003 0.000089
-0.800025 1.000026 0.249893 1.000000 -0.000000 -0.000003 0.000089
-0.800025 1.000026 0.249912 1.000000 -0.000001 -0.000001 0.000091
-0.800027 1.000026 0.249893 1.000000 -0.000000 -0.000005 0.000092
-0.800024 1.000026 0.249877 1.000000 -0.000001 0.000001 0.000092
-0.800026 1.000025 0.249910 1.000000 0.000001 -0.000002 0.000094
-0.800026 1.000027 0.249925 1.000000 -0.000001 -0.000002 0.000094
-0.800026 1.000025 0.249924 1.000000 0.000003 -0.000003 0.000097
-0.800025 1.000028 0.249866 1.000000 -0.000002 -0.000001 0.000101
-0.800027 1.000026 0.249904 1.000000 0.000002 -0.000002 0.000103
-0.800026 1.000027 0.249931 1.000000 0.000000 0.000000 0.000105
-0.800025 1.000028 0.249931 1.000000 -0.000001 0.000001 0.000107
-0.800028 1.000025 0.249861 1.000000 0.000005 -0.000003 0.000108
-0.800025 1.000030 0.249779 1.000000 -0.000005 0.000003 0.000109
-0.800028 1.000029 0.249811 1.000000 -0.000002 -0.000003 0.000110
-0.800024 1.000028 0.249826 1.000000 -0.000000 0.000005 0.000112
-0.800027 1.000028 0.249836 1.000000 0.000001 -0.000000 0.000114
-0.800025 1.000027 0.249893 1.000000 0.000002 0.000003 0.000116
-0.800029 1.000026 0.249829 1.000000 0.000005 -0.000003 0.000118
-0.800028 1.000028 0.249807 1.000000 0.000002 -0.000000 0.000119
-0.800029 1.000030 0.249858 1.000000 -0.000001 0.000001 0.000120
-0.800028 1.000029 0.249919 1.000000 0.000001 0.000001 0.000123
-0.800030 1.000030 0.249911 1.000000 -0.000001 -0.000001 0.000124
-0.800029 1.000030 0.249926 1.000000 -0.000000 0.000000 0.000125
-0.800031 1.000030 0.249925 1.000000 0.000001 -0.000002 0.000127
-0.800030 1.000031 0.249940 1.000000 -0.000002 -0.000001 0.000128
-0.800031 1.000031 0.249935 1.000000 -0.000002 -0.000001 0.000128
-0.800032 1.000031 0.249927 1.000000 -0.000000 -0.000003 0.000131
-0.800030 1.000032 0.249919 1.000000 -0.000003 0.000000 0.000131
-0.800032 1.000029 0.249910 1.000000 0.000003 -0.000003 0.000134
-0.800033 1.000031 0.249887 1.000000 -0.000001 -0.000005 0.000134
-0.800032 1.000032 0.249855 1.000000 -0.000002 -0.000001 0.000135
-0.800033 1.000031 0.249859 1.000000 0.000000 -0.000004 0.000135
-0.800028 1.000032 0.249794 1.000000 -0.000001 0.000006 0.000138
-0.800032 1.000032 0.249808 1.000000 -0.000002 -0.000002 0.000138
-0.800029 1.000033 0.249827 1.000000 -0.000002 0.000005 0.000140
-0.800035 1.000031 0.249836 1.000000 0.000001 -0.000007 0.000141
-0.800034 1.000034 0.249787 1.000000 -0.000004 -0.000005 0.000143
-0.800029 1.000033 0.249767 1.000000 -0.000002 0.000006 0.000145
-0.800031 1.000033 0.249752 1.000000 -0.000001 0.000003 0.000146
-0.800034 1.000032 0.249797 1.000000 0.000001 -0.000002 0.000147
-0.800032 1.000032 0.249786 1.000000 0.000001 0.000002 0.000150
-0.800036 1.000036 0.249780 1.000000 -0.000007 -0.000006 0.000150
-0.800032 1.000032 0.249768 1.000000 0.000002 0.000002 0.000151
-0.800032 1.000032 0.249768 1.000000 0.000001 0.000003 0.000152
-0.800034 1.000034 0.249777 1.000000 -0.000002 -0.000001 0.000153
-0.800034 1.000032 0.249779 1.000000 0.000002 -0.000001 0.000153
-0.800030 1.000035 0.249769 1.000000 -0.000004 0.000006 0.000155
-0.800035 1.000038 0.249764 1.000000 -0.000010 -0.000003 0.000155
-0.800030 1.000039 0.249763 1.000000 -0.000011 0.000006 0.000155
-0.800032 1.000035 0.249796 1.000000 -0.000003 0.000004 0.000156
-0.800035 1.000033 0.249884 1.000000 0.000001 -0.000002 0.000157
-0.800033 1.000037 0.249873 1.000000 -0.000007 0.000001 0.000159
-0.800035 1.000031 0.249846 1.000000 0.000006 -0.000002 0.000159
-0.800037 1.000033 0.249824 1.000000 0.000002 -0.000005 0.000160
-0.800035 1.000034 0.249852 1.000000 0.000000 -0.000001 0.000161
-0.800036 1.000034 0.249889 1.000000 0.000001 -0.000001 0.000162
-0.800034 1.000036 0.249911 1.000000 -0.000003 0.000002 0.000163
-0.800035 1.000037 0.249870 1.000000 -0.000005 0.000002 0.000164
-0.800037 1.000036 0.249888 1.000000 -0.000001 -0.000001 0.000165
-0.480044 0.690039 0.249945 1.000000 0.000001 -0.000004 0.000259
-0.480043 0.690042 0.249940 1.000000 -0.000004 -0.000000 0.000260
-0.480042 0.690043 0.249836 1.000000 -0.000006 0.000001 0.000263
-0.480041 0.690040 0.249822 1.000000 -0.000000 0.000003 0.000264
-0.480045 0.690039 0.249808 1.000000 0.000003 -0.000005 0.000264
-0.480043 0.690043 0.249795 1.000000 -0.000006 -0.000001 0.000268
-0.480041 0.690040 0.249798 1.000000 0.000001 0.000002 0.000268
-0.480043 0.690038 0.249812 1.000000 0.000004 -0.000000 0.000269
-0.480044 0.690039 0.249879 1.000000 0.000003 -0.000003 0.000274
-0.480043 0.690042 0.249921 1.000000 -0.000003 -0.000001 0.000277
-0.480044 0.690040 0.249920 1.000000 0.000001 -0.000002 0.000280
-0.480042 0.690041 0.249877 1.000000 0.000000 0.000002 0.000282
-0.480044 0.690040 0.249905 1.000000 0.000003 -0.000002 0.000288
-0.480043 0.690041 0.249960 1.000000 -0.000001 -0.000001 0.000290
-0.480044 0.690040 0.249952 1.000000 0.000002 -0.000002 0.000291
-0.480043 0.690041 0.249900 1.000000 -0.000000 -0.000001 0.000294
-0.480043 0.690040 0.249904 1.000000 0.000002 -0.000001 0.000297
-0.480044 0.690041 0.249939 1.000000 0.000000 -0.000002 0.000298
-0.480043 0.690040 0.249916 1.000000 0.000002 0.000000 0.000299
-0.480044 0.690041 0.249896 1.000000 0.000001 -0.000003 0.000302
-0.480044 0.690041 0.249892 1.000000 0.000001 -0.000002 0.000305
-0.480044 0.690041 0.249877 1.000000 0.000001 -0.000001 0.000306
-0.480042 0.690042 0.249885 1.000000 -0.000001 0.000002 0.000309
-0.480044 0.690041 0.249827 1.000000 0.000002 -0.000002 0.000313
-0.480046 0.690042 0.249862 1.000000 0.000001 -0.000006 0.000317
-0.480044 0.690044 0.249785 1.000000 -0.000003 -0.000001 0.000321
-0.480045 0.690040 0.249812 1.000000 0.000004 -0.000003 0.000324
-0.480044 0.690047 0.249795 1.000000 -0.000009 0.000000 0.000327
-0.480046 0.690042 0.249892 1.000000 -0.000000 -0.000003 0.000331
-0.480045 0.690041 0.249910 1.000000 0.000003 -0.000001 0.000335
-0.480046 0.690043 0.249900 1.000000 -0.000000 -0.000002 0.000341
-0.480044 0.690040 0.249870 1.000000 0.000005 0.000001 0.000345
-0.480047 0.690040 0.249775 1.000000 0.000005 -0.000005 0.000348
-0.480047 0.690038 0.249819 1.000000 0.000009 -0.000004 0.000350
-0.480051 0.690044 0.249779 1.000000 -0.000002 -0.000012 0.000352
-0.480044 0.690043 0.249839 1.000000 -0.000000 0.000002 0.000356
-0.480046 0.690043 0.249915 1.000000 0.000000 -0.000000 0.000360
-0.480047 0.690042 0.249911 1.000000 0.000003 -0.000002 0.000363
-0.480046 0.690043 0.249863 1.000000 -0.000000 -0.000001 0.000367
-0.480047 0.690045 0.249864 1.000000 -0.000003 -0.000003 0.000373
-0.480045 0.690043 0.249936 1.000000 0.000001 0.000002 0.000375
-0.480046 0.690045 0.249943 1.000000 -0.000002 -0.000000 0.000377
-0.480045 0.690045 0.249876 1.000000 -0.000002 0.000002 0.000380
-0.480047 0.690045 0.249843 1.000000 -0.000002 -0.000001 0.000382
-0.480049 0.690046 0.249890 1.000000 -0.000003 -0.000004 0.000385
-0.480047 0.690045 0.249834 1.000000 -0.000001 -0.000001 0.000387
-0.480048 0.690043 0.249864 1.000000 0.000003 -0.000002 0.000391
-0.480049 0.690042 0.249774 1.000000 0.000006 -0.000004 0.000394
-0.480046 0.690045 0.249813 1.000000 -0.000001 0.000002 0.000398
-0.480048 0.690044 0.249956 1.000000 0.000001 -0.000002 0.000401
-0.480048 0.690044 0.249927 1.000000 0.000001 -0.000001 0.000404
-0.480049 0.690043 0.249853 1.000000 0.000003 -0.000004 0.000408
-0.480048 0.690045 0.249844 1.000000 -0.000000 -0.000002 0.000412
-0.480047 0.690045 0.249904 1.000000 -0.000000 0.000001 0.000415
-0.480048 0.690045 0.249934 1.000000 0.000000 -0.000001 0.000418
-0.480047 0.690044 0.249855 1.000000 0.000003 -0.000000 0.000423
-0.480047 0.690045 0.249905 1.000000 -0.000000 0.000000 0.000426
-0.480051 0.690048 0.249834 1.000000 -0.000004 -0.000008 0.000429
-0.480045 0.690045 0.249803 1.000000 0.000000 0.000005 0.000432
-0.480048 0.690046 0.249818 1.000000 -0.000000 -0.000000 0.000436
-0.480048 0.690047 0.249900 1.000000 -0.000003 -0.000001 0.000440
-0.480047 0.690044 0.249875 1.000000 0.000003 0.000002 0.000444
-0.480048 0.690045 0.249896 1.000000 0.000003 -0.000001 0.000447
-0.480048 0.690046 0.249894 1.000000 0.000000 -0.000001 0.000451
-0.480047 0.690046 0.249828 1.000000 -0.000000 0.000002 0.000455
-0.480050 0.690045 0.249850 1.000000 0.000001 -0.000003 0.000458
-0.480048 0.690046 0.249936 1.000000 0.000000 0.000000 0.000462
-0.480048 0.690047 0.249918 1.000000 -0.000002 -0.000000 0.000464
-0.480048 0.690047 0.249873 1.000000 -0.000002 0.000001 0.000466
-0.480047 0.690047 0.249915 1.000000 -0.000001 0.000003 0.000467
-0.480048 0.690047 0.249891 1.000000 -0.000000 0.000002 0.000470
-0.480049 0.690047 0.249938 1.000000 0.000000 -0.000001 0.000472
-0.480049 0.690049 0.249826 1.000000 -0.000005 -0.000000 0.000474
-0.480047 0.690047 0.249777 1.000000 0.000001 0.000003 0.000476
-0.480050 0.690047 0.249799 1.000000 0.000000 -0.000002 0.000482
-0.480050 0.690048 0.249795 1.000000 -0.000003 -0.000002 0.000484
-0.480048 0.690047 0.249916 1.000000 0.000000 0.000002 0.000488
-0.480050 0.690046 0.249906 1.000000 0.000002 -0.000002 0.000490
-0.480049 0.690046 0.249912 1.000000 0.000002 0.000000 0.000494
-0.480048 0.690044 0.249811 1.000000 0.000007 0.000002 0.000497
-0.480048 0.690045 0.249798 1.000000 0.000005 0.000002 0.000501
-0.480051 0.690047 0.249849 1.000000 0.000002 -0.000005 0.000505
-0.480049 0.690048 0.249881 1.000000 0.000001 0.000001 0.000507
-0.480050 0.690047 0.249906 1.000000 0.000001 -0.000001 0.000509
-0.480049 0.690048 0.249896 1.000000 -0.000000 0.000001 0.000512
-0.480050 0.690049 0.249915 1.000000 -0.000001 -0.000001 0.000515
-0.480050 0.690047 0.249865 1.000000 0.000003 -0.000002 0.000516
-0.480048 0.690049 0.249914 1.000000 -0.000001 0.000003 0.000518
-0.480050 0.690050 0.249914 1.000000 -0.000003 0.000000 0.000521
-0.480051 0.690048 0.249918 1.000000 0.000002 -0.000002 0.000524
-0.480051 0.690049 0.249926 1.000000 0.000000 -0.000001 0.000527
-0.480052 0.690049 0.249931 1.000000 0.000000 -0.000003 0.000529
-0.480051 0.690049 0.249939 1.000000 -0.000001 -0.000001 0.000530
-0.480051 0.690048 0.249954 1.000000 0.000001 -0.000001 0.000532
-0.480051 0.690047 0.249921 1.000000 0.000003 -0.000001 0.000535
-0.480051 0.690048 0.249947 1.000000 0.000002 -0.000002 0.000538
-0.480051 0.690047 0.249927 1.000000 0.000003 -0.000001 0.000540
-0.480051 0.690049 0.249915 1.000000 0.000001 -0.000000 0.000543
-0.480052 0.690049 0.249949 1.000000 0.000000 -0.000004 0.000545
-0.480051 0.690048 0.249831 1.000000 0.000003 -0.000001 0.000549
-0.480050 0.690050 0.249859 1.000000 -0.000001 0.000001 0.000552
-0.480050 0.690050 0.249921 1.000000 0.000000 0.000002 0.000555
-0.480052 0.690048 0.249933 1.000000 0.000003 -0.000002 0.000557
-0.480051 0.690048 0.249924 1.000000 0.000003 -0.000001 0.000558
-0.480051 0.690050 0.249920 1.000000 -0.000001 -0.000001 0.000562
-0.480052 0.690050 0.249944 1.000000 0.000001 -0.000002 0.000564
-0.480050 0.690050 0.249888 1.000000 0.000000 0.000001 0.000567
-0.480052 0.690051 0.249831 1.000000 -0.000002 -0.000003 0.000569
-0.480052 0.690050 0.249916 1.000000 0.000001 -0.000001 0.000572
-0.480052 0.690049 0.249935 1.000000 0.000002 -0.000002 0.000574
-0.480049 0.690050 0.249891 1.000000 0.000002 0.000005 0.000576
-0.480051 0.690050 0.249860 1.000000 0.000000 0.000000 0.000578
-0.480052 0.690050 0.249880 1.000000 0.000002 -0.000002 0.000582
-0.480052 0.690052 0.249868 1.000000 -0.000003 -0.000002 0.000585
-0.480052 0.690050 0.249850 1.000000 0.000002 -0.000002 0.000589
-0.480053 0.690051 0.249901 1.000000 -0.000000 -0.000002 0.000591
-0.480052 0.690051 0.249940 1.000000 0.000002 -0.000001 0.000593
-0.480053 0.690051 0.249933 1.000000 0.000001 -0.000002 0.000594
-0.480054 0.690051 0.249875 1.000000 0.000001 -0.000003 0.000597
-0.480053 0.690051 0.249943 1.000000 0.000000 -0.000001 0.000600
-0.480051 0.690052 0.249917 1.000000 -0.000001 0.000002 0.000601
-0.480052 0.690049 0.249856 1.000000 0.000005 0.000000 0.000603
-0.480054 0.690052 0.249832 1.000000 0.000000 -0.000003 0.000606
-0.480053 0.690053 0.249825 1.000000 -0.000001 -0.000001 0.000611
-0.480052 0.690053 0.249862 1.000000 -0.000002 0.000002 0.000613
-0.480054 0.690054 0.249858 1.000000 -0.000003 -0.000003 0.000615
-0.480053 0.690055 0.249872 1.000000 -0.000004 0.000000 0.000619
-0.480052 0.690053 0.249874 1.000000 -0.000001 0.000003 0.000624
-0.480055 0.690052 0.249876 1.000000 0.000000 -0.000003 0.000627
-0.480053 0.690052 0.249913 1.000000 0.000003 0.000000 0.000629
-0.480054 0.690053 0.249903 1.000000 -0.000000 -0.000001 0.000633
-0.480051 0.690053 0.249900 1.000000 0.000000 0.000005 0.000636
-0.480056 0.690053 0.249839 1.000000 0.000001 -0.000004 0.000641
-0.480053 0.690055 0.249835 1.000000 -0.000003 0.000002 0.000642
-0.480053 0.690053 0.249893 1.000000 0.000001 0.000001 0.000644
-0.480055 0.690054 0.249889 1.000000 0.000000 -0.000002 0.000648
-0.480054 0.690054 0.249890 1.000000 -0.000002 -0.000000 0.000652
-0.480055 0.690055 0.249909 1.000000 -0.000002 -0.000002 0.000656
-0.480054 0.690053 0.249847 1.000000 0.000002 0.000000 0.000661
-0.480055 0.690055 0.249897 1.000000 -0.000001 -0.000003 0.000664
-0.480054 0.690056 0.249910 1.000000 -0.000003 -0.000001 0.000667
-0.480053 0.690053 0.249835 1.000000 0.000003 0.000003 0.000670
-0.480052 0.690056 0.249797 1.000000 -0.000004 0.000005 0.000674
-0.480056 0.690053 0.249799 1.000000 0.000004 -0.000002 0.000677
-0.480055 0.690056 0.249846 1.000000 -0.000003 -0.000000 0.000680
-0.480057 0.690054 0.249826 1.000000 0.000001 -0.000003 0.000684
-0.480055 0.690056 0.249889 1.000000 -0.000001 -0.000000 0.000686
-0.480057 0.690052 0.249796 1.000000 0.000007 -0.000003 0.000689
-0.480056 0.690056 0.249829 1.000000 -0.000003 -0.000002 0.000691
-0.480057 0.690056 0.249836 1.000000 -0.000001 -0.000003 0.000693
-0.480057 0.690056 0.249889 1.000000 -0.000001 -0.000003 0.000697
-0.480056 0.690056 0.249897 1.000000 -0.000001 0.000000 0.000702
-0.480053 0.690056 0.249897 1.000000 -0.000001 0.000005 0.000705
-0.480056 0.690057 0.249819 1.000000 -0.000002 -0.000000 0.000707
-0.480057 0.690058 0.249842 1.000000 -0.000003 -0.000000 0.000710
-0.480057 0.690057 0.249826 1.000000 -0.000002 -0.000001 0.000714
-0.480057 0.690055 0.249882 1.000000 0.000003 -0.000002 0.000717
-0.480055 0.690058 0.249898 1.000000 -0.000003 0.000003 0.000721
-0.480057 0.690056 0.249853 1.000000 0.000002 -0.000000 0.000723
-0.480058 0.690055 0.249872 1.000000 0.000003 -0.000001 0.000726
-0.480058 0.690056 0.249876 1.000000 0.000002 -0.000003 0.000730
-0.480058 0.690056 0.249916 1.000000 0.000001 -0.000002 0.000732
-0.480057 0.690057 0.249901 1.000000 0.000001 0.000001 0.000737
-0.480057 0.690060 0.249859 1.000000 -0.000005 -0.000001 0.000743
-0.480058 0.690057 0.249898 1.000000 0.000001 -0.000003 0.000747
-0.480056 0.690057 0.249938 1.000000 0.000000 0.000001 0.000750
-0.480058 0.690058 0.249859 1.000000 -0.000001 -0.000003 0.000753
-0.480057 0.690058 0.249879 1.000000 0.000000 -0.000001 0.000756
-0.480058 0.690058 0.249910 1.000000 -0.000001 -0.000002 0.000759
-0.480057 0.690057 0.249901 1.000000 0.000002 0.000000 0.000762
-0.480057 0.690059 0.249892 1.000000 -0.000003 0.000001 0.000764
-0.480057 0.690057 0.249897 1.000000 0.000002 0.000000 0.000767
-0.480058 0.690057 0.249953 1.000000 0.000002 -0.000002 0.000769
-0.480059 0.690058 0.249919 1.000000 0.000001 -0.000004 0.000772
-0.480058 0.690061 0.249848 1.000000 -0.000004 -0.000001 0.000774
-0.480059 0.690059 0.249901 1.000000 -0.000002 -0.000003 0.000779
-0.480057 0.690060 0.249887 1.000000 -0.000002 0.000000 0.000782
-0.480057 0.690058 0.249955 1.000000 0.000002 0.000000 0.000783
-0.480057 0.690057 0.249927 1.000000 0.000002 0.000001 0.000784
-0.480057 0.690061 0.249932 1.000000 -0.000004 0.000002 0.000786
-0.480057 0.690058 0.249887 1.000000 0.000002 0.000002 0.000787
-0.480059 0.690059 0.249856 1.000000 0.000001 -0.000002 0.000790
-0.480060 0.690058 0.249831 1.000000 0.000003 -0.000003 0.000793
-0.480059 0.690059 0.249882 1.000000 0.000001 -0.000001 0.000797
-0.480059 0.690058 0.249885 1.000000 0.000004 -0.000001 0.000800
-0.480059 0.690059 0.249885 1.000000 0.000001 0.000001 0.000802
-0.480059 0.690059 0.249936 1.000000 0.000002 0.000001 0.000803
-0.480062 0.690061 0.249852 1.000000 -0.000003 -0.000006 0.000807
-0.480057 0.690057 0.249812 1.000000 0.000006 0.000003 0.000811
-0.480062 0.690066 0.249753 1.000000 -0.000013 -0.000005 0.000814
-0.480061 0.690066 0.249734 1.000000 -0.000011 -0.000004 0.000814
-0.480057 0.690061 0.249805 1.000000 -0.000001 0.000005 0.000818
-0.480060 0.690061 0.249871 1.000000 -0.000001 -0.000001 0.000821
-0.480059 0.690059 0.249856 1.000000 0.000002 0.000000 0.000824
-0.480061 0.690061 0.249855 1.000000 -0.000000 -0.000003 0.000828
-0.480061 0.690062 0.249849 1.000000 -0.000003 -0.000002 0.000832
-0.480060 0.690063 0.249792 1.000000 -0.000004 -0.000001 0.000836
-0.480061 0.690057 0.249842 1.000000 0.000007 -0.000002 0.000839
-0.480060 0.690062 0.249841 1.000000 -0.000003 -0.000000 0.000842
-0.480059 0.690062 0.249842 1.000000 -0.000002 0.000002 0.000845
-0.480061 0.690061 0.249903 1.000000 0.000000 -0.000001 0.000848
-0.480060 0.690060 0.249850 1.000000 0.000003 0.000001 0.000852
-0.480061 0.690063 0.249903 1.000000 -0.000002 -0.000001 0.000855
-0.480061 0.690063 0.249899 1.000000 -0.000002 -0.000002 0.000858
-0.480061 0.690063 0.249865 1.000000 -0.000003 -0.000001 0.000864
-0.480061 0.690060 0.249859 1.000000 0.000003 -0.000001 0.000869
-0.480060 0.690063 0.249872 1.000000 -0.000001 -0.000000 0.000872
-0.480061 0.690062 0.249893 1.000000 0.000001 -0.000001 0.000876
-0.480062 0.690063 0.249928 1.000000 -0.000001 -0.000002 0.000879
-0.480059 0.690062 0.249950 1.000000 0.000000 0.000002 0.000880
-0.480060 0.690062 0.249926 1.000000 0.000002 0.000001 0.000882
-0.480061 0.690061 0.249840 1.000000 0.000003 -0.000001 0.000885
-0.480061 0.690064 0.249858 1.000000 -0.000002 -0.000001 0.000889
-0.480061 0.690064 0.249884 1.000000 -0.000002 -0.000001 0.000894
-0.480061 0.690062 0.249887 1.000000 0.000001 -0.000001 0.000896
-0.480061 0.690063 0.249929 1.000000 0.000001 -0.000001 0.000899
-0.480061 0.690063 0.249926 1.000000 0.000001 0.000000 0.000902
-0.480060 0.690064 0.249953 1.000000 -0.000002 0.000001 0.000905
-0.480061 0.690063 0.249925 1.000000 -0.000000 -0.000002 0.000908
-0.480062 0.690063 0.249892 1.000000 0.000001 -0.000003 0.000911
-0.480061 0.690064 0.249888 1.000000 -0.000001 0.000000 0.000914
-0.480063 0.690064 0.249909 1.000000 -0.000001 -0.000004 0.000916
-0.480062 0.690063 0.249891 1.000000 0.000001 -0.000003 0.000919
-0.480061 0.690064 0.249954 1.000000 -0.000001 -0.000001 0.000920
-0.480062 0.690063 0.249895 1.000000 0.000001 -0.000002 0.000923
-0.480062 0.690065 0.249883 1.000000 -0.000001 -0.000001 0.000926
-0.480061 0.690068 0.249880 1.000000 -0.000007 0.000002 0.000930
-0.480063 0.690063 0.249838 1.000000 0.000002 -0.000003 0.000931
-0.480062 0.690065 0.249894 1.000000 -0.000001 -0.000000 0.000932
-0.480061 0.690065 0.249887 1.000000 -0.000001 0.000002 0.000935
-0.480064 0.690064 0.249905 1.000000 0.000001 -0.000003 0.000938
-0.480062 0.690066 0.249913 1.000000 -0.000003 0.000002 0.000940
-0.480063 0.690064 0.249861 1.000000 0.000001 -0.000002 0.000943
-0.480063 0.690066 0.249895 1.000000 -0.000002 -0.000001 0.000945
-0.480064 0.690064 0.249835 1.000000 0.000003 -0.000003 0.000949
-0.480064 0.690065 0.249891 1.000000 0.000000 -0.000003 0.000951
-0.480064 0.690065 0.249934 1.000000 0.000002 -0.000002 0.000952
-0.480064 0.690065 0.249929 1.000000 0.000001 -0.000002 0.000955
-0.480062 0.690065 0.249929 1.000000 0.000000 0.000002 0.000957
-0.480063 0.690066 0.249936 1.000000 0.000000 0.000001 0.000958
-0.480064 0.690066 0.249945 1.000000 0.000000 -0.000002 0.000960
-0.480062 0.690065 0.249861 1.000000 0.000003 0.000001 0.000963
-0.480064 0.690066 0.249901 1.000000 0.000000 -0.000001 0.000968
-0.480064 0.690067 0.249932 1.000000 -0.000001 -0.000001 0.000971
-0.480063 0.690068 0.249913 1.000000 -0.000003 -0.000001 0.000974
-0.480064 0.690067 0.249928 1.000000 -0.000001 -0.000001 0.000976
-0.480064 0.690062 0.249860 1.000000 0.000009 -0.000002 0.000979
-0.480063 0.690065 0.249840 1.000000 0.000004 0.000001 0.000983
-0.480065 0.690066 0.249858 1.000000 0.000001 -0.000003 0.000987
-0.480065 0.690067 0.249898 1.000000 -0.000001 -0.000002 0.000990
-0.480064 0.690066 0.249911 1.000000 0.000002 0.000000 0.000994
-0.480065 0.690065 0.249830 1.000000 0.000003 -0.000003 0.000996
-0.480065 0.690068 0.249871 1.000000 -0.000002 -0.000002 0.000997
-0.480064 0.690067 0.249922 1.000000 0.000001 -0.000000 0.001000
-0.480064 0.690066 0.249964 0.999999 0.000001 -0.000000 0.001001
-0.480065 0.690067 0.249952 0.999999 -0.000000 -0.000002 0.001003
-0.480065 0.690068 0.249913 0.999999 -0.000001 -0.000001 0.001005
-0.480065 0.690067 0.249927 0.999999 0.000001 -0.000003 0.001009
-0.480064 0.690068 0.249928 0.999999 -0.000001 0.000001 0.001013
-0.480063 0.690068 0.249866 0.999999 -0.000001 0.000003 0.001016
-0.480065 0.690066 0.249859 0.999999 0.000004 -0.000002 0.001020
-0.480065 0.690065 0.249829 0.999999 0.000005 -0.000001 0.001023
-0.480067 0.690069 0.249809 0.999999 -0.000003 -0.000003 0.001024
-0.480068 0.690064 0.249815 0.999999 0.000007 -0.000005 0.001027
-0.480064 0.690070 0.249815 0.999999 -0.000004 0.000003 0.001030
-0.480066 0.690069 0.249849 0.999999 -0.000002 -0.000000 0.001032
-0.480067 0.690069 0.249905 0.999999 -0.000002 -0.000002 0.001034
-0.480067 0.690067 0.249891 0.999999 0.000002 -0.000001 0.001037
-0.480066 0.690069 0.249911 0.999999 -0.000000 0.000001 0.001039
-0.480066 0.690068 0.249898 0.999999 0.000001 0.000000 0.001042
-0.480067 0.690068 0.249920 0.999999 0.000001 -0.000002 0.001045
-0.480066 0.690068 0.249877 0.999999 0.000002 0.000000 0.001048
-0.480066 0.690069 0.249886 0.999999 -0.000000 0.000001 0.001051
-0.480068 0.690068 0.249907 0.999999 0.000002 -0.000003 0.001054
-0.480065 0.690069 0.249896 0.999999 -0.000000 0.000003 0.001059
-0.480067 0.690068 0.249881 0.999999 0.000003 -0.000001 0.001062
-0.480068 0.690067 0.249862 0.999999 0.000005 -0.000002 0.001066
-0.480068 0.690069 0.249855 0.999999 0.000001 -0.000002 0.001070
-0.480068 0.690070 0.249865 0.999999 -0.000001 -0.000002 0.001072
-0.480068 0.690069 0.249910 0.999999 0.000001 -0.000002 0.001075
-0.480068 0.690071 0.249882 0.999999 -0.000002 -0.000001 0.001077
-0.480070 0.690073 0.249774 0.999999 -0.000006 -0.000006 0.001079
-0.480066 0.690071 0.249769 0.999999 -0.000002 0.000002 0.001082
-0.480068 0.690072 0.249839 0.999999 -0.000004 -0.000000 0.001086
-0.480069 0.690070 0.249878 0.999999 -0.000000 -0.000002 0.001089
-0.480066 0.690071 0.249888 0.999999 -0.000002 0.000003 0.001091
-0.480068 0.690071 0.249855 0.999999 -0.000001 -0.000001 0.001094
-0.480068 0.690069 0.249875 0.999999 0.000004 -0.000000 0.001097
-0.480070 0.690069 0.249847 0.999999 0.000003 -0.000004 0.001101
-0.480068 0.690071 0.249906 0.999999 0.000000 0.000001 0.001103
-0.480068 0.690071 0.249885 0.999999 -0.000000 0.000000 0.001105
-0.480070 0.690071 0.249954 0.999999 0.000000 -0.000002 0.001107
-0.480069 0.690071 0.249885 0.999999 -0.000000 -0.000001 0.001109
-0.480069 0.690073 0.249816 0.999999 -0.000002 -0.000001 0.001113
-0.480070 0.690072 0.249868 0.999999 -0.000001 -0.000002 0.001116
-0.480070 0.690072 0.249947 0.999999 0.000000 -0.000002 0.001117
-0.480070 0.690072 0.249948 0.999999 -0.000001 -0.000001 0.001119
-0.480070 0.690073 0.249920 0.999999 -0.000002 -0.000002 0.001122
-0.480068 0.690070 0.249901 0.999999 0.000004 0.000001 0.001125
-0.480070 0.690071 0.249861 0.999999 0.000003 -0.000002 0.001129
-0.480070 0.690072 0.249928 0.999999 0.000000 -0.000001 0.001131
-0.480069 0.690072 0.249927 0.999999 0.000001 0.000001 0.001134
-0.480069 0.690074 0.249814 0.999999 -0.000002 0.000000 0.001137
-0.480069 0.690072 0.249882 0.999999 0.000001 -0.000000 0.001139
-0.480069 0.690074 0.249882 0.999999 -0.000003 0.000000 0.001143
-0.480071 0.690072 0.249926 0.999999 0.000001 -0.000003 0.001146
-0.480068 0.690072 0.249856 0.999999 0.000003 0.000003 0.001147
-0.480070 0.690072 0.249856 0.999999 0.000002 -0.000001 0.001149
-0.480069 0.690075 0.249916 0.999999 -0.000003 0.000001 0.001152
-0.480068 0.690074 0.249853 0.999999 -0.000001 0.000003 0.001156
-0.480072 0.690073 0.249908 0.999999 0.000002 -0.000004 0.001160
-0.480069 0.690073 0.249905 0.999999 0.000000 0.000002 0.001163
-0.480070 0.690073 0.249871 0.999999 0.000001 -0.000001 0.001167
-0.480071 0.690074 0.249919 0.999999 -0.000000 -0.000003 0.001170
-0.480071 0.690075 0.249864 0.999999 -0.000002 -0.000002 0.001174
-0.480071 0.690074 0.249863 0.999999 -0.000001 -0.000002 0.001177
-0.480071 0.690074 0.249927 0.999999 -0.000000 -0.000002 0.001180
-0.480071 0.690074 0.249968 0.999999 0.000001 -0.000002 0.001181
-0.480071 0.690075 0.249972 0.999999 -0.000001 -0.000000 0.001182
-0.480072 0.690075 0.249943 0.999999 -0.000001 -0.000002 0.001183
-0.480071 0.690075 0.249839 0.999999 -0.000000 -0.000001 0.001185
-0.480071 0.690074 0.249895 0.999999 0.000001 -0.000001 0.001187
-0.480071 0.690073 0.249903 0.999999 0.000004 -0.000001 0.001191
-0.480070 0.690078 0.249866 0.999999 -0.000006 0.000001 0.001194
-0.480072 0.690075 0.249817 0.999999 -0.000000 -0.000002 0.001196
-0.480074 0.690078 0.249822 0.999999 -0.000007 -0.000004 0.001197
-0.480070 0.690077 0.249752 0.999999 -0.000003 0.000002 0.001198
-0.480074 0.690073 0.249789 0.999999 0.000005 -0.000004 0.001200
-0.480072 0.690076 0.249838 0.999999 -0.000003 -0.000001 0.001204
-0.480071 0.690077 0.249825 0.999999 -0.000005 0.000001 0.001208
-0.480069 0.690079 0.249824 0.999999 -0.000006 0.000005 0.001212
-0.480074 0.690072 0.249812 0.999999 0.000006 -0.000004 0.001213
-0.480072 0.690075 0.249826 0.999999 0.000001 0.000001 0.001216
-0.480072 0.690075 0.249912 0.999999 0.000000 0.000002 0.001219
-0.480074 0.690075 0.249943 0.999999 0.000001 -0.000002 0.001220
-0.480071 0.690076 0.249924 0.999999 0.000000 0.000003 0.001224
-0.480072 0.690077 0.249833 0.999999 -0.000003 0.000002 0.001227
-0.480072 0.690075 0.249868 0.999999 0.000002 0.000002 0.001229
-0.480072 0.690077 0.249854 0.999999 -0.000002 0.000001 0.001233
-0.480074 0.690073 0.249886 0.999999 0.000006 -0.000002 0.001235
-0.480075 0.690080 0.249813 0.999999 -0.000008 -0.000004 0.001239
-0.480070 0.690076 0.249806 0.999999 0.000000 0.000006 0.001242
-0.480073 0.690073 0.249817 0.999999 0.000008 0.000001 0.001244
-0.480072 0.690080 0.249801 0.999999 -0.000007 0.000004 0.001248
-0.480071 0.690077 0.249804 0.999999 -0.000000 0.000006 0.001250
-0.480075 0.690072 0.249801 0.999999 0.000010 -0.000001 0.001254
-0.480075 0.690075 0.249874 0.999999 0.000003 -0.000002 0.001257
-0.480076 0.690078 0.249886 0.999999 -0.000001 -0.000003 0.001259
-0.480075 0.690077 0.249916 0.999999 0.000001 -0.000000 0.001261
-0.480075 0.690077 0.249960 0.999999 0.000000 -0.000001 0.001262
-0.480076 0.690077 0.249910 0.999999 0.000001 -0.000001 0.001264
-0.480075 0.690079 0.249873 0.999999 -0.000004 -0.000000 0.001268
-0.480076 0.690078 0.249876 0.999999 -0.000001 -0.000002 0.001271
-0.480075 0.690077 0.249948 0.999999 0.000000 -0.000001 0.001273
-0.480075 0.690077 0.249896 0.999999 0.000001 0.000000 0.001276
-0.480076 0.690077 0.249945 0.999999 0.000002 -0.000002 0.001278
-0.480075 0.690077 0.249945 0.999999 0.000002 -0.000001 0.001281
-0.480077 0.690079 0.249854 0.999999 -0.000001 -0.000005 0.001284
-0.480075 0.690077 0.249839 0.999999 0.000003 -0.000000 0.001287
-0.480076 0.690078 0.249819 0.999999 0.000000 -0.000002 0.001291
-0.480075 0.690077 0.249879 0.999999 0.000001 -0.000001 0.001293
-0.480074 0.690079 0.249880 0.999999 -0.000002 0.000001 0.001297
-0.480075 0.690077 0.249944 0.999999 0.000002 0.000000 0.001299
-0.480074 0.690079 0.249909 0.999999 -0.000002 0.000002 0.001301
-0.480076 0.690078 0.249923 0.999999 0.000001 -0.000001 0.001303
-0.480076 0.690079 0.249956 0.999999 -0.000000 -0.000001 0.001305
-0.480074 0.690078 0.249843 0.999999 0.000002 0.000003 0.001308
-0.480077 0.690077 0.249773 0.999999 0.000003 -0.000003 0.001310
-0.480076 0.690080 0.249787 0.999999 -0.000001 -0.000000 0.001313
-0.480075 0.690079 0.249928 0.999999 0.000001 0.000001 0.001315
-0.480076 0.690081 0.249886 0.999999 -0.000003 -0.000000 0.001318
-0.480076 0.690079 0.249897 0.999999 0.000002 0.000000 0.001322
-0.480077 0.690079 0.249893 0.999999 0.000002 -0.000001 0.001327
-0.480077 0.690079 0.249933 0.999999 0.000001 -0.000002 0.001329
-0.480077 0.690082 0.249904 0.999999 -0.000004 -0.000001 0.001331
-0.480079 0.690080 0.249785 0.999999 0.000001 -0.000005 0.001334
-0.480077 0.690080 0.249859 0.999999 -0.000000 -0.000001 0.001337
-0.480077 0.690081 0.249867 0.999999 -0.000002 -0.000000 0.001341
-0.480078 0.690079 0.249909 0.999999 0.000003 -0.000002 0.001344
-0.480077 0.690078 0.249912 0.999999 0.000004 -0.000000 0.001346
-0.480077 0.690081 0.249889 0.999999 -0.000001 -0.000001 0.001351
-0.480076 0.690081 0.249923 0.999999 -0.000001 0.000001 0.001354
-0.480077 0.690079 0.249934 0.999999 0.000003 -0.000001 0.001357
-0.480078 0.690079 0.249934 0.999999 0.000003 -0.000002 0.001359
-0.480077 0.690080 0.249917 0.999999 0.000002 -0.000000 0.001362
-0.480079 0.690080 0.249917 0.999999 0.000002 -0.000004 0.001365
-0.480078 0.690081 0.249884 0.999999 -0.000000 -0.000001 0.001368
-0.480078 0.690082 0.249942 0.999999 -0.000001 -0.000002 0.001370
-0.480076 0.690079 0.249856 0.999999 0.000003 0.000002 0.001374
-0.480077 0.690079 0.249809 0.999999 0.000004 0.000000 0.001377
-0.480077 0.690082 0.249909 0.999999 -0.000001 0.000001 0.001379
-0.480078 0.690080 0.249894 0.999999 0.000002 -0.000001 0.001383
-0.480076 0.690086 0.249810 0.999999 -0.000009 0.000003 0.001386
-0.480078 0.690080 0.249828 0.999999 0.000004 -0.000001 0.001387
-0.480079 0.690083 0.249879 0.999999 -0.000002 -0.000001 0.001390
-0.480079 0.690081 0.249890 0.999999 0.000001 -0.000002 0.001395
-0.480077 0.690081 0.249899 0.999999 0.000001 0.000001 0.001400
-0.480079 0.690080 0.249917 0.999999 0.000003 -0.000002 0.001402
-0.480077 0.690082 0.249874 0.999999 -0.000000 0.000002 0.001406
-0.480078 0.690082 0.249923 0.999999 -0.000000 0.000001 0.001408
-0.480078 0.690083 0.249967 0.999999 -0.000002 0.000001 0.001408
-0.480079 0.690083 0.249914 0.999999 -0.000002 -0.000001 0.001412
-0.480078 0.690082 0.249902 0.999999 0.000001 0.000001 0.001415
-0.480079 0.690085 0.249857 0.999999 -0.000005 -0.000000 0.001418
-0.480078 0.690082 0.249844 0.999999 0.000001 0.000002 0.001421
-0.480079 0.690080 0.249825 0.999999 0.000005 -0.000000 0.001424
-0.480081 0.690084 0.249771 0.999999 -0.000003 -0.000004 0.001427
-0.480084 0.690083 0.249776 0.999999 -0.000001 -0.000009 0.001429
-0.480081 0.690083 0.249801 0.999999 -0.000001 -0.000004 0.001431
-0.480080 0.690081 0.249796 0.999999 0.000005 -0.000001 0.001434
-0.480080 0.690082 0.249924 0.999999 0.000001 -0.000001 0.001438
-0.480080 0.690082 0.249886 0.999999 0.000002 -0.000001 0.001442
-0.480079 0.690083 0.249946 0.999999 0.000000 -0.000000 0.001444
-0.480079 0.690083 0.249926 0.999999 -0.000000 -0.000000 0.001447
-0.480080 0.690084 0.249931 0.999999 -0.000002 -0.000002 0.001451
-0.480080 0.690085 0.249916 0.999999 -0.000003 -0.000000 0.001452
-0.480080 0.690083 0.249931 0.999999 0.000002 -0.000000 0.001455
-0.480079 0.690083 0.249906 0.999999 0.000000 0.000001 0.001457
-0.480081 0.690083 0.249930 0.999999 0.000001 -0.000002 0.001460
-0.480081 0.690082 0.249962 0.999999 0.000003 -0.000002 0.001462
-0.480079 0.690084 0.249934 0.999999 -0.000000 0.000001 0.001465
-0.480080 0.690082 0.249856 0.999999 0.000003 0.000000 0.001470
-0.480078 0.690086 0.249871 0.999999 -0.000003 0.000004 0.001472
-0.480080 0.690085 0.249850 0.999999 -0.000002 0.000000 0.001475
-0.480081 0.690084 0.249848 0.999999 -0.000001 -0.000002 0.001480
-0.480082 0.690082 0.249807 0.999999 0.000005 -0.000004 0.001484
-0.480082 0.690081 0.249794 0.999999 0.000006 -0.000004 0.001486
-0.480075 0.690082 0.249744 0.999999 0.000005 0.000012 0.001487
-0.480077 0.690083 0.249737 0.999999 0.000002 0.000007 0.001488
-0.480081 0.690083 0.249770 0.999999 0.000002 -0.000001 0.001491
-0.480081 0.690086 0.249837 0.999999 -0.000003 -0.000001 0.001494
-0.480080 0.690084 0.249834 0.999999 0.000001 0.000001 0.001498
-0.480080 0.690085 0.249836 0.999999 -0.000000 0.000002 0.001501
-0.480082 0.690088 0.249813 0.999999 -0.000006 -0.000001 0.001504
-0.480082 0.690085 0.249881 0.999999 0.000001 -0.000002 0.001507
-0.480082 0.690084 0.249918 0.999999 0.000002 -0.000000 0.001510
-0.480083 0.690085 0.249919 0.999999 -0.000001 -0.000002 0.001512
-0.480083 0.690085 0.249846 0.999999 0.000001 -0.000004 0.001515
-0.480082 0.690085 0.249909 0.999999 0.000001 -0.000002 0.001517
-0.480082 0.690084 0.249900 0.999999 0.000002 -0.000001 0.001522
-0.480082 0.690085 0.249942 0.999999 0.000000 -0.000001 0.001524
-0.480082 0.690086 0.249899 0.999999 -0.000001 -0.000001 0.001528
-0.480083 0.690086 0.249880 0.999999 -0.000001 -0.000002 0.001533
-0.480082 0.690085 0.249957 0.999999 0.000002 -0.000001 0.001535
-0.480082 0.690088 0.249870 0.999999 -0.000005 -0.000001 0.001538
-0.480081 0.690090 0.249839 0.999999 -0.000007 0.000002 0.001541
-0.480081 0.690090 0.249808 0.999999 -0.000008 0.000003 0.001545
-0.480082 0.690086 0.249834 0.999999 -0.000000 0.000001 0.001547
-0.480081 0.690083 0.249797 0.999999 0.000007 0.000004 0.001550
-0.480083 0.690086 0.249819 0.999999 0.000000 -0.000001 0.001552
-0.480083 0.690085 0.249922 0.999999 0.000002 -0.000001 0.001555
-0.480084 0.690085 0.249928 0.999999 0.000002 -0.000002 0.001557
-0.480083 0.690086 0.249954 0.999999 -0.000000 -0.000001 0.001560
-0.480084 0.690086 0.249953 0.999999 0.000001 -0.000002 0.001562
-0.480083 0.690085 0.249869 0.999999 0.000003 -0.000000 0.001566
-0.480083 0.690088 0.249842 0.999999 -0.000002 -0.000000 0.001569
-0.480084 0.690084 0.249905 0.999999 0.000005 -0.000002 0.001571
-0.480084 0.690088 0.249828 0.999999 -0.000002 -0.000003 0.001575
-0.480083 0.690086 0.249889 0.999999 0.000002 0.000001 0.001579
-0.480082 0.690091 0.249898 0.999999 -0.000008 0.000002 0.001580
-0.480085 0.690083 0.249831 0.999999 0.000008 -0.000002 0.001582
-0.480087 0.690088 0.249791 0.999999 -0.000001 -0.000005 0.001585
-0.480085 0.690089 0.249795 0.999999 -0.000003 -0.000002 0.001587
-0.480084 0.690087 0.249870 0.999999 0.000001 0.000002 0.001589
-0.480085 0.690087 0.249892 0.999999 0.000001 -0.000000 0.001592
-0.480085 0.690090 0.249821 0.999999 -0.000005 -0.000002 0.001595
-0.480085 0.690091 0.249786 0.999999 -0.000005 -0.000002 0.001598
-0.480087 0.690088 0.249864 0.999999 -0.000001 -0.000004 0.001602
-0.480085 0.690089 0.249896 0.999999 -0.000002 0.000001 0.001605
-0.480084 0.690088 0.249889 0.999999 0.000000 0.000002 0.001607
-0.480086 0.690088 0.249948 0.999999 0.000001 -0.000001 0.001610
-0.480085 0.690089 0.249942 0.999999 -0.000002 0.000001 0.001611
-0.480085 0.690088 0.249917 0.999999 0.000001 0.000001 0.001613
-0.480086 0.690088 0.249866 0.999999 0.000002 -0.000001 0.001615
-0.480087 0.690089 0.249824 0.999999 -0.000001 -0.000003 0.001619
-0.480086 0.690089 0.249913 0.999999 -0.000001 -0.000002 0.001622
-0.480086 0.690092 0.249904 0.999999 -0.000006 -0.000001 0.001626
-0.480085 0.690090 0.249871 0.999999 -0.000001 0.000000 0.001630
-0.480087 0.690091 0.249807 0.999999 -0.000003 -0.000002 0.001633
-0.480086 0.690091 0.249861 0.999999 -0.000003 -0.000000 0.001636
-0.480087 0.690089 0.249901 0.999999 0.000000 -0.000003 0.001638
-0.480086 0.690091 0.249908 0.999999 -0.000002 -0.000001 0.001641
-0.480087 0.690089 0.249865 0.999999 0.000001 -0.000002 0.001645
-0.480087 0.690089 0.249946 0.999999 0.000001 -0.000001 0.001646
-0.480086 0.690087 0.249880 0.999999 0.000006 -0.000001 0.001650
-0.480084 0.690091 0.249822 0.999999 -0.000003 0.000003 0.001655
-0.480088 0.690084 0.249804 0.999999 0.000011 -0.000003 0.001658
-0.480086 0.690088 0.249796 0.999999 0.000004 0.000001 0.001658
-0.480088 0.690091 0.249779 0.999999 -0.000001 -0.000003 0.001660
-0.480089 0.690090 0.249768 0.999999 0.000001 -0.000004 0.001662
-0.480087 0.690091 0.249827 0.999999 -0.000001 -0.000000 0.001664
-0.480089 0.690090 0.249856 0.999999 -0.000000 -0.000003 0.001667
-0.480087 0.690090 0.249897 0.999999 0.000000 0.000001 0.001669
-0.480085 0.690091 0.249834 0.999999 -0.000001 0.000004 0.001671
-0.480088 0.690089 0.249819 0.999999 0.000003 -0.000001 0.001675
-0.480087 0.690089 0.249851 0.999999 0.000003 0.000001 0.001678
-0.480089 0.690089 0.249871 0.999999 0.000003 -0.000002 0.001682
-0.480089 0.690091 0.249912 0.999999 0.000000 -0.000002 0.001684
-0.480088 0.690093 0.249902 0.999999 -0.000004 0.000000 0.001687
-0.480089 0.690093 0.249824 0.999999 -0.000004 -0.000001 0.001690
-0.480086 0.690091 0.249818 0.999999 0.000000 0.000005 0.001695
-0.480086 0.690093 0.249811 0.999999 -0.000002 0.000004 0.001698
-0.480088 0.690095 0.249818 0.999999 -0.000006 0.000000 0.001701
-0.480090 0.690086 0.249826 0.999999 0.000012 -0.000002 0.001704
-0.480090 0.690095 0.249826 0.999999 -0.000006 -0.000001 0.001706
-0.480085 0.690090 0.249766 0.999999 0.000004 0.000008 0.001709
-0.480089 0.690094 0.249778 0.999999 -0.000003 0.000001 0.001711
-0.480090 0.690088 0.249832 0.999999 0.000009 -0.000000 0.001714
-0.480092 0.690097 0.249764 0.999999 -0.000010 -0.000004 0.001716
-0.480091 0.690092 0.249805 0.999999 0.000001 -0.000001 0.001718
-0.480090 0.690093 0.249913 0.999999 -0.000000 -0.000000 0.001721
-0.480090 0.690091 0.249903 0.999999 0.000003 -0.000000 0.001725
-0.480091 0.690093 0.249934 0.999999 -0.000001 -0.000001 0.001727
-0.480093 0.690094 0.249876 0.999998 0.000000 -0.000003 0.001757
-0.480091 0.690095 0.249891 0.999998 -0.000002 0.000001 0.001760
-0.480092 0.690092 0.249918 0.999998 0.000004 -0.000000 0.001763
-0.480090 0.690094 0.249907 0.999998 0.000001 0.000002 0.001767
-0.480093 0.690094 0.249909 0.999998 0.000002 -0.000001 0.001769
-0.480092 0.690094 0.249918 0.999998 0.000002 -0.000001 0.001769
-0.480094 0.690095 0.249935 0.999998 -0.000000 -0.000004 0.001772
-0.480093 0.690096 0.249921 0.999998 -0.000002 -0.000003 0.001772
-0.480091 0.690092 0.249789 0.999998 0.000006 0.000002 0.001777
-0.480091 0.690094 0.249819 0.999998 0.000002 0.000002 0.001779
-0.480094 0.690094 0.249827 0.999998 0.000003 -0.000004 0.001784
-0.480091 0.690091 0.249790 0.999998 0.000007 0.000001 0.001788
-0.480092 0.690096 0.249839 0.999998 -0.000002 0.000001 0.001791
-0.480093 0.690096 0.249872 0.999998 -0.000001 -0.000002 0.001791
-0.480091 0.690094 0.249890 0.999998 0.000004 0.000001 0.001793
-0.480093 0.690097 0.249866 0.999998 -0.000003 -0.000001 0.001794
-0.480093 0.690096 0.249933 0.999998 0.000000 -0.000002 0.001797
-0.480090 0.690095 0.249830 0.999998 0.000001 0.000004 0.001800
-0.480095 0.690096 0.249814 0.999998 -0.000001 -0.000005 0.001801
-0.480094 0.690096 0.249801 0.999998 0.000000 -0.000004 0.001806
-0.480092 0.690094 0.249845 0.999998 0.000004 0.000001 0.001809
-0.480093 0.690095 0.249841 0.999998 0.000002 -0.000000 0.001810
-0.480092 0.690096 0.249847 0.999998 0.000001 0.000002 0.001813
-0.480091 0.690097 0.249851 0.999998 -0.000002 0.000003 0.001814
-0.480093 0.690095 0.249903 0.999998 0.000003 -0.000000 0.001816
-0.480093 0.690097 0.249898 0.999998 -0.000000 -0.000000 0.001816
-0.480092 0.690098 0.249848 0.999998 -0.000003 0.000002 0.001820
-0.480095 0.690095 0.249823 0.999998 0.000002 -0.000002 0.001823
-0.480094 0.690097 0.249927 0.999998 -0.000000 -0.000000 0.001826
-0.480095 0.690097 0.249936 0.999998 -0.000001 -0.000002 0.001827
-0.480095 0.690096 0.249927 0.999998 0.000002 -0.000002 0.001829
-0.480094 0.690096 0.249932 0.999998 0.000001 -0.000001 0.001829
-0.480094 0.690096 0.249920 0.999998 0.000002 -0.000001 0.001832
-0.480094 0.690096 0.249881 0.999998 0.000002 -0.000000 0.001834
-0.480093 0.690097 0.249868 0.999998 0.000001 0.000001 0.001837
-0.480094 0.690097 0.249846 0.999998 0.000002 -0.000000 0.001840
-0.480096 0.690097 0.249919 0.999998 0.000001 -0.000003 0.001844
-0.480095 0.690097 0.249932 0.999998 0.000001 -0.000002 0.001845
-0.480095 0.690097 0.249935 0.999998 0.000001 -0.000002 0.001847
-0.480094 0.690097 0.249909 0.999998 0.000001 -0.000000 0.001848
-0.480094 0.690097 0.249853 0.999998 0.000002 0.000000 0.001852
-0.480093 0.690099 0.249833 0.999998 -0.000003 0.000002 0.001852
-0.480095 0.690098 0.249868 0.999998 0.000001 -0.000001 0.001856
-0.480095 0.690097 0.249904 0.999998 0.000001 -0.000002 0.001856
-0.480095 0.690097 0.249929 0.999998 0.000003 -0.000001 0.001858
-0.480095 0.690100 0.249913 0.999998 -0.000004 -0.000001 0.001859
-0.480096 0.690099 0.249926 0.999998 -0.000001 -0.000002 0.001863
-0.480096 0.690098 0.249923 0.999998 0.000000 -0.000003 0.001865
-0.480094 0.690098 0.249935 0.999998 -0.000000 0.000001 0.001866
-0.480094 0.690099 0.249932 0.999998 -0.000001 0.000001 0.001867
-0.480095 0.690097 0.249895 0.999998 0.000002 -0.000000 0.001869
-0.480095 0.690098 0.249901 0.999998 0.000002 -0.000000 0.001870
-0.480095 0.690101 0.249896 0.999998 -0.000004 0.000000 0.001872
-0.480096 0.690098 0.249896 0.999998 0.000002 -0.000001 0.001873
-0.480094 0.690099 0.249913 0.999998 -0.000000 0.000001 0.001876
-0.480096 0.690098 0.249912 0.999998 0.000001 -0.000003 0.001877
-0.480095 0.690102 0.249922 0.999998 -0.000006 0.000001 0.001878
-0.480094 0.690098 0.249903 0.999998 0.000003 0.000002 0.001879
-0.480097 0.690099 0.249839 0.999998 -0.000000 -0.000003 0.001882
-0.480095 0.690100 0.249847 0.999998 -0.000001 0.000000 0.001883
-0.480094 0.690100 0.249871 0.999998 -0.000002 0.000003 0.001884
-0.480096 0.690100 0.249915 0.999998 -0.000001 -0.000002 0.001886
-0.480096 0.690100 0.249904 0.999998 -0.000001 -0.000001 0.001887
-0.480096 0.690098 0.249902 0.999998 0.000001 -0.000002 0.001888
-0.480096 0.690099 0.249921 0.999998 0.000001 -0.000000 0.001890
-0.480095 0.690100 0.249929 0.999998 -0.000000 0.000000 0.001891
-0.480095 0.690100 0.249940 0.999998 -0.000001 0.000001 0.001891
-0.480095 0.690097 0.249839 0.999998 0.000006 0.000002 0.001893
-0.480096 0.690098 0.249786 0.999998 0.000004 -0.000001 0.001894
-0.480098 0.690099 0.249776 0.999998 0.000001 -0.000004 0.001895
-0.480096 0.690099 0.249847 0.999998 0.000000 -0.000001 0.001897
-0.480095 0.690101 0.249872 0.999998 -0.000002 0.000001 0.001898
-0.480096 0.690100 0.249913 0.999998 -0.000001 -0.000001 0.001898
-0.480096 0.690102 0.249883 0.999998 -0.000004 0.000000 0.001901
-0.480097 0.690098 0.249881 0.999998 0.000003 -0.000003 0.001902
-0.480096 0.690098 0.249878 0.999998 0.000003 -0.000001 0.001905
-0.480096 0.690102 0.249890 0.999998 -0.000004 0.000000 0.001906
-0.480096 0.690100 0.249915 0.999998 0.000001 0.000001 0.001909
-0.480096 0.690101 0.249923 0.999998 -0.000001 0.000001 0.001910
-0.480096 0.690099 0.249946 0.999998 0.000001 0.000000 0.001911
-0.480097 0.690100 0.249939 0.999998 0.000000 -0.000002 0.001912
-0.480095 0.690100 0.249898 0.999998 0.000000 0.000002 0.001915
-0.480095 0.690102 0.249903 0.999998 -0.000004 0.000002 0.001915
-0.480096 0.690106 0.249865 0.999998 -0.000011 0.000000 0.001918
-0.480096 0.690107 0.249859 0.999998 -0.000013 0.000001 0.001918
-0.480096 0.690104 0.249855 0.999998 -0.000008 0.000001 0.001918
-0.480097 0.690101 0.249834 0.999998 -0.000001 0.000000 0.001921
-0.480098 0.690100 0.249844 0.999998 0.000001 -0.000002 0.001922
-0.480096 0.690100 0.249858 0.999998 0.000001 0.000002 0.001922
-0.480097 0.690099 0.249924 0.999998 0.000003 -0.000000 0.001924
-0.480098 0.690100 0.249917 0.999998 0.000002 -0.000002 0.001925
-0.480098 0.690102 0.249903 0.999998 -0.000004 -0.000002 0.001928
-0.480097 0.690098 0.249896 0.999998 0.000005 -0.000000 0.001929
-0.480097 0.690102 0.249876 0.999998 -0.000002 0.000001 0.001933
-0.480096 0.690101 0.249879 0.999998 0.000000 0.000003 0.001934
-0.480100 0.690101 0.249854 0.999998 0.000001 -0.000004 0.001938
-0.480098 0.690100 0.249863 0.999998 0.000001 -0.000001 0.001938
-0.480099 0.690101 0.249921 0.999998 0.000001 -0.000002 0.001941
-0.480099 0.690100 0.249932 0.999998 0.000002 -0.000002 0.001942
-0.480099 0.690102 0.249965 0.999998 -0.000001 -0.000002 0.001942
-0.480098 0.690101 0.249961 0.999998 0.000001 -0.000001 0.001943
-0.480097 0.690099 0.249833 0.999998 0.000004 0.000001 0.001945
-0.480101 0.690101 0.249809 0.999998 0.000001 -0.000006 0.001946
-0.480098 0.690105 0.249829 0.999998 -0.000006 -0.000001 0.001949
-0.480098 0.690101 0.249829 0.999998 0.000000 0.000000 0.001951
-0.480096 0.690104 0.249875 0.999998 -0.000004 0.000003 0.001955
-0.480100 0.690099 0.249860 0.999998 0.000005 -0.000003 0.001955
-0.480099 0.690102 0.249900 0.999998 -0.000001 -0.000002 0.001957
-0.480099 0.690102 0.249911 0.999998 -0.000000 -0.000001 0.001958
-0.480099 0.690102 0.249928 0.999998 -0.000000 -0.000002 0.001962
-0.480099 0.690101 0.249914 0.999998 0.000002 -0.000001 0.001962
-0.480099 0.690102 0.249858 0.999998 -0.000000 -0.000002 0.001966
-0.480099 0.690102 0.249890 0.999998 -0.000000 -0.000001 0.001966
-0.480098 0.690101 0.249895 0.999998 0.000002 -0.000000 0.001969
-0.480099 0.690102 0.249909 0.999998 0.000000 -0.000001 0.001969
-0.480100 0.690101 0.249968 0.999998 0.000001 -0.000003 0.001970
-0.480099 0.690101 0.249968 0.999998 0.000001 -0.000001 0.001970
-0.480098 0.690102 0.249949 0.999998 0.000000 0.000001 0.001971
-0.480099 0.690102 0.249949 0.999998 -0.000000 -0.000002 0.001972
-0.480099 0.690101 0.249955 0.999998 0.000002 -0.000002 0.001973
-0.480100 0.690102 0.249918 0.999998 0.000000 -0.000004 0.001974
-0.480098 0.690103 0.249908 0.999998 -0.000001 0.000001 0.001975
-0.480099 0.690101 0.249935 0.999998 0.000002 -0.000001 0.001976
-0.480099 0.690101 0.249934 0.999998 0.000004 -0.000001 0.001977
-0.480099 0.690104 0.249898 0.999998 -0.000003 -0.000001 0.001979
-0.480099 0.690102 0.249904 0.999998 0.000001 -0.000001 0.001981
-0.480100 0.690102 0.249854 0.999998 0.000003 -0.000003 0.001982
-0.480099 0.690103 0.249847 0.999998 -0.000000 -0.000001 0.001983
-0.480097 0.690103 0.249852 0.999998 0.000001 0.000003 0.001989
-0.480099 0.690103 0.249896 0.999998 -0.000000 -0.000001 0.001994
-0.480101 0.690103 0.249910 0.999998 -0.000000 -0.000005 0.001998
-0.480100 0.690104 0.249901 0.999998 -0.000000 -0.000003 0.001998
-0.480100 0.690101 0.249893 0.999998 0.000005 -0.000001 0.002002
-0.480101 0.690104 0.249912 0.999998 -0.000002 -0.000004 0.002006
-0.480100 0.690103 0.249913 0.999998 0.000001 -0.000002 0.002010
-0.480100 0.690104 0.249943 0.999998 -0.000001 -0.000002 0.002011
-0.480100 0.690103 0.249910 0.999998 0.000001 -0.000002 0.002013
-0.480100 0.690104 0.249968 0.999998 -0.000000 -0.000002 0.002014
-0.480099 0.690104 0.249878 0.999998 0.000001 -0.000000 0.002017
-0.480099 0.690104 0.249941 0.999998 -0.000000 0.000002 0.002018
-0.480100 0.690104 0.249936 0.999998 0.000000 -0.000002 0.002019
-0.480096 0.690104 0.249828 0.999998 0.000000 0.000007 0.002021
-0.480100 0.690106 0.249813 0.999998 -0.000003 -0.000001 0.002022
-0.480099 0.690105 0.249775 0.999998 -0.000002 0.000000 0.002024
-0.480100 0.690107 0.249792 0.999998 -0.000006 0.000000 0.002025
-0.480097 0.690109 0.249808 0.999998 -0.000008 0.000007 0.002026
-0.480101 0.690103 0.249832 0.999998 0.000002 -0.000000 0.002027
-0.480101 0.690108 0.249832 0.999998 -0.000007 -0.000001 0.002032
-0.480101 0.690104 0.249926 0.999998 0.000001 -0.000000 0.002035
-0.480100 0.690105 0.249872 0.999998 -0.000000 0.000002 0.002037
-0.480101 0.690106 0.249881 0.999998 -0.000002 -0.000001 0.002042
-0.480101 0.690106 0.249843 0.999998 -0.000002 0.000001 0.002047
-0.480100 0.690106 0.249883 0.999998 -0.000001 0.000003 0.002050
-0.480103 0.690104 0.249814 0.999998 0.000004 -0.000003 0.002053
-0.480102 0.690106 0.249826 0.999998 -0.000002 -0.000002 0.002054
-0.480101 0.690106 0.249906 0.999998 -0.000001 0.000001 0.002058
-0.480101 0.690106 0.249916 0.999998 0.000000 0.000002 0.002058
-0.480102 0.690105 0.249943 0.999998 0.000002 -0.000002 0.002062
-0.480101 0.690107 0.249922 0.999998 -0.000002 0.000000 0.002065
-0.480102 0.690105 0.249921 0.999998 0.000001 -0.000001 0.002069
-0.480102 0.690105 0.249935 0.999998 0.000002 -0.000001 0.002073
-0.480102 0.690106 0.249899 0.999998 -0.000000 -0.000001 0.002078
-0.480101 0.690106 0.249909 0.999998 0.000001 0.000002 0.002081
-0.480102 0.690107 0.249841 0.999998 -0.000002 -0.000001 0.002085
-0.480103 0.690105 0.249901 0.999998 0.000003 -0.000002 0.002090
-0.480101 0.690104 0.249816 0.999998 0.000005 0.000002 0.002093
-0.480103 0.690103 0.249780 0.999998 0.000007 -0.000002 0.002093
-0.480103 0.690107 0.249818 0.999998 -0.000001 -0.000002 0.002098
-0.480103 0.690105 0.249872 0.999998 0.000003 -0.000001 0.002103
-0.480103 0.690108 0.249898 0.999998 -0.000002 -0.000001 0.002106
-0.480103 0.690108 0.249894 0.999998 -0.000002 -0.000001 0.002110
-0.480104 0.690106 0.249853 0.999998 0.000002 -0.000003 0.002112
-0.480103 0.690108 0.249825 0.999998 -0.000002 -0.000002 0.002117
-0.480103 0.690108 0.249868 0.999998 0.000000 -0.000000 0.002121
-0.480104 0.690107 0.249943 0.999998 0.000001 -0.000001 0.002123
-0.480104 0.690109 0.249928 0.999998 -0.000003 -0.000002 0.002127
-0.480105 0.690107 0.249831 0.999998 0.000001 -0.000003 0.002132
-0.480103 0.690107 0.249899 0.999998 0.000002 0.000000 0.002135
-0.480104 0.690106 0.249917 0.999998 0.000005 -0.000001 0.002137
-0.480104 0.690109 0.249920 0.999998 -0.000001 -0.000002 0.002141
-0.480104 0.690108 0.249870 0.999998 0.000002 -0.000000 0.002143
-0.480105 0.690108 0.249935 0.999998 0.000001 -0.000002 0.002148
-0.480105 0.690107 0.249958 0.999998 0.000003 -0.000003 0.002149
-0.480104 0.690109 0.249926 0.999998 -0.000000 -0.000001 0.002153
-0.480103 0.690108 0.249880 0.999998 0.000001 0.000000 0.002158
-0.480103 0.690109 0.249924 0.999998 0.000001 0.000001 0.002160
-0.480104 0.690109 0.249922 0.999998 0.000001 -0.000001 0.002162
-0.480103 0.690108 0.249909 0.999998 0.000002 0.000001 0.002167
-0.480104 0.690109 0.249872 0.999998 0.000000 -0.000001 0.002170
-0.480105 0.690110 0.249898 0.999998 -0.000001 -0.000002 0.002173
-0.480105 0.690109 0.249951 0.999998 0.000002 -0.000002 0.002175
-0.480104 0.690109 0.249928 0.999998 0.000002 -0.000001 0.002176
-0.480105 0.690109 0.249911 0.999998 0.000002 -0.000002 0.002178
-0.480106 0.690110 0.249902 0.999998 -0.000000 -0.000003 0.002181
-0.480106 0.690108 0.249865 0.999998 0.000004 -0.000003 0.002186
-0.480105 0.690111 0.249915 0.999998 -0.000001 -0.000000 0.002189
-0.480105 0.690110 0.249933 0.999998 -0.000000 -0.000000 0.002192
-0.480102 0.690109 0.249853 0.999998 0.000002 0.000005 0.002196
-0.480106 0.690111 0.249844 0.999998 -0.000000 -0.000002 0.002201
-0.480105 0.690112 0.249877 0.999998 -0.000002 -0.000001 0.002207
-0.480105 0.690111 0.249932 0.999998 -0.000001 -0.000000 0.002208
-0.480105 0.690110 0.249868 0.999998 0.000002 -0.000001 0.002210
-0.480108 0.690113 0.249813 0.999998 -0.000003 -0.000007 0.002211
-0.480108 0.690111 0.249768 0.999998 0.000001 -0.000006 0.002213
-0.480104 0.690111 0.249812 0.999998 0.000001 0.000001 0.002214
-0.480106 0.690110 0.249892 0.999998 0.000002 -0.000002 0.002216
-0.480106 0.690111 0.249947 0.999998 0.000001 -0.000001 0.002219
-0.480104 0.690111 0.249934 0.999998 0.000001 0.000002 0.002220
-0.480105 0.690111 0.249927 0.999998 0.000001 0.000001 0.002221
-0.480105 0.690111 0.249934 0.999998 0.000001 0.000000 0.002223
-0.480104 0.690112 0.249942 0.999998 -0.000000 0.000002 0.002223
-0.480106 0.690112 0.249916 0.999998 -0.000002 -0.000001 0.002225
-0.480107 0.690112 0.249892 0.999998 -0.000001 -0.000002 0.002227
-0.480107 0.690111 0.249867 0.999998 0.000001 -0.000003 0.002229
-0.480105 0.690109 0.249861 0.999998 0.000004 0.000001 0.002231
-0.480105 0.690110 0.249834 0.999998 0.000003 0.000001 0.002233
-0.480107 0.690112 0.249951 0.999998 -0.000000 -0.000003 0.002235
-0.480107 0.690112 0.249905 0.999997 0.000000 -0.000002 0.002237
-0.480107 0.690111 0.249933 0.999997 0.000002 -0.000002 0.002239
-0.480107 0.690115 0.249855 0.999997 -0.000006 -0.000002 0.002242
-0.480107 0.690114 0.249787 0.999997 -0.000004 -0.000001 0.002245
-0.480105 0.690115 0.249817 0.999997 -0.000007 0.000003 0.002248
-0.480106 0.690113 0.249843 0.999997 -0.000001 0.000001 0.002251
-0.480109 0.690113 0.249890 0.999997 -0.000001 -0.000003 0.002254
-0.480110 0.690113 0.249854 0.999997 -0.000001 -0.000006 0.002256
-0.480108 0.690111 0.249901 0.999997 0.000003 -0.000001 0.002258
-0.480106 0.690113 0.249919 0.999997 -0.000001 0.000001 0.002259
-0.480108 0.690113 0.249919 0.999997 -0.000000 -0.000002 0.002261
-0.480107 0.690112 0.249944 0.999997 0.000001 0.000000 0.002262
-0.480106 0.690114 0.249927 0.999997 -0.000003 0.000001 0.002263
-0.480107 0.690115 0.249880 0.999997 -0.000005 -0.000000 0.002266
-0.480108 0.690115 0.249849 0.999997 -0.000004 -0.000002 0.002267
-0.480108 0.690112 0.249895 0.999997 0.000002 -0.000002 0.002270
-0.480106 0.690114 0.249923 0.999997 -0.000002 0.000002 0.002272
-0.480108 0.690112 0.249946 0.999997 0.000001 -0.000002 0.002274
-0.480109 0.690112 0.249929 0.999997 0.000002 -0.000003 0.002275
-0.480108 0.690114 0.249913 0.999997 -0.000001 -0.000001 0.002277
-0.480109 0.690113 0.249904 0.999997 0.000000 -0.000004 0.002277
-0.480108 0.690112 0.249931 0.999997 0.000003 -0.000002 0.002279
-0.480109 0.690113 0.249937 0.999997 0.000000 -0.000002 0.002279
-0.480109 0.690112 0.249955 0.999997 0.000003 -0.000003 0.002281
-0.480107 0.690114 0.249931 0.999997 -0.000002 0.000002 0.002282
-0.480108 0.690114 0.249854 0.999997 -0.000002 -0.000002 0.002285
-0.480109 0.690115 0.249845 0.999997 -0.000002 -0.000002 0.002286
-0.480109 0.690114 0.249849 0.999997 0.000000 -0.000003 0.002286
-0.480109 0.690114 0.249856 0.999997 -0.000000 -0.000002 0.002290
-0.480108 0.690115 0.249862 0.999997 -0.000003 -0.000000 0.002290
-0.480107 0.690113 0.249876 0.999997 0.000003 0.000001 0.002296
-0.480108 0.690113 0.249866 0.999997 0.000002 -0.000002 0.002302
-0.480109 0.690114 0.249947 0.999997 0.000001 -0.000002 0.002304
-0.480109 0.690113 0.249948 0.999997 0.000002 -0.000003 0.002304
-0.480109 0.690115 0.249939 0.999997 -0.000000 -0.000002 0.002305
-0.480107 0.690114 0.249927 0.999997 0.000000 0.000002 0.002306
-0.480108 0.690113 0.249893 0.999997 0.000003 -0.000001 0.002308
-0.480107 0.690116 0.249872 0.999997 -0.000002 0.000001 0.002309
-0.480108 0.690113 0.249840 0.999997 0.000004 -0.000000 0.002310
-0.480109 0.690116 0.249844 0.999997 -0.000002 -0.000002 0.002312
-0.480110 0.690115 0.249884 0.999997 0.000001 -0.000003 0.002314
-0.480108 0.690115 0.249903 0.999997 -0.000000 0.000001 0.002316
-0.480109 0.690119 0.249865 0.999997 -0.000009 -0.000000 0.002318
-0.480108 0.690114 0.249860 0.999997 0.000003 0.000001 0.002319
-0.480109 0.690115 0.249933 0.999997 0.000001 -0.000002 0.002321
-0.480107 0.690116 0.249878 0.999997 -0.000001 0.000004 0.002326
-0.480109 0.690113 0.249872 0.999997 0.000006 0.000000 0.002333
-0.480109 0.690114 0.249880 0.999997 0.000003 -0.000000 0.002338
-0.480109 0.690115 0.249949 0.999997 0.000001 -0.000001 0.002341
-0.480107 0.690118 0.249880 0.999997 -0.000005 0.000003 0.002346
-0.480105 0.690116 0.249845 0.999997 -0.000000 0.000006 0.002347
-0.480109 0.690115 0.249815 0.999997 0.000001 -0.000001 0.002350
-0.480108 0.690117 0.249844 0.999997 -0.000002 0.000001 0.002351
-0.480108 0.690116 0.249819 0.999997 -0.000001 0.000002 0.002352
-0.480108 0.690115 0.249804 0.999997 0.000002 0.000002 0.002353
-0.480109 0.690117 0.249914 0.999997 -0.000001 0.000000 0.002355
-0.480109 0.690116 0.249931 0.999997 -0.000000 -0.000001 0.002355
-0.480110 0.690118 0.249910 0.999997 -0.000002 -0.000002 0.002358
-0.480110 0.690116 0.249941 0.999997 0.000001 -0.000002 0.002362
-0.480109 0.690119 0.249878 0.999997 -0.000004 0.000000 0.002365
-0.480110 0.690116 0.249914 0.999997 0.000002 -0.000001 0.002367
-0.480110 0.690117 0.249941 0.999997 -0.000000 -0.000002 0.002368
-0.480110 0.690117 0.249942 0.999997 -0.000000 -0.000001 0.002370
-0.480110 0.690117 0.249959 0.999997 -0.000001 -0.000001 0.002371
-0.480110 0.690116 0.249940 0.999997 0.000001 -0.000001 0.002372
-0.480110 0.690116 0.249935 0.999997 0.000002 -0.000001 0.002374
-0.480110 0.690117 0.249915 0.999997 -0.000000 -0.000001 0.002376
-0.480111 0.690116 0.249928 0.999997 0.000001 -0.000003 0.002378
-0.480109 0.690118 0.249842 0.999997 -0.000002 0.000001 0.002381
-0.480108 0.690119 0.249859 0.999997 -0.000003 0.000003 0.002385
-0.480112 0.690115 0.249839 0.999997 0.000004 -0.000004 0.002389
-0.480111 0.690119 0.249883 0.999997 -0.000002 -0.000001 0.002392
-0.480111 0.690116 0.249924 0.999997 0.000003 -0.000002 0.002397
-0.480108 0.690117 0.249878 0.999997 0.000001 0.000005 0.002399
-0.480112 0.690121 0.249859 0.999997 -0.000007 -0.000003 0.002400
-0.480109 0.690116 0.249779 0.999997 0.000004 0.000002 0.002403
-0.480112 0.690117 0.249773 0.999997 0.000001 -0.000002 0.002403
-0.480112 0.690115 0.249823 0.999997 0.000005 -0.000003 0.002406
-0.480110 0.690117 0.249826 0.999997 0.000001 0.000001 0.002406
-0.480111 0.690118 0.249845 0.999997 0.000001 -0.000001 0.002411
-0.480113 0.690118 0.249856 0.999997 0.000000 -0.000004 0.002411
-0.480111 0.690116 0.249838 0.999997 0.000005 0.000000 0.002417
-0.480112 0.690119 0.249827 0.999997 -0.000001 -0.000001 0.002420
-0.480111 0.690120 0.249856 0.999997 -0.000004 0.000001 0.002425
-0.480113 0.690117 0.249817 0.999997 0.000003 -0.000003 0.002430
-0.480111 0.690118 0.249873 0.999997 0.000001 0.000001 0.002434
-0.480112 0.690119 0.249935 0.999997 -0.000001 -0.000002 0.002437
-0.480111 0.690119 0.249875 0.999997 -0.000000 0.000001 0.002441
-0.480112 0.690119 0.249884 0.999997 0.000001 -0.000001 0.002442
-0.480113 0.690118 0.249953 0.999997 0.000001 -0.000002 0.002444
-0.480113 0.690119 0.249958 0.999997 -0.000000 -0.000004 0.002444
-0.480112 0.690119 0.249915 0.999997 -0.000000 -0.000001 0.002446
-0.480111 0.690119 0.249933 0.999997 0.000000 0.000000 0.002446
-0.480111 0.690119 0.249893 0.999997 -0.000000 0.000002 0.002448
-0.480111 0.690118 0.249894 0.999997 0.000002 0.000001 0.002449
-0.480111 0.690119 0.249878 0.999997 0.000001 0.000001 0.002452
-0.480112 0.690119 0.249890 0.999997 0.000001 -0.000001 0.002453
-0.480111 0.690118 0.249915 0.999997 0.000002 0.000001 0.002456
-0.480110 0.690119 0.249890 0.999997 0.000001 0.000002 0.002456
-0.480111 0.690120 0.249827 0.999997 -0.000001 0.000001 0.002460
-0.480112 0.690123 0.249855 0.999997 -0.000008 0.000001 0.002463
-0.480112 0.690119 0.249891 0.999997 0.000002 0.000000 0.002467
-0.480114 0.690120 0.249907 0.999997 -0.000001 -0.000003 0.002472
-0.480112 0.690118 0.249880 0.999997 0.000004 -0.000000 0.002476
-0.480116 0.690123 0.249790 0.999997 -0.000006 -0.000007 0.002480
-0.480113 0.690122 0.249762 0.999997 -0.000003 -0.000003 0.002482
-0.480111 0.690121 0.249887 0.999997 -0.000002 0.000003 0.002487
-0.480115 0.690121 0.249868 0.999997 -0.000001 -0.000005 0.002491
-0.480114 0.690121 0.249865 0.999997 -0.000001 -0.000002 0.002494
-0.480113 0.690121 0.249872 0.999997 0.000000 -0.000001 0.002495
-0.480112 0.690121 0.249864 0.999997 -0.000001 0.000001 0.002499
-0.480114 0.690118 0.249860 0.999997 0.000005 -0.000003 0.002500
-0.480112 0.690122 0.249891 0.999997 -0.000002 0.000001 0.002502
-0.480113 0.690122 0.249900 0.999997 -0.000003 0.000001 0.002502
-0.480114 0.690120 0.249883 0.999997 0.000002 -0.000002 0.002507
-0.480113 0.690120 0.249866 0.999997 0.000004 -0.000001 0.002511
-0.480112 0.690120 0.249821 0.999997 0.000003 0.000003 0.002515
-0.480114 0.690122 0.249817 0.999997 -0.000001 -0.000002 0.002516
-0.480113 0.690124 0.249847 0.999997 -0.000004 0.000001 0.002519
-0.480113 0.690119 0.249847 0.999997 0.000006 -0.000001 0.002522
-0.480112 0.690120 0.249846 0.999997 0.000003 0.000003 0.002523
-0.480114 0.690121 0.249829 0.999997 0.000002 -0.000001 0.002526
-0.480114 0.690123 0.249840 0.999997 -0.000002 -0.000002 0.002527
-0.480113 0.690122 0.249911 0.999997 0.000001 -0.000000 0.002530
-0.480112 0.690121 0.249879 0.999997 0.000002 0.000002 0.002532
-0.480113 0.690123 0.249858 0.999997 -0.000002 0.000001 0.002535
-0.480116 0.690121 0.249854 0.999997 0.000003 -0.000006 0.002536
-0.480114 0.690123 0.249824 0.999997 -0.000001 -0.000000 0.002539
-0.480112 0.690122 0.249821 0.999997 0.000001 0.000003 0.002540
-0.480115 0.690121 0.249869 0.999997 0.000004 -0.000002 0.002544
-0.480114 0.690124 0.249841 0.999997 -0.000004 0.000000 0.002545
-0.480113 0.690122 0.249779 0.999997 0.000001 0.000002 0.002547
-0.480112 0.690122 0.249773 0.999997 0.000002 0.000003 0.002548
-0.480114 0.690122 0.249778 0.999997 0.000000 -0.000001 0.002549
-0.480115 0.690123 0.249811 0.999997 0.000000 -0.000003 0.002553
-0.480115 0.690117 0.249827 0.999997 0.000011 -0.000002 0.002556
-0.480116 0.690119 0.249812 0.999997 0.000008 -0.000005 0.002557
-0.480113 0.690124 0.249777 0.999997 -0.000002 0.000001 0.002560
-0.480113 0.690124 0.249785 0.999997 -0.000002 0.000002 0.002560
-0.480114 0.690123 0.249858 0.999997 0.000001 -0.000001 0.002567
-0.480114 0.690124 0.249866 0.999997 -0.000001 0.000000 0.002573
-0.480114 0.690123 0.249890 0.999997 0.000000 -0.000001 0.002574
-0.480115 0.690123 0.249921 0.999997 0.000001 -0.000003 0.002576
-0.480115 0.690122 0.249921 0.999997 0.000002 -0.000002 0.002577
-0.480115 0.690123 0.249955 0.999997 0.000001 -0.000002 0.002580
-0.480115 0.690124 0.249919 0.999997 -0.000001 -0.000002 0.002582
-0.480115 0.690125 0.249821 0.999997 -0.000003 -0.000002 0.002585
-0.480115 0.690122 0.249916 0.999997 0.000003 -0.000002 0.002591
-0.480115 0.690124 0.249875 0.999997 -0.000001 -0.000001 0.002594
-0.480115 0.690123 0.249917 0.999997 0.000001 -0.000001 0.002598
-0.480114 0.690124 0.249942 0.999997 0.000000 -0.000000 0.002600
-0.480113 0.690123 0.249889 0.999997 0.000002 0.000002 0.002604
-0.480115 0.690122 0.249831 0.999997 0.000005 -0.000001 0.002605
-0.480115 0.690123 0.249844 0.999997 0.000003 -0.000002 0.002608
-0.480114 0.690124 0.249922 0.999997 0.000000 0.000001 0.002610
-0.480114 0.690124 0.249961 0.999997 0.000000 -0.000000 0.002610
-0.480115 0.690124 0.249963 0.999997 0.000000 -0.000001 0.002611
-0.480115 0.690123 0.249942 0.999997 0.000002 -0.000001 0.002613
-0.480115 0.690124 0.249944 0.999997 0.000000 -0.000001 0.002614
-0.480115 0.690123 0.249927 0.999997 0.000004 -0.000001 0.002617
-0.480115 0.690126 0.249889 0.999997 -0.000003 -0.000002 0.002619
-0.480116 0.690125 0.249873 0.999997 -0.000001 -0.000003 0.002623
-0.480114 0.690124 0.249879 0.999997 0.000002 0.000001 0.002625
-0.480114 0.690124 0.249893 0.999997 0.000001 0.000000 0.002626
-0.480115 0.690126 0.249905 0.999997 -0.000003 -0.000001 0.002630
-0.480116 0.690120 0.249796 0.999997 0.000010 -0.000004 0.002634
-0.480116 0.690126 0.249828 0.999997 -0.000001 -0.000002 0.002635
-0.480116 0.690126 0.249834 0.999997 -0.000001 -0.000001 0.002642
-0.480114 0.690126 0.249927 0.999996 -0.000001 0.000001 0.002646
-0.480116 0.690125 0.249906 0.999996 0.000001 -0.000001 0.002650
-0.480117 0.690128 0.249909 0.999996 -0.000003 -0.000004 0.002653
-0.480115 0.690122 0.249796 0.999996 0.000008 0.000000 0.002656
-0.480116 0.690122 0.249787 0.999996 0.000008 -0.000001 0.002661
-0.480116 0.690126 0.249870 0.999996 0.000000 -0.000001 0.002665
-0.480116 0.690126 0.249892 0.999996 0.000000 -0.000000 0.002669
-0.480115 0.690126 0.249891 0.999996 0.000001 0.000000 0.002673
-0.480117 0.690128 0.249861 0.999996 -0.000002 -0.000004 0.002676
-0.480116 0.690128 0.249782 0.999996 -0.000002 -0.000002 0.002678
-0.480114 0.690127 0.249805 0.999996 -0.000002 0.000002 0.002685
-0.480114 0.690127 0.249821 0.999996 -0.000001 0.000003 0.002688
-0.480116 0.690126 0.249893 0.999996 0.000002 -0.000000 0.002694
-0.480116 0.690127 0.249935 0.999996 -0.000001 -0.000001 0.002696
-0.480116 0.690126 0.249914 0.999996 0.000002 -0.000000 0.002700
-0.480116 0.690127 0.249921 0.999996 -0.000000 -0.000001 0.002703
-0.480116 0.690125 0.249873 0.999996 0.000004 -0.000002 0.002708
-0.480116 0.690129 0.249869 0.999996 -0.000003 -0.000001 0.002713
-0.480117 0.690125 0.249837 0.999996 0.000004 -0.000003 0.002718
-0.480115 0.690129 0.249900 0.999996 -0.000002 0.000002 0.002720
-0.480115 0.690129 0.249928 0.999996 -0.000003 0.000002 0.002723
-0.480115 0.690128 0.249945 0.999996 -0.000001 0.000002 0.002725
-0.480116 0.690127 0.249911 0.999996 0.000001 0.000001 0.002727
-0.480116 0.690129 0.249888 0.999996 -0.000001 -0.000000 0.002732
-0.480118 0.690129 0.249848 0.999996 -0.000001 -0.000004 0.002737
-0.480117 0.690129 0.249879 0.999996 -0.000002 -0.000001 0.002740
-0.480117 0.690130 0.249810 0.999996 -0.000003 -0.000001 0.002744
-0.480117 0.690128 0.249859 0.999996 0.000002 -0.000002 0.002749
-0.480117 0.690129 0.249930 0.999996 -0.000001 -0.000002 0.002752
-0.480117 0.690129 0.249897 0.999996 -0.000001 -0.000000 0.002756
-0.480117 0.690129 0.249923 0.999996 -0.000001 -0.000000 0.002760
-0.480116 0.690129 0.249959 0.999996 0.000001 0.000001 0.002763
-0.480117 0.690130 0.249955 0.999996 -0.000001 -0.000002 0.002764
-0.480117 0.690127 0.249872 0.999996 0.000005 -0.000002 0.002768
-0.480116 0.690130 0.249924 0.999996 -0.000001 0.000001 0.002772
-0.480117 0.690128 0.249906 0.999996 0.000004 -0.000000 0.002776
-0.480118 0.690130 0.249899 0.999996 -0.000002 -0.000002 0.002777
-0.480118 0.690130 0.249792 0.999996 -0.000000 -0.000003 0.002782
-0.480118 0.690126 0.249781 0.999996 0.000008 -0.000003 0.002782
-0.480116 0.690132 0.249800 0.999996 -0.000005 0.000002 0.002784
-0.480116 0.690130 0.249805 0.999996 0.000000 0.000002 0.002785
-0.480117 0.690127 0.249886 0.999996 0.000005 0.000001 0.002787
-0.480120 0.690131 0.249865 0.999996 -0.000002 -0.000005 0.002787
-0.480117 0.690129 0.249892 0.999996 0.000001 0.000001 0.002790
-0.480117 0.690131 0.249886 0.999996 -0.000002 0.000001 0.002794
-0.480117 0.690128 0.249791 0.999996 0.000004 -0.000000 0.002796
-0.480119 0.690133 0.249847 0.999996 -0.000006 -0.000002 0.002799
-0.480118 0.690129 0.249853 0.999996 0.000003 -0.000001 0.002804
-0.480119 0.690130 0.249877 0.999996 0.000002 -0.000002 0.002807
-0.480119 0.690133 0.249923 0.999996 -0.000002 0.000000 0.002832
-0.480120 0.690132 0.249903 0.999996 -0.000001 -0.000002 0.002835
-0.480120 0.690133 0.249848 0.999996 -0.000001 -0.000002 0.002839
-0.480116 0.690131 0.249795 0.999996 0.000003 0.000007 0.002844
-0.480117 0.690130 0.249771 0.999996 0.000004 0.000004 0.002846
-0.480120 0.690132 0.249776 0.999996 -0.000001 -0.000001 0.002846
-0.480119 0.690131 0.249899 0.999996 0.000002 0.000001 0.002848
-0.480120 0.690132 0.249913 0.999996 0.000001 -0.000000 0.002849
-0.480121 0.690132 0.249851 0.999996 0.000000 -0.000003 0.002851
-0.480119 0.690129 0.249835 0.999996 0.000006 0.000000 0.002852
-0.480115 0.690131 0.249753 0.999996 0.000004 0.000008 0.002853
-0.480117 0.690135 0.249749 0.999996 -0.000004 0.000005 0.002854
-0.480119 0.690132 0.249789 0.999996 0.000001 0.000001 0.002856
-0.480121 0.690132 0.249822 0.999996 0.000002 -0.000003 0.002857
-0.480120 0.690132 0.249923 0.999996 0.000000 -0.000000 0.002859
-0.480119 0.690132 0.249927 0.999996 0.000001 0.000001 0.002859
-0.480120 0.690131 0.249817 0.999996 0.000004 -0.000001 0.002863
-0.480121 0.690136 0.249799 0.999996 -0.000007 -0.000003 0.002863
-0.480123 0.690135 0.249774 0.999996 -0.000004 -0.000006 0.002865
-0.480118 0.690135 0.249763 0.999996 -0.000004 0.000002 0.002866
-0.480123 0.690134 0.249787 0.999996 -0.000003 -0.000006 0.002868
-0.480118 0.690131 0.249780 0.999996 0.000004 0.000004 0.002869
-0.480119 0.690132 0.249791 0.999996 0.000003 0.000001 0.002871
-0.480119 0.690131 0.249804 0.999996 0.000004 0.000001 0.002871
-0.480118 0.690134 0.249914 0.999996 -0.000002 0.000003 0.002874
-0.480119 0.690132 0.249902 0.999996 0.000002 0.000002 0.002874
-0.480120 0.690133 0.249894 0.999996 0.000002 0.000000 0.002879
-0.480121 0.690133 0.249938 0.999996 0.000001 -0.000002 0.002880
-0.480122 0.690133 0.249805 0.999996 0.000002 -0.000004 0.002883
-0.480121 0.690133 0.249872 0.999996 0.000001 -0.000003 0.002887
-0.480120 0.690134 0.249894 0.999996 -0.000000 0.000001 0.002889
-0.480120 0.690133 0.249906 0.999996 0.000001 0.000000 0.002890
-0.480121 0.690133 0.249924 0.999996 0.000002 -0.000000 0.002891
-0.480121 0.690134 0.249941 0.999996 0.000000 -0.000000 0.002892
-0.480120 0.690135 0.249949 0.999996 -0.000002 0.000001 0.002893
-0.480122 0.690134 0.249923 0.999996 0.000000 -0.000002 0.002893
-0.480122 0.690134 0.249896 0.999996 0.000001 -0.000002 0.002894
-0.480120 0.690134 0.249911 0.999996 -0.000000 0.000002 0.002896
-0.480121 0.690134 0.249949 0.999996 0.000001 0.000000 0.002897
-0.480122 0.690134 0.249957 0.999996 0.000000 -0.000001 0.002897
-0.480119 0.690134 0.249878 0.999996 0.000000 0.000004 0.002899
-0.480122 0.690133 0.249824 0.999996 0.000002 -0.000002 0.002900
-0.480122 0.690132 0.249799 0.999996 0.000004 -0.000002 0.002902
-0.480125 0.690134 0.249832 0.999996 0.000001 -0.000007 0.002903
-0.480121 0.690133 0.249886 0.999996 0.000003 0.000000 0.002907
-0.480121 0.690132 0.249884 0.999996 0.000005 -0.000000 0.002909
-0.480124 0.690137 0.249840 0.999996 -0.000005 -0.000005 0.002913
-0.480121 0.690134 0.249818 0.999996 0.000001 0.000000 0.002914
-0.480121 0.690137 0.249868 0.999996 -0.000003 0.000000 0.002916
-0.480122 0.690135 0.249911 0.999996 -0.000001 -0.000001 0.002917
-0.480122 0.690136 0.249905 0.999996 -0.000002 -0.000002 0.002921
-0.480123 0.690134 0.249845 0.999996 0.000003 -0.000003 0.002925
-0.480125 0.690133 0.249814 0.999996 0.000005 -0.000007 0.002930
-0.480124 0.690134 0.249772 0.999996 0.000002 -0.000004 0.002933
-0.480124 0.690132 0.249822 0.999996 0.000007 -0.000004 0.002941
-0.480124 0.690136 0.249870 0.999996 -0.000001 -0.000003 0.002944
-0.480123 0.690135 0.249931 0.999996 0.000002 -0.000001 0.002948
-0.480122 0.690135 0.249931 0.999996 0.000001 0.000001 0.002952
-0.480121 0.690135 0.249886 0.999996 0.000001 0.000001 0.002956
-0.480124 0.690136 0.249910 0.999996 0.000001 -0.000003 0.002959
-0.480123 0.690135 0.249895 0.999996 0.000002 -0.000002 0.002961
-0.480123 0.690135 0.249947 0.999996 0.000003 -0.000001 0.002963
-0.480123 0.690137 0.249923 0.999996 -0.000001 0.000000 0.002966
-0.480121 0.690137 0.249895 0.999996 -0.000000 0.000003 0.002970
-0.480124 0.690136 0.249899 0.999996 0.000001 -0.000003 0.002973
-0.480124 0.690137 0.249906 0.999996 -0.000000 -0.000002 0.002977
-0.480124 0.690136 0.249883 0.999996 0.000002 -0.000001 0.002982
-0.480122 0.690137 0.249934 0.999996 0.000000 0.000002 0.002984
-0.480122 0.690138 0.249869 0.999996 -0.000001 0.000002 0.002988
-0.480124 0.690136 0.249965 0.999996 0.000002 -0.000001 0.002989
-0.480123 0.690137 0.249913 0.999996 -0.000000 0.000002 0.002992
-0.480123 0.690138 0.249895 0.999996 -0.000000 0.000001 0.002996
-0.480125 0.690138 0.249910 0.999996 -0.000001 -0.000002 0.002998
-0.480126 0.690137 0.249880 0.999995 0.000001 -0.000004 0.003002
-0.480123 0.690137 0.249868 0.999995 0.000003 0.000001 0.003007
-0.480120 0.690137 0.249815 0.999995 0.000002 0.000007 0.003010
-0.480125 0.690139 0.249862 0.999995 -0.000000 0.000000 0.003018
-0.480125 0.690138 0.249907 0.999995 0.000002 -0.000001 0.003023
-0.480125 0.690138 0.249917 0.999995 0.000002 -0.000001 0.003026
-0.480127 0.690139 0.249919 0.999995 -0.000000 -0.000003 0.003028
-0.480127 0.690139 0.249871 0.999995 0.000001 -0.000004 0.003032
-0.480124 0.690139 0.249828 0.999995 0.000001 0.000003 0.003037
-0.480123 0.690138 0.249807 0.999995 0.000004 0.000004 0.003041
-0.480126 0.690140 0.249829 0.999995 -0.000002 -0.000001 0.003045
-0.480125 0.690139 0.249866 0.999995 0.000002 0.000002 0.003049
-0.480124 0.690139 0.249763 0.999995 0.000001 0.000003 0.003052
-0.480127 0.690140 0.249852 0.999995 -0.000001 -0.000002 0.003057
-0.480125 0.690141 0.249866 0.999995 -0.000001 0.000001 0.003062
-0.480125 0.690140 0.249853 0.999995 0.000001 0.000003 0.003067
-0.480125 0.690140 0.249901 0.999995 0.000001 0.000002 0.003071
-0.480127 0.690141 0.249928 0.999995 -0.000001 -0.000002 0.003073
-0.480126 0.690140 0.249949 0.999995 0.000001 0.000000 0.003076
-0.480127 0.690141 0.249960 0.999995 -0.000000 -0.000001 0.003077
-0.480127 0.690139 0.249930 0.999995 0.000003 -0.000001 0.003080
-0.480126 0.690139 0.249914 0.999995 0.000003 0.000001 0.003082
-0.480127 0.690140 0.249864 0.999995 0.000002 -0.000001 0.003086
-0.480127 0.690141 0.249925 0.999995 0.000000 0.000001 0.003088
-0.480126 0.690141 0.249881 0.999995 -0.000000 0.000002 0.003093
-0.480126 0.690142 0.249869 0.999995 -0.000001 0.000002 0.003096
-0.480128 0.690141 0.249962 0.999995 0.000001 -0.000001 0.003099
-0.480128 0.690142 0.249848 0.999995 -0.000001 -0.000001 0.003103
-0.480129 0.690142 0.249856 0.999995 -0.000001 -0.000004 0.003107
-0.480128 0.690140 0.249928 0.999995 0.000002 -0.000002 0.003109
-0.480128 0.690140 0.249863 0.999995 0.000003 -0.000002 0.003114
-0.480127 0.690140 0.249874 0.999995 0.000003 0.000001 0.003119
-0.480127 0.690143 0.249822 0.999995 -0.000002 0.000002 0.003123
-0.480128 0.690144 0.249883 0.999995 -0.000004 0.000001 0.003126
-0.480129 0.690140 0.249930 0.999995 0.000004 -0.000001 0.003128
-0.480130 0.690137 0.249785 0.999995 0.000011 -0.000003 0.003131
-0.480129 0.690143 0.249788 0.999995 -0.000002 0.000000 0.003132
-0.480128 0.690143 0.249836 0.999995 -0.000002 0.000003 0.003138
-0.480129 0.690142 0.249912 0.999995 0.000000 0.000001 0.003142
-0.480128 0.690143 0.249866 0.999995 -0.000000 0.000002 0.003145
-0.480131 0.690143 0.249882 0.999995 -0.000001 -0.000004 0.003148
-0.480129 0.690144 0.249870 0.999995 -0.000002 0.000001 0.003151
-0.480130 0.690143 0.249828 0.999995 -0.000000 -0.000002 0.003155
-0.480131 0.690143 0.249870 0.999995 -0.000000 -0.000002 0.003160
-0.480131 0.690144 0.249844 0.999995 -0.000002 -0.000003 0.003164
-0.480129 0.690143 0.249912 0.999995 0.000001 0.000001 0.003168
-0.480131 0.690142 0.249882 0.999995 0.000002 -0.000002 0.003171
-0.480129 0.690144 0.249881 0.999995 -0.000000 0.000002 0.003175
-0.480130 0.690146 0.249819 0.999995 -0.000005 0.000002 0.003179
-0.480132 0.690143 0.249878 0.999995 0.000002 -0.000002 0.003183
-0.480131 0.690144 0.249908 0.999995 0.000001 0.000001 0.003185
-0.480131 0.690142 0.249912 0.999995 0.000004 0.000000 0.003189
-0.480131 0.690144 0.249894 0.999995 0.000001 0.000000 0.003194
-0.480131 0.690145 0.249922 0.999995 -0.000000 -0.000000 0.003197
-0.480132 0.690145 0.249893 0.999995 -0.000001 -0.000002 0.003200
