-0.080738 0.886014 0.407059
-0.080725 0.886149 0.407038
-0.080744 0.886320 0.407007
-0.080738 0.886363 0.407000
-0.080163 0.886563 0.406996
-0.080135 0.886601 0.406992
-0.079526 0.886760 0.407000
-0.079483 0.886796 0.406997
-0.078843 0.886946 0.407010
-0.079718 0.886542 0.407004
-0.080511 0.886198 0.407013
-0.080529 0.885255 0.407288
-0.080426 0.885188 0.407322
-0.079371 0.884920 0.407484
-0.079274 0.884901 0.407500
-0.078364 0.884821 0.407583
-0.078271 0.884819 0.407592
-0.077349 0.884781 0.407660
-0.077281 0.884789 0.407665
-0.076447 0.884801 0.407714
-0.076274 0.884867 0.407724
-0.076268 0.885020 0.407708
-0.076343 0.885241 0.407672
-0.076715 0.885772 0.407570
-0.077475 0.885878 0.407523
-0.077700 0.885889 0.407510
-0.078302 0.885903 0.407482
-0.079245 0.885494 0.407486
-0.080116 0.885101 0.407508
-0.081440 0.883927 0.407747
-0.081390 0.883796 0.407782
-0.081587 0.883281 0.407901
-0.081516 0.883100 0.407943
-0.081843 0.882803 0.407994
-0.081853 0.882662 0.408021
-0.082290 0.882434 0.408049
-0.082341 0.882322 0.408067
-0.082843 0.882142 0.408079
-0.082921 0.882048 0.408090
-0.083509 0.881883 0.408093
-0.083552 0.881843 0.408096
-0.084197 0.881691 0.408089
-0.084278 0.881505 0.408107
-0.084219 0.881281 0.408137
-0.084214 0.881225 0.408144
-0.084740 0.880969 0.408159
-0.084762 0.880920 0.408164
-0.085308 0.880745 0.408163
-0.086252 0.880279 0.408176
-0.087586 0.879482 0.408252
-0.088272 0.878422 0.408477
-0.088213 0.878261 0.408516
-0.088291 0.877534 0.408669
-0.088245 0.877424 0.408691
-0.088370 0.877304 0.408705
-0.090962 0.875274 0.408961
-0.090931 0.875018 0.409021
-0.090792 0.873924 0.409269
-0.090702 0.873769 0.409302
-0.090811 0.873142 0.409414
-0.090728 0.872915 0.409455
-0.091014 0.872613 0.409492
-0.091933 0.872067 0.409523
-0.093385 0.870801 0.409692
-0.093680 0.869860 0.409889
-0.093526 0.869486 0.409971
-0.093627 0.868896 0.410079
-0.093542 0.868630 0.410128
-0.093807 0.868202 0.410189
-0.093796 0.867998 0.410219
-0.094184 0.867672 0.410252
-0.094212 0.867440 0.410281
-0.094659 0.867200 0.410293
-0.094731 0.867069 0.410305
-0.095297 0.866833 0.410307
-0.095340 0.866776 0.410310
-0.095971 0.866554 0.410303
-0.096020 0.866500 0.410305
-0.096707 0.866275 0.410291
-0.096749 0.866226 0.410292
-0.097397 0.866030 0.410275
-0.097488 0.865933 0.410277
-0.098065 0.865773 0.410261
-0.098185 0.865675 0.410262
-0.098785 0.865518 0.410242
-0.098860 0.865467 0.410242
-0.099804 0.864922 0.410262
-0.101973 0.863314 0.410470
-0.101968 0.863114 0.410513
-0.102812 0.862428 0.410578
-0.104513 0.860575 0.410876
-0.104476 0.860261 0.410948
-0.105264 0.859465 0.411044
-0.106691 0.857290 0.411431
-0.106591 0.856914 0.411518
-0.107320 0.856052 0.411631
-0.108391 0.853309 0.412154
-0.107987 0.852607 0.412312
-0.107451 0.851346 0.412571
-0.107317 0.851125 0.412612
-0.107226 0.850269 0.412755
-0.107096 0.849966 0.412803
-0.107307 0.849490 0.412864
-0.107290 0.849257 0.412895
-0.107656 0.848899 0.412927
-0.107685 0.848636 0.412955
-0.108069 0.848420 0.412964
-0.108196 0.848191 0.412982
-0.108698 0.847974 0.412983
-0.108815 0.847787 0.412993
-0.109267 0.847629 0.412986
-0.109465 0.847402 0.412995
-0.109640 0.847343 0.412991
-0.110701 0.846746 0.413026
-0.112526 0.845167 0.413237
-0.112860 0.844581 0.413344
-0.112791 0.844112 0.413428
-0.113610 0.843432 0.413494
-0.115049 0.842325 0.413633
-0.115199 0.840860 0.413923
-0.115239 0.840657 0.413958
-0.116164 0.839912 0.414038
-0.117523 0.837894 0.414370
-0.117594 0.837095 0.414529
-0.117533 0.836858 0.414573
-0.119342 0.834830 0.414858
-0.119715 0.834018 0.415009
-0.119260 0.832714 0.415266
-0.119276 0.832520 0.415298
-0.119107 0.831694 0.415429
-0.119190 0.831565 0.415444
-0.119300 0.830983 0.415519
-0.119552 0.830813 0.415534
-0.119717 0.830476 0.415567
-0.120022 0.830339 0.415573
-0.120260 0.830054 0.415594
-0.120591 0.829937 0.415594
-0.120881 0.829642 0.415609
-0.121049 0.829587 0.415607
-0.121502 0.829281 0.415616
-0.121856 0.829189 0.415609
-0.122200 0.828934 0.415612
-0.122377 0.828885 0.415608
-0.122866 0.828599 0.415608
-0.123050 0.828550 0.415603
-0.123580 0.828238 0.415599
-0.123759 0.828193 0.415593
-0.124266 0.827917 0.415587
-0.124637 0.827832 0.415574
-0.125016 0.827587 0.415567
-0.125197 0.827539 0.415560
-0.125733 0.827226 0.415549
-0.125913 0.827180 0.415542
-0.126516 0.826375 0.415459
-0.126101 0.826467 0.415439
-0.126620 0.826636 0.414326
-0.126838 0.827026 0.413270
-0.126522 0.827661 0.412319
-0.126059 0.828317 0.411509
-0.125490 0.829046 0.410678
-0.124867 0.829809 0.409838
-0.124127 0.830680 0.408899
-0.123414 0.831508 0.408012
-0.122715 0.832311 0.407154
-0.122022 0.833099 0.406313
-0.121331 0.833876 0.405484
-0.120641 0.834644 0.404664
-0.119949 0.835405 0.403852
-0.119340 0.836078 0.403130
-0.118693 0.836781 0.402376
-0.117934 0.837585 0.401521
-0.117205 0.838350 0.400707
-0.116576 0.839013 0.399997
-0.115916 0.839700 0.399263
-0.115147 0.840480 0.398434
-0.114410 0.841221 0.397648
-0.113775 0.841862 0.396963
-0.113021 0.842605 0.396175
-0.112377 0.843242 0.395496
-0.111617 0.843976 0.394720
-0.110969 0.844604 0.394052
-0.110296 0.845249 0.393368
-0.109608 0.845901 0.392677
-0.108910 0.846555 0.391988
-0.108106 0.841981 0.390796
-0.108199 0.840722 0.390111
-0.107943 0.840176 0.389697
-0.107689 0.840083 0.389480
-0.107203 0.840078 0.389396
-0.106801 0.840105 0.389367
-0.106220 0.840117 0.389408
-0.105815 0.840027 0.389432
-0.105512 0.839855 0.389438
-0.105230 0.839683 0.389446
-0.104935 0.839481 0.389464
-0.104690 0.839243 0.389468
-0.104470 0.838901 0.389476
-0.104317 0.838541 0.389476
-0.104162 0.838121 0.389467
-0.103902 0.837529 0.389476
-0.103687 0.837042 0.389482
-0.103553 0.836411 0.389458
-0.103477 0.835858 0.389428
-0.103403 0.835169 0.389374
-0.103390 0.834436 0.389306
-0.103451 0.833796 0.389222
-0.103508 0.833016 0.389118
-0.103591 0.832332 0.389018
-0.103754 0.831489 0.388876
-0.103944 0.830623 0.388721
-0.104079 0.829765 0.388583
-0.104229 0.829046 0.388455
-0.104372 0.828149 0.388307
-0.104556 0.827286 0.388150
-0.104719 0.826505 0.388010
-0.104947 0.825557 0.387829
-0.105101 0.824890 0.387707
-0.105347 0.824009 0.387529
-0.105664 0.823007 0.387320
-0.105919 0.822191 0.387143
-0.106182 0.821370 0.386961
-0.106443 0.820522 0.386775
-0.106769 0.819513 0.386552
-0.107022 0.818562 0.386350
-0.107291 0.817773 0.386166
-0.107616 0.816883 0.385945
-0.107857 0.816140 0.385770
-0.108135 0.815257 0.385567
-0.108390 0.814538 0.385394
-0.108708 0.813686 0.385182
-0.108947 0.812990 0.385017
-0.109193 0.812286 0.384852
-0.109462 0.811482 0.384674
-0.109714 0.810721 0.384501
-0.109949 0.809980 0.384343
-0.110202 0.809255 0.384180
-0.110419 0.808659 0.384049
-0.110697 0.807948 0.383885
-0.110918 0.807364 0.383752
-0.111161 0.806688 0.383609
-0.111336 0.806133 0.383501
-0.111530 0.805557 0.383385
-0.111798 0.804878 0.383237
-0.112006 0.804328 0.383121
-0.112237 0.803700 0.382994
-0.112432 0.803179 0.382891
-0.112673 0.802558 0.382765
-0.112897 0.801971 0.382651
-0.113106 0.801401 0.382545
-0.113273 0.800914 0.382456
-0.113470 0.800398 0.382356
-0.113677 0.799865 0.382254
-0.113886 0.799339 0.382154
-0.114097 0.798719 0.382044
-0.114050 0.798398 0.382043
-0.114032 0.798075 0.382033
-0.114094 0.797673 0.381991
-0.114190 0.797207 0.381933
-0.114302 0.796713 0.381866
-0.114455 0.796130 0.381780
-0.114575 0.795644 0.381710
-0.114704 0.795139 0.381633
-0.114842 0.794616 0.381552
-0.115020 0.793995 0.381448
-0.115184 0.793401 0.381349
-0.115299 0.792897 0.381270
-0.115399 0.792385 0.381195
-0.115526 0.791782 0.381101
-0.115626 0.791276 0.381023
-0.115740 0.790668 0.380930
-0.115825 0.790164 0.380855
-0.115926 0.789560 0.380762
-0.116015 0.789045 0.380682
-0.116089 0.788503 0.380600
-0.116166 0.787862 0.380505
-0.116222 0.787332 0.380427
-0.116267 0.786784 0.380347
-0.116308 0.786221 0.380266
-0.116356 0.785564 0.380170
-0.116399 0.784945 0.380077
-0.116452 0.784335 0.379983
-0.116483 0.783810 0.379905
-0.116521 0.783186 0.379810
-0.116556 0.782576 0.379716
-0.116437 0.782047 0.379675
-0.116213 0.781604 0.379671
-0.115956 0.781216 0.379684
-0.115738 0.780898 0.379696
-0.115462 0.780527 0.379714
-0.115234 0.780210 0.379726
-0.114991 0.779819 0.379733
-0.114807 0.779485 0.379733
-0.114575 0.779087 0.379734
-0.114381 0.778748 0.379734
-0.114146 0.778344 0.379734
-0.113926 0.777945 0.379729
-0.113723 0.777599 0.379727
-0.113498 0.777237 0.379727
-0.113280 0.776860 0.379722
-0.113054 0.776404 0.379708
-0.112886 0.776023 0.379691
-0.112690 0.775572 0.379670
-0.112527 0.775131 0.379642
-0.112391 0.774751 0.379615
-0.112230 0.774296 0.379582
-0.112068 0.773906 0.379559
-0.111875 0.773454 0.379534
-0.111682 0.773011 0.379510
-0.111496 0.772569 0.379486
-0.111348 0.772190 0.379462
-0.111183 0.771727 0.379430
-0.111065 0.771323 0.379397
-0.110921 0.770899 0.379365
-0.110769 0.770474 0.379335
-0.110601 0.769975 0.379297
-0.110471 0.769490 0.379253
-0.110338 0.769014 0.379210
-0.110193 0.768606 0.379180
-0.109994 0.768120 0.379149
-0.109782 0.767651 0.379123
-0.109601 0.767253 0.379101
-0.109406 0.766843 0.379080
-0.109198 0.766433 0.379061
-0.108944 0.765966 0.379040
-0.108711 0.765517 0.379017
-0.108524 0.765126 0.378993
-0.108330 0.764724 0.378970
-0.108116 0.764253 0.378940
-0.107955 0.763862 0.378910
-0.107783 0.763461 0.378879
-0.107606 0.763044 0.378844
-0.107406 0.762559 0.378802
-0.107246 0.762087 0.378753
-0.107122 0.761691 0.378710
-0.106984 0.761281 0.378666
-0.106815 0.760859 0.378627
-0.106609 0.760371 0.378583
-0.106442 0.759958 0.378544
-0.106245 0.759521 0.378506
-0.106027 0.758991 0.378457
-0.105863 0.758544 0.378411
-0.105687 0.758078 0.378364
-0.105484 0.757528 0.378309
-0.105306 0.757076 0.378266
-0.105081 0.756546 0.378219
-0.104887 0.756093 0.378180
-0.104680 0.755619 0.378140
-0.104468 0.755128 0.378097
-0.104225 0.754552 0.378046
-0.104001 0.753993 0.377995
-0.103802 0.753513 0.377954
-0.103570 0.753020 0.377915
-0.103312 0.752430 0.377867
-0.103100 0.751927 0.377824
-0.102876 0.751398 0.377779
-0.102635 0.750765 0.377721
-0.102440 0.750227 0.377671
-0.102238 0.749679 0.377619
-0.102022 0.749039 0.377557
-0.101828 0.748427 0.377496
-0.101675 0.747906 0.377443
-0.101476 0.747283 0.377384
-0.101302 0.746764 0.377338
-0.101108 0.746228 0.377293
-0.100906 0.745675 0.377248
-0.100677 0.745019 0.377193
-0.100496 0.744463 0.377144
-0.100305 0.743880 0.377096
-0.100088 0.743204 0.377038
-0.099900 0.742648 0.376993
-0.099678 0.742078 0.376951
-0.099408 0.741417 0.376903
-0.099187 0.740857 0.376863
-0.098961 0.740282 0.376823
-0.098729 0.739694 0.376781
-0.098468 0.739014 0.376732
-0.098266 0.738450 0.376691
-0.098028 0.737779 0.376644
-0.097802 0.737137 0.376601
-0.097581 0.736502 0.376562
-0.097377 0.735958 0.376533
-0.097114 0.735296 0.376502
-0.096851 0.734654 0.376472
-0.096612 0.734018 0.376439
-0.096380 0.733377 0.376405
-0.096177 0.732818 0.376377
-0.095936 0.732130 0.376343
-0.095713 0.731446 0.376308
-0.095488 0.730768 0.376276
-0.095263 0.730086 0.376246
-0.095047 0.729404 0.376215
-0.094867 0.728799 0.376187
-0.094653 0.728062 0.376152
-0.094484 0.727432 0.376119
-0.094312 0.726767 0.376084
-0.094138 0.725984 0.376039
-0.094015 0.725322 0.376000
-0.093890 0.724637 0.375961
-0.093773 0.723934 0.375921
-0.093663 0.723213 0.375878
-0.093562 0.722487 0.375832
-0.093455 0.721648 0.375777
-0.093360 0.720850 0.375727
-0.093262 0.720184 0.375692
-0.093152 0.719477 0.375656
-0.093040 0.718631 0.375610
-0.092948 0.717810 0.375565
-0.092857 0.717006 0.375521
-0.092780 0.716310 0.375485
-0.092687 0.715577 0.375451
-0.092582 0.714715 0.375410
-0.092496 0.713977 0.375375
-0.092402 0.713207 0.375342
-0.092295 0.712421 0.375309
-0.092167 0.711508 0.375270
-0.092050 0.710634 0.375233
-0.091948 0.709896 0.375206
-0.091828 0.709118 0.375179
-0.091710 0.708313 0.375150
-0.091585 0.707374 0.375116
-0.091478 0.706597 0.375090
-0.091358 0.705674 0.375058
-0.091266 0.704776 0.375022
-0.091182 0.704003 0.374992
-0.091081 0.703071 0.374954
-0.090998 0.702279 0.374920
-0.090910 0.701326 0.374875
-0.090836 0.700522 0.374836
-0.090750 0.699679 0.374796
-0.090655 0.698813 0.374757
-0.090569 0.697938 0.374716
-0.090486 0.696918 0.374667
-0.090427 0.695940 0.374620
-0.090365 0.694978 0.374575
-0.090302 0.694160 0.374538
-0.090233 0.693175 0.374490
-0.090180 0.692337 0.374448
-0.090107 0.691337 0.374399
-0.090039 0.690497 0.374359
-0.089951 0.689491 0.374311
-0.089854 0.688517 0.374266
-0.089767 0.687681 0.374229
-0.089659 0.686682 0.374183
-0.089556 0.685837 0.374145
-0.089439 0.684955 0.374106
-0.089325 0.684051 0.374064
-0.089219 0.683126 0.374020
-0.089109 0.682185 0.373975
-0.089006 0.681108 0.373917
-0.088928 0.680093 0.373860
-0.088854 0.679245 0.373816
-0.088763 0.678367 0.373773
-0.088660 0.677328 0.373721
-0.088571 0.676460 0.373678
-0.088475 0.675560 0.373634
-0.088381 0.674503 0.373579
-0.088291 0.673631 0.373536
-0.088184 0.672596 0.373484
-0.088079 0.671729 0.373442
-0.087951 0.670701 0.373394
-0.087841 0.669841 0.373356
-0.087730 0.668948 0.373318
-0.087607 0.668027 0.373279
-0.087493 0.667079 0.373239
-0.087402 0.665961 0.373184
-0.087336 0.665037 0.373136
-0.087271 0.664081 0.373087
-0.087211 0.663103 0.373036
-0.087152 0.661980 0.372973
-0.087089 0.660920 0.372917
-0.087022 0.659898 0.372863
-0.086939 0.658896 0.372813
-0.086855 0.658027 0.372774
-0.086757 0.657099 0.372734
-0.086656 0.656136 0.372692
-0.086577 0.654993 0.372633
-0.086517 0.653897 0.372572
-0.086462 0.652956 0.372519
-0.086400 0.651968 0.372463
-0.086348 0.650802 0.372391
-0.086303 0.649824 0.372330
-0.086245 0.648666 0.372257
-0.086180 0.647696 0.372200
-0.086111 0.646686 0.372141
-0.086044 0.645649 0.372082
-0.085984 0.644429 0.372009
-0.085922 0.643417 0.371949
-0.085847 0.642222 0.371879
-0.085794 0.641217 0.371818
-0.085737 0.640015 0.371746
-0.085686 0.639010 0.371687
-0.085636 0.637967 0.371628
-0.085587 0.636899 0.371568
-0.085528 0.635815 0.371508
-0.085465 0.634722 0.371450
-0.085411 0.633446 0.371378
-0.085358 0.632398 0.371320
-0.085290 0.631156 0.371251
-0.085217 0.630110 0.371195
-0.085143 0.628855 0.371128
-0.085099 0.627633 0.371062
-0.085073 0.626602 0.371007
-0.085060 0.625362 0.370939
-0.085051 0.624323 0.370883
-0.085025 0.623253 0.370829
-0.085003 0.621995 0.370767
-0.084985 0.620941 0.370715
-0.084981 0.619686 0.370652
-0.084976 0.618631 0.370598
-0.084972 0.617530 0.370543
-0.084987 0.616235 0.370475
-0.084996 0.615156 0.370421
-0.085008 0.613871 0.370356
-0.085029 0.612629 0.370293
-0.085040 0.611562 0.370242
-0.085069 0.610274 0.370178
-0.085078 0.609193 0.370126
-0.085103 0.607909 0.370065
-0.085143 0.606671 0.370005
-0.085164 0.605625 0.369956
-0.085175 0.604540 0.369905
-0.085195 0.603419 0.369853
-0.085234 0.602103 0.369790
-0.085263 0.600870 0.369732
-0.085260 0.599851 0.369689
-0.085246 0.598626 0.369639
-0.085226 0.597593 0.369598
-0.085226 0.596353 0.369547
-0.085232 0.595311 0.369504
-0.085243 0.594226 0.369460
-0.085251 0.593112 0.369416
-0.085253 0.591816 0.369364
-0.085266 0.590573 0.369310
-0.085285 0.589516 0.369265
-0.085285 0.588423 0.369221
-0.085291 0.587148 0.369169
-0.085285 0.586082 0.369128
-0.085272 0.584989 0.369088
-0.085555 0.582312 0.368942
-0.090034 0.574643 0.369380
-0.090664 0.572606 0.369647
-0.091326 0.572036 0.369856
-0.092723 0.570297 0.370452
-0.092679 0.569634 0.370508
-0.092658 0.569078 0.370521
-0.092669 0.568615 0.370525
-0.093784 0.567854 0.370887
-0.094389 0.567108 0.371175
-0.095764 0.566175 0.371721
-0.095985 0.565730 0.371894
-0.097285 0.564795 0.372457
-0.097451 0.564362 0.372626
-0.098806 0.563340 0.373294
-0.098550 0.562931 0.373396
-0.098310 0.562492 0.373366
-0.098298 0.562245 0.373357
-0.099793 0.561072 0.374020
-0.099902 0.560754 0.374109
-0.101365 0.559540 0.374901
-0.101374 0.559406 0.374933
-0.102708 0.558136 0.375766
-0.102678 0.558023 0.375779
-0.103965 0.556793 0.376573
-0.103953 0.556661 0.376601
-0.105215 0.555406 0.377440
-0.105148 0.555174 0.377481
-0.106343 0.554058 0.378266
-0.106010 0.553631 0.378350
-0.105751 0.553200 0.378307
-0.105664 0.552681 0.378298
-0.105649 0.552124 0.378305
-0.105664 0.551587 0.378316
-0.105691 0.551128 0.378325
-0.106531 0.549876 0.377201
-0.106687 0.549400 0.376843
-0.107539 0.548093 0.375421
-0.107558 0.547804 0.375157
-0.108284 0.546639 0.373948
-0.108219 0.546226 0.373440
-0.108105 0.545859 0.373414
-0.108216 0.545781 0.373375
-0.108509 0.545168 0.373357
-0.108636 0.545075 0.373323
-0.108963 0.544466 0.373306
-0.109099 0.544358 0.373273
-0.109442 0.543710 0.373260
-0.109580 0.543597 0.373227
-0.109932 0.542938 0.373214
-0.110208 0.542729 0.373160
-0.110441 0.542140 0.373173
-0.110578 0.542028 0.373140
-0.110950 0.541277 0.373135
-0.110968 0.540693 0.373147
-0.110992 0.540114 0.373158
-0.111025 0.539570 0.373170
-0.111056 0.539285 0.373173
-0.110604 0.539152 0.373252
-0.110601 0.539015 0.373249
-0.110127 0.538779 0.373318
-0.110136 0.538639 0.373316
-0.109710 0.538422 0.373393
-0.109712 0.538278 0.373390
-0.109264 0.538011 0.373467
-0.109275 0.537870 0.373465
-0.108869 0.537639 0.373546
-0.108872 0.537494 0.373543
-0.108749 0.537422 0.373582
-0.109336 0.535966 0.372209
-0.109352 0.535832 0.372133
-0.109228 0.535787 0.372124
-0.109749 0.534493 0.370806
-0.109758 0.534244 0.370608
-0.109213 0.534312 0.370567
-0.109191 0.534207 0.370557
-0.108705 0.534085 0.370637
-0.108696 0.533953 0.370633
-0.108441 0.533847 0.370711
-0.109101 0.532530 0.369670
-0.109176 0.532291 0.369510
-0.108965 0.532148 0.369420
-0.109628 0.530789 0.368137
-0.109644 0.530648 0.368024
-0.109515 0.530612 0.368000
-0.110026 0.529289 0.366777
-0.110022 0.529157 0.366667
-0.109878 0.529128 0.366647
-0.110352 0.527803 0.365458
-0.110307 0.527592 0.365284
-0.110145 0.527611 0.365296
-0.110608 0.526322 0.364184
-0.110596 0.526195 0.364086
-0.110291 0.526179 0.364082
-0.110858 0.524829 0.362963
-0.110852 0.524698 0.362869
-0.110711 0.524671 0.362867
-0.111182 0.523284 0.361795
-0.111123 0.523074 0.361646
-0.110517 0.523219 0.361705
-0.110480 0.523126 0.361702
-0.110013 0.523027 0.361842
-0.110001 0.522899 0.361840
-0.109630 0.522682 0.361980
-0.109630 0.522540 0.361978
-0.109311 0.522274 0.362113
-0.109317 0.522127 0.362109
-0.109025 0.521840 0.362241
-0.109034 0.521690 0.362237
-0.108861 0.521538 0.362340
-0.109744 0.519833 0.361436
-0.109783 0.519652 0.361359
-0.109697 0.519575 0.361371
-0.110391 0.517974 0.360480
-0.110369 0.517728 0.360357
-0.110239 0.517729 0.360391
-0.110830 0.516347 0.359670
-0.110851 0.516005 0.359493
-0.110392 0.516071 0.359548
-0.110298 0.515905 0.359540
-0.109882 0.515877 0.359687
-0.109872 0.515756 0.359685
-0.109635 0.515597 0.359815
-0.110322 0.514330 0.359278
-0.110507 0.513917 0.359120
-0.110400 0.513558 0.359065
-0.111042 0.512327 0.358531
-0.111198 0.511945 0.358383
-0.111016 0.511675 0.358378
-0.111735 0.510231 0.357775
-0.111777 0.510019 0.357707
-0.111317 0.509996 0.357886
-0.111067 0.509724 0.358084
-0.111014 0.509278 0.358214
-0.111013 0.508713 0.358315
-0.111040 0.508175 0.358370
-0.111134 0.508126 0.358372
-0.111472 0.507614 0.358376
-0.111595 0.507555 0.358374
-0.112015 0.507016 0.358360
-0.112147 0.506954 0.358355
-0.112634 0.506355 0.358331
-0.113209 0.506161 0.358299
-0.113738 0.506084 0.358262
-0.114173 0.506038 0.358230
-0.114851 0.505782 0.359172
-0.115606 0.505639 0.359837
-0.116459 0.505341 0.361202
-0.116920 0.505287 0.361627
-0.117849 0.504987 0.363230
-0.118323 0.505018 0.363587
-0.118774 0.505042 0.363585
-0.119239 0.505030 0.363554
-0.119555 0.504889 0.364086
-0.120604 0.504652 0.365289
-0.120899 0.504516 0.365866
-0.121838 0.504316 0.367159
-0.122112 0.504184 0.367745
-0.123003 0.504018 0.369098
-0.123406 0.504055 0.369149
-0.123896 0.504054 0.369129
-0.124467 0.504032 0.369100
-0.124712 0.504006 0.369091
-0.125692 0.503638 0.370764
-0.125823 0.503622 0.370851
-0.126794 0.503280 0.372698
-0.127023 0.503273 0.372857
-0.127800 0.502970 0.374534
-0.127934 0.502955 0.374680
-0.128817 0.502659 0.376761
-0.129107 0.502698 0.376920
-0.129210 0.502434 0.376940
-0.129498 0.502294 0.376946
-0.129676 0.501939 0.376942
-0.130011 0.501748 0.376941
-0.130259 0.501286 0.376934
-0.130500 0.501156 0.376934
-0.130806 0.500675 0.376927
-0.130937 0.500599 0.376927
-0.131262 0.500393 0.377509
-0.131951 0.499631 0.378778
-0.132064 0.499573 0.378841
-0.132360 0.499384 0.379468
-0.132933 0.498686 0.380819
-0.133031 0.498636 0.380886
-0.133304 0.498455 0.381522
-0.133810 0.497783 0.382887
-0.133901 0.497737 0.382955
-0.134157 0.497558 0.383596
-0.134609 0.496943 0.384871
-0.134796 0.496842 0.385044
-0.135019 0.496670 0.385688
-0.135377 0.496134 0.386818
-0.135636 0.495959 0.387147
-0.135827 0.495790 0.387796
-0.136090 0.495367 0.388697
-0.136373 0.495111 0.389197
-0.136695 0.494798 0.390436
-0.136776 0.494606 0.390810
-0.137063 0.494243 0.391414
-0.137206 0.494068 0.392074
-0.137388 0.493638 0.393001
-0.137615 0.493333 0.393611
-0.137630 0.493202 0.393630
-0.137993 0.492807 0.393634
-0.138031 0.492666 0.393625
-0.138455 0.492253 0.393600
-0.138555 0.491964 0.393586
-0.139005 0.491612 0.393575
-0.139066 0.491462 0.393571
-0.139562 0.491017 0.393573
-0.139679 0.490720 0.393569
-0.140091 0.490396 0.393579
-0.140271 0.489989 0.393578
-0.140601 0.489767 0.393592
-0.140815 0.489357 0.393596
-0.141240 0.489093 0.393616
-0.141429 0.488703 0.393621
-0.141669 0.488540 0.393635
-0.141881 0.488337 0.394264
-0.142227 0.487730 0.395407
-0.142483 0.487515 0.395750
-0.142634 0.487335 0.396422
-0.142825 0.486894 0.397369
-0.143056 0.486597 0.397960
-0.143163 0.486426 0.398630
-0.143259 0.486177 0.399197
-0.143484 0.485722 0.400140
-0.143561 0.485555 0.400807
-0.143630 0.485308 0.401370
-0.143759 0.484849 0.402316
-0.143751 0.484719 0.402327
-0.143998 0.484356 0.402314
-0.144031 0.484210 0.402302
-0.144418 0.483787 0.402270
-0.144470 0.483632 0.402262
-0.144963 0.483143 0.402248
-0.145014 0.482991 0.402243
-0.145513 0.482507 0.402253
-0.145566 0.482355 0.402252
-0.145525 0.482372 0.401610
-0.145863 0.482267 0.400325
-0.146156 0.481838 0.400127
-0.146575 0.481582 0.400112
-0.146857 0.481142 0.400129
-0.147329 0.480853 0.400186
-0.147544 0.480447 0.400215
-0.147789 0.480278 0.400248
-0.148255 0.479499 0.400110
-0.149107 0.478099 0.399878
-0.149489 0.477894 0.399840
-0.149911 0.477172 0.399686
-0.150532 0.476110 0.399486
-0.150956 0.475811 0.399403
-0.151360 0.475097 0.399242
-0.151944 0.474067 0.399035
-0.152398 0.473899 0.398944
-0.152424 0.473827 0.398948
-0.152758 0.473674 0.399012
-0.152835 0.473441 0.399034
-0.153179 0.473205 0.399095
-0.153269 0.473155 0.399099
-0.153363 0.472990 0.399110
-0.153887 0.472494 0.399226
-0.153932 0.472344 0.399233
-0.154402 0.471875 0.399275
-0.154451 0.471723 0.399277
-0.154939 0.471247 0.399312
-0.154990 0.471095 0.399315
-0.155497 0.470561 0.399355
-0.155553 0.470390 0.399359
-0.155559 0.470259 0.399366
-0.155879 0.469916 0.399364
-0.156081 0.469430 0.399367
-0.156516 0.469040 0.399414
-0.156672 0.468676 0.399434
-0.157128 0.468208 0.399492
-0.157214 0.468008 0.399503
-0.157251 0.467850 0.399515
-0.157725 0.467356 0.399524
-0.157807 0.467167 0.399528
-0.158448 0.466437 0.399599
-0.158519 0.466244 0.399610
-0.159047 0.465586 0.399680
-0.159186 0.465367 0.400364
-0.159312 0.465064 0.400958
-0.159675 0.464436 0.401942
-0.159771 0.464224 0.402702
-0.159884 0.463717 0.403773
-0.160038 0.463367 0.404390
-0.160109 0.463168 0.405154
-0.160155 0.462552 0.406508
-0.160245 0.462325 0.406911
-0.160295 0.462148 0.407645
-0.160304 0.461575 0.408948
-0.160380 0.461343 0.409378
-0.160396 0.460961 0.409433
-0.160637 0.460695 0.409455
-0.160752 0.460260 0.409451
-0.161018 0.459992 0.409464
-0.161200 0.459501 0.409468
-0.161507 0.459195 0.409490
-0.161762 0.458558 0.409503
-0.161981 0.458353 0.409522
-0.162284 0.457693 0.409546
-0.162609 0.457401 0.409577
-0.162834 0.456882 0.409597
-0.163166 0.456553 0.409631
-0.163395 0.456015 0.409653
-0.163517 0.455881 0.409666
-0.163842 0.455293 0.411372
-0.163904 0.454900 0.411820
-0.164048 0.454643 0.412034
-0.164175 0.454134 0.413835
-0.164168 0.453941 0.414114
-0.164305 0.453442 0.414609
-0.164331 0.453119 0.414647
-0.164582 0.452737 0.414692
-0.164672 0.452386 0.414700
-0.165063 0.451889 0.414737
-0.165120 0.451704 0.414742
-0.165177 0.451392 0.415437
-0.165399 0.450714 0.417020
-0.165407 0.450543 0.417099
-0.165408 0.450248 0.417842
-0.165458 0.449700 0.419374
-0.165423 0.449381 0.419574
-0.165387 0.449130 0.420316
-0.165376 0.448725 0.421657
-0.165245 0.448218 0.422077
-0.165339 0.448047 0.422155
-0.165417 0.447536 0.422173
-0.165624 0.447327 0.422195
-0.165769 0.446868 0.422207
-0.166032 0.446589 0.422239
-0.166253 0.445974 0.422263
-0.166526 0.445708 0.422300
-0.166760 0.445091 0.422331
-0.167215 0.444658 0.422396
-0.167744 0.444414 0.422471
-0.168207 0.444288 0.422538
-0.168683 0.444201 0.422607
-0.169205 0.444125 0.422683
-0.169658 0.444067 0.422749
-0.169678 0.443919 0.423455
-0.169781 0.443718 0.425149
-0.169734 0.443591 0.425901
-0.169621 0.443476 0.427574
-0.169536 0.443364 0.428353
-0.169178 0.443396 0.430175
-0.169243 0.443571 0.430269
-0.169524 0.443667 0.430303
-0.169902 0.443705 0.430350
-0.170363 0.443710 0.430414
-0.170824 0.443690 0.430484
-0.171291 0.443659 0.430558
-0.171723 0.443627 0.430629
-0.171771 0.443495 0.430637
-0.172162 0.443077 0.430707
-0.172216 0.442906 0.430717
-0.172677 0.442300 0.430800
-0.172728 0.442119 0.430810
-0.172832 0.441945 0.430829
-0.172849 0.441219 0.432868
-0.172825 0.441026 0.433051
-0.172895 0.440720 0.433272
-0.172639 0.440117 0.435398
-0.172571 0.439944 0.435583
-0.172537 0.439436 0.435932
-0.172537 0.439273 0.435943
-0.172763 0.438769 0.435999
-0.172795 0.438588 0.436006
-0.173202 0.437901 0.436077
-0.173453 0.437763 0.436120
-0.174370 0.436054 0.435934
-0.175024 0.436227 0.435875
-0.175433 0.436592 0.435933
-0.175829 0.436733 0.436001
-0.176264 0.436796 0.436076
-0.176761 0.436823 0.436162
-0.177201 0.436823 0.436237
-0.177662 0.436818 0.436315
-0.178130 0.436811 0.436393
-0.178602 0.436803 0.436471
-0.179025 0.436795 0.436540
-0.179069 0.436803 0.436509
-0.179599 0.436884 0.436437
-0.179654 0.436895 0.436399
-0.180164 0.436970 0.436319
-0.180236 0.436982 0.436279
-0.180890 0.437072 0.436196
-0.180963 0.437080 0.436160
-0.181536 0.437151 0.436081
-0.181622 0.437160 0.436041
-0.182317 0.437252 0.435953
-0.182400 0.437256 0.435915
-0.183076 0.437346 0.435824
-0.183159 0.437349 0.435785
-0.183747 0.437429 0.435687
-0.183840 0.437434 0.435643
-0.184458 0.437527 0.435530
-0.184646 0.437545 0.435440
-0.185237 0.437649 0.435356
-0.185334 0.437650 0.435313
-0.185946 0.437751 0.435190
-0.186048 0.437754 0.435142
-0.186747 0.437891 0.434996
-0.186842 0.437891 0.434950
-0.187431 0.438001 0.434809
-0.187533 0.438002 0.434757
-0.188214 0.438155 0.434591
-0.188311 0.438153 0.434543
-0.188890 0.438275 0.434386
-0.188995 0.438275 0.434332
-0.189594 0.438410 0.434160
-0.189843 0.438368 0.433410
-0.190103 0.438306 0.432714
-0.191055 0.438399 0.431400
-0.191566 0.438328 0.429892
-0.192440 0.438483 0.428668
-0.192695 0.438444 0.427859
-0.193673 0.438541 0.426037
-0.193923 0.438504 0.425191
-0.194876 0.438620 0.423297
-0.195113 0.438588 0.422441
-0.196181 0.438827 0.420360
-0.196714 0.439112 0.420228
-0.197239 0.439342 0.420208
-0.197682 0.439481 0.420197
-0.198137 0.439599 0.420187
-0.198595 0.439706 0.420175
-0.199093 0.439822 0.420162
-0.199484 0.439895 0.420151
-0.199966 0.439994 0.420138
-0.200473 0.440106 0.420124
-0.200911 0.440194 0.420112
-0.201367 0.440286 0.420100
-0.201867 0.440394 0.420087
-0.202342 0.440496 0.420074
-0.202811 0.440596 0.420062
-0.203279 0.440696 0.420049
-0.203711 0.440783 0.420038
-0.204207 0.440893 0.420025
-0.204648 0.440985 0.420014
-0.205149 0.441099 0.420002
-0.205593 0.441194 0.419991
-0.206057 0.441295 0.419979
-0.206569 0.441417 0.419968
-0.207018 0.441517 0.419957
-0.207487 0.441623 0.419946
-0.207963 0.441734 0.419935
-0.208483 0.441864 0.419924
-0.209008 0.441996 0.419914
-0.209608 0.442158 0.419905
-0.210401 0.442414 0.419897
-0.211225 0.442702 0.419889
-0.212069 0.443007 0.419881
-0.212836 0.443277 0.419874
-0.213746 0.443612 0.419867
-0.214062 0.443701 0.419862
-0.214976 0.443672 0.417579
-0.215418 0.443776 0.417224
-0.216457 0.443841 0.414695
-0.216949 0.443991 0.414303
-0.218028 0.444134 0.411731
-0.218766 0.444414 0.411219
-0.219568 0.444516 0.409057
-0.220561 0.444881 0.408261
-0.221315 0.444971 0.406160
-0.222076 0.445211 0.405492
-0.222842 0.445289 0.403321
-0.223618 0.445523 0.402630
-0.224365 0.445601 0.400438
-0.225350 0.445921 0.399639
-0.225814 0.445947 0.397989
-0.226795 0.446213 0.396806
-0.227235 0.446232 0.395099
-0.227423 0.446145 0.394592
-0.228281 0.446103 0.393782
-0.228472 0.446061 0.392875
-0.228639 0.445908 0.392115
-0.229015 0.444973 0.391684
-0.230123 0.443832 0.391065
-0.230385 0.443772 0.390126
-0.230607 0.443661 0.389341
-0.231431 0.442173 0.388585
-0.232165 0.441900 0.388226
-0.232711 0.442012 0.386473
-0.233152 0.442082 0.385600
-0.233912 0.442415 0.385090
-0.234114 0.442471 0.384157
-0.234603 0.442381 0.382527
-0.235223 0.442515 0.382040
-0.235371 0.442507 0.381109
-0.235727 0.442248 0.379488
-0.236246 0.442250 0.379011
-0.236353 0.442208 0.378080
-0.236527 0.441934 0.376795
-0.236992 0.441809 0.376086
-0.237072 0.441743 0.375125
-0.237200 0.441433 0.373808
-0.237737 0.441255 0.372983
-0.237781 0.441190 0.372052
-0.237809 0.441014 0.371274
-0.238267 0.440702 0.370060
-0.238286 0.440625 0.369099
-0.238291 0.440440 0.368303
-0.238690 0.440100 0.367064
-0.238686 0.440021 0.366102
-0.238669 0.439833 0.365305
-0.239158 0.439436 0.363903
-0.239221 0.439297 0.363858
-0.239374 0.439226 0.364690
-0.240063 0.439098 0.366309
-0.240258 0.438821 0.366493
-0.240418 0.438781 0.367402
-0.241123 0.438689 0.369139
-0.241398 0.438318 0.369385
-0.241901 0.438128 0.369420
-0.242072 0.437849 0.369410
-0.242588 0.437610 0.369365
-0.242762 0.437646 0.370225
-0.242921 0.437550 0.370952
-0.243772 0.437235 0.372125
-0.243851 0.437089 0.372150
-0.244461 0.436726 0.372148
-0.244542 0.436573 0.372141
-0.244542 0.436376 0.371260
-0.244852 0.436025 0.369493
-0.244991 0.435733 0.369264
-0.244966 0.435577 0.368329
-0.245150 0.435335 0.366699
-0.245284 0.435040 0.366338
-0.245203 0.434774 0.364567
-0.245410 0.434620 0.363477
-0.245482 0.434474 0.363329
-0.245394 0.434162 0.361552
-0.245665 0.433965 0.360311
-0.245732 0.433825 0.360212
-0.245675 0.433651 0.359272
-0.245837 0.433363 0.357418
-0.245983 0.432995 0.357118
-0.246321 0.432856 0.357009
-0.246616 0.432416 0.356949
-0.246984 0.432309 0.356907
-0.247243 0.431950 0.356872
-0.247648 0.431814 0.356829
-0.247999 0.431378 0.356782
-0.248275 0.431297 0.356754
-0.248736 0.430806 0.356695
-0.248872 0.430771 0.356681
-0.249464 0.430239 0.356609
-0.249602 0.430214 0.356595
-0.250135 0.429747 0.356531
-0.250282 0.429717 0.356516
-0.250926 0.429208 0.356436
-0.251070 0.429187 0.356421
-0.251705 0.428701 0.356343
-0.251849 0.428681 0.356328
-0.252409 0.428235 0.356261
-0.252561 0.428208 0.356245
-0.253151 0.427747 0.356174
-0.253308 0.427720 0.356157
-0.253915 0.427257 0.356084
-0.254236 0.427212 0.356050
-0.254502 0.426956 0.356018
-0.254442 0.426729 0.354348
-0.254695 0.426613 0.353305
-0.254783 0.426475 0.353162
-0.254612 0.426109 0.350833
-0.254752 0.426028 0.350262
-0.254901 0.425754 0.350013
-0.254651 0.425459 0.347748
-0.254690 0.425418 0.347413
-0.254865 0.425037 0.346956
-0.254628 0.424848 0.345212
-0.254623 0.424797 0.344698
-0.254762 0.424336 0.343912
-0.254619 0.424247 0.342964
-0.254549 0.424183 0.342170
-0.254573 0.423652 0.340881
-0.254403 0.423575 0.339936
-0.254307 0.423520 0.339147
-0.254257 0.422963 0.337815
-0.254342 0.422937 0.337772
-0.254511 0.422662 0.337717
-0.255142 0.420602 0.337620
-0.255367 0.420448 0.337588
-0.255920 0.420186 0.337500
-0.256500 0.418715 0.337421
-0.256823 0.418445 0.337377
-0.257603 0.418207 0.337250
-0.258284 0.416837 0.337155
-0.258657 0.416618 0.337101
-0.259573 0.416519 0.336949
-0.260639 0.415026 0.336792
-0.261005 0.415038 0.336736
-0.261941 0.415190 0.336576
-0.262680 0.413925 0.336475
-0.263089 0.413742 0.336417
-0.264393 0.413847 0.336200
-0.264740 0.413137 0.336157
-0.265604 0.412427 0.336044
-0.267122 0.412692 0.335784
-0.267430 0.411986 0.335750
-0.267758 0.411312 0.335710
-0.269441 0.411123 0.335466
-0.269618 0.411089 0.335435
-0.270650 0.411141 0.335285
-0.270791 0.411042 0.335261
-0.271389 0.410881 0.335183
-0.271864 0.409295 0.335154
-0.272074 0.408817 0.335134
-0.272812 0.408410 0.335050
-0.273333 0.406887 0.335020
-0.273565 0.406449 0.334998
-0.274765 0.406248 0.334850
-0.275074 0.406130 0.334801
-0.275847 0.406134 0.334700
-0.275779 0.406109 0.333753
-0.275689 0.405973 0.332952
-0.276098 0.405741 0.331556
-0.276156 0.405613 0.331511
-0.276868 0.405314 0.331367
-0.276941 0.405176 0.331354
-0.277093 0.405061 0.331338
-0.276848 0.404787 0.328538
-0.276847 0.404651 0.328402
-0.277293 0.404347 0.328140
-0.277354 0.404202 0.328122
-0.277981 0.403867 0.328032
-0.278141 0.403589 0.328006
-0.278702 0.403369 0.327936
-0.278896 0.403087 0.327905
-0.279623 0.402836 0.327807
-0.279721 0.402690 0.327790
-0.280481 0.402342 0.327686
-0.280677 0.402059 0.327652
-0.281295 0.401826 0.327570
-0.281602 0.401446 0.327517
-0.282083 0.401301 0.327456
-0.282518 0.400851 0.327384
-0.282850 0.400770 0.327345
-0.283433 0.400267 0.327252
-0.283600 0.400234 0.327232
-0.284260 0.399730 0.327135
-0.284615 0.399668 0.327092
-0.285141 0.399229 0.327010
-0.285669 0.399121 0.326942
-0.286152 0.398684 0.326863
-0.286661 0.398576 0.326798
-0.287028 0.398203 0.326739
-0.287703 0.398029 0.326650
-0.287941 0.397747 0.326611
-0.288630 0.397508 0.326520
-0.288978 0.397119 0.326462
-0.289497 0.396964 0.326398
-0.289873 0.396571 0.326339
-0.290411 0.396413 0.326273
-0.290907 0.395945 0.326193
-0.291267 0.395856 0.326152
-0.291806 0.395386 0.326072
-0.292182 0.395296 0.326029
-0.292852 0.394769 0.325927
-0.293034 0.394732 0.325907
-0.293762 0.394204 0.325807
-0.294142 0.394133 0.325764
-0.294821 0.393620 0.325663
-0.295005 0.393583 0.325643
-0.295743 0.393055 0.325543
-0.296823 0.392872 0.325397
-0.297759 0.392808 0.325274
-0.298839 0.392757 0.325129
-0.299773 0.392722 0.325008
-0.300849 0.392681 0.324867
-0.301780 0.392648 0.324749
-0.302854 0.392605 0.324611
-0.303783 0.392569 0.324496
-0.304747 0.392530 0.324378
-0.305838 0.392481 0.324240
-0.306880 0.392430 0.324112
-0.307407 0.392411 0.324057
-0.308406 0.392486 0.326325
-0.309247 0.392469 0.326942
-0.310387 0.392543 0.329384
-0.311319 0.392518 0.330042
-0.312757 0.392591 0.332844
-0.313611 0.392553 0.333243
-0.314714 0.392642 0.335655
-0.315865 0.392601 0.336382
-0.316605 0.392691 0.338267
-0.317833 0.392684 0.339474
-0.318561 0.392786 0.341425
-0.320316 0.392744 0.342817
-0.321439 0.392659 0.342784
-0.321566 0.392775 0.342772
-0.322415 0.393029 0.342704
-0.322539 0.393168 0.342691
-0.323489 0.393499 0.342607
-0.323596 0.393640 0.342594
-0.324371 0.393963 0.342529
-0.324483 0.394110 0.342516
-0.325273 0.394450 0.342448
-0.325386 0.394599 0.342435
-0.326292 0.394965 0.342354
-0.326392 0.395109 0.342342
-0.326566 0.395238 0.342330
-0.327784 0.395690 0.345245
-0.327920 0.395839 0.345373
-0.328173 0.396058 0.346457
-0.329188 0.396415 0.348522
-0.329481 0.396700 0.348742
-0.329725 0.396882 0.349800
-0.330538 0.397154 0.351610
-0.331010 0.397542 0.352047
-0.331243 0.397702 0.353107
-0.332028 0.397944 0.354922
-0.332358 0.398234 0.355280
-0.332807 0.398569 0.357296
-0.333292 0.398716 0.358245
-0.333777 0.399106 0.358700
-0.333991 0.399275 0.359767
-0.334732 0.399534 0.361597
-0.335162 0.399919 0.362045
-0.335351 0.400092 0.363113
-0.336032 0.400359 0.364949
-0.336317 0.400657 0.365315
-0.336665 0.401022 0.367347
-0.337241 0.401225 0.368539
-0.337380 0.401380 0.368684
-0.337714 0.401822 0.370724
-0.338720 0.402146 0.372245
-0.339546 0.402143 0.372272
-0.340515 0.402103 0.372232
-0.341368 0.402059 0.372195
-0.342259 0.402008 0.372155
-0.343264 0.401947 0.372109
-0.344129 0.401893 0.372070
-0.345025 0.401835 0.372031
-0.345935 0.401774 0.371990
-0.346947 0.401703 0.371944
-0.347813 0.401642 0.371906
-0.348179 0.401619 0.371894
-0.348944 0.401939 0.374928
-0.349775 0.401911 0.375262
-0.350642 0.401843 0.375253
-0.351535 0.401773 0.375219
-0.352534 0.401694 0.375177
-0.353482 0.401618 0.375137
-0.354320 0.401550 0.375105
-0.355291 0.401468 0.375065
-0.356136 0.401396 0.375032
-0.357108 0.401311 0.374992
-0.358041 0.401229 0.374954
-0.358957 0.401146 0.374917
-0.359781 0.401071 0.374886
-0.360649 0.400990 0.374853
-0.361535 0.400905 0.374818
-0.362522 0.400810 0.374778
-0.363368 0.400728 0.374746
-0.364243 0.400641 0.374713
-0.365129 0.400552 0.374679
-0.366112 0.400452 0.374640
-0.366953 0.400365 0.374608
-0.367912 0.400264 0.374571
-0.368744 0.400176 0.374540
-0.369607 0.400083 0.374508
-0.370574 0.399977 0.374471
-0.371491 0.399876 0.374435
