-0.800018 1.000020 0.249813 1.000000 0.000005 0.000003 0.000054
-0.800022 1.000021 0.249808 1.000000 0.000004 -0.000004 0.000056
-0.800019 1.000023 0.249844 1.000000 0.000001 0.000003 0.000059
-0.800021 1.000024 0.249841 1.000000 -0.000003 -0.000002 0.000059
-0.800021 1.000022 0.249780 1.000000 0.000004 -0.000001 0.000062
-0.800022 1.000021 0.249773 1.000000 0.000004 -0.000004 0.000062
-0.800021 1.000021 0.249824 1.000000 0.000005 -0.000001 0.000065
-0.800020 1.000026 0.249825 1.000000 -0.000004 0.000000 0.000065
-0.800026 1.000025 0.249814 1.000000 -0.000002 -0.000010 0.000067
-0.800025 1.000020 0.249794 1.000000 0.000008 -0.000009 0.000068
-0.800020 1.000020 0.249779 1.000000 0.000008 0.000001 0.000068
-0.800021 1.000027 0.249755 1.000000 -0.000005 -0.000000 0.000070
-0.800026 1.000026 0.249753 1.000000 -0.000005 -0.000010 0.000070
-0.800022 1.000024 0.249829 1.000000 0.000001 -0.000001 0.000072
-0.800021 1.000024 0.249848 1.000000 0.000000 0.000001 0.000072
-0.800022 1.000026 0.249903 1.000000 -0.000003 0.000001 0.000074
-0.800022 1.000023 0.249913 1.000000 0.000002 -0.000001 0.000074
-0.800026 1.000025 0.249844 1.000000 -0.000000 -0.000007 0.000077
-0.800023 1.000027 0.249832 1.000000 -0.000004 -0.000000 0.000077
-0.800025 1.000026 0.249867 1.000000 -0.000001 -0.000003 0.000081
-0.800024 1.000025 0.249846 1.000000 0.000001 -0.000001 0.000084
-0.800025 1.000026 0.249898 1.000000 -0.000000 -0.000002 0.000087
-0.800024 1.000026 0.249906 1.000000 -0.000001 0.000000 0.000090
-0.800025 1.000026 0.249948 1.000000 0.000001 0.000001 0.000095
-0.800025 1.000028 0.249898 1.000000 -0.000002 -0.000000 0.000099
-0.800025 1.000025 0.249893 1.000000 0.000003 -0.000001 0.000099
-0.800025 1.000027 0.249903 1.000000 0.000000 -0.000000 0.000101
-0.800025 1.000028 0.249912 1.000000 -0.000003 0.000001 0.000101
-0.800026 1.000028 0.249920 1.000000 -0.000002 -0.000002 0.000101
-0.800026 1.000026 0.249938 1.000000 0.000002 -0.000001 0.000104
-0.800026 1.000027 0.249938 1.000000 0.000000 -0.000000 0.000104
-0.800027 1.000027 0.249887 1.000000 -0.000000 -0.000003 0.000107
-0.800026 1.000028 0.249913 1.000000 -0.000001 -0.000001 0.000107
-0.800028 1.000027 0.249903 1.000000 0.000002 -0.000004 0.000108
-0.800027 1.000026 0.249887 1.000000 0.000003 -0.000001 0.000108
-0.800028 1.000029 0.249807 1.000000 -0.000003 -0.000004 0.000108
-0.800025 1.000030 0.249779 1.000000 -0.000005 0.000003 0.000109
-0.800028 1.000029 0.249823 1.000000 -0.000003 -0.000003 0.000111
-0.800024 1.000028 0.249826 1.000000 -0.000000 0.000005 0.000112
-0.800026 1.000028 0.249871 1.000000 -0.000000 0.000001 0.000115
-0.800027 1.000030 0.249893 1.000000 -0.000004 0.000000 0.000115
-0.800025 1.000029 0.249830 1.000000 -0.000001 0.000005 0.000118
-0.800026 1.000031 0.249829 1.000000 -0.000005 0.000004 0.000119
-0.800031 1.000029 0.249825 1.000000 -0.000000 -0.000004 0.000120
-0.800029 1.000030 0.249834 1.000000 -0.000001 -0.000001 0.000120
-0.800030 1.000029 0.249900 1.000000 0.000000 -0.000002 0.000123
-0.800030 1.000028 0.249910 1.000000 0.000002 -0.000003 0.000123
-0.800030 1.000030 0.249911 1.000000 -0.000001 -0.000001 0.000124
-0.800029 1.000030 0.249901 1.000000 -0.000002 0.000000 0.000124
-0.800030 1.000029 0.249917 1.000000 0.000001 -0.000002 0.000125
-0.800030 1.000030 0.249900 1.000000 0.000000 0.000000 0.000126
-0.800031 1.000030 0.249911 1.000000 -0.000001 -0.000002 0.000126
-0.800031 1.000031 0.249950 1.000000 -0.000002 -0.000001 0.000128
-0.800032 1.000030 0.249948 1.000000 0.000000 -0.000003 0.000128
-0.800030 1.000031 0.249940 1.000000 -0.000002 -0.000001 0.000128
-0.800031 1.000030 0.249933 1.000000 0.000001 -0.000002 0.000130
-0.800032 1.000031 0.249927 1.000000 -0.000000 -0.000003 0.000131
-0.800029 1.000031 0.249927 1.000000 -0.000000 0.000003 0.000133
-0.800032 1.000029 0.249910 1.000000 0.000003 -0.000003 0.000134
-0.800030 1.000032 0.249850 1.000000 -0.000003 0.000002 0.000135
-0.800033 1.000031 0.249859 1.000000 0.000000 -0.000004 0.000135
-0.800034 1.000033 0.249819 1.000000 -0.000004 -0.000005 0.000137
-0.800030 1.000028 0.249808 1.000000 0.000006 0.000002 0.000137
-0.800032 1.000032 0.249808 1.000000 -0.000002 -0.000002 0.000138
-0.800028 1.000033 0.249831 1.000000 -0.000003 0.000007 0.000140
-0.800034 1.000031 0.249828 1.000000 0.000001 -0.000004 0.000141
-0.800027 1.000031 0.249812 1.000000 0.000003 0.000009 0.000142
-0.800032 1.000030 0.249774 1.000000 0.000003 -0.000000 0.000143
-0.800033 1.000034 0.249778 1.000000 -0.000004 -0.000002 0.000144
-0.800029 1.000033 0.249767 1.000000 -0.000002 0.000006 0.000145
-0.800031 1.000030 0.249743 1.000000 0.000004 0.000002 0.000145
-0.800032 1.000036 0.249764 1.000000 -0.000006 0.000001 0.000146
-0.800036 1.000032 0.249798 1.000000 0.000001 -0.000006 0.000146
-0.800031 1.000033 0.249806 1.000000 -0.000001 0.000003 0.000147
-0.800034 1.000035 0.249793 1.000000 -0.000005 -0.000002 0.000150
-0.800032 1.000032 0.249786 1.000000 0.000001 0.000002 0.000150
-0.800031 1.000035 0.249762 1.000000 -0.000003 0.000003 0.000151
-0.800033 1.000033 0.249761 1.000000 -0.000001 0.000001 0.000152
-0.800030 1.000031 0.249774 1.000000 0.000004 0.000006 0.000154
-0.800030 1.000035 0.249769 1.000000 -0.000004 0.000006 0.000155
-0.800036 1.000032 0.249776 1.000000 0.000002 -0.000006 0.000156
-0.800034 1.000033 0.249818 1.000000 0.000000 -0.000000 0.000157
-0.800033 1.000033 0.249916 1.000000 0.000001 0.000001 0.000158
-0.800033 1.000037 0.249873 1.000000 -0.000007 0.000001 0.000159
-0.800033 1.000034 0.249826 1.000000 0.000000 0.000002 0.000160
-0.800033 1.000036 0.249819 1.000000 -0.000004 0.000003 0.000160
-0.800037 1.000033 0.249824 1.000000 0.000002 -0.000005 0.000160
-0.800034 1.000034 0.249884 1.000000 -0.000001 0.000002 0.000161
-0.800036 1.000034 0.249885 1.000000 0.000000 -0.000001 0.000162
-0.800036 1.000034 0.249889 1.000000 0.000001 -0.000001 0.000162
-0.800037 1.000034 0.249931 1.000000 0.000001 -0.000002 0.000162
-0.800037 1.000034 0.249927 1.000000 0.000001 -0.000004 0.000163
-0.800034 1.000036 0.249911 1.000000 -0.000003 0.000002 0.000163
-0.800036 1.000035 0.249871 1.000000 -0.000000 0.000000 0.000164
-0.800037 1.000033 0.249875 1.000000 0.000004 -0.000003 0.000164
-0.800035 1.000037 0.249870 1.000000 -0.000005 0.000002 0.000164
-0.800036 1.000035 0.249868 1.000000 -0.000001 0.000001 0.000164
-0.800037 1.000035 0.249906 1.000000 0.000001 -0.000001 0.000165
-0.800035 1.000036 0.249869 1.000000 -0.000001 0.000002 0.000167
-0.800036 1.000036 0.249861 1.000000 -0.000001 0.000001 0.000167
-0.800037 1.000035 0.249865 1.000000 0.000001 -0.000001 0.000169
-0.800038 1.000037 0.249875 1.000000 -0.000002 -0.000001 0.000170
-0.800038 1.000036 0.249907 1.000000 0.000001 -0.000002 0.000171
-0.800038 1.000037 0.249917 1.000000 -0.000001 -0.000000 0.000171
-0.800040 1.000037 0.249926 1.000000 -0.000002 -0.000004 0.000173
-0.800039 1.000036 0.249901 1.000000 0.000000 -0.000002 0.000175
-0.800039 1.000036 0.249941 1.000000 0.000000 -0.000003 0.000175
-0.800039 1.000036 0.249950 1.000000 0.000000 -0.000004 0.000176
-0.800036 1.000038 0.249871 1.000000 -0.000002 0.000004 0.000178
-0.800040 1.000039 0.249799 1.000000 -0.000005 -0.000004 0.000179
-0.800042 1.000040 0.249766 1.000000 -0.000006 -0.000008 0.000180
-0.800039 1.000037 0.249776 1.000000 0.000000 -0.000002 0.000181
-0.800038 1.000040 0.249796 1.000000 -0.000006 0.000000 0.000182
-0.800039 1.000039 0.249809 1.000000 -0.000005 -0.000001 0.000182
-0.800041 1.000036 0.249800 1.000000 0.000003 -0.000005 0.000184
-0.800039 1.000035 0.249825 1.000000 0.000004 -0.000001 0.000185
-0.800042 1.000038 0.249795 1.000000 -0.000001 -0.000006 0.000186
-0.800038 1.000034 0.249779 1.000000 0.000007 0.000002 0.000186
-0.800040 1.000035 0.249763 1.000000 0.000005 -0.000003 0.000187
-0.800041 1.000037 0.249792 1.000000 0.000002 -0.000003 0.000189
-0.800041 1.000038 0.249793 1.000000 -0.000001 -0.000004 0.000189
-0.800040 1.000039 0.249802 1.000000 -0.000002 -0.000002 0.000190
-0.800039 1.000039 0.249828 1.000000 -0.000002 0.000001 0.000191
-0.800041 1.000039 0.249868 1.000000 -0.000001 -0.000002 0.000192
-0.800041 1.000040 0.249858 1.000000 -0.000004 -0.000002 0.000193
-0.800040 1.000039 0.249849 1.000000 -0.000001 -0.000000 0.000195
-0.800040 1.000038 0.249887 1.000000 0.000001 -0.000001 0.000196
-0.800041 1.000039 0.249902 1.000000 -0.000002 -0.000002 0.000199
-0.800041 1.000038 0.249901 1.000000 0.000000 -0.000002 0.000200
-0.800041 1.000038 0.249911 1.000000 0.000000 -0.000002 0.000202
-0.800041 1.000038 0.249925 1.000000 0.000000 -0.000001 0.000202
-0.800039 1.000039 0.249939 1.000000 -0.000001 0.000002 0.000204
-0.800043 1.000038 0.249905 1.000000 0.000000 -0.000004 0.000205
-0.800042 1.000039 0.249932 1.000000 -0.000001 -0.000002 0.000206
-0.800042 1.000038 0.249931 1.000000 0.000002 -0.000004 0.000207
-0.800043 1.000039 0.249923 1.000000 0.000000 -0.000004 0.000208
-0.800041 1.000039 0.249913 1.000000 -0.000000 0.000000 0.000209
-0.800042 1.000038 0.249888 1.000000 0.000002 -0.000002 0.000210
-0.800041 1.000039 0.249892 1.000000 -0.000000 -0.000001 0.000211
-0.800041 1.000040 0.249911 1.000000 -0.000001 0.000001 0.000213
-0.800042 1.000039 0.249923 1.000000 0.000001 -0.000000 0.000214
-0.800042 1.000038 0.249879 1.000000 0.000003 0.000000 0.000216
-0.800045 1.000041 0.249851 1.000000 -0.000003 -0.000006 0.000216
-0.800041 1.000039 0.249800 1.000000 0.000001 0.000002 0.000219
-0.800045 1.000041 0.249788 1.000000 -0.000003 -0.000006 0.000219
-0.800043 1.000042 0.249836 1.000000 -0.000003 -0.000001 0.000221
-0.800045 1.000040 0.249836 1.000000 0.000000 -0.000005 0.000222
-0.800045 1.000040 0.249845 1.000000 0.000000 -0.000004 0.000225
-0.800044 1.000041 0.249877 1.000000 -0.000000 -0.000002 0.000226
-0.800045 1.000042 0.249882 1.000000 -0.000004 -0.000005 0.000228
-0.800043 1.000038 0.249841 1.000000 0.000005 -0.000000 0.000228
-0.800044 1.000041 0.249776 1.000000 -0.000001 -0.000003 0.000230
-0.800044 1.000041 0.249802 1.000000 -0.000000 -0.000001 0.000230
-0.480056 0.765052 0.249896 1.000000 -0.000000 -0.000002 0.000394
-0.480055 0.765051 0.249910 1.000000 0.000002 -0.000000 0.000394
-0.480056 0.765053 0.249894 1.000000 -0.000002 -0.000002 0.000399
-0.480054 0.765052 0.249896 1.000000 -0.000000 0.000001 0.000403
-0.480054 0.765053 0.249964 1.000000 -0.000003 0.000002 0.000405
-0.480055 0.765052 0.249940 1.000000 0.000001 -0.000001 0.000407
-0.480055 0.765050 0.249931 1.000000 0.000005 -0.000001 0.000409
-0.480055 0.765049 0.249822 1.000000 0.000006 -0.000000 0.000413
-0.480055 0.765054 0.249786 1.000000 -0.000003 -0.000001 0.000416
-0.480055 0.765052 0.249898 1.000000 0.000001 0.000000 0.000422
-0.480056 0.765053 0.249901 1.000000 -0.000001 -0.000002 0.000426
-0.480055 0.765052 0.249895 1.000000 0.000001 0.000000 0.000431
-0.480055 0.765051 0.249837 1.000000 0.000005 0.000000 0.000435
-0.480056 0.765052 0.249942 1.000000 0.000002 -0.000002 0.000440
-0.480057 0.765054 0.249888 1.000000 -0.000000 -0.000004 0.000444
-0.480053 0.765049 0.249767 1.000000 0.000009 0.000005 0.000445
-0.480055 0.765054 0.249794 1.000000 -0.000001 0.000000 0.000448
-0.480056 0.765055 0.249807 1.000000 -0.000002 -0.000002 0.000452
-0.480057 0.765055 0.249830 1.000000 -0.000002 -0.000002 0.000455
-0.480058 0.765054 0.249863 1.000000 0.000001 -0.000005 0.000460
-0.480057 0.765054 0.249956 1.000000 -0.000001 -0.000001 0.000463
-0.480057 0.765054 0.249873 1.000000 0.000001 -0.000003 0.000467
-0.480056 0.765053 0.249958 1.000000 0.000002 -0.000001 0.000469
-0.480055 0.765054 0.249940 1.000000 0.000001 0.000001 0.000472
-0.480056 0.765056 0.249960 1.000000 -0.000003 0.000000 0.000474
-0.480055 0.765056 0.249938 1.000000 -0.000002 0.000003 0.000477
-0.480057 0.765055 0.249940 1.000000 0.000000 -0.000003 0.000480
-0.480055 0.765054 0.249867 1.000000 0.000001 0.000003 0.000482
-0.480057 0.765053 0.249832 1.000000 0.000003 -0.000001 0.000486
-0.480058 0.765055 0.249961 1.000000 0.000001 -0.000002 0.000489
-0.480056 0.765055 0.249962 1.000000 0.000001 0.000000 0.000490
-0.480057 0.765056 0.249958 1.000000 -0.000002 -0.000001 0.000492
-0.480057 0.765057 0.249859 1.000000 -0.000003 -0.000002 0.000495
-0.480057 0.765056 0.249891 1.000000 -0.000002 -0.000001 0.000498
-0.480058 0.765056 0.249877 1.000000 -0.000000 -0.000003 0.000502
-0.480058 0.765055 0.249919 1.000000 0.000001 -0.000002 0.000504
-0.480057 0.765056 0.249958 1.000000 0.000000 -0.000001 0.000505
-0.480057 0.765057 0.249963 1.000000 -0.000002 0.000000 0.000507
-0.480056 0.765057 0.249929 1.000000 -0.000001 0.000000 0.000509
-0.480057 0.765055 0.249957 1.000000 0.000002 -0.000001 0.000511
-0.480057 0.765057 0.249958 1.000000 -0.000002 -0.000001 0.000512
-0.480059 0.765057 0.249921 1.000000 -0.000001 -0.000004 0.000515
-0.480057 0.765056 0.249912 1.000000 0.000002 0.000000 0.000517
-0.480057 0.765056 0.249958 1.000000 -0.000000 -0.000000 0.000519
-0.480057 0.765057 0.249897 1.000000 -0.000001 -0.000001 0.000523
-0.480057 0.765056 0.249902 1.000000 0.000000 -0.000001 0.000524
-0.480058 0.765056 0.249867 1.000000 0.000002 -0.000002 0.000528
-0.480055 0.765057 0.249886 1.000000 -0.000001 0.000003 0.000532
-0.480058 0.765055 0.249872 1.000000 0.000004 -0.000002 0.000535
-0.480058 0.765056 0.249935 1.000000 0.000003 -0.000002 0.000537
-0.480058 0.765057 0.249908 1.000000 -0.000000 -0.000002 0.000539
-0.480057 0.765059 0.249900 1.000000 -0.000002 -0.000000 0.000542
-0.480057 0.765058 0.249923 1.000000 -0.000001 0.000002 0.000544
-0.480058 0.765056 0.249905 1.000000 0.000002 -0.000001 0.000546
-0.480059 0.765058 0.249865 1.000000 -0.000001 -0.000003 0.000548
-0.480058 0.765058 0.249929 1.000000 -0.000001 0.000000 0.000550
-0.480059 0.765056 0.249894 1.000000 0.000003 -0.000002 0.000553
-0.480058 0.765058 0.249937 1.000000 -0.000001 -0.000001 0.000556
-0.480058 0.765058 0.249903 1.000000 -0.000000 -0.000001 0.000559
-0.480059 0.765059 0.249939 1.000000 -0.000001 -0.000003 0.000562
-0.480057 0.765059 0.249921 1.000000 -0.000001 0.000001 0.000565
-0.480058 0.765058 0.249882 1.000000 0.000000 -0.000001 0.000567
-0.480059 0.765058 0.249894 1.000000 0.000001 -0.000001 0.000571
-0.480059 0.765059 0.249932 1.000000 -0.000001 -0.000001 0.000572
-0.480058 0.765060 0.249916 1.000000 -0.000002 -0.000001 0.000575
-0.480057 0.765059 0.249878 1.000000 0.000000 0.000002 0.000579
-0.480058 0.765057 0.249899 1.000000 0.000003 -0.000000 0.000582
-0.480058 0.765057 0.249891 1.000000 0.000004 0.000000 0.000584
-0.480058 0.765059 0.249864 1.000000 -0.000001 -0.000000 0.000588
-0.480059 0.765060 0.249856 1.000000 -0.000002 -0.000002 0.000593
-0.480060 0.765061 0.249840 1.000000 -0.000003 -0.000005 0.000596
-0.480059 0.765060 0.249870 1.000000 -0.000001 -0.000003 0.000598
-0.480057 0.765061 0.249883 1.000000 -0.000002 0.000002 0.000602
-0.480058 0.765058 0.249926 1.000000 0.000002 0.000001 0.000604
-0.480058 0.765060 0.249955 1.000000 -0.000001 0.000000 0.000606
-0.480055 0.765060 0.249894 1.000000 -0.000000 0.000008 0.000609
-0.480059 0.765060 0.249850 1.000000 0.000000 -0.000001 0.000614
-0.480059 0.765060 0.249912 1.000000 -0.000000 -0.000001 0.000616
-0.480060 0.765058 0.249867 1.000000 0.000004 -0.000003 0.000620
-0.480060 0.765061 0.249946 1.000000 -0.000001 -0.000002 0.000622
-0.480059 0.765060 0.249828 1.000000 0.000000 -0.000000 0.000625
-0.480059 0.765062 0.249839 1.000000 -0.000004 0.000001 0.000628
-0.480059 0.765061 0.249889 1.000000 -0.000001 0.000000 0.000630
-0.480060 0.765060 0.249951 1.000000 0.000001 -0.000002 0.000632
-0.480061 0.765060 0.249972 1.000000 0.000002 -0.000002 0.000634
-0.480058 0.765061 0.249942 1.000000 -0.000002 0.000002 0.000635
-0.480061 0.765060 0.249959 1.000000 0.000000 -0.000002 0.000636
-0.480058 0.765061 0.249921 1.000000 -0.000001 0.000004 0.000638
-0.480062 0.765061 0.249860 1.000000 -0.000000 -0.000005 0.000642
-0.480061 0.765062 0.249833 1.000000 -0.000003 -0.000002 0.000645
-0.480061 0.765060 0.249913 1.000000 0.000001 -0.000002 0.000647
-0.480060 0.765060 0.249967 1.000000 0.000001 -0.000000 0.000648
-0.480060 0.765060 0.249947 1.000000 0.000001 -0.000001 0.000651
-0.480061 0.765061 0.249955 1.000000 0.000000 -0.000001 0.000653
-0.480061 0.765059 0.249943 1.000000 0.000003 -0.000002 0.000655
-0.480060 0.765060 0.249926 1.000000 0.000003 -0.000001 0.000658
-0.480061 0.765061 0.249840 1.000000 0.000001 -0.000001 0.000662
-0.480062 0.765061 0.249935 1.000000 0.000001 -0.000003 0.000666
-0.480060 0.765062 0.249885 1.000000 -0.000001 -0.000000 0.000669
-0.480061 0.765061 0.249943 1.000000 0.000001 -0.000002 0.000671
-0.480061 0.765061 0.249906 1.000000 0.000001 -0.000001 0.000674
-0.480061 0.765061 0.249887 1.000000 0.000001 -0.000001 0.000679
-0.480060 0.765062 0.249947 1.000000 0.000000 -0.000001 0.000681
-0.480059 0.765063 0.249960 1.000000 -0.000003 0.000001 0.000683
-0.480060 0.765061 0.249921 1.000000 0.000001 0.000001 0.000686
-0.480060 0.765062 0.249927 1.000000 0.000000 0.000000 0.000688
-0.480061 0.765058 0.249844 1.000000 0.000007 -0.000002 0.000691
-0.480060 0.765062 0.249827 1.000000 0.000000 0.000001 0.000692
-0.480063 0.765060 0.249831 1.000000 0.000004 -0.000003 0.000694
-0.480060 0.765063 0.249832 1.000000 -0.000001 0.000002 0.000698
-0.480061 0.765063 0.249941 1.000000 -0.000001 -0.000000 0.000700
-0.480060 0.765063 0.249885 1.000000 -0.000001 0.000003 0.000704
-0.480061 0.765063 0.249868 1.000000 -0.000000 0.000001 0.000707
-0.480062 0.765063 0.249946 1.000000 -0.000000 -0.000002 0.000709
-0.480062 0.765063 0.249922 1.000000 -0.000001 -0.000001 0.000711
-0.480061 0.765062 0.249898 1.000000 0.000001 0.000001 0.000715
-0.480061 0.765064 0.249948 1.000000 -0.000002 0.000001 0.000718
-0.480061 0.765064 0.249827 1.000000 -0.000003 0.000001 0.000720
-0.480062 0.765066 0.249802 1.000000 -0.000006 -0.000000 0.000722
-0.480061 0.765066 0.249876 1.000000 -0.000005 0.000003 0.000725
-0.480063 0.765063 0.249891 1.000000 0.000000 -0.000001 0.000727
-0.480062 0.765062 0.249955 1.000000 0.000003 -0.000000 0.000729
-0.480063 0.765062 0.249937 1.000000 0.000003 -0.000002 0.000730
-0.480063 0.765065 0.249928 1.000000 -0.000004 -0.000001 0.000732
-0.480064 0.765063 0.249881 1.000000 0.000001 -0.000002 0.000736
-0.480061 0.765064 0.249867 1.000000 -0.000000 0.000003 0.000740
-0.480063 0.765064 0.249914 1.000000 -0.000001 -0.000001 0.000743
-0.480063 0.765065 0.249935 1.000000 -0.000001 -0.000001 0.000745
-0.480063 0.765063 0.249950 1.000000 0.000001 -0.000001 0.000748
-0.480064 0.765066 0.249842 1.000000 -0.000004 -0.000003 0.000752
-0.480065 0.765063 0.249848 1.000000 0.000002 -0.000004 0.000757
-0.480063 0.765063 0.249920 1.000000 0.000003 -0.000001 0.000759
-0.480063 0.765064 0.249869 1.000000 0.000000 -0.000001 0.000764
-0.480064 0.765063 0.249947 1.000000 0.000003 -0.000002 0.000766
-0.480063 0.765064 0.249957 1.000000 0.000001 -0.000002 0.000768
-0.480062 0.765063 0.249864 1.000000 0.000004 0.000000 0.000771
-0.480061 0.765067 0.249834 1.000000 -0.000004 0.000003 0.000775
-0.480061 0.765066 0.249860 1.000000 -0.000002 0.000003 0.000778
-0.480063 0.765065 0.249933 1.000000 0.000000 0.000000 0.000781
-0.480062 0.765069 0.249848 1.000000 -0.000007 0.000002 0.000786
-0.480064 0.765063 0.249851 1.000000 0.000004 -0.000002 0.000788
-0.480064 0.765065 0.249926 1.000000 0.000000 -0.000002 0.000792
-0.480064 0.765066 0.249893 1.000000 -0.000002 -0.000000 0.000794
-0.480064 0.765066 0.249886 1.000000 -0.000001 -0.000002 0.000798
-0.480064 0.765066 0.249929 1.000000 0.000000 -0.000002 0.000801
-0.480063 0.765066 0.249911 1.000000 -0.000000 0.000002 0.000803
-0.480062 0.765067 0.249920 1.000000 -0.000002 0.000002 0.000804
-0.480066 0.765066 0.249877 1.000000 0.000000 -0.000004 0.000808
-0.480063 0.765066 0.249935 1.000000 0.000001 0.000001 0.000810
-0.480065 0.765066 0.249907 1.000000 -0.000000 -0.000002 0.000813
-0.480064 0.765066 0.249952 1.000000 0.000001 -0.000001 0.000815
-0.480064 0.765068 0.249904 1.000000 -0.000004 0.000000 0.000818
-0.480065 0.765066 0.249915 1.000000 0.000001 -0.000002 0.000821
-0.480064 0.765068 0.249904 1.000000 -0.000002 0.000000 0.000823
-0.480064 0.765066 0.249897 1.000000 0.000002 -0.000001 0.000828
-0.480063 0.765065 0.249856 1.000000 0.000004 0.000002 0.000832
-0.480065 0.765066 0.249874 1.000000 0.000002 -0.000002 0.000835
-0.480066 0.765067 0.249837 1.000000 0.000001 -0.000004 0.000840
-0.480065 0.765069 0.249802 1.000000 -0.000003 -0.000002 0.000844
-0.480065 0.765066 0.249853 1.000000 0.000003 -0.000003 0.000848
-0.480064 0.765069 0.249925 1.000000 -0.000002 -0.000000 0.000850
-0.480064 0.765066 0.249959 1.000000 0.000003 -0.000000 0.000852
-0.480065 0.765068 0.249956 1.000000 0.000000 -0.000002 0.000855
-0.480064 0.765068 0.249903 1.000000 -0.000000 -0.000001 0.000858
-0.480065 0.765066 0.249869 1.000000 0.000004 -0.000002 0.000862
-0.480066 0.765066 0.249863 1.000000 0.000003 -0.000003 0.000866
-0.480065 0.765066 0.249855 1.000000 0.000003 -0.000001 0.000868
-0.480065 0.765069 0.249878 1.000000 -0.000001 -0.000001 0.000871
-0.480065 0.765066 0.249900 1.000000 0.000004 -0.000000 0.000874
-0.480066 0.765069 0.249877 1.000000 -0.000002 -0.000002 0.000878
-0.480065 0.765068 0.249947 1.000000 0.000000 0.000000 0.000881
-0.480064 0.765069 0.249942 1.000000 -0.000001 0.000001 0.000884
-0.480065 0.765068 0.249971 1.000000 0.000001 -0.000001 0.000885
-0.480064 0.765069 0.249933 1.000000 -0.000001 0.000001 0.000887
-0.480065 0.765069 0.249918 1.000000 -0.000000 0.000001 0.000889
-0.480065 0.765069 0.249931 1.000000 -0.000000 -0.000001 0.000890
-0.480066 0.765069 0.249897 1.000000 -0.000001 -0.000003 0.000894
-0.480066 0.765071 0.249856 1.000000 -0.000005 -0.000002 0.000897
-0.480067 0.765070 0.249837 1.000000 -0.000002 -0.000004 0.000900
-0.480065 0.765070 0.249860 1.000000 -0.000001 0.000001 0.000904
-0.480065 0.765070 0.249923 1.000000 -0.000001 -0.000000 0.000906
-0.480064 0.765069 0.249910 1.000000 0.000001 0.000002 0.000907
-0.480065 0.765070 0.249810 1.000000 -0.000001 -0.000000 0.000910
-0.480066 0.765069 0.249902 1.000000 0.000001 -0.000002 0.000915
-0.480064 0.765070 0.249918 1.000000 -0.000000 0.000001 0.000918
-0.480066 0.765070 0.249914 1.000000 -0.000001 -0.000002 0.000920
-0.480066 0.765070 0.249943 1.000000 -0.000000 -0.000002 0.000923
-0.480065 0.765069 0.249964 1.000000 0.000001 0.000000 0.000925
-0.480066 0.765070 0.249947 1.000000 -0.000000 -0.000002 0.000927
-0.480066 0.765072 0.249936 1.000000 -0.000005 -0.000001 0.000929
-0.480064 0.765072 0.249877 1.000000 -0.000004 0.000002 0.000932
-0.480067 0.765070 0.249909 1.000000 0.000000 -0.000003 0.000934
-0.480066 0.765069 0.249906 1.000000 0.000002 -0.000001 0.000936
-0.480066 0.765072 0.249871 1.000000 -0.000002 -0.000001 0.000941
-0.480066 0.765069 0.249944 1.000000 0.000002 -0.000001 0.000944
-0.480066 0.765071 0.249963 1.000000 -0.000000 -0.000001 0.000946
-0.480066 0.765073 0.249943 1.000000 -0.000004 -0.000000 0.000948
-0.480067 0.765070 0.249951 1.000000 0.000002 -0.000002 0.000950
-0.480066 0.765070 0.249943 1.000000 0.000002 -0.000001 0.000952
-0.480065 0.765071 0.249905 1.000000 0.000001 0.000001 0.000955
-0.480066 0.765071 0.249920 1.000000 0.000000 -0.000001 0.000957
-0.480067 0.765070 0.249929 1.000000 0.000001 -0.000002 0.000959
-0.480067 0.765072 0.249906 1.000000 -0.000000 -0.000002 0.000962
-0.480067 0.765071 0.249968 1.000000 0.000002 -0.000002 0.000963
-0.480066 0.765072 0.249899 1.000000 -0.000002 -0.000000 0.000965
-0.480067 0.765072 0.249828 1.000000 -0.000000 -0.000003 0.000969
-0.480067 0.765074 0.249787 1.000000 -0.000004 -0.000002 0.000971
-0.480066 0.765073 0.249883 1.000000 -0.000002 -0.000001 0.000975
-0.480067 0.765072 0.249934 1.000000 -0.000000 -0.000002 0.000978
-0.480067 0.765071 0.249965 1.000000 0.000001 -0.000001 0.000980
-0.480066 0.765070 0.249857 1.000000 0.000004 -0.000000 0.000983
-0.480067 0.765072 0.249907 1.000000 -0.000001 -0.000002 0.000986
-0.480067 0.765070 0.249916 1.000000 0.000004 -0.000002 0.000989
-0.480066 0.765073 0.249931 1.000000 -0.000001 -0.000000 0.000992
-0.480066 0.765071 0.249905 1.000000 0.000001 0.000000 0.000995
-0.480066 0.765072 0.249963 1.000000 0.000000 0.000000 0.000996
-0.480067 0.765071 0.249944 1.000000 0.000003 -0.000003 0.000998
-0.480066 0.765072 0.249921 1.000000 0.000001 0.000001 0.000999
-0.480066 0.765072 0.249909 0.999999 0.000002 -0.000000 0.001002
-0.480065 0.765073 0.249957 0.999999 -0.000001 0.000002 0.001004
-0.480067 0.765073 0.249929 0.999999 -0.000001 -0.000002 0.001005
-0.480065 0.765074 0.249838 0.999999 -0.000003 0.000003 0.001008
-0.480065 0.765074 0.249914 0.999999 -0.000002 0.000003 0.001013
-0.480066 0.765076 0.249896 0.999999 -0.000006 0.000001 0.001015
-0.480066 0.765071 0.249804 0.999999 0.000004 0.000001 0.001017
-0.480062 0.765073 0.249756 0.999999 -0.000001 0.000010 0.001019
-0.480067 0.765079 0.249766 0.999999 -0.000011 -0.000000 0.001020
-0.480068 0.765072 0.249825 0.999999 0.000003 -0.000001 0.001020
-0.480068 0.765074 0.249930 0.999999 -0.000001 0.000000 0.001023
-0.480068 0.765074 0.249902 0.999999 -0.000002 -0.000000 0.001026
-0.480069 0.765076 0.249824 0.999999 -0.000005 -0.000002 0.001031
-0.480068 0.765073 0.249906 0.999999 0.000002 -0.000001 0.001035
-0.480069 0.765075 0.249889 0.999999 -0.000003 -0.000002 0.001038
-0.480069 0.765078 0.249854 0.999999 -0.000009 -0.000002 0.001040
-0.480067 0.765074 0.249817 0.999999 -0.000001 0.000002 0.001045
-0.480070 0.765074 0.249849 0.999999 0.000001 -0.000004 0.001049
-0.480069 0.765073 0.249951 0.999999 0.000001 -0.000002 0.001052
-0.480070 0.765074 0.249941 0.999999 0.000001 -0.000003 0.001054
-0.480069 0.765074 0.249939 0.999999 0.000001 -0.000000 0.001057
-0.480069 0.765074 0.249948 0.999999 0.000001 -0.000002 0.001059
-0.480070 0.765075 0.249924 0.999999 -0.000001 -0.000003 0.001060
-0.480070 0.765074 0.249923 0.999999 0.000000 -0.000002 0.001061
-0.480069 0.765074 0.249969 0.999999 0.000001 -0.000000 0.001063
-0.480070 0.765074 0.249937 0.999999 0.000000 -0.000003 0.001065
-0.480070 0.765074 0.249895 0.999999 0.000002 -0.000002 0.001068
-0.480070 0.765074 0.249900 0.999999 0.000002 -0.000003 0.001070
-0.480069 0.765078 0.249887 0.999999 -0.000005 0.000000 0.001073
-0.480068 0.765075 0.249857 0.999999 0.000001 0.000001 0.001077
-0.480070 0.765074 0.249949 0.999999 0.000002 -0.000002 0.001080
-0.480070 0.765075 0.249970 0.999999 0.000000 -0.000002 0.001082
-0.480069 0.765077 0.249884 0.999999 -0.000002 -0.000001 0.001084
-0.480069 0.765075 0.249873 0.999999 0.000000 0.000000 0.001088
-0.480069 0.765077 0.249891 0.999999 -0.000002 -0.000000 0.001092
-0.480070 0.765074 0.249879 0.999999 0.000003 -0.000003 0.001095
-0.480069 0.765076 0.249887 0.999999 0.000000 0.000000 0.001098
-0.480070 0.765078 0.249911 0.999999 -0.000004 -0.000002 0.001100
-0.480070 0.765076 0.249924 0.999999 0.000001 -0.000002 0.001104
-0.480069 0.765076 0.249921 0.999999 0.000000 0.000000 0.001105
-0.480071 0.765076 0.249911 0.999999 -0.000000 -0.000004 0.001108
-0.480071 0.765076 0.249887 0.999999 0.000001 -0.000003 0.001109
-0.480070 0.765078 0.249936 0.999999 -0.000004 -0.000001 0.001111
-0.480070 0.765077 0.249872 0.999999 -0.000001 -0.000001 0.001115
-0.480070 0.765074 0.249906 0.999999 0.000005 -0.000001 0.001119
-0.480071 0.765077 0.249827 0.999999 -0.000000 -0.000003 0.001122
-0.480068 0.765079 0.249811 0.999999 -0.000004 0.000003 0.001125
-0.480070 0.765079 0.249801 0.999999 -0.000005 0.000001 0.001127
-0.480071 0.765076 0.249862 0.999999 0.000001 -0.000002 0.001132
-0.480070 0.765077 0.249944 0.999999 0.000000 0.000000 0.001135
-0.480071 0.765076 0.249958 0.999999 0.000002 -0.000002 0.001137
-0.480071 0.765077 0.249941 0.999999 -0.000000 -0.000002 0.001140
-0.480071 0.765078 0.249955 0.999999 -0.000001 -0.000002 0.001141
-0.480071 0.765077 0.249860 0.999999 0.000000 -0.000002 0.001145
-0.480072 0.765078 0.249877 0.999999 -0.000000 -0.000003 0.001148
-0.480069 0.765079 0.249842 0.999999 -0.000003 0.000003 0.001153
-0.480071 0.765076 0.249801 0.999999 0.000003 -0.000002 0.001157
-0.480069 0.765081 0.249760 0.999999 -0.000007 0.000003 0.001158
-0.480070 0.765077 0.249819 0.999999 0.000002 0.000001 0.001163
-0.480071 0.765077 0.249927 0.999999 0.000001 -0.000001 0.001166
-0.480072 0.765078 0.249938 0.999999 -0.000000 -0.000003 0.001168
-0.480070 0.765078 0.249922 0.999999 -0.000000 -0.000000 0.001171
-0.480069 0.765078 0.249935 0.999999 -0.000001 0.000002 0.001173
-0.480070 0.765078 0.249911 0.999999 -0.000001 0.000002 0.001176
-0.480070 0.765079 0.249884 0.999999 -0.000001 0.000000 0.001179
-0.480069 0.765081 0.249827 0.999999 -0.000005 0.000004 0.001183
-0.480069 0.765082 0.249757 0.999999 -0.000006 0.000003 0.001185
-0.480069 0.765079 0.249791 0.999999 -0.000001 0.000004 0.001188
-0.480069 0.765080 0.249831 0.999999 -0.000002 0.000003 0.001192
-0.480071 0.765078 0.249845 0.999999 0.000002 -0.000001 0.001197
-0.480073 0.765079 0.249854 0.999999 0.000000 -0.000005 0.001200
-0.480072 0.765080 0.249925 0.999999 -0.000001 -0.000002 0.001203
-0.480071 0.765079 0.249930 0.999999 -0.000000 -0.000001 0.001206
-0.480072 0.765078 0.249904 0.999999 0.000002 -0.000002 0.001210
-0.480072 0.765080 0.249912 0.999999 -0.000002 -0.000001 0.001212
-0.480071 0.765078 0.249879 0.999999 0.000002 -0.000001 0.001216
-0.480068 0.765082 0.249806 0.999999 -0.000006 0.000005 0.001219
-0.480072 0.765085 0.249791 0.999999 -0.000012 -0.000001 0.001221
-0.480070 0.765082 0.249823 0.999999 -0.000005 0.000003 0.001226
-0.480070 0.765080 0.249876 0.999999 -0.000001 0.000002 0.001230
-0.480072 0.765079 0.249912 0.999999 0.000002 0.000000 0.001232
-0.480073 0.765081 0.249873 0.999999 -0.000002 -0.000002 0.001235
-0.480072 0.765079 0.249846 0.999999 0.000003 -0.000001 0.001237
-0.480073 0.765079 0.249913 0.999999 0.000002 -0.000002 0.001240
-0.480072 0.765080 0.249941 0.999999 0.000001 -0.000000 0.001241
-0.480072 0.765080 0.249943 0.999999 0.000002 0.000000 0.001243
-0.480073 0.765079 0.249926 0.999999 0.000003 -0.000001 0.001244
-0.480072 0.765081 0.249893 0.999999 -0.000001 0.000000 0.001247
-0.480071 0.765080 0.249881 0.999999 0.000002 0.000002 0.001250
-0.480074 0.765082 0.249842 0.999999 -0.000002 -0.000003 0.001253
-0.480073 0.765082 0.249822 0.999999 -0.000002 -0.000001 0.001257
-0.480073 0.765083 0.249854 0.999999 -0.000004 -0.000001 0.001259
-0.480073 0.765081 0.249826 0.999999 0.000000 -0.000001 0.001262
-0.480073 0.765082 0.249961 0.999999 -0.000001 -0.000001 0.001264
-0.480072 0.765082 0.249943 0.999999 -0.000001 0.000000 0.001265
-0.480074 0.765084 0.249881 0.999999 -0.000005 -0.000003 0.001268
-0.480071 0.765082 0.249786 0.999999 -0.000001 0.000002 0.001270
-0.480071 0.765083 0.249823 0.999999 -0.000003 0.000002 0.001275
-0.480071 0.765084 0.249838 0.999999 -0.000005 0.000003 0.001279
-0.480073 0.765087 0.249829 0.999999 -0.000011 0.000001 0.001281
-0.480074 0.765081 0.249893 0.999999 0.000003 -0.000001 0.001284
-0.480073 0.765081 0.249921 0.999999 0.000002 0.000000 0.001287
-0.480073 0.765084 0.249935 0.999999 -0.000003 0.000001 0.001289
-0.480073 0.765079 0.249843 0.999999 0.000007 0.000001 0.001291
-0.480075 0.765079 0.249807 0.999999 0.000007 -0.000002 0.001295
-0.480075 0.765082 0.249881 0.999999 0.000001 -0.000001 0.001297
-0.480075 0.765083 0.249914 0.999999 -0.000000 -0.000001 0.001299
-0.480075 0.765082 0.249959 0.999999 0.000001 -0.000001 0.001301
-0.480076 0.765082 0.249972 0.999999 0.000001 -0.000004 0.001302
-0.480076 0.765084 0.249860 0.999999 -0.000003 -0.000003 0.001305
-0.480075 0.765082 0.249870 0.999999 0.000002 -0.000001 0.001309
-0.480075 0.765085 0.249894 0.999999 -0.000003 -0.000001 0.001312
-0.480075 0.765083 0.249911 0.999999 -0.000000 -0.000002 0.001315
-0.480073 0.765083 0.249923 0.999999 0.000001 0.000002 0.001317
-0.480075 0.765082 0.249915 0.999999 0.000002 -0.000001 0.001319
-0.480075 0.765083 0.249935 0.999999 0.000000 0.000000 0.001322
-0.480074 0.765084 0.249885 0.999999 -0.000002 0.000001 0.001326
-0.480075 0.765084 0.249948 0.999999 -0.000001 -0.000001 0.001327
-0.480076 0.765083 0.249951 0.999999 0.000000 -0.000003 0.001330
-0.480075 0.765083 0.249940 0.999999 0.000001 -0.000001 0.001332
-0.480074 0.765085 0.249932 0.999999 -0.000003 0.000002 0.001334
-0.480075 0.765083 0.249963 0.999999 0.000002 -0.000001 0.001335
-0.480076 0.765084 0.249976 0.999999 -0.000000 -0.000002 0.001337
-0.480074 0.765083 0.249924 0.999999 0.000001 0.000002 0.001340
-0.480075 0.765085 0.249954 0.999999 -0.000002 0.000001 0.001341
-0.480075 0.765084 0.249945 0.999999 -0.000001 -0.000001 0.001343
-0.480076 0.765083 0.249930 0.999999 0.000003 -0.000002 0.001346
-0.480074 0.765088 0.249833 0.999999 -0.000007 0.000002 0.001347
-0.480076 0.765086 0.249884 0.999999 -0.000004 -0.000001 0.001350
-0.480076 0.765086 0.249896 0.999999 -0.000004 -0.000000 0.001353
-0.480079 0.765086 0.249909 0.999999 -0.000003 -0.000006 0.001355
-0.480076 0.765085 0.249828 0.999999 -0.000000 -0.000001 0.001358
-0.480075 0.765086 0.249879 0.999999 -0.000002 0.000002 0.001361
-0.480076 0.765085 0.249905 0.999999 -0.000000 -0.000000 0.001363
-0.480076 0.765084 0.249840 0.999999 0.000002 0.000000 0.001365
-0.480077 0.765087 0.249829 0.999999 -0.000004 -0.000002 0.001370
-0.480077 0.765086 0.249883 0.999999 -0.000002 -0.000002 0.001375
-0.480077 0.765086 0.249915 0.999999 -0.000002 -0.000003 0.001378
-0.480075 0.765085 0.249899 0.999999 0.000001 0.000002 0.001380
-0.480076 0.765084 0.249837 0.999999 0.000003 0.000001 0.001384
-0.480077 0.765086 0.249894 0.999999 -0.000000 -0.000002 0.001387
-0.480075 0.765086 0.249881 0.999999 -0.000001 0.000004 0.001389
-0.480077 0.765085 0.249881 0.999999 0.000002 -0.000001 0.001391
-0.480076 0.765087 0.249957 0.999999 -0.000001 0.000001 0.001392
-0.480078 0.765087 0.249946 0.999999 -0.000002 -0.000002 0.001394
-0.480077 0.765085 0.249869 0.999999 0.000003 0.000000 0.001397
-0.480076 0.765086 0.249886 0.999999 0.000001 0.000001 0.001401
-0.480078 0.765085 0.249948 0.999999 0.000003 -0.000001 0.001403
-0.480076 0.765086 0.249920 0.999999 0.000001 0.000001 0.001406
-0.480076 0.765088 0.249945 0.999999 -0.000003 0.000002 0.001408
-0.480078 0.765086 0.249931 0.999999 0.000002 -0.000003 0.001410
-0.480078 0.765086 0.249903 0.999999 0.000002 -0.000001 0.001413
-0.480077 0.765087 0.249830 0.999999 0.000001 -0.000001 0.001416
-0.480077 0.765086 0.249860 0.999999 0.000002 0.000000 0.001419
-0.480076 0.765085 0.249783 0.999999 0.000005 0.000002 0.001420
-0.480077 0.765087 0.249903 0.999999 0.000001 -0.000001 0.001423
-0.480077 0.765087 0.249959 0.999999 -0.000001 -0.000001 0.001425
-0.480077 0.765089 0.249891 0.999999 -0.000003 0.000000 0.001427
-0.480078 0.765087 0.249907 0.999999 -0.000000 -0.000002 0.001429
-0.480078 0.765086 0.249881 0.999999 0.000003 -0.000001 0.001431
-0.480078 0.765088 0.249800 0.999999 -0.000000 -0.000001 0.001435
-0.480079 0.765083 0.249789 0.999999 0.000008 -0.000004 0.001438
-0.480076 0.765091 0.249816 0.999999 -0.000007 0.000003 0.001440
-0.480078 0.765090 0.249864 0.999999 -0.000004 -0.000000 0.001442
-0.480079 0.765086 0.249917 0.999999 0.000003 -0.000002 0.001445
-0.480080 0.765088 0.249923 0.999999 0.000000 -0.000002 0.001448
-0.480079 0.765088 0.249929 0.999999 0.000000 -0.000002 0.001450
-0.480079 0.765088 0.249924 0.999999 0.000001 -0.000001 0.001464
-0.480080 0.765088 0.249975 0.999999 0.000001 -0.000002 0.001466
-0.480079 0.765088 0.249971 0.999999 0.000002 -0.000000 0.001466
-0.480079 0.765089 0.249963 0.999999 -0.000000 -0.000001 0.001466
-0.480080 0.765088 0.249906 0.999999 0.000001 -0.000003 0.001469
-0.480079 0.765090 0.249874 0.999999 -0.000002 -0.000001 0.001474
-0.480079 0.765089 0.249812 0.999999 0.000000 -0.000000 0.001477
-0.480077 0.765088 0.249791 0.999999 0.000001 0.000002 0.001478
-0.480080 0.765089 0.249791 0.999999 -0.000001 -0.000003 0.001479
-0.480080 0.765091 0.249861 0.999999 -0.000004 -0.000003 0.001482
-0.480079 0.765090 0.249847 0.999999 -0.000001 -0.000000 0.001484
-0.480079 0.765089 0.249866 0.999999 0.000001 -0.000000 0.001487
-0.480080 0.765086 0.249839 0.999999 0.000006 -0.000002 0.001489
-0.480080 0.765089 0.249831 0.999999 0.000000 -0.000002 0.001491
-0.480080 0.765089 0.249927 0.999999 0.000000 -0.000001 0.001492
-0.480078 0.765091 0.249871 0.999999 -0.000004 0.000001 0.001496
-0.480080 0.765089 0.249855 0.999999 0.000001 -0.000002 0.001501
-0.480079 0.765090 0.249897 0.999999 -0.000000 -0.000000 0.001502
-0.480080 0.765090 0.249944 0.999999 0.000000 -0.000001 0.001504
-0.480080 0.765090 0.249963 0.999999 0.000001 -0.000003 0.001505
-0.480078 0.765090 0.249959 0.999999 -0.000001 0.000002 0.001506
-0.480078 0.765091 0.249943 0.999999 -0.000002 0.000002 0.001507
-0.480080 0.765089 0.249891 0.999999 0.000002 -0.000001 0.001509
-0.480079 0.765091 0.249875 0.999999 -0.000002 0.000001 0.001510
-0.480081 0.765087 0.249827 0.999999 0.000005 -0.000004 0.001513
-0.480079 0.765086 0.249805 0.999999 0.000008 0.000001 0.001514
-0.480081 0.765089 0.249769 0.999999 0.000002 -0.000003 0.001516
-0.480078 0.765090 0.249774 0.999999 0.000000 0.000003 0.001517
-0.480078 0.765089 0.249805 0.999999 0.000002 0.000004 0.001520
-0.480080 0.765093 0.249840 0.999999 -0.000005 -0.000000 0.001525
-0.480081 0.765090 0.249919 0.999999 0.000002 -0.000002 0.001528
-0.480079 0.765091 0.249921 0.999999 -0.000001 0.000001 0.001530
-0.480081 0.765090 0.249968 0.999999 0.000002 -0.000001 0.001532
-0.480079 0.765091 0.249981 0.999999 -0.000000 0.000002 0.001533
-0.480079 0.765093 0.249950 0.999999 -0.000003 0.000001 0.001535
-0.480081 0.765092 0.249946 0.999999 -0.000001 -0.000002 0.001535
-0.480081 0.765091 0.249935 0.999999 -0.000000 -0.000002 0.001537
-0.480081 0.765091 0.249963 0.999999 -0.000000 -0.000002 0.001538
-0.480081 0.765091 0.249963 0.999999 0.000001 -0.000001 0.001539
-0.480081 0.765091 0.249979 0.999999 0.000000 -0.000002 0.001540
-0.480081 0.765091 0.249952 0.999999 -0.000000 -0.000001 0.001541
-0.480081 0.765090 0.249951 0.999999 0.000002 -0.000002 0.001543
-0.480082 0.765091 0.249958 0.999999 0.000000 -0.000003 0.001544
-0.480081 0.765092 0.249951 0.999999 -0.000000 -0.000002 0.001545
-0.480081 0.765090 0.249955 0.999999 0.000002 -0.000002 0.001546
-0.480081 0.765092 0.249922 0.999999 -0.000002 -0.000002 0.001548
-0.480081 0.765090 0.249907 0.999999 0.000003 -0.000001 0.001549
-0.480078 0.765091 0.249858 0.999999 0.000002 0.000004 0.001552
-0.480080 0.765094 0.249829 0.999999 -0.000005 0.000001 0.001552
-0.480080 0.765095 0.249802 0.999999 -0.000006 0.000000 0.001554
-0.480081 0.765094 0.249842 0.999999 -0.000004 -0.000001 0.001555
-0.480080 0.765093 0.249873 0.999999 -0.000002 0.000001 0.001558
-0.480080 0.765093 0.249890 0.999999 -0.000002 0.000002 0.001558
-0.480081 0.765091 0.249921 0.999999 0.000001 -0.000001 0.001561
-0.480080 0.765094 0.249891 0.999999 -0.000003 0.000001 0.001565
-0.480082 0.765091 0.249862 0.999999 0.000003 -0.000003 0.001570
-0.480082 0.765092 0.249850 0.999999 0.000001 -0.000002 0.001574
-0.480081 0.765092 0.249894 0.999999 0.000001 -0.000001 0.001576
-0.480080 0.765091 0.249853 0.999999 0.000002 0.000001 0.001579
-0.480082 0.765092 0.249863 0.999999 0.000002 -0.000003 0.001579
-0.480082 0.765092 0.249952 0.999999 0.000002 -0.000002 0.001581
-0.480082 0.765092 0.249961 0.999999 0.000002 -0.000002 0.001582
-0.480083 0.765093 0.249883 0.999999 0.000000 -0.000004 0.001584
-0.480082 0.765093 0.249879 0.999999 -0.000001 -0.000002 0.001585
-0.480081 0.765085 0.249821 0.999999 0.000016 0.000001 0.001589
-0.480083 0.765089 0.249808 0.999999 0.000007 -0.000004 0.001590
-0.480084 0.765093 0.249814 0.999999 0.000000 -0.000005 0.001592
-0.480081 0.765091 0.249809 0.999999 0.000004 0.000001 0.001593
-0.480081 0.765095 0.249810 0.999999 -0.000004 0.000001 0.001594
-0.480080 0.765091 0.249804 0.999999 0.000005 0.000003 0.001595
-0.480083 0.765094 0.249795 0.999999 -0.000002 -0.000002 0.001596
-0.480082 0.765095 0.249811 0.999999 -0.000003 0.000000 0.001596
-0.480082 0.765092 0.249860 0.999999 0.000002 -0.000001 0.001598
-0.480082 0.765094 0.249897 0.999999 -0.000000 -0.000000 0.001599
-0.480083 0.765094 0.249941 0.999999 -0.000000 -0.000003 0.001602
-0.480083 0.765095 0.249938 0.999999 -0.000003 -0.000001 0.001602
-0.480083 0.765095 0.249910 0.999999 -0.000004 -0.000001 0.001605
-0.480083 0.765094 0.249903 0.999999 -0.000001 -0.000002 0.001606
-0.480083 0.765093 0.249906 0.999999 0.000000 -0.000001 0.001607
-0.480083 0.765092 0.249908 0.999999 0.000003 -0.000002 0.001609
-0.480082 0.765095 0.249915 0.999999 -0.000002 -0.000001 0.001609
-0.480082 0.765094 0.249943 0.999999 -0.000001 -0.000001 0.001610
-0.480082 0.765094 0.249909 0.999999 0.000000 -0.000001 0.001611
-0.480082 0.765094 0.249910 0.999999 0.000000 -0.000000 0.001612
-0.480081 0.765094 0.249923 0.999999 -0.000000 0.000001 0.001612
-0.480082 0.765092 0.249887 0.999999 0.000004 -0.000001 0.001614
-0.480081 0.765092 0.249857 0.999999 0.000004 0.000001 0.001614
-0.480082 0.765095 0.249845 0.999999 -0.000003 0.000000 0.001615
-0.480082 0.765095 0.249837 0.999999 -0.000002 -0.000001 0.001619
-0.480082 0.765093 0.249856 0.999999 0.000001 -0.000001 0.001621
-0.480082 0.765094 0.249863 0.999999 0.000000 0.000000 0.001621
-0.480081 0.765093 0.249852 0.999999 0.000002 0.000002 0.001623
-0.480082 0.765096 0.249838 0.999999 -0.000004 0.000000 0.001624
-0.480081 0.765095 0.249812 0.999999 -0.000003 0.000002 0.001625
-0.480081 0.765093 0.249827 0.999999 0.000002 0.000001 0.001628
-0.480084 0.765092 0.249823 0.999999 0.000004 -0.000004 0.001628
-0.480082 0.765096 0.249825 0.999999 -0.000004 0.000000 0.001629
-0.480082 0.765097 0.249837 0.999999 -0.000005 0.000000 0.001631
-0.480082 0.765095 0.249872 0.999999 -0.000000 0.000001 0.001632
-0.480083 0.765095 0.249955 0.999999 -0.000000 -0.000002 0.001634
-0.480084 0.765093 0.249954 0.999999 0.000003 -0.000003 0.001634
-0.480086 0.765095 0.249834 0.999999 -0.000001 -0.000007 0.001635
-0.480083 0.765093 0.249822 0.999999 0.000002 -0.000001 0.001636
-0.480081 0.765092 0.249795 0.999999 0.000006 0.000003 0.001639
-0.480081 0.765092 0.249783 0.999999 0.000006 0.000004 0.001639
-0.480082 0.765098 0.249770 0.999999 -0.000006 0.000001 0.001641
-0.480083 0.765094 0.249793 0.999999 0.000001 0.000000 0.001641
-0.480084 0.765095 0.249929 0.999999 -0.000000 -0.000001 0.001644
-0.480083 0.765094 0.249934 0.999999 0.000001 -0.000000 0.001645
-0.480083 0.765094 0.249936 0.999999 0.000001 -0.000001 0.001646
-0.480082 0.765096 0.249912 0.999999 -0.000002 0.000001 0.001649
-0.480082 0.765095 0.249911 0.999999 0.000001 0.000002 0.001649
-0.480083 0.765094 0.249899 0.999999 0.000002 -0.000000 0.001650
-0.480082 0.765096 0.249925 0.999999 -0.000003 0.000001 0.001652
-0.480083 0.765095 0.249930 0.999999 0.000001 -0.000001 0.001653
-0.480083 0.765097 0.249933 0.999999 -0.000003 0.000000 0.001653
-0.480084 0.765095 0.249903 0.999999 0.000000 -0.000002 0.001655
-0.480082 0.765095 0.249910 0.999999 0.000001 0.000001 0.001657
-0.480083 0.765095 0.249926 0.999999 0.000001 -0.000001 0.001658
-0.480083 0.765095 0.249928 0.999999 0.000001 -0.000001 0.001659
-0.480082 0.765094 0.249922 0.999999 0.000002 0.000001 0.001660
-0.480081 0.765094 0.249887 0.999999 0.000003 0.000003 0.001661
-0.480084 0.765096 0.249857 0.999999 -0.000001 -0.000002 0.001662
-0.480084 0.765095 0.249906 0.999999 0.000001 -0.000002 0.001662
-0.480083 0.765095 0.249929 0.999999 0.000001 0.000001 0.001663
-0.480083 0.765096 0.249934 0.999999 -0.000002 0.000001 0.001663
-0.480084 0.765095 0.249914 0.999999 0.000000 -0.000001 0.001664
-0.480084 0.765095 0.249915 0.999999 0.000001 -0.000002 0.001665
-0.480084 0.765095 0.249933 0.999999 0.000002 -0.000001 0.001666
-0.480081 0.765096 0.249931 0.999999 -0.000001 0.000003 0.001667
-0.480083 0.765094 0.249923 0.999999 0.000003 -0.000001 0.001668
-0.480085 0.765096 0.249949 0.999999 -0.000000 -0.000003 0.001671
-0.480086 0.765097 0.249899 0.999999 -0.000002 -0.000006 0.001674
-0.480084 0.765096 0.249886 0.999999 -0.000001 -0.000002 0.001677
-0.480084 0.765097 0.249851 0.999999 -0.000002 -0.000002 0.001681
-0.480085 0.765096 0.249857 0.999999 -0.000000 -0.000003 0.001685
-0.480084 0.765096 0.249862 0.999999 0.000001 -0.000002 0.001685
-0.480084 0.765096 0.249924 0.999999 0.000000 -0.000001 0.001687
-0.480084 0.765095 0.249929 0.999999 0.000003 -0.000002 0.001687
-0.480086 0.765097 0.249830 0.999999 -0.000001 -0.000005 0.001690
-0.480081 0.765093 0.249805 0.999999 0.000006 0.000004 0.001690
-0.480084 0.765098 0.249864 0.999999 -0.000003 -0.000001 0.001693
-0.480084 0.765098 0.249930 0.999999 -0.000002 -0.000001 0.001697
-0.480083 0.765099 0.249858 0.999999 -0.000004 0.000000 0.001700
-0.480084 0.765098 0.249887 0.999999 -0.000001 -0.000001 0.001703
-0.480084 0.765096 0.249905 0.999999 0.000002 -0.000000 0.001704
-0.480085 0.765096 0.249873 0.999999 0.000001 -0.000003 0.001705
-0.480083 0.765097 0.249865 0.999999 -0.000000 0.000001 0.001707
-0.480084 0.765098 0.249920 0.999999 -0.000002 0.000000 0.001709
-0.480085 0.765097 0.249892 0.999999 -0.000000 -0.000003 0.001712
-0.480085 0.765098 0.249914 0.999999 -0.000001 -0.000002 0.001715
-0.480084 0.765098 0.249907 0.999999 -0.000001 0.000000 0.001719
-0.480084 0.765098 0.249930 0.999999 -0.000001 -0.000001 0.001721
-0.480085 0.765097 0.249927 0.999999 0.000001 -0.000003 0.001722
-0.480083 0.765097 0.249923 0.999999 0.000001 0.000001 0.001725
-0.480085 0.765100 0.249900 0.999999 -0.000004 -0.000002 0.001725
-0.480085 0.765097 0.249878 0.999999 0.000001 -0.000002 0.001729
-0.480085 0.765096 0.249892 0.999999 0.000003 -0.000002 0.001730
-0.480084 0.765097 0.249944 0.999998 0.000002 0.000000 0.001733
-0.480085 0.765098 0.249956 0.999998 0.000000 -0.000002 0.001736
-0.480085 0.765097 0.249961 0.999998 0.000002 -0.000001 0.001737
-0.480086 0.765099 0.249885 0.999998 -0.000001 -0.000003 0.001740
-0.480085 0.765097 0.249894 0.999998 0.000002 -0.000001 0.001742
-0.480083 0.765099 0.249847 0.999998 -0.000001 0.000002 0.001745
-0.480085 0.765096 0.249862 0.999998 0.000004 -0.000002 0.001746
-0.480085 0.765100 0.249844 0.999998 -0.000004 -0.000001 0.001751
-0.480086 0.765099 0.249857 0.999998 -0.000001 -0.000003 0.001752
-0.480083 0.765098 0.249855 0.999998 0.000001 0.000003 0.001755
-0.480085 0.765098 0.249858 0.999998 0.000002 -0.000001 0.001755
-0.480085 0.765098 0.249937 0.999998 0.000002 -0.000002 0.001759
-0.480085 0.765099 0.249947 0.999998 0.000000 -0.000000 0.001760
-0.480083 0.765099 0.249948 0.999998 0.000000 0.000002 0.001762
-0.480085 0.765098 0.249923 0.999998 0.000002 -0.000002 0.001762
-0.480083 0.765099 0.249939 0.999998 -0.000000 0.000003 0.001763
-0.480085 0.765099 0.249953 0.999998 0.000000 0.000000 0.001764
-0.480086 0.765099 0.249920 0.999998 -0.000001 -0.000002 0.001766
-0.480086 0.765100 0.249876 0.999998 -0.000001 -0.000002 0.001767
-0.480085 0.765098 0.249868 0.999998 0.000003 -0.000001 0.001769
-0.480085 0.765098 0.249868 0.999998 0.000003 -0.000001 0.001770
-0.480085 0.765099 0.249883 0.999998 0.000002 0.000000 0.001771
-0.480086 0.765099 0.249958 0.999998 0.000001 -0.000002 0.001773
-0.480085 0.765099 0.249967 0.999998 0.000001 -0.000001 0.001773
-0.480085 0.765100 0.249972 0.999998 -0.000002 -0.000001 0.001773
-0.480085 0.765098 0.249949 0.999998 0.000002 0.000000 0.001775
-0.480085 0.765100 0.249937 0.999998 -0.000002 0.000000 0.001775
-0.480086 0.765100 0.249935 0.999998 -0.000000 -0.000003 0.001776
-0.480085 0.765100 0.249925 0.999998 -0.000001 -0.000001 0.001777
-0.480085 0.765098 0.249919 0.999998 0.000003 -0.000000 0.001778
-0.480085 0.765099 0.249915 0.999998 0.000002 -0.000000 0.001778
-0.480084 0.765100 0.249912 0.999998 -0.000001 0.000001 0.001781
-0.480085 0.765099 0.249907 0.999998 0.000001 0.000000 0.001782
-0.480085 0.765098 0.249894 0.999998 0.000003 -0.000001 0.001782
-0.480083 0.765099 0.249823 0.999998 0.000001 0.000004 0.001784
-0.480086 0.765099 0.249787 0.999998 0.000001 -0.000001 0.001785
-0.480087 0.765100 0.249789 0.999998 -0.000001 -0.000005 0.001786
-0.480084 0.765102 0.249805 0.999998 -0.000004 0.000002 0.001788
-0.480084 0.765100 0.249820 0.999998 -0.000000 0.000001 0.001791
-0.480087 0.765100 0.249847 0.999998 0.000001 -0.000005 0.001792
-0.480085 0.765098 0.249856 0.999998 0.000004 0.000001 0.001793
-0.480086 0.765099 0.249912 0.999998 0.000002 -0.000002 0.001796
-0.480086 0.765100 0.249933 0.999998 0.000000 -0.000002 0.001796
-0.480085 0.765101 0.249966 0.999998 -0.000001 -0.000000 0.001796
-0.480085 0.765101 0.249933 0.999998 -0.000001 -0.000001 0.001798
-0.480085 0.765100 0.249916 0.999998 0.000001 -0.000001 0.001799
-0.480085 0.765101 0.249885 0.999998 -0.000002 -0.000000 0.001802
-0.480084 0.765101 0.249895 0.999998 -0.000001 0.000001 0.001803
-0.480086 0.765101 0.249934 0.999998 -0.000000 -0.000002 0.001805
-0.480084 0.765101 0.249902 0.999998 -0.000001 0.000002 0.001806
-0.480085 0.765101 0.249924 0.999998 -0.000001 0.000001 0.001808
-0.480086 0.765102 0.249933 0.999998 -0.000003 -0.000001 0.001809
-0.480086 0.765101 0.249944 0.999998 -0.000001 -0.000002 0.001811
-0.480085 0.765099 0.249943 0.999998 0.000004 -0.000000 0.001811
-0.480086 0.765101 0.249863 0.999998 0.000001 -0.000002 0.001814
-0.480087 0.765101 0.249842 0.999998 -0.000000 -0.000004 0.001816
-0.480088 0.765104 0.249854 0.999998 -0.000005 -0.000005 0.001819
-0.480088 0.765100 0.249800 0.999998 0.000002 -0.000007 0.001821
-0.480084 0.765102 0.249853 0.999998 -0.000001 0.000002 0.001823
-0.480085 0.765103 0.249874 0.999998 -0.000003 0.000000 0.001825
-0.480086 0.765100 0.249896 0.999998 0.000003 -0.000002 0.001825
-0.480086 0.765101 0.249902 0.999998 0.000001 -0.000000 0.001826
-0.480085 0.765101 0.249947 0.999998 0.000001 0.000000 0.001827
-0.480087 0.765102 0.249961 0.999998 -0.000001 -0.000003 0.001827
-0.480085 0.765102 0.249946 0.999998 -0.000001 -0.000000 0.001828
-0.480085 0.765099 0.249905 0.999998 0.000005 -0.000000 0.001829
-0.480087 0.765103 0.249870 0.999998 -0.000003 -0.000004 0.001832
-0.480087 0.765103 0.249858 0.999998 -0.000003 -0.000003 0.001832
-0.480085 0.765099 0.249850 0.999998 0.000006 -0.000000 0.001832
-0.480087 0.765101 0.249814 0.999998 0.000002 -0.000004 0.001837
-0.480086 0.765098 0.249811 0.999998 0.000007 -0.000001 0.001837
-0.480087 0.765103 0.249819 0.999998 -0.000002 -0.000004 0.001838
-0.480085 0.765102 0.249943 0.999998 0.000000 0.000001 0.001841
-0.480087 0.765102 0.249953 0.999998 -0.000000 -0.000003 0.001841
-0.480085 0.765102 0.249837 0.999998 -0.000001 0.000002 0.001844
-0.480085 0.765102 0.249839 0.999998 0.000001 0.000001 0.001844
-0.480085 0.765101 0.249841 0.999998 0.000002 0.000001 0.001847
-0.480084 0.765102 0.249845 0.999998 -0.000000 0.000003 0.001848
-0.480085 0.765104 0.249921 0.999998 -0.000003 0.000001 0.001852
-0.480086 0.765101 0.249931 0.999998 0.000002 0.000000 0.001852
-0.480086 0.765102 0.249962 0.999998 0.000001 0.000001 0.001854
-0.480086 0.765102 0.249968 0.999998 0.000001 -0.000000 0.001854
-0.480087 0.765102 0.249974 0.999998 0.000001 -0.000002 0.001854
-0.480087 0.765101 0.249942 0.999998 0.000002 -0.000003 0.001855
-0.480086 0.765104 0.249904 0.999998 -0.000004 0.000000 0.001857
-0.480087 0.765103 0.249928 0.999998 -0.000000 -0.000001 0.001859
-0.480086 0.765102 0.249955 0.999998 0.000001 -0.000001 0.001859
-0.480087 0.765102 0.249943 0.999998 0.000001 -0.000002 0.001861
-0.480086 0.765102 0.249935 0.999998 0.000001 -0.000000 0.001862
-0.480087 0.765102 0.249929 0.999998 0.000001 -0.000001 0.001864
-0.480087 0.765103 0.249937 0.999998 -0.000000 -0.000003 0.001864
-0.480086 0.765103 0.249953 0.999998 -0.000001 -0.000001 0.001865
-0.480087 0.765103 0.249956 0.999998 -0.000001 -0.000001 0.001866
-0.480086 0.765103 0.249953 0.999998 -0.000001 0.000001 0.001866
-0.480086 0.765104 0.249943 0.999998 -0.000002 0.000000 0.001867
-0.480086 0.765103 0.249967 0.999998 0.000000 0.000000 0.001867
-0.480087 0.765102 0.249971 0.999998 0.000001 -0.000001 0.001867
-0.480087 0.765103 0.249972 0.999998 -0.000001 -0.000001 0.001868
-0.480087 0.765104 0.249892 0.999998 -0.000002 -0.000001 0.001872
-0.480085 0.765105 0.249880 0.999998 -0.000004 0.000002 0.001873
-0.480087 0.765102 0.249920 0.999998 0.000002 -0.000001 0.001875
-0.480087 0.765103 0.249901 0.999998 -0.000001 -0.000002 0.001877
-0.480086 0.765104 0.249926 0.999998 -0.000002 -0.000000 0.001880
-0.480086 0.765104 0.249938 0.999998 -0.000001 0.000000 0.001880
-0.480086 0.765103 0.249951 0.999998 0.000000 -0.000001 0.001880
-0.480088 0.765103 0.249930 0.999998 0.000001 -0.000003 0.001883
-0.480087 0.765103 0.249921 0.999998 0.000000 -0.000002 0.001883
-0.480087 0.765101 0.249898 0.999998 0.000004 -0.000001 0.001887
-0.480086 0.765103 0.249894 0.999998 0.000000 -0.000000 0.001887
-0.480086 0.765104 0.249932 0.999998 -0.000000 0.000001 0.001890
-0.480086 0.765103 0.249939 0.999998 0.000001 0.000001 0.001890
-0.480087 0.765103 0.249915 0.999998 0.000002 -0.000002 0.001893
-0.480088 0.765102 0.249903 0.999998 0.000003 -0.000003 0.001893
-0.480087 0.765103 0.249915 0.999998 0.000001 -0.000001 0.001894
-0.480087 0.765105 0.249914 0.999998 -0.000003 -0.000002 0.001896
-0.480086 0.765105 0.249893 0.999998 -0.000002 -0.000001 0.001898
-0.480086 0.765103 0.249871 0.999998 0.000003 0.000000 0.001900
-0.480087 0.765105 0.249832 0.999998 -0.000002 -0.000001 0.001901
-0.480086 0.765106 0.249869 0.999998 -0.000003 -0.000000 0.001903
-0.480088 0.765105 0.249871 0.999998 -0.000001 -0.000003 0.001904
-0.480087 0.765104 0.249863 0.999998 0.000001 -0.000001 0.001904
-0.480087 0.765103 0.249961 0.999998 0.000001 -0.000001 0.001906
-0.480087 0.765103 0.249971 0.999998 0.000001 -0.000001 0.001906
-0.480086 0.765104 0.249947 0.999998 0.000000 0.000001 0.001908
-0.480087 0.765104 0.249954 0.999998 0.000000 -0.000001 0.001909
-0.480085 0.765103 0.249921 0.999998 0.000003 0.000002 0.001911
-0.480089 0.765105 0.249893 0.999998 -0.000002 -0.000006 0.001911
-0.480086 0.765102 0.249859 0.999998 0.000004 0.000000 0.001912
-0.480090 0.765103 0.249773 0.999998 0.000002 -0.000007 0.001913
-0.480084 0.765104 0.249777 0.999998 0.000001 0.000004 0.001914
-0.480086 0.765103 0.249789 0.999998 0.000002 0.000001 0.001915
-0.480084 0.765105 0.249807 0.999998 -0.000001 0.000004 0.001917
-0.480087 0.765108 0.249812 0.999998 -0.000007 -0.000002 0.001918
-0.480087 0.765104 0.249823 0.999998 0.000001 -0.000001 0.001921
-0.480085 0.765106 0.249834 0.999998 -0.000003 0.000003 0.001922
-0.480087 0.765104 0.249846 0.999998 0.000001 -0.000002 0.001922
-0.480085 0.765106 0.249850 0.999998 -0.000003 0.000003 0.001924
-0.480090 0.765105 0.249799 0.999998 -0.000001 -0.000006 0.001926
-0.480088 0.765106 0.249839 0.999998 -0.000002 -0.000001 0.001928
-0.480086 0.765104 0.249878 0.999998 0.000002 0.000002 0.001931
-0.480086 0.765106 0.249883 0.999998 -0.000002 0.000002 0.001933
-0.480087 0.765104 0.249914 0.999998 0.000002 0.000000 0.001934
-0.480087 0.765105 0.249929 0.999998 -0.000001 -0.000001 0.001935
-0.480088 0.765106 0.249919 0.999998 -0.000002 -0.000002 0.001938
-0.480086 0.765106 0.249877 0.999998 -0.000001 0.000001 0.001941
-0.480088 0.765104 0.249894 0.999998 0.000002 -0.000002 0.001943
-0.480088 0.765105 0.249970 0.999998 0.000001 -0.000001 0.001943
-0.480087 0.765104 0.249981 0.999998 0.000002 -0.000001 0.001944
-0.480086 0.765106 0.249967 0.999998 -0.000000 0.000003 0.001944
-0.480085 0.765104 0.249927 0.999998 0.000002 0.000004 0.001946
-0.480087 0.765103 0.249831 0.999998 0.000006 0.000001 0.001947
-0.480091 0.765108 0.249818 0.999998 -0.000004 -0.000008 0.001948
-0.480088 0.765105 0.249816 0.999998 0.000000 -0.000001 0.001949
-0.480088 0.765104 0.249882 0.999998 0.000002 -0.000001 0.001950
-0.480088 0.765105 0.249909 0.999998 0.000002 -0.000001 0.001951
-0.480086 0.765105 0.249952 0.999998 0.000001 0.000001 0.001952
-0.480087 0.765103 0.249942 0.999998 0.000004 -0.000000 0.001952
-0.480087 0.765106 0.249884 0.999998 0.000000 0.000000 0.001956
-0.480086 0.765106 0.249898 0.999998 0.000000 0.000001 0.001957
-0.480089 0.765105 0.249912 0.999998 0.000003 -0.000004 0.001959
-0.480084 0.765108 0.249860 0.999998 -0.000005 0.000005 0.001960
-0.480088 0.765104 0.249842 0.999998 0.000003 -0.000001 0.001963
-0.480088 0.765106 0.249855 0.999998 0.000001 -0.000002 0.001964
-0.480088 0.765106 0.249885 0.999998 0.000001 -0.000001 0.001964
-0.480087 0.765106 0.249935 0.999998 -0.000000 0.000001 0.001966
-0.480087 0.765107 0.249938 0.999998 -0.000001 0.000002 0.001966
-0.480087 0.765107 0.249934 0.999998 -0.000002 0.000002 0.001967
-0.480089 0.765106 0.249930 0.999998 0.000001 -0.000003 0.001968
-0.480089 0.765107 0.249945 0.999998 -0.000000 -0.000003 0.001968
-0.480088 0.765106 0.249950 0.999998 0.000001 -0.000001 0.001968
-0.480088 0.765108 0.249940 0.999998 -0.000003 -0.000001 0.001970
-0.480088 0.765107 0.249947 0.999998 -0.000001 -0.000001 0.001972
-0.480087 0.765106 0.249938 0.999998 0.000001 0.000001 0.001973
-0.480089 0.765107 0.249921 0.999998 -0.000000 -0.000002 0.001975
-0.480088 0.765108 0.249942 0.999998 -0.000002 -0.000001 0.001976
-0.480087 0.765107 0.249945 0.999998 -0.000000 0.000001 0.001977
-0.480089 0.765108 0.249898 0.999998 -0.000002 -0.000002 0.001979
-0.480088 0.765107 0.249864 0.999998 -0.000001 -0.000001 0.001981
-0.480088 0.765105 0.249859 0.999998 0.000004 -0.000000 0.001983
-0.480089 0.765108 0.249857 0.999998 -0.000003 -0.000002 0.001986
-0.480088 0.765107 0.249873 0.999998 -0.000001 -0.000000 0.001989
-0.480089 0.765106 0.249949 0.999998 0.000002 -0.000003 0.001991
-0.480088 0.765107 0.249978 0.999998 0.000001 -0.000000 0.001992
-0.480088 0.765108 0.249935 0.999998 -0.000003 -0.000001 0.001995
-0.480088 0.765108 0.249951 0.999998 -0.000001 -0.000001 0.001998
-0.480085 0.765104 0.249836 0.999998 0.000007 0.000005 0.002001
-0.480090 0.765106 0.249807 0.999998 0.000002 -0.000003 0.002001
-0.480089 0.765107 0.249894 0.999998 0.000000 -0.000002 0.002005
-0.480089 0.765107 0.249918 0.999998 0.000000 -0.000001 0.002005
-0.480088 0.765107 0.249946 0.999998 0.000000 -0.000000 0.002007
-0.480088 0.765109 0.249940 0.999998 -0.000002 0.000000 0.002008
-0.480089 0.765107 0.249857 0.999998 0.000001 -0.000003 0.002011
-0.480087 0.765108 0.249865 0.999998 0.000000 0.000002 0.002015
-0.480090 0.765110 0.249799 0.999998 -0.000003 -0.000003 0.002018
-0.480088 0.765109 0.249924 0.999998 -0.000001 -0.000001 0.002021
-0.480089 0.765110 0.249868 0.999998 -0.000003 -0.000001 0.002025
-0.480087 0.765110 0.249782 0.999998 -0.000003 0.000003 0.002030
-0.480090 0.765106 0.249837 0.999998 0.000004 -0.000002 0.002033
-0.480090 0.765108 0.249940 0.999998 0.000001 -0.000002 0.002037
-0.480090 0.765107 0.249945 0.999998 0.000002 -0.000002 0.002037
-0.480089 0.765109 0.249938 0.999998 -0.000002 -0.000001 0.002040
-0.480089 0.765108 0.249937 0.999998 0.000001 -0.000001 0.002041
-0.480088 0.765110 0.249933 0.999998 -0.000004 0.000001 0.002043
-0.480089 0.765110 0.249923 0.999998 -0.000002 -0.000001 0.002043
-0.480089 0.765110 0.249921 0.999998 -0.000003 0.000000 0.002044
-0.480089 0.765110 0.249904 0.999998 -0.000002 -0.000001 0.002046
-0.480090 0.765110 0.249874 0.999998 -0.000003 -0.000003 0.002046
-0.480089 0.765108 0.249830 0.999998 0.000002 -0.000001 0.002047
-0.480088 0.765110 0.249860 0.999998 -0.000002 0.000000 0.002051
-0.480089 0.765109 0.249868 0.999998 -0.000001 -0.000002 0.002052
-0.480087 0.765111 0.249900 0.999998 -0.000003 0.000002 0.002056
-0.480089 0.765110 0.249899 0.999998 -0.000002 -0.000001 0.002057
-0.480090 0.765107 0.249850 0.999998 0.000005 -0.000003 0.002060
-0.480088 0.765108 0.249848 0.999998 0.000003 0.000000 0.002060
-0.480089 0.765108 0.249816 0.999998 0.000003 -0.000001 0.002064
-0.480088 0.765110 0.249811 0.999998 -0.000002 0.000001 0.002066
-0.480090 0.765112 0.249802 0.999998 -0.000006 -0.000003 0.002067
-0.480090 0.765108 0.249800 0.999998 0.000002 -0.000002 0.002072
-0.480086 0.765112 0.249777 0.999998 -0.000006 0.000006 0.002076
-0.480090 0.765109 0.249873 0.999998 0.000001 -0.000002 0.002081
-0.480091 0.765110 0.249959 0.999998 -0.000001 -0.000003 0.002082
-0.480090 0.765108 0.249926 0.999998 0.000002 -0.000002 0.002086
-0.480090 0.765110 0.249929 0.999998 -0.000000 -0.000002 0.002089
-0.480090 0.765109 0.249887 0.999998 0.000002 -0.000001 0.002091
-0.480089 0.765111 0.249854 0.999998 -0.000003 0.000000 0.002093
-0.480089 0.765110 0.249825 0.999998 0.000000 0.000001 0.002096
-0.480090 0.765111 0.249907 0.999998 -0.000002 -0.000000 0.002098
-0.480089 0.765109 0.249923 0.999998 0.000002 0.000001 0.002098
-0.480089 0.765110 0.249942 0.999998 -0.000001 0.000001 0.002100
-0.480091 0.765110 0.249939 0.999998 -0.000000 -0.000003 0.002101
-0.480092 0.765112 0.249836 0.999998 -0.000003 -0.000004 0.002103
-0.480089 0.765112 0.249824 0.999998 -0.000003 0.000002 0.002104
-0.480091 0.765110 0.249935 0.999998 0.000001 -0.000002 0.002107
-0.480090 0.765110 0.249948 0.999998 0.000001 -0.000001 0.002107
-0.480091 0.765110 0.249958 0.999998 -0.000000 -0.000002 0.002108
-0.480091 0.765109 0.249953 0.999998 0.000002 -0.000002 0.002108
-0.480090 0.765109 0.249884 0.999998 0.000003 -0.000001 0.002112
-0.480091 0.765108 0.249874 0.999998 0.000005 -0.000003 0.002112
-0.480090 0.765109 0.249830 0.999998 0.000002 -0.000000 0.002116
-0.480090 0.765111 0.249849 0.999998 -0.000001 -0.000000 0.002117
-0.480090 0.765111 0.249918 0.999998 -0.000000 -0.000000 0.002118
-0.480091 0.765110 0.249911 0.999998 0.000001 -0.000003 0.002119
-0.480091 0.765111 0.249950 0.999998 -0.000000 -0.000002 0.002121
-0.480091 0.765110 0.249967 0.999998 0.000002 -0.000003 0.002121
-0.480091 0.765110 0.249954 0.999998 0.000001 -0.000002 0.002122
-0.480091 0.765110 0.249958 0.999998 0.000001 -0.000001 0.002122
-0.480090 0.765111 0.249948 0.999998 -0.000001 0.000001 0.002124
-0.480089 0.765111 0.249946 0.999998 0.000000 0.000002 0.002124
-0.480091 0.765110 0.249873 0.999998 0.000002 -0.000001 0.002128
-0.480090 0.765112 0.249879 0.999998 -0.000002 0.000000 0.002129
-0.480090 0.765110 0.249942 0.999998 0.000003 0.000000 0.002131
-0.480090 0.765110 0.249929 0.999998 0.000003 0.000001 0.002132
-0.480091 0.765110 0.249934 0.999998 0.000003 -0.000002 0.002134
-0.480090 0.765111 0.249927 0.999998 0.000001 0.000000 0.002135
-0.480091 0.765111 0.249893 0.999998 0.000000 -0.000001 0.002137
-0.480090 0.765112 0.249908 0.999998 -0.000001 0.000000 0.002138
-0.480091 0.765112 0.249943 0.999998 -0.000000 -0.000001 0.002139
-0.480090 0.765113 0.249939 0.999998 -0.000003 0.000001 0.002140
-0.480091 0.765111 0.249933 0.999998 0.000002 -0.000001 0.002140
-0.480091 0.765114 0.249930 0.999998 -0.000004 -0.000000 0.002142
-0.480092 0.765111 0.249915 0.999998 0.000001 -0.000002 0.002143
-0.480093 0.765111 0.249882 0.999998 0.000002 -0.000003 0.002145
-0.480091 0.765111 0.249887 0.999998 0.000001 -0.000000 0.002145
-0.480090 0.765111 0.249870 0.999998 0.000001 0.000001 0.002149
-0.480093 0.765111 0.249865 0.999998 0.000002 -0.000003 0.002150
-0.480092 0.765115 0.249854 0.999998 -0.000006 -0.000000 0.002153
-0.480090 0.765112 0.249854 0.999998 -0.000000 0.000002 0.002153
-0.480094 0.765113 0.249808 0.999998 -0.000002 -0.000005 0.002156
-0.480096 0.765113 0.249776 0.999998 -0.000001 -0.000009 0.002159
-0.480091 0.765113 0.249905 0.999998 -0.000001 0.000002 0.002164
-0.480093 0.765112 0.249966 0.999998 0.000000 -0.000002 0.002166
-0.480093 0.765112 0.249969 0.999998 -0.000000 -0.000002 0.002167
-0.480091 0.765113 0.249907 0.999998 -0.000002 0.000001 0.002170
-0.480091 0.765111 0.249947 0.999998 0.000002 0.000003 0.002173
-0.480091 0.765112 0.249820 0.999998 0.000001 0.000002 0.002177
-0.480093 0.765115 0.249832 0.999998 -0.000005 -0.000001 0.002181
-0.480092 0.765115 0.249769 0.999998 -0.000004 -0.000000 0.002184
-0.480091 0.765112 0.249818 0.999998 0.000001 0.000002 0.002189
-0.480093 0.765113 0.249873 0.999998 0.000000 -0.000002 0.002192
-0.480092 0.765114 0.249863 0.999998 -0.000001 0.000001 0.002196
-0.480094 0.765114 0.249823 0.999998 -0.000002 -0.000003 0.002201
-0.480093 0.765113 0.249931 0.999998 0.000001 -0.000000 0.002205
-0.480091 0.765116 0.249869 0.999998 -0.000004 0.000002 0.002208
-0.480093 0.765115 0.249920 0.999998 -0.000002 -0.000000 0.002210
-0.480093 0.765115 0.249917 0.999998 -0.000003 0.000000 0.002212
-0.480094 0.765113 0.249931 0.999998 0.000001 -0.000002 0.002215
-0.480094 0.765115 0.249866 0.999998 -0.000001 -0.000001 0.002218
-0.480093 0.765115 0.249889 0.999998 -0.000001 -0.000000 0.002222
-0.480094 0.765114 0.249899 0.999998 0.000001 -0.000001 0.002225
-0.480094 0.765114 0.249862 0.999998 0.000002 -0.000001 0.002231
-0.480092 0.765115 0.249938 0.999998 0.000000 0.000003 0.002233
-0.480093 0.765115 0.249913 0.999998 -0.000000 0.000001 0.002236
-0.480095 0.765113 0.249883 0.999997 0.000004 -0.000003 0.002239
-0.480094 0.765115 0.249858 0.999997 0.000001 -0.000000 0.002244
-0.480094 0.765115 0.249932 0.999997 0.000002 -0.000001 0.002248
-0.480094 0.765117 0.249961 0.999997 -0.000002 -0.000001 0.002250
-0.480095 0.765114 0.249823 0.999997 0.000004 -0.000003 0.002255
-0.480094 0.765115 0.249827 0.999997 0.000001 -0.000000 0.002259
-0.480094 0.765111 0.249808 0.999997 0.000010 -0.000000 0.002264
-0.480090 0.765113 0.249755 0.999997 0.000006 0.000007 0.002266
-0.480092 0.765117 0.249765 0.999997 -0.000002 0.000004 0.002267
-0.480094 0.765114 0.249772 0.999997 0.000004 -0.000001 0.002268
-0.480095 0.765116 0.249891 0.999997 -0.000001 -0.000001 0.002270
-0.480094 0.765115 0.249916 0.999997 0.000001 -0.000000 0.002271
-0.480094 0.765117 0.249953 0.999997 -0.000002 0.000000 0.002272
-0.480095 0.765116 0.249919 0.999997 -0.000000 -0.000002 0.002272
-0.480095 0.765115 0.249954 0.999997 0.000003 -0.000001 0.002273
-0.480094 0.765115 0.249960 0.999997 0.000002 0.000001 0.002274
-0.480095 0.765116 0.249958 0.999997 -0.000000 -0.000001 0.002275
-0.480095 0.765116 0.249956 0.999997 -0.000000 -0.000002 0.002277
-0.480096 0.765116 0.249972 0.999997 -0.000000 -0.000003 0.002277
-0.480094 0.765116 0.249947 0.999997 0.000001 0.000000 0.002278
-0.480095 0.765116 0.249953 0.999997 0.000000 -0.000000 0.002279
-0.480095 0.765116 0.249963 0.999997 0.000000 -0.000001 0.002280
-0.480095 0.765114 0.249918 0.999997 0.000005 -0.000001 0.002282
-0.480095 0.765114 0.249847 0.999997 0.000004 -0.000000 0.002285
-0.480093 0.765118 0.249872 0.999997 -0.000002 0.000002 0.002287
-0.480094 0.765117 0.249936 0.999997 -0.000000 0.000002 0.002289
-0.480095 0.765116 0.249940 0.999997 0.000001 -0.000000 0.002290
-0.480095 0.765115 0.249941 0.999997 0.000002 0.000000 0.002290
-0.480095 0.765116 0.249941 0.999997 0.000001 -0.000001 0.002291
-0.480095 0.765117 0.249946 0.999997 -0.000001 -0.000001 0.002291
-0.480095 0.765115 0.249950 0.999997 0.000003 -0.000000 0.002292
-0.480095 0.765117 0.249942 0.999997 -0.000000 -0.000000 0.002292
-0.480096 0.765116 0.249940 0.999997 0.000002 -0.000002 0.002294
-0.480094 0.765117 0.249947 0.999997 -0.000000 0.000001 0.002294
-0.480096 0.765116 0.249950 0.999997 0.000002 -0.000002 0.002294
-0.480096 0.765117 0.249952 0.999997 -0.000000 -0.000002 0.002295
-0.480096 0.765116 0.249952 0.999997 0.000002 -0.000002 0.002295
-0.480095 0.765116 0.249936 0.999997 0.000002 -0.000000 0.002296
-0.480094 0.765119 0.249916 0.999997 -0.000003 0.000001 0.002298
-0.480094 0.765118 0.249884 0.999997 -0.000002 0.000001 0.002300
-0.480095 0.765119 0.249874 0.999997 -0.000004 -0.000001 0.002301
-0.480096 0.765117 0.249900 0.999997 0.000000 -0.000002 0.002302
-0.480096 0.765117 0.249942 0.999997 0.000001 -0.000002 0.002304
-0.480095 0.765117 0.249954 0.999997 0.000001 -0.000001 0.002304
-0.480095 0.765119 0.249933 0.999997 -0.000004 -0.000001 0.002305
-0.480094 0.765118 0.249879 0.999997 -0.000001 0.000001 0.002307
-0.480093 0.765118 0.249867 0.999997 -0.000000 0.000003 0.002308
-0.480096 0.765114 0.249830 0.999997 0.000006 -0.000002 0.002309
-0.480095 0.765118 0.249840 0.999997 -0.000000 0.000000 0.002311
-0.480096 0.765117 0.249851 0.999997 0.000000 -0.000002 0.002311
-0.480094 0.765117 0.249875 0.999997 0.000001 0.000001 0.002313
-0.480094 0.765119 0.249898 0.999997 -0.000002 0.000002 0.002314
-0.480094 0.765118 0.249912 0.999997 -0.000001 0.000002 0.002315
-0.480095 0.765118 0.249925 0.999997 -0.000002 0.000001 0.002315
-0.480096 0.765116 0.249966 0.999997 0.000003 -0.000001 0.002316
-0.480095 0.765117 0.249952 0.999997 0.000000 0.000001 0.002316
-0.480096 0.765117 0.249946 0.999997 0.000001 -0.000003 0.002317
-0.480095 0.765118 0.249967 0.999997 -0.000001 0.000000 0.002318
-0.480096 0.765117 0.249972 0.999997 0.000001 -0.000002 0.002318
-0.480096 0.765117 0.249978 0.999997 0.000001 -0.000002 0.002318
-0.480096 0.765118 0.249940 0.999997 -0.000001 -0.000001 0.002320
-0.480095 0.765116 0.249909 0.999997 0.000003 0.000000 0.002320
-0.480095 0.765116 0.249893 0.999997 0.000003 -0.000000 0.002321
-0.480095 0.765119 0.249874 0.999997 -0.000002 0.000001 0.002324
-0.480095 0.765117 0.249893 0.999997 0.000002 -0.000000 0.002326
-0.480097 0.765118 0.249904 0.999997 0.000000 -0.000004 0.002326
-0.480095 0.765119 0.249932 0.999997 -0.000002 -0.000000 0.002329
-0.480096 0.765118 0.249930 0.999997 -0.000000 -0.000002 0.002330
-0.480097 0.765118 0.249880 0.999997 0.000001 -0.000003 0.002332
-0.480094 0.765119 0.249889 0.999997 -0.000002 0.000002 0.002333
-0.480096 0.765118 0.249873 0.999997 0.000000 -0.000001 0.002336
-0.480096 0.765118 0.249888 0.999997 0.000001 0.000000 0.002337
-0.480095 0.765118 0.249902 0.999997 0.000001 0.000001 0.002337
-0.480097 0.765118 0.249946 0.999997 0.000001 -0.000002 0.002340
-0.480097 0.765118 0.249962 0.999997 0.000001 -0.000002 0.002340
-0.480096 0.765119 0.249964 0.999997 -0.000002 -0.000001 0.002342
-0.480095 0.765119 0.249967 0.999997 -0.000002 0.000001 0.002342
-0.480095 0.765119 0.249964 0.999997 -0.000001 0.000003 0.002343
-0.480097 0.765118 0.249939 0.999997 0.000000 -0.000001 0.002344
-0.480097 0.765119 0.249950 0.999997 -0.000001 -0.000001 0.002345
-0.480097 0.765117 0.249953 0.999997 0.000003 -0.000001 0.002345
-0.480097 0.765118 0.249964 0.999997 0.000002 -0.000002 0.002347
-0.480097 0.765118 0.249971 0.999997 0.000001 -0.000002 0.002347
-0.480096 0.765118 0.249971 0.999997 0.000001 -0.000001 0.002348
-0.480097 0.765118 0.249966 0.999997 0.000000 -0.000002 0.002348
-0.480096 0.765120 0.249959 0.999997 -0.000003 -0.000000 0.002349
-0.480098 0.765118 0.249932 0.999997 0.000001 -0.000003 0.002349
-0.480096 0.765120 0.249925 0.999997 -0.000002 -0.000001 0.002351
-0.480097 0.765119 0.249917 0.999997 -0.000000 -0.000002 0.002351
-0.480097 0.765119 0.249907 0.999997 -0.000000 -0.000002 0.002352
-0.480097 0.765119 0.249949 0.999997 0.000000 -0.000002 0.002354
-0.480096 0.765119 0.249961 0.999997 0.000001 -0.000000 0.002354
-0.480097 0.765120 0.249953 0.999997 -0.000001 -0.000001 0.002356
-0.480097 0.765118 0.249955 0.999997 0.000001 -0.000002 0.002358
-0.480097 0.765119 0.249964 0.999997 -0.000001 -0.000002 0.002359
-0.480097 0.765119 0.249953 0.999997 -0.000001 -0.000002 0.002360
-0.480097 0.765118 0.249975 0.999997 0.000001 -0.000001 0.002361
-0.480095 0.765119 0.249971 0.999997 -0.000001 0.000002 0.002362
-0.480098 0.765120 0.249951 0.999997 -0.000001 -0.000004 0.002363
-0.480099 0.765120 0.249793 0.999997 -0.000002 -0.000006 0.002365
-0.480095 0.765118 0.249781 0.999997 0.000003 0.000001 0.002366
-0.480098 0.765119 0.249835 0.999997 0.000002 -0.000005 0.002371
-0.480097 0.765118 0.249824 0.999997 0.000002 -0.000001 0.002371
-0.480100 0.765120 0.249808 0.999997 -0.000002 -0.000009 0.002372
-0.480100 0.765122 0.249794 0.999997 -0.000006 -0.000008 0.002373
-0.480096 0.765119 0.249812 0.999997 0.000001 -0.000000 0.002375
-0.480096 0.765118 0.249814 0.999997 0.000003 0.000001 0.002376
-0.480097 0.765119 0.249841 0.999997 0.000002 -0.000003 0.002380
-0.480095 0.765119 0.249836 0.999997 0.000001 0.000002 0.002381
-0.480096 0.765118 0.249895 0.999997 0.000003 0.000000 0.002384
-0.480099 0.765121 0.249872 0.999997 -0.000002 -0.000005 0.002385
-0.480097 0.765119 0.249844 0.999997 0.000002 -0.000003 0.002387
-0.480095 0.765120 0.249869 0.999997 -0.000000 0.000002 0.002388
-0.480095 0.765120 0.249931 0.999997 0.000001 0.000002 0.002390
-0.480097 0.765120 0.249930 0.999997 0.000001 -0.000002 0.002390
-0.480098 0.765120 0.249940 0.999997 -0.000000 -0.000004 0.002391
-0.480096 0.765120 0.249916 0.999997 0.000001 0.000000 0.002392
-0.480096 0.765119 0.249909 0.999997 0.000002 0.000001 0.002394
-0.480097 0.765120 0.249896 0.999997 0.000001 -0.000001 0.002394
-0.480095 0.765120 0.249913 0.999997 0.000001 0.000003 0.002396
-0.480097 0.765122 0.249870 0.999997 -0.000003 -0.000002 0.002397
-0.480097 0.765121 0.249811 0.999997 -0.000001 -0.000002 0.002398
-0.480098 0.765121 0.249806 0.999997 -0.000000 -0.000004 0.002399
-0.480097 0.765121 0.249826 0.999997 -0.000002 -0.000001 0.002399
-0.480096 0.765123 0.249894 0.999997 -0.000004 0.000000 0.002401
-0.480099 0.765120 0.249862 0.999997 0.000001 -0.000005 0.002402
-0.480095 0.765117 0.249840 0.999997 0.000007 0.000002 0.002403
-0.480095 0.765123 0.249785 0.999997 -0.000005 0.000003 0.002405
-0.480096 0.765124 0.249784 0.999997 -0.000006 0.000001 0.002406
-0.480096 0.765125 0.249795 0.999997 -0.000009 0.000000 0.002406
-0.480095 0.765122 0.249873 0.999997 -0.000001 0.000004 0.002409
-0.480098 0.765120 0.249879 0.999997 0.000002 -0.000002 0.002410
-0.480098 0.765121 0.249892 0.999997 0.000000 -0.000003 0.002410
-0.480097 0.765120 0.249941 0.999997 0.000003 0.000000 0.002413
-0.480096 0.765120 0.249922 0.999997 0.000002 0.000002 0.002413
-0.480094 0.765120 0.249859 0.999997 0.000001 0.000005 0.002414
-0.480095 0.765119 0.249781 0.999997 0.000005 0.000003 0.002415
-0.480100 0.765123 0.249768 0.999997 -0.000003 -0.000005 0.002415
-0.480094 0.765120 0.249755 0.999997 0.000003 0.000005 0.002416
-0.480096 0.765124 0.249759 0.999997 -0.000006 0.000001 0.002417
-0.480096 0.765124 0.249770 0.999997 -0.000006 0.000002 0.002417
-0.480097 0.765123 0.249825 0.999997 -0.000003 0.000001 0.002418
-0.480099 0.765120 0.249847 0.999997 0.000003 -0.000003 0.002420
-0.480096 0.765120 0.249847 0.999997 0.000002 0.000003 0.002421
-0.480097 0.765125 0.249808 0.999997 -0.000007 0.000001 0.002423
-0.480099 0.765118 0.249814 0.999997 0.000007 -0.000003 0.002424
-0.480099 0.765122 0.249821 0.999997 -0.000001 -0.000002 0.002424
-0.480096 0.765121 0.249854 0.999997 -0.000000 0.000003 0.002426
-0.480098 0.765121 0.249868 0.999997 0.000001 -0.000001 0.002428
-0.480097 0.765120 0.249869 0.999997 0.000003 0.000002 0.002428
-0.480099 0.765122 0.249824 0.999997 -0.000002 -0.000003 0.002431
-0.480095 0.765123 0.249812 0.999997 -0.000002 0.000005 0.002432
-0.480098 0.765122 0.249806 0.999997 -0.000001 -0.000000 0.002434
-0.480097 0.765120 0.249803 0.999997 0.000003 0.000003 0.002437
-0.480099 0.765124 0.249799 0.999997 -0.000004 -0.000003 0.002438
-0.480097 0.765120 0.249800 0.999997 0.000002 0.000002 0.002438
-0.480100 0.765124 0.249804 0.999997 -0.000005 -0.000003 0.002442
-0.480098 0.765122 0.249804 0.999997 -0.000001 0.000000 0.002443
-0.480098 0.765122 0.249896 0.999997 -0.000000 -0.000000 0.002446
-0.480098 0.765121 0.249901 0.999997 0.000002 -0.000000 0.002446
-0.480098 0.765123 0.249924 0.999997 -0.000003 -0.000000 0.002448
-0.480098 0.765122 0.249931 0.999997 0.000001 -0.000000 0.002449
-0.480099 0.765122 0.249938 0.999997 -0.000000 -0.000002 0.002450
-0.480099 0.765122 0.249946 0.999997 -0.000001 -0.000002 0.002451
-0.480099 0.765120 0.249942 0.999997 0.000003 -0.000003 0.002452
-0.480098 0.765123 0.249925 0.999997 -0.000001 0.000001 0.002452
-0.480098 0.765123 0.249931 0.999997 -0.000001 -0.000000 0.002454
-0.480099 0.765121 0.249946 0.999997 0.000001 -0.000002 0.002455
-0.480098 0.765124 0.249926 0.999997 -0.000003 -0.000001 0.002456
-0.480096 0.765125 0.249901 0.999997 -0.000005 0.000004 0.002457
-0.480097 0.765125 0.249863 0.999997 -0.000005 0.000001 0.002457
-0.480098 0.765125 0.249805 0.999997 -0.000006 0.000001 0.002462
-0.480097 0.765120 0.249799 0.999997 0.000004 0.000001 0.002463
-0.480094 0.765120 0.249762 0.999997 0.000005 0.000008 0.002466
-0.480100 0.765124 0.249763 0.999997 -0.000003 -0.000004 0.002466
-0.480098 0.765121 0.249765 0.999997 0.000003 0.000001 0.002467
-0.480098 0.765123 0.249863 0.999997 -0.000000 0.000001 0.002469
-0.480098 0.765124 0.249896 0.999997 -0.000002 0.000000 0.002469
-0.480100 0.765122 0.249891 0.999997 0.000002 -0.000004 0.002472
-0.480098 0.765123 0.249890 0.999997 -0.000001 0.000001 0.002473
-0.480099 0.765123 0.249940 0.999997 0.000000 -0.000001 0.002475
-0.480098 0.765124 0.249956 0.999997 -0.000002 0.000001 0.002476
-0.480098 0.765124 0.249954 0.999997 -0.000002 -0.000000 0.002477
-0.480099 0.765124 0.249943 0.999997 -0.000002 -0.000001 0.002479
-0.480098 0.765123 0.249873 0.999997 0.000000 0.000000 0.002481
-0.480099 0.765123 0.249881 0.999997 -0.000000 -0.000002 0.002482
-0.480098 0.765123 0.249934 0.999997 -0.000001 0.000000 0.002485
-0.480100 0.765123 0.249948 0.999997 0.000001 -0.000002 0.002486
-0.480100 0.765122 0.249967 0.999997 0.000002 -0.000003 0.002487
-0.480099 0.765124 0.249971 0.999997 -0.000001 -0.000001 0.002488
-0.480099 0.765124 0.249961 0.999997 -0.000002 -0.000000 0.002489
-0.480099 0.765122 0.249948 0.999997 0.000002 -0.000001 0.002491
-0.480098 0.765124 0.249954 0.999997 -0.000002 0.000001 0.002492
-0.480098 0.765124 0.249940 0.999997 -0.000001 0.000001 0.002494
-0.480097 0.765124 0.249911 0.999997 -0.000002 0.000002 0.002494
-0.480098 0.765123 0.249858 0.999997 0.000001 0.000001 0.002497
-0.480099 0.765123 0.249890 0.999997 0.000002 -0.000002 0.002498
-0.480099 0.765125 0.249895 0.999997 -0.000002 -0.000001 0.002499
-0.480099 0.765123 0.249922 0.999997 0.000001 -0.000001 0.002501
-0.480099 0.765123 0.249959 0.999997 0.000002 -0.000001 0.002502
-0.480099 0.765124 0.249961 0.999997 0.000000 -0.000002 0.002503
-0.480099 0.765123 0.249968 0.999997 0.000001 -0.000001 0.002504
-0.480097 0.765125 0.249899 0.999997 -0.000002 0.000002 0.002507
-0.480100 0.765122 0.249881 0.999997 0.000004 -0.000002 0.002508
-0.480100 0.765124 0.249868 0.999997 -0.000001 -0.000004 0.002510
-0.480099 0.765125 0.249856 0.999997 -0.000001 -0.000000 0.002511
-0.480099 0.765123 0.249852 0.999997 0.000002 -0.000001 0.002513
-0.480098 0.765121 0.249825 0.999997 0.000006 0.000000 0.002515
-0.480099 0.765123 0.249794 0.999997 0.000003 0.000000 0.002516
-0.480100 0.765125 0.249857 0.999997 -0.000000 -0.000002 0.002519
-0.480099 0.765124 0.249905 0.999997 0.000001 0.000000 0.002520
-0.480100 0.765125 0.249964 0.999997 -0.000000 -0.000002 0.002521
-0.480099 0.765126 0.249954 0.999997 -0.000004 -0.000001 0.002522
-0.480100 0.765124 0.249961 0.999997 0.000001 -0.000002 0.002524
-0.480098 0.765125 0.249958 0.999997 -0.000001 0.000001 0.002524
-0.480099 0.765125 0.249970 0.999997 -0.000001 -0.000001 0.002526
-0.480098 0.765123 0.249966 0.999997 0.000002 0.000001 0.002526
-0.480098 0.765124 0.249934 0.999997 0.000001 0.000001 0.002528
-0.480100 0.765124 0.249929 0.999997 0.000002 -0.000002 0.002529
-0.480099 0.765124 0.249868 0.999997 0.000001 0.000000 0.002532
-0.480098 0.765125 0.249798 0.999997 -0.000001 0.000003 0.002535
-0.480099 0.765126 0.249845 0.999997 -0.000003 0.000001 0.002538
-0.480099 0.765124 0.249868 0.999997 0.000001 0.000002 0.002543
-0.480100 0.765126 0.249869 0.999997 -0.000002 -0.000001 0.002546
-0.480101 0.765126 0.249806 0.999997 -0.000001 -0.000003 0.002550
-0.480100 0.765125 0.249962 0.999997 -0.000000 -0.000001 0.002552
-0.480100 0.765125 0.249957 0.999997 0.000000 0.000000 0.002553
-0.480100 0.765126 0.249910 0.999997 -0.000000 -0.000001 0.002556
-0.480100 0.765124 0.249926 0.999997 0.000003 0.000001 0.002558
-0.480100 0.765127 0.249855 0.999997 -0.000003 -0.000001 0.002562
-0.480101 0.765127 0.249847 0.999997 -0.000003 -0.000001 0.002566
-0.480101 0.765126 0.249902 0.999997 -0.000000 -0.000000 0.002568
-0.480100 0.765124 0.249903 0.999997 0.000003 0.000001 0.002570
-0.480101 0.765127 0.249899 0.999997 -0.000003 -0.000002 0.002571
-0.480101 0.765125 0.249908 0.999997 0.000002 -0.000001 0.002574
-0.480100 0.765124 0.249901 0.999997 0.000003 -0.000000 0.002576
-0.480102 0.765126 0.249848 0.999997 0.000001 -0.000003 0.002578
-0.480102 0.765126 0.249855 0.999997 0.000001 -0.000003 0.002580
-0.480101 0.765126 0.249893 0.999997 0.000001 -0.000002 0.002582
-0.480101 0.765127 0.249899 0.999997 -0.000001 -0.000002 0.002584
-0.480100 0.765125 0.249876 0.999997 0.000002 0.000001 0.002585
-0.480100 0.765125 0.249845 0.999997 0.000004 -0.000000 0.002587
-0.480100 0.765127 0.249832 0.999997 -0.000002 -0.000000 0.002588
-0.480101 0.765129 0.249826 0.999997 -0.000005 -0.000001 0.002593
-0.480103 0.765127 0.249850 0.999997 0.000000 -0.000005 0.002598
-0.480100 0.765125 0.249852 0.999997 0.000004 0.000002 0.002599
-0.480100 0.765127 0.249801 0.999997 -0.000001 0.000001 0.002601
-0.480101 0.765127 0.249823 0.999997 -0.000000 0.000001 0.002602
-0.480099 0.765127 0.249840 0.999997 0.000001 0.000004 0.002605
-0.480100 0.765129 0.249838 0.999997 -0.000004 0.000001 0.002605
-0.480101 0.765125 0.249832 0.999997 0.000004 0.000000 0.002608
-0.480102 0.765127 0.249832 0.999997 0.000001 -0.000000 0.002609
-0.480102 0.765129 0.249897 0.999997 -0.000002 -0.000001 0.002613
-0.480103 0.765129 0.249898 0.999997 -0.000002 -0.000003 0.002613
-0.480101 0.765126 0.249912 0.999997 0.000004 0.000001 0.002616
-0.480101 0.765126 0.249887 0.999997 0.000002 0.000001 0.002617
-0.480101 0.765129 0.249867 0.999997 -0.000002 0.000002 0.002618
-0.480101 0.765128 0.249872 0.999997 -0.000000 0.000001 0.002622
-0.480103 0.765127 0.249879 0.999997 0.000001 -0.000003 0.002623
-0.480102 0.765128 0.249892 0.999997 0.000000 -0.000001 0.002624
-0.480101 0.765128 0.249928 0.999997 -0.000001 0.000002 0.002626
-0.480103 0.765128 0.249918 0.999997 0.000000 -0.000003 0.002626
-0.480102 0.765129 0.249905 0.999997 -0.000003 -0.000000 0.002627
-0.480102 0.765129 0.249925 0.999997 -0.000001 -0.000001 0.002628
-0.480101 0.765130 0.249923 0.999997 -0.000004 0.000000 0.002630
-0.480101 0.765128 0.249912 0.999997 -0.000001 0.000002 0.002630
-0.480102 0.765129 0.249954 0.999997 -0.000001 -0.000001 0.002631
-0.480102 0.765128 0.249942 0.999997 0.000001 -0.000001 0.002632
-0.480103 0.765128 0.249926 0.999997 0.000001 -0.000002 0.002633
-0.480101 0.765129 0.249931 0.999997 -0.000001 0.000002 0.002634
-0.480102 0.765131 0.249895 0.999997 -0.000005 0.000000 0.002635
-0.480102 0.765128 0.249882 0.999997 -0.000000 -0.000001 0.002636
-0.480102 0.765128 0.249875 0.999997 0.000001 -0.000000 0.002638
-0.480103 0.765128 0.249947 0.999997 0.000000 -0.000002 0.002639
-0.480103 0.765128 0.249956 0.999997 0.000001 -0.000002 0.002639
-0.480101 0.765127 0.249936 0.999997 0.000002 0.000001 0.002640
-0.480101 0.765131 0.249883 0.999997 -0.000005 0.000003 0.002641
-0.480105 0.765128 0.249839 0.999997 0.000002 -0.000005 0.002642
-0.480103 0.765130 0.249867 0.999997 -0.000003 -0.000002 0.002643
-0.480103 0.765131 0.249866 0.999997 -0.000004 -0.000002 0.002644
-0.480103 0.765130 0.249827 0.999997 -0.000002 -0.000001 0.002645
-0.480104 0.765126 0.249840 0.999996 0.000005 -0.000004 0.002648
-0.480102 0.765134 0.249788 0.999996 -0.000011 0.000003 0.002651
-0.480104 0.765127 0.249775 0.999996 0.000003 -0.000002 0.002654
-0.480104 0.765130 0.249818 0.999996 -0.000001 -0.000001 0.002659
-0.480104 0.765128 0.249911 0.999996 0.000001 -0.000001 0.002662
-0.480104 0.765129 0.249979 0.999996 -0.000000 -0.000001 0.002664
-0.480103 0.765131 0.249926 0.999996 -0.000004 0.000001 0.002666
-0.480104 0.765129 0.249952 0.999996 0.000001 -0.000001 0.002667
-0.480103 0.765128 0.249925 0.999996 0.000002 0.000001 0.002669
-0.480104 0.765129 0.249957 0.999996 0.000000 -0.000001 0.002672
-0.480104 0.765128 0.249883 0.999996 0.000003 -0.000002 0.002675
-0.480102 0.765131 0.249881 0.999996 -0.000003 0.000003 0.002677
-0.480104 0.765129 0.249903 0.999996 0.000001 -0.000000 0.002680
-0.480105 0.765132 0.249849 0.999996 -0.000004 -0.000003 0.002683
-0.480102 0.765130 0.249776 0.999996 0.000001 0.000003 0.002684
-0.480106 0.765131 0.249852 0.999996 -0.000001 -0.000004 0.002688
-0.480103 0.765130 0.249928 0.999996 -0.000001 0.000001 0.002691
-0.480103 0.765132 0.249942 0.999996 -0.000003 0.000001 0.002694
-0.480104 0.765130 0.249889 0.999996 0.000002 -0.000001 0.002698
-0.480105 0.765130 0.249919 0.999996 0.000001 -0.000002 0.002703
-0.480105 0.765130 0.249936 0.999996 0.000001 -0.000003 0.002705
-0.480104 0.765130 0.249954 0.999996 0.000002 -0.000001 0.002708
-0.480103 0.765129 0.249915 0.999996 0.000003 0.000001 0.002711
-0.480103 0.765129 0.249841 0.999996 0.000004 0.000002 0.002716
-0.480104 0.765134 0.249838 0.999996 -0.000006 -0.000000 0.002717
-0.480105 0.765131 0.249901 0.999996 0.000001 -0.000002 0.002720
-0.480102 0.765134 0.249841 0.999996 -0.000005 0.000003 0.002725
-0.480104 0.765131 0.249897 0.999996 0.000001 -0.000000 0.002729
-0.480105 0.765133 0.249914 0.999996 -0.000002 -0.000001 0.002732
-0.480104 0.765132 0.249959 0.999996 0.000000 0.000000 0.002734
-0.480105 0.765130 0.249957 0.999996 0.000003 -0.000001 0.002736
-0.480105 0.765133 0.249842 0.999996 -0.000002 -0.000001 0.002740
-0.480103 0.765130 0.249787 0.999996 0.000004 0.000003 0.002744
-0.480106 0.765132 0.249888 0.999996 0.000001 -0.000002 0.002748
-0.480105 0.765133 0.249864 0.999996 -0.000001 -0.000001 0.002752
-0.480105 0.765133 0.249870 0.999996 -0.000002 0.000000 0.002756
-0.480104 0.765134 0.249916 0.999996 -0.000002 0.000002 0.002760
-0.480106 0.765132 0.249945 0.999996 0.000001 -0.000002 0.002763
