-0.080727 0.886065 0.407064
-0.082004 0.886029 0.406994
-0.083520 0.886094 0.406883
-0.084001 0.886686 0.406782
-0.084326 0.886740 0.406748
-0.084875 0.886775 0.406702
-0.085135 0.886805 0.406693
-0.085299 0.886796 0.406678
-0.086450 0.886924 0.406537
-0.086501 0.886905 0.406530
-0.086810 0.886851 0.406507
-0.086856 0.886831 0.406512
-0.087098 0.886784 0.406514
-0.087223 0.886744 0.406506
-0.087563 0.886676 0.406493
-0.087670 0.886640 0.406492
-0.088057 0.886561 0.406471
-0.088215 0.886517 0.406460
-0.088616 0.886441 0.406442
-0.088752 0.886406 0.406439
-0.089134 0.886341 0.406427
-0.089311 0.886295 0.406412
-0.089774 0.886213 0.406380
-0.089881 0.886185 0.406380
-0.090334 0.886108 0.406360
-0.090411 0.886087 0.406361
-0.090766 0.886027 0.406342
-0.090869 0.885997 0.406339
-0.091222 0.885928 0.406318
-0.091365 0.885888 0.406308
-0.091813 0.885799 0.406274
-0.092007 0.885746 0.406255
-0.092464 0.885652 0.406217
-0.092627 0.885609 0.406206
-0.093016 0.885530 0.406179
-0.093169 0.885488 0.406170
-0.093747 0.885371 0.406127
-0.093764 0.885356 0.406136
-0.094001 0.885300 0.406126
-0.094104 0.885262 0.406119
-0.094544 0.885156 0.406087
-0.094564 0.885135 0.406093
-0.094926 0.885032 0.406077
-0.094992 0.884997 0.406070
-0.095345 0.884908 0.406036
-0.095404 0.884879 0.406040
-0.095678 0.884809 0.406029
-0.095944 0.884723 0.406006
-0.096443 0.884616 0.405953
-0.096500 0.884585 0.405952
-0.096693 0.884523 0.405943
-0.096769 0.884485 0.405941
-0.097054 0.884410 0.405930
-0.097190 0.884364 0.405922
-0.097612 0.884266 0.405891
-0.097949 0.884161 0.405852
-0.098113 0.884118 0.405836
-0.098506 0.883983 0.405801
-0.098670 0.883943 0.405786
-0.098848 0.883871 0.405778
-0.098968 0.883838 0.405773
-0.099066 0.883776 0.405782
-0.099229 0.883731 0.405771
-0.099474 0.883636 0.405757
-0.099671 0.883585 0.405741
-0.100064 0.883411 0.405722
-0.100302 0.883247 0.405680
-0.100622 0.883059 0.405632
-0.100790 0.882840 0.405598
-0.100831 0.882657 0.405589
-0.100673 0.882462 0.405621
-0.100499 0.882312 0.405667
-0.100565 0.882061 0.405674
-0.100302 0.881919 0.405737
-0.100655 0.881619 0.405705
-0.100702 0.881335 0.405705
-0.100748 0.881277 0.405702
-0.101014 0.881154 0.405684
-0.101117 0.881092 0.405680
-0.102021 0.880600 0.405672
-0.102969 0.880133 0.405663
-0.103890 0.879475 0.405738
-0.104162 0.879046 0.405841
-0.104043 0.878724 0.405956
-0.104216 0.878297 0.406040
-0.104253 0.878165 0.406057
-0.104581 0.877815 0.406075
-0.104621 0.877720 0.406093
-0.104863 0.877534 0.406100
-0.104995 0.877434 0.406096
-0.105367 0.877242 0.406072
-0.105487 0.877160 0.406069
-0.105809 0.877009 0.406053
-0.105841 0.876952 0.406062
-0.106086 0.876822 0.406050
-0.106225 0.876740 0.406034
-0.106682 0.876563 0.405978
-0.106823 0.876484 0.405962
-0.107235 0.876322 0.405910
-0.107324 0.876258 0.405903
-0.107599 0.876134 0.405879
-0.107724 0.876061 0.405865
-0.108122 0.875903 0.405816
-0.108322 0.875782 0.405800
-0.108747 0.875601 0.405737
-0.108808 0.875543 0.405725
-0.109124 0.875407 0.405679
-0.109318 0.875321 0.405647
-0.109829 0.875152 0.405574
-0.110155 0.874988 0.405505
-0.110565 0.874800 0.405419
-0.110679 0.874732 0.405388
-0.111066 0.874589 0.405307
-0.111262 0.874470 0.405249
-0.111460 0.874397 0.405201
-0.111774 0.874259 0.405124
-0.112278 0.874100 0.405004
-0.112482 0.874016 0.404947
-0.113462 0.873475 0.404887
-0.114462 0.872960 0.404836
-0.115518 0.872192 0.404830
-0.116023 0.871662 0.404856
-0.116099 0.871458 0.404888
-0.116434 0.870910 0.404909
-0.116429 0.870753 0.404917
-0.116708 0.870200 0.404872
-0.116806 0.870070 0.404848
-0.117217 0.869730 0.404756
-0.117315 0.869625 0.404722
-0.117487 0.869515 0.404676
-0.117698 0.869383 0.404622
-0.118296 0.868956 0.404416
-0.118402 0.868842 0.404362
-0.118963 0.868436 0.404125
-0.118876 0.868128 0.403975
-0.119209 0.867487 0.403652
-0.119693 0.866836 0.403264
-0.119825 0.866359 0.403030
-0.119969 0.865818 0.402759
-0.120328 0.865054 0.402371
-0.119941 0.864582 0.402197
-0.120453 0.863727 0.401810
-0.120919 0.862839 0.401431
-0.120824 0.862091 0.401159
-0.120776 0.861137 0.400868
-0.120753 0.859963 0.400506
-0.120706 0.859196 0.400276
-0.120435 0.857988 0.399967
-0.119939 0.857039 0.399812
-0.120045 0.856016 0.399556
-0.119715 0.854704 0.399302
-0.119951 0.853648 0.399000
-0.119481 0.852501 0.398816
-0.119763 0.851430 0.398517
-0.119590 0.850422 0.398318
-0.119714 0.848981 0.397966
-0.119816 0.847643 0.397618
-0.120179 0.846409 0.397238
-0.120374 0.844988 0.396827
-0.119972 0.844028 0.396682
-0.120462 0.842750 0.396276
-0.119767 0.841818 0.396253
-0.119881 0.840575 0.395988
-0.119828 0.839174 0.395742
-0.119579 0.837892 0.395541
-0.119715 0.837544 0.395444
-0.120755 0.836683 0.395302
-0.122497 0.833955 0.395474
-0.121758 0.832659 0.395920
-0.121340 0.831481 0.396130
-0.121171 0.830397 0.396196
-0.120147 0.829418 0.396496
-0.119555 0.828448 0.396675
-0.119605 0.827104 0.396584
-0.119479 0.826120 0.396555
-0.119408 0.825148 0.396492
-0.119654 0.824191 0.396301
-0.119814 0.823636 0.396183
-0.120440 0.822968 0.396223
-0.121325 0.821829 0.396384
-0.122351 0.820857 0.396489
-0.124227 0.818444 0.397181
-0.123918 0.817057 0.398003
-0.123518 0.816021 0.398408
-0.123248 0.814873 0.398657
-0.122849 0.813947 0.398843
-0.122704 0.812841 0.398898
-0.122832 0.812568 0.398851
-0.122977 0.812143 0.398804
-0.122985 0.811977 0.398801
-0.123237 0.811190 0.398675
-0.123248 0.811001 0.398655
-0.123495 0.810453 0.398531
-0.123654 0.810120 0.398444
-0.124104 0.809771 0.398256
-0.124626 0.809227 0.398019
-0.124993 0.808919 0.397853
-0.126787 0.807966 0.397013
-0.127062 0.807843 0.396851
-0.127411 0.807691 0.396664
-0.128433 0.807086 0.396549
-0.129730 0.806235 0.396530
-0.130863 0.805465 0.396591
-0.133107 0.803610 0.397071
-0.132757 0.803203 0.397766
-0.132870 0.802699 0.398029
-0.132597 0.802355 0.398339
-0.131798 0.802207 0.398780
-0.132488 0.801723 0.398614
-0.132596 0.801395 0.398604
-0.131972 0.801416 0.398843
-0.132324 0.800934 0.398758
-0.131807 0.800999 0.398956
-0.132070 0.800819 0.398868
-0.132206 0.800717 0.398849
-0.132342 0.800635 0.398807
-0.132344 0.800586 0.398826
-0.132554 0.800451 0.398757
-0.133124 0.800181 0.398564
-0.133233 0.800093 0.398524
-0.133774 0.799786 0.398322
-0.133941 0.799711 0.398258
-0.134145 0.799606 0.398177
-0.135120 0.798964 0.398134
-0.136037 0.798372 0.398094
-0.136458 0.798058 0.398179
-0.137310 0.797370 0.398385
-0.138144 0.796672 0.398553
-0.138674 0.796151 0.398744
-0.139102 0.795588 0.399155
-0.138934 0.795395 0.399618
-0.138653 0.795265 0.400014
-0.138429 0.795211 0.400410
-0.138349 0.794908 0.400804
-0.138718 0.794594 0.400840
-0.138651 0.794545 0.400961
-0.138351 0.794456 0.401148
-0.138864 0.793846 0.401053
-0.138943 0.793571 0.401039
-0.138649 0.793450 0.401152
-0.138826 0.793132 0.401107
-0.139131 0.792446 0.400882
-0.138691 0.792475 0.401031
-0.138699 0.792407 0.401038
-0.139018 0.792143 0.400959
-0.139169 0.792056 0.400919
-0.139696 0.791738 0.400752
-0.140089 0.791596 0.400616
-0.140323 0.791529 0.400535
-0.140988 0.791036 0.400607
-0.141871 0.790464 0.400599
-0.142401 0.790101 0.400661
-0.142985 0.789759 0.400656
-0.144044 0.789164 0.400575
-0.144173 0.789109 0.400621
-0.144382 0.788998 0.400679
-0.144592 0.788907 0.400658
-0.144861 0.788746 0.400640
-0.144955 0.788704 0.400636
-0.145051 0.788604 0.400648
-0.145239 0.788528 0.400604
-0.145993 0.788245 0.400379
-0.146098 0.788217 0.400349
-0.146506 0.788076 0.400201
-0.146589 0.787963 0.400136
-0.147126 0.787762 0.399912
-0.147441 0.787469 0.399753
-0.148771 0.786724 0.399226
-0.148138 0.786866 0.399350
-0.148528 0.786356 0.399177
-0.149070 0.786012 0.398922
-0.148640 0.785987 0.399010
-0.148633 0.785994 0.398988
-0.148461 0.785981 0.399050
-0.148678 0.785866 0.398984
-0.149054 0.785645 0.398873
-0.149147 0.785600 0.398841
-0.149332 0.785442 0.398778
-0.149752 0.785216 0.398632
-0.150876 0.784681 0.398229
-0.151258 0.784531 0.398080
-0.152357 0.784053 0.397562
-0.152182 0.784057 0.397464
-0.152693 0.783634 0.397164
-0.152965 0.783511 0.397041
-0.154588 0.782335 0.397097
-0.155321 0.781420 0.397629
-0.155297 0.781180 0.397874
-0.156102 0.780559 0.397742
-0.155926 0.780633 0.397809
-0.155828 0.780576 0.397844
-0.155783 0.780528 0.397870
-0.155451 0.780506 0.397993
-0.155106 0.780385 0.398138
-0.154616 0.780391 0.398312
-0.154708 0.780008 0.398321
-0.154803 0.779837 0.398296
-0.155212 0.779162 0.398170
-0.154900 0.779199 0.398265
-0.155248 0.778697 0.398469
-0.155494 0.778305 0.398694
-0.155201 0.777973 0.399241
-0.154726 0.777698 0.399743
-0.154820 0.777263 0.399955
-0.154473 0.777098 0.400258
-0.154083 0.776965 0.400523
-0.154358 0.776575 0.400562
-0.154207 0.776489 0.400698
-0.154151 0.776417 0.400754
-0.153786 0.776262 0.400960
-0.153218 0.776384 0.401175
-0.152385 0.776443 0.401499
-0.151436 0.776228 0.401988
-0.149993 0.775970 0.402699
-0.148262 0.776048 0.403485
-0.148710 0.775109 0.403583
-0.147132 0.775200 0.404220
-0.147377 0.774504 0.404284
-0.147195 0.774453 0.404366
-0.148384 0.773241 0.404605
-0.148382 0.772372 0.405451
-0.147443 0.772100 0.406161
-0.147452 0.771919 0.406241
-0.149120 0.770440 0.406439
-0.149356 0.770087 0.406641
-0.150988 0.768409 0.407122
-0.151173 0.767991 0.407436
-0.152770 0.766295 0.408068
-0.152105 0.765306 0.409535
-0.151814 0.764407 0.410380
-0.150419 0.764051 0.411349
-0.148521 0.763813 0.412278
-0.147661 0.763272 0.412856
-0.146030 0.763008 0.413551
-0.146002 0.762328 0.413783
-0.146511 0.761602 0.413934
-0.146857 0.760553 0.414333
-0.148004 0.758791 0.414819
-0.147666 0.758020 0.415405
-0.147637 0.757305 0.415806
-0.146109 0.755735 0.417209
-0.143751 0.754934 0.418253
-0.140443 0.754177 0.419128
-0.135857 0.752952 0.420038
-0.134962 0.752609 0.420217
-0.133535 0.751862 0.420507
-0.132748 0.751578 0.420642
-0.131219 0.750553 0.420937
-0.131299 0.749709 0.421084
-0.131141 0.747405 0.421499
-0.129200 0.746446 0.421816
-0.127483 0.745382 0.422048
-0.125740 0.744548 0.422238
-0.124994 0.744325 0.422317
-0.125714 0.743468 0.422368
-0.126487 0.742120 0.422502
-0.127344 0.741086 0.422593
-0.128263 0.739390 0.422765
-0.129312 0.738062 0.422870
-0.130522 0.735474 0.423156
-0.131461 0.734299 0.423264
-0.132579 0.731613 0.423587
-0.132409 0.731187 0.423629
-0.132378 0.730532 0.423675
-0.131972 0.730372 0.423709
-0.131068 0.730102 0.423768
-0.130434 0.729964 0.423804
-0.129897 0.729648 0.423842
-0.129917 0.729333 0.423849
-0.130004 0.728697 0.423872
-0.129932 0.728458 0.423883
-0.129870 0.728172 0.423905
-0.129743 0.728007 0.423921
-0.129682 0.727564 0.423951
-0.129558 0.727368 0.423965
-0.129636 0.726887 0.423987
-0.129880 0.726572 0.423987
-0.129827 0.726301 0.424014
-0.129711 0.726082 0.424031
-0.130542 0.725141 0.424114
-0.131224 0.724431 0.424208
-0.132498 0.723181 0.424353
-0.133456 0.722177 0.424482
-0.134231 0.721014 0.424640
-0.134297 0.720666 0.424686
-0.133715 0.720469 0.424757
-0.133002 0.719904 0.424797
-0.133558 0.719171 0.424785
-0.132595 0.718719 0.424808
-0.132054 0.718057 0.424834
-0.131961 0.717897 0.424840
-0.131972 0.717493 0.424856
-0.132842 0.716594 0.424957
-0.133608 0.715832 0.425055
-0.134129 0.715246 0.425119
-0.135435 0.714073 0.425257
-0.136494 0.713031 0.425389
-0.137581 0.711632 0.425585
-0.137770 0.711336 0.425602
-0.138334 0.710841 0.425621
-0.138538 0.710328 0.425641
-0.138126 0.709952 0.425651
-0.138131 0.709224 0.425666
-0.137223 0.709153 0.425691
-0.136966 0.708510 0.425696
-0.137142 0.707711 0.425709
-0.136460 0.707337 0.425723
-0.135883 0.706585 0.425736
-0.135758 0.705557 0.425745
-0.135146 0.704740 0.425788
-0.134412 0.703327 0.425817
-0.134650 0.702096 0.425849
-0.134241 0.701160 0.425893
-0.134085 0.700921 0.425904
-0.135328 0.699298 0.426134
-0.136179 0.697000 0.426322
-0.136414 0.695950 0.426343
-0.136600 0.695148 0.426359
-0.138537 0.692502 0.426747
-0.139812 0.687900 0.427166
-0.143222 0.684210 0.427582
-0.146034 0.680146 0.428071
-0.146055 0.679494 0.428087
-0.146256 0.679144 0.428095
-0.146495 0.678429 0.428117
-0.146377 0.678281 0.428126
-0.146322 0.677868 0.428137
-0.146358 0.677686 0.428148
-0.146523 0.677206 0.428162
-0.146405 0.677138 0.428173
-0.146190 0.676930 0.428190
-0.146124 0.676758 0.428200
-0.146217 0.676222 0.428218
-0.146235 0.676124 0.428229
-0.146177 0.676050 0.428240
-0.146333 0.675801 0.428260
-0.146435 0.675647 0.428271
-0.146616 0.675274 0.428300
-0.146999 0.674651 0.428334
-0.146894 0.674138 0.428356
-0.146572 0.673914 0.428368
-0.146650 0.673683 0.428371
-0.148416 0.671885 0.428648
-0.149037 0.671193 0.428730
-0.151588 0.668788 0.429091
-0.153321 0.665632 0.429383
-0.153332 0.663691 0.429442
-0.152702 0.663071 0.429461
-0.152198 0.662520 0.429470
-0.151660 0.661123 0.429470
-0.151572 0.659969 0.429491
-0.151399 0.659781 0.429494
-0.151242 0.659278 0.429501
-0.150982 0.659062 0.429510
-0.150832 0.658647 0.429514
-0.150728 0.658415 0.429524
-0.150683 0.657987 0.429538
-0.150621 0.657806 0.429540
-0.151414 0.656846 0.429689
-0.152355 0.655811 0.429834
-0.153824 0.654303 0.430078
-0.155235 0.652901 0.430288
-0.156038 0.651929 0.430431
-0.157113 0.649865 0.430646
-0.156813 0.648657 0.430673
-0.156426 0.647379 0.430680
-0.155795 0.646056 0.430701
-0.154645 0.644524 0.430708
-0.154474 0.643133 0.430739
-0.153941 0.641736 0.430751
-0.154275 0.640717 0.430773
-0.154220 0.640418 0.430776
-0.153818 0.639729 0.430793
-0.153683 0.639538 0.430806
-0.153422 0.639173 0.430786
-0.153325 0.638909 0.430783
-0.152913 0.638374 0.430741
-0.152739 0.638156 0.430731
-0.152312 0.637789 0.430673
-0.152156 0.637576 0.430656
-0.152009 0.637069 0.430598
-0.151995 0.636708 0.430580
-0.151938 0.636411 0.430549
-0.152745 0.635347 0.430674
-0.153443 0.634263 0.430809
-0.154629 0.632841 0.431037
-0.155572 0.631570 0.431215
-0.156291 0.630413 0.431325
-0.156849 0.628942 0.431403
-0.157026 0.628269 0.431424
-0.157269 0.627298 0.431404
-0.157164 0.626903 0.431398
-0.156937 0.625870 0.431354
-0.156877 0.625452 0.431343
-0.156977 0.624172 0.431312
-0.156881 0.623517 0.431306
-0.156547 0.622346 0.431250
-0.156252 0.621725 0.431217
-0.156114 0.621340 0.431183
-0.156063 0.620609 0.431148
-0.156153 0.620256 0.431127
-0.156088 0.619648 0.431106
-0.156136 0.619314 0.431080
-0.157146 0.618054 0.431219
-0.157995 0.616968 0.431365
-0.158712 0.616004 0.431474
-0.158736 0.615621 0.431502
-0.158752 0.614696 0.431483
-0.158967 0.614109 0.431491
-0.159286 0.613459 0.431470
-0.159068 0.613519 0.431435
-0.159148 0.613149 0.431448
-0.158529 0.612379 0.431446
-0.158374 0.611079 0.431469
-0.158103 0.610263 0.431471
-0.157097 0.609857 0.431433
-0.157174 0.609252 0.431441
-0.156997 0.608600 0.431412
-0.156897 0.608016 0.431406
-0.156821 0.606777 0.431371
-0.156902 0.605953 0.431371
-0.156487 0.605099 0.431320
-0.156295 0.604546 0.431307
-0.155966 0.603300 0.431250
-0.155570 0.603051 0.431231
-0.156032 0.601997 0.431364
-0.156570 0.600902 0.431473
-0.157042 0.599285 0.431583
-0.157140 0.598691 0.431584
-0.156979 0.597178 0.431572
-0.156662 0.596936 0.431540
-0.156166 0.596049 0.431488
-0.156070 0.595543 0.431449
-0.155902 0.594839 0.431404
-0.155768 0.594469 0.431367
-0.155339 0.594003 0.431301
-0.155090 0.593715 0.431251
-0.154721 0.592777 0.431184
-0.154368 0.592650 0.431132
-0.153631 0.592316 0.431052
-0.153507 0.591960 0.431002
-0.153076 0.591543 0.430930
-0.152912 0.591167 0.430878
-0.152823 0.589791 0.430823
-0.152657 0.589273 0.430789
-0.152085 0.588536 0.430733
-0.151879 0.588124 0.430685
-0.152460 0.586986 0.430795
-0.153064 0.585728 0.430920
-0.154300 0.583993 0.431157
-0.155392 0.582574 0.431343
-0.156053 0.581647 0.431454
-0.157389 0.579967 0.431691
-0.158638 0.578523 0.431886
-0.160054 0.576969 0.432108
-0.160355 0.576359 0.432146
-0.160589 0.575464 0.432182
-0.160828 0.574817 0.432176
-0.161000 0.573652 0.432173
-0.160974 0.573340 0.432147
-0.160821 0.572648 0.432113
-0.160741 0.572289 0.432081
-0.160421 0.571994 0.432036
-0.160374 0.571762 0.431993
-0.160158 0.571569 0.431929
-0.160066 0.571279 0.431889
-0.159953 0.570963 0.431861
-0.160618 0.569888 0.432004
-0.161267 0.568820 0.432152
-0.161716 0.567775 0.432228
-0.162742 0.566144 0.432449
-0.163553 0.564629 0.432647
-0.163985 0.563639 0.432745
-0.165059 0.561754 0.432979
-0.166028 0.560047 0.433195
-0.167109 0.557449 0.433398
-0.167336 0.556346 0.433462
-0.167226 0.555072 0.433477
-0.167146 0.554561 0.433468
-0.167011 0.553324 0.433419
-0.166891 0.552812 0.433406
-0.166632 0.551992 0.433339
-0.166141 0.551538 0.433280
-0.165812 0.551600 0.433221
-0.166278 0.550861 0.433341
-0.166813 0.549960 0.433474
-0.167952 0.548398 0.433737
-0.168988 0.546916 0.433971
-0.170388 0.545087 0.434304
-0.171471 0.543580 0.434550
-0.172194 0.542394 0.434709
-0.173483 0.540561 0.435007
-0.174576 0.538935 0.435244
-0.175317 0.537652 0.435407
-0.175752 0.536665 0.435489
-0.176185 0.534830 0.435601
-0.175948 0.533049 0.435637
-0.175847 0.531874 0.435636
-0.175913 0.531313 0.435650
-0.175895 0.530178 0.435678
-0.175919 0.529945 0.435684
-0.175894 0.529641 0.435689
-0.175935 0.529395 0.435701
-0.175963 0.529245 0.435708
-0.176063 0.528841 0.435732
-0.176123 0.528702 0.435743
-0.176287 0.528433 0.435770
-0.176345 0.528359 0.435783
-0.176476 0.528243 0.435812
-0.176480 0.528196 0.435824
-0.176612 0.527995 0.435859
-0.176667 0.527835 0.435875
-0.176849 0.527608 0.435907
-0.176920 0.527438 0.435921
-0.177052 0.527178 0.435949
-0.177131 0.526883 0.435966
-0.177264 0.526751 0.435991
-0.177390 0.526207 0.436041
-0.177503 0.524627 0.436120
-0.177181 0.523944 0.436118
-0.177068 0.523502 0.436110
-0.176980 0.523464 0.436106
-0.176942 0.523404 0.436108
-0.176964 0.523296 0.436111
-0.177032 0.523202 0.436129
-0.177345 0.522723 0.436170
-0.177610 0.522761 0.436207
-0.177729 0.522644 0.436218
-0.179335 0.520793 0.436601
-0.180992 0.519300 0.436956
-0.181542 0.519113 0.437068
-0.182036 0.518538 0.437142
-0.182459 0.518529 0.437209
-0.182713 0.518498 0.437241
-0.183493 0.517615 0.437437
-0.184875 0.516387 0.437760
-0.185931 0.515320 0.438031
-0.187711 0.514042 0.438432
-0.188981 0.512938 0.438735
-0.191875 0.512074 0.439377
-0.193144 0.512512 0.439566
-0.194140 0.512838 0.439687
-0.195024 0.512175 0.439807
-0.195321 0.510988 0.439906
-0.195388 0.510866 0.439915
-0.196866 0.508974 0.440293
-0.197417 0.508225 0.440424
-0.199382 0.505747 0.440937
-0.200072 0.505090 0.441100
-0.202234 0.502437 0.441662
-0.203069 0.501847 0.441836
-0.205358 0.499534 0.442422
-0.206239 0.498706 0.442615
-0.207376 0.497884 0.442839
-0.207846 0.497773 0.442905
-0.208624 0.497409 0.443006
-0.208921 0.497216 0.443046
-0.209380 0.496979 0.443093
-0.209587 0.496849 0.443113
-0.209888 0.496483 0.443150
-0.210529 0.495525 0.443344
-0.211142 0.494443 0.443533
-0.211673 0.493532 0.443669
-0.212663 0.491976 0.443950
-0.213628 0.490522 0.444190
-0.214878 0.488700 0.444532
-0.215930 0.487183 0.444815
-0.216806 0.486165 0.445008
-0.218058 0.484992 0.445223
-0.218536 0.484904 0.445271
-0.219348 0.484714 0.445338
-0.219710 0.484678 0.445356
-0.220335 0.484659 0.445379
-0.220625 0.484862 0.445381
-0.221173 0.484959 0.445391
-0.221489 0.485057 0.445388
-0.222344 0.484199 0.445576
-0.223185 0.483113 0.445759
-0.224448 0.481276 0.446069
-0.225541 0.479795 0.446331
-0.226905 0.477911 0.446685
-0.228203 0.476460 0.446963
-0.229781 0.474522 0.447326
-0.231177 0.472927 0.447620
-0.232365 0.471886 0.447795
-0.234041 0.470566 0.447974
-0.234764 0.470377 0.447996
-0.235950 0.470403 0.447994
-0.236505 0.470364 0.447987
-0.237679 0.470417 0.447925
-0.238230 0.470555 0.447892
-0.239168 0.470680 0.447843
-0.239647 0.470829 0.447810
-0.241217 0.470822 0.447683
-0.242920 0.471551 0.447477
-0.243503 0.471436 0.447421
-0.244920 0.471849 0.447254
-0.246076 0.471913 0.447072
-0.246804 0.471284 0.447001
-0.247430 0.471354 0.446868
-0.248061 0.470383 0.446997
-0.249330 0.469133 0.447184
-0.250226 0.467667 0.447409
-0.252758 0.464852 0.447764
-0.254716 0.464537 0.447624
-0.256522 0.464949 0.447328
-0.258496 0.465659 0.447044
-0.260087 0.466064 0.446754
-0.261681 0.467067 0.446436
-0.263624 0.467390 0.446145
-0.265367 0.467475 0.445787
-0.266746 0.467117 0.445486
-0.268245 0.467824 0.445170
-0.269290 0.468050 0.444952
-0.271033 0.469228 0.444523
-0.272671 0.469668 0.444210
-0.273860 0.470878 0.443860
-0.275385 0.471215 0.443521
-0.275832 0.471368 0.443419
-0.277483 0.469529 0.443537
-0.278185 0.468917 0.443534
-0.280046 0.466227 0.443746
-0.280830 0.465268 0.443795
-0.282938 0.462189 0.444039
-0.285926 0.459548 0.443812
-0.287711 0.458990 0.443285
-0.289216 0.459784 0.442753
-0.291143 0.459651 0.442197
-0.293997 0.460424 0.441355
-0.294580 0.460651 0.441200
-0.295652 0.461008 0.440889
-0.296240 0.461191 0.440724
-0.297393 0.461576 0.440352
-0.298028 0.461897 0.440132
-0.299296 0.462160 0.439736
-0.299842 0.462322 0.439559
-0.300911 0.462400 0.439159
-0.301506 0.462642 0.438971
-0.302798 0.462842 0.438564
-0.303511 0.463105 0.438336
-0.304971 0.463334 0.437900
-0.305806 0.463385 0.437654
-0.307321 0.463539 0.437177
-0.308152 0.463574 0.436921
-0.309770 0.463533 0.436411
-0.310591 0.463537 0.436157
-0.311960 0.463490 0.435672
-0.312685 0.463410 0.435431
-0.314060 0.463283 0.434991
-0.314710 0.463438 0.434734
-0.315925 0.463326 0.434253
-0.316626 0.463407 0.433994
-0.317722 0.463555 0.433546
-0.318348 0.463695 0.433270
-0.319640 0.463713 0.432687
-0.320174 0.463816 0.432483
-0.321105 0.464128 0.432101
-0.321625 0.464221 0.431926
-0.322724 0.463869 0.431557
-0.323339 0.463873 0.431337
-0.324573 0.463928 0.430878
-0.325202 0.463911 0.430652
-0.326419 0.463919 0.430179
-0.327015 0.463717 0.429966
-0.328247 0.463056 0.429594
-0.328858 0.462403 0.429423
-0.329883 0.461206 0.429118
-0.330401 0.460918 0.428875
-0.331241 0.460613 0.428463
-0.331614 0.460478 0.428303
-0.332475 0.460053 0.427938
-0.333014 0.459748 0.427714
-0.333832 0.459619 0.427360
-0.334396 0.459517 0.427094
-0.335329 0.458136 0.426980
-0.336158 0.456635 0.426877
-0.336822 0.455428 0.426793
-0.337805 0.453339 0.426812
-0.338695 0.451636 0.426772
-0.339405 0.450478 0.426657
-0.340175 0.449608 0.426497
-0.341642 0.448769 0.425990
-0.342328 0.448629 0.425741
-0.343398 0.448547 0.425292
-0.343763 0.448657 0.425078
-0.344629 0.448885 0.424566
-0.345096 0.448831 0.424338
-0.345924 0.448610 0.423925
-0.346338 0.448460 0.423668
-0.347137 0.448239 0.423145
-0.347402 0.448192 0.422922
-0.348040 0.447861 0.422483
-0.348358 0.447822 0.422284
-0.349122 0.448050 0.421812
-0.349491 0.447979 0.421624
-0.350217 0.447574 0.421297
-0.350523 0.447548 0.421138
-0.351164 0.447395 0.420866
-0.351438 0.447246 0.420755
-0.351826 0.446899 0.420529
-0.352101 0.446505 0.420420
-0.352603 0.446064 0.420126
-0.353029 0.444947 0.420155
-0.353540 0.443894 0.420163
-0.354081 0.443109 0.420145
-0.354836 0.441500 0.420226
-0.355793 0.440119 0.420250
-0.356584 0.439247 0.420263
-0.357389 0.438591 0.420196
-0.358010 0.438273 0.420097
-0.358908 0.438044 0.419862
-0.359268 0.437911 0.419740
-0.359779 0.437879 0.419431
-0.360162 0.437750 0.419349
-0.360882 0.437538 0.419168
-0.361255 0.437534 0.419034
-0.361977 0.437505 0.418818
-0.362369 0.437403 0.418710
-0.362899 0.437052 0.418599
-0.363177 0.436918 0.418515
-0.363767 0.436566 0.418277
-0.363871 0.436642 0.418150
-0.364014 0.436710 0.417922
-0.364152 0.436811 0.417758
-0.364652 0.436939 0.417399
-0.364793 0.436942 0.417265
-0.365023 0.436915 0.417004
-0.365122 0.436767 0.416920
-0.365338 0.436318 0.416797
-0.365569 0.436178 0.416679
-0.366040 0.435857 0.416544
-0.366412 0.435761 0.416398
-0.367221 0.435556 0.416164
-0.367559 0.435454 0.416047
-0.368296 0.435198 0.415791
-0.368593 0.435061 0.415716
-0.369144 0.434789 0.415600
-0.369790 0.434342 0.415550
-0.370014 0.434234 0.415516
-0.370457 0.434066 0.415349
-0.370718 0.433758 0.415308
-0.371119 0.433388 0.415246
-0.371370 0.433266 0.415176
-0.371738 0.432950 0.415063
-0.371944 0.432763 0.415008
-0.372343 0.432363 0.414921
-0.372412 0.432132 0.414912
-0.372753 0.431650 0.414897
-0.372880 0.431649 0.414832
-0.373088 0.431906 0.414689
-0.373253 0.431833 0.414611
-0.373630 0.431670 0.414492
-0.373780 0.431581 0.414447
-0.374448 0.431321 0.414234
-0.374953 0.431496 0.414014
-0.375927 0.430973 0.413810
-0.376821 0.430699 0.413770
-0.378042 0.430099 0.413587
-0.378663 0.429849 0.413494
-0.379198 0.430021 0.413363
-0.379812 0.429887 0.413214
-0.380519 0.429758 0.413069
-0.380896 0.429801 0.412897
-0.381325 0.429650 0.412728
-0.382064 0.429773 0.412455
-0.382842 0.429623 0.412711
-0.383480 0.429463 0.412762
-0.383488 0.429751 0.412591
-0.383803 0.429838 0.412506
-0.384053 0.429949 0.412295
-0.384604 0.429842 0.412358
-0.384767 0.430097 0.412189
-0.385386 0.430020 0.412125
-0.385804 0.429887 0.412123
-0.386350 0.429829 0.412056
-0.387072 0.429970 0.411889
-0.387291 0.430346 0.411669
-0.387341 0.430867 0.411441
-0.388322 0.430185 0.411222
-0.388935 0.429941 0.411040
-0.389123 0.430238 0.410949
-0.389449 0.430388 0.410980
-0.390009 0.430204 0.411248
-0.390271 0.429118 0.411408
-0.390841 0.427643 0.411528
-0.390988 0.426397 0.411703
-0.390944 0.424168 0.412327
-0.391057 0.424258 0.412440
-0.391352 0.424575 0.412363
-0.391780 0.424900 0.412107
-0.392249 0.425092 0.412033
-0.392373 0.425782 0.411895
-0.392940 0.425752 0.411519
-0.393384 0.425626 0.411276
-0.393369 0.425712 0.411401
-0.393647 0.425657 0.411251
-0.394159 0.425641 0.411406
-0.395128 0.425315 0.411257
-0.396156 0.425127 0.411169
-0.396938 0.424777 0.411287
-0.397357 0.424356 0.411533
-0.397621 0.424681 0.411384
-0.397950 0.424259 0.411505
-0.398227 0.424434 0.411472
-0.398454 0.424496 0.411413
-0.398814 0.424453 0.411265
-0.399600 0.424402 0.411097
-0.400462 0.424222 0.410904
-0.400929 0.424476 0.410860
-0.401135 0.424444 0.410901
-0.401372 0.423329 0.411110
-0.401614 0.422471 0.411222
-0.401976 0.419672 0.411512
-0.402703 0.417063 0.412150
-0.402331 0.417627 0.412491
-0.403154 0.417269 0.412664
-0.403689 0.417609 0.412624
-0.404447 0.417776 0.412475
-0.405252 0.417601 0.412561
-0.405845 0.417588 0.412684
-0.406575 0.417534 0.412526
-0.406749 0.417721 0.412412
-0.407162 0.417506 0.412424
-0.407799 0.417572 0.412350
-0.408810 0.417179 0.412358
-0.409406 0.417319 0.412220
-0.410032 0.417429 0.412105
-0.410178 0.417514 0.411814
-0.410720 0.417335 0.411679
-0.411300 0.417403 0.411770
-0.411856 0.417327 0.411768
-0.412367 0.417384 0.411808
-0.412691 0.417464 0.411643
-0.413145 0.417108 0.411713
-0.413293 0.417136 0.411652
-0.413359 0.417261 0.411591
-0.413537 0.417353 0.411525
-0.413857 0.417480 0.411411
-0.414106 0.417462 0.411508
-0.414684 0.417259 0.411607
-0.415333 0.417274 0.411622
-0.416070 0.416949 0.411568
-0.416075 0.417466 0.411513
-0.416330 0.417687 0.411403
-0.416894 0.417637 0.411146
-0.417106 0.417819 0.411162
-0.417478 0.417997 0.411029
-0.417865 0.417933 0.410782
-0.418519 0.417873 0.410517
-0.419512 0.417697 0.410233
-0.420750 0.417135 0.410263
-0.421084 0.416757 0.410303
-0.421378 0.416669 0.410424
-0.421795 0.416965 0.410809
-0.422097 0.416949 0.410822
-0.422345 0.417057 0.410818
-0.422566 0.417177 0.410762
-0.423172 0.416857 0.410785
-0.424079 0.416581 0.410959
-0.424879 0.416432 0.410898
-0.425833 0.416225 0.411119
-0.426641 0.416355 0.411052
-0.427549 0.416090 0.411235
-0.427998 0.415996 0.411330
-0.428438 0.416014 0.411391
-0.428893 0.415917 0.411601
-0.429272 0.415868 0.411460
-0.429447 0.416015 0.411482
-0.429790 0.416192 0.411820
-0.430498 0.416250 0.411822
-0.430987 0.416436 0.412224
-0.431528 0.416664 0.412722
