-0.080727 0.886064 0.407064
-0.082004 0.886029 0.406994
-0.083520 0.886094 0.406883
-0.083605 0.886239 0.406886
-0.083730 0.886436 0.406865
-0.084048 0.886562 0.406790
-0.084135 0.886501 0.406785
-0.084095 0.886422 0.406803
-0.083954 0.886298 0.406845
-0.083982 0.886146 0.406873
-0.083974 0.886023 0.406905
-0.083998 0.885851 0.406925
-0.083993 0.885712 0.406947
-0.084013 0.885539 0.406976
-0.083942 0.885398 0.407006
-0.083933 0.885234 0.407027
-0.083944 0.885031 0.407055
-0.083783 0.884900 0.407106
-0.083722 0.884741 0.407135
-0.084561 0.884291 0.407142
-0.086205 0.883001 0.407300
-0.085921 0.882185 0.407539
-0.085393 0.881699 0.407688
-0.085020 0.881129 0.407822
-0.084191 0.880675 0.407994
-0.083833 0.880308 0.408097
-0.083494 0.879948 0.408184
-0.083412 0.879591 0.408250
-0.083093 0.879184 0.408341
-0.082709 0.878870 0.408422
-0.082377 0.878457 0.408516
-0.082188 0.878137 0.408581
-0.082040 0.877728 0.408642
-0.082027 0.877390 0.408672
-0.081696 0.877025 0.408767
-0.081321 0.876661 0.408864
-0.081236 0.876297 0.408897
-0.081153 0.875861 0.408958
-0.081147 0.875497 0.408984
-0.080967 0.875194 0.409059
-0.081138 0.874736 0.409083
-0.081023 0.874398 0.409127
-0.080802 0.873967 0.409194
-0.080689 0.873548 0.409261
-0.080593 0.873199 0.409307
-0.080634 0.872741 0.409351
-0.080820 0.872315 0.409353
-0.080810 0.872215 0.409367
-0.080894 0.872112 0.409375
-0.080770 0.871684 0.409472
-0.080808 0.871195 0.409516
-0.080823 0.871082 0.409523
-0.081076 0.870868 0.409524
-0.081341 0.870396 0.409555
-0.081165 0.869929 0.409614
-0.081031 0.869441 0.409695
-0.080962 0.868942 0.409742
-0.080932 0.868437 0.409803
-0.080859 0.868330 0.409823
-0.080871 0.867951 0.409885
-0.080887 0.867831 0.409894
-0.081028 0.867400 0.409933
-0.081061 0.867286 0.409945
-0.081532 0.866844 0.409950
-0.081522 0.866722 0.409961
-0.081640 0.866458 0.409975
-0.081718 0.866310 0.409982
-0.082651 0.865722 0.409954
-0.083602 0.865165 0.409936
-0.084425 0.864333 0.410011
-0.084632 0.863976 0.410055
-0.084763 0.863357 0.410162
-0.084830 0.863071 0.410207
-0.084838 0.862527 0.410304
-0.084870 0.862283 0.410343
-0.084722 0.861622 0.410473
-0.084729 0.861409 0.410504
-0.084835 0.860982 0.410561
-0.084990 0.860632 0.410606
-0.084993 0.860288 0.410658
-0.085077 0.860126 0.410673
-0.085106 0.859662 0.410745
-0.085146 0.859510 0.410763
-0.085285 0.859046 0.410813
-0.085425 0.858902 0.410814
-0.085558 0.858596 0.410837
-0.085719 0.858444 0.410838
-0.085929 0.858149 0.410851
-0.086254 0.857914 0.410841
-0.086394 0.857202 0.410847
-0.086410 0.856694 0.410841
-0.086267 0.855987 0.410857
-0.086186 0.855152 0.410872
-0.086212 0.854242 0.410872
-0.086201 0.853433 0.410859
-0.086138 0.852385 0.410836
-0.086173 0.851430 0.410807
-0.086212 0.850648 0.410776
-0.085906 0.849826 0.410800
-0.086701 0.849129 0.410729
-0.088092 0.846356 0.410911
-0.087635 0.844865 0.411159
-0.087037 0.843408 0.411365
-0.086572 0.842025 0.411524
-0.085861 0.840691 0.411717
-0.085298 0.839614 0.411871
-0.085025 0.838032 0.411968
-0.084729 0.836855 0.412035
-0.084664 0.835657 0.412050
-0.084534 0.834591 0.412070
-0.084462 0.833398 0.412058
-0.084423 0.833150 0.412062
-0.084662 0.832650 0.411994
-0.084782 0.832386 0.411961
-0.085091 0.831845 0.411880
-0.085205 0.831578 0.411848
-0.085620 0.831107 0.411728
-0.085883 0.830826 0.411653
-0.086699 0.829897 0.411377
-0.086901 0.829639 0.411301
-0.087141 0.829405 0.411215
-0.088142 0.828674 0.411064
-0.089081 0.827989 0.410935
-0.090080 0.826884 0.410883
-0.090258 0.826417 0.410921
-0.090618 0.825060 0.411029
-0.090567 0.824772 0.411068
-0.090602 0.824215 0.411101
-0.090569 0.823934 0.411127
-0.090713 0.823412 0.411115
-0.090752 0.823131 0.411116
-0.091084 0.822575 0.411043
-0.091221 0.822312 0.411007
-0.091674 0.821607 0.410867
-0.091797 0.821352 0.410826
-0.092327 0.820612 0.410645
-0.092380 0.820371 0.410617
-0.092623 0.819917 0.410522
-0.092772 0.819663 0.410464
-0.093676 0.818959 0.410354
-0.094581 0.818271 0.410256
-0.095847 0.816774 0.410250
-0.095838 0.816549 0.410328
-0.095644 0.816141 0.410498
-0.095516 0.815084 0.410706
-0.095684 0.813179 0.410611
-0.096378 0.812378 0.410408
-0.097128 0.811590 0.410156
-0.098135 0.811108 0.409780
-0.098315 0.810838 0.409694
-0.098727 0.810562 0.409534
-0.098916 0.810346 0.409441
-0.099115 0.810224 0.409362
-0.099312 0.810076 0.409287
-0.100167 0.809488 0.409209
-0.101028 0.808968 0.409129
-0.101958 0.807987 0.409245
-0.102180 0.807780 0.409265
-0.102866 0.807285 0.409192
-0.103286 0.807062 0.409113
-0.103632 0.806788 0.409085
-0.103713 0.806738 0.409089
-0.103757 0.806616 0.409135
-0.103955 0.806542 0.409085
-0.104220 0.806359 0.409026
-0.104550 0.806241 0.408942
-0.104742 0.806129 0.408889
-0.105158 0.805964 0.408765
-0.105208 0.805919 0.408751
-0.105555 0.805776 0.408635
-0.105673 0.805718 0.408594
-0.106107 0.805571 0.408448
-0.106585 0.805347 0.408255
-0.106571 0.805392 0.408201
-0.107004 0.805136 0.408022
-0.107655 0.804863 0.407779
-0.107420 0.804721 0.407826
-0.107705 0.804232 0.407715
-0.107383 0.804109 0.407800
-0.107499 0.803917 0.407758
-0.108896 0.802839 0.407768
-0.109988 0.801978 0.407770
-0.111794 0.800525 0.407904
-0.112821 0.799073 0.408593
-0.111915 0.798827 0.409260
-0.111098 0.798597 0.409794
-0.110394 0.798278 0.410234
-0.110391 0.797757 0.410418
-0.110141 0.797308 0.410660
-0.109565 0.797083 0.410938
-0.108849 0.796797 0.411234
-0.108286 0.796479 0.411508
-0.108130 0.796028 0.411637
-0.107376 0.795825 0.411922
-0.106394 0.795483 0.412274
-0.106462 0.795005 0.412329
-0.106770 0.794499 0.412306
-0.107483 0.793924 0.412308
-0.108336 0.793096 0.412437
-0.109243 0.792315 0.412517
-0.110063 0.790711 0.413256
-0.109082 0.789921 0.414086
-0.107343 0.789698 0.414806
-0.105483 0.789402 0.415534
-0.104068 0.789064 0.416070
-0.103833 0.788546 0.416273
-0.104214 0.787988 0.416373
-0.104598 0.786466 0.416876
-0.102828 0.785801 0.417594
-0.100615 0.785331 0.418255
-0.098856 0.784730 0.418763
-0.097442 0.784040 0.419136
-0.096075 0.783271 0.419498
-0.094985 0.782604 0.419767
-0.094199 0.782309 0.419928
-0.094859 0.781679 0.419922
-0.095700 0.780602 0.419983
-0.096591 0.779707 0.420002
-0.097455 0.778512 0.420117
-0.099109 0.776772 0.420187
-0.099395 0.776210 0.420255
-0.101180 0.773819 0.420442
-0.101230 0.773339 0.420500
-0.100933 0.772766 0.420619
-0.100701 0.772530 0.420669
-0.100340 0.772139 0.420744
-0.100226 0.771922 0.420768
-0.100062 0.771621 0.420810
-0.099921 0.771439 0.420832
-0.099781 0.771082 0.420860
-0.099698 0.770954 0.420876
-0.099747 0.770688 0.420895
-0.099741 0.770564 0.420905
-0.099796 0.770413 0.420923
-0.099845 0.770337 0.420924
-0.100031 0.770196 0.420929
-0.100055 0.770140 0.420935
-0.100951 0.769502 0.420938
-0.101758 0.768988 0.420956
-0.102144 0.768613 0.420988
-0.103319 0.767746 0.421002
-0.104218 0.767100 0.421042
-0.105549 0.766123 0.421095
-0.106612 0.765291 0.421149
-0.108097 0.764110 0.421209
-0.109321 0.763223 0.421263
-0.109962 0.762555 0.421318
-0.111155 0.761481 0.421390
-0.112098 0.760662 0.421469
-0.112676 0.759667 0.421585
-0.112885 0.759342 0.421612
-0.113063 0.758917 0.421647
-0.113091 0.758742 0.421658
-0.113078 0.758479 0.421665
-0.113059 0.758378 0.421669
-0.112956 0.758199 0.421678
-0.112995 0.758121 0.421677
-0.113078 0.758036 0.421677
-0.113117 0.758016 0.421679
-0.114084 0.757360 0.421728
-0.115019 0.756735 0.421783
-0.116502 0.755678 0.421875
-0.117561 0.754818 0.421970
-0.118656 0.753958 0.422083
-0.118831 0.753694 0.422115
-0.119076 0.753334 0.422144
-0.119086 0.753230 0.422156
-0.119086 0.753060 0.422173
-0.119062 0.752972 0.422179
-0.119007 0.752902 0.422189
-0.118980 0.752879 0.422195
-0.119149 0.752848 0.422204
-0.119221 0.752756 0.422206
-0.120204 0.752028 0.422279
-0.121234 0.751397 0.422350
-0.122478 0.750338 0.422484
-0.122329 0.749828 0.422512
-0.122088 0.749474 0.422512
-0.121593 0.749217 0.422524
-0.121683 0.748674 0.422532
-0.121542 0.748257 0.422544
-0.121489 0.747907 0.422555
-0.121515 0.747397 0.422565
-0.121264 0.746811 0.422578
-0.120805 0.746345 0.422604
-0.120788 0.745876 0.422616
-0.121564 0.745126 0.422713
-0.122324 0.744442 0.422800
-0.124850 0.742363 0.423081
-0.125508 0.741795 0.423162
-0.127820 0.739968 0.423443
-0.128379 0.739361 0.423521
-0.130517 0.737446 0.423802
-0.131872 0.735602 0.423990
-0.132258 0.734862 0.423985
-0.131759 0.734688 0.423980
-0.131539 0.734160 0.423966
-0.131223 0.733842 0.423971
-0.130396 0.733613 0.423969
-0.129838 0.733128 0.423985
-0.129384 0.732172 0.423988
-0.129298 0.731951 0.423988
-0.130812 0.730214 0.424237
-0.131332 0.729581 0.424314
-0.133420 0.727502 0.424649
-0.134111 0.726717 0.424741
-0.136165 0.724333 0.425100
-0.136752 0.723462 0.425204
-0.139116 0.720888 0.425575
-0.139458 0.718661 0.425811
-0.139180 0.716865 0.425803
-0.138165 0.715733 0.425788
-0.137485 0.714349 0.425793
-0.136953 0.713509 0.425781
-0.135862 0.712614 0.425766
-0.135120 0.711800 0.425752
-0.134432 0.710906 0.425730
-0.133813 0.709949 0.425728
-0.133375 0.709123 0.425733
-0.133521 0.707863 0.425745
-0.132923 0.707195 0.425731
-0.132463 0.706319 0.425723
-0.132344 0.705532 0.425734
-0.132136 0.704935 0.425724
-0.132069 0.704389 0.425740
-0.132195 0.703274 0.425758
-0.132141 0.702763 0.425766
-0.132250 0.702575 0.425772
-0.132485 0.702250 0.425796
-0.132516 0.702124 0.425808
-0.132707 0.701927 0.425837
-0.132762 0.701828 0.425850
-0.133000 0.701686 0.425878
-0.133056 0.701613 0.425889
-0.133204 0.701485 0.425915
-0.133251 0.701350 0.425925
-0.133368 0.701229 0.425935
-0.134404 0.700418 0.426088
-0.135349 0.699685 0.426236
-0.135980 0.699168 0.426336
-0.137307 0.698082 0.426545
-0.138350 0.697193 0.426727
-0.139839 0.695828 0.426926
-0.140268 0.695362 0.426974
-0.141006 0.694611 0.427049
-0.140857 0.694500 0.427061
-0.140806 0.694333 0.427076
-0.140804 0.694178 0.427083
-0.140839 0.693739 0.427105
-0.140823 0.693539 0.427109
-0.140838 0.693236 0.427125
-0.140836 0.693110 0.427131
-0.140850 0.692979 0.427142
-0.141846 0.692097 0.427303
-0.142801 0.691279 0.427458
-0.143587 0.690685 0.427563
-0.145135 0.689531 0.427790
-0.146322 0.688541 0.427992
-0.147450 0.687658 0.428124
-0.149133 0.685866 0.428347
-0.149358 0.685270 0.428374
-0.149576 0.684636 0.428403
-0.149547 0.684097 0.428404
-0.149345 0.683580 0.428418
-0.149539 0.682877 0.428436
-0.148619 0.682446 0.428429
-0.148269 0.681747 0.428437
-0.148479 0.681085 0.428459
-0.148040 0.680662 0.428455
-0.147820 0.680291 0.428453
-0.148059 0.679532 0.428465
-0.147615 0.679034 0.428463
-0.147422 0.677997 0.428465
-0.147211 0.677194 0.428490
-0.146893 0.676441 0.428494
-0.146421 0.675489 0.428490
-0.145665 0.674409 0.428480
-0.145459 0.673206 0.428499
-0.145691 0.671804 0.428515
-0.145284 0.671222 0.428509
-0.144950 0.670506 0.428511
-0.144159 0.669728 0.428501
-0.143764 0.668581 0.428500
-0.143538 0.667865 0.428487
-0.142933 0.666626 0.428489
-0.143073 0.664940 0.428515
-0.142470 0.664194 0.428511
-0.142099 0.662983 0.428523
-0.141541 0.661759 0.428518
-0.140959 0.660338 0.428507
-0.140947 0.659916 0.428514
-0.140985 0.659452 0.428529
-0.140881 0.658482 0.428554
-0.140855 0.657969 0.428564
-0.140795 0.657537 0.428573
-0.140928 0.656688 0.428597
-0.140829 0.656362 0.428607
-0.140655 0.655641 0.428628
-0.140739 0.655244 0.428642
-0.141006 0.654455 0.428679
-0.140958 0.654221 0.428691
-0.140776 0.653608 0.428721
-0.140469 0.652924 0.428747
-0.140176 0.652000 0.428766
-0.139960 0.651406 0.428785
-0.140930 0.650443 0.428943
-0.142429 0.648890 0.429194
-0.143768 0.647569 0.429407
-0.146513 0.645205 0.429882
-0.147071 0.644498 0.429910
-0.147287 0.644340 0.429927
-0.147188 0.643933 0.429933
-0.147235 0.643231 0.429934
-0.146967 0.642654 0.429946
-0.146544 0.641758 0.429938
-0.146129 0.640998 0.429947
-0.145753 0.640259 0.429954
-0.145531 0.639422 0.429962
-0.146345 0.638288 0.430120
-0.147650 0.636678 0.430379
-0.148673 0.635307 0.430597
-0.149900 0.633213 0.430900
-0.150952 0.631784 0.431128
-0.152850 0.629089 0.431567
-0.152825 0.628026 0.431586
-0.153122 0.626954 0.431603
-0.153273 0.626483 0.431619
-0.153551 0.625704 0.431652
-0.153594 0.625360 0.431665
-0.153626 0.624658 0.431689
-0.153569 0.624366 0.431698
-0.153161 0.623953 0.431706
-0.153202 0.623606 0.431715
-0.153046 0.623130 0.431727
-0.153050 0.622905 0.431735
-0.152963 0.622480 0.431749
-0.152913 0.622230 0.431759
-0.153721 0.621216 0.431934
-0.154567 0.620303 0.432099
-0.155237 0.619590 0.432216
-0.156595 0.618288 0.432467
-0.157715 0.617246 0.432690
-0.159024 0.615754 0.432950
-0.159352 0.615247 0.433011
-0.159910 0.614605 0.433092
-0.160133 0.614249 0.433116
-0.160684 0.613840 0.433158
-0.160880 0.613538 0.433179
-0.161014 0.613269 0.433202
-0.162035 0.612272 0.433399
-0.162930 0.611362 0.433589
-0.164355 0.609982 0.433891
-0.165671 0.608723 0.434149
-0.166571 0.607723 0.434329
-0.168065 0.606124 0.434633
-0.169376 0.604671 0.434895
-0.170646 0.603314 0.435166
-0.170972 0.602907 0.435239
-0.171224 0.602424 0.435313
-0.171537 0.601871 0.435345
-0.172001 0.601205 0.435401
-0.172256 0.600671 0.435431
-0.172621 0.599979 0.435496
-0.172722 0.599713 0.435513
-0.172807 0.599386 0.435534
-0.173760 0.598167 0.435743
-0.174493 0.597399 0.435922
-0.174985 0.596944 0.436038
-0.176169 0.595637 0.436316
-0.177141 0.594401 0.436560
-0.177758 0.593714 0.436719
-0.179013 0.592235 0.437018
-0.180071 0.590918 0.437282
-0.181388 0.589206 0.437645
-0.182403 0.587936 0.437934
-0.183751 0.585723 0.438379
-0.184135 0.583952 0.438486
-0.183425 0.583066 0.438506
-0.183298 0.582476 0.438500
-0.183022 0.581364 0.438500
-0.183227 0.580568 0.438516
-0.182747 0.579505 0.438522
-0.181902 0.578366 0.438504
-0.181705 0.578062 0.438498
-0.181397 0.577847 0.438490
-0.181349 0.577004 0.438499
-0.181407 0.576596 0.438509
-0.181422 0.575856 0.438530
-0.181476 0.575415 0.438538
-0.181478 0.575012 0.438545
-0.181513 0.574657 0.438548
-0.181896 0.573667 0.438584
-0.181998 0.573039 0.438607
-0.182107 0.572080 0.438644
-0.182086 0.571640 0.438660
-0.181919 0.571095 0.438680
-0.181844 0.570938 0.438684
-0.181689 0.570772 0.438682
-0.181610 0.570693 0.438682
-0.182381 0.569667 0.438881
-0.183164 0.568628 0.439078
-0.184489 0.566983 0.439404
-0.185594 0.565603 0.439692
-0.186460 0.564518 0.439887
-0.187725 0.562923 0.440217
-0.188873 0.561614 0.440499
-0.190324 0.559595 0.440901
-0.191526 0.557775 0.441231
-0.193129 0.555011 0.441628
-0.193691 0.553378 0.441755
-0.194072 0.550939 0.441923
-0.194141 0.549709 0.441988
-0.193895 0.548789 0.442033
-0.193801 0.548394 0.442048
-0.193787 0.547175 0.442090
-0.193821 0.546408 0.442115
-0.193805 0.545448 0.442147
-0.193603 0.544043 0.442153
-0.193170 0.542373 0.442176
-0.192876 0.541121 0.442186
-0.192923 0.539211 0.442224
-0.192544 0.538322 0.442253
-0.192389 0.537553 0.442263
-0.192138 0.536009 0.442304
-0.192733 0.534862 0.442502
-0.193709 0.533476 0.442802
-0.194588 0.532073 0.443083
-0.195856 0.529025 0.443529
-0.196803 0.527268 0.443845
-0.198625 0.522942 0.444530
-0.198945 0.521964 0.444643
-0.199013 0.521733 0.444663
-0.199037 0.521182 0.444698
-0.199050 0.520986 0.444711
-0.199097 0.520542 0.444731
-0.199103 0.520501 0.444732
-0.199072 0.520421 0.444736
-0.199053 0.520370 0.444739
-0.199006 0.520253 0.444741
-0.199066 0.519976 0.444751
-0.199076 0.519321 0.444772
-0.199078 0.519234 0.444774
-0.199099 0.518941 0.444785
-0.199146 0.518886 0.444782
-0.199279 0.518263 0.444799
-0.199425 0.517080 0.444838
-0.199578 0.516981 0.444837
-0.199669 0.516864 0.444841
-0.201074 0.515044 0.445233
-0.201558 0.514529 0.445365
-0.203502 0.511984 0.445916
-0.205150 0.509209 0.446401
-0.205540 0.508229 0.446519
-0.205681 0.507398 0.446574
-0.205898 0.506831 0.446612
-0.206021 0.506696 0.446611
-0.206007 0.506363 0.446626
-0.205950 0.505875 0.446636
-0.205973 0.505636 0.446646
-0.206029 0.504944 0.446671
-0.206140 0.504081 0.446696
-0.206261 0.504815 0.446673
-0.206596 0.504781 0.446699
-0.206855 0.505350 0.446692
-0.207388 0.505340 0.446722
-0.207792 0.505353 0.446740
-0.208291 0.505248 0.446773
-0.208537 0.505658 0.446771
-0.208995 0.504920 0.446823
-0.209162 0.504794 0.446830
-0.209443 0.504629 0.446836
-0.209710 0.504472 0.446850
-0.209984 0.504630 0.446865
-0.210335 0.504961 0.446863
-0.210963 0.504754 0.446891
-0.211565 0.505230 0.446904
-0.212001 0.505349 0.446922
-0.212106 0.505336 0.446922
-0.212869 0.504392 0.447114
-0.214183 0.503005 0.447419
-0.215255 0.501936 0.447688
-0.218062 0.500511 0.448268
-0.219816 0.500632 0.448415
-0.221315 0.501298 0.448445
-0.222294 0.501750 0.448447
-0.223325 0.501699 0.448446
-0.224252 0.502139 0.448426
-0.225252 0.502680 0.448416
-0.225586 0.502469 0.448407
-0.226003 0.502705 0.448393
-0.226689 0.502920 0.448364
-0.227344 0.503868 0.448315
-0.227787 0.505092 0.448270
-0.228428 0.505915 0.448233
-0.229130 0.505937 0.448224
-0.229799 0.506748 0.448174
-0.230305 0.507146 0.448136
-0.231035 0.507519 0.448108
-0.231810 0.508014 0.448081
-0.232520 0.508616 0.448014
-0.233482 0.509355 0.447945
-0.234735 0.510256 0.447861
-0.235464 0.509396 0.448042
-0.236813 0.507742 0.448336
-0.237954 0.506210 0.448596
-0.238954 0.504910 0.448818
-0.241290 0.501581 0.449456
-0.243885 0.498883 0.449899
-0.246209 0.499352 0.449847
-0.248228 0.499698 0.449719
-0.249637 0.499761 0.449572
-0.250961 0.500222 0.449404
-0.251352 0.500176 0.449373
-0.252184 0.500400 0.449224
-0.252500 0.500401 0.449184
-0.253149 0.500479 0.449050
-0.253550 0.500595 0.448989
-0.254459 0.500626 0.448828
-0.254886 0.500663 0.448762
-0.255590 0.500537 0.448605
-0.255934 0.500622 0.448543
-0.256684 0.500846 0.448368
-0.257076 0.500890 0.448291
-0.257775 0.500950 0.448110
-0.258147 0.501015 0.448023
-0.258479 0.501045 0.447936
-0.258842 0.501056 0.447861
-0.259648 0.501569 0.447623
-0.260014 0.501807 0.447531
-0.260888 0.501075 0.447627
-0.261781 0.500383 0.447687
-0.263025 0.498877 0.447890
-0.264162 0.497770 0.448027
-0.265087 0.496870 0.448070
-0.265997 0.496278 0.448066
-0.267477 0.495629 0.447985
-0.268051 0.495412 0.447935
-0.269220 0.495698 0.447727
-0.269865 0.495859 0.447609
-0.271281 0.496554 0.447295
-0.272006 0.497021 0.447135
-0.273247 0.497316 0.446813
-0.275727 0.498569 0.446233
-0.279261 0.499258 0.445626
-0.281601 0.501087 0.445076
-0.284330 0.500895 0.444430
-0.287604 0.501309 0.443671
-0.288259 0.501506 0.443517
-0.290440 0.500015 0.443488
-0.291484 0.499208 0.443408
-0.294062 0.496479 0.443487
-0.298212 0.495242 0.442952
-0.302070 0.495294 0.441911
-0.305357 0.496032 0.440969
-0.309245 0.496683 0.439678
-0.318959 0.497309 0.435644
-0.321789 0.497826 0.434605
-0.325118 0.498264 0.433643
-0.327891 0.498912 0.433056
-0.328726 0.498805 0.432825
-0.331010 0.496839 0.432637
-0.334365 0.494751 0.431877
-0.336698 0.493377 0.431382
-0.339320 0.493022 0.430382
-0.341853 0.491350 0.429723
-0.344568 0.490898 0.428564
-0.347389 0.489616 0.427671
-0.347929 0.488654 0.427672
-0.349002 0.487251 0.427566
-0.349613 0.485613 0.427662
-0.351214 0.481772 0.427959
-0.352277 0.480206 0.427942
-0.352482 0.479904 0.427911
-0.352757 0.479495 0.427718
-0.352812 0.479686 0.427643
-0.353100 0.479804 0.427400
-0.353282 0.479900 0.427311
-0.353388 0.480475 0.427076
-0.353622 0.480385 0.426995
-0.353994 0.480236 0.426756
-0.354115 0.480398 0.426627
-0.354530 0.480320 0.426406
-0.354805 0.480391 0.426210
-0.355412 0.479273 0.426187
-0.355918 0.478280 0.426175
-0.356489 0.477191 0.426278
-0.356636 0.476829 0.426247
-0.357028 0.476344 0.426075
-0.357262 0.476186 0.426015
-0.357853 0.475773 0.425831
-0.358164 0.475614 0.425717
-0.358746 0.475280 0.425458
-0.359040 0.474994 0.425341
-0.359567 0.474868 0.425101
-0.359831 0.474773 0.424950
-0.360378 0.474626 0.424721
-0.360611 0.474515 0.424599
-0.361296 0.474234 0.424245
-0.361630 0.474192 0.424028
-0.362143 0.473978 0.423648
-0.362462 0.473906 0.423467
-0.362992 0.473774 0.423132
-0.363171 0.473912 0.422921
-0.363721 0.474018 0.422587
-0.363966 0.474170 0.422378
-0.364625 0.474063 0.422026
-0.364981 0.474145 0.421768
-0.365598 0.474603 0.421481
-0.365956 0.474681 0.421244
-0.366629 0.473483 0.421213
-0.367337 0.472192 0.421135
-0.368065 0.471238 0.420931
-0.368739 0.469407 0.421013
-0.369469 0.468103 0.421039
-0.370009 0.467462 0.420931
-0.370633 0.465823 0.421033
-0.371180 0.464498 0.421123
-0.371598 0.463638 0.421124
-0.372297 0.462500 0.421122
-0.372869 0.461760 0.421154
-0.374123 0.461217 0.421060
-0.375684 0.460683 0.420775
-0.375564 0.460684 0.419829
-0.375421 0.460825 0.419704
-0.375317 0.460896 0.419664
-0.375244 0.461111 0.419551
-0.375271 0.461209 0.419482
-0.375654 0.461118 0.419375
-0.375820 0.460944 0.419374
-0.375958 0.460659 0.419462
-0.376061 0.460510 0.419477
-0.376387 0.460323 0.419482
-0.376603 0.460266 0.419438
-0.377065 0.460227 0.419200
-0.377261 0.460040 0.419186
-0.377505 0.459693 0.419130
-0.377866 0.459525 0.419045
-0.378436 0.459339 0.418870
-0.378957 0.459235 0.418629
-0.379104 0.459216 0.418547
-0.379618 0.459086 0.418339
-0.380031 0.458843 0.418244
-0.380804 0.458380 0.418134
-0.381133 0.458342 0.418125
-0.381604 0.458458 0.418057
-0.381873 0.458273 0.418027
-0.382357 0.457873 0.418079
-0.382668 0.457629 0.418105
-0.383189 0.457363 0.417980
-0.383546 0.457167 0.417946
-0.384158 0.456845 0.417795
-0.384573 0.456642 0.417772
-0.385629 0.456031 0.417630
-0.386212 0.455753 0.417564
-0.386829 0.455482 0.417534
-0.387234 0.455403 0.417426
-0.388005 0.455372 0.417192
-0.388496 0.455092 0.417084
-0.389711 0.454494 0.416929
-0.390166 0.454434 0.416890
-0.390653 0.454421 0.416725
-0.390963 0.454330 0.416696
-0.391127 0.454330 0.416684
-0.391282 0.454360 0.416671
-0.391377 0.454407 0.416613
-0.391441 0.454495 0.416522
-0.391588 0.454508 0.416403
-0.391915 0.454482 0.416307
-0.392034 0.454420 0.416260
-0.392351 0.454461 0.416169
-0.392567 0.454482 0.416135
-0.392996 0.454431 0.416017
-0.393268 0.454289 0.416049
-0.393423 0.454188 0.416056
-0.393552 0.454130 0.416029
-0.393702 0.454210 0.415964
-0.393868 0.454164 0.415938
-0.393994 0.454151 0.415900
-0.394110 0.454178 0.415829
-0.394210 0.454342 0.415760
-0.394317 0.454645 0.415595
-0.394503 0.454642 0.415513
-0.395027 0.454275 0.415337
-0.394983 0.454331 0.415290
-0.394931 0.454248 0.415210
-0.394936 0.454217 0.415167
-0.395047 0.453991 0.414974
-0.395080 0.453975 0.414935
-0.395289 0.453732 0.414857
-0.395428 0.453601 0.414804
-0.395713 0.453327 0.414779
-0.395693 0.453345 0.414745
-0.395627 0.453243 0.414688
-0.395631 0.453153 0.414688
-0.395532 0.452960 0.414624
-0.395664 0.452942 0.414550
-0.395727 0.453042 0.414477
-0.395763 0.453110 0.414448
-0.395938 0.452954 0.414348
-0.396042 0.452883 0.414315
-0.396104 0.453091 0.414130
-0.396190 0.453022 0.413998
-0.396272 0.452957 0.413883
-0.396364 0.453025 0.413655
-0.396318 0.453024 0.413575
-0.396362 0.453008 0.413494
-0.396364 0.453002 0.413452
-0.396344 0.452990 0.413416
-0.396491 0.452927 0.413366
-0.396589 0.452854 0.413353
-0.396620 0.452755 0.413312
-0.396680 0.452718 0.413248
-0.396671 0.452770 0.413167
-0.396706 0.452783 0.413093
-0.396721 0.452914 0.412959
-0.396710 0.452874 0.412898
-0.396841 0.452903 0.412725
-0.396876 0.452909 0.412657
-0.397049 0.452786 0.412541
-0.397196 0.452659 0.412486
-0.397521 0.452647 0.412442
-0.397632 0.452633 0.412372
-0.397892 0.452578 0.412314
-0.398012 0.452459 0.412295
-0.398370 0.452105 0.412331
-0.398497 0.451899 0.412325
-0.398787 0.451568 0.412262
-0.398908 0.451332 0.412255
-0.399087 0.450776 0.412314
-0.399339 0.450351 0.412377
-0.399756 0.449722 0.412394
-0.399891 0.449429 0.412396
-0.400214 0.448959 0.412325
-0.400382 0.448780 0.412361
-0.400765 0.448478 0.412501
-0.400976 0.448242 0.412568
-0.401449 0.447804 0.412585
-0.401623 0.447641 0.412708
-0.402047 0.447256 0.412903
-0.402279 0.446956 0.413013
-0.402695 0.446384 0.413188
-0.402954 0.446144 0.413277
-0.403459 0.445673 0.413487
-0.403632 0.445548 0.413594
-0.403880 0.445486 0.413741
-0.404006 0.445301 0.413828
-0.404275 0.445218 0.413844
-0.404333 0.445131 0.413855
-0.404546 0.444971 0.413946
-0.404611 0.444860 0.413937
-0.404776 0.444632 0.414116
-0.404774 0.444601 0.414146
-0.404923 0.444565 0.414219
-0.404984 0.444463 0.414249
-0.405147 0.444288 0.414229
-0.405175 0.444234 0.414198
-0.405216 0.444320 0.414193
-0.405202 0.444312 0.414169
-0.405293 0.444247 0.414144
-0.405338 0.444117 0.414115
-0.405337 0.443974 0.414102
-0.405417 0.443811 0.414123
-0.405429 0.443717 0.414139
-0.405400 0.443689 0.414092
-0.405429 0.443730 0.414081
-0.405476 0.443678 0.414073
-0.405559 0.443478 0.414114
-0.405545 0.443338 0.414177
-0.405460 0.443194 0.414173
-0.405350 0.443214 0.414110
-0.405258 0.443315 0.414028
-0.405251 0.443295 0.413946
-0.405143 0.443392 0.413816
-0.405067 0.443509 0.413685
-0.405131 0.443462 0.413606
-0.405147 0.443392 0.413539
-0.405329 0.443381 0.413389
-0.405354 0.443321 0.413337
-0.405516 0.443219 0.413274
-0.405583 0.443175 0.413207
-0.405733 0.443169 0.413060
-0.405863 0.443034 0.413047
-0.406258 0.442773 0.412987
-0.406286 0.442647 0.412972
-0.406376 0.442495 0.412979
-0.406513 0.442315 0.412993
-0.406932 0.441846 0.413104
-0.407059 0.441686 0.413122
-0.407237 0.441492 0.413091
-0.407338 0.441317 0.413133
-0.407545 0.441109 0.413088
-0.407624 0.441068 0.412983
-0.407830 0.441036 0.412832
-0.407911 0.440926 0.412766
-0.407931 0.441071 0.412591
-0.408001 0.441089 0.412508
-0.408277 0.440960 0.412375
-0.408391 0.440952 0.412296
-0.408706 0.440906 0.412149
-0.408871 0.440744 0.412092
-0.409269 0.440358 0.412088
-0.409485 0.440229 0.412080
-0.410140 0.439842 0.412196
-0.410340 0.439669 0.412186
-0.410551 0.439668 0.411983
-0.410622 0.439503 0.411921
-0.410889 0.439315 0.411759
-0.411008 0.439203 0.411622
-0.411182 0.439039 0.411470
-0.411264 0.438944 0.411387
-0.411521 0.438736 0.411271
-0.411711 0.438496 0.411258
-0.412422 0.437803 0.411513
-0.412951 0.438557 0.410795
-0.413871 0.437888 0.410900
-0.414275 0.437950 0.411259
-0.415234 0.437636 0.411092
-0.415412 0.437717 0.410984
-0.415657 0.437993 0.410936
-0.416139 0.437787 0.410983
-0.416843 0.437364 0.410992
-0.417197 0.437228 0.410610
-0.417557 0.437272 0.410327
-0.417794 0.437171 0.410208
-0.418060 0.437615 0.410001
-0.418760 0.437432 0.409901
-0.419005 0.437520 0.409910
-0.419641 0.437584 0.409892
-0.420032 0.437488 0.409996
-0.420455 0.437413 0.410081
-0.420628 0.437438 0.410087
-0.420950 0.437358 0.410026
-0.421115 0.437296 0.410013
-0.421493 0.437126 0.409947
-0.421650 0.437023 0.410001
-0.421936 0.436857 0.410024
-0.422125 0.436688 0.410087
-0.422489 0.436304 0.410140
-0.422709 0.436165 0.410264
-0.423135 0.435967 0.410472
-0.423511 0.435756 0.410602
-0.424283 0.435280 0.410730
-0.424686 0.435126 0.410764
-0.425367 0.434510 0.410951
-0.425746 0.434276 0.411278
-0.426507 0.433707 0.411776
-0.426773 0.433530 0.411971
-0.427170 0.433133 0.412192
-0.427512 0.432905 0.412184
-0.428125 0.432497 0.412168
-0.428592 0.432175 0.412207
-0.429364 0.431783 0.412210
-0.429764 0.431620 0.412292
-0.430511 0.431245 0.412570
-0.430922 0.430908 0.412703
-0.431757 0.430166 0.412927
-0.432110 0.430041 0.412994
-0.432734 0.429806 0.413271
-0.433068 0.429739 0.413355
-0.433492 0.429526 0.413476
-0.433767 0.429436 0.413571
-0.434154 0.429032 0.413717
-0.434359 0.428997 0.413840
-0.434789 0.428719 0.413884
-0.434925 0.428667 0.413971
-0.435143 0.428516 0.414074
-0.435222 0.428480 0.414163
-0.435391 0.428385 0.414220
-0.435434 0.428404 0.414265
-0.435465 0.428184 0.414257
-0.435539 0.428110 0.414277
-0.435606 0.427846 0.414190
-0.435631 0.427828 0.414242
-0.435735 0.427699 0.414370
-0.436235 0.427564 0.414419
