-0.080727 0.886065 0.407064
-0.082004 0.886029 0.406994
-0.082088 0.885995 0.406993
-0.083493 0.885833 0.406932
-0.082908 0.886169 0.406958
-0.082723 0.886132 0.406993
-0.082649 0.886094 0.407015
-0.082750 0.886063 0.407016
-0.082908 0.886014 0.407010
-0.083924 0.885551 0.407001
-0.084997 0.885114 0.406995
-0.086031 0.884494 0.407064
-0.086419 0.884249 0.407092
-0.086747 0.883605 0.407250
-0.086411 0.883046 0.407426
-0.086121 0.882722 0.407524
-0.085948 0.882443 0.407588
-0.085729 0.882235 0.407643
-0.085625 0.881988 0.407682
-0.085625 0.881690 0.407732
-0.085375 0.881421 0.407796
-0.085036 0.881136 0.407871
-0.084522 0.880857 0.407973
-0.084319 0.880482 0.408043
-0.084310 0.880167 0.408074
-0.083898 0.879902 0.408163
-0.083649 0.879605 0.408241
-0.083337 0.879258 0.408330
-0.083315 0.879118 0.408346
-0.085395 0.877781 0.408413
-0.085721 0.877434 0.408441
-0.088092 0.875490 0.408615
-0.087906 0.873234 0.409048
-0.087520 0.872079 0.409217
-0.086882 0.871119 0.409395
-0.086267 0.870100 0.409580
-0.085796 0.869178 0.409723
-0.085318 0.868227 0.409872
-0.084562 0.867380 0.410035
-0.084246 0.866825 0.410120
-0.083932 0.866307 0.410216
-0.083451 0.865729 0.410339
-0.083027 0.864985 0.410457
-0.082619 0.864457 0.410564
-0.082320 0.863890 0.410654
-0.082204 0.863461 0.410718
-0.081918 0.862988 0.410816
-0.081431 0.862435 0.410919
-0.081242 0.862011 0.410995
-0.081014 0.861568 0.411073
-0.080744 0.861036 0.411177
-0.080353 0.860542 0.411281
-0.080160 0.859993 0.411373
-0.080120 0.859878 0.411390
-0.080176 0.859758 0.411402
-0.080223 0.859641 0.411419
-0.080480 0.859422 0.411436
-0.080559 0.859309 0.411449
-0.080815 0.859091 0.411465
-0.080853 0.858977 0.411481
-0.081717 0.858388 0.411474
-0.082618 0.857821 0.411472
-0.083212 0.857343 0.411497
-0.084403 0.856465 0.411520
-0.085453 0.855659 0.411558
-0.086375 0.854406 0.411709
-0.086531 0.853896 0.411793
-0.086159 0.852660 0.412054
-0.086021 0.852323 0.412131
-0.085330 0.851093 0.412397
-0.085236 0.850838 0.412449
-0.085029 0.850342 0.412552
-0.085029 0.850110 0.412589
-0.084847 0.849469 0.412707
-0.084851 0.849276 0.412737
-0.084815 0.848917 0.412796
-0.084816 0.848607 0.412850
-0.084762 0.848145 0.412924
-0.084795 0.847999 0.412942
-0.084815 0.847557 0.413005
-0.084852 0.847419 0.413022
-0.084932 0.847121 0.413057
-0.085123 0.846852 0.413081
-0.085196 0.846596 0.413115
-0.085278 0.846477 0.413128
-0.085449 0.846113 0.413166
-0.085560 0.846002 0.413172
-0.085678 0.845864 0.413177
-0.086657 0.845210 0.413161
-0.087598 0.844611 0.413161
-0.088172 0.844110 0.413193
-0.089410 0.843164 0.413213
-0.090526 0.842348 0.413245
-0.091451 0.840681 0.413477
-0.091620 0.839883 0.413603
-0.091401 0.839168 0.413739
-0.090994 0.838592 0.413880
-0.090794 0.838306 0.413945
-0.090621 0.837753 0.414044
-0.090509 0.837481 0.414094
-0.090429 0.836738 0.414208
-0.090324 0.836521 0.414247
-0.090277 0.836114 0.414312
-0.090063 0.835742 0.414390
-0.090113 0.835375 0.414439
-0.090123 0.835198 0.414462
-0.090992 0.834498 0.414469
-0.091922 0.833854 0.414478
-0.092627 0.832489 0.414641
-0.092636 0.832175 0.414696
-0.092460 0.831325 0.414849
-0.092518 0.831065 0.414881
-0.092544 0.830533 0.414953
-0.092550 0.830305 0.414987
-0.092233 0.829557 0.415125
-0.092220 0.829383 0.415153
-0.092135 0.828842 0.415233
-0.092218 0.828677 0.415246
-0.092312 0.828346 0.415286
-0.092544 0.828053 0.415307
-0.092625 0.827770 0.415335
-0.092869 0.827522 0.415348
-0.092975 0.827378 0.415355
-0.093248 0.827116 0.415368
-0.093371 0.826863 0.415388
-0.093648 0.826612 0.415399
-0.093721 0.826473 0.415408
-0.094044 0.826214 0.415408
-0.094116 0.826103 0.415417
-0.094409 0.825855 0.415424
-0.094480 0.825731 0.415432
-0.095428 0.825073 0.415422
-0.096269 0.824449 0.415433
-0.097084 0.823278 0.415564
-0.097055 0.822965 0.415620
-0.097189 0.822215 0.415732
-0.097145 0.822000 0.415767
-0.097254 0.821584 0.415817
-0.097344 0.821336 0.415839
-0.097809 0.820847 0.415846
-0.097946 0.820597 0.415862
-0.098821 0.819866 0.415875
-0.099672 0.819214 0.415895
-0.100229 0.818676 0.415929
-0.101359 0.817721 0.415968
-0.102303 0.816891 0.416026
-0.102862 0.816157 0.416104
-0.103836 0.815021 0.416204
-0.104598 0.814089 0.416307
-0.105175 0.812675 0.416516
-0.105320 0.812096 0.416600
-0.105104 0.810712 0.416842
-0.104897 0.810328 0.416917
-0.103853 0.809136 0.417174
-0.103660 0.808841 0.417227
-0.103374 0.808228 0.417321
-0.103140 0.807709 0.417409
-0.102901 0.807276 0.417480
-0.102640 0.806671 0.417574
-0.102598 0.806492 0.417595
-0.102680 0.806157 0.417634
-0.102689 0.805982 0.417655
-0.102765 0.805672 0.417693
-0.102798 0.805490 0.417710
-0.103135 0.805040 0.417740
-0.103233 0.804850 0.417746
-0.103359 0.804548 0.417773
-0.103391 0.804414 0.417789
-0.103696 0.804162 0.417796
-0.103750 0.804039 0.417807
-0.104629 0.803376 0.417825
-0.105487 0.802778 0.417849
-0.106111 0.802291 0.417870
-0.107348 0.801298 0.417911
-0.108378 0.800442 0.417968
-0.109382 0.798904 0.418151
-0.109652 0.798509 0.418181
-0.109843 0.797805 0.418253
-0.109912 0.797502 0.418282
-0.110124 0.796867 0.418328
-0.110086 0.796441 0.418387
-0.109904 0.796044 0.418446
-0.110019 0.795718 0.418473
-0.109728 0.795470 0.418536
-0.109716 0.795221 0.418570
-0.109703 0.794933 0.418596
-0.109726 0.794835 0.418609
-0.109798 0.794674 0.418629
-0.109885 0.794603 0.418635
-0.110013 0.794423 0.418650
-0.110179 0.794273 0.418662
-0.110463 0.793770 0.418685
-0.110694 0.793500 0.418675
-0.110552 0.793374 0.418695
-0.110552 0.793187 0.418704
-0.110067 0.792871 0.418770
-0.110198 0.792391 0.418798
-0.110327 0.791881 0.418809
-0.110090 0.791652 0.418846
-0.110134 0.791315 0.418859
-0.110014 0.790904 0.418898
-0.109651 0.790558 0.418947
-0.109510 0.790304 0.418979
-0.109389 0.789993 0.419014
-0.109081 0.789605 0.419065
-0.108647 0.789162 0.419144
-0.109009 0.788814 0.419132
-0.108837 0.788586 0.419169
-0.109019 0.788201 0.419162
-0.108797 0.788021 0.419204
-0.108526 0.787743 0.419252
-0.108261 0.787470 0.419301
-0.108241 0.787108 0.419330
-0.108170 0.787021 0.419343
-0.109800 0.785711 0.419383
-0.110258 0.785267 0.419408
-0.112372 0.783566 0.419490
-0.112974 0.782981 0.419525
-0.115495 0.780605 0.419727
-0.115698 0.780202 0.419786
-0.117387 0.778495 0.419943
-0.117946 0.776864 0.420199
-0.117521 0.776120 0.420269
-0.116757 0.775651 0.420352
-0.115948 0.775073 0.420426
-0.115140 0.774649 0.420489
-0.114838 0.774094 0.420524
-0.114545 0.773923 0.420556
-0.114220 0.773536 0.420585
-0.113674 0.773207 0.420627
-0.113696 0.772807 0.420636
-0.113364 0.772513 0.420670
-0.113327 0.772113 0.420686
-0.113267 0.771699 0.420703
-0.112226 0.771426 0.420776
-0.112251 0.771067 0.420797
-0.112110 0.770706 0.420817
-0.112125 0.770599 0.420819
-0.113828 0.769303 0.420923
-0.114464 0.768826 0.420949
-0.116742 0.767142 0.421095
-0.117141 0.766681 0.421161
-0.119243 0.764929 0.421348
-0.119862 0.764391 0.421409
-0.122151 0.762570 0.421613
-0.122698 0.761991 0.421682
-0.124785 0.759994 0.421919
-0.125320 0.757960 0.422156
-0.124926 0.757563 0.422163
-0.124380 0.757272 0.422180
-0.124366 0.757269 0.422185
-0.124559 0.757203 0.422190
-0.124448 0.757338 0.422208
-0.124445 0.757322 0.422216
-0.124676 0.757273 0.422224
-0.124817 0.757159 0.422230
-0.124917 0.757080 0.422244
-0.124908 0.756999 0.422251
-0.125003 0.756851 0.422266
-0.125027 0.756749 0.422273
-0.125319 0.756474 0.422283
-0.125450 0.756350 0.422290
-0.125797 0.756099 0.422314
-0.125871 0.756010 0.422318
-0.125994 0.755951 0.422336
-0.126298 0.755686 0.422359
-0.126484 0.755584 0.422367
-0.126463 0.755445 0.422368
-0.126175 0.755084 0.422391
-0.126005 0.754670 0.422411
-0.125806 0.754535 0.422418
-0.125474 0.754233 0.422436
-0.125533 0.753734 0.422438
-0.125378 0.753181 0.422447
-0.125183 0.752834 0.422455
-0.124930 0.752649 0.422478
-0.124835 0.752498 0.422491
-0.125726 0.751758 0.422586
-0.126938 0.750606 0.422747
-0.128149 0.749546 0.422878
-0.130754 0.747234 0.423160
-0.130737 0.746412 0.423215
-0.130001 0.745795 0.423216
-0.129444 0.745436 0.423231
-0.129717 0.744696 0.423230
-0.129389 0.744330 0.423245
-0.128818 0.743999 0.423251
-0.128069 0.743864 0.423260
-0.128078 0.743233 0.423262
-0.128109 0.742841 0.423269
-0.128262 0.742247 0.423279
-0.127477 0.742040 0.423290
-0.127868 0.741647 0.423303
-0.127476 0.741310 0.423310
-0.126797 0.741047 0.423313
-0.127137 0.740787 0.423341
-0.127230 0.740452 0.423344
-0.127358 0.740079 0.423354
-0.127348 0.739611 0.423362
-0.127151 0.739198 0.423367
-0.126868 0.738853 0.423372
-0.126347 0.738681 0.423376
-0.125772 0.738527 0.423391
-0.126056 0.737670 0.423400
-0.126000 0.737587 0.423409
-0.125883 0.737364 0.423439
-0.125897 0.737227 0.423450
-0.126138 0.736833 0.423483
-0.126056 0.736665 0.423506
-0.126177 0.736189 0.423547
-0.126118 0.736042 0.423570
-0.126084 0.735659 0.423615
-0.126044 0.735438 0.423641
-0.125981 0.734986 0.423689
-0.125989 0.734747 0.423715
-0.126334 0.734163 0.423757
-0.126392 0.733895 0.423782
-0.126600 0.733283 0.423825
-0.126646 0.732987 0.423844
-0.126524 0.732557 0.423882
-0.126256 0.731482 0.423960
-0.125777 0.730547 0.423997
-0.125291 0.729771 0.424002
-0.124896 0.728826 0.423997
-0.124246 0.728170 0.423999
-0.123983 0.727653 0.424002
-0.123212 0.727094 0.424022
-0.122992 0.726312 0.424027
-0.122605 0.726041 0.424035
-0.123421 0.725158 0.424057
-0.124507 0.723590 0.424103
-0.125646 0.722406 0.424130
-0.126640 0.721337 0.424162
-0.127191 0.720528 0.424159
-0.127480 0.719888 0.424150
-0.127450 0.718910 0.424099
-0.127407 0.718484 0.424075
-0.127345 0.717718 0.423997
-0.127253 0.717349 0.423977
-0.128002 0.716349 0.423996
-0.128679 0.715443 0.424002
-0.129129 0.714703 0.423994
-0.129492 0.713683 0.423932
-0.129354 0.713283 0.423913
-0.129038 0.712348 0.423817
-0.129019 0.712018 0.423796
-0.128863 0.711441 0.423730
-0.128787 0.711204 0.423708
-0.128612 0.711042 0.423676
-0.128471 0.710813 0.423653
-0.128271 0.710367 0.423581
-0.128115 0.710124 0.423562
-0.127903 0.709614 0.423495
-0.127705 0.709387 0.423481
-0.127536 0.708917 0.423411
-0.127410 0.708604 0.423394
-0.127006 0.708069 0.423327
-0.126873 0.707729 0.423303
-0.126760 0.707379 0.423261
-0.127550 0.706427 0.423265
-0.128452 0.705428 0.423280
-0.129202 0.704561 0.423259
-0.130471 0.703277 0.423287
-0.131474 0.702241 0.423323
-0.133139 0.700714 0.423378
-0.134542 0.699490 0.423405
-0.135413 0.698506 0.423415
-0.136842 0.697027 0.423461
-0.137995 0.695824 0.423488
-0.138764 0.694903 0.423495
-0.139393 0.693805 0.423452
-0.139691 0.692337 0.423393
-0.139722 0.691246 0.423370
-0.139258 0.690801 0.423362
-0.138893 0.690086 0.423360
-0.138219 0.689437 0.423352
-0.137632 0.688035 0.423336
-0.137424 0.686890 0.423331
-0.136711 0.685671 0.423310
-0.136511 0.684465 0.423311
-0.136255 0.683413 0.423302
-0.136325 0.681837 0.423282
-0.135709 0.680931 0.423268
-0.135020 0.680047 0.423252
-0.135099 0.678519 0.423249
-0.134975 0.677977 0.423246
-0.134829 0.677808 0.423227
-0.134300 0.677522 0.423205
-0.134128 0.677259 0.423172
-0.134028 0.676640 0.423127
-0.134006 0.676398 0.423087
-0.134029 0.675854 0.423032
-0.133879 0.675718 0.422999
-0.134633 0.674871 0.423025
-0.135417 0.673902 0.423068
-0.136006 0.673083 0.423067
-0.136377 0.671980 0.423054
-0.136507 0.671455 0.423020
-0.136580 0.670388 0.422982
-0.136502 0.670043 0.422942
-0.136282 0.669420 0.422886
-0.136188 0.669152 0.422838
-0.135798 0.668752 0.422778
-0.135706 0.668611 0.422733
-0.135612 0.668461 0.422701
-0.136414 0.667563 0.422737
-0.137277 0.666592 0.422781
-0.138231 0.665204 0.422776
-0.138383 0.664659 0.422772
-0.138188 0.663341 0.422697
-0.138018 0.663003 0.422691
-0.137781 0.662273 0.422623
-0.137273 0.660417 0.422533
-0.136759 0.658853 0.422499
-0.135506 0.656939 0.422453
-0.134362 0.654269 0.422384
-0.133207 0.653093 0.422313
-0.132673 0.651640 0.422285
-0.132492 0.650366 0.422235
-0.131663 0.649190 0.422196
-0.131442 0.648028 0.422172
-0.131108 0.646930 0.422156
-0.130695 0.645165 0.422127
-0.130767 0.644800 0.422127
-0.132666 0.642906 0.422251
-0.133336 0.642060 0.422296
-0.135638 0.639730 0.422476
-0.136854 0.638030 0.422584
-0.137105 0.637434 0.422577
-0.137067 0.636667 0.422573
-0.137045 0.636506 0.422571
-0.136791 0.636394 0.422525
-0.136785 0.636129 0.422510
-0.136898 0.635395 0.422450
-0.136928 0.635075 0.422431
-0.137067 0.634444 0.422364
-0.137201 0.634062 0.422343
-0.137118 0.633695 0.422278
-0.137056 0.633430 0.422258
-0.137210 0.632299 0.422178
-0.137045 0.631977 0.422164
-0.136762 0.631284 0.422094
-0.136634 0.630911 0.422076
-0.136411 0.629906 0.422010
-0.136299 0.629420 0.421978
-0.135687 0.628609 0.421859
-0.135523 0.628381 0.421825
-0.135160 0.628002 0.421731
-0.135028 0.627607 0.421698
-0.134974 0.626467 0.421608
-0.134822 0.625962 0.421579
-0.134355 0.625060 0.421492
-0.134073 0.624583 0.421461
-0.133463 0.623628 0.421368
-0.133245 0.622943 0.421325
-0.132834 0.621790 0.421219
-0.132678 0.621269 0.421177
-0.132234 0.620531 0.421065
-0.131980 0.620082 0.421024
-0.131192 0.619779 0.420907
-0.131763 0.618745 0.420921
-0.132402 0.617742 0.420958
-0.133100 0.616164 0.420932
-0.133169 0.615481 0.420918
-0.132888 0.614766 0.420829
-0.132905 0.613813 0.420765
-0.132915 0.613327 0.420714
-0.132789 0.612538 0.420647
-0.132631 0.612195 0.420593
-0.132129 0.611679 0.420510
-0.132037 0.611263 0.420452
-0.131585 0.610549 0.420358
-0.131416 0.610248 0.420292
-0.131163 0.609667 0.420200
-0.131029 0.609303 0.420144
-0.130480 0.608277 0.419991
-0.129994 0.607363 0.419904
-0.129813 0.606742 0.419847
-0.130647 0.605792 0.419904
-0.131727 0.604487 0.420017
-0.132877 0.603502 0.420114
-0.135560 0.600697 0.420344
-0.135979 0.599313 0.420368
-0.135832 0.598410 0.420361
-0.135480 0.597480 0.420336
-0.135125 0.596972 0.420304
-0.135080 0.596223 0.420273
-0.135005 0.595429 0.420267
-0.134659 0.594486 0.420252
-0.134410 0.593690 0.420227
-0.134442 0.592853 0.420222
-0.134214 0.591794 0.420204
-0.134055 0.591264 0.420187
-0.133897 0.590877 0.420174
-0.133830 0.590436 0.420158
-0.133673 0.590175 0.420152
-0.133774 0.589221 0.420145
-0.133571 0.588333 0.420143
-0.133651 0.587458 0.420148
-0.133361 0.586741 0.420138
-0.133243 0.585589 0.420133
-0.134072 0.584618 0.420207
-0.135371 0.583112 0.420345
-0.136571 0.581962 0.420456
-0.138407 0.580044 0.420645
-0.139844 0.578671 0.420781
-0.142995 0.576046 0.421132
-0.143726 0.575587 0.421197
-0.143689 0.575369 0.421240
-0.143683 0.575030 0.421250
-0.143668 0.574376 0.421248
-0.143640 0.574187 0.421248
-0.143645 0.573483 0.421202
-0.143660 0.573012 0.421188
-0.143626 0.572285 0.421124
-0.143543 0.571981 0.421105
-0.143278 0.571715 0.421024
-0.143170 0.571578 0.420997
-0.142998 0.571106 0.420914
-0.142988 0.570716 0.420884
-0.143076 0.569687 0.420804
-0.142933 0.569317 0.420778
-0.142717 0.568664 0.420684
-0.142673 0.568057 0.420655
-0.142610 0.566686 0.420568
-0.142420 0.566142 0.420536
-0.142025 0.565228 0.420431
-0.141815 0.564723 0.420390
-0.141514 0.563424 0.420277
-0.141356 0.562821 0.420232
-0.141142 0.561699 0.420120
-0.140956 0.561278 0.420074
-0.141672 0.560096 0.420120
-0.142304 0.558963 0.420153
-0.142672 0.558199 0.420163
-0.143792 0.556840 0.420247
-0.144709 0.555609 0.420335
-0.145799 0.553733 0.420382
-0.145991 0.553072 0.420385
-0.146128 0.552282 0.420328
-0.146117 0.551930 0.420310
-0.146144 0.551303 0.420232
-0.146094 0.551053 0.420205
-0.145961 0.550732 0.420112
-0.145903 0.550395 0.420078
-0.145767 0.549907 0.419973
-0.145328 0.549259 0.419825
-0.145227 0.548626 0.419792
-0.145209 0.547046 0.419764
-0.144772 0.545681 0.419709
-0.144411 0.544611 0.419654
-0.144277 0.543400 0.419615
-0.143992 0.542353 0.419580
-0.144011 0.541867 0.419573
-0.145696 0.539607 0.419751
-0.146200 0.538866 0.419813
-0.148248 0.536781 0.420058
-0.148909 0.536228 0.420143
-0.151147 0.534448 0.420430
-0.153116 0.532575 0.420693
-0.153937 0.531160 0.420804
-0.154303 0.529219 0.420915
-0.154056 0.528235 0.420930
-0.153734 0.528282 0.420920
-0.153784 0.528102 0.420931
-0.153841 0.527728 0.420956
-0.153926 0.527627 0.420977
-0.154292 0.526836 0.421034
-0.154458 0.526605 0.421061
-0.154737 0.526037 0.421119
-0.154843 0.525952 0.421145
-0.155090 0.525688 0.421196
-0.155381 0.525310 0.421235
-0.155889 0.524296 0.421313
-0.156125 0.523855 0.421344
-0.156420 0.523239 0.421404
-0.156619 0.522799 0.421434
-0.156914 0.521771 0.421488
-0.157016 0.521669 0.421507
-0.157301 0.521093 0.421569
-0.157414 0.520887 0.421587
-0.157814 0.519579 0.421665
-0.157676 0.518810 0.421699
-0.157533 0.518102 0.421719
-0.157383 0.517669 0.421711
-0.157434 0.516548 0.421712
-0.157504 0.515285 0.421708
-0.157048 0.514727 0.421672
-0.156850 0.513235 0.421633
-0.156434 0.512439 0.421585
-0.156421 0.512113 0.421583
-0.156278 0.511731 0.421515
-0.156176 0.511678 0.421486
-0.156061 0.511564 0.421393
-0.156051 0.511041 0.421343
-0.155945 0.510666 0.421256
-0.155860 0.510485 0.421224
-0.155712 0.510139 0.421123
-0.155698 0.509748 0.421091
-0.156388 0.508750 0.421044
-0.157097 0.507868 0.420993
-0.158383 0.506340 0.420939
-0.159456 0.505059 0.420916
-0.160623 0.503911 0.420849
-0.161008 0.503525 0.420839
-0.161505 0.502800 0.420793
-0.161659 0.502424 0.420781
-0.161781 0.501864 0.420714
-0.161795 0.501672 0.420695
-0.161805 0.501524 0.419781
-0.161732 0.501335 0.418998
-0.161674 0.501172 0.418498
-0.161621 0.500978 0.417288
-0.161585 0.500759 0.416349
-0.161541 0.500487 0.414860
-0.161488 0.500116 0.413747
-0.161325 0.499434 0.412553
-0.161357 0.498915 0.412266
-0.161288 0.498207 0.411922
-0.161241 0.497826 0.411833
-0.161084 0.497305 0.411681
-0.160984 0.496903 0.411639
-0.160717 0.496230 0.411527
-0.160610 0.496041 0.411490
-0.160408 0.495626 0.411383
-0.160332 0.495170 0.411351
-0.160997 0.494032 0.411291
-0.161602 0.493260 0.411222
-0.162788 0.491836 0.411142
-0.163825 0.490538 0.411102
-0.164491 0.489766 0.411048
-0.164979 0.489119 0.411014
-0.165295 0.488724 0.410965
-0.165637 0.488202 0.410907
-0.165721 0.487897 0.410866
-0.165750 0.487606 0.410819
-0.165739 0.487406 0.410774
-0.165698 0.487047 0.410717
-0.165641 0.486951 0.410668
-0.165588 0.486721 0.410629
-0.165470 0.486446 0.410525
-0.165421 0.486337 0.410494
-0.165349 0.486032 0.410399
-0.165335 0.485728 0.410369
-0.165290 0.485193 0.410268
-0.165257 0.484966 0.410238
-0.165180 0.484510 0.410147
-0.165136 0.484208 0.410113
-0.165050 0.483560 0.410009
-0.164921 0.483185 0.409950
-0.164780 0.482979 0.409853
-0.164719 0.482829 0.409817
-0.164627 0.482552 0.409717
-0.164587 0.482397 0.409683
-0.164546 0.482212 0.409627
-0.165230 0.481277 0.409548
-0.165885 0.480518 0.409503
-0.167037 0.479316 0.409443
-0.168093 0.478148 0.409389
-0.168874 0.477180 0.409359
-0.170113 0.475673 0.409310
-0.171142 0.474451 0.409259
-0.172598 0.472754 0.409197
-0.173831 0.471424 0.409170
-0.175422 0.469708 0.409123
-0.175895 0.469436 0.409120
-0.176544 0.469195 0.409085
-0.176921 0.469066 0.409088
-0.177027 0.469198 0.409068
-0.177225 0.469195 0.409058
-0.177279 0.469289 0.409030
-0.177376 0.469307 0.409002
-0.177424 0.469254 0.408970
-0.177498 0.469107 0.408950
-0.177524 0.468966 0.408031
-0.177517 0.468729 0.407273
-0.177513 0.468434 0.406769
-0.177457 0.468230 0.405535
-0.177383 0.467961 0.404575
-0.177343 0.467662 0.403939
-0.177236 0.467474 0.402620
-0.177132 0.467243 0.401610
-0.176979 0.467006 0.400061
-0.176859 0.466766 0.398883
-0.176786 0.466396 0.398142
-0.176615 0.465575 0.397331
-0.176521 0.465301 0.397135
-0.176293 0.464873 0.396874
-0.176156 0.463848 0.396770
-0.175947 0.463421 0.396659
-0.175616 0.462607 0.396576
-0.175362 0.461467 0.396553
-0.175331 0.461243 0.396544
-0.175295 0.460577 0.396536
-0.175300 0.460229 0.396539
-0.175176 0.459011 0.396545
-0.175069 0.458396 0.396558
-0.175157 0.458248 0.396577
-0.175311 0.458260 0.396595
-0.176614 0.456753 0.396510
-0.177922 0.456076 0.396497
-0.179447 0.454614 0.396418
-0.181531 0.454429 0.396444
-0.181954 0.453939 0.396462
-0.182352 0.453987 0.396522
-0.182535 0.454138 0.396560
-0.182777 0.454206 0.396593
-0.183045 0.454088 0.396635
-0.183179 0.454150 0.396653
-0.183852 0.453387 0.396603
-0.184961 0.452439 0.396555
-0.185957 0.451438 0.396494
-0.187599 0.450256 0.396451
-0.188745 0.449249 0.396392
-0.191543 0.447408 0.396353
-0.192866 0.448368 0.396398
-0.193814 0.449366 0.396467
-0.194783 0.450617 0.396552
-0.195413 0.451134 0.396613
-0.195889 0.451610 0.396652
-0.196360 0.452160 0.396701
-0.196673 0.452267 0.396734
-0.197346 0.451386 0.396681
-0.198555 0.450260 0.396632
-0.199558 0.449290 0.396562
-0.201186 0.447663 0.396515
-0.202280 0.446457 0.396443
-0.205085 0.444383 0.396359
-0.206567 0.444824 0.396351
-0.207457 0.445322 0.396375
-0.208213 0.445700 0.396419
-0.208853 0.446787 0.396421
-0.209477 0.446557 0.396477
-0.209860 0.446643 0.396488
-0.210343 0.446979 0.396498
-0.210762 0.447510 0.396497
-0.211046 0.447340 0.396513
-0.211619 0.446376 0.396452
-0.212699 0.445107 0.396387
-0.213599 0.443937 0.396306
-0.215032 0.442331 0.396206
-0.216098 0.441222 0.396117
-0.217066 0.440505 0.396043
-0.218360 0.439343 0.395921
-0.221895 0.437435 0.395710
-0.224245 0.438540 0.395610
-0.225664 0.439209 0.395576
-0.226927 0.439909 0.395533
-0.227698 0.440202 0.395505
-0.228523 0.440675 0.395467
-0.229381 0.441239 0.395426
-0.229991 0.441774 0.395378
-0.230629 0.441637 0.395373
-0.231356 0.442513 0.395308
-0.231856 0.442494 0.395295
-0.232291 0.442581 0.395285
-0.232733 0.442520 0.395261
-0.233263 0.442868 0.395222
-0.233397 0.442959 0.395219
-0.233656 0.443212 0.395187
-0.233832 0.443305 0.395183
-0.234120 0.443359 0.395168
-0.234267 0.443399 0.395159
-0.234581 0.443501 0.395135
-0.234742 0.443515 0.395133
-0.235009 0.443391 0.395125
-0.235165 0.443436 0.395111
-0.235371 0.443217 0.395102
-0.235483 0.443169 0.395098
-0.235641 0.442937 0.395086
-0.235726 0.442892 0.395079
-0.236274 0.441883 0.395002
-0.236802 0.440888 0.394931
-0.237666 0.439173 0.394802
-0.238427 0.437885 0.394695
-0.239458 0.436155 0.394543
-0.240377 0.434781 0.394418
-0.241129 0.433927 0.394315
-0.242348 0.433292 0.394153
-0.242915 0.433218 0.394099
-0.243799 0.433148 0.394011
-0.244237 0.433377 0.393964
-0.244983 0.433651 0.393885
-0.245315 0.433553 0.393862
-0.245835 0.433426 0.393803
-0.246100 0.433483 0.393771
-0.246376 0.433570 0.393733
-0.246626 0.433627 0.393700
-0.247096 0.433699 0.393635
-0.247352 0.433731 0.393607
-0.247789 0.433687 0.393546
-0.248032 0.433807 0.393512
-0.248390 0.433888 0.393442
-0.248582 0.433915 0.393417
-0.248967 0.434060 0.393362
-0.249185 0.434109 0.393335
-0.249594 0.434117 0.393280
-0.249787 0.434201 0.393252
-0.250065 0.434104 0.393197
-0.250201 0.434033 0.393179
-0.250461 0.433778 0.393152
-0.250613 0.433867 0.393128
-0.250870 0.433906 0.393071
-0.251080 0.433984 0.393046
-0.251401 0.433957 0.392999
-0.251588 0.434025 0.392973
-0.251847 0.434001 0.392923
-0.252007 0.433926 0.392905
-0.252175 0.433810 0.392886
-0.252766 0.432795 0.392791
-0.253397 0.431975 0.392697
-0.253905 0.431494 0.392608
-0.254725 0.430110 0.392475
-0.255507 0.428971 0.392341
-0.256129 0.428171 0.392228
-0.257138 0.427437 0.392052
-0.257603 0.427281 0.391984
-0.258326 0.427310 0.391838
-0.258703 0.427386 0.391783
-0.259408 0.427381 0.391676
-0.259761 0.427542 0.391619
-0.260401 0.427629 0.391520
-0.260727 0.427684 0.391473
-0.261255 0.427504 0.391403
-0.261530 0.427663 0.391341
-0.262018 0.427828 0.391230
-0.262275 0.427818 0.391181
-0.262687 0.427671 0.391111
-0.262889 0.427621 0.391079
-0.263204 0.427383 0.391029
-0.263357 0.427306 0.391001
-0.263658 0.427240 0.390927
-0.263817 0.427228 0.390884
-0.264142 0.427252 0.390793
-0.264322 0.427372 0.390752
-0.264644 0.427573 0.390673
-0.264862 0.427705 0.390638
-0.265333 0.427779 0.390564
-0.265546 0.427765 0.390529
-0.265834 0.427690 0.390461
-0.266049 0.427739 0.390426
-0.266399 0.427572 0.390359
-0.267171 0.427593 0.390199
-0.268027 0.428391 0.389965
-0.269227 0.428873 0.389726
-0.270011 0.429006 0.389611
-0.270883 0.429667 0.389393
-0.271830 0.430063 0.389234
-0.272599 0.430881 0.389066
-0.273169 0.429951 0.388955
-0.274303 0.428510 0.388745
-0.275030 0.426807 0.388625
-0.277599 0.423787 0.388126
-0.279176 0.423713 0.387808
-0.280794 0.424081 0.387454
-0.281837 0.424334 0.387165
-0.282121 0.424358 0.387125
-0.283346 0.422508 0.386885
-0.283918 0.421850 0.386793
-0.285597 0.419243 0.386471
-0.288957 0.418059 0.385630
-0.290559 0.418140 0.385199
-0.292428 0.419219 0.384618
-0.293825 0.419529 0.384330
-0.295449 0.420278 0.383895
-0.296851 0.421071 0.383560
-0.298585 0.421873 0.383142
-0.299887 0.422521 0.382756
-0.301010 0.422844 0.382489
-0.302153 0.423468 0.382183
-0.303568 0.424531 0.381797
-0.305502 0.425887 0.381219
-0.306908 0.426113 0.380998
-0.308308 0.426722 0.380591
-0.309451 0.427314 0.380308
-0.311479 0.427986 0.379835
-0.313579 0.428442 0.379374
-0.315058 0.429105 0.379019
-0.317061 0.429604 0.378519
-0.318311 0.430073 0.378119
-0.319219 0.430160 0.377903
-0.319777 0.429158 0.377761
-0.320335 0.428285 0.377631
-0.321720 0.425233 0.377326
-0.323741 0.423060 0.376764
-0.325503 0.421972 0.376524
-0.327049 0.421908 0.376141
-0.328412 0.421821 0.375823
-0.330216 0.422185 0.375356
-0.331249 0.422031 0.375123
-0.332249 0.422238 0.374859
-0.332660 0.422232 0.374783
-0.333807 0.420207 0.374482
-0.334372 0.419517 0.374365
-0.335722 0.416628 0.374027
-0.338321 0.414962 0.373306
-0.340289 0.414754 0.372725
-0.341516 0.414963 0.372297
-0.342383 0.415348 0.371927
-0.343366 0.415337 0.371673
-0.344347 0.415107 0.371388
-0.345160 0.415160 0.371206
-0.345953 0.415308 0.371114
-0.346563 0.415463 0.371019
-0.347174 0.415467 0.370894
-0.347583 0.415664 0.370744
-0.348027 0.415813 0.370635
-0.348740 0.415661 0.370700
-0.349234 0.416076 0.370476
-0.349846 0.416419 0.370323
-0.350545 0.416502 0.370234
-0.351022 0.416456 0.370144
-0.351373 0.416487 0.370063
-0.352251 0.416162 0.369980
-0.352357 0.416214 0.369994
-0.352366 0.416396 0.369042
-0.352372 0.416509 0.368251
-0.352276 0.416772 0.365809
-0.352304 0.416952 0.365212
-0.352152 0.417331 0.363073
-0.352193 0.417603 0.362420
-0.352592 0.417581 0.363095
-0.352815 0.417746 0.363756
-0.353112 0.418006 0.364126
-0.353563 0.418152 0.364342
-0.353657 0.418539 0.364338
-0.354199 0.418517 0.364510
-0.354779 0.418303 0.364511
-0.355187 0.418253 0.364367
-0.355832 0.418339 0.364372
-0.356686 0.418531 0.364388
-0.357582 0.418352 0.364297
-0.358415 0.418215 0.364370
-0.358848 0.418269 0.364412
-0.359290 0.418468 0.364336
-0.359854 0.418339 0.364254
-0.360630 0.418147 0.364321
-0.361273 0.418260 0.364417
-0.362107 0.418270 0.364370
-0.362610 0.418368 0.364290
-0.362978 0.418646 0.364193
-0.363604 0.418777 0.364119
-0.364373 0.418583 0.364294
-0.365020 0.418897 0.364064
-0.365273 0.419234 0.363952
-0.365906 0.419289 0.363857
-0.366254 0.419420 0.363633
-0.366770 0.419294 0.363639
-0.367296 0.419432 0.363597
-0.367715 0.419138 0.363671
-0.368169 0.419089 0.363622
-0.368265 0.419028 0.363607
-0.368413 0.418905 0.363584
-0.368731 0.418608 0.363586
-0.368941 0.418491 0.363621
-0.369213 0.418322 0.363651
-0.369587 0.418009 0.363664
-0.369712 0.417971 0.363569
-0.370052 0.417940 0.363435
-0.370184 0.417857 0.363378
-0.370580 0.417881 0.363228
-0.370736 0.417702 0.363200
-0.371101 0.417314 0.363236
-0.371176 0.417078 0.363218
-0.371397 0.416744 0.363150
-0.371555 0.416538 0.363118
-0.371929 0.416399 0.362868
-0.372404 0.416499 0.362768
-0.372809 0.416348 0.362816
-0.373040 0.416526 0.362829
-0.373705 0.416548 0.362729
-0.374377 0.416737 0.362671
-0.374787 0.416299 0.362831
-0.375261 0.416284 0.362787
-0.376108 0.416240 0.362780
-0.376362 0.416149 0.362876
-0.376721 0.416295 0.362813
-0.377264 0.416333 0.362790
-0.377960 0.416729 0.362868
-0.378822 0.416772 0.362795
-0.379181 0.416788 0.362893
-0.379549 0.416683 0.362941
-0.379916 0.416857 0.363080
-0.380341 0.416933 0.363008
-0.380961 0.416901 0.363123
-0.381863 0.417148 0.363128
-0.382660 0.417188 0.362991
-0.383190 0.417294 0.362981
-0.383805 0.417400 0.362966
-0.384208 0.417515 0.362999
-0.384754 0.417474 0.363077
-0.385229 0.417315 0.362929
-0.385663 0.417306 0.363059
-0.385900 0.416124 0.363021
-0.386264 0.415010 0.362990
-0.387026 0.411700 0.362776
-0.388027 0.409460 0.362781
-0.389093 0.408649 0.362818
-0.389771 0.408923 0.362776
-0.390422 0.408802 0.362812
-0.391092 0.409026 0.362898
-0.391564 0.409260 0.362808
-0.392268 0.409489 0.362537
-0.392916 0.409435 0.362681
-0.393414 0.409480 0.362728
-0.393922 0.409506 0.362730
-0.394287 0.409700 0.362792
-0.394883 0.409755 0.362705
-0.395177 0.409828 0.362572
-0.395680 0.409994 0.362454
-0.396253 0.409997 0.362522
-0.396766 0.409879 0.362611
-0.397062 0.409949 0.362599
-0.397164 0.411210 0.362625
-0.397267 0.412219 0.362583
-0.397351 0.414018 0.362550
-0.397657 0.417401 0.362413
-0.398318 0.418320 0.362566
-0.398870 0.418281 0.363010
-0.399539 0.418206 0.363154
-0.400214 0.418184 0.362994
-0.400789 0.418219 0.362965
-0.401269 0.418450 0.362962
-0.401606 0.418541 0.362917
-0.402126 0.418426 0.363051
-0.402567 0.418622 0.362998
-0.402958 0.418702 0.362891
-0.403546 0.418805 0.362866
-0.404140 0.418530 0.362950
-0.404764 0.418550 0.362899
-0.405399 0.418552 0.362868
-0.405721 0.418613 0.362927
-0.405967 0.418526 0.363131
-0.406409 0.418449 0.363155
-0.407021 0.418480 0.363084
-0.407645 0.418194 0.363095
-0.408242 0.418299 0.362858
-0.408621 0.418284 0.362955
-0.409066 0.418542 0.362894
-0.409482 0.418250 0.363109
-0.410080 0.418452 0.362896
-0.410424 0.418399 0.362983
