-0.080727 0.886065 0.407064
-0.082054 0.886044 0.406988
-0.082126 0.886009 0.406987
-0.082926 0.885891 0.406951
-0.083791 0.885538 0.406966
-0.084661 0.885210 0.406984
-0.085713 0.884574 0.407094
-0.086709 0.884005 0.407131
-0.088027 0.883075 0.407257
-0.089160 0.882295 0.407334
-0.090571 0.880213 0.407781
-0.089773 0.878990 0.408162
-0.088919 0.878014 0.408428
-0.088002 0.877040 0.408667
-0.087584 0.876173 0.408796
-0.087124 0.875655 0.408922
-0.086677 0.875050 0.409035
-0.086500 0.874507 0.409107
-0.086379 0.874202 0.409151
-0.086438 0.874098 0.409158
-0.086609 0.873861 0.409165
-0.086721 0.873756 0.409169
-0.086927 0.873452 0.409191
-0.087045 0.873361 0.409194
-0.087197 0.873194 0.409217
-0.087346 0.873112 0.409219
-0.087660 0.872857 0.409223
-0.088580 0.872323 0.409233
-0.089413 0.871824 0.409262
-0.090035 0.871402 0.409293
-0.091318 0.870585 0.409346
-0.092269 0.869864 0.409425
-0.093113 0.868345 0.409692
-0.093126 0.867944 0.409766
-0.093243 0.867561 0.409823
-0.094168 0.866723 0.409896
-0.095044 0.865929 0.409973
-0.095820 0.864699 0.410142
-0.095871 0.864195 0.410229
-0.096686 0.863254 0.410336
-0.097459 0.862398 0.410447
-0.097834 0.861044 0.410681
-0.097845 0.860470 0.410776
-0.098692 0.859443 0.410892
-0.099387 0.858481 0.411014
-0.099987 0.856974 0.411245
-0.099843 0.855804 0.411454
-0.099338 0.854458 0.411708
-0.099068 0.854050 0.411781
-0.098571 0.853339 0.411914
-0.098041 0.852654 0.412040
-0.097666 0.852070 0.412143
-0.097389 0.851797 0.412199
-0.097005 0.851262 0.412294
-0.096850 0.850987 0.412337
-0.096704 0.850313 0.412446
-0.096620 0.850090 0.412476
-0.096499 0.849502 0.412556
-0.096342 0.849174 0.412607
-0.096426 0.848737 0.412658
-0.096382 0.848598 0.412677
-0.096459 0.848104 0.412734
-0.097336 0.847483 0.412773
-0.098064 0.846902 0.412830
-0.098686 0.846070 0.412948
-0.098822 0.845732 0.412996
-0.099055 0.845151 0.413078
-0.099013 0.844891 0.413119
-0.099075 0.844419 0.413180
-0.099030 0.844224 0.413214
-0.099868 0.843482 0.413273
-0.100734 0.842790 0.413336
-0.101291 0.841821 0.413480
-0.101468 0.841395 0.413539
-0.101551 0.840681 0.413645
-0.101561 0.840352 0.413691
-0.101595 0.839723 0.413773
-0.102397 0.838895 0.413846
-0.103062 0.838103 0.413929
-0.103791 0.836914 0.414074
-0.103888 0.836410 0.414140
-0.103882 0.835577 0.414261
-0.103726 0.835244 0.414321
-0.103596 0.834942 0.414377
-0.104318 0.834104 0.414469
-0.104937 0.833328 0.414565
-0.105530 0.832129 0.414729
-0.105386 0.831197 0.414867
-0.105293 0.830787 0.414927
-0.104739 0.829735 0.415094
-0.105382 0.828898 0.415185
-0.105983 0.828112 0.415276
-0.106518 0.826883 0.415436
-0.106241 0.826008 0.415582
-0.106123 0.825591 0.415642
-0.105558 0.824509 0.415797
-0.105411 0.824223 0.415843
-0.106145 0.823395 0.415932
-0.106778 0.822608 0.416026
-0.107120 0.821148 0.416259
-0.107183 0.820698 0.416304
-0.107014 0.819725 0.416434
-0.106931 0.819436 0.416469
-0.106935 0.819174 0.416499
-0.107821 0.818366 0.416579
-0.109196 0.816910 0.416734
-0.109627 0.815746 0.416892
-0.109520 0.815472 0.416936
-0.109461 0.814471 0.417050
-0.109247 0.814284 0.417081
-0.110036 0.813497 0.417163
-0.110783 0.812788 0.417256
-0.111472 0.811288 0.417451
-0.111409 0.810929 0.417503
-0.110941 0.809977 0.417624
-0.110735 0.809473 0.417688
-0.110527 0.809079 0.417739
-0.110544 0.808870 0.417759
-0.111404 0.808095 0.417846
-0.112194 0.807336 0.417935
-0.113322 0.805564 0.418137
-0.113158 0.805311 0.418170
-0.112756 0.804608 0.418259
-0.112650 0.804434 0.418279
-0.112665 0.804213 0.418297
-0.113586 0.803396 0.418386
-0.114412 0.802657 0.418478
-0.115325 0.801094 0.418692
-0.115288 0.800836 0.418714
-0.115066 0.800295 0.418772
-0.115025 0.800070 0.418788
-0.115104 0.799435 0.418829
-0.115081 0.799235 0.418845
-0.115326 0.798828 0.418871
-0.115301 0.798511 0.418900
-0.115277 0.798314 0.418928
-0.115333 0.797827 0.418957
-0.115444 0.797675 0.418961
-0.115633 0.797391 0.418974
-0.115685 0.797307 0.418983
-0.116663 0.796608 0.419067
-0.117580 0.796002 0.419149
-0.119023 0.794950 0.419286
-0.119023 0.794761 0.419317
-0.119189 0.794305 0.419376
-0.119136 0.794227 0.419389
-0.119079 0.794068 0.419415
-0.119105 0.793852 0.419433
-0.119420 0.793585 0.419442
-0.119441 0.793497 0.419451
-0.119533 0.793388 0.419457
-0.120496 0.792668 0.419547
-0.121424 0.792017 0.419636
-0.122132 0.791502 0.419698
-0.123493 0.790481 0.419831
-0.124542 0.789582 0.419955
-0.125933 0.788284 0.420096
-0.126073 0.787905 0.420153
-0.126231 0.787332 0.420219
-0.126046 0.787000 0.420267
-0.126044 0.786599 0.420307
-0.125975 0.786484 0.420319
-0.125859 0.786415 0.420337
-0.126724 0.785702 0.420440
-0.128226 0.784485 0.420602
-0.128686 0.784105 0.420646
-0.129930 0.783179 0.420772
-0.130868 0.782426 0.420900
-0.131954 0.781458 0.421046
-0.132162 0.781089 0.421090
-0.132589 0.780234 0.421177
-0.132724 0.780077 0.421178
-0.132837 0.779742 0.421202
-0.132831 0.779664 0.421211
-0.132976 0.779483 0.421240
-0.132963 0.779424 0.421249
-0.133124 0.779307 0.421264
-0.133215 0.779217 0.421270
-0.133458 0.779084 0.421282
-0.133490 0.779062 0.421290
-0.133607 0.779033 0.421315
-0.133736 0.778953 0.421315
-0.134120 0.778823 0.421319
-0.134002 0.778809 0.421338
-0.134095 0.778783 0.421342
-0.135065 0.778084 0.421458
-0.136099 0.777327 0.421559
-0.137281 0.776576 0.421677
-0.137698 0.776269 0.421704
-0.138598 0.775669 0.421765
-0.138766 0.775462 0.421767
-0.138914 0.775173 0.421781
-0.139292 0.774582 0.421785
-0.139369 0.774228 0.421790
-0.139037 0.774170 0.421813
-0.138093 0.774009 0.421859
-0.138091 0.773684 0.421868
-0.137793 0.773534 0.421886
-0.137744 0.773385 0.421892
-0.137680 0.773382 0.421897
-0.137555 0.773403 0.421913
-0.137717 0.773215 0.421918
-0.137896 0.773130 0.421924
-0.137960 0.772969 0.421930
-0.138103 0.772882 0.421932
-0.139141 0.772157 0.422050
-0.140114 0.771463 0.422162
-0.141640 0.770522 0.422280
-0.142214 0.770152 0.422305
-0.142834 0.769555 0.422351
-0.142838 0.769425 0.422373
-0.143206 0.769163 0.422404
-0.143240 0.769101 0.422407
-0.143518 0.768944 0.422419
-0.143488 0.768844 0.422421
-0.143533 0.768836 0.422440
-0.144060 0.768746 0.422438
-0.144214 0.768730 0.422454
-0.144479 0.768678 0.422454
-0.145298 0.768041 0.422579
-0.147147 0.766915 0.422758
-0.149076 0.765477 0.423093
-0.149812 0.764842 0.423266
-0.151982 0.762844 0.423718
-0.152367 0.762440 0.423786
-0.154670 0.760587 0.424134
-0.155585 0.759583 0.424319
-0.157779 0.757335 0.424815
-0.158086 0.755897 0.425077
-0.157648 0.755443 0.425137
-0.157890 0.755032 0.425188
-0.158072 0.754874 0.425218
-0.158380 0.754743 0.425239
-0.158570 0.754847 0.425252
-0.158449 0.755225 0.425281
-0.159054 0.755164 0.425292
-0.158891 0.755098 0.425293
-0.158550 0.755049 0.425301
-0.158657 0.754770 0.425325
-0.158452 0.754705 0.425332
-0.158744 0.754393 0.425331
-0.158896 0.754047 0.425324
-0.158658 0.753967 0.425326
-0.158780 0.753657 0.425335
-0.158527 0.753486 0.425336
-0.158322 0.753375 0.425353
-0.158142 0.753260 0.425369
-0.158078 0.753016 0.425370
-0.157951 0.752859 0.425381
-0.157998 0.752439 0.425387
-0.157857 0.752007 0.425387
-0.157361 0.751777 0.425398
-0.157256 0.751621 0.425404
-0.157184 0.751333 0.425421
-0.157205 0.751126 0.425428
-0.157086 0.750951 0.425428
-0.156643 0.750870 0.425440
-0.156742 0.750522 0.425454
-0.156542 0.750545 0.425461
-0.158030 0.749082 0.425760
-0.159795 0.747356 0.425969
-0.159160 0.747392 0.426002
-0.158724 0.747111 0.426036
-0.158748 0.746600 0.426037
-0.158787 0.746468 0.426039
-0.158844 0.746274 0.426051
-0.158867 0.746184 0.426055
-0.159020 0.745998 0.426067
-0.159026 0.745940 0.426070
-0.159206 0.745837 0.426075
-0.159234 0.745756 0.426082
-0.159410 0.745618 0.426094
-0.159418 0.745555 0.426100
-0.159334 0.745513 0.426119
-0.159414 0.745433 0.426120
-0.159679 0.745312 0.426137
-0.159479 0.745247 0.426151
-0.159633 0.745122 0.426159
-0.159589 0.745023 0.426170
-0.159709 0.744900 0.426182
-0.159806 0.744819 0.426184
-0.159967 0.744631 0.426206
-0.159940 0.744622 0.426211
-0.160181 0.744595 0.426221
-0.160311 0.744569 0.426231
-0.160370 0.744638 0.426247
-0.160367 0.744629 0.426250
-0.160644 0.744520 0.426261
-0.161438 0.743819 0.426423
-0.162011 0.743271 0.426579
-0.162543 0.742798 0.426667
-0.163698 0.741743 0.426891
-0.164720 0.740799 0.427077
-0.165262 0.740225 0.427205
-0.166494 0.739010 0.427450
-0.167578 0.737946 0.427659
-0.168443 0.737219 0.427792
-0.169860 0.735978 0.428051
-0.171257 0.734804 0.428260
-0.172163 0.733919 0.428400
-0.174232 0.731679 0.428899
-0.174632 0.731002 0.429050
-0.174832 0.730032 0.429269
-0.174770 0.729672 0.429305
-0.174784 0.728661 0.429383
-0.174635 0.728484 0.429391
-0.174416 0.728166 0.429409
-0.174289 0.728081 0.429421
-0.174037 0.727910 0.429458
-0.174023 0.727741 0.429467
-0.174075 0.727500 0.429494
-0.173968 0.727325 0.429510
-0.174160 0.726970 0.429521
-0.174103 0.726904 0.429525
-0.174061 0.726730 0.429539
-0.174013 0.726746 0.429546
-0.174119 0.726770 0.429564
-0.174153 0.726699 0.429569
-0.174019 0.726671 0.429591
-0.174094 0.726617 0.429595
-0.174532 0.726464 0.429605
-0.174393 0.726386 0.429619
-0.174541 0.726271 0.429627
-0.174768 0.726080 0.429630
-0.174560 0.726051 0.429653
-0.174661 0.725892 0.429654
-0.174729 0.725632 0.429668
-0.174805 0.725523 0.429667
-0.174927 0.725365 0.429671
-0.174887 0.725302 0.429674
-0.175052 0.724981 0.429678
-0.175122 0.724829 0.429683
-0.175447 0.724452 0.429691
-0.175582 0.724333 0.429687
-0.176096 0.724146 0.429688
-0.176251 0.724058 0.429681
-0.176273 0.724121 0.429682
-0.176401 0.724024 0.429689
-0.176556 0.723874 0.429699
-0.176646 0.723881 0.429705
-0.176906 0.723779 0.429702
-0.176933 0.723854 0.429714
-0.176990 0.723858 0.429717
-0.177447 0.723689 0.429721
-0.177703 0.723610 0.429722
-0.177958 0.723632 0.429722
-0.178097 0.723599 0.429723
-0.178303 0.723458 0.429727
-0.178935 0.723253 0.429724
-0.179063 0.723141 0.429727
-0.179106 0.723059 0.429729
-0.179550 0.722698 0.429698
-0.179917 0.722634 0.429687
-0.180211 0.722562 0.429686
-0.180804 0.722502 0.429683
-0.181212 0.722390 0.429670
-0.181308 0.722587 0.429666
-0.181345 0.722652 0.429667
-0.181481 0.722675 0.429674
-0.181543 0.722629 0.429677
-0.181727 0.722530 0.429683
-0.181793 0.722472 0.429682
-0.181899 0.722424 0.429681
-0.182865 0.721619 0.429859
-0.183728 0.720927 0.430024
-0.184303 0.720119 0.430200
-0.184439 0.719845 0.430235
-0.184672 0.719565 0.430279
-0.184891 0.719295 0.430295
-0.185022 0.719178 0.430298
-0.185154 0.718980 0.430304
-0.185131 0.718942 0.430315
-0.185243 0.718745 0.430321
-0.186081 0.717835 0.430511
-0.186887 0.717062 0.430682
-0.187429 0.716564 0.430788
-0.188707 0.715368 0.431040
-0.189869 0.714366 0.431250
-0.190791 0.713641 0.431379
-0.192408 0.712201 0.431647
-0.193672 0.710923 0.431883
-0.194679 0.710035 0.432022
-0.196249 0.708588 0.432213
-0.196382 0.708165 0.432217
-0.196458 0.707968 0.432224
-0.196259 0.707843 0.432235
-0.195942 0.707690 0.432246
-0.195728 0.707458 0.432280
-0.195899 0.706912 0.432280
-0.196323 0.706395 0.432267
-0.196027 0.705893 0.432254
-0.195602 0.705923 0.432267
-0.195854 0.705447 0.432279
-0.195697 0.705372 0.432279
-0.196464 0.704534 0.432477
-0.197707 0.702906 0.432853
-0.198793 0.701714 0.433092
-0.200957 0.699420 0.433424
-0.202489 0.697789 0.433693
-0.204029 0.695060 0.434159
-0.204728 0.693826 0.434423
-0.206535 0.690894 0.434891
-0.207258 0.689537 0.435167
-0.207996 0.685635 0.435806
-0.208137 0.684038 0.435866
-0.209225 0.681628 0.435816
-0.209071 0.681439 0.435786
-0.209229 0.681391 0.435765
-0.208884 0.681340 0.435763
-0.208946 0.680899 0.435773
-0.208324 0.680711 0.435814
-0.208686 0.680150 0.435804
-0.209450 0.679441 0.435780
-0.208261 0.679604 0.435769
-0.207874 0.678941 0.435823
-0.207165 0.678019 0.435860
-0.207045 0.677266 0.435872
-0.207048 0.676927 0.435875
-0.207211 0.676547 0.435883
-0.207439 0.675891 0.435872
-0.207734 0.675573 0.435849
-0.207929 0.675353 0.435837
-0.208333 0.675157 0.435814
-0.208448 0.675013 0.435804
-0.208539 0.674831 0.435794
-0.208868 0.674651 0.435775
-0.208351 0.674544 0.435786
-0.208025 0.674318 0.435817
-0.208134 0.673646 0.435840
-0.208003 0.672957 0.435825
-0.208159 0.672556 0.435819
-0.208505 0.671967 0.435805
-0.208805 0.671526 0.435773
-0.209070 0.671063 0.435765
-0.208966 0.670694 0.435739
-0.209836 0.669746 0.435938
-0.211483 0.668030 0.436248
-0.212497 0.666644 0.436535
-0.213750 0.665100 0.436759
-0.216286 0.661732 0.437420
-0.217017 0.660675 0.437572
-0.219165 0.657381 0.438136
-0.219908 0.656100 0.438299
-0.222259 0.652369 0.438887
-0.222987 0.648660 0.439267
-0.224888 0.645980 0.439268
-0.226023 0.644202 0.439183
-0.227537 0.642493 0.439041
-0.228865 0.641027 0.438899
-0.230569 0.639447 0.438693
-0.231769 0.638892 0.438478
-0.233258 0.638088 0.438278
-0.233573 0.638470 0.438166
-0.233662 0.639053 0.438076
-0.234007 0.639109 0.437972
-0.234782 0.637976 0.437912
-0.234887 0.637958 0.437853
-0.235284 0.637441 0.437781
-0.235555 0.637822 0.437710
-0.235775 0.638179 0.437653
-0.236227 0.637916 0.437595
-0.236532 0.637842 0.437562
-0.236581 0.637874 0.437553
-0.237427 0.636876 0.437739
-0.239100 0.635010 0.437990
-0.240322 0.633425 0.438230
-0.241910 0.631032 0.438584
-0.243165 0.629125 0.438868
-0.245501 0.626134 0.439163
-0.247153 0.624191 0.439389
-0.248937 0.621746 0.439715
-0.250460 0.619888 0.439954
-0.253462 0.616074 0.440220
-0.255588 0.613367 0.440419
-0.259022 0.608698 0.440630
-0.261129 0.605474 0.440814
-0.264761 0.599912 0.440897
-0.266889 0.596605 0.441019
-0.269396 0.592701 0.441052
-0.272671 0.587230 0.441223
-0.274097 0.585248 0.441180
-0.277264 0.580727 0.441324
-0.282067 0.575805 0.440625
-0.284071 0.573426 0.439909
-0.285755 0.572062 0.439041
-0.287432 0.570586 0.438406
-0.289361 0.571067 0.437525
-0.291112 0.572678 0.436814
-0.292983 0.573475 0.436200
-0.295009 0.574619 0.435412
-0.295785 0.575293 0.435004
-0.297033 0.576688 0.434297
-0.298204 0.576726 0.433752
-0.300276 0.577535 0.433048
-0.302253 0.577925 0.432322
-0.302866 0.578661 0.431954
-0.303910 0.578412 0.431542
-0.304164 0.578328 0.431442
-0.305612 0.576036 0.431640
-0.306470 0.575198 0.431574
-0.308526 0.571986 0.431795
-0.309238 0.570796 0.431866
-0.311654 0.566648 0.432065
-0.314548 0.562577 0.431669
-0.316184 0.559477 0.431222
-0.317465 0.556774 0.430923
-0.318848 0.554586 0.430467
-0.321024 0.553233 0.429676
-0.322523 0.551539 0.429399
-0.323929 0.551716 0.428701
-0.324491 0.551707 0.428444
-0.325616 0.551012 0.428109
-0.326725 0.549158 0.428004
-0.327096 0.548325 0.427656
-0.327342 0.547824 0.427545
-0.327203 0.547809 0.427512
-0.327132 0.547560 0.427501
-0.327572 0.546442 0.427657
-0.328469 0.544635 0.427743
-0.329994 0.541340 0.428066
-0.330437 0.540266 0.428189
-0.332000 0.535327 0.428810
-0.332150 0.534338 0.429013
-0.333018 0.530593 0.429629
-0.333435 0.529127 0.429801
-0.334257 0.525563 0.430300
-0.333727 0.522342 0.430881
-0.334191 0.519454 0.431274
-0.333858 0.517666 0.431621
-0.332742 0.516138 0.431915
-0.331667 0.515600 0.432152
-0.330975 0.515238 0.432350
-0.329627 0.514722 0.432654
-0.328578 0.514954 0.432859
-0.328057 0.515604 0.432959
-0.327727 0.515301 0.433200
-0.327424 0.516161 0.433105
-0.326615 0.516854 0.433357
-0.326015 0.516207 0.433736
-0.325502 0.516488 0.433729
-0.324730 0.516128 0.434145
-0.324178 0.516024 0.434329
-0.322910 0.516093 0.434675
-0.321817 0.513959 0.435212
-0.320438 0.514863 0.435354
-0.319828 0.513966 0.435814
-0.318912 0.513794 0.436094
-0.317665 0.513402 0.436442
-0.317008 0.513055 0.436724
-0.315885 0.512099 0.437130
-0.314515 0.511843 0.437555
-0.313628 0.510431 0.438074
-0.312417 0.511778 0.438409
-0.311122 0.511926 0.438769
-0.310253 0.511007 0.439154
-0.309781 0.510130 0.439511
-0.309135 0.509870 0.439678
-0.308831 0.509015 0.439931
-0.308036 0.508586 0.440123
-0.307222 0.507620 0.440580
-0.305507 0.505994 0.441107
-0.304300 0.505754 0.441519
-0.303248 0.505014 0.441926
-0.302421 0.503713 0.442358
-0.301300 0.503568 0.442691
-0.300118 0.503188 0.443066
-0.298724 0.501907 0.443542
-0.298441 0.501546 0.443682
-0.298200 0.501351 0.443801
-0.297677 0.500795 0.444000
-0.297360 0.500742 0.444050
-0.297059 0.500454 0.444115
-0.296508 0.500453 0.444263
-0.296275 0.500420 0.444328
-0.295964 0.500559 0.444436
-0.295863 0.500466 0.444485
-0.295694 0.500160 0.444570
-0.295604 0.499860 0.444608
-0.295389 0.499196 0.444735
-0.295230 0.499030 0.444832
-0.294757 0.498705 0.444993
-0.294528 0.498351 0.445058
-0.294167 0.498034 0.445208
-0.294010 0.497826 0.445273
-0.293559 0.496995 0.445442
-0.293325 0.496895 0.445468
-0.292997 0.496679 0.445482
-0.292868 0.496547 0.445504
-0.292755 0.496241 0.445553
-0.292636 0.496041 0.445591
-0.292567 0.495161 0.445661
-0.292723 0.494014 0.445735
-0.292630 0.493563 0.445835
-0.292857 0.493870 0.445881
-0.293264 0.492582 0.446074
-0.293981 0.491049 0.446344
-0.294585 0.489820 0.446602
-0.295748 0.487785 0.446901
-0.297455 0.484595 0.447332
-0.299461 0.482169 0.447523
-0.300540 0.482099 0.447182
-0.301468 0.481953 0.446896
-0.302463 0.481902 0.446547
-0.303730 0.481787 0.446239
-0.304979 0.482217 0.445818
-0.305800 0.483033 0.445533
-0.306863 0.482973 0.445279
-0.307273 0.483130 0.445146
-0.308312 0.483311 0.443160
-0.308844 0.483177 0.442540
-0.309815 0.482557 0.440211
-0.310242 0.482460 0.439498
-0.311168 0.482174 0.437022
-0.311521 0.482057 0.436371
-0.312530 0.481417 0.433466
-0.312704 0.481118 0.433092
-0.313187 0.480837 0.431060
-0.313361 0.480727 0.430499
-0.313754 0.480551 0.428290
-0.314421 0.481558 0.427013
-0.314790 0.481612 0.427102
-0.315204 0.482116 0.427275
-0.315302 0.481828 0.427565
-0.315615 0.481318 0.427621
-0.316567 0.481063 0.427647
-0.316876 0.481140 0.427687
-0.317219 0.481293 0.427599
-0.317989 0.480924 0.427465
-0.318991 0.480390 0.427412
-0.319744 0.480445 0.427233
-0.320476 0.479801 0.427093
-0.321359 0.479668 0.426953
-0.322350 0.479334 0.426728
-0.323247 0.479630 0.426617
-0.323490 0.479634 0.426552
-0.323832 0.479980 0.426356
-0.323925 0.480187 0.426297
-0.324233 0.480559 0.426088
-0.324382 0.480647 0.425979
-0.324619 0.481046 0.425745
-0.324858 0.481148 0.425662
-0.325275 0.481522 0.425444
-0.325648 0.482028 0.425303
-0.325964 0.481987 0.425199
-0.326534 0.481887 0.425035
-0.326854 0.481642 0.424959
-0.327413 0.481444 0.424765
-0.327845 0.481484 0.424602
-0.328226 0.481442 0.423532
-0.328686 0.481413 0.422623
-0.329110 0.481334 0.421999
-0.329501 0.481168 0.420652
-0.329907 0.480864 0.419623
-0.330280 0.480494 0.418977
-0.330567 0.480143 0.417634
-0.330836 0.479934 0.416560
-0.331140 0.479860 0.415836
-0.331318 0.479768 0.414500
-0.331450 0.479821 0.413435
-0.331561 0.479754 0.412786
-0.331749 0.479677 0.411422
-0.331874 0.479585 0.410453
-0.331895 0.479668 0.409869
-0.331935 0.479590 0.408558
-0.331980 0.479391 0.407624
-0.331987 0.479309 0.407072
-0.331988 0.479304 0.405799
-0.332024 0.479139 0.404885
-0.332029 0.478983 0.404329
-0.332077 0.478730 0.403056
-0.332104 0.478429 0.402148
-0.332154 0.478230 0.401654
-0.332150 0.478097 0.400415
-0.332098 0.478391 0.399044
-0.332095 0.478554 0.397840
-0.332155 0.478999 0.396474
-0.332248 0.479194 0.395277
-0.332486 0.479432 0.393951
-0.332555 0.479610 0.392789
-0.332895 0.480138 0.391477
-0.333000 0.480076 0.390309
-0.333231 0.480414 0.388754
-0.333238 0.480538 0.387693
-0.333507 0.480903 0.386393
-0.333475 0.480937 0.385261
-0.333782 0.481205 0.383766
-0.334173 0.482369 0.384095
-0.335468 0.483023 0.384678
-0.335841 0.483012 0.384769
-0.336127 0.483208 0.384922
-0.336306 0.483236 0.384980
-0.336910 0.482937 0.385103
-0.336955 0.483076 0.385134
-0.337260 0.483195 0.385205
-0.337430 0.483209 0.385215
-0.337591 0.483487 0.385178
-0.337859 0.483494 0.385159
-0.338374 0.483344 0.385100
-0.338653 0.483430 0.385078
-0.338905 0.483451 0.385064
-0.339219 0.483366 0.385034
-0.339790 0.483264 0.384986
-0.340073 0.483283 0.384944
-0.340946 0.482979 0.384849
-0.341172 0.482807 0.384835
-0.341772 0.482374 0.384802
-0.342093 0.482248 0.384773
-0.342751 0.481909 0.384754
-0.343110 0.481703 0.384726
-0.343593 0.481440 0.384627
-0.343780 0.481507 0.384530
-0.344149 0.481542 0.384373
-0.344357 0.481551 0.384324
-0.344839 0.481520 0.384218
-0.345221 0.481420 0.384180
-0.346345 0.481338 0.384049
-0.346746 0.481274 0.384043
-0.347550 0.480964 0.384015
-0.347968 0.480807 0.383961
-0.349156 0.480348 0.383836
-0.349603 0.480309 0.383747
-0.351213 0.479528 0.383634
-0.351375 0.479512 0.383654
-0.351909 0.479010 0.383722
-0.352125 0.479089 0.383661
-0.352644 0.479000 0.383532
-0.353052 0.478897 0.383464
-0.353682 0.478889 0.383359
-0.353979 0.478604 0.383381
-0.354714 0.478134 0.383345
-0.355078 0.477755 0.383388
-0.355547 0.477151 0.383468
-0.355650 0.477027 0.383507
-0.355904 0.476948 0.383504
-0.356041 0.476869 0.383498
-0.356138 0.476733 0.383480
-0.356244 0.476583 0.383476
-0.356355 0.476401 0.383429
-0.356382 0.476317 0.383430
-0.356544 0.476280 0.383416
-0.356789 0.476428 0.383339
-0.357356 0.476724 0.383212
-0.357588 0.476622 0.383198
-0.357848 0.476934 0.383090
-0.358866 0.476419 0.382973
-0.359116 0.476111 0.383008
-0.359366 0.475459 0.383043
-0.359478 0.475184 0.383054
-0.359817 0.475184 0.382861
-0.359764 0.475247 0.382845
-0.359771 0.475217 0.382838
-0.359884 0.475135 0.382831
-0.360097 0.475104 0.382796
-0.360215 0.475061 0.382792
-0.360541 0.475039 0.382803
-0.360725 0.474898 0.382808
-0.360935 0.474849 0.382736
-0.360993 0.474976 0.382681
-0.361280 0.474986 0.382658
-0.361448 0.474948 0.382651
-0.361594 0.474870 0.382627
-0.361795 0.474600 0.382519
-0.362059 0.474325 0.382500
-0.362471 0.473891 0.382448
-0.362620 0.473737 0.382434
-0.362825 0.473558 0.382373
-0.363054 0.473500 0.382353
-0.363381 0.473527 0.382287
-0.363596 0.473520 0.382218
-0.363957 0.473524 0.382078
-0.364182 0.473538 0.382051
-0.364297 0.473530 0.382034
-0.364429 0.473665 0.381974
-0.364524 0.473731 0.381990
-0.364607 0.473780 0.381966
-0.364576 0.474135 0.381910
-0.364750 0.473981 0.381908
-0.365180 0.473698 0.381876
-0.365609 0.473887 0.381792
-0.365704 0.473870 0.381755
-0.365960 0.473760 0.381690
-0.366077 0.473710 0.381667
-0.366421 0.473584 0.381643
-0.366903 0.473326 0.381665
-0.367205 0.473070 0.381674
-0.367512 0.472779 0.381671
-0.367779 0.472565 0.381657
-0.368302 0.471925 0.381772
-0.368575 0.471631 0.381773
-0.369024 0.470917 0.381819
-0.369366 0.470804 0.381709
-0.369925 0.470473 0.381611
-0.370293 0.470467 0.381536
-0.370680 0.470546 0.381365
-0.370945 0.470344 0.381345
-0.371192 0.469911 0.381304
-0.371505 0.469672 0.381331
-0.371924 0.469470 0.381368
-0.372168 0.469445 0.381348
-0.372630 0.469420 0.381324
-0.372923 0.469320 0.381321
-0.373509 0.469265 0.381183
-0.373800 0.469103 0.381212
-0.374596 0.468406 0.381269
-0.374771 0.468355 0.381262
-0.375171 0.467905 0.381371
-0.375572 0.467654 0.381414
-0.376055 0.467083 0.381564
-0.376359 0.466805 0.381639
-0.376565 0.466490 0.381663
-0.376801 0.466356 0.381675
-0.377107 0.466156 0.381714
-0.377282 0.465987 0.381716
-0.377593 0.465398 0.381830
-0.377853 0.465257 0.381888
-0.378415 0.465191 0.381998
-0.378444 0.465362 0.381947
-0.378563 0.465187 0.381889
-0.378680 0.465174 0.381902
-0.378858 0.465294 0.381861
-0.379032 0.465290 0.381806
-0.379384 0.465069 0.381766
-0.379521 0.465020 0.381801
-0.379829 0.464747 0.381860
-0.380193 0.464466 0.381955
-0.380750 0.463908 0.382017
-0.381119 0.463754 0.382031
-0.381423 0.463692 0.382062
-0.381975 0.463850 0.382053
-0.382137 0.463851 0.381976
-0.382337 0.463692 0.381921
-0.382296 0.463652 0.381883
-0.382253 0.463613 0.381890
-0.382364 0.463403 0.381844
-0.382518 0.463144 0.381889
-0.383046 0.462697 0.381924
-0.383155 0.462643 0.381936
-0.383340 0.462527 0.381946
-0.383499 0.462325 0.381969
-0.383765 0.461983 0.381981
-0.384002 0.461918 0.381985
-0.384294 0.461863 0.381921
-0.384479 0.461876 0.381888
-0.384953 0.461697 0.381870
-0.385272 0.461548 0.381875
-0.385680 0.461129 0.381862
-0.385930 0.461104 0.381879
-0.386768 0.461441 0.381782
-0.386123 0.461697 0.381797
-0.386842 0.461573 0.381807
-0.386617 0.461267 0.381863
-0.386406 0.461458 0.381954
-0.386628 0.460949 0.381923
-0.387140 0.460376 0.382127
-0.387601 0.460274 0.382237
-0.387695 0.460181 0.382202
-0.387730 0.460089 0.382181
-0.387697 0.459895 0.382181
-0.387790 0.459731 0.382192
-0.388062 0.459318 0.382219
-0.388117 0.459311 0.382190
-0.388045 0.459499 0.382076
-0.388135 0.459505 0.382041
-0.388275 0.459322 0.381972
-0.388284 0.459318 0.381929
-0.388226 0.459463 0.381812
-0.388281 0.459505 0.381713
-0.388364 0.459385 0.381609
-0.388418 0.459483 0.381538
-0.388641 0.459250 0.381545
-0.388717 0.459088 0.381580
-0.388965 0.458659 0.381707
-0.389254 0.458362 0.381765
-0.389618 0.457908 0.381841
-0.389769 0.457880 0.381824
-0.389988 0.457904 0.381795
-0.390064 0.457938 0.381709
-0.390201 0.457923 0.381604
-0.390289 0.457957 0.381552
-0.390457 0.457862 0.381464
-0.390582 0.457884 0.381470
-0.390800 0.457767 0.381535
-0.391029 0.457611 0.381557
-0.391465 0.457338 0.381671
-0.391838 0.457132 0.381723
-0.392604 0.456668 0.381899
-0.392969 0.456417 0.382050
-0.393794 0.455765 0.382353
-0.394173 0.455568 0.382443
-0.394776 0.455208 0.382394
-0.395158 0.455135 0.382391
-0.395800 0.454887 0.382514
-0.396170 0.454851 0.382568
-0.396888 0.455063 0.382564
-0.397215 0.455098 0.382611
-0.397938 0.454986 0.382748
-0.398300 0.454913 0.382835
-0.399030 0.454718 0.382978
-0.399389 0.454568 0.383035
-0.400001 0.454245 0.383104
-0.400223 0.454165 0.383158
-0.401100 0.454117 0.383218
-0.401932 0.453701 0.383178
-0.402244 0.453765 0.383350
-0.402281 0.453822 0.383355
-0.402291 0.453566 0.383352
-0.402218 0.453417 0.383288
-0.402122 0.453183 0.383250
-0.401918 0.452874 0.383202
-0.401766 0.452601 0.383141
-0.401811 0.452337 0.383113
-0.402214 0.451606 0.383042
-0.402453 0.450914 0.383079
-0.402366 0.450624 0.383092
-0.402178 0.450682 0.383087
-0.402305 0.450245 0.382893
-0.402157 0.450284 0.382996
-0.402123 0.450121 0.382962
-0.402155 0.450061 0.383018
-0.402052 0.449782 0.383043
-0.401625 0.449375 0.383094
