-0.080734 0.886033 0.407061
-0.082060 0.886019 0.406985
-0.082131 0.885985 0.406984
-0.083441 0.885822 0.406929
-0.084148 0.885493 0.406947
-0.085140 0.884932 0.407015
-0.085554 0.884242 0.407230
-0.085897 0.883868 0.407304
-0.086223 0.883754 0.407308
-0.087250 0.883278 0.407308
-0.088827 0.882514 0.407363
-0.090007 0.881821 0.407421
-0.091639 0.880740 0.407587
-0.092852 0.879904 0.407686
-0.094504 0.878572 0.407908
-0.096559 0.876787 0.408181
-0.097237 0.875001 0.408579
-0.097947 0.874100 0.408733
-0.099207 0.871947 0.409124
-0.099937 0.870951 0.409281
-0.101095 0.868561 0.409684
-0.101938 0.867446 0.409829
-0.102122 0.863278 0.410640
-0.101026 0.861211 0.411015
-0.099949 0.859751 0.411257
-0.099491 0.858557 0.411438
-0.099495 0.857866 0.411509
-0.099804 0.857424 0.411548
-0.099964 0.857159 0.411576
-0.100218 0.857073 0.411581
-0.100825 0.857037 0.411556
-0.101399 0.857022 0.411519
-0.101797 0.857022 0.411494
-0.102397 0.857036 0.411458
-0.102888 0.857228 0.411422
-0.103430 0.857423 0.411382
-0.104090 0.857666 0.411327
-0.104788 0.857880 0.411261
-0.105620 0.858018 0.411189
-0.106032 0.858163 0.411159
-0.106742 0.858329 0.411103
-0.107345 0.858495 0.411062
-0.108018 0.858681 0.411002
-0.108206 0.858703 0.410986
-0.110170 0.857748 0.411060
-0.111484 0.856828 0.411209
-0.111791 0.856310 0.411309
-0.111847 0.856253 0.411323
-0.113636 0.855156 0.411452
-0.115141 0.853847 0.411683
-0.115964 0.853168 0.411770
-0.117424 0.851359 0.412091
-0.118406 0.850489 0.412198
-0.119782 0.849145 0.412421
-0.120828 0.848116 0.412583
-0.122260 0.846492 0.412875
-0.123246 0.845366 0.413064
-0.124328 0.843609 0.413411
-0.125276 0.842351 0.413619
-0.126381 0.840375 0.413993
-0.127938 0.837864 0.414434
-0.128297 0.836903 0.414612
-0.129925 0.832668 0.415422
-0.129719 0.831995 0.415554
-0.130647 0.829746 0.415954
-0.129880 0.826353 0.416511
-0.129072 0.824719 0.416742
-0.128645 0.823046 0.416917
-0.128144 0.822338 0.417043
-0.127805 0.822093 0.417090
-0.127785 0.822036 0.417125
-0.127922 0.821941 0.417150
-0.128215 0.821953 0.417159
-0.129034 0.821903 0.417142
-0.129224 0.821935 0.417147
-0.130251 0.821284 0.417243
-0.132057 0.820265 0.417408
-0.134102 0.818641 0.417723
-0.134646 0.817766 0.417927
-0.136512 0.815877 0.418247
-0.137091 0.813371 0.418663
-0.135887 0.812560 0.418816
-0.135997 0.811848 0.418896
-0.136214 0.811522 0.418925
-0.136131 0.811473 0.418964
-0.136863 0.811225 0.418962
-0.136388 0.811373 0.418985
-0.137012 0.811209 0.418986
-0.137324 0.811317 0.418979
-0.137395 0.811252 0.418981
-0.137581 0.811144 0.418992
-0.137648 0.811034 0.418994
-0.137863 0.810901 0.419005
-0.137954 0.810453 0.419008
-0.138008 0.810450 0.419010
-0.138152 0.810373 0.419012
-0.138431 0.810276 0.419016
-0.138558 0.810233 0.419018
-0.138849 0.810194 0.419024
-0.138965 0.810180 0.419032
-0.139476 0.810078 0.419027
-0.139553 0.810063 0.419026
-0.139844 0.810008 0.419025
-0.139848 0.809997 0.419025
-0.140242 0.809907 0.419018
-0.140281 0.809896 0.419020
-0.140282 0.809869 0.419025
-0.140584 0.809728 0.419035
-0.140793 0.809584 0.419036
-0.140876 0.809573 0.419045
-0.140605 0.809616 0.419063
-0.141144 0.809398 0.419055
-0.141285 0.809363 0.419053
-0.141365 0.809323 0.419051
-0.141602 0.809165 0.419047
-0.141832 0.809055 0.419051
-0.142131 0.808901 0.419053
-0.142156 0.808842 0.419056
-0.142252 0.808584 0.419063
-0.142209 0.808614 0.419072
-0.142316 0.808565 0.419076
-0.142506 0.808537 0.419078
-0.142488 0.808512 0.419086
-0.142550 0.808506 0.419096
-0.142629 0.808449 0.419096
-0.142912 0.808351 0.419096
-0.142971 0.808275 0.419096
-0.143370 0.808049 0.419092
-0.143510 0.807960 0.419086
-0.143801 0.807805 0.419081
-0.143942 0.807680 0.419074
-0.144528 0.807407 0.419051
-0.144870 0.807149 0.419038
-0.145276 0.806896 0.419022
-0.145359 0.806835 0.419023
-0.145669 0.806656 0.419020
-0.145791 0.806602 0.419019
-0.145940 0.806568 0.419020
-0.146432 0.806358 0.418990
-0.146502 0.806259 0.418987
-0.146437 0.806223 0.418992
-0.146594 0.806154 0.418990
-0.146659 0.806103 0.418990
-0.146741 0.806066 0.418999
-0.146792 0.806011 0.418997
-0.147117 0.805867 0.418988
-0.147292 0.805755 0.418976
-0.147502 0.805612 0.418966
-0.147500 0.805593 0.418970
-0.147587 0.805555 0.418976
-0.147705 0.805449 0.418975
-0.147787 0.805417 0.418975
-0.148071 0.805261 0.418968
-0.148352 0.805165 0.418949
-0.148860 0.805064 0.418928
-0.149071 0.805027 0.418919
-0.149496 0.804875 0.418892
-0.149691 0.804811 0.418881
-0.150626 0.804125 0.418997
-0.151486 0.803492 0.419106
-0.152114 0.803018 0.419176
-0.153342 0.801979 0.419347
-0.154337 0.801066 0.419501
-0.155129 0.799853 0.419714
-0.155446 0.799005 0.419811
-0.155467 0.798687 0.419853
-0.155520 0.798073 0.419910
-0.155489 0.797834 0.419933
-0.155369 0.797407 0.419971
-0.155189 0.797089 0.420012
-0.155148 0.796913 0.420026
-0.155406 0.796485 0.420032
-0.155471 0.796283 0.420038
-0.155431 0.795798 0.420076
-0.155356 0.795690 0.420085
-0.155287 0.795544 0.420107
-0.155140 0.795503 0.420124
-0.155010 0.795384 0.420150
-0.155035 0.795258 0.420155
-0.155116 0.794972 0.420179
-0.155262 0.794842 0.420174
-0.155572 0.794627 0.420179
-0.155674 0.794503 0.420173
-0.156030 0.794256 0.420156
-0.155887 0.794261 0.420170
-0.155904 0.794219 0.420176
-0.155981 0.794114 0.420179
-0.156163 0.793993 0.420177
-0.156316 0.793834 0.420170
-0.156391 0.793784 0.420167
-0.156466 0.793710 0.420171
-0.156636 0.793614 0.420170
-0.156717 0.793496 0.420171
-0.157119 0.793283 0.420150
-0.157068 0.793258 0.420158
-0.157197 0.793154 0.420156
-0.157347 0.792999 0.420148
-0.157472 0.792923 0.420145
-0.157494 0.792814 0.420153
-0.157592 0.792755 0.420155
-0.157803 0.792488 0.420155
-0.157738 0.792445 0.420168
-0.158745 0.791639 0.420276
-0.159661 0.790868 0.420384
-0.160310 0.790235 0.420451
-0.161479 0.789063 0.420627
-0.162246 0.788134 0.420800
-0.162627 0.787428 0.420923
-0.163424 0.786239 0.421163
-0.163940 0.785289 0.421380
-0.163942 0.783850 0.421684
-0.163781 0.783310 0.421790
-0.163571 0.782410 0.421938
-0.163198 0.782120 0.422014
-0.162053 0.781345 0.422177
-0.161934 0.781068 0.422214
-0.162034 0.780560 0.422266
-0.162000 0.780376 0.422291
-0.161818 0.780088 0.422339
-0.162026 0.779615 0.422366
-0.162281 0.779173 0.422383
-0.162195 0.778848 0.422407
-0.162197 0.778485 0.422426
-0.162068 0.778069 0.422453
-0.162111 0.777935 0.422461
-0.162070 0.777754 0.422483
-0.162213 0.777621 0.422483
-0.162706 0.777228 0.422468
-0.162286 0.777208 0.422481
-0.162498 0.776897 0.422477
-0.162339 0.776823 0.422492
-0.162288 0.776622 0.422496
-0.162080 0.776527 0.422518
-0.162496 0.776145 0.422503
-0.162847 0.775798 0.422465
-0.162883 0.775576 0.422451
-0.162495 0.775537 0.422476
-0.163577 0.774947 0.422416
-0.162682 0.775372 0.422445
-0.163035 0.774884 0.422447
-0.163211 0.774502 0.422433
-0.163078 0.774408 0.422439
-0.163251 0.774158 0.422434
-0.163265 0.774123 0.422431
-0.163271 0.773948 0.422436
-0.163498 0.773627 0.422422
-0.163334 0.773461 0.422428
-0.163093 0.773391 0.422437
-0.163031 0.773211 0.422445
-0.162823 0.772959 0.422467
-0.162860 0.772668 0.422482
-0.162743 0.772574 0.422506
-0.163137 0.772119 0.422485
-0.163011 0.771957 0.422492
-0.162852 0.771707 0.422494
-0.163009 0.771305 0.422493
-0.163004 0.771065 0.422495
-0.163028 0.771055 0.422499
-0.163091 0.771028 0.422503
-0.163337 0.770931 0.422504
-0.163392 0.770885 0.422506
-0.163894 0.770760 0.422491
-0.163823 0.770898 0.422504
-0.163554 0.771103 0.422539
-0.164294 0.770902 0.422512
-0.165055 0.770713 0.422465
-0.164843 0.771163 0.422480
-0.165371 0.771230 0.422444
-0.165493 0.771335 0.422439
-0.166456 0.770611 0.422561
-0.168128 0.769565 0.422736
-0.169525 0.768546 0.422903
-0.171159 0.767198 0.423163
-0.173777 0.765099 0.423523
-0.174241 0.764522 0.423651
-0.175462 0.762752 0.424130
-0.175393 0.761035 0.424593
-0.173680 0.760827 0.424838
-0.173999 0.760512 0.424853
-0.174861 0.759669 0.424925
-0.174550 0.759677 0.424984
-0.174106 0.759664 0.425039
-0.174938 0.758834 0.425202
-0.176083 0.757585 0.425466
-0.178023 0.755586 0.425887
-0.178536 0.754450 0.426119
-0.179960 0.751805 0.426705
-0.179788 0.751327 0.426830
-0.180901 0.749164 0.427313
-0.181180 0.747804 0.427570
-0.181984 0.745827 0.428064
-0.182421 0.744379 0.428326
-0.184167 0.741907 0.428793
-0.184669 0.739829 0.429089
-0.185377 0.738673 0.429329
-0.186103 0.735737 0.429934
-0.186182 0.734695 0.429998
-0.186034 0.733927 0.430035
-0.185186 0.733657 0.430089
-0.184766 0.733716 0.430146
-0.184448 0.733421 0.430190
-0.184319 0.733318 0.430210
-0.184566 0.733029 0.430220
-0.184655 0.732829 0.430226
-0.184885 0.732540 0.430230
-0.184640 0.732291 0.430233
-0.184711 0.731917 0.430240
-0.184668 0.731754 0.430237
-0.184983 0.731438 0.430234
-0.185354 0.731150 0.430219
-0.185355 0.730861 0.430212
-0.185662 0.730653 0.430204
-0.185800 0.730468 0.430193
-0.185954 0.730236 0.430190
-0.186299 0.729781 0.430176
-0.186358 0.729774 0.430166
-0.186644 0.729520 0.430159
-0.186390 0.729434 0.430161
-0.186512 0.729128 0.430161
-0.187019 0.728977 0.430147
-0.185880 0.729300 0.430156
-0.186169 0.728480 0.430179
-0.186225 0.728219 0.430176
-0.186508 0.727994 0.430177
-0.186865 0.727707 0.430162
-0.187270 0.727368 0.430137
-0.186325 0.727369 0.430137
-0.187484 0.726656 0.430141
-0.186406 0.726728 0.430117
-0.186514 0.726346 0.430149
-0.185972 0.726245 0.430165
-0.185860 0.725813 0.430190
-0.186009 0.725542 0.430189
-0.186438 0.725119 0.430179
-0.185968 0.725142 0.430174
-0.186567 0.724763 0.430165
-0.185961 0.724727 0.430183
-0.185307 0.724526 0.430200
-0.185462 0.724673 0.430213
-0.185112 0.724664 0.430226
-0.185487 0.724373 0.430237
-0.185310 0.724186 0.430246
-0.185584 0.723964 0.430247
-0.185477 0.723964 0.430251
-0.186320 0.723161 0.430443
-0.187929 0.721604 0.430726
-0.188799 0.720479 0.430986
-0.189331 0.718245 0.431548
-0.188955 0.717671 0.431607
-0.189185 0.717359 0.431610
-0.189692 0.716827 0.431619
-0.189884 0.716587 0.431622
-0.190080 0.716379 0.431626
-0.190388 0.716130 0.431623
-0.191085 0.715641 0.431625
-0.191250 0.715562 0.431629
-0.191514 0.715428 0.431637
-0.191631 0.715362 0.431637
-0.191659 0.715352 0.431640
-0.191711 0.715287 0.431641
-0.191728 0.715295 0.431646
-0.191812 0.715211 0.431646
-0.191898 0.715041 0.431654
-0.192148 0.714907 0.431644
-0.193235 0.714021 0.431833
-0.194343 0.713089 0.432004
-0.194796 0.712553 0.432121
-0.195883 0.711376 0.432385
-0.196714 0.710480 0.432613
-0.197754 0.709173 0.432849
-0.198198 0.708683 0.432903
-0.199047 0.707898 0.432957
-0.199248 0.707565 0.432975
-0.199353 0.707442 0.432975
-0.200147 0.706540 0.433183
-0.200871 0.705706 0.433376
-0.201372 0.705031 0.433493
-0.202435 0.703729 0.433778
-0.203251 0.702619 0.434009
-0.203718 0.701863 0.434153
-0.204638 0.700468 0.434464
-0.205787 0.699025 0.434708
-0.206422 0.698065 0.434868
-0.207549 0.696518 0.435172
-0.208783 0.694937 0.435416
-0.209542 0.693624 0.435578
-0.210766 0.691771 0.435891
-0.211845 0.690206 0.436154
-0.212631 0.688972 0.436322
-0.213266 0.687449 0.436483
-0.213670 0.685217 0.436528
-0.214012 0.683882 0.436501
-0.213701 0.684009 0.436506
-0.214201 0.683581 0.436504
-0.213932 0.683452 0.436483
-0.213949 0.683048 0.436473
-0.213761 0.682929 0.436458
-0.213636 0.682875 0.436469
-0.214114 0.682233 0.436459
-0.214401 0.681823 0.436441
-0.215345 0.681216 0.436393
-0.216310 0.681153 0.436347
-0.215676 0.681065 0.436314
-0.215437 0.681371 0.436328
-0.216071 0.681121 0.436314
-0.215263 0.681242 0.436333
-0.216033 0.680958 0.436327
-0.215406 0.680928 0.436319
-0.215706 0.680841 0.436321
-0.215682 0.680897 0.436308
-0.215624 0.680624 0.436315
-0.216334 0.680415 0.436296
-0.215771 0.680143 0.436293
-0.215548 0.679960 0.436306
-0.216802 0.679003 0.436250
-0.215366 0.679074 0.436315
-0.215608 0.678263 0.436311
-0.215134 0.678359 0.436329
-0.214932 0.677801 0.436349
-0.215309 0.677303 0.436345
-0.214946 0.677303 0.436363
-0.215213 0.676997 0.436360
-0.216098 0.676087 0.436565
-0.217490 0.674532 0.436871
-0.218497 0.673084 0.437170
-0.220010 0.670888 0.437559
-0.221643 0.669006 0.437836
-0.225074 0.664595 0.438351
-0.226879 0.661247 0.438304
-0.228577 0.659063 0.438123
-0.230175 0.657367 0.437958
-0.230002 0.657022 0.437842
-0.230171 0.656879 0.437732
-0.231045 0.656353 0.437628
-0.231061 0.656343 0.437614
-0.231250 0.656188 0.437587
-0.231453 0.655898 0.437571
-0.232146 0.655171 0.437529
-0.232804 0.654626 0.437421
-0.233794 0.654157 0.437310
-0.234308 0.653915 0.437248
-0.235049 0.653621 0.437150
-0.235084 0.653755 0.437111
-0.235388 0.653863 0.437003
-0.235358 0.653962 0.436983
-0.235503 0.653912 0.436915
-0.235566 0.653821 0.436891
-0.235482 0.653938 0.436879
-0.236282 0.652992 0.437064
-0.237038 0.652149 0.437227
-0.237673 0.651491 0.437322
-0.239041 0.650046 0.437560
-0.240141 0.648795 0.437773
-0.240947 0.647891 0.437899
-0.242508 0.645980 0.438163
-0.243889 0.644397 0.438358
-0.245171 0.643019 0.438434
-0.247090 0.640945 0.438642
-0.248708 0.639122 0.438797
-0.252264 0.635230 0.438800
-0.253645 0.633677 0.438697
-0.256325 0.630828 0.438401
-0.257248 0.629663 0.438240
-0.258838 0.627819 0.437903
-0.259299 0.627302 0.437735
-0.260230 0.626397 0.437394
-0.260640 0.626065 0.437239
-0.261938 0.625954 0.436749
-0.262336 0.625887 0.436597
-0.263505 0.625790 0.436164
-0.263975 0.626004 0.436005
-0.264547 0.625922 0.435780
-0.264881 0.625784 0.435673
-0.265665 0.625574 0.435424
-0.265927 0.625647 0.435313
-0.267257 0.625250 0.434855
-0.266736 0.625843 0.434738
-0.266679 0.625964 0.434699
-0.266506 0.625951 0.434671
-0.266704 0.625905 0.434620
-0.266996 0.625850 0.434548
-0.267323 0.625706 0.434488
-0.267943 0.625554 0.434363
-0.268297 0.625567 0.434292
-0.268743 0.625919 0.434160
-0.269184 0.625815 0.434074
-0.269561 0.625849 0.433979
-0.270687 0.624569 0.434078
-0.272163 0.623033 0.434120
-0.273209 0.622099 0.434103
-0.274508 0.621003 0.434216
-0.275479 0.620315 0.434308
-0.276650 0.619124 0.434305
-0.278620 0.616836 0.434410
-0.280657 0.614687 0.434395
-0.282455 0.612879 0.434300
-0.284287 0.611287 0.434288
-0.285986 0.609896 0.434245
-0.287887 0.607638 0.434356
-0.289621 0.605567 0.434370
-0.292663 0.601889 0.434073
-0.294160 0.599894 0.433871
-0.296514 0.597963 0.433228
-0.297657 0.597697 0.432615
-0.298153 0.597821 0.432203
-0.298250 0.598062 0.432011
-0.298608 0.598571 0.431621
-0.298885 0.598821 0.431400
-0.299654 0.599081 0.430935
-0.300390 0.598518 0.430726
-0.302441 0.596888 0.430200
-0.302757 0.596699 0.430019
-0.303284 0.596736 0.429645
-0.304022 0.595832 0.429670
-0.304767 0.594730 0.429725
-0.305205 0.593842 0.429737
-0.306357 0.591998 0.429792
-0.307552 0.590342 0.429756
-0.308586 0.588981 0.429667
-0.309689 0.587155 0.429766
-0.310664 0.585675 0.429824
-0.312004 0.583546 0.429918
-0.313395 0.581330 0.429962
-0.315252 0.578124 0.430111
-0.317124 0.575148 0.430142
-0.318527 0.572877 0.430121
-0.320212 0.570084 0.430159
-0.321809 0.567994 0.430048
-0.325169 0.564133 0.429581
-0.329837 0.559207 0.428556
-0.331681 0.557541 0.428079
-0.335046 0.553992 0.427323
-0.336313 0.553030 0.426964
-0.339013 0.551997 0.425787
-0.339955 0.551025 0.425456
-0.341750 0.548918 0.424940
-0.343120 0.547135 0.424603
-0.345280 0.545591 0.423711
-0.346769 0.543698 0.423451
-0.349102 0.541739 0.422799
-0.353038 0.539060 0.421265
-0.354891 0.537841 0.420295
-0.356104 0.538058 0.419580
-0.356996 0.537296 0.419188
-0.357179 0.537237 0.418647
-0.357199 0.536746 0.418476
-0.358433 0.534606 0.418161
-0.358567 0.534396 0.417909
-0.358820 0.534693 0.417477
-0.358736 0.534385 0.417313
-0.359376 0.533144 0.417214
-0.359530 0.532761 0.417232
-0.359420 0.532755 0.417211
-0.359430 0.532600 0.417195
-0.359517 0.532430 0.417118
-0.359552 0.532230 0.417155
-0.359670 0.531691 0.417265
-0.359684 0.531629 0.417292
-0.359644 0.531457 0.417370
-0.359740 0.531383 0.417364
-0.360052 0.530728 0.417381
-0.360106 0.530635 0.417420
-0.360193 0.530457 0.417527
-0.360188 0.530513 0.417485
-0.360153 0.530512 0.417423
-0.360187 0.530361 0.417433
-0.359897 0.530457 0.417511
-0.359778 0.530567 0.417516
-0.359530 0.530340 0.417587
-0.359371 0.530437 0.417594
-0.358926 0.530846 0.417593
-0.358876 0.530945 0.417578
-0.358991 0.530825 0.417502
-0.358995 0.530793 0.417547
-0.358851 0.530901 0.417644
-0.358919 0.530893 0.417619
-0.359327 0.529669 0.417798
-0.359631 0.528469 0.417999
-0.360029 0.526790 0.418308
-0.360315 0.525369 0.418562
-0.360630 0.522978 0.419120
-0.360500 0.522477 0.419317
-0.360503 0.521280 0.419589
-0.360458 0.520713 0.419763
-0.360584 0.519608 0.420101
-0.360779 0.518894 0.420180
-0.360986 0.518807 0.420113
-0.361062 0.518779 0.420142
-0.361245 0.518504 0.420242
-0.361288 0.518154 0.420347
-0.361502 0.517394 0.420481
-0.361713 0.516921 0.420623
-0.361892 0.516374 0.420772
-0.362383 0.514877 0.421066
-0.362817 0.513656 0.421343
-0.362905 0.513026 0.421606
-0.363227 0.511310 0.421958
-0.363489 0.510026 0.422151
-0.363463 0.509081 0.422376
-0.363372 0.506981 0.422951
-0.363297 0.506527 0.423033
-0.362718 0.506205 0.423238
-0.362536 0.506298 0.423269
-0.362324 0.506264 0.423297
-0.362263 0.506326 0.423280
-0.362010 0.506243 0.423332
-0.361919 0.506005 0.423390
-0.361702 0.505915 0.423449
-0.361735 0.505694 0.423482
-0.361705 0.505308 0.423682
-0.361648 0.505031 0.423727
-0.361652 0.504702 0.423749
-0.361795 0.504261 0.422890
-0.361892 0.503843 0.422154
-0.361805 0.503612 0.420948
-0.361587 0.503346 0.420133
-0.361401 0.502994 0.418798
-0.361248 0.502447 0.417854
-0.361053 0.501941 0.417396
-0.360846 0.501741 0.416310
-0.360584 0.501538 0.415537
-0.360195 0.501746 0.415169
-0.359986 0.501492 0.414094
-0.359617 0.501325 0.413300
-0.359252 0.501219 0.412024
-0.358790 0.501275 0.411139
-0.358241 0.501289 0.409812
-0.357576 0.501178 0.408950
-0.356949 0.501337 0.408663
-0.356356 0.501167 0.407759
-0.355614 0.501090 0.407191
-0.354965 0.500898 0.406078
-0.354267 0.500829 0.405378
-0.352888 0.500684 0.405171
-0.352295 0.500695 0.405439
-0.351276 0.501038 0.406061
-0.350873 0.500889 0.406404
-0.349927 0.501074 0.407042
-0.349319 0.501081 0.407399
-0.348381 0.501362 0.407982
-0.347939 0.501519 0.408218
-0.347462 0.501661 0.408465
-0.347479 0.500600 0.408851
-0.347623 0.499467 0.409176
-0.347579 0.498583 0.409508
-0.348000 0.496991 0.409885
-0.348347 0.495492 0.410236
-0.348509 0.494452 0.410626
-0.348914 0.492741 0.411074
-0.349435 0.490804 0.411443
-0.349703 0.489767 0.411750
-0.350205 0.487777 0.412228
-0.350723 0.485664 0.412701
-0.350920 0.484243 0.413124
-0.351425 0.482252 0.413646
-0.351426 0.481704 0.413910
-0.351576 0.480653 0.414252
-0.351444 0.480644 0.414377
-0.351397 0.480329 0.414604
-0.351347 0.480319 0.414689
-0.351297 0.480066 0.414827
-0.351273 0.480149 0.414861
-0.351177 0.480004 0.414941
-0.351130 0.480055 0.414971
-0.350999 0.480126 0.415006
-0.350988 0.480263 0.414983
-0.350956 0.480497 0.414957
-0.350993 0.480618 0.414995
-0.351028 0.480875 0.415001
-0.351090 0.481012 0.415022
-0.351114 0.481204 0.415029
-0.351176 0.481226 0.415008
-0.351322 0.481074 0.414956
-0.351333 0.481121 0.414956
-0.351426 0.480955 0.414973
-0.351484 0.481010 0.414940
-0.351634 0.480826 0.414920
-0.351665 0.480860 0.414905
-0.351816 0.480666 0.414938
-0.351942 0.480733 0.414908
-0.352199 0.480646 0.414835
-0.352313 0.480716 0.414777
-0.352494 0.480715 0.414728
-0.352650 0.480527 0.414693
-0.352895 0.480183 0.414657
-0.353081 0.480080 0.414624
-0.353546 0.479980 0.414547
-0.353722 0.479981 0.414501
-0.354346 0.479854 0.414315
-0.354504 0.479950 0.414259
-0.354668 0.479967 0.414186
-0.354749 0.479865 0.414175
-0.354953 0.479776 0.414126
-0.354959 0.479773 0.414151
-0.355030 0.479700 0.414157
-0.355154 0.479724 0.414124
-0.355441 0.479710 0.414086
-0.355660 0.479637 0.414056
-0.356395 0.479185 0.413948
-0.356591 0.479238 0.413867
-0.356824 0.479444 0.413779
-0.356830 0.479598 0.413754
-0.356965 0.479660 0.413697
-0.357078 0.479552 0.413666
-0.357366 0.479396 0.413548
-0.357809 0.478010 0.413718
-0.358087 0.476781 0.413984
-0.358358 0.475159 0.414375
-0.358973 0.473566 0.414592
-0.359236 0.472886 0.414715
-0.359914 0.472141 0.414785
-0.360230 0.471707 0.414797
-0.360722 0.470161 0.415005
-0.361420 0.468521 0.415242
-0.363013 0.466141 0.415552
-0.363219 0.465855 0.415515
-0.363930 0.465198 0.415376
-0.364274 0.465049 0.415282
-0.364960 0.464835 0.415176
-0.365179 0.464666 0.415177
-0.365377 0.464888 0.415160
-0.365559 0.464988 0.415135
-0.365995 0.464870 0.415056
-0.366113 0.464773 0.415011
-0.366540 0.464576 0.414981
-0.366684 0.464351 0.414967
-0.367306 0.463826 0.414969
-0.367681 0.463619 0.414934
-0.368957 0.463636 0.414844
-0.369350 0.463708 0.414790
-0.370498 0.463557 0.414961
-0.370919 0.463404 0.414969
-0.371213 0.463381 0.414941
-0.371739 0.462192 0.415069
-0.372409 0.461065 0.415189
-0.373054 0.460204 0.415379
-0.373731 0.458299 0.415838
-0.374328 0.456507 0.416209
-0.374796 0.455371 0.416360
-0.375276 0.454393 0.416480
-0.375841 0.453587 0.416744
-0.375974 0.453345 0.416816
-0.376287 0.453100 0.416857
-0.376466 0.452927 0.416911
-0.376933 0.452708 0.417037
-0.377205 0.452718 0.416970
-0.377615 0.452756 0.416740
-0.377797 0.452795 0.416655
-0.378153 0.452760 0.416530
-0.378306 0.452807 0.416456
-0.378367 0.452855 0.416420
-0.378527 0.452731 0.416453
-0.378802 0.452824 0.416369
-0.378951 0.452711 0.416416
-0.379275 0.452309 0.416536
-0.379191 0.452241 0.416574
-0.379184 0.452405 0.416617
-0.379222 0.452163 0.416624
-0.379214 0.452199 0.416588
-0.379363 0.451108 0.416787
-0.379593 0.450103 0.417043
-0.379775 0.449268 0.417267
-0.380155 0.447493 0.417663
-0.380466 0.445895 0.418024
-0.381053 0.443536 0.418596
-0.381266 0.441741 0.419099
-0.381230 0.439962 0.419615
-0.381021 0.439603 0.419741
-0.380601 0.439443 0.419849
-0.380467 0.439296 0.419943
-0.380302 0.439062 0.420055
-0.380249 0.438989 0.420062
-0.380304 0.438915 0.420130
-0.380323 0.438790 0.420145
-0.380425 0.438714 0.420203
-0.380463 0.438625 0.420190
-0.380653 0.438563 0.420212
-0.380776 0.438437 0.420219
-0.381168 0.438190 0.420271
-0.381390 0.438058 0.420229
-0.381876 0.437808 0.420236
-0.382265 0.437508 0.420352
-0.382574 0.437486 0.420423
-0.382737 0.437424 0.420449
-0.383255 0.437776 0.420384
-0.383511 0.437665 0.420401
-0.384325 0.437541 0.420567
-0.385345 0.437491 0.420271
-0.385768 0.437355 0.420298
-0.386154 0.437435 0.420225
-0.386614 0.437503 0.420221
-0.387076 0.437637 0.420235
-0.387851 0.437408 0.420472
-0.388881 0.437194 0.420202
-0.389590 0.437154 0.420503
-0.390664 0.436831 0.420415
-0.391537 0.436953 0.420608
-0.392607 0.436972 0.420363
-0.393197 0.437093 0.420481
-0.393856 0.436769 0.420561
-0.394391 0.436896 0.420840
-0.394609 0.436940 0.420912
-0.395242 0.436712 0.421042
-0.395717 0.437016 0.420965
-0.396565 0.437105 0.420958
-0.396916 0.437195 0.420814
-0.397506 0.437269 0.420825
-0.398649 0.436918 0.421043
-0.399442 0.436740 0.421113
-0.399988 0.436596 0.421029
-0.400263 0.436746 0.420965
-0.400173 0.436747 0.420991
-0.400413 0.436841 0.420957
-0.400754 0.437072 0.420827
-0.401065 0.437093 0.421048
-0.401879 0.437154 0.420916
-0.402804 0.436869 0.420797
-0.403099 0.437032 0.420875
-0.403753 0.437086 0.420880
-0.404127 0.436780 0.420936
-0.403997 0.436890 0.420902
-0.404529 0.437038 0.420853
-0.405388 0.436831 0.420822
-0.406098 0.436610 0.420928
-0.406197 0.436190 0.420780
-0.406343 0.436148 0.420851
-0.406734 0.436190 0.420699
-0.406949 0.436336 0.420699
