[-0.03101745  0.87761993  0.44277932]
[-0.00230744  0.87380557  0.46270742]
[0.0141388  0.86821607 0.47145364]
[0.01029202 0.86216901 0.47299378]
[-0.00471594  0.85591181  0.46914292]
[-0.02425788  0.84988859  0.46047675]
[-0.03803622  0.84627845  0.45120717]
[-0.04660244  0.84381885  0.44350712]
[-0.05325583  0.84208117  0.43599291]
[-0.05837377  0.84067979  0.4284527 ]
[-0.06117393  0.83933756  0.42386039]
[-0.06221543  0.83895002  0.42145698]
[-0.0632457   0.83825729  0.41986038]
[-0.06347437  0.8377966   0.41864334]
[-0.06399404  0.83742942  0.41824915]
[-0.06430045  0.83721989  0.41820593]
[-0.06432805  0.83709787  0.41780669]
[-0.06507341  0.83654787  0.41753197]
[-0.0653663   0.83643317  0.41761875]
[-0.06569158  0.83609558  0.41751152]
[-0.0660366   0.83546733  0.4178868 ]
[-0.06642939  0.83549915  0.41767311]
[-0.06655412  0.83513683  0.41785425]
[-0.06661538  0.83509948  0.41791318]
[-0.06649658  0.83506922  0.41825005]
[-0.06663487  0.83494109  0.41838044]
[-0.06660805  0.83449165  0.41871771]
[-0.06653276  0.83422508  0.41921552]
[-0.06673084  0.83392147  0.41947911]
[-0.06704331  0.83351369  0.41958172]
[-0.06730977  0.83307975  0.41976988]
[-0.06740886  0.8330724   0.41948456]
[-0.06755642  0.8326722   0.41946364]
[-0.06773516  0.83242126  0.41955486]
[-0.06817808  0.83212255  0.41971519]
[-0.06829563  0.83202712  0.41984514]
[-0.06857877  0.83158929  0.41968184]
[-0.069076    0.83092752  0.41993073]
[-0.06917255  0.83071112  0.42016957]
[-0.06932107  0.83067885  0.42004207]
[-0.06958959  0.83016507  0.42020753]
[-0.06957937  0.82980866  0.42074654]
[-0.06927456  0.82929777  0.42134272]
[-0.06929757  0.82907738  0.42197479]
[-0.06945078  0.82864449  0.42190818]
[-0.0695227   0.82851849  0.42181836]
[-0.06982617  0.82811375  0.42192211]
[-0.07001638  0.82788     0.42187277]
[-0.07037682  0.82734219  0.42218893]
[-0.0704023   0.82673855  0.42252102]
[-0.0708121   0.82606588  0.42268185]
[-0.07077519  0.82579255  0.42275502]
[-0.07121424  0.82508592  0.42307523]
[-0.07140341  0.82463125  0.4234247 ]
[-0.07161146  0.82408932  0.42351628]
[-0.07264562  0.82329674  0.42323707]
[-0.07292718  0.82308579  0.42328964]
[-0.0725568   0.822983    0.42369685]
[-0.07260659  0.82242558  0.42403519]
[-0.07268574  0.82186567  0.42443753]
[-0.07262708  0.82152676  0.42454643]
[-0.07267991  0.82137814  0.42458062]
[-0.07307855  0.82043782  0.4249849 ]
[-0.0736013   0.81969826  0.42536116]
[-0.07352664  0.81923581  0.42550533]
[-0.07415078  0.81851981  0.42559766]
[-0.07454455  0.81779454  0.42544114]
[-0.07473502  0.81725907  0.42582804]
[-0.07467439  0.81681365  0.42630456]
[-0.07470917  0.81644361  0.42650721]
[-0.07487201  0.81579805  0.42646304]
[-0.07525578  0.81516657  0.4266578 ]
[-0.07547625  0.81440453  0.42677134]
[-0.07577413  0.81353371  0.42670959]
[-0.07598414  0.81314831  0.42669214]
[-0.07625292  0.81241198  0.42722091]
[-0.07636309  0.81214106  0.42741731]
[-0.07634794  0.81153913  0.42770634]
[-0.07670528  0.81073426  0.42783362]
[-0.0772526   0.81026941  0.42807738]
[-0.07688322  0.8098952   0.42839066]
[-0.07701295  0.80957329  0.42873855]
[-0.07671852  0.80905522  0.42911674]
[-0.07690933  0.80830092  0.42930939]
[-0.07755755  0.80728448  0.42939923]
[-0.07809761  0.8069023   0.42912509]
[-0.07879888  0.80611931  0.42909525]
[-0.07918249  0.80503182  0.42922863]
[-0.07975223  0.80433431  0.42909823]
[-0.08003064  0.80373552  0.4293968 ]
[-0.08020924  0.80325358  0.42966624]
[-0.07982187  0.80302444  0.43007731]
[-0.07985693  0.80228151  0.43055753]
[-0.08048054  0.80168391  0.43045335]
[-0.08117204  0.80079788  0.43059321]
[-0.08175505  0.80017381  0.43053659]
[-0.08174613  0.79957152  0.43063418]
[-0.08182028  0.799327    0.43063087]
[-0.08240156  0.79834983  0.43076178]
[-0.08304485  0.79752184  0.43028531]
[-0.08310299  0.79694015  0.43052068]
[-0.08001439  0.79520315  0.42733057]
[-0.07782175  0.79332862  0.4250251 ]
[-0.0764417   0.7921064   0.42343292]
[-0.07561876  0.7908798   0.42263849]
[-0.07546693  0.78982263  0.4218399 ]
[-0.07538097  0.7889648   0.42115643]
[-0.07491849  0.78815503  0.4216307 ]
[-0.07502455  0.78737647  0.42184557]
[-0.0754223   0.78650603  0.42127957]
[-0.07552266  0.78538165  0.42160369]
[-0.07530454  0.78460264  0.42253383]
[-0.07582566  0.78337728  0.42254077]
[-0.07580072  0.78235351  0.42270813]
[-0.07621591  0.78121946  0.42316634]
[-0.0763161   0.78063377  0.42370593]
[-0.07646679  0.77937428  0.42391445]
[-0.07669635  0.77883726  0.42398103]
[-0.07680354  0.77779231  0.42472367]
[-0.07706934  0.77683213  0.42468106]
[-0.07752186  0.77547627  0.42530787]
[-0.07794761  0.77482482  0.4253289 ]
[-0.07812571  0.77398027  0.42569337]
[-0.07805232  0.77328388  0.42609459]
[-0.07825492  0.77259333  0.42624962]
[-0.07850774  0.77178421  0.42626871]
[-0.07855984  0.77095325  0.42674029]
[-0.0784565   0.77012324  0.42750281]
[-0.07857929  0.76937831  0.42793662]
[-0.07873636  0.76850714  0.4279093 ]
[-0.07888393  0.76792331  0.4279866 ]
[-0.07912498  0.76715102  0.4277831 ]
[-0.07962782  0.76581112  0.4279394 ]
[-0.07991488  0.76510036  0.42790904]
[-0.08034163  0.76470229  0.42801786]
[-0.08041808  0.76410492  0.42866193]
[-0.08065489  0.76334313  0.42825376]
[-0.08072639  0.76232403  0.4287486 ]
[-0.0809594   0.76157327  0.42897622]
[-0.08098863  0.76159276  0.42863271]
[-0.08104643  0.76055997  0.42885041]
[-0.08126641  0.75962034  0.42958164]
[-0.08129671  0.75887814  0.42986521]
[-0.08113736  0.75834157  0.43054485]
[-0.08111312  0.75769098  0.43060598]
[-0.08124858  0.75724674  0.43037571]
[-0.08152727  0.75633581  0.43061675]
[-0.0817162   0.75594682  0.43077253]
[-0.08196212  0.75519324  0.43086754]
[-0.08216515  0.75437851  0.43082277]
[-0.08235713  0.75352082  0.43115579]
[-0.08209337  0.75331833  0.43154749]
[-0.08245825  0.75248568  0.43194126]
[-0.08267031  0.75160693  0.43230208]
[-0.08285739  0.75086524  0.43216952]
[-0.08370122  0.74994431  0.43206354]
[-0.08382769  0.74961087  0.43199688]
[-0.08364474  0.74930316  0.43196312]
[-0.08380866  0.7485586   0.43218801]
[-0.08378571  0.74751138  0.43259839]
[-0.08404978  0.74692824  0.43247764]
[-0.0841368   0.74684347  0.43235718]
[-0.08425345  0.74600356  0.43309931]
[-0.08453979  0.74531645  0.43379805]
[-0.08417376  0.74474812  0.43395961]
[-0.08451554  0.74396432  0.43420003]
[-0.08495059  0.74322925  0.43419884]
[-0.08518911  0.74279973  0.43482156]
[-0.0853291   0.74217251  0.43501639]
[-0.08547468  0.74166088  0.43508954]
[-0.08544555  0.74089254  0.43503067]
[-0.08586413  0.73998521  0.43518858]
[-0.08608422  0.73920418  0.43534579]
[-0.08626785  0.73859097  0.43536135]
[-0.0862119   0.73788389  0.43541026]
[-0.08652834  0.7374319   0.43625471]
[-0.08641738  0.73716426  0.43684106]
[-0.08636717  0.7364056   0.43717147]
[-0.08690028  0.73537731  0.43745335]
[-0.0874057   0.73500276  0.43764513]
[-0.08692424  0.7346338   0.43781718]
[-0.08726278  0.73425961  0.43817731]
[-0.08694025  0.73370861  0.43841448]
[-0.08704946  0.7330034   0.43858379]
[-0.08774487  0.73188968  0.43888266]
[-0.08815532  0.73137424  0.43911905]
[-0.08849436  0.73043979  0.43958391]
[-0.08878143  0.72928462  0.4397402 ]
[-0.08956382  0.72842159  0.43959002]
[-0.08988215  0.72768287  0.43984614]
[-0.09016247  0.72684844  0.4403894 ]
[-0.09000589  0.72649786  0.44050182]
[-0.08991624  0.72579301  0.4409692 ]
[-0.09055046  0.72508627  0.44112836]
[-0.09110204  0.72426612  0.44133338]
[-0.09172872  0.72316011  0.44129616]
[-0.09180152  0.72263576  0.44125291]
[-0.09194216  0.72215257  0.44159278]
[-0.09251501  0.72118214  0.44189616]
[-0.09291803  0.72024651  0.44144368]
[-0.09330369  0.71941253  0.44175607]
[-0.09349701  0.7198152   0.43559742]
[-0.09422428  0.71934962  0.4309326 ]
[-0.09435467  0.71876063  0.42869745]
[-0.09400239  0.71812903  0.42783396]
[-0.09415806  0.7175177   0.42721677]
[-0.09394254  0.7168607   0.42675598]
[-0.09373778  0.71587379  0.42709763]
[-0.09383652  0.71553537  0.42716163]
[-0.0940463   0.71452601  0.42708782]
[-0.09404071  0.71406755  0.42727989]
[-0.09356469  0.71322953  0.42797533]
[-0.09372045  0.71234918  0.42820991]
[-0.09368606  0.71158464  0.42806047]
[-0.09415492  0.71052349  0.428296  ]
[-0.09404236  0.7099643   0.42879566]
[-0.09401163  0.70887374  0.42902368]
[-0.09407474  0.70839085  0.42896787]
[-0.09392752  0.70760086  0.42959328]
[-0.09406957  0.70687947  0.42930614]
[-0.09439393  0.7057366   0.4298651 ]
[-0.09467801  0.70509482  0.42967191]
[-0.09498247  0.70428186  0.4299027 ]
[-0.09479104  0.70375752  0.43007868]
[-0.09490084  0.70301681  0.42991273]
[-0.09496317  0.70220253  0.43000159]
[-0.09494901  0.70174151  0.4305627 ]
[-0.09477922  0.70116955  0.43106617]
[-0.09484761  0.70042317  0.4313465 ]
[-0.09478585  0.6996663   0.43104383]
[-0.09476999  0.69901785  0.43100193]
[-0.09484159  0.69825621  0.43079844]
[-0.09545142  0.69737318  0.43073991]
[-0.09545441  0.69660941  0.43075685]
[-0.09567293  0.69643272  0.43081871]
[-0.09582984  0.69584956  0.43119948]
[-0.09617269  0.69514663  0.43074189]
[-0.09584682  0.6943266   0.43118206]
[-0.09566069  0.69377076  0.43117633]
[-0.09574961  0.69366245  0.43063122]
[-0.0957462   0.69273749  0.4305635 ]
[-0.09603398  0.6917974   0.43123673]
[-0.09592593  0.69103848  0.43130503]
[-0.09569892  0.69050877  0.43172748]
[-0.09565327  0.69013771  0.43146424]
[-0.09574363  0.6896326   0.43109656]
[-0.09572154  0.68868825  0.43137945]
[-0.09596699  0.68819839  0.43180464]
[-0.09620028  0.68769154  0.43168939]
[-0.09621418  0.68731321  0.4314017 ]
[-0.09616596  0.68654693  0.43161223]
[-0.09584349  0.68636594  0.43195041]
[-0.09617122  0.68553949  0.43224689]
[-0.09622539  0.68467841  0.43236453]
[-0.09640836  0.68390729  0.43217424]
[-0.09706879  0.68319662  0.43193709]
[-0.09694415  0.68314575  0.43170612]
[-0.09665213  0.68274644  0.43151462]
[-0.0966918   0.68181108  0.43151175]
[-0.09674451  0.68057882  0.43164943]
[-0.0968622   0.67994806  0.4315923 ]
[-0.09686863  0.6801018   0.43141955]
[-0.0969476   0.6794399   0.43195452]
[-0.097224    0.6790026   0.43248559]
[-0.09693544  0.67843239  0.43251509]
[-0.09708269  0.6777635   0.43264424]
[-0.09750693  0.67710665  0.43256849]
[-0.09766384  0.67678969  0.43302648]
[-0.09776861  0.67605809  0.43305798]
[-0.09787688  0.67577819  0.43294514]
[-0.09752081  0.67508833  0.43264512]
[-0.09763898  0.67434568  0.43255004]
[-0.09776397  0.6736982   0.43250919]
[-0.09813884  0.67296676  0.4325275 ]
[-0.09775648  0.67230024  0.4322982 ]
[-0.09822535  0.67198665  0.43310989]
[-0.09825229  0.67157865  0.43376636]
[-0.09807761  0.67106403  0.43366255]
[-0.09854585  0.67008988  0.43389434]
[-0.09893462  0.66964527  0.43419053]
[-0.09838986  0.66944561  0.43418222]
[-0.09873054  0.66893641  0.43443116]
[-0.09857843  0.66832706  0.43427024]
[-0.09864496  0.66765305  0.43438223]
[-0.09916828  0.66677203  0.43461302]
[-0.09957173  0.66599211  0.43493776]
[-0.09991653  0.66495967  0.43540162]
[-0.10012538  0.66392271  0.43522329]
[-0.10089637  0.66294934  0.4350487 ]
[-0.10108671  0.66231645  0.43527955]
[-0.1012211   0.6615935   0.43571628]
[-0.10100716  0.66130318  0.43566853]
[-0.10086191  0.66059609  0.43602004]
[-0.10135741  0.65966539  0.43625257]
[-0.10184502  0.65902008  0.43645451]
[-0.10232904  0.65756162  0.43660073]
[-0.10236337  0.65727144  0.43637055]
[-0.10281879  0.65636914  0.4367151 ]
[-0.10336341  0.65537609  0.43694964]
[-0.10354483  0.65433848  0.43650211]
[-0.10392758  0.65352882  0.43680684]
[-0.09816933  0.65387599  0.4333007 ]
[-0.09457714  0.65418263  0.43124674]
[-0.09250894  0.65411456  0.43025949]
[-0.09074559  0.65399506  0.42961278]
[-0.09039982  0.65385291  0.42908837]
[-0.08931919  0.65385859  0.42859111]
[-0.08865688  0.65334752  0.42894275]
[-0.08839246  0.65322146  0.42877965]
[-0.08812776  0.65273304  0.428558  ]
[-0.0881563   0.65254701  0.42841557]
[-0.08774889  0.6522445   0.42861094]
[-0.08716477  0.65194571  0.42897049]
[-0.08693908  0.65176867  0.42912687]
[-0.08704285  0.65111663  0.42940255]
[-0.08702019  0.6509059   0.42973204]
[-0.08683034  0.65055707  0.42971237]
[-0.08657139  0.65029923  0.4295396 ]
[-0.08590083  0.64999343  0.42999279]
[-0.08615369  0.64956056  0.42976646]
[-0.08636183  0.64898266  0.4302042 ]
[-0.08619148  0.64881904  0.42997333]
[-0.08640099  0.64827121  0.43042734]
[-0.08580979  0.64798154  0.43083475]
[-0.08569343  0.64767703  0.43061449]
[-0.08554552  0.64725766  0.43064548]
[-0.08548136  0.64707361  0.43118579]
[-0.08544347  0.64677919  0.4314326 ]
[-0.08549563  0.64623466  0.43159877]
[-0.08511183  0.64574408  0.43143865]
[-0.08481581  0.64540373  0.43140881]
[-0.08449533  0.64521954  0.43139545]
[-0.0852215   0.64487645  0.43129365]
[-0.08498327  0.64439472  0.4314998 ]
[-0.08487395  0.64438194  0.43160007]
[-0.08493314  0.64393976  0.4319761 ]
[-0.08517081  0.64339767  0.43177547]
[-0.08487711  0.64303478  0.43199   ]
[-0.08435306  0.6428898   0.43201348]
[-0.08443366  0.64275648  0.43169283]
[-0.08447893  0.64237591  0.4316427 ]
[-0.08489077  0.6416608   0.43213658]
[-0.08472512  0.64111866  0.43220373]
[-0.08453466  0.6406568   0.43255004]
[-0.08462298  0.64050382  0.43220769]
[-0.0845434   0.64018785  0.43213278]
[-0.08431368  0.63948592  0.43253062]
[-0.0846046   0.6392586   0.43298812]
[-0.08488839  0.63888985  0.43292593]
[-0.08474176  0.63866437  0.43270374]
[-0.08459106  0.63811431  0.43288116]
[-0.08415521  0.63811004  0.4331568 ]
[-0.08455982  0.63742723  0.43344308]
[-0.08452633  0.63678409  0.4333767 ]
[-0.08481504  0.63616694  0.43341471]
[-0.08538514  0.63585938  0.4332679 ]
[-0.08526496  0.63592761  0.43305273]
[-0.08485366  0.63556472  0.43313897]
[-0.08471384  0.6348252   0.43318788]
[-0.08467268  0.63399407  0.43322434]
[-0.08472175  0.63356406  0.4333438 ]
[-0.08470156  0.63383695  0.43332698]
[-0.08480421  0.63335948  0.43359038]
[-0.0849617   0.63302414  0.43399593]
[-0.08482989  0.63263931  0.43401028]
[-0.08482676  0.63221767  0.43423698]
[-0.08513757  0.63166821  0.43410479]
[-0.08520207  0.63147512  0.43429594]
[-0.08530876  0.63090664  0.43428304]
[-0.08547988  0.63087431  0.43416294]
[-0.08499878  0.63025292  0.43403459]
[-0.08499994  0.6297115   0.43395143]
[-0.08495994  0.62935259  0.43386375]
[-0.08533748  0.62873602  0.43389551]
[-0.08480043  0.62822396  0.43376993]
[-0.08528658  0.62808568  0.43441915]
[-0.08545467  0.62766462  0.43478162]
[-0.08530487  0.62742804  0.43457464]
[-0.08561286  0.62676881  0.43460318]
[-0.08593635  0.62657542  0.4346504 ]
[-0.08542513  0.62650384  0.43470143]
[-0.08559127  0.62617435  0.43489712]
[-0.0854076   0.62569943  0.43479792]
[-0.08551562  0.62524128  0.43492654]
[-0.08593095  0.62485247  0.43493002]
[-0.08619665  0.62433144  0.43498175]
[-0.08656502  0.62367795  0.43515052]
[-0.08669442  0.62286051  0.43490784]
[-0.08719028  0.62224094  0.43469902]
[-0.08726345  0.62205888  0.43482493]
[-0.08700822  0.62184371  0.43504185]
[-0.08681147  0.62171721  0.43491634]
[-0.08656221  0.62129617  0.43503302]
[-0.08700221  0.62076852  0.43497025]
[-0.08747844  0.62032495  0.43495501]
[-0.08780998  0.61940984  0.43477124]
[-0.08775288  0.61930347  0.43462966]
[-0.08812366  0.61897786  0.43462883]
[-0.08861965  0.61825931  0.43461095]
[-0.08863391  0.61745477  0.43420796]
[-0.08887392  0.61709663  0.43430092]
[-0.08257313  0.61189467  0.4324136 ]
[-0.08011685  0.60741939  0.43035788]
[-0.0792821   0.60446739  0.42899071]
[-0.07798224  0.60239787  0.42848846]
[-0.07816588  0.60133487  0.42787924]
[-0.07744964  0.60079615  0.42761685]
[-0.07724977  0.59982714  0.42777205]
[-0.07762117  0.59944849  0.42766297]
[-0.07742971  0.59871045  0.42766831]
[-0.07776984  0.598332    0.42754818]
[-0.07778934  0.59817441  0.42761266]
[-0.07735041  0.59792511  0.4278636 ]
[-0.07746927  0.59739715  0.42812905]
[-0.07799799  0.59675563  0.42825289]
[-0.07822783  0.59652105  0.42843156]
[-0.0782216   0.59629624  0.42841874]
[-0.07798057  0.59595615  0.42843581]
[-0.07743677  0.59524101  0.42866178]
[-0.07802446  0.59466848  0.42860445]
[-0.07834517  0.59441419  0.42890567]
[-0.07826674  0.5943441   0.42870912]
[-0.07857021  0.5936255   0.42915296]
[-0.07809955  0.59286983  0.42957526]
[-0.07815306  0.5925924   0.4294337 ]
[-0.07821714  0.59216517  0.42952752]
[-0.07849485  0.59230504  0.42971083]
[-0.07835022  0.5919106   0.42992744]
[-0.078826    0.59125565  0.43007589]
[-0.07864183  0.59041583  0.43016574]
[-0.0781841   0.59015514  0.43017158]
[-0.07808189  0.59040138  0.43002343]
[-0.07876205  0.58995685  0.43009282]
[-0.07870555  0.58923098  0.43031636]
[-0.07879944  0.58911752  0.43032203]
[-0.07911651  0.58848394  0.43053198]
[-0.07931252  0.58769226  0.43051015]
[-0.07920667  0.58757923  0.43051531]
[-0.07867336  0.58742707  0.4304488 ]
[-0.07880251  0.58741277  0.43033517]
[-0.07906531  0.58684297  0.43042524]
[-0.07958051  0.58624941  0.43058282]
[-0.07950953  0.58566557  0.43065156]
[-0.07966847  0.5850397   0.43098853]
[-0.07987796  0.58504239  0.4307884 ]
[-0.08008722  0.58471385  0.43088421]
[-0.07987906  0.58385647  0.43115872]
[-0.08024582  0.58360643  0.43145951]
[-0.08067022  0.58314445  0.4315047 ]
[-0.08073023  0.58307702  0.43127091]
[-0.08076297  0.58267506  0.4312387 ]
[-0.0802481   0.58257729  0.43136334]
[-0.08082329  0.58206384  0.43154853]
[-0.08084545  0.58146233  0.43138929]
[-0.08139323  0.58084065  0.43150251]
[-0.08225692  0.58054593  0.43130392]
[-0.08232612  0.58059705  0.43114084]
[-0.08189091  0.58012533  0.43128805]
[-0.08200785  0.57938465  0.43137424]
[-0.0821022   0.57878893  0.43131107]
[-0.08233202  0.57830507  0.43138858]
[-0.08245942  0.57849391  0.43136002]
[-0.08278657  0.57811045  0.43138228]
[-0.08296271  0.57791092  0.43157162]
[-0.08300055  0.57747537  0.43171724]
[-0.08315526  0.57719824  0.4318409 ]
[-0.08352543  0.57674707  0.4315702 ]
[-0.08389182  0.57652101  0.431508  ]
[-0.08414961  0.57601148  0.43155097]
[-0.08457175  0.57606914  0.43139112]
[-0.0840316   0.57548893  0.43136746]
[-0.08423531  0.57488647  0.43119732]
[-0.08432397  0.57455944  0.43095496]
[-0.08475966  0.5740029   0.43101318]
[-0.08436707  0.57346212  0.43095416]
[-0.08517615  0.5734524   0.43122365]
[-0.08551535  0.57308257  0.43137213]
[-0.08577098  0.57281328  0.43115057]
[-0.08613004  0.57217891  0.43107264]
[-0.08663437  0.57220835  0.43098455]
[-0.08619344  0.57201954  0.43104333]
[-0.08646453  0.57186446  0.43119327]
[-0.08636683  0.57150493  0.43115657]
[-0.08663968  0.57106343  0.43132423]
[-0.08722034  0.57083453  0.43122889]
[-0.08757868  0.5704259   0.43112519]
[-0.08807445  0.5698339   0.4312085 ]
[-0.08833069  0.56917991  0.43102121]
[-0.08886164  0.56880854  0.43074395]
[-0.0889447   0.56868582  0.43092027]
[-0.08879368  0.56846927  0.43098502]
[-0.08880735  0.56824775  0.43086012]
[-0.08879891  0.56802711  0.43096164]
[-0.08939505  0.56782102  0.43093422]
[-0.08991552  0.56753461  0.43099424]
[-0.09025168  0.56675239  0.43081397]
[-0.09036077  0.56661924  0.43071431]
[-0.09081961  0.56643449  0.43064905]
[-0.09131197  0.56588255  0.43078213]
[-0.09114879  0.56552188  0.43058257]
[-0.09142452  0.56536778  0.4307633 ]
[-0.08308813  0.56187204  0.43166675]
[-0.07817008  0.55966258  0.43200029]
[-0.0760563   0.55809392  0.4319143 ]
[-0.0742021   0.556627    0.43172737]
[-0.07396766  0.55596806  0.43150553]
[-0.0731108   0.55559713  0.43129113]
[-0.07310358  0.55480002  0.43129649]
[-0.07382173  0.55433941  0.43123509]
[-0.0736012   0.55327192  0.43121816]
[-0.07417991  0.55285761  0.43111145]
[-0.07441367  0.55276072  0.43112597]
[-0.07444635  0.55236949  0.43114061]
[-0.07486982  0.55165871  0.43131512]
[-0.07532131  0.55102872  0.43143591]
[-0.07564153  0.55078816  0.431481  ]
[-0.07580248  0.55074918  0.4314144 ]
[-0.07582031  0.55010165  0.43135776]
[-0.07568295  0.54921007  0.43124844]
[-0.07641859  0.54856823  0.4312915 ]
[-0.07704772  0.54846856  0.43146852]
[-0.07714306  0.54823215  0.4312637 ]
[-0.0776067   0.54711211  0.43157211]
[-0.07721168  0.54618045  0.43175786]
[-0.07762324  0.54578935  0.43161902]
[-0.07779334  0.54544378  0.43162229]
[-0.07825531  0.54539461  0.43176366]
[-0.07834757  0.54490253  0.43185019]
[-0.07920721  0.54442897  0.4319681 ]
[-0.07939663  0.54347135  0.4319273 ]
[-0.07914452  0.54315975  0.43188686]
[-0.07926897  0.54337785  0.43168131]
[-0.08012242  0.54306712  0.43176742]
[-0.0803078   0.54259886  0.43187013]
[-0.0805995   0.54233862  0.43185775]
[-0.08093427  0.54156195  0.43204112]
[-0.08139778  0.54090166  0.43196791]
[-0.08163468  0.5408837   0.43187961]
[-0.08132912  0.54077856  0.43163831]
[-0.08133818  0.54067433  0.43163211]
[-0.08199146  0.54010462  0.43166787]
[-0.08295987  0.53949895  0.43170473]
[-0.08322598  0.53904989  0.43171391]
[-0.08380351  0.53831748  0.4320412 ]
[-0.08439636  0.5382259   0.43196507]
[-0.08476548  0.53767253  0.43217875]
[-0.08499556  0.53703056  0.43219236]
[-0.0854561   0.53675908  0.43230799]
[-0.08599868  0.53628839  0.43239616]
[-0.08632121  0.53623938  0.43221382]
[-0.08694616  0.53595422  0.43212121]
[-0.0865269   0.5356447   0.43207397]
[-0.0876257   0.53534521  0.43222091]
[-0.08793876  0.53471486  0.43200165]
[-0.08876884  0.53421896  0.43214174]
[-0.08996443  0.5340819   0.43199059]
[-0.09032243  0.53421429  0.43191031]
[-0.0896918   0.53377277  0.43205937]
[-0.09038189  0.53318558  0.43212383]
[-0.09119375  0.53254701  0.4318816 ]
[-0.09171142  0.53205718  0.4318919 ]
[-0.09196089  0.53219984  0.43192367]
[-0.09267947  0.53183531  0.43186879]
[-0.09326636  0.5317126   0.43193565]
[-0.09366653  0.5311842   0.43213444]
[-0.09414185  0.53104624  0.43221516]
[-0.09473761  0.53068853  0.43192   ]
[-0.09556911  0.53044943  0.43183733]
[-0.09615588  0.52986444  0.43181808]
[-0.09677186  0.53010715  0.43165044]
[-0.09686175  0.52949627  0.43158878]
[-0.09746386  0.52898745  0.43141233]
[-0.09771758  0.52865587  0.43106089]
[-0.09849101  0.52833594  0.43117825]
[-0.09863106  0.52785468  0.4310123 ]
[-0.0995357   0.52786816  0.43131595]
[-0.10014048  0.52749742  0.43144929]
[-0.10095541  0.52723318  0.43118519]
[-0.10169156  0.52679663  0.43101725]
[-0.10245835  0.52693318  0.43099553]
[-0.10217151  0.52674858  0.43100653]
[-0.10272634  0.52659608  0.43117354]
[-0.10338959  0.52609942  0.43108182]
[-0.10404974  0.52568826  0.43123483]
[-0.10472761  0.5256141   0.43117244]
[-0.10540961  0.52525258  0.43099573]
[-0.10628044  0.52464172  0.43110354]
[-0.10703054  0.52401675  0.43095449]
[-0.107945    0.52356435  0.43068409]
[-0.10819146  0.5236451   0.43079534]
[-0.10842654  0.5233946   0.43084533]
[-0.10883507  0.52313458  0.43065439]
[-0.10938839  0.52294955  0.43080292]
[-0.11038015  0.52282933  0.43073135]
[-0.11110743  0.52261972  0.43085442]
[-0.11191791  0.52181403  0.43066773]
[-0.11235982  0.52154115  0.43062201]
[-0.11289392  0.5215558   0.43058155]
[-0.11364252  0.52104742  0.43089468]
[-0.11378796  0.52078819  0.43072969]
[-0.11434721  0.52067288  0.43099434]
[-0.1172381   0.52004834  0.42380938]
[-0.11989724  0.51861402  0.41939925]
[-0.1216497   0.51772971  0.41708908]
[-0.12219869  0.51719305  0.41578902]
[-0.1232423   0.51694284  0.41491277]
[-0.12306569  0.51717859  0.41444796]
[-0.12398455  0.51640049  0.41411129]
[-0.12538809  0.51592192  0.41383238]
[-0.12581864  0.51553299  0.41354918]
[-0.12707042  0.51504235  0.41348932]
[-0.12774735  0.51477584  0.41339734]
[-0.12884731  0.51442331  0.41326282]
[-0.13017631  0.51362365  0.41346733]
[-0.13112431  0.51290842  0.4133584 ]
[-0.13215983  0.51274827  0.41321035]
[-0.13286755  0.51250862  0.41312982]
[-0.13400281  0.51222828  0.41269432]
[-0.13517894  0.51179017  0.4124452 ]
[-0.13646597  0.5107556   0.41217493]
[-0.13793177  0.51007307  0.41236313]
[-0.1386361   0.51011452  0.4117589 ]
[-0.13992263  0.50904695  0.4119504 ]
[-0.14037129  0.50887008  0.41203947]
[-0.14165152  0.50877501  0.41145795]
[-0.1426498   0.50848005  0.41134454]
[-0.14367323  0.50808703  0.41137328]
[-0.14465078  0.50795904  0.41126602]
[-0.14601251  0.50741943  0.41125041]
[-0.1470036   0.50715394  0.41065146]
[-0.14743677  0.50735736  0.41044394]
[-0.14836231  0.50742489  0.41004211]
[-0.14952037  0.50677238  0.40996913]
[-0.1502879   0.50652566  0.40997542]
[-0.15073632  0.50662041  0.40981116]
[-0.15176791  0.50607738  0.40998962]
[-0.15282189  0.50572549  0.40987884]
[-0.15377807  0.50538073  0.4097239 ]
[-0.15426079  0.50525062  0.40904089]
[-0.15476223  0.50534034  0.40863622]
[-0.15579101  0.50469245  0.40855545]
[-0.15708575  0.50399369  0.40827351]
[-0.15776256  0.50387995  0.40778729]
[-0.15887676  0.50365885  0.40804297]
[-0.16014069  0.5032568   0.40783954]
[-0.16087938  0.50338803  0.40772157]
[-0.16188005  0.5031918   0.40764359]
[-0.16268353  0.50233821  0.40789827]
[-0.1632884   0.50240916  0.40778434]
[-0.16376834  0.50253118  0.40718989]
[-0.16490525  0.50202835  0.407022  ]
[-0.16570688  0.50174115  0.40678914]
[-0.16727113  0.50143008  0.40637715]
[-0.16823487  0.50067787  0.40607928]
[-0.16874915  0.50009204  0.40605363]
[-0.17005176  0.50001876  0.40552583]
[-0.17048771  0.50054465  0.40519296]
[-0.17042393  0.5005663   0.40525671]
[-0.17160479  0.50035752  0.40466741]
[-0.17260592  0.49951639  0.40463323]
[-0.17331624  0.49920084  0.40421994]
[-0.17364264  0.49936168  0.40411249]
[-0.17449177  0.49862031  0.40405716]
[-0.17552354  0.49876164  0.4041097 ]
[-0.17630397  0.49857438  0.40412712]
[-0.17703656  0.49883151  0.40398904]
[-0.17765455  0.49825404  0.40353001]
[-0.17872959  0.49820577  0.40333586]
[-0.17952721  0.4975012   0.40307899]
[-0.18039394  0.49742826  0.40249666]
[-0.18087798  0.49734185  0.40237807]
[-0.18157039  0.49714305  0.40180569]
[-0.1821291   0.49657184  0.40137436]
[-0.18275342  0.49631081  0.40147812]
[-0.18357969  0.49645839  0.40110148]
[-0.18369355  0.49652073  0.40152392]
[-0.18426467  0.49639972  0.40179476]
[-0.18543047  0.49634045  0.40122851]
[-0.18597083  0.49601485  0.4009047 ]
[-0.18624815  0.49657877  0.40113522]
[-0.1866204   0.49688031  0.40117832]
[-0.18719555  0.49686013  0.40135636]
[-0.18817752  0.49681491  0.40104489]
[-0.18861593  0.49678579  0.40081857]
[-0.1890755   0.49715696  0.40077648]
[-0.18985813  0.49714735  0.40053992]
[-0.19035224  0.49716816  0.40070697]
[-0.19109964  0.49708476  0.40039768]
[-0.19182052  0.49688351  0.39998096]
[-0.19225214  0.49734547  0.40003042]
[-0.19267991  0.49739241  0.40017339]
[-0.19342861  0.49792351  0.39965667]
[-0.19402948  0.49859269  0.39964379]
[-0.19451949  0.49859546  0.39957539]
[-0.1948175   0.49883486  0.39976939]
[-0.19551759  0.49878691  0.39913487]
[-0.19578256  0.49924731  0.39915979]
[-0.19608358  0.49924768  0.39936285]
[-0.19653055  0.49901559  0.40000583]
[-0.19699446  0.49927551  0.39941218]
[-0.19712696  0.49943174  0.39955566]
[-0.20188874  0.49137921  0.37950483]
[-0.20765493  0.47966602  0.37352219]
[-0.2112134   0.46961742  0.3728219 ]
[-0.21289425  0.46204061  0.37085294]
[-0.21420276  0.4542437   0.3682486 ]
[-0.2144141   0.45052132  0.36640685]
[-0.2147096   0.44834983  0.36557511]
[-0.21541131  0.44759574  0.36486056]
[-0.21584722  0.44691745  0.36405193]
[-0.2160699   0.44629501  0.36375755]
[-0.21616437  0.44601467  0.36355408]
[-0.21704903  0.44678845  0.36367487]
[-0.21766792  0.44701644  0.36376859]
[-0.21811276  0.44652387  0.3643344 ]
[-0.21863302  0.4472128   0.364437  ]
[-0.21870572  0.44730286  0.36428501]
[-0.21966918  0.44775913  0.36392623]
[-0.22018444  0.44828355  0.36394971]
[-0.22063017  0.44779232  0.36351368]
[-0.22116463  0.44833959  0.3647487 ]
[-0.22187994  0.44867002  0.36420093]
[-0.22233521  0.44814628  0.36420462]
[-0.22298673  0.44881477  0.36475664]
[-0.22336896  0.44915528  0.36406542]
[-0.22346982  0.44960053  0.36399975]
[-0.22454482  0.45017102  0.36498455]
[-0.22481714  0.45059257  0.3654094 ]
[-0.22526204  0.45125516  0.36562596]
[-0.22591051  0.45231093  0.36510978]
[-0.226001    0.45306452  0.36494608]
[-0.2268511   0.45327838  0.36452791]
[-0.22750792  0.45353689  0.36529112]
[-0.22734957  0.45418458  0.36529619]
[-0.22770755  0.45473553  0.36517875]
[-0.22823427  0.45429849  0.36520128]
[-0.22910019  0.45411172  0.36566003]
[-0.22950682  0.45465152  0.36575321]
[-0.23005004  0.45589645  0.36578241]
[-0.23035493  0.45636237  0.36576607]
[-0.23097963  0.45637824  0.36594623]
[-0.2312419   0.45599486  0.36606429]
[-0.23193888  0.45572426  0.36630954]
[-0.23205489  0.4563159   0.36689358]
[-0.23213039  0.45654378  0.36679989]
[-0.23300942  0.45713372  0.36696815]
[-0.23364655  0.45762594  0.36771029]
[-0.23353228  0.45740255  0.36822467]
[-0.23436515  0.45740058  0.36848986]
[-0.23465937  0.4573493   0.3683125 ]
[-0.23516178  0.45721882  0.36834483]
[-0.23549876  0.45756472  0.36858982]
[-0.23519152  0.45749759  0.36840099]
[-0.23597523  0.45799837  0.36841986]
[-0.23656708  0.45751086  0.36882194]
[-0.23689604  0.45755689  0.36840487]
[-0.23701956  0.45793508  0.36861451]
[-0.23772581  0.45796145  0.3690306 ]
[-0.23830858  0.45809295  0.36910705]
[-0.2387978   0.45873721  0.36959886]
[-0.23917484  0.45923509  0.36973626]
[-0.23926417  0.45894355  0.37006042]
[-0.23916599  0.45822354  0.37035949]
[-0.23884785  0.45842354  0.37094672]
[-0.2397341   0.45832504  0.37184738]
[-0.24021648  0.45882884  0.37193871]
[-0.24092151  0.4582391   0.37246221]
[-0.2409776   0.45861261  0.37196549]
[-0.24120066  0.45857456  0.37222411]
[-0.24209081  0.45843211  0.37236989]
[-0.24227842  0.45849127  0.37279554]
[-0.24234664  0.45840176  0.3726167 ]
[-0.24258543  0.45812452  0.37295618]
[-0.24312615  0.45796068  0.37419201]
[-0.24367799  0.45807902  0.37401796]
[-0.24288651  0.45796508  0.37457126]
[-0.24313294  0.4581611   0.37483428]
[-0.24376322  0.4580934   0.37462206]
[-0.24431896  0.45754332  0.37503154]
[-0.24458857  0.45838946  0.37530434]
[-0.24502285  0.45900143  0.37599668]
[-0.24471935  0.45913864  0.37628889]
[-0.24521442  0.45906907  0.37671696]
[-0.24545361  0.4592623   0.37700902]
[-0.24605556  0.45939392  0.37742991]
[-0.24655633  0.45890059  0.37786318]
[-0.24658586  0.45903464  0.37844609]
[-0.24719083  0.45871786  0.37887382]
[-0.24736241  0.4582829   0.37866955]
[-0.24765052  0.45891435  0.37933975]
[-0.24772587  0.45939786  0.38008254]
[-0.24870892  0.45959434  0.38012228]
[-0.24902046  0.460033    0.38066113]
[-0.24904563  0.46003377  0.38079097]
[-0.24877295  0.4605728   0.38118187]
[-0.24972467  0.45970805  0.38117848]
[-0.25002652  0.46035107  0.381384  ]
[-0.25008807  0.45993181  0.3815    ]
[-0.25019375  0.46043984  0.38206289]
[-0.25084893  0.46060226  0.3822301 ]
[-0.25074071  0.46075472  0.38268102]
[-0.25807442  0.45527216  0.36688074]
[-0.26213606  0.45171267  0.35617728]
[-0.26390624  0.45071763  0.34960892]
[-0.26483097  0.45150083  0.34562831]
[-0.26576487  0.45164686  0.34313254]
[-0.26620175  0.45244285  0.34173439]
[-0.26685534  0.45276409  0.34073111]
[-0.26756695  0.45309053  0.34004258]
[-0.26838269  0.45298607  0.33945252]
[-0.26884579  0.45238462  0.33949578]
[-0.2691473   0.45280177  0.33925891]
[-0.27022017  0.45284587  0.33884586]
[-0.27105303  0.45272326  0.3385457 ]
[-0.2715732   0.45231709  0.33843914]
[-0.27208243  0.45316325  0.33817997]
[-0.27248916  0.45275158  0.33797201]
[-0.27363352  0.45293658  0.33759644]
[-0.27436797  0.45372138  0.33763822]
[-0.27511052  0.4533752   0.33712086]
[-0.27579319  0.4544212   0.3376598 ]
[-0.27650187  0.45503498  0.33692428]
[-0.2769599   0.45514682  0.33708254]
[-0.27749241  0.45578273  0.33715445]
[-0.27826067  0.45575591  0.33625431]
[-0.2788144   0.45633168  0.33592584]
[-0.27977491  0.45682541  0.33592238]
[-0.28029585  0.45731656  0.33608122]
[-0.28086457  0.45802576  0.33595619]
[-0.28211588  0.45884054  0.33502897]
[-0.28254952  0.45905018  0.33473126]
[-0.28345323  0.45907423  0.33434919]
[-0.28408462  0.45968719  0.33430131]
[-0.28434632  0.46073499  0.33396815]
[-0.28462783  0.46136323  0.33368042]
[-0.28516405  0.46128196  0.33363031]
[-0.28609695  0.46141859  0.3335188 ]
[-0.28674194  0.46191125  0.3334605 ]
[-0.28756754  0.46301653  0.33335199]
[-0.28812883  0.46352794  0.33291819]
[-0.28869006  0.46391253  0.33267073]
[-0.28898564  0.46391129  0.33236034]
[-0.28978028  0.46399481  0.33188372]
[-0.29019816  0.46444155  0.33193453]
[-0.29069051  0.46469013  0.33189279]
[-0.29160303  0.46532176  0.33138159]
[-0.29259595  0.46637776  0.33138613]
[-0.29292749  0.46680696  0.33138564]
[-0.29321791  0.46759092  0.33128505]
[-0.29371095  0.46773039  0.33110673]
[-0.29439923  0.46795257  0.33092052]
[-0.29497421  0.46833538  0.33069701]
[-0.29518955  0.46845585  0.33098379]
[-0.29617491  0.4684805   0.33055228]
[-0.29671379  0.46849911  0.33084248]
[-0.29728471  0.4687594   0.3301162 ]
[-0.29762377  0.46919058  0.32979471]
[-0.29853913  0.46967398  0.32973441]
[-0.29935524  0.46991532  0.32943589]
[-0.30001758  0.47022284  0.32922745]
[-0.30046062  0.47066867  0.32904292]
[-0.30048483  0.47097595  0.32890817]
[-0.30081654  0.47066149  0.32926768]
[-0.3010838   0.47130462  0.3292547 ]
[-0.30210154  0.47134425  0.32962206]
[-0.30268     0.47183608  0.32916067]
[-0.30345573  0.47156306  0.3289884 ]
[-0.30393559  0.47172943  0.32865487]
[-0.30454786  0.4717077   0.32865992]
[-0.30506205  0.47164037  0.32828749]
[-0.30578308  0.4714058   0.32824841]
[-0.30616178  0.47132673  0.32796343]
[-0.30672288  0.47096189  0.32809228]
[-0.30755393  0.47079027  0.32833599]
[-0.30806036  0.47104995  0.32816145]
[-0.30806394  0.47124363  0.32854957]
[-0.30862265  0.47132802  0.32859575]
[-0.30918124  0.47142941  0.32801091]
[-0.30960876  0.47109121  0.328235  ]
[-0.31019376  0.47156432  0.32783654]
[-0.31054848  0.47187147  0.32810119]
[-0.31072165  0.47171392  0.32822928]
[-0.3117745   0.4713257   0.32807979]
[-0.31244354  0.47120122  0.32796233]
[-0.31305316  0.47141846  0.3279282 ]
[-0.31367811  0.47136099  0.32766213]
[-0.31390259  0.47146292  0.32793994]
[-0.31474009  0.47121572  0.32812929]
[-0.31510566  0.47104102  0.32763952]
[-0.31553684  0.47163402  0.32768942]
[-0.31600034  0.47174571  0.32796159]
[-0.31695649  0.47149013  0.32751649]
[-0.31773596  0.47164463  0.32749243]
[-0.31792119  0.47159391  0.32749388]
[-0.31796818  0.47170001  0.32762825]
[-0.31870786  0.47100657  0.32716473]
[-0.3189302   0.47131254  0.326955  ]
[-0.31891946  0.4712984   0.32713843]
[-0.31906605  0.47156455  0.32728415]
[-0.31985926  0.47119191  0.32712495]
[-0.32009851  0.47092153  0.32755749]
[-0.32930425  0.46030137  0.32586454]
[-0.33475757  0.45166415  0.32509025]
[-0.33738691  0.44777167  0.32541135]
[-0.33904886  0.44623533  0.32581435]
[-0.34004721  0.44535456  0.32608112]
[-0.34113972  0.44514378  0.32655665]
[-0.34172599  0.44538776  0.32709159]
[-0.34213714  0.44632412  0.32719196]
[-0.34257368  0.44635924  0.32744375]
[-0.34249345  0.4465489   0.32768865]
[-0.34263645  0.44720243  0.32759012]
[-0.34308146  0.44757088  0.32801396]
[-0.3434831   0.44779175  0.32806448]
[-0.34404159  0.44762145  0.3284601 ]
[-0.34441339  0.44805043  0.32872947]
[-0.34463149  0.44830881  0.32838831]
[-0.34500819  0.44884673  0.32871655]
[-0.34518099  0.45044775  0.3287925 ]
[-0.34552324  0.4503208   0.32921856]
[-0.34597866  0.45122913  0.33002078]
[-0.34659819  0.45170045  0.32990366]
[-0.34683831  0.45217603  0.33011033]
[-0.34753806  0.45312781  0.33071465]
[-0.34769197  0.45383522  0.33012703]
[-0.34797905  0.45457505  0.33029021]
[-0.34839876  0.45490997  0.33078874]
[-0.34860558  0.4548974   0.33104591]
[-0.34883485  0.4553676   0.33127204]
[-0.34943576  0.45608021  0.33085077]
[-0.34993958  0.45661002  0.33091364]
[-0.35057955  0.45669074  0.33118053]
[-0.35105508  0.45735853  0.33173895]
[-0.35097067  0.45795813  0.33155211]
[-0.35114859  0.45806154  0.33140745]
[-0.3513953  0.4578083  0.3315767]
[-0.35205621  0.45834081  0.33202826]
[-0.35240888  0.45828354  0.33250176]
[-0.35287177  0.45881819  0.33263989]
[-0.35320098  0.45902724  0.33255921]
[-0.3533481   0.4592885   0.33270634]
[-0.35328366  0.45921063  0.33246545]
[-0.35399133  0.45936056  0.33269129]
[-0.35407923  0.45974484  0.33314541]
[-0.35427735  0.45989131  0.33334947]
[-0.3547432   0.46031167  0.33311498]
[-0.35520876  0.46073806  0.33353482]
[-0.35536946  0.46076271  0.333811  ]
[-0.35543653  0.46118964  0.33388079]
[-0.35575827  0.46082932  0.33390884]
[-0.35580038  0.46054381  0.33387621]
[-0.35624953  0.46067858  0.33420817]
[-0.3561766   0.4605869   0.33424957]
[-0.3564466   0.4606097   0.33410489]
[-0.35695594  0.46030614  0.3345442 ]
[-0.35719384  0.4599697   0.33437169]
[-0.35738342  0.45999307  0.33432978]
[-0.35787427  0.46005821  0.33454302]
[-0.35830542  0.46006036  0.33472449]
[-0.35868026  0.45978783  0.33490356]
[-0.35885491  0.46013568  0.33497031]
[-0.35868966  0.46026147  0.33514482]
[-0.35862797  0.45988972  0.33550537]
[-0.35860607  0.46012177  0.33553847]
[-0.35928184  0.45959125  0.33630823]
[-0.35959675  0.45967535  0.33627727]
[-0.36008317  0.45915098  0.33640979]
[-0.36005194  0.45924592  0.3361741 ]
[-0.36044653  0.45881673  0.33630799]
[-0.36087228  0.45810857  0.33645141]
[-0.36123199  0.45764964  0.33671251]
[-0.36140293  0.45744074  0.33646253]
[-0.36166053  0.45669052  0.33675929]
[-0.36201301  0.45604908  0.33731418]
[-0.36223918  0.45575624  0.33736138]
[-0.36203706  0.45565377  0.33751384]
[-0.36246427  0.45548997  0.33777717]
[-0.36257482  0.45561618  0.33773414]
[-0.36283725  0.45496167  0.33807289]
[-0.3629986   0.45484692  0.3379175 ]
[-0.36333884  0.45483836  0.33842663]
[-0.36336519  0.45464933  0.33856577]
[-0.36392011  0.45403968  0.33887936]
[-0.36430588  0.45355895  0.33908803]
[-0.36455588  0.45341784  0.33916798]
[-0.36478616  0.4531292   0.33915676]
[-0.36475778  0.45294432  0.33942299]
[-0.36520821  0.45223663  0.33993581]
[-0.36555864  0.45200639  0.33977577]
[-0.36570644  0.45229211  0.33997299]
[-0.36599364  0.45217234  0.34036301]
[-0.36646088  0.45167158  0.34057388]
[-0.36683475  0.45153486  0.3409582 ]
[-0.3668882   0.45101531  0.3411147 ]
[-0.36687462  0.45066471  0.34137731]
[-0.36726052  0.45013733  0.34134009]
[-0.36739584  0.45021307  0.34119585]
[-0.36726723  0.45001754  0.34150693]
[-0.36730994  0.45006096  0.34167806]
[-0.36776771  0.44975399  0.34185494]
