[-0.03101745  0.87761993  0.44277932]
[-0.03357648  0.87575286  0.45538488]
[-0.03587858  0.87446416  0.45473649]
[-0.03536152  0.87449525  0.44822836]
[-0.03530832  0.87443075  0.44183433]
[-0.03645011  0.87414999  0.43636379]
[-0.03832018  0.8739308   0.43127758]
[-0.04036495  0.87356848  0.4265316 ]
[-0.04266788  0.87310376  0.42211416]
[-0.04423775  0.87273     0.41867317]
[-0.04526685  0.87231514  0.41666109]
[-0.04596388  0.87196981  0.41561009]
[-0.04627892  0.8715975   0.41499297]
[-0.04650007  0.87129104  0.4144231 ]
[-0.04678606  0.87096147  0.41440728]
[-0.04713894  0.87062264  0.41430499]
[-0.04771365  0.87025038  0.41400379]
[-0.04815227  0.86983858  0.41376382]
[-0.04839048  0.86943625  0.41375492]
[-0.04894868  0.86898269  0.41391717]
[-0.0492311  0.8686495  0.4140681]
[-0.04971048  0.86809372  0.41421586]
[-0.05016357  0.86757054  0.4143024 ]
[-0.05065159  0.86700765  0.41437824]
[-0.05078739  0.86676913  0.41479052]
[-0.05114838  0.86637092  0.41486076]
[-0.05156727  0.86585983  0.41465233]
[-0.05179853  0.8653617   0.41493829]
[-0.05196874  0.86497296  0.4148986 ]
[-0.05256661  0.86432318  0.41504339]
[-0.0527503   0.86376404  0.4154946 ]
[-0.05323332  0.86303103  0.41575851]
[-0.05312108  0.86253635  0.41593127]
[-0.05357318  0.86210488  0.41584644]
[-0.05438842  0.86123822  0.41579951]
[-0.05418482  0.86110968  0.41597181]
[-0.05431492  0.86026379  0.41640552]
[-0.05446717  0.85969356  0.41636598]
[-0.05516081  0.85906525  0.41632782]
[-0.05606942  0.85826302  0.41605724]
[-0.05665012  0.85757013  0.41598057]
[-0.05674488  0.85694976  0.41620213]
[-0.05649699  0.85604033  0.41694813]
[-0.05670969  0.85538766  0.41722214]
[-0.05708811  0.85483054  0.41712971]
[-0.05744506  0.85441728  0.4168927 ]
[-0.05752242  0.85366635  0.41717954]
[-0.05724073  0.85317572  0.41740686]
[-0.05709841  0.85232052  0.41774785]
[-0.05763553  0.8512031   0.41794624]
[-0.05782799  0.85034152  0.41808855]
[-0.05806062  0.8497787   0.41805161]
[-0.0585067   0.84912979  0.41784328]
[-0.05869743  0.84828594  0.41828583]
[-0.05876126  0.84736906  0.41851663]
[-0.05906735  0.8466639   0.41840533]
[-0.05922474  0.84606621  0.41836878]
[-0.05950479  0.84494176  0.41877123]
[-0.0594201   0.84418612  0.41903184]
[-0.0591364   0.84328829  0.41938781]
[-0.05951432  0.84235657  0.41936066]
[-0.06012418  0.84144555  0.41915282]
[-0.06033062  0.84043368  0.41908895]
[-0.0602181   0.83955116  0.41904883]
[-0.06040023  0.83836716  0.41913894]
[-0.06069222  0.83732994  0.41911647]
[-0.06104327  0.83619389  0.41919906]
[-0.06119176  0.83526147  0.41927011]
[-0.06118914  0.83440341  0.41946882]
[-0.06152237  0.83313297  0.41976835]
[-0.06125798  0.83233857  0.41979563]
[-0.06154654  0.83132347  0.42005165]
[-0.06204209  0.8303731   0.41982264]
[-0.0623046   0.82940703  0.41984673]
[-0.06232067  0.82857478  0.41999799]
[-0.0627009   0.82707564  0.42015541]
[-0.06301749  0.82622443  0.42004487]
[-0.06322774  0.82505824  0.42023451]
[-0.06335386  0.82393455  0.42035851]
[-0.06358943  0.82321428  0.42030601]
[-0.06371484  0.82210586  0.42043226]
[-0.06388638  0.82137771  0.42047895]
[-0.06362503  0.8202233   0.42074446]
[-0.06379185  0.81907661  0.42093511]
[-0.06466906  0.81773419  0.42077059]
[-0.0647011   0.81710771  0.42071101]
[-0.06487859  0.81645442  0.42079199]
[-0.06478363  0.81528768  0.4209939 ]
[-0.06497573  0.81411555  0.42108412]
[-0.06540291  0.81311733  0.42089761]
[-0.06595926  0.81196742  0.42090828]
[-0.06600084  0.81076106  0.42106485]
[-0.06606304  0.80961857  0.42126252]
[-0.0662946   0.80874782  0.42116766]
[-0.06668675  0.80763483  0.42119743]
[-0.06702369  0.80656524  0.42128658]
[-0.06688611  0.80553789  0.42133689]
[-0.06679388  0.80455696  0.42136442]
[-0.06666906  0.80335283  0.42158169]
[-0.06706756  0.80239805  0.42152762]
[-0.06733523  0.80119819  0.42143091]
[-0.0645335   0.79987604  0.42229323]
[-0.06225934  0.7989308   0.42292315]
[-0.06099422  0.79825252  0.42288516]
[-0.060164    0.79774087  0.42287786]
[-0.05964329  0.79705786  0.4228843 ]
[-0.0591814   0.79646013  0.42295327]
[-0.05882829  0.79571281  0.42313461]
[-0.05880301  0.79511991  0.42314948]
[-0.05883167  0.79432207  0.42307495]
[-0.0586652   0.79362992  0.42328543]
[-0.05803832  0.79283502  0.42388392]
[-0.05781748  0.79221775  0.42408395]
[-0.05780905  0.79145831  0.42409071]
[-0.05769265  0.79048775  0.42431143]
[-0.057458    0.78952718  0.42458099]
[-0.05729758  0.78853009  0.42491155]
[-0.05705222  0.78780759  0.42506885]
[-0.05693797  0.78700621  0.42520272]
[-0.05675807  0.78576771  0.42553732]
[-0.05648817  0.78490567  0.42582802]
[-0.05616482  0.78393606  0.42619372]
[-0.05610259  0.78313547  0.42641605]
[-0.05610667  0.78217264  0.42653682]
[-0.05593731  0.7815814   0.42677752]
[-0.05586022  0.78040617  0.42692007]
[-0.05554469  0.77950907  0.42722388]
[-0.05524961  0.77875428  0.42747408]
[-0.05548428  0.77737601  0.42745511]
[-0.05543449  0.7761148   0.42751356]
[-0.05545734  0.77542497  0.42761672]
[-0.05519661  0.77431303  0.42789502]
[-0.05485997  0.77312389  0.42806674]
[-0.05515893  0.77207548  0.42786462]
[-0.05518106  0.77119767  0.42791945]
[-0.05501846  0.77042296  0.42797309]
[-0.05523547  0.76922562  0.42774491]
[-0.0551111   0.76814994  0.42764709]
[-0.05514552  0.76714448  0.42782382]
[-0.05544214  0.76624665  0.42779188]
[-0.05523958  0.76522309  0.42793706]
[-0.05495697  0.7641396   0.42816168]
[-0.05433258  0.76324149  0.42848839]
[-0.05397577  0.76205143  0.42865053]
[-0.05412841  0.76134343  0.42856273]
[-0.05427389  0.76044492  0.42841603]
[-0.05423739  0.75937473  0.42838998]
[-0.05394872  0.75867894  0.42836558]
[-0.05395437  0.75720714  0.42820632]
[-0.05420117  0.75591629  0.42807234]
[-0.05410296  0.75483882  0.42794494]
[-0.053936    0.75440028  0.42808308]
[-0.05380578  0.75360921  0.42803613]
[-0.05366833  0.7525936   0.42839388]
[-0.0535651   0.75171045  0.4282594 ]
[-0.05365628  0.75091193  0.42804648]
[-0.05378465  0.74993164  0.42775381]
[-0.05384091  0.7489978   0.42769497]
[-0.05330862  0.74801634  0.42802997]
[-0.05286349  0.74708066  0.42822559]
[-0.05307462  0.746113    0.4281407 ]
[-0.05300329  0.7450679   0.42797385]
[-0.05267059  0.7438818   0.42794021]
[-0.05253206  0.74281418  0.42775979]
[-0.05233321  0.74187128  0.42784895]
[-0.05222609  0.74078308  0.4277793 ]
[-0.05233622  0.73982884  0.42786786]
[-0.05259827  0.73899515  0.42778997]
[-0.0524826   0.73828829  0.42774943]
[-0.05229505  0.7373649   0.42803053]
[-0.05165365  0.73658936  0.42785211]
[-0.05155944  0.73541325  0.42795504]
[-0.05156841  0.7346294   0.4279089 ]
[-0.05183285  0.73392544  0.42772446]
[-0.05169416  0.73290738  0.42759871]
[-0.05158965  0.73199918  0.42761355]
[-0.05168396  0.73122822  0.42776968]
[-0.05159851  0.73006266  0.42776044]
[-0.05130427  0.72904846  0.4281255 ]
[-0.05115615  0.7281042   0.42836366]
[-0.05118886  0.72734796  0.42840157]
[-0.05106836  0.72656366  0.42849611]
[-0.05048056  0.72558487  0.42865402]
[-0.0504266   0.72479524  0.42863452]
[-0.05057307  0.72347931  0.42883428]
[-0.05063423  0.72279795  0.42881447]
[-0.05036794  0.72196586  0.42900218]
[-0.05015791  0.72104961  0.4290729 ]
[-0.05001918  0.72020862  0.42913708]
[-0.05009787  0.71929718  0.4291634 ]
[-0.04992143  0.7183353   0.42935386]
[-0.04992636  0.71755782  0.42938639]
[-0.04968184  0.71682594  0.42949647]
[-0.04959964  0.71583164  0.42960359]
[-0.04958497  0.71502318  0.42968559]
[-0.04952845  0.71402497  0.42985061]
[-0.04927693  0.71335031  0.42994654]
[-0.04910496  0.71260638  0.43004582]
[-0.04909871  0.71195564  0.43016547]
[-0.04925669  0.71107142  0.4301409 ]
[-0.04933841  0.71035577  0.43012862]
[-0.05221785  0.70775854  0.42655126]
[-0.05451518  0.70559702  0.42391612]
[-0.05549561  0.70417829  0.42256978]
[-0.05556157  0.70313414  0.42197763]
[-0.05538396  0.70242417  0.42167754]
[-0.05494299  0.70163247  0.42150866]
[-0.05454321  0.70088535  0.42162821]
[-0.05431141  0.70019574  0.42174595]
[-0.05386765  0.69943549  0.42183661]
[-0.05376639  0.69849998  0.42201825]
[-0.05317722  0.69792077  0.42224808]
[-0.05263133  0.69721492  0.42257826]
[-0.05238218  0.69636338  0.42265525]
[-0.05217172  0.69532415  0.42279583]
[-0.05199517  0.69434765  0.42299671]
[-0.05158521  0.69362144  0.4231348 ]
[-0.05085917  0.69286762  0.42328754]
[-0.05054447  0.69204     0.42338747]
[-0.0504477   0.69105151  0.42353634]
[-0.05011469  0.69023681  0.42376694]
[-0.04950493  0.6895949   0.42391624]
[-0.04921239  0.68895029  0.42411908]
[-0.04932991  0.68804369  0.4240701 ]
[-0.04919415  0.6870856   0.42418663]
[-0.0492715  0.6859449  0.4242492]
[-0.04870102  0.68489872  0.42466735]
[-0.04833991  0.68436923  0.42478059]
[-0.04844675  0.68309162  0.42488792]
[-0.04852348  0.68168962  0.42500611]
[-0.04822805  0.6810571   0.42521622]
[-0.04801324  0.68012109  0.42541355]
[-0.04797426  0.67937863  0.42538419]
[-0.04816706  0.67816465  0.42540763]
[-0.04798767  0.67740312  0.42562371]
[-0.04771952  0.67665485  0.42565168]
[-0.0478302   0.67550414  0.42559245]
[-0.04753887  0.6743361   0.42579971]
[-0.04781843  0.67357958  0.42577043]
[-0.04801312  0.67288166  0.42592773]
[-0.04793696  0.67207853  0.42595749]
[-0.04752892  0.6712732   0.42620944]
[-0.04711368  0.67073157  0.42643125]
[-0.04695658  0.66962727  0.42655484]
[-0.04690489  0.66895962  0.42656308]
[-0.04700365  0.66801023  0.42650019]
[-0.047077    0.66726636  0.42670304]
[-0.04679966  0.66630563  0.42695749]
[-0.04691373  0.66511865  0.42709792]
[-0.04670236  0.66410414  0.42722631]
[-0.04665066  0.66317571  0.42730692]
[-0.04667085  0.66281753  0.4274084 ]
[-0.04657838  0.66202623  0.42743765]
[-0.04644476  0.66124531  0.42756668]
[-0.04625997  0.66036256  0.42782182]
[-0.0460157   0.659381    0.42799335]
[-0.0460579   0.65856717  0.42813813]
[-0.04610893  0.65773482  0.42815   ]
[-0.04583641  0.65676001  0.42829488]
[-0.04561431  0.65574009  0.42834328]
[-0.04541783  0.65482348  0.42858393]
[-0.04554472  0.65420911  0.4284534 ]
[-0.04537111  0.65337665  0.42851914]
[-0.04526184  0.65235591  0.42878183]
[-0.04510718  0.65138826  0.42902092]
[-0.04498101  0.65041724  0.42924062]
[-0.04506616  0.64959349  0.4292443 ]
[-0.04512308  0.64860407  0.42940445]
[-0.04506325  0.64775908  0.42951385]
[-0.04489285  0.64677722  0.4297688 ]
[-0.04479088  0.64614289  0.42960506]
[-0.044841    0.64523844  0.42962186]
[-0.04479348  0.64434805  0.42985285]
[-0.04471653  0.64343098  0.4299451 ]
[-0.04470088  0.64254986  0.42981237]
[-0.04458562  0.64151076  0.4300374 ]
[-0.04437656  0.64044562  0.43019031]
[-0.04455347  0.63936872  0.43039028]
[-0.04428698  0.63848195  0.43055725]
[-0.04416127  0.63736621  0.43079454]
[-0.04438438  0.63671154  0.43078198]
[-0.04438164  0.63590318  0.43075333]
[-0.04423144  0.63501738  0.43063528]
[-0.04420364  0.63435518  0.43069065]
[-0.0442551   0.63312821  0.4307095 ]
[-0.04420968  0.6322294   0.43062221]
[-0.04407086  0.63138804  0.43069458]
[-0.04404132  0.63063884  0.43064302]
[-0.04399585  0.62987439  0.43068994]
[-0.04427205  0.62906773  0.43055415]
[-0.04422296  0.62823308  0.43052592]
[-0.04427736  0.6274788   0.43034924]
[-0.0440999   0.62679911  0.43030802]
[-0.04405303  0.62605074  0.43021239]
[-0.04417777  0.62531825  0.43019246]
[-0.04404571  0.62470071  0.43014566]
[-0.04383096  0.6242857   0.43009819]
[-0.04384259  0.62357467  0.43003034]
[-0.04415022  0.62284777  0.42992722]
[-0.04434007  0.62195774  0.42968321]
[-0.04457067  0.62124796  0.42961963]
[-0.04364308  0.61790062  0.42892323]
[-0.04304538  0.61543691  0.42852304]
[-0.04284454  0.61364206  0.42820109]
[-0.04249842  0.61197839  0.42815581]
[-0.0424089   0.61084327  0.42800549]
[-0.04191984  0.60983924  0.42804748]
[-0.04165036  0.60884362  0.42813942]
[-0.04161754  0.60785538  0.42819545]
[-0.04135452  0.60708257  0.42824196]
[-0.04135761  0.60618231  0.42821506]
[-0.04134651  0.6057459   0.42814914]
[-0.04106771  0.60461083  0.42831276]
[-0.04090934  0.60389423  0.42837575]
[-0.04083042  0.60300814  0.42842173]
[-0.04080639  0.60234235  0.42840839]
[-0.0406414   0.60151025  0.42842542]
[-0.04059824  0.60056812  0.42841764]
[-0.04023723  0.59951826  0.42855072]
[-0.04046001  0.59900942  0.4285026 ]
[-0.04044828  0.59824695  0.42851027]
[-0.04020961  0.59742005  0.42858727]
[-0.04029399  0.59656115  0.42867642]
[-0.04027118  0.59542057  0.42881308]
[-0.04024433  0.59441464  0.42881316]
[-0.040277    0.59360982  0.4288251 ]
[-0.0402298   0.59276971  0.42874536]
[-0.04009525  0.59178618  0.42879863]
[-0.04014089  0.5908829   0.4287614 ]
[-0.04018914  0.5895631   0.42884399]
[-0.04010566  0.58865603  0.42876003]
[-0.04014739  0.58752526  0.42872671]
[-0.04014787  0.58641382  0.42868145]
[-0.04024582  0.58547905  0.42870837]
[-0.04030025  0.58413922  0.42867975]
[-0.04020293  0.58371934  0.42864356]
[-0.04021753  0.5824608   0.42863291]
[-0.04028387  0.58143407  0.42855629]
[-0.04055604  0.58097539  0.42842968]
[-0.0406646   0.57995673  0.42840961]
[-0.04074472  0.57849206  0.42839552]
[-0.04080713  0.57761023  0.42824907]
[-0.04083022  0.57626843  0.42812898]
[-0.04098623  0.57489725  0.42802694]
[-0.04110049  0.57417185  0.42785947]
[-0.04110005  0.57288689  0.42786731]
[-0.04124569  0.57167719  0.42784273]
[-0.04121946  0.57030851  0.42783031]
[-0.04137641  0.56888529  0.42782125]
[-0.0415595   0.56804465  0.42769171]
[-0.04183575  0.56744817  0.42748767]
[-0.04189007  0.56660776  0.42742459]
[-0.04192255  0.56588585  0.42731293]
[-0.04199095  0.5648711   0.42715985]
[-0.04207827  0.56344972  0.42708712]
[-0.04215298  0.56193675  0.42703333]
[-0.04243728  0.56115106  0.42687093]
[-0.04251849  0.55980529  0.42675066]
[-0.04261192  0.5587241   0.42655131]
[-0.04267851  0.55798152  0.42628259]
[-0.04287568  0.55693156  0.42621981]
[-0.04311101  0.55594732  0.42604914]
[-0.04326679  0.55501906  0.4258973 ]
[-0.04341509  0.55380416  0.42571168]
[-0.04355496  0.55285487  0.42561856]
[-0.04371061  0.55175273  0.42551941]
[-0.04390096  0.55092522  0.42524966]
[-0.04401739  0.5499353   0.42507634]
[-0.04408872  0.54917415  0.42491557]
[-0.04423347  0.54822268  0.42480783]
[-0.04435936  0.54735639  0.42457607]
[-0.04441946  0.5463341   0.42432127]
[-0.04472313  0.54531145  0.42419405]
[-0.0448719   0.54422959  0.4240179 ]
[-0.04483218  0.54336331  0.42374596]
[-0.04498796  0.54225598  0.42362004]
[-0.04489907  0.54105913  0.42335206]
[-0.04528101  0.54020224  0.42320965]
[-0.04533919  0.53918491  0.42298272]
[-0.04548152  0.53864734  0.42282736]
[-0.04556477  0.5379836   0.42265223]
[-0.04571225  0.53730237  0.42251322]
[-0.04589135  0.53655161  0.42232173]
[-0.04597607  0.53569124  0.42216454]
[-0.04603288  0.53482447  0.42198819]
[-0.04605324  0.53411715  0.42177297]
[-0.04599188  0.5331578   0.42161803]
[-0.04622927  0.53253169  0.42146771]
[-0.0463504   0.5318694   0.42136821]
[-0.04641973  0.53123737  0.42125629]
[-0.04645545  0.53052251  0.42108159]
[-0.04638665  0.52975801  0.42089034]
[-0.04643558  0.52910134  0.4207238 ]
[-0.0465703   0.5286595   0.42052992]
[-0.04670179  0.52818646  0.42044683]
[-0.04678255  0.52769496  0.42034669]
[-0.04681412  0.5272004   0.42021396]
[-0.04683964  0.52678588  0.42007012]
[-0.04692684  0.52624361  0.4199974 ]
[-0.04693227  0.52577576  0.41984867]
[-0.04703193  0.52528721  0.41973721]
[-0.04636555  0.52002751  0.4181794 ]
[-0.04681132  0.51653963  0.41698577]
[-0.04735968  0.5142734   0.41625386]
[-0.04791597  0.51275713  0.41563396]
[-0.0487308   0.51172337  0.41518752]
[-0.04916338  0.51094031  0.4147444 ]
[-0.04959994  0.51044657  0.41451535]
[-0.05044696  0.5100794   0.41424685]
[-0.05104929  0.50957786  0.41395908]
[-0.05187326  0.50920802  0.41377498]
[-0.05233061  0.50890305  0.41362087]
[-0.05324918  0.50863683  0.41343472]
[-0.05386145  0.50823633  0.41325531]
[-0.05449941  0.50788131  0.41312014]
[-0.05521475  0.50782928  0.41303719]
[-0.05582417  0.50748479  0.41291117]
[-0.05684013  0.50752735  0.41283816]
[-0.05723883  0.50741482  0.41276098]
[-0.0581583   0.50723239  0.41264045]
[-0.059148    0.50710987  0.41252357]
[-0.05987564  0.50703146  0.41239595]
[-0.06082645  0.50693023  0.41223362]
[-0.06139593  0.50680591  0.4120976 ]
[-0.06186737  0.50665801  0.41216313]
[-0.06283532  0.50656659  0.41207672]
[-0.06373133  0.50651238  0.41189615]
[-0.06485169  0.50650593  0.41176967]
[-0.0659532   0.50649036  0.4115543 ]
[-0.06677387  0.50661475  0.4114335 ]
[-0.06713328  0.50661776  0.41133333]
[-0.06828601  0.50672159  0.4112583 ]
[-0.06910971  0.50671219  0.41115106]
[-0.06982176  0.50660506  0.41108051]
[-0.07036727  0.50681809  0.41103871]
[-0.07099643  0.5067274   0.41096491]
[-0.0720541   0.50673075  0.41077968]
[-0.07305064  0.50665603  0.4105118 ]
[-0.07397042  0.50691858  0.41039162]
[-0.07436809  0.50711939  0.41044459]
[-0.07586119  0.50710899  0.41022538]
[-0.07684331  0.50712945  0.40991015]
[-0.07757959  0.5071778   0.40980302]
[-0.07866625  0.50716181  0.40978783]
[-0.07960166  0.50711271  0.40961013]
[-0.08100166  0.50724065  0.40935214]
[-0.08189657  0.50737151  0.40920499]
[-0.08286207  0.50742506  0.40894981]
[-0.08367173  0.50760904  0.40858084]
[-0.08450752  0.50799242  0.40841665]
[-0.08607397  0.50807549  0.40810313]
[-0.08705453  0.50806192  0.40787631]
[-0.08800426  0.50845457  0.40770739]
[-0.08879235  0.50856459  0.40754849]
[-0.08990175  0.50858835  0.40738708]
[-0.09121838  0.50892199  0.40692288]
[-0.09175925  0.50933478  0.40687244]
[-0.09195636  0.50940696  0.40695112]
[-0.09303866  0.50962464  0.40660078]
[-0.09437483  0.50967558  0.40616586]
[-0.09586948  0.50985336  0.40587638]
[-0.09651014  0.51020382  0.40579583]
[-0.09770901  0.51053325  0.40560852]
[-0.09848498  0.5108406   0.40520076]
[-0.09949358  0.51077946  0.40496583]
[-0.10054464  0.5109081   0.40446575]
[-0.10185452  0.51104795  0.40415169]
[-0.10336685  0.51100833  0.40365587]
[-0.10489077  0.51121093  0.40325886]
[-0.10585285  0.51150804  0.40283198]
[-0.10692466  0.51154773  0.40255171]
[-0.10781062  0.51128301  0.40249126]
[-0.1089666   0.51156894  0.4021948 ]
[-0.11018157  0.51175934  0.40187509]
[-0.11098316  0.51187348  0.40160936]
[-0.11211016  0.51221749  0.40146112]
[-0.1133214   0.5122047   0.40112552]
[-0.11477593  0.51199948  0.40071606]
[-0.11563032  0.51189884  0.40040843]
[-0.11685478  0.51212975  0.40025971]
[-0.11770462  0.51236082  0.40002231]
[-0.11897616  0.51215892  0.39979723]
[-0.12035427  0.51184309  0.39936365]
[-0.12133361  0.51175173  0.39895361]
[-0.12240225  0.51181938  0.39888938]
[-0.12375558  0.51183282  0.39856345]
[-0.12529946  0.511732    0.39832028]
[-0.1265377   0.51173489  0.39789933]
[-0.12741263  0.51155537  0.39765671]
[-0.12863872  0.51168274  0.39720479]
[-0.12996348  0.51165042  0.39694906]
[-0.13145453  0.51144535  0.39657739]
[-0.13276476  0.51125988  0.39631333]
[-0.13395568  0.51122419  0.39604629]
[-0.13513681  0.51123073  0.39579249]
[-0.13627393  0.5110377   0.39551714]
[-0.13742949  0.51089059  0.39529957]
[-0.13845191  0.51079964  0.39503485]
[-0.1394408   0.51060809  0.39489879]
[-0.14010265  0.51064092  0.39474575]
[-0.14092707  0.51070765  0.39447619]
[-0.13822102  0.50041042  0.39637754]
[-0.13786569  0.49255694  0.39645929]
[-0.13796351  0.48756832  0.39632711]
[-0.13839109  0.48427872  0.39604395]
[-0.13893399  0.48220951  0.39577447]
[-0.13958781  0.48095545  0.39542372]
[-0.14005884  0.48009206  0.3951823 ]
[-0.14090465  0.47917846  0.39497258]
[-0.14168199  0.4787393   0.3947666 ]
[-0.14241362  0.47823469  0.39466174]
[-0.14323178  0.47792466  0.39438641]
[-0.14445068  0.47768996  0.39414539]
[-0.14492444  0.47730465  0.39412242]
[-0.14580882  0.47716777  0.39392979]
[-0.14686817  0.47704231  0.3937022 ]
[-0.14784196  0.47685567  0.3935302 ]
[-0.14880855  0.47676232  0.39333498]
[-0.15002016  0.47645718  0.39318824]
[-0.15125703  0.4761888   0.39287779]
[-0.15227433  0.47602406  0.39271771]
[-0.15337006  0.47615327  0.39246122]
[-0.15462486  0.47586184  0.39224327]
[-0.15511681  0.47605325  0.3919891 ]
[-0.15628147  0.47601255  0.39179142]
[-0.15804241  0.47560206  0.39122101]
[-0.15908201  0.47563829  0.39083444]
[-0.16093955  0.47552591  0.39038907]
[-0.16217975  0.47506644  0.39001456]
[-0.16334661  0.4750337   0.38963673]
[-0.1639969   0.47530524  0.38945082]
[-0.16619678  0.47485377  0.38888577]
[-0.16704591  0.47470806  0.38861733]
[-0.16835469  0.47430974  0.38830787]
[-0.16925763  0.47438551  0.3881231 ]
[-0.17020883  0.47438312  0.38799763]
[-0.17200837  0.47382931  0.38750847]
[-0.17346656  0.47311942  0.38695132]
[-0.17476373  0.4730672   0.38649441]
[-0.17563416  0.47310434  0.38638882]
[-0.17690165  0.47261     0.38625659]
[-0.17846633  0.47230085  0.3856135 ]
[-0.18013371  0.47254377  0.38450039]
[-0.18196481  0.47188565  0.38398421]
[-0.18314448  0.47119638  0.38373173]
[-0.18417736  0.47101974  0.38341567]
[-0.18572425  0.47078822  0.38283793]
[-0.18730131  0.46970153  0.38240516]
[-0.18883656  0.46921865  0.38180968]
[-0.18956967  0.46918777  0.38150728]
[-0.19125824  0.46845064  0.38070607]
[-0.19293369  0.46769282  0.38008041]
[-0.19414874  0.46723536  0.37978156]
[-0.19538359  0.46652634  0.37925322]
[-0.19665207  0.46598003  0.37887626]
[-0.19814617  0.46540565  0.37819407]
[-0.19923025  0.46544544  0.37785891]
[-0.20073862  0.46502409  0.37742303]
[-0.20215487  0.46465567  0.3764157 ]
[-0.20306841  0.46392536  0.37622599]
[-0.2047668   0.46320025  0.37568356]
[-0.20603168  0.46269747  0.37531463]
[-0.20739124  0.46171827  0.37514022]
[-0.20851716  0.46096985  0.37484739]
[-0.20958603  0.46040974  0.37444741]
[-0.21099564  0.45952254  0.37416352]
[-0.21196796  0.45892131  0.37396826]
[-0.21380305  0.45761765  0.37383892]
[-0.21504123  0.45683175  0.37364757]
[-0.2162624   0.4557626   0.37330458]
[-0.21766826  0.45542777  0.37264823]
[-0.21854608  0.45506696  0.37229456]
[-0.21925262  0.4548693   0.37240495]
[-0.2201673   0.45421801  0.37249695]
[-0.221243    0.45362412  0.37220638]
[-0.2220295   0.45353973  0.37218122]
[-0.22293015  0.453127    0.37201578]
[-0.22439349  0.45199426  0.37169665]
[-0.22471293  0.45165195  0.37163371]
[-0.22562118  0.45164378  0.37199751]
[-0.22625871  0.45141549  0.37223731]
[-0.22686466  0.45111796  0.37246236]
[-0.22801859  0.45070563  0.37192613]
[-0.22885408  0.45056974  0.37115664]
[-0.22941774  0.45082009  0.37135617]
[-0.23014518  0.45080581  0.37158693]
[-0.23077146  0.45088858  0.37195195]
[-0.23140085  0.45080133  0.37177544]
[-0.23193546  0.45083867  0.37168134]
[-0.23244147  0.45086216  0.37144272]
[-0.23303746  0.45106156  0.37151928]
[-0.23370675  0.45140835  0.37134633]
[-0.23427522  0.45173131  0.37123166]
[-0.2346845   0.45181925  0.37133191]
[-0.235017    0.45216765  0.37123409]
[-0.23539662  0.45232574  0.37105049]
[-0.23568957  0.45257403  0.37101946]
[-0.23591897  0.45272798  0.37097154]
[-0.23614863  0.45291395  0.37095352]
[-0.23628894  0.45310066  0.3708698 ]
[-0.23647115  0.4532428   0.37079823]
[-0.23875727  0.43769779  0.36780141]
[-0.24028043  0.42641082  0.36642865]
[-0.24097271  0.42072837  0.36612452]
[-0.24158243  0.41770723  0.36603608]
[-0.24203516  0.41593113  0.36609673]
[-0.24288726  0.4142737   0.36577647]
[-0.24336741  0.41350775  0.36545859]
[-0.24401693  0.4128728   0.3651199 ]
[-0.24442853  0.41253046  0.36512504]
[-0.24471323  0.4123357   0.36518011]
[-0.2456171   0.41167317  0.3647639 ]
[-0.24731521  0.41056957  0.36398063]
[-0.24795512  0.41008801  0.36385722]
[-0.24865163  0.40972101  0.3634933 ]
[-0.24938317  0.40983359  0.363173  ]
[-0.25015939  0.40936241  0.36302296]
[-0.25089753  0.40908414  0.36294677]
[-0.25214325  0.40858541  0.36271441]
[-0.2533572   0.40802803  0.36191156]
[-0.25432373  0.40841776  0.3618269 ]
[-0.25550928  0.40820488  0.36149774]
[-0.25633516  0.40831306  0.36147748]
[-0.25716046  0.4080912   0.36125109]
[-0.25834508  0.40716072  0.3609742 ]
[-0.2588914   0.40752252  0.36056908]
[-0.25993901  0.40719734  0.36022972]
[-0.26140657  0.40701458  0.35992397]
[-0.26223868  0.40713427  0.35957824]
[-0.26365508  0.40681086  0.35887052]
[-0.26455912  0.4065033   0.35875334]
[-0.26626561  0.40588568  0.3583965 ]
[-0.2673687   0.405977    0.35817654]
[-0.26816784  0.40634972  0.35745509]
[-0.26897773  0.40668637  0.35744713]
[-0.2702302   0.40618978  0.35734457]
[-0.2711384   0.40600635  0.35698243]
[-0.27226324  0.40600516  0.35651277]
[-0.27332895  0.40669544  0.35630123]
[-0.2740119   0.4072371   0.35618513]
[-0.27509157  0.40716947  0.35602651]
[-0.27632795  0.40744733  0.35585098]
[-0.27774601  0.40806107  0.35490009]
[-0.27927982  0.40732959  0.35403636]
[-0.27971164  0.40708901  0.35394357]
[-0.28074295  0.40782297  0.35335641]
[-0.28190927  0.40815573  0.3528805 ]
[-0.28289023  0.40799763  0.35255497]
[-0.2840245   0.40851134  0.35196023]
[-0.28445308  0.40961352  0.35199248]
[-0.28554419  0.40960769  0.3512872 ]
[-0.28647079  0.41013758  0.35051176]
[-0.28682336  0.41046829  0.35083684]
[-0.28829568  0.41080778  0.34999078]
[-0.28899684  0.41135157  0.3498491 ]
[-0.29031091  0.4121396   0.34911014]
[-0.29108666  0.41289933  0.34899612]
[-0.29246201  0.41350464  0.34858603]
[-0.29338479  0.41372159  0.34772065]
[-0.29398847  0.41371738  0.34731077]
[-0.29518117  0.41425493  0.34679288]
[-0.29602898  0.41497316  0.34630738]
[-0.29665811  0.41559187  0.3461734 ]
[-0.29745604  0.41624472  0.34578364]
[-0.29831901  0.41709307  0.34516446]
[-0.29899507  0.41760867  0.34487728]
[-0.29956428  0.4181144   0.34466104]
[-0.30080758  0.41877446  0.34427721]
[-0.30140924  0.419684    0.34419475]
[-0.30195095  0.42003479  0.34389732]
[-0.30285558  0.42024223  0.34327667]
[-0.30346501  0.42054631  0.34271037]
[-0.30397638  0.42140102  0.34235927]
[-0.30477039  0.42222801  0.34197738]
[-0.30530294  0.42281795  0.34142375]
[-0.30624548  0.42369298  0.34111669]
[-0.30693677  0.424271    0.34069764]
[-0.30753617  0.42447923  0.34023064]
[-0.3078087   0.42498226  0.34009063]
[-0.30897805  0.42590583  0.33949993]
[-0.3092952   0.42657621  0.33941286]
[-0.30995827  0.42727696  0.33904791]
[-0.31059512  0.42771353  0.33856046]
[-0.31107351  0.42811007  0.33813383]
[-0.31185905  0.42908639  0.33782919]
[-0.31262369  0.42980509  0.33740721]
[-0.31323374  0.43059119  0.33741932]
[-0.31374065  0.43134978  0.33716607]
[-0.31409854  0.43180034  0.33683854]
[-0.31447614  0.43228917  0.33659979]
[-0.31494239  0.4328036   0.33641814]
[-0.31554002  0.43356593  0.33620705]
[-0.31600193  0.43411849  0.33601903]
[-0.3162765   0.43456896  0.33591402]
[-0.31651587  0.43499407  0.3358118 ]
[-0.31677534  0.43510013  0.33572414]
[-0.31706697  0.43547475  0.33573027]
[-0.31727265  0.4357246   0.33587155]
[-0.31752137  0.43592249  0.33587834]
[-0.31765566  0.43612789  0.33590147]
[-0.3178186   0.43633131  0.33596184]
[-0.32831297  0.41369472  0.34152792]
[-0.33430678  0.39718544  0.34841029]
[-0.33729032  0.38908056  0.35317465]
[-0.33907913  0.38488042  0.35618709]
[-0.34020273  0.38281213  0.35816749]
[-0.34083492  0.38134206  0.35910804]
[-0.34146456  0.38090593  0.35973759]
[-0.34193136  0.38104579  0.36027692]
[-0.34232642  0.38068433  0.36078636]
[-0.34270111  0.38096041  0.36130529]
[-0.34294994  0.38100329  0.36152841]
[-0.34347117  0.38083708  0.3617148 ]
[-0.34395144  0.38076224  0.36170309]
[-0.34435589  0.38068181  0.36194722]
[-0.34470229  0.38111616  0.3617631 ]
[-0.34526055  0.38091415  0.36190325]
[-0.3455864   0.38095851  0.36210501]
[-0.34583301  0.38165751  0.36236372]
[-0.3462511   0.38180117  0.36286788]
[-0.34673154  0.38208152  0.36278237]
[-0.34730417  0.38201541  0.36274138]
[-0.34777397  0.3823318   0.36300263]
[-0.34809018  0.3825963   0.36322058]
[-0.34867134  0.38262402  0.36340544]
[-0.34910558  0.38271307  0.3636024 ]
[-0.34956376  0.38255167  0.36399002]
[-0.34979991  0.38251874  0.36392074]
[-0.35017308  0.38263358  0.3639132 ]
[-0.35073304  0.38257373  0.36375706]
[-0.35095712  0.38276723  0.36373285]
[-0.35136604  0.38299916  0.36405721]
[-0.35214185  0.38318228  0.36439528]
[-0.35238656  0.38368003  0.36391726]
[-0.35273586  0.38382157  0.36373133]
[-0.35292725  0.38343674  0.36405101]
[-0.35352257  0.38373476  0.36456002]
[-0.35367874  0.38364836  0.36453043]
[-0.35397961  0.38389223  0.36398048]
[-0.35441157  0.38392077  0.36389619]
[-0.35488522  0.3839486   0.36419793]
[-0.35529799  0.38411615  0.3641104 ]
[-0.35602494  0.38446548  0.36427432]
[-0.35619541  0.38442907  0.36444695]
[-0.35635529  0.38412989  0.36466969]
[-0.35688665  0.38433499  0.36453478]
[-0.35736075  0.38447308  0.36494355]
[-0.35756092  0.38492296  0.3647861 ]
[-0.35785978  0.38514906  0.36488889]
[-0.35806474  0.3851063   0.36442984]
[-0.35823999  0.38485933  0.36455718]
[-0.3586276   0.38473688  0.36484176]
[-0.35873278  0.38476334  0.36463764]
[-0.35915984  0.3847978   0.36463137]
[-0.35947993  0.38449783  0.3649734 ]
[-0.35984662  0.38420914  0.36497527]
[-0.36012349  0.38415116  0.36513549]
[-0.36052507  0.38405438  0.36521073]
[-0.36076137  0.38393758  0.3652022 ]
[-0.3611275   0.38361796  0.36522053]
[-0.36143714  0.38372599  0.36552538]
[-0.36150313  0.38378505  0.36547239]
[-0.3616278   0.38366933  0.36546619]
[-0.36201597  0.3835367   0.36559144]
[-0.36226955  0.38330624  0.36561452]
[-0.36247019  0.38308872  0.36562916]
[-0.36286966  0.3828732   0.36558171]
[-0.36308153  0.38270976  0.36583716]
[-0.36332449  0.38253114  0.36558437]
[-0.36353516  0.38191188  0.36556841]
[-0.36393737  0.38156963  0.36577773]
[-0.3642246   0.38137358  0.36576688]
[-0.36431138  0.38110913  0.365534  ]
[-0.36449894  0.38094692  0.36542934]
[-0.36467225  0.38066931  0.36520167]
[-0.36490416  0.3804374   0.36516835]
[-0.36527869  0.38005342  0.36528319]
[-0.36548851  0.37994086  0.36560993]
[-0.36569381  0.37956287  0.36550397]
[-0.3660117   0.37925807  0.36537707]
[-0.36610462  0.37907168  0.36531898]
[-0.36635818  0.37881011  0.36527171]
[-0.36670457  0.37850097  0.36531312]
[-0.36689916  0.3783026   0.3652809 ]
[-0.36716238  0.37806742  0.36513698]
[-0.36742057  0.37786704  0.3651234 ]
[-0.36754769  0.37787603  0.3651028 ]
[-0.36768691  0.37779186  0.3651248 ]
[-0.3679579   0.37760093  0.3651064 ]
[-0.36812745  0.37748653  0.3651105 ]
[-0.36837185  0.3773008   0.36507677]
[-0.36864649  0.37708225  0.36494398]
[-0.36890097  0.376974    0.36489495]
[-0.3690189   0.37688897  0.36477645]
[-0.3691132   0.37678701  0.36463055]
[-0.3692907   0.37662334  0.36461956]
[-0.36950111  0.37650831  0.36450145]
[-0.36961356  0.37642352  0.3644229 ]
[-0.36982853  0.37630182  0.36435564]
[-0.36993709  0.37624998  0.36434131]
[-0.37003392  0.3761863   0.36430104]
[-0.36875257  0.35071342  0.37179129]
[-0.36628527  0.33186894  0.3758111 ]
[-0.36394808  0.32024528  0.37806379]
[-0.36223386  0.31311444  0.37862901]
[-0.36076773  0.3080123   0.37850456]
[-0.35960638  0.30501575  0.37796515]
[-0.35896994  0.30267333  0.37746952]
[-0.35862112  0.30145193  0.37718523]
[-0.3582041   0.30036537  0.37682007]
[-0.3582212   0.29934492  0.37661049]
[-0.35810842  0.29886081  0.37631991]
[-0.35815778  0.29856741  0.37619443]
[-0.35814027  0.29844917  0.37588391]
[-0.35825507  0.29786139  0.3759688 ]
[-0.35849966  0.29771564  0.37557284]
[-0.35879752  0.29764267  0.37612088]
[-0.35906437  0.29766235  0.37558024]
[-0.35916485  0.29819465  0.37619951]
[-0.35936093  0.29828763  0.37619248]
[-0.35972375  0.2983836   0.37575674]
[-0.36000501  0.29836345  0.37546042]
[-0.36038617  0.29893335  0.37604669]
[-0.3605793   0.29940414  0.37633636]
[-0.36098038  0.2994446   0.37655734]
[-0.36111357  0.29935701  0.37673749]
[-0.36128827  0.29930741  0.3763902 ]
[-0.36150527  0.29946559  0.37599258]
[-0.36171795  0.29974922  0.37616611]
[-0.36197693  0.30001515  0.37607569]
[-0.36228039  0.30052716  0.37629511]
[-0.36248959  0.30076756  0.37624578]
[-0.36302165  0.30111273  0.37694261]
[-0.36325117  0.30159676  0.37635482]
[-0.36358399  0.301771    0.37610751]
[-0.36364357  0.30172941  0.3764599 ]
[-0.36394277  0.30226967  0.37691844]
[-0.36423784  0.30268156  0.37594632]
[-0.36453526  0.30296794  0.37541362]
[-0.36466678  0.30304528  0.37535541]
[-0.36496338  0.30324972  0.37586153]
[-0.36526082  0.30342742  0.37624896]
[-0.3656072   0.30386735  0.37658225]
[-0.36571011  0.3039284   0.37617858]
[-0.36598272  0.30398663  0.37574024]
[-0.36620876  0.30424642  0.37521458]
[-0.36645784  0.30447336  0.37540426]
[-0.36671451  0.30517119  0.37526601]
[-0.36692386  0.30560512  0.37576721]
[-0.36727396  0.30597467  0.37483273]
[-0.36746094  0.3061058   0.37430135]
[-0.36761888  0.30609057  0.3743904 ]
[-0.36786888  0.30657514  0.37392762]
[-0.36814363  0.30688177  0.37391913]
[-0.36831877  0.30679253  0.37430431]
[-0.36856971  0.30691463  0.37396505]
[-0.3688641   0.30717778  0.37369543]
[-0.3689908   0.30727636  0.37377294]
[-0.36918474  0.3072462   0.37357341]
[-0.36934724  0.3073413   0.37339989]
[-0.36952767  0.30782345  0.37381511]
[-0.36965623  0.30802745  0.37356955]
[-0.36989798  0.30826011  0.37325394]
[-0.37028465  0.308541    0.37296652]
[-0.37038238  0.30841754  0.37281925]
[-0.37043063  0.30855224  0.3728198 ]
[-0.37075932  0.30859301  0.3726332 ]
[-0.37092547  0.30900835  0.37253754]
[-0.37115451  0.30902752  0.37209841]
[-0.37122766  0.30871342  0.37183709]
[-0.37146018  0.30898369  0.37189466]
[-0.37164537  0.30900985  0.37195634]
[-0.37173918  0.30897464  0.37161736]
[-0.37191681  0.30903838  0.3714759 ]
[-0.37198652  0.30891915  0.37129997]
[-0.37221901  0.30913265  0.37119724]
[-0.37244493  0.30920954  0.37106733]
[-0.37255527  0.30937829  0.37114359]
[-0.3727776   0.30927721  0.3709801 ]
[-0.373032    0.30921529  0.37081832]
[-0.37317816  0.30916695  0.37065676]
[-0.37329738  0.30927364  0.37050132]
[-0.37349197  0.30943819  0.37046565]
[-0.37373546  0.3095058   0.37034405]
[-0.37382617  0.30943721  0.37023936]
[-0.37393896  0.3095241   0.3701332 ]
[-0.37419435  0.30967674  0.37007082]
[-0.37430858  0.30982697  0.36998891]
[-0.37447346  0.30990436  0.36988427]
[-0.37455774  0.30996382  0.36974963]
[-0.37472508  0.30989518  0.36964963]
[-0.37483425  0.30982907  0.36955155]
[-0.37504186  0.30987364  0.36945641]
[-0.37517077  0.31007306  0.3692679 ]
[-0.37529338  0.31019262  0.36909953]
[-0.37540235  0.31030456  0.36910709]
[-0.37561408  0.31029224  0.36889609]
[-0.3757811   0.3103278   0.36874193]
[-0.37596246  0.31034247  0.36859138]
[-0.37599489  0.31041736  0.36845369]
[-0.37608624  0.31052912  0.36825469]
[-0.37168731  0.29866063  0.36829275]
[-0.36859139  0.29011616  0.36852949]
[-0.36683097  0.28546503  0.36962308]
[-0.36605093  0.28306164  0.36987294]
[-0.36539276  0.28118961  0.36998389]
[-0.36492775  0.28055382  0.36996723]
[-0.36495356  0.27978345  0.36991715]
[-0.36505855  0.27965428  0.3700908 ]
[-0.36503418  0.27939903  0.37010646]
[-0.36525161  0.27898977  0.37018367]
[-0.36536096  0.27886023  0.37025013]
[-0.36556385  0.27887183  0.37035944]
[-0.36573999  0.27907699  0.37006242]
[-0.366033    0.27858665  0.37017006]
[-0.36638745  0.27867373  0.36986708]
[-0.36680194  0.27890912  0.37065053]
[-0.36713845  0.27900921  0.37027556]
[-0.36731069  0.27956975  0.37125785]
[-0.36753634  0.27968034  0.37129522]
[-0.36794439  0.27990808  0.37079473]
[-0.36830141  0.28010247  0.3704589 ]
[-0.3686866   0.28080934  0.37117283]
[-0.36900989  0.28121133  0.37159951]
[-0.36940809  0.28127488  0.3719127 ]
[-0.3696178   0.2811197   0.37214606]
[-0.36987483  0.28113907  0.37169822]
[-0.37012206  0.28123528  0.3716237 ]
[-0.37037558  0.28146069  0.37201152]
[-0.37069782  0.28169467  0.37184222]
[-0.37104882  0.28221673  0.37192975]
[-0.37123703  0.28245783  0.37204945]
[-0.37177258  0.28290082  0.37298567]
[-0.37211985  0.28345654  0.37228983]
[-0.37250115  0.28354049  0.37189014]
[-0.37259435  0.28338402  0.37219415]
[-0.37298744  0.28398473  0.37248437]
[-0.37335732  0.28431653  0.37155011]
[-0.37364866  0.28459322  0.37106711]
[-0.37385775  0.28472781  0.37095762]
[-0.37418572  0.28502003  0.37152057]
[-0.37452134  0.28539761  0.37198374]
[-0.37493167  0.28593913  0.37223224]
[-0.37508212  0.28589386  0.3716326 ]
[-0.37535701  0.28591812  0.3712087 ]
[-0.37563679  0.28614985  0.37066241]
[-0.37579801  0.28636744  0.37094977]
[-0.37611207  0.28710769  0.37104163]
[-0.3763365   0.28754172  0.3715971 ]
[-0.3767829   0.28787336  0.37053182]
[-0.37696565  0.28799861  0.37016281]
[-0.37711728  0.28799802  0.37028326]
[-0.37742702  0.28850362  0.36993001]
[-0.37770866  0.28881892  0.37001169]
[-0.37785621  0.28867031  0.37037044]
[-0.37805725  0.2887146   0.37007279]
[-0.37835199  0.28889271  0.36988708]
[-0.37852278  0.28897833  0.36991813]
[-0.37869226  0.28886082  0.36978332]
[-0.37890334  0.28898495  0.36962   ]
[-0.37907656  0.28950342  0.37010691]
[-0.37922887  0.28970805  0.36990023]
[-0.37944798  0.28985389  0.36963958]
[-0.37979635  0.29013109  0.36937336]
[-0.37988639  0.28981781  0.36925047]
[-0.37992485  0.29003261  0.36924315]
[-0.38020451  0.28993499  0.36913146]
[-0.38038474  0.29034696  0.36914886]
[-0.3806278   0.29031741  0.36865931]
[-0.38065763  0.28984551  0.36840562]
[-0.38086517  0.29013777  0.36854547]
[-0.38103535  0.29009863  0.36858023]
[-0.38113099  0.28991966  0.36825995]
[-0.3812582   0.28981036  0.36822686]
[-0.38131196  0.28961323  0.36801996]
[-0.38152481  0.28972518  0.3679997 ]
[-0.38170191  0.28967255  0.36789915]
[-0.38180948  0.28985683  0.36800315]
[-0.38197995  0.28960468  0.36782624]
[-0.38214867  0.28934465  0.36772523]
[-0.382247    0.28912386  0.36763537]
[-0.38231552  0.28919945  0.36754677]
[-0.38249011  0.28934223  0.36754861]
[-0.38270627  0.28929814  0.36742842]
[-0.38273424  0.28914733  0.367346  ]
[-0.38285124  0.28926431  0.36728125]
[-0.38306481  0.28924254  0.36736256]
[-0.38319642  0.28933036  0.36728142]
[-0.38331768  0.28936193  0.36729641]
[-0.38340682  0.28940458  0.36722175]
[-0.38350491  0.28923744  0.36724561]
[-0.38362345  0.28911798  0.36717584]
[-0.38376902  0.28910268  0.36716412]
[-0.38386227  0.28931129  0.36711755]
[-0.3840026   0.2893773   0.36698596]
[-0.38408145  0.28946778  0.36708488]
[-0.38423813  0.28933959  0.36707119]
[-0.38438104  0.28933501  0.3669487 ]
[-0.38451509  0.28927186  0.36694401]
[-0.38453766  0.28924806  0.36695336]
