-0.080728 0.886060 0.407064
-0.080762 0.885836 0.407101
-0.080715 0.885495 0.407168
-0.080707 0.885255 0.407211
-0.083001 0.883700 0.407349
-0.083085 0.883415 0.407414
-0.082548 0.882262 0.407724
-0.081728 0.881351 0.407969
-0.081162 0.880693 0.408131
-0.080659 0.880074 0.408276
-0.080090 0.879357 0.408438
-0.079898 0.879067 0.408499
-0.080699 0.878492 0.408522
-0.081873 0.876761 0.408776
-0.081223 0.875606 0.409058
-0.080244 0.874425 0.409340
-0.079573 0.873593 0.409526
-0.078848 0.872661 0.409726
-0.078238 0.871827 0.409899
-0.077716 0.871062 0.410053
-0.077352 0.870473 0.410167
-0.077006 0.869890 0.410279
-0.076584 0.869187 0.410416
-0.076034 0.868296 0.410590
-0.075636 0.867591 0.410724
-0.075584 0.867461 0.410747
-0.077753 0.865228 0.410932
-0.077698 0.864918 0.410994
-0.079182 0.863475 0.411096
-0.079494 0.862874 0.411179
-0.081201 0.860990 0.411356
-0.081496 0.860217 0.411475
-0.083072 0.858033 0.411723
-0.082218 0.854505 0.412407
-0.080305 0.852144 0.412882
-0.078801 0.850341 0.413214
-0.077491 0.848687 0.413505
-0.076701 0.847582 0.413690
-0.076195 0.846788 0.413818
-0.075555 0.845748 0.413987
-0.075122 0.844978 0.414110
-0.074821 0.844375 0.414203
-0.075663 0.843743 0.414214
-0.077001 0.842226 0.414338
-0.077935 0.841367 0.414384
-0.079105 0.838892 0.414667
-0.079874 0.837960 0.414732
-0.080789 0.836356 0.414895
-0.082419 0.834223 0.415079
-0.082680 0.832635 0.415280
-0.083428 0.831471 0.415381
-0.083250 0.827033 0.415926
-0.081964 0.825279 0.416135
-0.081833 0.824926 0.416175
-0.081599 0.824230 0.416250
-0.081592 0.823667 0.416314
-0.081355 0.822922 0.416401
-0.081400 0.822716 0.416424
-0.081457 0.822283 0.416474
-0.081680 0.821937 0.416517
-0.081738 0.821590 0.416560
-0.081874 0.821438 0.416579
-0.082074 0.820857 0.416656
-0.082206 0.820746 0.416671
-0.082446 0.820370 0.416722
-0.082612 0.820269 0.416736
-0.082918 0.819923 0.416783
-0.083264 0.819754 0.416808
-0.083445 0.819547 0.416837
-0.083813 0.819382 0.416861
-0.084044 0.819100 0.416903
-0.084220 0.819018 0.416914
-0.084508 0.818795 0.416941
-0.084730 0.818698 0.416954
-0.084935 0.818569 0.416969
-0.085993 0.817904 0.417003
-0.086926 0.817266 0.417050
-0.088210 0.816084 0.417185
-0.088301 0.815786 0.417223
-0.088582 0.815291 0.417285
-0.088631 0.815049 0.417315
-0.088953 0.814485 0.417387
-0.088970 0.814297 0.417410
-0.089324 0.813737 0.417482
-0.089342 0.813587 0.417499
-0.089631 0.813314 0.417528
-0.089754 0.813023 0.417563
-0.090066 0.812786 0.417591
-0.090227 0.812516 0.417623
-0.090574 0.812296 0.417649
-0.090780 0.811942 0.417693
-0.090940 0.811840 0.417705
-0.091255 0.811482 0.417748
-0.091437 0.811382 0.417758
-0.091815 0.810955 0.417812
-0.091987 0.810869 0.417820
-0.093068 0.810227 0.417848
-0.094023 0.809615 0.417889
-0.094710 0.809146 0.417930
-0.096043 0.808217 0.417994
-0.097091 0.807383 0.418068
-0.098328 0.805842 0.418253
-0.098298 0.805146 0.418341
-0.098364 0.804610 0.418406
-0.098273 0.804119 0.418463
-0.098332 0.803903 0.418487
-0.098375 0.803263 0.418556
-0.098542 0.802950 0.418592
-0.098574 0.802479 0.418643
-0.098687 0.802343 0.418656
-0.098887 0.801901 0.418703
-0.099165 0.801687 0.418724
-0.099310 0.801343 0.418761
-0.099457 0.801247 0.418769
-0.099769 0.800818 0.418814
-0.099913 0.800736 0.418822
-0.100199 0.800434 0.418853
-0.100521 0.800291 0.418867
-0.100700 0.800027 0.418897
-0.100863 0.799942 0.418903
-0.101022 0.799816 0.418913
-0.102028 0.799116 0.418951
-0.103040 0.798508 0.418994
-0.103649 0.798010 0.419039
-0.104868 0.797033 0.419111
-0.105923 0.796215 0.419186
-0.106826 0.794340 0.419409
-0.106849 0.794054 0.419441
-0.106728 0.793299 0.419519
-0.106761 0.793000 0.419554
-0.106775 0.792692 0.419580
-0.106943 0.792460 0.419603
-0.107001 0.792326 0.419614
-0.107360 0.792037 0.419639
-0.107397 0.791928 0.419648
-0.107780 0.791666 0.419672
-0.107797 0.791594 0.419677
-0.107815 0.791476 0.419685
-0.108165 0.791194 0.419705
-0.108190 0.791100 0.419713
-0.108628 0.790838 0.419733
-0.108636 0.790774 0.419738
-0.109036 0.790569 0.419752
-0.109086 0.790499 0.419753
-0.110014 0.789835 0.419796
-0.110916 0.789285 0.419841
-0.111415 0.788888 0.419878
-0.112583 0.787990 0.419947
-0.113558 0.787278 0.420015
-0.114016 0.786792 0.420069
-0.115087 0.785846 0.420159
-0.116058 0.785058 0.420233
-0.116586 0.784472 0.420285
-0.116893 0.784086 0.420320
-0.116890 0.783539 0.420382
-0.116907 0.783141 0.420422
-0.116832 0.782810 0.420450
-0.116820 0.782509 0.420490
-0.116788 0.782391 0.420500
-0.116988 0.782132 0.420524
-0.116932 0.782070 0.420535
-0.117097 0.781924 0.420548
-0.117208 0.781772 0.420559
-0.117347 0.781678 0.420579
-0.117345 0.781631 0.420585
-0.117523 0.781541 0.420599
-0.117569 0.781464 0.420609
-0.117780 0.781394 0.420619
-0.117882 0.781310 0.420626
-0.117975 0.781286 0.420630
-0.118986 0.780637 0.420699
-0.119834 0.780079 0.420759
-0.120686 0.779300 0.420840
-0.120651 0.779189 0.420844
-0.120738 0.778860 0.420856
-0.120698 0.778787 0.420862
-0.120789 0.778660 0.420877
-0.120769 0.778542 0.420892
-0.120936 0.778415 0.420904
-0.120913 0.778302 0.420915
-0.121138 0.778193 0.420929
-0.121194 0.778133 0.420929
-0.121510 0.777998 0.420940
-0.121563 0.777955 0.420935
-0.121813 0.777878 0.420932
-0.121913 0.777845 0.420930
-0.122231 0.777791 0.420934
-0.122249 0.777753 0.420933
-0.122438 0.777705 0.420935
-0.122484 0.777644 0.420936
-0.122698 0.777532 0.420941
-0.122875 0.777369 0.420941
-0.123082 0.777319 0.420942
-0.123134 0.777249 0.420940
-0.123342 0.777089 0.420943
-0.123349 0.777033 0.420943
-0.123516 0.776927 0.420952
-0.123591 0.776879 0.420949
-0.123735 0.776827 0.420947
-0.124696 0.776155 0.421024
-0.125441 0.775615 0.421088
-0.125889 0.775291 0.421115
-0.126944 0.774440 0.421209
-0.127649 0.773818 0.421281
-0.127993 0.773427 0.421311
-0.129102 0.772452 0.421406
-0.129803 0.771685 0.421486
-0.130103 0.770654 0.421575
-0.130018 0.770406 0.421584
-0.129835 0.769858 0.421612
-0.129769 0.769693 0.421627
-0.129709 0.769290 0.421670
-0.129717 0.769163 0.421679
-0.129790 0.768898 0.421700
-0.129720 0.768834 0.421708
-0.129926 0.768617 0.421722
-0.129593 0.768656 0.421736
-0.129809 0.768455 0.421758
-0.129781 0.768392 0.421761
-0.130116 0.768209 0.421773
-0.130099 0.768179 0.421767
-0.130401 0.768012 0.421759
-0.130347 0.768001 0.421757
-0.130464 0.767932 0.421758
-0.130396 0.767906 0.421762
-0.130771 0.767765 0.421771
-0.130715 0.767773 0.421769
-0.130581 0.767747 0.421782
-0.130693 0.767691 0.421784
-0.130889 0.767589 0.421791
-0.130882 0.767566 0.421792
-0.131147 0.767501 0.421793
-0.131146 0.767510 0.421792
-0.131322 0.767464 0.421797
-0.131381 0.767432 0.421794
-0.131637 0.767311 0.421794
-0.131580 0.767316 0.421790
-0.131664 0.767248 0.421790
-0.131680 0.767205 0.421790
-0.132020 0.767019 0.421787
-0.132119 0.766979 0.421774
-0.132302 0.767011 0.421760
-0.132237 0.767055 0.421754
-0.132477 0.766989 0.421751
-0.132375 0.767039 0.421749
-0.133267 0.766376 0.421853
-0.133932 0.765859 0.421933
-0.134199 0.765559 0.421971
-0.135190 0.764688 0.422093
-0.135797 0.764051 0.422184
-0.135936 0.763679 0.422225
-0.136844 0.762667 0.422352
-0.137378 0.762025 0.422456
-0.137641 0.761521 0.422496
-0.138521 0.760487 0.422634
-0.140151 0.758228 0.422885
-0.138345 0.758113 0.422787
-0.137569 0.757121 0.422963
-0.137845 0.756475 0.423032
-0.137395 0.756385 0.423028
-0.136788 0.755848 0.423081
-0.137140 0.755213 0.423145
-0.136618 0.755242 0.423126
-0.137093 0.755005 0.423176
-0.136466 0.755037 0.423148
-0.137126 0.754311 0.423209
-0.136573 0.754371 0.423169
-0.137230 0.753950 0.423202
-0.136638 0.753924 0.423172
-0.137305 0.753772 0.423223
-0.137208 0.753411 0.423178
-0.137208 0.753229 0.423184
-0.137399 0.752909 0.423199
-0.136983 0.753054 0.423180
-0.137229 0.752848 0.423218
-0.137086 0.752876 0.423204
-0.136926 0.752762 0.423213
-0.136932 0.752471 0.423227
-0.137061 0.752176 0.423240
-0.137037 0.751835 0.423244
-0.136756 0.751597 0.423243
-0.136709 0.751270 0.423273
-0.136460 0.751037 0.423285
-0.136348 0.750635 0.423305
-0.136079 0.750410 0.423311
-0.136521 0.749775 0.423337
-0.136527 0.749640 0.423328
-0.136164 0.749514 0.423309
-0.136065 0.749375 0.423315
-0.135870 0.749111 0.423328
-0.135774 0.748974 0.423340
-0.136752 0.748152 0.423482
-0.137434 0.747618 0.423586
-0.138566 0.746672 0.423757
-0.139314 0.746002 0.423873
-0.139459 0.745402 0.423929
-0.139143 0.745161 0.423934
-0.138974 0.744999 0.423929
-0.138904 0.744844 0.423931
-0.138320 0.744403 0.423918
-0.138183 0.744174 0.423932
-0.137987 0.743439 0.423961
-0.137882 0.743298 0.423963
-0.137607 0.743057 0.423968
-0.137448 0.742941 0.423976
-0.137121 0.742773 0.423992
-0.137019 0.742589 0.424005
-0.136591 0.741939 0.424023
-0.136581 0.741722 0.424035
-0.136460 0.741163 0.424061
-0.137308 0.740345 0.424209
-0.138037 0.739667 0.424324
-0.138364 0.739289 0.424357
-0.139390 0.738375 0.424507
-0.140074 0.737731 0.424620
-0.140053 0.737475 0.424662
-0.140803 0.736615 0.424826
-0.141443 0.735852 0.424956
-0.141531 0.735463 0.425014
-0.142413 0.734523 0.425193
-0.143273 0.733735 0.425328
-0.143994 0.732916 0.425405
-0.143765 0.732913 0.425389
-0.143577 0.732593 0.425341
-0.143364 0.732432 0.425328
-0.142733 0.732036 0.425298
-0.142695 0.731661 0.425308
-0.142730 0.730976 0.425326
-0.142631 0.730798 0.425327
-0.142380 0.730439 0.425319
-0.142283 0.730218 0.425317
-0.142505 0.729646 0.425320
-0.142356 0.729519 0.425311
-0.141842 0.729335 0.425274
-0.141880 0.729167 0.425279
-0.142051 0.728702 0.425294
-0.142140 0.728440 0.425295
-0.141762 0.727840 0.425259
-0.141803 0.727655 0.425259
-0.141881 0.727363 0.425268
-0.141921 0.727106 0.425263
-0.141516 0.726942 0.425235
-0.141287 0.726797 0.425238
-0.140756 0.726427 0.425243
-0.140629 0.725793 0.425264
-0.140890 0.725108 0.425285
-0.141194 0.724838 0.425305
-0.141017 0.724831 0.425296
-0.140864 0.724661 0.425290
-0.140759 0.724679 0.425294
-0.141584 0.723974 0.425468
-0.142175 0.723268 0.425605
-0.142585 0.722757 0.425665
-0.143796 0.721711 0.425859
-0.144800 0.720905 0.426007
-0.145298 0.720543 0.426067
-0.146350 0.719633 0.426262
-0.147160 0.718894 0.426417
-0.147896 0.718031 0.426514
-0.148202 0.717306 0.426502
-0.147561 0.717462 0.426456
-0.147470 0.717306 0.426443
-0.147331 0.716883 0.426420
-0.147166 0.716806 0.426408
-0.146765 0.716551 0.426376
-0.146622 0.716101 0.426370
-0.146522 0.715986 0.426363
-0.146360 0.715584 0.426345
-0.146159 0.715402 0.426337
-0.145523 0.715019 0.426310
-0.145514 0.714205 0.426319
-0.144601 0.713423 0.426287
-0.144442 0.713096 0.426295
-0.143744 0.712613 0.426297
-0.143715 0.711703 0.426321
-0.143811 0.710631 0.426337
-0.143569 0.710338 0.426329
-0.143230 0.709718 0.426318
-0.143136 0.709270 0.426321
-0.142500 0.708582 0.426320
-0.142556 0.708025 0.426331
-0.142281 0.707080 0.426328
-0.141937 0.706690 0.426319
-0.142485 0.705590 0.426492
-0.143138 0.704538 0.426652
-0.143511 0.703805 0.426740
-0.144633 0.702339 0.426963
-0.145659 0.701002 0.427147
-0.147145 0.698427 0.427324
-0.146987 0.698205 0.427296
-0.146220 0.697755 0.427187
-0.146035 0.697499 0.427185
-0.145799 0.696700 0.427182
-0.145030 0.696356 0.427144
-0.145010 0.695911 0.427152
-0.144760 0.694760 0.427165
-0.144751 0.694399 0.427170
-0.144617 0.693398 0.427171
-0.144403 0.693104 0.427166
-0.143917 0.692011 0.427147
-0.143824 0.691449 0.427146
-0.143448 0.690616 0.427136
-0.143224 0.689772 0.427142
-0.143150 0.689358 0.427150
-0.142427 0.688187 0.427129
-0.142418 0.687707 0.427149
-0.142365 0.686735 0.427179
-0.142271 0.685655 0.427196
-0.141587 0.685111 0.427174
-0.141514 0.684530 0.427192
-0.141205 0.683509 0.427202
-0.140664 0.682175 0.427212
-0.139721 0.680467 0.427220
-0.139778 0.679490 0.427257
-0.139679 0.677841 0.427307
-0.139445 0.677210 0.427322
-0.138990 0.675775 0.427335
-0.138749 0.675149 0.427358
-0.138184 0.672861 0.427393
-0.138001 0.671889 0.427420
-0.137854 0.670020 0.427480
-0.137515 0.669235 0.427500
-0.136427 0.667114 0.427522
-0.136130 0.666190 0.427558
-0.135287 0.664470 0.427595
-0.134921 0.663361 0.427626
-0.134450 0.661351 0.427675
-0.134087 0.660417 0.427710
-0.133030 0.658748 0.427730
-0.132770 0.657613 0.427771
-0.132188 0.655437 0.427820
-0.131910 0.654334 0.427858
-0.131276 0.652298 0.427912
-0.130932 0.651307 0.427945
-0.129578 0.648652 0.427965
-0.129267 0.647757 0.428004
-0.128336 0.645528 0.428060
-0.127942 0.644103 0.428124
-0.127441 0.642882 0.428156
-0.127000 0.641579 0.428194
-0.126172 0.639970 0.428199
-0.125989 0.639423 0.428220
-0.125294 0.638119 0.428229
-0.125165 0.637610 0.428244
-0.124710 0.636818 0.428243
-0.124356 0.636051 0.428255
-0.124125 0.635668 0.428252
-0.123747 0.634789 0.428253
-0.123471 0.634445 0.428244
-0.123006 0.633650 0.428230
-0.122727 0.633300 0.428219
-0.122130 0.632117 0.428195
-0.122904 0.631110 0.428373
-0.123652 0.630131 0.428544
-0.124007 0.629420 0.428635
-0.125099 0.628178 0.428859
-0.126022 0.627092 0.429054
-0.126654 0.625768 0.429206
-0.126857 0.624806 0.429241
-0.126641 0.624167 0.429208
-0.126176 0.622984 0.429144
-0.125848 0.621931 0.429119
-0.125474 0.620544 0.429103
-0.125165 0.619679 0.429109
-0.124866 0.618930 0.429115
-0.124793 0.618336 0.429131
-0.125678 0.617477 0.429319
-0.127037 0.616015 0.429621
-0.128202 0.614993 0.429871
-0.129855 0.613401 0.430225
-0.131170 0.612227 0.430490
-0.133662 0.609584 0.430988
-0.133903 0.608661 0.430970
-0.133775 0.607936 0.430913
-0.133693 0.607348 0.430907
-0.133548 0.606766 0.430905
-0.133415 0.606027 0.430909
-0.133365 0.605853 0.430913
-0.133442 0.605510 0.430943
-0.133505 0.605043 0.430969
-0.133568 0.604860 0.430988
-0.133669 0.604212 0.431033
-0.133736 0.604076 0.431053
-0.133847 0.603730 0.431092
-0.133931 0.603620 0.431115
-0.134077 0.603273 0.431160
-0.134190 0.603123 0.431186
-0.134368 0.602312 0.431273
-0.134408 0.601618 0.431312
-0.134309 0.601042 0.431333
-0.134178 0.600141 0.431355
-0.134092 0.599373 0.431381
-0.133917 0.598690 0.431400
-0.133734 0.597830 0.431421
-0.133535 0.597005 0.431437
-0.133388 0.596139 0.431461
-0.133263 0.595368 0.431484
-0.133123 0.594704 0.431501
-0.132998 0.594045 0.431521
-0.133851 0.593193 0.431718
-0.135170 0.591777 0.432036
-0.137385 0.589724 0.432548
-0.138917 0.587796 0.432891
-0.139075 0.587121 0.432886
-0.138997 0.586599 0.432878
-0.138903 0.585916 0.432877
-0.138773 0.584886 0.432884
-0.138603 0.584258 0.432893
-0.138432 0.583429 0.432906
-0.138319 0.582521 0.432926
-0.138269 0.582118 0.432938
-0.138312 0.581926 0.432954
-0.138392 0.581437 0.432988
-0.138471 0.581230 0.433009
-0.138564 0.580770 0.433048
-0.138638 0.580608 0.433071
-0.138760 0.580171 0.433114
-0.138864 0.579979 0.433140
-0.139026 0.579487 0.433188
-0.139222 0.579154 0.433239
-0.139323 0.578643 0.433291
-0.139405 0.578507 0.433313
-0.139540 0.578119 0.433357
-0.139758 0.577760 0.433408
-0.139825 0.577553 0.433430
-0.140084 0.577097 0.433501
-0.140117 0.576929 0.433519
-0.140207 0.576770 0.433544
-0.141138 0.575915 0.433764
-0.142006 0.575076 0.433975
-0.142633 0.574505 0.434123
-0.143907 0.573382 0.434423
-0.144993 0.572408 0.434684
-0.145780 0.571754 0.434862
-0.147147 0.570590 0.435183
-0.148302 0.569582 0.435458
-0.149126 0.568915 0.435645
-0.150532 0.567708 0.435975
-0.151708 0.566680 0.436255
-0.152581 0.565934 0.436448
-0.153995 0.564663 0.436785
-0.155121 0.563637 0.437068
-0.155927 0.562986 0.437257
-0.156916 0.562045 0.437468
-0.157260 0.561773 0.437526
-0.157655 0.561338 0.437596
-0.157815 0.561237 0.437620
-0.158026 0.560960 0.437652
-0.158150 0.560809 0.437670
-0.158299 0.560497 0.437699
-0.158482 0.560360 0.437731
-0.158608 0.560067 0.437758
-0.158715 0.559930 0.437777
-0.158948 0.559345 0.437830
-0.159026 0.559187 0.437850
-0.159153 0.558748 0.437889
-0.159248 0.558542 0.437912
-0.159420 0.558011 0.437957
-0.159555 0.557702 0.437999
-0.159655 0.557362 0.438035
-0.159817 0.557084 0.438078
-0.159866 0.556919 0.438096
-0.159987 0.556787 0.438134
-0.160041 0.556630 0.438152
-0.160301 0.556319 0.438214
-0.160347 0.556178 0.438230
-0.160525 0.555932 0.438271
-0.160639 0.555604 0.438306
-0.160738 0.555463 0.438328
-0.160858 0.555139 0.438368
-0.161059 0.554788 0.438414
-0.161165 0.554385 0.438453
-0.161249 0.554238 0.438476
-0.161384 0.553877 0.438520
-0.161498 0.553681 0.438546
-0.161669 0.553221 0.438595
-0.161753 0.553081 0.438618
-0.161878 0.552716 0.438659
-0.161964 0.552579 0.438682
-0.162110 0.552204 0.438727
-0.162213 0.552046 0.438752
-0.162387 0.551632 0.438801
-0.162503 0.551435 0.438828
-0.162669 0.550946 0.438879
-0.162776 0.550722 0.438906
-0.162937 0.550235 0.438956
-0.163025 0.550094 0.438980
-0.163146 0.549750 0.439024
-0.163216 0.549629 0.439046
-0.163334 0.549278 0.439088
-0.163413 0.549144 0.439110
-0.163553 0.548746 0.439155
-0.163730 0.548444 0.439202
-0.163815 0.548107 0.439240
-0.163958 0.547844 0.439280
-0.164055 0.547471 0.439316
-0.164132 0.547379 0.439335
-0.164281 0.547020 0.439375
-0.164372 0.546876 0.439396
-0.164535 0.546382 0.439452
-0.164628 0.546218 0.439473
-0.164786 0.545775 0.439515
-0.164880 0.545614 0.439537
-0.165019 0.545152 0.439581
-0.165119 0.544959 0.439605
-0.165977 0.543991 0.439831
-0.166798 0.543032 0.440048
-0.167396 0.542382 0.440200
-0.168553 0.541210 0.440507
-0.169562 0.540138 0.440777
-0.170312 0.539408 0.440964
-0.171598 0.538057 0.441301
-0.172657 0.536936 0.441590
-0.173450 0.536117 0.441792
-0.174732 0.534788 0.442138
-0.175821 0.533627 0.442436
-0.176606 0.532792 0.442645
-0.177884 0.531387 0.443001
-0.178962 0.530179 0.443305
-0.180307 0.528869 0.443663
-0.180948 0.528304 0.443826
-0.181177 0.528218 0.443873
-0.181590 0.527981 0.443957
-0.181727 0.527891 0.443977
-0.181935 0.527558 0.444014
-0.182040 0.527482 0.444032
-0.182197 0.527174 0.444066
-0.182277 0.527101 0.444082
-0.182413 0.526712 0.444122
-0.182477 0.526652 0.444135
-0.182611 0.526326 0.444166
-0.182704 0.526189 0.444184
-0.182843 0.525863 0.444218
-0.183072 0.525561 0.444258
-0.183216 0.525262 0.444288
-0.183309 0.525164 0.444305
-0.183513 0.524618 0.444355
-0.183607 0.524495 0.444372
-0.183775 0.524079 0.444409
-0.183877 0.523941 0.444429
-0.184042 0.523507 0.444469
-0.184128 0.523369 0.444489
-0.184254 0.522972 0.444528
-0.184349 0.522821 0.444548
-0.184499 0.522415 0.444586
-0.184639 0.522186 0.444623
-0.184683 0.522018 0.444640
-0.184842 0.521801 0.444672
-0.184904 0.521619 0.444688
-0.185096 0.521333 0.444723
-0.185166 0.521159 0.444738
-0.185380 0.520849 0.444776
-0.185487 0.520614 0.444803
-0.185681 0.520375 0.444846
-0.185734 0.520237 0.444858
-0.185931 0.520051 0.444888
-0.186006 0.519871 0.444903
-0.186223 0.519593 0.444936
-0.186296 0.519344 0.444955
-0.186571 0.518772 0.445008
-0.186617 0.518584 0.445025
-0.186769 0.518308 0.445058
-0.186884 0.517864 0.445090
-0.186964 0.517707 0.445107
-0.187721 0.516723 0.445327
-0.188421 0.515785 0.445539
-0.188963 0.515146 0.445688
-0.190014 0.513830 0.446000
-0.190914 0.512681 0.446274
-0.191573 0.511968 0.446465
-0.192711 0.510584 0.446809
-0.193695 0.509366 0.447107
-0.194457 0.508616 0.447315
-0.195641 0.507310 0.447670
-0.196661 0.506100 0.447981
-0.197437 0.505307 0.448200
-0.197982 0.504675 0.448356
-0.198735 0.504062 0.448547
-0.198967 0.503817 0.448606
-0.199379 0.503574 0.448685
-0.199534 0.503386 0.448712
-0.199837 0.503163 0.448756
-0.199967 0.502944 0.448776
-0.200252 0.502661 0.448813
-0.200445 0.502377 0.448840
-0.200747 0.502145 0.447948
-0.200988 0.501846 0.447202
-0.201195 0.501640 0.446730
-0.201573 0.501381 0.445524
-0.201867 0.501047 0.444580
-0.202300 0.500600 0.443072
-0.202613 0.500230 0.441929
-0.202871 0.499933 0.441204
-0.203263 0.499593 0.439832
-0.203564 0.499203 0.438780
-0.203947 0.498787 0.437196
-0.204224 0.498380 0.436005
-0.204586 0.497906 0.434332
-0.204907 0.497560 0.433085
-0.205133 0.497259 0.432293
-0.205456 0.496891 0.430871
-0.205761 0.496544 0.429789
-0.205983 0.496146 0.429107
-0.206280 0.495691 0.427757
-0.206496 0.495188 0.426718
-0.206807 0.494668 0.425648
-0.206894 0.494426 0.425386
-0.207087 0.494069 0.425125
-0.207188 0.493701 0.425027
-0.207261 0.493603 0.425009
-0.207943 0.492643 0.425177
-0.208589 0.491691 0.425350
-0.209093 0.491064 0.425477
-0.210071 0.489757 0.425749
-0.210920 0.488550 0.425996
-0.211554 0.487786 0.426175
-0.212616 0.486431 0.426484
-0.213555 0.485246 0.426757
-0.214272 0.484502 0.426954
-0.215377 0.483154 0.427281
-0.216301 0.482060 0.427562
-0.217523 0.480432 0.427953
-0.218599 0.479192 0.428288
-0.219921 0.477728 0.428697
-0.220388 0.477441 0.428819
-0.221061 0.477116 0.428968
-0.221333 0.477032 0.429013
-0.221838 0.476749 0.429086
-0.222003 0.476716 0.429100
-0.222249 0.476459 0.429123
-0.222398 0.476391 0.429136
-0.222644 0.476212 0.429155
-0.222782 0.476210 0.429162
-0.223025 0.475963 0.429177
-0.223169 0.475906 0.429186
-0.223409 0.475647 0.429203
-0.223546 0.475563 0.429212
-0.223774 0.475330 0.429226
-0.223899 0.475291 0.429233
-0.224097 0.475044 0.429246
-0.224212 0.474946 0.429256
-0.224365 0.474617 0.429273
-0.224468 0.474501 0.429282
-0.224547 0.474314 0.429293
-0.225139 0.473223 0.429495
-0.225710 0.472168 0.429698
-0.226476 0.471033 0.429953
-0.226730 0.470647 0.430032
-0.227167 0.470171 0.430135
-0.227313 0.469966 0.430168
-0.227632 0.469774 0.430213
-0.227745 0.469623 0.430226
-0.228023 0.469408 0.430249
-0.228123 0.469248 0.430257
-0.228387 0.469036 0.430275
-0.228471 0.468877 0.430281
-0.228709 0.468690 0.430294
-0.228795 0.468548 0.430298
-0.229012 0.468351 0.430308
-0.229094 0.468156 0.430314
-0.229316 0.467901 0.430327
-0.229915 0.466870 0.430526
-0.230460 0.465887 0.430723
-0.230903 0.465263 0.430866
-0.231478 0.464534 0.431037
-0.231923 0.464223 0.431130
-0.232063 0.464047 0.431158
-0.232391 0.463880 0.431196
-0.232508 0.463740 0.431206
-0.232670 0.463626 0.431214
-0.232965 0.463381 0.430282
-0.233211 0.463121 0.429498
-0.233442 0.462921 0.429005
-0.233770 0.462634 0.427755
-0.234037 0.462317 0.426770
-0.234299 0.462103 0.426150
-0.234630 0.461827 0.424817
-0.234886 0.461568 0.423777
-0.235132 0.461420 0.423119
-0.235490 0.461112 0.422442
-0.235671 0.461060 0.422278
-0.235963 0.460826 0.422111
-0.236115 0.460760 0.422072
-0.236330 0.460497 0.422035
-0.236459 0.460438 0.422027
-0.236661 0.460142 0.422023
-0.236779 0.460085 0.422023
-0.237024 0.459756 0.422024
-0.237133 0.459728 0.422027
-0.237308 0.459507 0.422031
-0.237410 0.459422 0.422033
-0.237550 0.459135 0.422034
-0.237658 0.459053 0.422038
-0.237889 0.458646 0.422044
-0.238003 0.458608 0.422044
-0.238162 0.458318 0.422045
-0.238279 0.458253 0.422049
-0.238475 0.458017 0.422052
-0.238607 0.457950 0.422053
-0.238732 0.457815 0.422053
-0.239306 0.456700 0.422239
-0.239857 0.455640 0.422427
-0.240664 0.454614 0.422656
-0.241143 0.453999 0.422775
-0.241538 0.453799 0.422835
-0.241681 0.453647 0.422850
-0.241999 0.453481 0.422867
-0.242115 0.453347 0.422871
-0.242412 0.453169 0.422876
-0.242523 0.453004 0.422877
-0.242807 0.452837 0.422875
-0.242916 0.452736 0.422869
-0.243200 0.452617 0.422861
-0.243320 0.452498 0.422856
-0.243519 0.452246 0.421902
-0.243748 0.452034 0.421105
-0.244026 0.451748 0.419654
-0.244246 0.451438 0.418542
-0.244456 0.451247 0.417845
-0.244705 0.451021 0.416454
-0.244903 0.450776 0.415379
-0.245114 0.450599 0.414706
-0.245363 0.450359 0.413332
-0.245561 0.450088 0.412269
-0.245960 0.449884 0.411185
-0.246123 0.449756 0.410925
-0.246497 0.449685 0.410664
-0.246636 0.449579 0.410601
-0.246954 0.449478 0.410538
-0.247067 0.449369 0.410522
-0.247339 0.449233 0.410508
-0.247437 0.449109 0.410505
-0.247702 0.448954 0.410504
-0.247794 0.448821 0.410504
-0.248059 0.448695 0.410502
-0.248155 0.448554 0.410500
-0.248432 0.448406 0.410497
-0.248534 0.448265 0.410494
-0.248808 0.448081 0.410492
-0.248905 0.447928 0.410490
-0.249192 0.447799 0.410484
-0.249295 0.447654 0.410480
-0.249667 0.447407 0.410470
-0.249753 0.447277 0.410465
-0.250195 0.447076 0.410445
-0.250259 0.446957 0.410437
-0.250468 0.446791 0.410426
-0.250547 0.446646 0.410420
-0.250775 0.446447 0.410413
-0.250855 0.446273 0.410410
-0.251293 0.446013 0.410392
-0.251859 0.446114 0.410353
-0.252298 0.446193 0.410312
-0.252874 0.446336 0.410264
-0.253026 0.446391 0.410251
-0.254165 0.444641 0.410568
-0.255590 0.443726 0.410876
-0.256732 0.444009 0.410948
-0.257440 0.444256 0.410919
-0.258130 0.444563 0.410872
-0.258810 0.444662 0.410824
-0.259381 0.444871 0.410781
-0.260213 0.445326 0.410713
-0.260745 0.445484 0.410650
-0.260487 0.446573 0.410446
-0.260117 0.448103 0.410090
-0.259583 0.449502 0.409781
-0.258506 0.452033 0.409057
-0.258304 0.452337 0.408761
-0.258442 0.452372 0.408643
-0.258852 0.452504 0.408549
-0.259311 0.452536 0.408480
-0.259861 0.452831 0.408416
-0.260520 0.453119 0.408315
-0.261373 0.453674 0.408179
-0.261995 0.454116 0.408034
-0.262723 0.454601 0.407904
-0.263259 0.454693 0.407772
-0.263930 0.454940 0.407673
-0.264270 0.455037 0.407577
-0.264602 0.455152 0.407505
-0.264706 0.455140 0.407489
-0.264833 0.455027 0.406510
-0.265023 0.455022 0.405684
-0.265212 0.454998 0.404194
-0.266258 0.455306 0.401463
-0.266985 0.455603 0.401136
-0.267571 0.456153 0.400994
-0.268277 0.456637 0.400844
-0.268813 0.455646 0.400973
-0.269917 0.454195 0.401221
-0.270733 0.452792 0.401496
-0.272223 0.451080 0.401956
-0.273186 0.449765 0.402293
-0.276068 0.447852 0.403058
-0.278127 0.447627 0.403327
-0.279472 0.448157 0.403240
-0.280651 0.448678 0.403045
-0.281504 0.448913 0.402836
-0.282494 0.449170 0.402634
-0.282808 0.449312 0.402520
-0.283354 0.448345 0.402655
-0.284492 0.446977 0.402948
-0.285317 0.445458 0.403270
-0.286742 0.443660 0.403796
-0.288540 0.440842 0.404571
-0.289873 0.439499 0.405109
-0.291500 0.437158 0.405808
-0.293806 0.435237 0.406651
-0.295436 0.435800 0.406843
-0.297009 0.436337 0.406747
-0.298394 0.436920 0.406521
-0.299623 0.437464 0.406284
-0.301095 0.437925 0.406013
-0.302238 0.438261 0.405729
-0.303470 0.438927 0.405460
-0.304463 0.439015 0.405172
-0.305446 0.439085 0.404976
-0.306416 0.439292 0.404771
-0.307153 0.439411 0.404518
-0.308076 0.439455 0.404355
-0.308898 0.439729 0.404156
-0.309881 0.440027 0.403927
-0.311012 0.440658 0.403662
-0.311932 0.440627 0.403359
-0.312194 0.440749 0.403286
-0.313384 0.439047 0.403541
-0.313976 0.438349 0.403730
-0.315475 0.435543 0.404430
-0.316205 0.434912 0.404740
-0.318163 0.432003 0.405644
-0.320490 0.430135 0.406781
-0.322210 0.430649 0.407207
-0.323556 0.430935 0.407150
-0.324798 0.431143 0.407054
-0.326447 0.431495 0.406908
-0.327708 0.431540 0.406660
-0.329078 0.431716 0.406415
-0.330670 0.432436 0.406117
-0.332263 0.432680 0.405832
-0.334343 0.432625 0.405369
-0.336136 0.433033 0.405099
-0.337949 0.433071 0.404566
-0.339865 0.433263 0.404202
-0.341730 0.432893 0.403798
-0.343557 0.432931 0.403588
-0.345642 0.433254 0.403235
-0.347767 0.433567 0.402805
-0.350019 0.433287 0.402536
-0.350739 0.433216 0.402459
-0.352479 0.430609 0.402790
-0.354015 0.428917 0.403390
-0.355956 0.429234 0.403711
-0.357753 0.429074 0.403576
-0.359490 0.429340 0.403349
-0.361352 0.429596 0.403208
-0.363242 0.429519 0.403028
-0.364539 0.429116 0.402924
-0.365342 0.429203 0.402872
-0.366703 0.429424 0.402853
-0.367982 0.429676 0.402632
-0.369498 0.429125 0.402454
-0.370575 0.429195 0.402476
-0.371417 0.428842 0.402341
-0.372730 0.428727 0.402389
-0.373975 0.428265 0.402763
-0.374938 0.427692 0.402890
-0.375452 0.427602 0.402680
-0.376110 0.427687 0.402623
-0.376864 0.427648 0.402689
-0.377518 0.427326 0.402788
-0.377623 0.427216 0.402772
-0.377999 0.427212 0.402700
-0.378110 0.427544 0.402839
-0.378773 0.427361 0.402982
-0.378914 0.427549 0.402832
-0.379170 0.427530 0.402796
-0.379749 0.427581 0.402796
-0.381011 0.427543 0.402583
-0.381186 0.427600 0.402483
-0.382002 0.427383 0.402464
-0.382669 0.427858 0.402295
-0.383544 0.427643 0.402190
