-0.080727 0.886064 0.407064
-0.082004 0.886028 0.406994
-0.082089 0.885994 0.406992
-0.083493 0.885832 0.406932
-0.085486 0.883265 0.407417
-0.085413 0.883066 0.407464
-0.085322 0.882808 0.407522
-0.085243 0.882586 0.407568
-0.085224 0.882515 0.407581
-0.085377 0.882430 0.407585
-0.086423 0.881919 0.407590
-0.087343 0.881436 0.407615
-0.088425 0.880724 0.407708
-0.088625 0.880440 0.407767
-0.089011 0.879960 0.407865
-0.089067 0.879746 0.407915
-0.089372 0.879207 0.408025
-0.089366 0.879045 0.408061
-0.089654 0.878614 0.408134
-0.089667 0.878479 0.408160
-0.089963 0.878216 0.408190
-0.090044 0.878086 0.408208
-0.090560 0.877671 0.408250
-0.091466 0.877146 0.408267
-0.092296 0.876640 0.408300
-0.093452 0.875374 0.408511
-0.092974 0.874402 0.408752
-0.092856 0.874221 0.408793
-0.092502 0.873752 0.408801
-0.092294 0.873430 0.408842
-0.092088 0.873155 0.408815
-0.091814 0.872721 0.408845
-0.091722 0.872598 0.408822
-0.091394 0.872067 0.408828
-0.091314 0.871958 0.408802
-0.091112 0.871581 0.408786
-0.090977 0.871376 0.408731
-0.090870 0.871133 0.408724
-0.090815 0.871027 0.408690
-0.091651 0.870452 0.408668
-0.092424 0.869897 0.408677
-0.092910 0.868517 0.408775
-0.092805 0.868241 0.408823
-0.092204 0.867362 0.408901
-0.092060 0.867147 0.408936
-0.091785 0.866763 0.408934
-0.091535 0.866364 0.408971
-0.091288 0.866024 0.408950
-0.090954 0.865497 0.408996
-0.090846 0.865347 0.408979
-0.090568 0.864856 0.408988
-0.090389 0.864588 0.408949
-0.090240 0.864286 0.408957
-0.090090 0.864029 0.408912
-0.089889 0.863605 0.408928
-0.089821 0.863486 0.408902
-0.089712 0.863199 0.408884
-0.089654 0.863075 0.408850
-0.089420 0.862531 0.408836
-0.089361 0.862421 0.408808
-0.089213 0.862030 0.408790
-0.089160 0.861920 0.408758
-0.089021 0.861532 0.408736
-0.088971 0.861423 0.408704
-0.089814 0.860828 0.408673
-0.090594 0.860250 0.408672
-0.091004 0.859791 0.408665
-0.092063 0.858914 0.408676
-0.092914 0.858104 0.408724
-0.093402 0.856905 0.408826
-0.093176 0.855950 0.408987
-0.092703 0.855189 0.409079
-0.092456 0.854818 0.409137
-0.091716 0.853876 0.409224
-0.090637 0.852538 0.409465
-0.090459 0.852281 0.409513
-0.090454 0.851791 0.409586
-0.090355 0.851320 0.409664
-0.090498 0.850910 0.409721
-0.090504 0.850512 0.409782
-0.090736 0.850164 0.409823
-0.090796 0.849678 0.409894
-0.090928 0.849533 0.409907
-0.091187 0.848972 0.409974
-0.091342 0.848854 0.409981
-0.091509 0.848708 0.409990
-0.092502 0.848062 0.409994
-0.093536 0.847471 0.410006
-0.094665 0.846257 0.410148
-0.094858 0.845970 0.410192
-0.095034 0.845216 0.410319
-0.095141 0.845011 0.410349
-0.095271 0.844418 0.410438
-0.095521 0.844095 0.410472
-0.095624 0.843772 0.410512
-0.095788 0.843621 0.410523
-0.096091 0.843168 0.410566
-0.096268 0.843039 0.410572
-0.096619 0.842634 0.410601
-0.096994 0.842420 0.410603
-0.097207 0.842186 0.410616
-0.097611 0.841980 0.410611
-0.097754 0.841860 0.410615
-0.098235 0.841636 0.410604
-0.099265 0.841022 0.410597
-0.100187 0.840435 0.410610
-0.101487 0.839316 0.410717
-0.101576 0.839035 0.410765
-0.101927 0.838352 0.410863
-0.101940 0.838144 0.410897
-0.102249 0.837610 0.410956
-0.102261 0.837277 0.411001
-0.102588 0.836855 0.411032
-0.102637 0.836707 0.411046
-0.103096 0.836310 0.411057
-0.103168 0.836174 0.411067
-0.103653 0.835820 0.411068
-0.103741 0.835692 0.411074
-0.104137 0.835444 0.411067
-0.104392 0.835178 0.411070
-0.104611 0.835057 0.411063
-0.105685 0.834401 0.411053
-0.106607 0.833785 0.411067
-0.107822 0.832656 0.411184
-0.107894 0.832378 0.411234
-0.108149 0.831558 0.411366
-0.108094 0.831379 0.411401
-0.108312 0.830883 0.411454
-0.108329 0.830718 0.411474
-0.108756 0.830166 0.411505
-0.108802 0.830021 0.411515
-0.109164 0.829730 0.411510
-0.109323 0.829451 0.411525
-0.109510 0.829318 0.411521
-0.109827 0.828918 0.411533
-0.109976 0.828811 0.411531
-0.110361 0.828356 0.411533
-0.110540 0.828258 0.411523
-0.111575 0.827604 0.411512
-0.112474 0.826995 0.411523
-0.113654 0.825704 0.411685
-0.113622 0.825498 0.411734
-0.113684 0.824853 0.411856
-0.113698 0.824675 0.411877
-0.114026 0.824118 0.411921
-0.114009 0.823987 0.411940
-0.114346 0.823599 0.411949
-0.114329 0.823381 0.411979
-0.114688 0.823059 0.411974
-0.114774 0.822933 0.411975
-0.115230 0.822629 0.411956
-0.115290 0.822527 0.411958
-0.115576 0.822328 0.411947
-0.115780 0.822092 0.411941
-0.116312 0.821810 0.411900
-0.116399 0.821716 0.411897
-0.116777 0.821544 0.411867
-0.117020 0.821354 0.411849
-0.117342 0.821191 0.411820
-0.117477 0.821032 0.411813
-0.117653 0.820948 0.411796
-0.117924 0.820740 0.411775
-0.118156 0.820639 0.411753
-0.119187 0.819986 0.411738
-0.120043 0.819418 0.411751
-0.121031 0.818672 0.411806
-0.121063 0.818283 0.411918
-0.121128 0.818107 0.411952
-0.121351 0.817443 0.412040
-0.121316 0.817361 0.412067
-0.121042 0.816814 0.412187
-0.121044 0.816236 0.412237
-0.120827 0.815818 0.412305
-0.120834 0.815668 0.412316
-0.120908 0.815380 0.412271
-0.120892 0.815075 0.412270
-0.120919 0.814776 0.412212
-0.120884 0.814624 0.412208
-0.120608 0.814197 0.412161
-0.120569 0.814045 0.412165
-0.121392 0.813292 0.412175
-0.122048 0.812681 0.412181
-0.122209 0.812245 0.412242
-0.122064 0.811405 0.412363
-0.121806 0.810923 0.412465
-0.121413 0.810545 0.412521
-0.121335 0.810272 0.412544
-0.121058 0.809634 0.412566
-0.120948 0.809413 0.412593
-0.120689 0.808858 0.412603
-0.120500 0.808473 0.412648
-0.120235 0.808162 0.412653
-0.120155 0.807746 0.412664
-0.120280 0.807197 0.412592
-0.120318 0.806985 0.412589
-0.120410 0.806405 0.412522
-0.120327 0.806260 0.412535
-0.120188 0.805969 0.412508
-0.120119 0.805618 0.412507
-0.119923 0.805366 0.412488
-0.119752 0.804571 0.412509
-0.119557 0.803904 0.412570
-0.119184 0.803104 0.412668
-0.119030 0.802442 0.412730
-0.118891 0.801835 0.412789
-0.119036 0.801614 0.412784
-0.119592 0.800731 0.412761
-0.119719 0.800602 0.412755
-0.119943 0.800327 0.412743
-0.120059 0.800224 0.412735
-0.120306 0.799848 0.412711
-0.120419 0.799762 0.412694
-0.120627 0.799543 0.412662
-0.120940 0.799360 0.412606
-0.121468 0.798964 0.412502
-0.122390 0.798308 0.412474
-0.123131 0.797741 0.412489
-0.123928 0.797038 0.412559
-0.124229 0.796593 0.412634
-0.124157 0.796399 0.412729
-0.124035 0.796056 0.412822
-0.124204 0.795928 0.412813
-0.124390 0.795706 0.412829
-0.124482 0.795654 0.412827
-0.124615 0.795490 0.412839
-0.124701 0.795464 0.412834
-0.124911 0.795359 0.412818
-0.125336 0.795241 0.412760
-0.125727 0.795113 0.412702
-0.126016 0.795043 0.412656
-0.126387 0.794946 0.412595
-0.126705 0.794979 0.412537
-0.126876 0.794955 0.412503
-0.127835 0.794337 0.412479
-0.128727 0.793849 0.412475
-0.128917 0.793422 0.412722
-0.128865 0.793331 0.412791
-0.128513 0.792980 0.413022
-0.128535 0.792741 0.413094
-0.128527 0.792661 0.413101
-0.128476 0.792421 0.413154
-0.128528 0.792357 0.413140
-0.128753 0.792078 0.413121
-0.128577 0.792109 0.413139
-0.128146 0.792069 0.413204
-0.128131 0.792002 0.413190
-0.128110 0.791673 0.413180
-0.128063 0.791625 0.413168
-0.127963 0.791389 0.413165
-0.127830 0.791362 0.413163
-0.127713 0.791114 0.413159
-0.127696 0.791024 0.413139
-0.127682 0.790920 0.413129
-0.128461 0.790228 0.413141
-0.129019 0.789739 0.413173
-0.129552 0.788860 0.413317
-0.129515 0.788745 0.413352
-0.129281 0.788471 0.413462
-0.129291 0.788351 0.413459
-0.129009 0.788079 0.413522
-0.128919 0.787979 0.413522
-0.128666 0.787780 0.413556
-0.128461 0.787726 0.413566
-0.128064 0.787371 0.413611
-0.128867 0.786629 0.413632
-0.129516 0.786059 0.413687
-0.128722 0.785277 0.414070
-0.128884 0.785006 0.414075
-0.128530 0.784592 0.414163
-0.127819 0.784300 0.414302
-0.127687 0.783372 0.414386
-0.127629 0.783258 0.414405
-0.127705 0.783033 0.414428
-0.127709 0.782855 0.414461
-0.127796 0.782720 0.414483
-0.127810 0.782635 0.414499
-0.127984 0.782426 0.414526
-0.128072 0.782337 0.414528
-0.128606 0.782115 0.414499
-0.128438 0.782213 0.414536
-0.128550 0.782259 0.414549
-0.128569 0.782246 0.414553
-0.128769 0.782202 0.414547
-0.128948 0.782188 0.414540
-0.129140 0.782197 0.414536
-0.129157 0.782170 0.414540
-0.129978 0.781529 0.414570
-0.130692 0.781027 0.414626
-0.131015 0.780460 0.414843
-0.131050 0.780385 0.414889
-0.130778 0.780256 0.415044
-0.130831 0.780163 0.415054
-0.130640 0.779921 0.415126
-0.130543 0.779875 0.415153
-0.130479 0.779781 0.415177
-0.131252 0.779079 0.415230
-0.131901 0.778559 0.415305
-0.131975 0.778337 0.415418
-0.132535 0.777625 0.415572
-0.133076 0.777048 0.415709
-0.133134 0.776737 0.415856
-0.133725 0.775919 0.416034
-0.134342 0.775182 0.416186
-0.134507 0.774660 0.416333
-0.135212 0.773689 0.416521
-0.135813 0.772950 0.416696
-0.135868 0.772179 0.416992
-0.135442 0.771992 0.417128
-0.134022 0.771584 0.417401
-0.133588 0.771419 0.417469
-0.133308 0.770823 0.417535
-0.133282 0.770530 0.417557
-0.132827 0.770066 0.417632
-0.132765 0.769749 0.417659
-0.132092 0.768990 0.417775
-0.132051 0.768815 0.417790
-0.131512 0.768355 0.417850
-0.131430 0.768142 0.417866
-0.131154 0.767792 0.417907
-0.131332 0.767540 0.417906
-0.131538 0.767196 0.417919
-0.132286 0.766505 0.418008
-0.132822 0.765947 0.418110
-0.132977 0.765604 0.418201
-0.133868 0.764718 0.418339
-0.134360 0.764126 0.418486
-0.134458 0.763785 0.418600
-0.135246 0.762862 0.418764
-0.135800 0.762167 0.418913
-0.135951 0.761715 0.419030
-0.136081 0.761351 0.419112
-0.136117 0.760987 0.419215
-0.135911 0.760525 0.419271
-0.135694 0.760357 0.419299
-0.135238 0.760049 0.419348
-0.135097 0.759883 0.419368
-0.135041 0.759528 0.419390
-0.135057 0.759336 0.419393
-0.134969 0.759106 0.419405
-0.135018 0.758965 0.419406
-0.135224 0.758720 0.419412
-0.135351 0.758631 0.419417
-0.135427 0.758519 0.419432
-0.135478 0.758466 0.419439
-0.135481 0.758397 0.419455
-0.135494 0.758339 0.419464
-0.135453 0.758221 0.419493
-0.135472 0.758180 0.419499
-0.135448 0.758068 0.419511
-0.135608 0.758021 0.419522
-0.135724 0.757991 0.419525
-0.136148 0.757886 0.419533
-0.136136 0.757999 0.419542
-0.137070 0.757417 0.419644
-0.137854 0.757004 0.419752
-0.138205 0.756840 0.419931
-0.138120 0.756939 0.419962
-0.137812 0.757105 0.420006
-0.137990 0.757039 0.420005
-0.137987 0.756994 0.420022
-0.138023 0.756957 0.420026
-0.138209 0.756771 0.420028
-0.138244 0.756749 0.420039
-0.138155 0.756665 0.420071
-0.138149 0.756343 0.420064
-0.138223 0.756248 0.420071
-0.138170 0.756030 0.420073
-0.137958 0.756069 0.420069
-0.137768 0.755977 0.420052
-0.137662 0.755956 0.420041
-0.137649 0.755763 0.420028
-0.137624 0.755640 0.420010
-0.137734 0.755336 0.419980
-0.137637 0.755307 0.419969
-0.137249 0.755185 0.419954
-0.137205 0.754781 0.419969
-0.137415 0.754395 0.419965
-0.137192 0.754414 0.419977
-0.137040 0.754211 0.419982
-0.137429 0.753830 0.419977
-0.136592 0.754154 0.420000
-0.137269 0.753515 0.419975
-0.136717 0.753708 0.420000
-0.137801 0.752928 0.420098
-0.138692 0.751836 0.420359
-0.139334 0.751139 0.420518
-0.140128 0.749884 0.420830
-0.140903 0.748994 0.420989
-0.142029 0.747251 0.421278
-0.142878 0.746375 0.421447
-0.143376 0.744481 0.421867
-0.142781 0.744011 0.421888
-0.142371 0.743176 0.421878
-0.142283 0.742525 0.421882
-0.142464 0.742079 0.421868
-0.142332 0.742137 0.421871
-0.142026 0.742062 0.421873
-0.142235 0.741598 0.421854
-0.142215 0.741285 0.421858
-0.142019 0.741170 0.421875
-0.142292 0.740917 0.421867
-0.142765 0.740659 0.421870
-0.142130 0.740813 0.421873
-0.141849 0.740532 0.421873
-0.141981 0.740358 0.421871
-0.144140 0.738651 0.422144
-0.143992 0.738567 0.422242
-0.145486 0.737078 0.422604
-0.145486 0.736861 0.422714
-0.147431 0.735041 0.423096
-0.147514 0.734848 0.423223
-0.149637 0.732993 0.423756
-0.149117 0.732560 0.423921
-0.147214 0.732811 0.423872
-0.147292 0.731973 0.423836
-0.147098 0.731269 0.423820
-0.148208 0.730553 0.423830
-0.148222 0.730451 0.423845
-0.148224 0.730468 0.423851
-0.148255 0.730344 0.423849
-0.148275 0.730300 0.423845
-0.148007 0.730313 0.423834
-0.147879 0.730273 0.423824
-0.147363 0.730086 0.423786
-0.147208 0.729996 0.423779
-0.147052 0.729736 0.423775
-0.146812 0.729693 0.423766
-0.146858 0.729516 0.423759
-0.147647 0.728771 0.423921
-0.148521 0.728104 0.424091
-0.149698 0.727041 0.424315
-0.149645 0.727033 0.424330
-0.149512 0.727050 0.424325
-0.149548 0.726972 0.424329
-0.149627 0.726819 0.424330
-0.149575 0.726786 0.424328
-0.149671 0.726560 0.424314
-0.149568 0.726545 0.424308
-0.149363 0.726434 0.424282
-0.149174 0.726352 0.424272
-0.149341 0.725803 0.424255
-0.149248 0.725637 0.424252
-0.148758 0.725522 0.424235
-0.148859 0.725372 0.424234
-0.149991 0.724429 0.424414
-0.150645 0.723749 0.424583
-0.150860 0.723284 0.424682
-0.151842 0.722287 0.424920
-0.152538 0.721524 0.425121
-0.152863 0.720640 0.425310
-0.153005 0.720251 0.425353
-0.153663 0.719002 0.425411
-0.153631 0.718794 0.425409
-0.153461 0.718453 0.425393
-0.153479 0.718197 0.425383
-0.153399 0.717941 0.425372
-0.153596 0.717570 0.425370
-0.152929 0.717751 0.425330
-0.152808 0.717630 0.425313
-0.152819 0.717356 0.425303
-0.152620 0.717439 0.425292
-0.152111 0.717519 0.425259
-0.152144 0.717527 0.425258
-0.153085 0.716799 0.425447
-0.153912 0.716233 0.425623
-0.155315 0.715006 0.425924
-0.156358 0.714095 0.426170
-0.156927 0.713544 0.426339
-0.158179 0.712372 0.426636
-0.159205 0.711356 0.426884
-0.159598 0.710179 0.427125
-0.160497 0.709193 0.427250
-0.160333 0.708905 0.427277
-0.160473 0.708750 0.427280
-0.159825 0.708816 0.427240
-0.159868 0.708649 0.427232
-0.160032 0.708259 0.427235
-0.159798 0.707883 0.427207
-0.159947 0.707298 0.427192
-0.159852 0.707074 0.427183
-0.159754 0.706742 0.427189
-0.159546 0.706728 0.427178
-0.159094 0.706654 0.427138
-0.159061 0.706482 0.427120
-0.159061 0.706250 0.427098
-0.158676 0.706342 0.427077
-0.158537 0.706139 0.427044
-0.158336 0.706104 0.427026
-0.159209 0.705238 0.427211
-0.160065 0.704367 0.427402
-0.161912 0.702657 0.427745
-0.163204 0.701546 0.428038
-0.164250 0.700666 0.428234
-0.165406 0.699675 0.428441
-0.165542 0.699491 0.428483
-0.165221 0.699444 0.428496
-0.165329 0.699210 0.428502
-0.165454 0.698704 0.428525
-0.165446 0.698469 0.428524
-0.165426 0.697815 0.428524
-0.165604 0.697465 0.428538
-0.165614 0.697121 0.428553
-0.165691 0.696920 0.428545
-0.165330 0.696844 0.428500
-0.165264 0.696794 0.428489
-0.165342 0.696562 0.428480
-0.165219 0.696560 0.428468
-0.164903 0.696561 0.428438
-0.164866 0.696564 0.428429
-0.164924 0.696434 0.428421
-0.164596 0.696558 0.428402
-0.164293 0.696523 0.428363
-0.164392 0.696364 0.428361
-0.164020 0.696257 0.428320
-0.164116 0.695922 0.428316
-0.164024 0.695375 0.428300
-0.164005 0.695123 0.428287
-0.163682 0.694602 0.428255
-0.163609 0.694216 0.428239
-0.162686 0.693686 0.428151
-0.162525 0.693214 0.428125
-0.162553 0.691397 0.428088
-0.162038 0.691223 0.428054
-0.161270 0.690380 0.427971
-0.160152 0.689980 0.427859
-0.159767 0.689479 0.427801
-0.159696 0.687407 0.427730
-0.159638 0.686392 0.427710
-0.158934 0.684787 0.427644
-0.158607 0.684165 0.427612
-0.158374 0.683436 0.427585
-0.159115 0.681823 0.427758
-0.159769 0.680332 0.427929
-0.161027 0.678456 0.428243
-0.162222 0.677004 0.428529
-0.163220 0.675383 0.428825
-0.163248 0.674524 0.428876
-0.163213 0.673205 0.428925
-0.162359 0.672217 0.428853
-0.162367 0.671552 0.428836
-0.161815 0.670351 0.428757
-0.161806 0.669706 0.428735
-0.161760 0.668547 0.428715
-0.161381 0.668198 0.428678
-0.160911 0.667405 0.428618
-0.160759 0.666815 0.428592
-0.160669 0.665709 0.428555
-0.160418 0.665170 0.428518
-0.159693 0.664159 0.428432
-0.159438 0.663470 0.428392
-0.158473 0.662452 0.428272
-0.158663 0.661509 0.428250
-0.158360 0.659886 0.428166
-0.158196 0.659244 0.428145
-0.157752 0.657544 0.428093
-0.157451 0.656389 0.428048
-0.157008 0.653876 0.427949
-0.156997 0.652257 0.427916
-0.156629 0.649205 0.427840
-0.156338 0.647633 0.427790
-0.156057 0.644336 0.427714
-0.155522 0.642800 0.427651
-0.154207 0.639766 0.427477
-0.153434 0.638158 0.427370
-0.151947 0.635193 0.427126
-0.151344 0.633191 0.427009
-0.150632 0.631263 0.426885
-0.151051 0.628187 0.426974
-0.151382 0.625249 0.427065
-0.151346 0.622563 0.427085
-0.152142 0.619164 0.427275
-0.152803 0.615975 0.427445
-0.152999 0.613273 0.427523
-0.153697 0.610298 0.427739
-0.154194 0.607585 0.427910
-0.153955 0.603630 0.427976
-0.153714 0.601533 0.427939
-0.152626 0.598184 0.427745
-0.152157 0.596390 0.427632
-0.150942 0.593626 0.427377
-0.150429 0.592135 0.427249
-0.149523 0.589387 0.427011
-0.149063 0.588044 0.426895
-0.148129 0.585748 0.426664
-0.147706 0.584676 0.426558
-0.146444 0.581934 0.426261
-0.146135 0.581073 0.426175
-0.145427 0.579687 0.425994
-0.145137 0.578974 0.425915
-0.145708 0.577513 0.426046
-0.146129 0.576325 0.426163
-0.147125 0.574760 0.426417
-0.148418 0.572418 0.426759
-0.149507 0.570932 0.427031
-0.151322 0.567947 0.427481
-0.151521 0.567482 0.427518
-0.151670 0.566685 0.427516
-0.151707 0.566414 0.427501
-0.151609 0.565713 0.427401
-0.151620 0.565544 0.427370
-0.151661 0.565001 0.427319
-0.151700 0.564789 0.427299
-0.151715 0.564273 0.427258
-0.151739 0.564114 0.427241
-0.151733 0.563726 0.427206
-0.151765 0.563585 0.427194
-0.151836 0.563120 0.427178
-0.151895 0.562961 0.427176
-0.151960 0.562716 0.427177
-0.152810 0.561732 0.427395
-0.153576 0.560820 0.427609
-0.154112 0.560235 0.427758
-0.155270 0.559056 0.428077
-0.156247 0.558009 0.428361
-0.156922 0.557285 0.428556
-0.157383 0.556695 0.428687
-0.157750 0.556288 0.428782
-0.158028 0.555860 0.428850
-0.158407 0.555383 0.428935
-0.158516 0.555156 0.428957
-0.158743 0.554748 0.428998
-0.158841 0.554354 0.429014
-0.158931 0.554153 0.429029
-0.159053 0.553713 0.429054
-0.159102 0.553612 0.429066
-0.159169 0.553157 0.429092
-0.159248 0.553038 0.429108
-0.159372 0.552693 0.429143
-0.159467 0.552538 0.429168
-0.159557 0.552329 0.429194
-0.160382 0.551375 0.429436
-0.161227 0.550518 0.429689
-0.161829 0.549792 0.429872
-0.162986 0.548505 0.430222
-0.163960 0.547378 0.430533
-0.165355 0.545792 0.430970
-0.166517 0.544602 0.431344
-0.167285 0.543707 0.431598
-0.167845 0.543115 0.431778
-0.168509 0.542175 0.431988
-0.168895 0.541724 0.432094
-0.169102 0.541301 0.432148
-0.169203 0.541122 0.432171
-0.169314 0.540728 0.432201
-0.169413 0.540523 0.432223
-0.169541 0.540012 0.432258
-0.169609 0.539871 0.432274
-0.169714 0.539494 0.432307
-0.169786 0.539380 0.432327
-0.169919 0.538953 0.432371
-0.169998 0.538826 0.432394
-0.170120 0.538522 0.432437
-0.170343 0.538272 0.432502
-0.170422 0.538102 0.432531
-0.170599 0.537828 0.432595
-0.170677 0.537611 0.432626
-0.170912 0.537187 0.432706
-0.171016 0.536887 0.432745
-0.171221 0.536482 0.432823
-0.171307 0.536262 0.432861
-0.171541 0.535927 0.432948
-0.171666 0.535640 0.432993
-0.171928 0.535231 0.433089
-0.172030 0.534972 0.433131
-0.172276 0.534579 0.433223
-0.172375 0.534351 0.433266
-0.172625 0.533949 0.433362
-0.172732 0.533686 0.433408
-0.173006 0.533220 0.433510
-0.173127 0.532973 0.433560
-0.173400 0.532550 0.433665
-0.173528 0.532266 0.433716
-0.173837 0.531796 0.433826
-0.173954 0.531550 0.433877
-0.174229 0.531168 0.433984
-0.174339 0.530930 0.434034
-0.174608 0.530578 0.434137
-0.175433 0.529639 0.434399
-0.176208 0.528744 0.434658
-0.176790 0.528164 0.434850
-0.177940 0.526967 0.435211
-0.178930 0.525915 0.435535
-0.179856 0.525021 0.434888
-0.180552 0.524306 0.434323
-0.181101 0.523789 0.433987
-0.181730 0.523310 0.432908
-0.182258 0.522791 0.432071
-0.182851 0.522266 0.430669
-0.183377 0.521876 0.429627
-0.183759 0.521522 0.428986
-0.184211 0.521189 0.427703
-0.184606 0.520835 0.426732
-0.184967 0.520515 0.426144
-0.185515 0.519779 0.425587
-0.185739 0.519573 0.425471
-0.186042 0.519086 0.425386
-0.186193 0.518937 0.425385
-0.186430 0.518542 0.425414
-0.186574 0.518357 0.425440
-0.186790 0.517949 0.425497
-0.186923 0.517868 0.425526
-0.187166 0.517585 0.425586
-0.187305 0.517490 0.425618
-0.187593 0.517276 0.424755
-0.187867 0.516993 0.424044
-0.188113 0.516852 0.423605
-0.188480 0.516622 0.422444
-0.188791 0.516318 0.421544
-0.189143 0.515971 0.420081
-0.189432 0.515607 0.418983
-0.189885 0.515154 0.417873
-0.190061 0.514884 0.417613
-0.190397 0.514604 0.417373
-0.190520 0.514411 0.417323
-0.190687 0.514254 0.417304
-0.191518 0.513284 0.417477
-0.192294 0.512308 0.417658
-0.193491 0.510829 0.417960
-0.194519 0.509692 0.418225
-0.195275 0.508793 0.418414
-0.195873 0.508185 0.418554
-0.196301 0.507702 0.418655
-0.196925 0.507215 0.418790
-0.197142 0.506956 0.418836
-0.197517 0.506548 0.418909
-0.197642 0.506372 0.418935
-0.197927 0.506056 0.418987
-0.198042 0.505816 0.419011
-0.198304 0.505388 0.419060
-0.198402 0.505181 0.419080
-0.198602 0.504896 0.419120
-0.198683 0.504738 0.419138
-0.198934 0.504507 0.419182
-0.199053 0.504307 0.419204
-0.199396 0.503918 0.419266
-0.199468 0.503717 0.419282
-0.199701 0.503443 0.419323
-0.199786 0.503241 0.419340
-0.200487 0.502223 0.419530
-0.201221 0.501278 0.419723
-0.202110 0.500062 0.419954
-0.202406 0.499799 0.420022
-0.202786 0.499384 0.420108
-0.202964 0.499288 0.420141
-0.203247 0.499043 0.420192
-0.203389 0.498957 0.420215
-0.203683 0.498450 0.420270
-0.203781 0.498352 0.420285
-0.203958 0.498010 0.420315
-0.204640 0.496997 0.420503
-0.205291 0.495957 0.420689
-0.206114 0.494832 0.420909
-0.206370 0.494426 0.420972
-0.206780 0.493966 0.421056
-0.206910 0.493788 0.421082
-0.207210 0.493571 0.421125
-0.207333 0.493418 0.421143
-0.207633 0.493220 0.421181
-0.207739 0.493006 0.421199
-0.207987 0.492670 0.421239
-0.208060 0.492463 0.421253
-0.208253 0.492118 0.421284
-0.208329 0.491907 0.421296
-0.208550 0.491576 0.421325
-0.208634 0.491372 0.421337
-0.208731 0.491223 0.421349
-0.209422 0.490200 0.421538
-0.210099 0.489253 0.421721
-0.210974 0.488208 0.421933
-0.211266 0.487847 0.421995
-0.211788 0.487474 0.422078
-0.211981 0.487251 0.422107
-0.212363 0.486937 0.422157
-0.212514 0.486767 0.422176
-0.212857 0.486506 0.422213
-0.212994 0.486342 0.422229
-0.213284 0.486166 0.422254
-0.213404 0.486012 0.422266
-0.213792 0.485784 0.422296
-0.213899 0.485601 0.422307
-0.214142 0.485386 0.422326
-0.214238 0.485234 0.422335
-0.214467 0.484998 0.422353
-0.214573 0.484826 0.422363
-0.214839 0.484633 0.422383
-0.214939 0.484467 0.422393
-0.215207 0.484223 0.422414
-0.215295 0.484087 0.422421
-0.215541 0.483958 0.422435
-0.215632 0.483815 0.422442
-0.215871 0.483593 0.422459
-0.215972 0.483386 0.422468
-0.216240 0.483113 0.422487
-0.216352 0.482991 0.422493
-0.216646 0.482830 0.422509
-0.216765 0.482687 0.422517
-0.217027 0.482487 0.422530
-0.217125 0.482293 0.422536
-0.217383 0.482068 0.422548
-0.217476 0.481901 0.422552
-0.217705 0.481609 0.422563
-0.217793 0.481400 0.422568
-0.218023 0.481142 0.422576
-0.218119 0.480978 0.422579
-0.218362 0.480783 0.422587
-0.218460 0.480612 0.422592
-0.218699 0.480383 0.422601
-0.218777 0.480158 0.422607
-0.218994 0.479918 0.422616
-0.219088 0.479728 0.422621
-0.219347 0.479446 0.422629
-0.219454 0.479285 0.422632
-0.219696 0.479087 0.422636
-0.219791 0.478920 0.422639
-0.220049 0.478732 0.422643
-0.220152 0.478569 0.422645
-0.220425 0.478325 0.422649
-0.220541 0.478132 0.422653
-0.220831 0.477866 0.422660
-0.220939 0.477676 0.422663
-0.221198 0.477409 0.422671
-0.221290 0.477211 0.422674
-0.221536 0.476993 0.422676
-0.221629 0.476813 0.422677
-0.221867 0.476528 0.422678
-0.221957 0.476411 0.422677
-0.222229 0.476274 0.422676
-0.222346 0.476120 0.422677
-0.222641 0.475863 0.422679
-0.222758 0.475693 0.422680
-0.223031 0.475446 0.422677
-0.223149 0.475287 0.422676
-0.223428 0.475056 0.422673
-0.223541 0.474908 0.422671
-0.223841 0.474677 0.422668
-0.223968 0.474508 0.422668
-0.224259 0.474280 0.422667
-0.224378 0.474081 0.422668
-0.224651 0.473851 0.422667
-0.224770 0.473673 0.422665
-0.225065 0.473411 0.422660
-0.225189 0.473231 0.422658
-0.225709 0.472960 0.422643
-0.226308 0.473101 0.422610
-0.226808 0.473244 0.422591
-0.227401 0.473340 0.422572
-0.228100 0.473410 0.422552
-0.228737 0.473490 0.422528
-0.228887 0.473511 0.422525
-0.230219 0.471803 0.422822
-0.231859 0.471173 0.423002
-0.232881 0.471653 0.423009
-0.233676 0.471902 0.422987
-0.234329 0.471018 0.423144
-0.236241 0.469489 0.423468
-0.237494 0.469901 0.423465
-0.238351 0.470261 0.423441
-0.238545 0.470249 0.423438
-0.239885 0.468513 0.423744
-0.242049 0.467881 0.423912
-0.243485 0.468238 0.423864
-0.244444 0.468669 0.423790
-0.245009 0.468858 0.423746
-0.245700 0.469155 0.423680
-0.246639 0.469642 0.423608
-0.247161 0.469906 0.423572
-0.247745 0.470281 0.423505
-0.248231 0.470202 0.423467
-0.248905 0.470317 0.423408
-0.249423 0.470303 0.423349
-0.249546 0.470291 0.423337
-0.250719 0.468407 0.423633
-0.252419 0.467193 0.423807
-0.253635 0.467281 0.423695
-0.254505 0.467440 0.423607
-0.255540 0.468045 0.423489
-0.256436 0.468175 0.423413
-0.257085 0.468255 0.423351
-0.257258 0.468304 0.423335
-0.258444 0.466521 0.423625
-0.260333 0.465826 0.423706
-0.261767 0.466017 0.423572
-0.263083 0.466102 0.423454
-0.264054 0.466677 0.423335
-0.264892 0.466808 0.423217
-0.265050 0.466606 0.423202
-0.265502 0.466098 0.421399
-0.265799 0.466152 0.420863
-0.266506 0.465975 0.418535
-0.267884 0.466323 0.416859
-0.268887 0.466636 0.416653
-0.269917 0.466494 0.416558
-0.270771 0.466775 0.416422
-0.271386 0.466641 0.416388
-0.271588 0.466577 0.416364
-0.272808 0.464713 0.416643
-0.274150 0.463803 0.416703
-0.275297 0.463910 0.416612
-0.276688 0.464679 0.416432
-0.276990 0.464790 0.416399
-0.278439 0.462849 0.416681
-0.279006 0.462241 0.416733
-0.280753 0.459618 0.417042
-0.281476 0.458935 0.417089
-0.283415 0.456471 0.417398
-0.286209 0.454097 0.417436
-0.287817 0.454222 0.417103
-0.289608 0.454948 0.416702
-0.290669 0.454672 0.416491
-0.291582 0.454559 0.416238
-0.293073 0.455171 0.415930
-0.294425 0.454920 0.415630
-0.296032 0.455521 0.415299
-0.298039 0.455743 0.414894
-0.298717 0.454687 0.415005
-0.300141 0.453058 0.415072
-0.301081 0.451729 0.415212
-0.304035 0.449639 0.415337
-0.306911 0.449828 0.414785
-0.308870 0.449828 0.414405
-0.312005 0.450069 0.413761
-0.314675 0.450031 0.413268
-0.316688 0.449922 0.412823
-0.318304 0.450322 0.412502
-0.320237 0.448773 0.412152
-0.320619 0.448719 0.412062
-0.321822 0.446564 0.412257
-0.322408 0.446006 0.412270
-0.323899 0.443604 0.412568
-0.326060 0.442140 0.412525
-0.328019 0.441748 0.412197
-0.330021 0.442196 0.411609
-0.331655 0.441199 0.411331
-0.333668 0.440578 0.410801
-0.335108 0.440236 0.410311
-0.337034 0.440865 0.409613
-0.338371 0.441542 0.409365
-0.339857 0.441115 0.409221
-0.341274 0.441102 0.408836
-0.343264 0.441337 0.408586
-0.345734 0.441265 0.408113
-0.348442 0.441079 0.407634
-0.350677 0.441277 0.407284
-0.352612 0.441273 0.406919
-0.354922 0.442198 0.406498
-0.357668 0.441348 0.406261
-0.360649 0.441672 0.405887
-0.364002 0.440872 0.405603
-0.366629 0.440481 0.405183
-0.369165 0.440743 0.404536
-0.371324 0.441216 0.404000
-0.373899 0.441286 0.403711
-0.377413 0.440910 0.403380
-0.380066 0.440736 0.402812
-0.382730 0.441155 0.402298
-0.385292 0.440390 0.402212
-0.387764 0.438876 0.402038
-0.389315 0.438759 0.402228
-0.391640 0.437938 0.402331
-0.393739 0.437550 0.402127
-0.395455 0.437043 0.402559
-0.396879 0.436145 0.403280
-0.397209 0.436251 0.403353
-0.398048 0.436101 0.403482
-0.397448 0.436436 0.403336
-0.398189 0.435933 0.403155
-0.398407 0.435965 0.403476
-0.398442 0.435940 0.403658
-0.398461 0.435900 0.403660
-0.398568 0.436145 0.403555
-0.398670 0.435885 0.403490
-0.399246 0.435601 0.403612
-0.399268 0.435749 0.403442
-0.399772 0.435504 0.403520
-0.400465 0.435896 0.403450
-0.401367 0.435469 0.403710
-0.401429 0.435638 0.403713
-0.401231 0.436024 0.403581
-0.401293 0.436035 0.403365
-0.401138 0.436130 0.403327
-0.401180 0.436414 0.403090
-0.401276 0.436281 0.403159
-0.401336 0.436509 0.403151
