-0.080735 0.886026 0.407060
-0.082061 0.886014 0.406985
-0.083474 0.886056 0.406886
-0.083891 0.886046 0.406857
-0.085671 0.886152 0.406718
-0.085974 0.886210 0.406670
-0.086051 0.886185 0.406663
-0.086970 0.885751 0.406657
-0.088611 0.884371 0.406871
-0.088388 0.883782 0.407052
-0.088111 0.883322 0.407187
-0.087831 0.882855 0.407313
-0.087673 0.882528 0.407390
-0.087506 0.882161 0.407472
-0.087406 0.881882 0.407528
-0.087287 0.881591 0.407585
-0.087075 0.881209 0.407661
-0.086893 0.880881 0.407725
-0.086694 0.880528 0.407794
-0.086482 0.880154 0.407867
-0.086186 0.879679 0.407962
-0.085958 0.879285 0.408039
-0.085717 0.878874 0.408120
-0.085664 0.878758 0.408142
-0.087254 0.877685 0.408186
-0.087557 0.876023 0.408528
-0.086862 0.875073 0.408772
-0.086012 0.874047 0.409020
-0.085431 0.873304 0.409187
-0.084797 0.872449 0.409370
-0.084252 0.871667 0.409531
-0.083767 0.870937 0.409677
-0.083339 0.870241 0.409811
-0.083028 0.869690 0.409915
-0.082727 0.869130 0.410019
-0.082427 0.868565 0.410124
-0.082043 0.867871 0.410254
-0.081753 0.867311 0.410357
-0.081387 0.866616 0.410486
-0.081110 0.866055 0.410588
-0.080831 0.865479 0.410693
-0.080471 0.864763 0.410826
-0.080199 0.864184 0.410932
-0.079849 0.863460 0.411065
-0.079579 0.862874 0.411172
-0.079520 0.862710 0.411200
-0.079631 0.862538 0.411215
-0.079753 0.862346 0.411234
-0.080175 0.861999 0.411255
-0.080297 0.861824 0.411274
-0.081246 0.861187 0.411262
-0.082253 0.860596 0.411257
-0.083332 0.859320 0.411405
-0.083511 0.859000 0.411456
-0.083629 0.858148 0.411614
-0.083803 0.857686 0.411686
-0.083816 0.857242 0.411762
-0.084049 0.856849 0.411809
-0.084099 0.856294 0.411894
-0.084232 0.856124 0.411909
-0.084474 0.855606 0.411966
-0.084643 0.855452 0.411973
-0.084969 0.854977 0.412014
-0.085160 0.854835 0.412016
-0.085541 0.854394 0.412043
-0.085744 0.854261 0.412041
-0.086195 0.853734 0.412068
-0.086389 0.853616 0.412063
-0.086813 0.853227 0.412067
-0.087034 0.853108 0.412059
-0.087497 0.852724 0.412057
-0.087727 0.852607 0.412046
-0.088113 0.852337 0.412036
-0.088625 0.852102 0.412009
-0.088931 0.851852 0.412002
-0.089416 0.851622 0.411969
-0.089718 0.851370 0.411950
-0.090385 0.851039 0.411881
-0.090524 0.850914 0.411866
-0.091228 0.850558 0.411778
-0.091378 0.850425 0.411756
-0.092113 0.850045 0.411649
-0.092272 0.849905 0.411621
-0.093183 0.849392 0.411457
-0.093319 0.849248 0.411424
-0.094200 0.848703 0.411232
-0.094338 0.848550 0.411192
-0.094883 0.848228 0.411073
-0.095095 0.848047 0.411022
-0.096117 0.847393 0.410769
-0.096266 0.847217 0.410716
-0.097206 0.846537 0.410432
-0.097352 0.846352 0.410371
-0.097912 0.845963 0.410202
-0.098146 0.845746 0.410125
-0.099049 0.845122 0.409845
-0.099246 0.844903 0.409765
-0.100271 0.844064 0.409376
-0.100434 0.843840 0.409289
-0.101220 0.843158 0.408966
-0.101413 0.842910 0.408868
-0.102362 0.842172 0.408733
-0.103356 0.841479 0.408601
-0.104613 0.839938 0.408503
-0.104840 0.839551 0.408483
-0.105167 0.837879 0.408424
-0.105045 0.836419 0.408343
-0.104938 0.834985 0.408225
-0.104828 0.833848 0.408126
-0.104760 0.832097 0.407941
-0.104642 0.830473 0.407751
-0.104652 0.828807 0.407526
-0.104554 0.827468 0.407367
-0.104407 0.825848 0.407195
-0.104258 0.824347 0.407034
-0.104262 0.824070 0.407004
-0.104705 0.823243 0.406793
-0.104794 0.822962 0.406738
-0.105307 0.822187 0.406496
-0.105481 0.821674 0.406375
-0.105878 0.821195 0.406186
-0.106147 0.820695 0.406032
-0.106516 0.820246 0.405844
-0.106761 0.819787 0.405690
-0.107303 0.819158 0.405401
-0.107413 0.818932 0.405326
-0.107949 0.818306 0.405037
-0.108095 0.818067 0.404950
-0.108737 0.817403 0.404626
-0.109600 0.816737 0.404534
-0.110378 0.816098 0.404470
-0.110851 0.815561 0.404474
-0.111511 0.814490 0.404585
-0.111463 0.814005 0.404723
-0.111559 0.813593 0.404778
-0.111596 0.813193 0.404825
-0.111810 0.812803 0.404795
-0.112076 0.812192 0.404736
-0.112247 0.811997 0.404681
-0.112569 0.811587 0.404575
-0.112719 0.811432 0.404522
-0.113203 0.810649 0.404305
-0.113190 0.809970 0.404207
-0.113179 0.809493 0.404168
-0.113226 0.809371 0.404098
-0.113383 0.808858 0.403900
-0.113493 0.808747 0.403796
-0.113935 0.808226 0.403464
-0.113911 0.808215 0.403398
-0.114608 0.807714 0.403360
-0.115264 0.807243 0.403340
-0.115844 0.806582 0.403558
-0.115789 0.806498 0.403644
-0.115689 0.806384 0.403727
-0.115737 0.806143 0.403774
-0.115733 0.806072 0.403769
-0.115636 0.805830 0.403818
-0.115576 0.805800 0.403815
-0.115531 0.805553 0.403808
-0.115624 0.805457 0.403741
-0.115943 0.805089 0.403568
-0.116013 0.805030 0.403492
-0.116182 0.804785 0.403334
-0.116208 0.804744 0.403266
-0.116317 0.804470 0.403087
-0.116396 0.804402 0.403001
-0.116616 0.804186 0.402838
-0.116695 0.804120 0.402742
-0.116839 0.803918 0.402589
-0.116996 0.803806 0.402458
-0.117286 0.803531 0.402195
-0.117438 0.803447 0.402064
-0.117540 0.803355 0.401964
-0.118272 0.802805 0.401934
-0.118897 0.802396 0.401901
-0.119555 0.801859 0.401948
-0.119581 0.801797 0.402007
-0.119556 0.801618 0.402181
-0.119465 0.801617 0.402226
-0.119209 0.801542 0.402358
-0.119202 0.801458 0.402355
-0.119171 0.801255 0.402379
-0.119154 0.801109 0.402349
-0.119004 0.800858 0.402403
-0.119122 0.800752 0.402333
-0.119391 0.800518 0.402202
-0.119528 0.800433 0.402067
-0.119884 0.800139 0.401866
-0.119971 0.800093 0.401781
-0.120354 0.799833 0.401531
-0.120375 0.799833 0.401460
-0.120597 0.799644 0.401251
-0.120714 0.799613 0.401143
-0.120961 0.799502 0.400915
-0.121003 0.799496 0.400835
-0.121018 0.799436 0.400733
-0.121083 0.799391 0.400582
-0.121063 0.799323 0.400512
-0.121086 0.799296 0.400388
-0.121111 0.799253 0.400341
-0.121290 0.799147 0.400076
-0.121425 0.799042 0.399997
-0.121598 0.798952 0.399875
-0.122426 0.798409 0.399818
-0.123181 0.797946 0.399786
-0.123980 0.797517 0.399799
-0.124258 0.797364 0.399907
-0.124570 0.797320 0.399920
-0.124696 0.797250 0.399910
-0.124890 0.797195 0.399844
-0.125022 0.797115 0.399805
-0.125074 0.797129 0.399733
-0.125099 0.797105 0.399723
-0.125219 0.797078 0.399611
-0.125224 0.797050 0.399602
-0.125239 0.797023 0.399535
-0.125243 0.796933 0.399505
-0.125473 0.796824 0.399347
-0.125562 0.796778 0.399293
-0.125621 0.796760 0.399186
-0.125655 0.796706 0.399146
-0.125667 0.796616 0.399013
-0.125697 0.796561 0.398976
-0.125796 0.796486 0.398846
-0.125961 0.796370 0.398730
-0.125979 0.796384 0.398587
-0.126007 0.796343 0.398548
-0.126130 0.796252 0.398404
-0.126063 0.796092 0.398297
-0.126857 0.795670 0.397958
-0.127238 0.795609 0.397803
-0.128383 0.795326 0.397335
-0.128441 0.795643 0.397273
-0.128885 0.795749 0.397029
-0.129173 0.795725 0.396897
-0.129589 0.795693 0.396697
-0.129686 0.795769 0.396643
-0.130420 0.795356 0.396674
-0.131351 0.794891 0.396619
-0.132515 0.794600 0.396777
-0.132538 0.794703 0.396902
-0.132712 0.794832 0.397046
-0.132805 0.794894 0.397096
-0.132577 0.795329 0.397387
-0.132595 0.795328 0.397437
-0.132811 0.795287 0.397462
-0.132813 0.795299 0.397510
-0.133061 0.795260 0.397543
-0.133191 0.795233 0.397525
-0.133720 0.795132 0.397383
-0.134264 0.795075 0.397218
-0.134680 0.795117 0.397091
-0.134328 0.795463 0.397227
-0.134576 0.795415 0.397145
-0.134965 0.795456 0.397017
-0.135173 0.795470 0.396942
-0.134977 0.795818 0.397020
-0.135640 0.795687 0.396786
-0.135430 0.795948 0.396867
-0.135846 0.795908 0.396719
-0.135697 0.796069 0.396777
-0.135994 0.796086 0.396680
-0.136269 0.795967 0.396581
-0.136508 0.795927 0.396495
-0.137484 0.795339 0.396460
-0.138096 0.795021 0.396545
-0.138633 0.794882 0.396976
-0.138635 0.794933 0.397116
-0.138679 0.794982 0.397334
-0.138676 0.795041 0.397514
-0.139368 0.794849 0.397411
-0.139190 0.795000 0.397534
-0.138552 0.795376 0.397873
-0.138830 0.795233 0.397827
-0.139688 0.794996 0.397656
-0.139221 0.795389 0.397868
-0.139682 0.795276 0.397760
-0.139621 0.795546 0.397822
-0.139827 0.795544 0.397771
-0.139994 0.795681 0.397759
-0.140149 0.795694 0.397717
-0.140787 0.795555 0.397524
-0.140799 0.795626 0.397520
-0.141337 0.795549 0.397330
-0.141415 0.795635 0.397291
-0.142031 0.795551 0.397062
-0.142300 0.795518 0.396957
-0.143090 0.795784 0.396588
-0.143666 0.795887 0.396308
-0.143159 0.796385 0.396427
-0.143911 0.795860 0.396473
-0.144888 0.795288 0.396669
-0.146950 0.793978 0.396922
-0.148055 0.793573 0.397204
-0.149868 0.792650 0.397647
-0.146985 0.793943 0.400362
-0.145600 0.793880 0.401563
-0.144959 0.793282 0.402500
-0.145505 0.792494 0.402777
-0.145291 0.792511 0.403171
-0.146184 0.791927 0.403121
-0.145959 0.792242 0.403325
-0.145205 0.792506 0.403640
-0.146646 0.791610 0.403312
-0.146474 0.792007 0.403347
-0.145914 0.792376 0.403536
-0.146323 0.791997 0.403455
-0.145436 0.792497 0.403748
-0.147102 0.791507 0.403348
-0.146031 0.792249 0.403579
-0.146511 0.791817 0.403474
-0.147244 0.791747 0.403240
-0.147108 0.791834 0.403267
-0.146692 0.792009 0.403359
-0.146665 0.791960 0.403369
-0.146259 0.792021 0.403486
-0.145930 0.792058 0.403581
-0.145719 0.791987 0.403647
-0.146511 0.791221 0.403689
-0.147418 0.790589 0.403696
-0.148283 0.789990 0.403822
-0.148217 0.789968 0.403975
-0.148433 0.789728 0.404121
-0.148212 0.789730 0.404334
-0.147407 0.789890 0.404662
-0.147642 0.789519 0.404737
-0.147479 0.789406 0.404895
-0.147161 0.789347 0.405066
-0.146674 0.789136 0.405315
-0.146401 0.789002 0.405434
-0.146020 0.788622 0.405626
-0.145657 0.788514 0.405766
-0.145838 0.787862 0.406008
-0.145752 0.787419 0.406301
-0.145822 0.786902 0.406523
-0.146635 0.785892 0.406758
-0.147003 0.785185 0.407067
-0.146071 0.784442 0.408120
-0.145703 0.784172 0.408430
-0.144373 0.783822 0.409132
-0.143841 0.783487 0.409434
-0.142983 0.782615 0.409954
-0.140963 0.782071 0.410700
-0.139367 0.781274 0.411331
-0.138220 0.780075 0.411859
-0.136595 0.778908 0.412475
-0.134370 0.776916 0.413276
-0.133644 0.776019 0.413539
-0.131625 0.774604 0.414116
-0.129607 0.772915 0.414672
-0.127954 0.770822 0.415153
-0.122012 0.766094 0.416484
-0.118652 0.761107 0.417177
-0.115307 0.754614 0.417878
-0.113665 0.750632 0.418213
-0.111624 0.746734 0.418601
-0.109833 0.742538 0.419001
-0.108293 0.739344 0.419339
-0.108214 0.738585 0.419379
-0.109530 0.736083 0.419466
-0.109135 0.733313 0.419792
-0.107817 0.730821 0.420082
-0.107142 0.728479 0.420265
-0.106274 0.726369 0.420457
-0.105595 0.724379 0.420635
-0.105061 0.722486 0.420796
-0.105902 0.721511 0.420796
-0.106958 0.719914 0.420865
-0.107926 0.718809 0.420895
-0.108911 0.716331 0.421119
-0.107946 0.715184 0.421277
-0.106746 0.713778 0.421379
-0.106095 0.712494 0.421444
-0.105334 0.710871 0.421535
-0.104723 0.709553 0.421611
-0.104676 0.709118 0.421624
-0.106134 0.707241 0.421658
-0.106396 0.706598 0.421699
-0.108025 0.704591 0.421775
-0.108398 0.703359 0.421862
-0.109788 0.701518 0.421932
-0.109848 0.700498 0.422004
-0.111154 0.698578 0.422059
-0.110510 0.696510 0.422095
-0.109453 0.695293 0.422020
-0.108002 0.693596 0.421896
-0.107208 0.692041 0.421811
-0.106520 0.690521 0.421759
-0.105757 0.689048 0.421722
-0.105435 0.688007 0.421708
-0.105441 0.687704 0.421709
-0.105361 0.686828 0.421728
-0.105402 0.686560 0.421737
-0.105405 0.685759 0.421772
-0.105448 0.685559 0.421786
-0.105505 0.685308 0.421802
-0.106434 0.684467 0.421849
-0.107331 0.683760 0.421912
-0.107868 0.683236 0.421964
-0.109027 0.682256 0.422041
-0.110054 0.681481 0.422122
-0.110966 0.680578 0.422220
-0.111178 0.680338 0.422249
-0.111329 0.679823 0.422279
-0.111393 0.679718 0.422281
-0.111440 0.679326 0.422281
-0.111492 0.679231 0.422282
-0.111552 0.678866 0.422288
-0.111595 0.678794 0.422293
-0.111634 0.678305 0.422311
-0.111453 0.677722 0.422318
-0.111209 0.676960 0.422329
-0.111199 0.676718 0.422333
-0.112895 0.675107 0.422453
-0.113338 0.674515 0.422499
-0.115379 0.672544 0.422668
-0.115928 0.671592 0.422755
-0.118061 0.669314 0.422946
-0.118234 0.668876 0.422966
-0.119909 0.667032 0.423111
-0.119611 0.665395 0.423071
-0.119025 0.664146 0.422916
-0.118617 0.663016 0.422807
-0.118189 0.661721 0.422741
-0.117869 0.660535 0.422702
-0.117472 0.658963 0.422665
-0.117258 0.657886 0.422649
-0.116907 0.656759 0.422643
-0.116896 0.656450 0.422644
-0.117023 0.655687 0.422674
-0.116990 0.655446 0.422683
-0.117137 0.654939 0.422715
-0.118082 0.654095 0.422820
-0.118899 0.653297 0.422930
-0.119415 0.652772 0.423009
-0.120620 0.651764 0.423159
-0.121563 0.650972 0.423295
-0.122148 0.650544 0.423387
-0.123451 0.649568 0.423548
-0.124477 0.648778 0.423690
-0.125629 0.647780 0.423864
-0.125711 0.647669 0.423880
-0.125997 0.647527 0.423873
-0.126169 0.647721 0.423860
-0.126454 0.647936 0.423862
-0.126718 0.648051 0.423877
-0.127660 0.647388 0.423995
-0.129113 0.646620 0.424205
-0.131292 0.645394 0.424525
-0.132549 0.644869 0.424715
-0.133597 0.644198 0.424859
-0.135170 0.643570 0.425085
-0.136327 0.643009 0.425265
-0.138600 0.642609 0.425604
-0.138864 0.644043 0.425593
-0.139389 0.645451 0.425535
-0.139879 0.646764 0.425530
-0.139613 0.648499 0.425488
-0.140012 0.649101 0.425487
-0.139955 0.649295 0.425488
-0.141706 0.648146 0.425787
-0.142166 0.647842 0.425885
-0.144380 0.646188 0.426292
-0.144981 0.646025 0.426403
-0.145824 0.645738 0.426525
-0.145901 0.645940 0.426552
-0.146114 0.646180 0.426577
-0.146286 0.646476 0.426594
-0.146316 0.646914 0.426591
-0.146422 0.647071 0.426592
-0.146568 0.647163 0.426594
-0.147461 0.646610 0.426753
-0.148287 0.646192 0.426915
-0.149126 0.645993 0.427078
-0.149396 0.645970 0.427119
-0.149448 0.645949 0.427151
-0.149570 0.646041 0.427164
-0.149744 0.646063 0.427171
-0.149981 0.646044 0.427198
-0.150153 0.646003 0.427207
-0.150523 0.645853 0.427240
-0.150543 0.645823 0.427252
-0.150510 0.645894 0.427257
-0.151441 0.645085 0.427435
-0.152133 0.644617 0.427600
-0.152458 0.644379 0.427701
-0.153536 0.643358 0.427940
-0.154303 0.642705 0.428145
-0.154734 0.642422 0.428270
-0.155905 0.641508 0.428523
-0.157009 0.640743 0.428742
-0.157941 0.640034 0.428899
-0.159059 0.639180 0.429168
-0.159814 0.638548 0.429377
-0.160173 0.638108 0.429505
-0.160341 0.637746 0.429587
-0.160489 0.637382 0.429661
-0.160753 0.637096 0.429685
-0.160747 0.636821 0.429703
-0.160972 0.636637 0.429722
-0.161075 0.636303 0.429736
-0.160621 0.634964 0.429682
-0.160244 0.635181 0.429670
-0.159897 0.635437 0.429632
-0.160181 0.635222 0.429661
-0.160208 0.635317 0.429664
-0.160181 0.635410 0.429669
-0.160514 0.635262 0.429702
-0.160486 0.635297 0.429706
-0.160661 0.635212 0.429723
-0.161490 0.634470 0.429919
-0.162259 0.633860 0.430109
-0.162886 0.633375 0.430239
-0.164136 0.632522 0.430518
-0.165137 0.631753 0.430751
-0.166453 0.630989 0.431014
-0.166909 0.630985 0.431083
-0.167099 0.632087 0.431122
-0.167201 0.632363 0.431130
-0.167527 0.632663 0.431140
-0.168610 0.632135 0.431354
-0.169770 0.631452 0.431566
-0.170531 0.631213 0.431702
-0.171942 0.630219 0.432000
-0.172959 0.629760 0.432251
-0.173519 0.629631 0.432404
-0.174696 0.628726 0.432713
-0.175939 0.627991 0.432988
-0.177002 0.627534 0.433187
-0.178628 0.627036 0.433448
-0.179733 0.627447 0.433569
-0.180182 0.628361 0.433602
-0.180287 0.628937 0.433614
-0.180635 0.630070 0.433635
-0.180806 0.630712 0.433650
-0.181619 0.630603 0.433858
-0.182481 0.630487 0.434054
-0.183290 0.630630 0.434201
-0.184807 0.629873 0.434536
-0.186242 0.629073 0.434844
-0.187398 0.628489 0.435057
-0.189108 0.627356 0.435436
-0.190475 0.626435 0.435760
-0.191613 0.625411 0.435980
-0.192947 0.624337 0.436348
-0.194609 0.622914 0.436685
-0.196825 0.621471 0.437080
-0.197224 0.621089 0.437159
-0.197797 0.620345 0.437260
-0.197760 0.620270 0.437278
-0.197468 0.620395 0.437278
-0.197516 0.620293 0.437281
-0.197442 0.620330 0.437267
-0.197559 0.620169 0.437272
-0.197891 0.619692 0.437291
-0.198021 0.619234 0.437301
-0.199113 0.617722 0.437367
-0.199235 0.617152 0.437389
-0.199565 0.615971 0.437425
-0.200123 0.615096 0.437452
-0.201400 0.612920 0.437537
-0.201414 0.612677 0.437553
-0.201265 0.612397 0.437543
-0.201406 0.612025 0.437552
-0.201556 0.611662 0.437565
-0.201628 0.611448 0.437573
-0.201900 0.610884 0.437594
-0.202346 0.610192 0.437616
-0.201936 0.610244 0.437589
-0.202021 0.610080 0.437584
-0.201876 0.610286 0.437572
-0.201845 0.610095 0.437578
-0.202071 0.609940 0.437579
-0.201938 0.610030 0.437577
-0.201766 0.609973 0.437563
-0.201833 0.609610 0.437569
-0.202528 0.608576 0.437794
-0.202887 0.607776 0.437995
-0.202886 0.606679 0.438204
-0.202731 0.606248 0.438253
-0.202722 0.605208 0.438306
-0.202626 0.604655 0.438314
-0.202721 0.602502 0.438320
-0.202864 0.601445 0.438331
-0.203124 0.598984 0.438354
-0.202835 0.598868 0.438337
-0.202521 0.598133 0.438319
-0.202588 0.597478 0.438338
-0.203049 0.596529 0.438559
-0.203650 0.595295 0.438765
-0.203900 0.594293 0.438907
-0.204721 0.592539 0.439229
-0.205717 0.590416 0.439522
-0.206904 0.586904 0.439876
-0.207362 0.585181 0.439985
-0.208211 0.581913 0.440114
-0.207873 0.581563 0.440111
-0.206816 0.580443 0.440089
-0.206459 0.579677 0.440091
-0.206250 0.577793 0.440113
-0.206192 0.576683 0.440119
-0.205253 0.573020 0.440123
-0.203926 0.569851 0.440098
-0.203028 0.565958 0.440176
-0.202967 0.562050 0.440236
-0.203077 0.560457 0.440285
-0.204608 0.555859 0.440806
-0.204968 0.548377 0.441226
-0.205600 0.543171 0.441403
-0.206923 0.538999 0.441526
-0.208138 0.536767 0.441624
-0.208252 0.534228 0.441682
-0.209287 0.533601 0.441708
-0.209700 0.531595 0.441790
-0.210056 0.530345 0.441825
-0.210321 0.530343 0.441824
-0.211032 0.529614 0.442008
-0.213313 0.527377 0.442497
-0.214285 0.526213 0.442599
-0.215120 0.526997 0.442563
-0.215568 0.526533 0.442585
-0.215905 0.526820 0.442568
-0.215865 0.526381 0.442585
-0.216463 0.527132 0.442551
-0.216473 0.527032 0.442560
-0.216498 0.526831 0.442566
-0.216556 0.526654 0.442569
-0.216665 0.526246 0.442581
-0.216742 0.526190 0.442573
-0.216860 0.526156 0.442568
-0.217577 0.525220 0.442755
-0.218358 0.524231 0.442940
-0.219522 0.523339 0.443134
-0.219905 0.522841 0.443204
-0.220558 0.522642 0.443274
-0.220720 0.522749 0.443273
-0.221202 0.522541 0.443298
-0.221302 0.522634 0.443289
-0.221521 0.522492 0.443282
-0.221667 0.522484 0.443272
-0.222021 0.522381 0.443257
-0.222766 0.521660 0.443427
-0.223546 0.520769 0.443602
-0.224268 0.520125 0.443715
-0.225328 0.518983 0.443975
-0.226315 0.517851 0.444200
-0.227756 0.516233 0.444524
-0.229051 0.514876 0.444801
-0.230802 0.513455 0.445098
-0.232342 0.513319 0.445177
-0.232997 0.513334 0.445183
-0.234233 0.513453 0.445160
-0.235306 0.513654 0.445115
-0.235968 0.513553 0.445090
-0.236503 0.513222 0.445069
-0.237074 0.512884 0.445029
-0.237397 0.512647 0.445001
-0.237822 0.512246 0.444949
-0.238045 0.512108 0.444919
-0.238465 0.511715 0.444870
-0.239433 0.512013 0.444726
-0.240024 0.511589 0.444664
-0.240460 0.510615 0.444580
-0.240780 0.511036 0.444472
-0.241100 0.510784 0.444445
-0.241860 0.510997 0.444312
-0.242057 0.511309 0.444293
-0.242483 0.511094 0.444214
-0.243156 0.511815 0.444122
-0.243463 0.511059 0.444147
-0.243964 0.510372 0.444096
-0.243986 0.510492 0.444043
-0.244327 0.510399 0.444018
-0.244562 0.510500 0.443981
-0.244911 0.509899 0.443977
-0.244893 0.510309 0.443895
-0.244972 0.509684 0.443894
-0.245473 0.509772 0.443813
-0.245505 0.509446 0.443816
-0.245655 0.509321 0.443767
-0.246111 0.509241 0.443710
-0.247052 0.509234 0.443607
-0.247347 0.509138 0.443586
-0.247661 0.508195 0.443574
-0.247827 0.507584 0.443596
-0.248160 0.508613 0.443441
-0.248294 0.507325 0.443489
-0.248847 0.507928 0.443351
-0.249107 0.508122 0.443332
-0.249389 0.507581 0.443298
-0.249733 0.508182 0.443213
-0.250609 0.507667 0.443128
-0.251230 0.508213 0.443042
-0.251788 0.508306 0.442955
-0.251893 0.508293 0.442943
-0.252474 0.507311 0.443104
-0.254690 0.505509 0.443382
-0.256201 0.504363 0.443308
-0.257209 0.503477 0.443172
-0.258457 0.503762 0.442942
-0.259162 0.503734 0.442767
-0.259964 0.503754 0.442565
-0.260138 0.503675 0.442534
-0.261372 0.501600 0.442809
-0.262169 0.500982 0.442873
-0.264378 0.498704 0.443218
-0.267952 0.496717 0.443099
-0.270254 0.497274 0.442764
-0.272781 0.498218 0.442169
-0.274504 0.498679 0.441814
-0.276632 0.498011 0.441297
-0.279297 0.498395 0.440558
-0.279855 0.497983 0.440462
-0.281049 0.497039 0.440224
-0.281713 0.496911 0.440054
-0.282941 0.496193 0.439744
-0.283498 0.496239 0.439621
-0.284486 0.496504 0.439363
-0.285114 0.496587 0.439186
-0.286300 0.496791 0.438779
-0.287078 0.496991 0.438572
-0.288736 0.497387 0.438123
-0.289678 0.497529 0.437836
-0.291444 0.497793 0.437267
-0.292234 0.498222 0.437030
-0.293605 0.498387 0.436623
-0.294421 0.498147 0.436407
-0.297215 0.498543 0.435593
-0.298500 0.498457 0.435223
-0.299750 0.498601 0.434858
-0.301575 0.497893 0.434595
-0.303309 0.496976 0.434367
-0.305382 0.495500 0.434213
-0.307281 0.494802 0.433971
-0.309158 0.493835 0.433756
-0.311440 0.491798 0.433642
-0.313775 0.490194 0.433275
-0.316149 0.488746 0.432788
-0.318520 0.487301 0.432199
-0.320728 0.485998 0.431558
-0.324401 0.485137 0.430119
-0.328010 0.484272 0.428900
-0.330016 0.483017 0.428294
-0.333974 0.481507 0.427115
-0.336055 0.480941 0.426476
-0.339927 0.480170 0.425247
-0.342246 0.479156 0.424518
-0.347392 0.476111 0.423259
-0.350075 0.475080 0.422643
-0.357566 0.472848 0.420529
-0.359991 0.471728 0.419836
-0.363266 0.469557 0.419279
-0.366656 0.467235 0.418869
-0.369971 0.464473 0.418567
-0.373263 0.462038 0.418070
-0.379922 0.457554 0.417288
-0.383200 0.455443 0.417156
-0.389408 0.452134 0.416750
-0.392086 0.450898 0.416451
-0.394582 0.449173 0.416328
-0.396678 0.448148 0.416101
-0.398288 0.447689 0.415889
-0.399909 0.446190 0.415973
-0.401557 0.444578 0.416289
-0.404157 0.442706 0.416817
-0.405167 0.442438 0.417036
-0.406646 0.442415 0.417231
-0.407110 0.442824 0.417171
-0.408020 0.443109 0.417053
-0.408503 0.443025 0.417169
-0.409055 0.443279 0.417173
-0.409322 0.443181 0.417167
-0.410072 0.442962 0.417405
-0.410438 0.442982 0.417440
-0.411277 0.442942 0.417362
-0.411765 0.442911 0.417316
-0.412403 0.442614 0.417126
-0.412587 0.442529 0.417024
