-0.080727 0.886065 0.407064
-0.082004 0.886029 0.406994
-0.083455 0.886070 0.406893
-0.085423 0.886466 0.406641
-0.085985 0.886442 0.406606
-0.086057 0.886424 0.406603
-0.086287 0.886391 0.406591
-0.087393 0.885942 0.406578
-0.088370 0.885520 0.406587
-0.089559 0.884917 0.406654
-0.089816 0.884687 0.406702
-0.090319 0.884309 0.406779
-0.090481 0.884009 0.406857
-0.090803 0.883758 0.406904
-0.090937 0.883538 0.406952
-0.091120 0.883432 0.406964
-0.091406 0.883223 0.406991
-0.091632 0.883126 0.406996
-0.092074 0.882809 0.407031
-0.092263 0.882740 0.407030
-0.092655 0.882535 0.407036
-0.092868 0.882471 0.407031
-0.093955 0.881975 0.407029
-0.094916 0.881507 0.407047
-0.096302 0.880602 0.407173
-0.096413 0.880388 0.407224
-0.096848 0.879758 0.407363
-0.096849 0.879628 0.407393
-0.097238 0.879203 0.407458
-0.097266 0.879106 0.407473
-0.097712 0.878837 0.407487
-0.097819 0.878676 0.407505
-0.098182 0.878519 0.407501
-0.098383 0.878365 0.407508
-0.098787 0.878220 0.407496
-0.099071 0.878024 0.407498
-0.099271 0.877958 0.407489
-0.099747 0.877708 0.407477
-0.099951 0.877649 0.407465
-0.100448 0.877417 0.407443
-0.100652 0.877363 0.407430
-0.101092 0.877183 0.407408
-0.101319 0.877125 0.407393
-0.101854 0.876902 0.407364
-0.102059 0.876850 0.407349
-0.102509 0.876674 0.407322
-0.102736 0.876617 0.407306
-0.103119 0.876480 0.407283
-0.103390 0.876411 0.407263
-0.103992 0.876172 0.407225
-0.104118 0.875963 0.407218
-0.104151 0.875719 0.407224
-0.104150 0.875389 0.407241
-0.104137 0.875048 0.407263
-0.104125 0.874759 0.407285
-0.104130 0.874671 0.407291
-0.106227 0.873221 0.407371
-0.106323 0.872126 0.407632
-0.105422 0.870967 0.407956
-0.104884 0.870284 0.408120
-0.104439 0.869623 0.408259
-0.103814 0.868710 0.408440
-0.103481 0.868120 0.408541
-0.103071 0.867404 0.408663
-0.102682 0.866715 0.408777
-0.102413 0.866155 0.408863
-0.101989 0.865333 0.408988
-0.101615 0.864547 0.409102
-0.101567 0.864403 0.409121
-0.103114 0.863189 0.409156
-0.103490 0.862700 0.409215
-0.105275 0.860988 0.409371
-0.105617 0.860310 0.409490
-0.107389 0.856830 0.410096
-0.105705 0.854316 0.410806
-0.103755 0.852131 0.411377
-0.102571 0.850683 0.411712
-0.101670 0.849451 0.411966
-0.100945 0.848371 0.412171
-0.100356 0.847406 0.412341
-0.099781 0.846377 0.412510
-0.099304 0.845452 0.412654
-0.098905 0.844580 0.412781
-0.098613 0.843873 0.412880
-0.098338 0.843161 0.412978
-0.098128 0.842565 0.413058
-0.098233 0.842420 0.413064
-0.098442 0.842086 0.413082
-0.098632 0.841934 0.413083
-0.098990 0.841472 0.413103
-0.099181 0.841339 0.413100
-0.099599 0.840809 0.413115
-0.099778 0.840695 0.413107
-0.100810 0.840060 0.413084
-0.101722 0.839457 0.413083
-0.102787 0.838603 0.413136
-0.103849 0.837765 0.413165
-0.104724 0.836994 0.413215
-0.105310 0.836381 0.413280
-0.106467 0.835349 0.413351
-0.107734 0.833697 0.413562
-0.107943 0.832161 0.413878
-0.107777 0.831762 0.413977
-0.107649 0.831053 0.414131
-0.107325 0.830448 0.414277
-0.107266 0.829920 0.414378
-0.107136 0.829399 0.414472
-0.107155 0.828792 0.414570
-0.107120 0.828591 0.414601
-0.107400 0.828046 0.414653
-0.107402 0.827870 0.414675
-0.107665 0.827327 0.414727
-0.107678 0.827193 0.414740
-0.108086 0.826758 0.414752
-0.108103 0.826639 0.414760
-0.108493 0.826303 0.414756
-0.108622 0.826054 0.414760
-0.108950 0.825827 0.414748
-0.109131 0.825589 0.414748
-0.109490 0.825368 0.414730
-0.109720 0.825017 0.414729
-0.109910 0.824905 0.414716
-0.110316 0.824542 0.414697
-0.110457 0.824459 0.414689
-0.110657 0.824246 0.414684
-0.111065 0.824054 0.414652
-0.111431 0.823754 0.414623
-0.111599 0.823675 0.414608
-0.111979 0.823379 0.414579
-0.112164 0.823303 0.414560
-0.113184 0.822667 0.414540
-0.114056 0.822085 0.414540
-0.114679 0.821644 0.414548
-0.115900 0.820743 0.414569
-0.116826 0.819962 0.414613
-0.117341 0.819397 0.414674
-0.117253 0.818026 0.414984
-0.116296 0.816937 0.415283
-0.115967 0.815861 0.415475
-0.115258 0.814934 0.415672
-0.114670 0.814251 0.415826
-0.114314 0.813428 0.415957
-0.114254 0.813253 0.415984
-0.114127 0.812937 0.415973
-0.114088 0.812748 0.415978
-0.113945 0.812291 0.415932
-0.113888 0.812112 0.415940
-0.114709 0.811342 0.415955
-0.115451 0.810680 0.415944
-0.116021 0.809378 0.416033
-0.115860 0.809132 0.416051
-0.115505 0.808639 0.416109
-0.115356 0.808411 0.416113
-0.115009 0.807933 0.416158
-0.114873 0.807718 0.416153
-0.114519 0.807004 0.416196
-0.114324 0.806805 0.416200
-0.114016 0.806128 0.416235
-0.113997 0.805896 0.416214
-0.113731 0.805028 0.416242
-0.113614 0.804874 0.416234
-0.113404 0.804485 0.416245
-0.113301 0.804301 0.416226
-0.113177 0.803855 0.416217
-0.113145 0.803654 0.416188
-0.113922 0.802892 0.416180
-0.114596 0.802189 0.416197
-0.114846 0.800950 0.416281
-0.114763 0.800613 0.416322
-0.114377 0.799856 0.416369
-0.114149 0.799297 0.416429
-0.113853 0.798824 0.416444
-0.113722 0.798580 0.416464
-0.114410 0.797764 0.416501
-0.114970 0.797062 0.416523
-0.115129 0.796518 0.416573
-0.115870 0.795500 0.416654
-0.116448 0.794654 0.416711
-0.116402 0.793133 0.416940
-0.116226 0.792808 0.416970
-0.115719 0.791946 0.417069
-0.115486 0.791768 0.417080
-0.114544 0.790992 0.417185
-0.113993 0.790229 0.417310
-0.113595 0.789740 0.417391
-0.113027 0.789113 0.417496
-0.112892 0.788704 0.417543
-0.112733 0.788269 0.417593
-0.112690 0.788156 0.417606
-0.112829 0.787956 0.417624
-0.112900 0.787826 0.417631
-0.113109 0.787649 0.417646
-0.113153 0.787548 0.417657
-0.114045 0.786858 0.417684
-0.114907 0.786285 0.417718
-0.115366 0.785883 0.417759
-0.116426 0.785002 0.417823
-0.117287 0.784357 0.417891
-0.117901 0.783363 0.418067
-0.117845 0.783244 0.418112
-0.117641 0.783016 0.418185
-0.117622 0.782895 0.418210
-0.117589 0.782627 0.418253
-0.117648 0.782539 0.418267
-0.117688 0.782212 0.418317
-0.117753 0.782152 0.418325
-0.117827 0.781985 0.418352
-0.117934 0.781934 0.418356
-0.118058 0.781808 0.418369
-0.118267 0.781713 0.418378
-0.118324 0.781601 0.418393
-0.118413 0.781565 0.418398
-0.118522 0.781489 0.418404
-0.119459 0.780826 0.418448
-0.120300 0.780342 0.418493
-0.120642 0.780092 0.418540
-0.121603 0.779330 0.418623
-0.122511 0.778711 0.418691
-0.122979 0.778273 0.418745
-0.123976 0.777372 0.418843
-0.124596 0.776704 0.418944
-0.124806 0.775962 0.419098
-0.124890 0.775653 0.419137
-0.124792 0.775166 0.419238
-0.124721 0.774996 0.419260
-0.124601 0.774694 0.419300
-0.124256 0.774456 0.419357
-0.124299 0.774193 0.419390
-0.124234 0.774071 0.419406
-0.124315 0.773851 0.419427
-0.124361 0.773735 0.419436
-0.124534 0.773570 0.419451
-0.124494 0.773480 0.419463
-0.124516 0.773259 0.419493
-0.124088 0.773033 0.419546
-0.124213 0.772744 0.419571
-0.123981 0.772439 0.419590
-0.124073 0.772107 0.419609
-0.123822 0.771931 0.419629
-0.123737 0.771907 0.419612
-0.123694 0.771612 0.419590
-0.123690 0.771557 0.419560
-0.123680 0.771384 0.419526
-0.123754 0.771252 0.419461
-0.123827 0.771138 0.419442
-0.124852 0.770384 0.419493
-0.125616 0.769858 0.419527
-0.125920 0.769355 0.419571
-0.125831 0.769236 0.419565
-0.125712 0.768924 0.419553
-0.125661 0.768656 0.419509
-0.125701 0.768374 0.419491
-0.125676 0.768283 0.419465
-0.125552 0.767938 0.419430
-0.125483 0.767881 0.419401
-0.125499 0.767654 0.419364
-0.125445 0.767492 0.419313
-0.125428 0.767310 0.419290
-0.125353 0.767149 0.419240
-0.125244 0.767055 0.419234
-0.124900 0.766802 0.419181
-0.124892 0.766642 0.419176
-0.124885 0.766362 0.419130
-0.124729 0.766311 0.419130
-0.124604 0.766137 0.419078
-0.124544 0.766030 0.419068
-0.124542 0.765894 0.419035
-0.125378 0.765141 0.419087
-0.126168 0.764522 0.419149
-0.126414 0.764199 0.419176
-0.127280 0.763380 0.419275
-0.128014 0.762713 0.419367
-0.128371 0.762305 0.419411
-0.129282 0.761365 0.419529
-0.129924 0.760614 0.419652
-0.129989 0.760230 0.419721
-0.130743 0.759330 0.419854
-0.131305 0.758590 0.419977
-0.131481 0.757796 0.420082
-0.131288 0.757286 0.420125
-0.131388 0.756758 0.420095
-0.131410 0.756538 0.420094
-0.131288 0.756098 0.420048
-0.130972 0.756094 0.420042
-0.130423 0.755747 0.419966
-0.130245 0.755564 0.419958
-0.129972 0.755050 0.419895
-0.130089 0.754828 0.419880
-0.130158 0.754549 0.419837
-0.130075 0.754259 0.419818
-0.129689 0.754070 0.419773
-0.129795 0.753747 0.419737
-0.129604 0.753574 0.419693
-0.129205 0.753374 0.419679
-0.129040 0.753269 0.419648
-0.128723 0.753004 0.419609
-0.128833 0.752693 0.419548
-0.128755 0.751896 0.419515
-0.128048 0.751546 0.419510
-0.128202 0.751230 0.419492
-0.128192 0.751189 0.419498
-0.128160 0.751019 0.419507
-0.128278 0.750904 0.419513
-0.128310 0.750696 0.419529
-0.128461 0.750576 0.419537
-0.128512 0.750477 0.419562
-0.128587 0.750428 0.419574
-0.129583 0.749711 0.419695
-0.130231 0.749265 0.419828
-0.130424 0.749011 0.419921
-0.130513 0.748793 0.419980
-0.130499 0.748512 0.420051
-0.130530 0.748329 0.420070
-0.130973 0.747956 0.420099
-0.131116 0.747737 0.420119
-0.130966 0.747737 0.420146
-0.130985 0.747673 0.420152
-0.131059 0.747584 0.420170
-0.131101 0.747498 0.420177
-0.131204 0.747373 0.420193
-0.131250 0.747282 0.420199
-0.131495 0.747134 0.420225
-0.131484 0.747123 0.420233
-0.131530 0.747099 0.420243
-0.132484 0.746403 0.420369
-0.133202 0.745951 0.420494
-0.133538 0.745680 0.420579
-0.134479 0.744897 0.420762
-0.135244 0.744263 0.420921
-0.135479 0.743941 0.421033
-0.136378 0.743091 0.421230
-0.137061 0.742539 0.421404
-0.137533 0.742124 0.421589
-0.137689 0.741913 0.421650
-0.137857 0.741811 0.421668
-0.137701 0.741896 0.421682
-0.137739 0.741938 0.421686
-0.137723 0.742047 0.421693
-0.137724 0.742039 0.421697
-0.137780 0.741763 0.421698
-0.137813 0.741731 0.421702
-0.137839 0.741627 0.421710
-0.137973 0.741465 0.421720
-0.137555 0.741393 0.421726
-0.137595 0.741245 0.421727
-0.137570 0.741103 0.421733
-0.137693 0.740995 0.421745
-0.137592 0.740909 0.421759
-0.137618 0.740838 0.421770
-0.137654 0.740730 0.421773
-0.137892 0.740588 0.421791
-0.137902 0.740524 0.421797
-0.137839 0.740502 0.421817
-0.137885 0.740460 0.421820
-0.138067 0.740348 0.421837
-0.138086 0.740272 0.421842
-0.138113 0.740263 0.421850
-0.138204 0.740187 0.421854
-0.138505 0.740034 0.421872
-0.138610 0.739954 0.421879
-0.138750 0.739849 0.421893
-0.138802 0.739808 0.421901
-0.138968 0.739741 0.421920
-0.139069 0.739724 0.421926
-0.138940 0.739881 0.421942
-0.139105 0.739754 0.421945
-0.139162 0.739780 0.421959
-0.139112 0.739813 0.421964
-0.139154 0.739856 0.421977
-0.139221 0.739862 0.421983
-0.139284 0.739916 0.421996
-0.139405 0.739833 0.421997
-0.139557 0.739920 0.422007
-0.139744 0.739859 0.422011
-0.139979 0.739911 0.422025
-0.140113 0.739943 0.422029
-0.140403 0.740009 0.422041
-0.140393 0.740045 0.422049
-0.140512 0.740060 0.422070
-0.140541 0.740133 0.422079
-0.140533 0.740318 0.422112
-0.141652 0.739511 0.422246
-0.142604 0.738868 0.422381
-0.142927 0.738560 0.422523
-0.142996 0.738471 0.422555
-0.143111 0.738419 0.422598
-0.143093 0.738444 0.422602
-0.143105 0.738495 0.422608
-0.142959 0.738483 0.422608
-0.142995 0.738468 0.422624
-0.143248 0.738571 0.422642
-0.142901 0.738807 0.422638
-0.143565 0.738404 0.422642
-0.143018 0.738547 0.422624
-0.143243 0.738293 0.422641
-0.143218 0.738296 0.422643
-0.143287 0.738243 0.422646
-0.143362 0.738168 0.422646
-0.143234 0.738216 0.422645
-0.143261 0.738100 0.422639
-0.143178 0.738078 0.422638
-0.142946 0.738047 0.422627
-0.142888 0.737956 0.422627
-0.143734 0.737108 0.422771
-0.144295 0.736533 0.422897
-0.144192 0.735937 0.423050
-0.143983 0.735837 0.423065
-0.143632 0.735603 0.423076
-0.143433 0.735307 0.423072
-0.143500 0.735135 0.423068
-0.143096 0.734893 0.423050
-0.143370 0.734701 0.423045
-0.143376 0.734499 0.423041
-0.143260 0.734411 0.423032
-0.142872 0.734268 0.423004
-0.142801 0.734074 0.422997
-0.142626 0.733646 0.422973
-0.142459 0.733372 0.422972
-0.142210 0.732800 0.422962
-0.142285 0.732416 0.422959
-0.142109 0.731899 0.422944
-0.142109 0.731611 0.422938
-0.142173 0.731286 0.422931
-0.143051 0.730336 0.423078
-0.143658 0.729562 0.423214
-0.144024 0.729205 0.423294
-0.145020 0.728353 0.423498
-0.145789 0.727706 0.423682
-0.146018 0.727456 0.423790
-0.146958 0.726622 0.424009
-0.148090 0.725831 0.424201
-0.149409 0.725098 0.424403
-0.149482 0.724967 0.424453
-0.148855 0.724887 0.424468
-0.148937 0.724676 0.424476
-0.148792 0.724544 0.424463
-0.148787 0.724456 0.424459
-0.148519 0.724534 0.424456
-0.148644 0.724350 0.424455
-0.148288 0.724227 0.424427
-0.148235 0.724007 0.424414
-0.148392 0.723662 0.424408
-0.148442 0.723438 0.424399
-0.148664 0.723054 0.424396
-0.148493 0.722954 0.424394
-0.148069 0.722834 0.424372
-0.147859 0.722864 0.424361
-0.147695 0.722724 0.424341
-0.147498 0.722686 0.424336
-0.148454 0.721777 0.424498
-0.149057 0.720937 0.424648
-0.150488 0.719582 0.424927
-0.151426 0.718773 0.425173
-0.152275 0.718073 0.425400
-0.153407 0.717820 0.425539
-0.152895 0.717795 0.425510
-0.152749 0.717762 0.425504
-0.152751 0.717775 0.425492
-0.152897 0.717737 0.425489
-0.152831 0.717669 0.425489
-0.152891 0.717512 0.425493
-0.152870 0.717452 0.425488
-0.152678 0.717470 0.425477
-0.152521 0.717527 0.425470
-0.152674 0.717711 0.425467
-0.152867 0.717622 0.425471
-0.152991 0.717565 0.425479
-0.153950 0.716806 0.425664
-0.154637 0.716221 0.425837
-0.154861 0.715727 0.426006
-0.155391 0.714755 0.426130
-0.155317 0.714495 0.426101
-0.156004 0.713953 0.426117
-0.154956 0.714229 0.426074
-0.154307 0.714149 0.426029
-0.154259 0.713173 0.426011
-0.153710 0.712764 0.425987
-0.153025 0.712728 0.425910
-0.152613 0.712109 0.425883
-0.153201 0.711243 0.425923
-0.153129 0.711117 0.425910
-0.153384 0.711027 0.425927
-0.153654 0.710991 0.425946
-0.153712 0.710971 0.425951
-0.153797 0.710898 0.425958
-0.153915 0.710779 0.425963
-0.153941 0.710710 0.425961
-0.153972 0.710635 0.425959
-0.154899 0.709794 0.426145
-0.155894 0.708997 0.426322
-0.156081 0.708484 0.426473
-0.156270 0.708165 0.426512
-0.156324 0.707809 0.426555
-0.156149 0.707805 0.426580
-0.156050 0.707601 0.426566
-0.155884 0.707486 0.426558
-0.154934 0.707590 0.426497
-0.154965 0.707281 0.426492
-0.154392 0.706542 0.426451
-0.154201 0.706205 0.426432
-0.155150 0.705041 0.426611
-0.156085 0.704214 0.426798
-0.156864 0.703484 0.426922
-0.158187 0.702454 0.427201
-0.159527 0.701638 0.427447
-0.160290 0.701238 0.427612
-0.161890 0.700054 0.427920
-0.163124 0.699201 0.428184
-0.166071 0.697408 0.428552
-0.166287 0.697118 0.428629
-0.166531 0.696479 0.428710
-0.167684 0.695686 0.428797
-0.167187 0.695805 0.428753
-0.166183 0.696191 0.428684
-0.167864 0.695261 0.428802
-0.167723 0.695576 0.428775
-0.167219 0.696130 0.428745
-0.167279 0.695711 0.428757
-0.166563 0.696225 0.428701
-0.166734 0.696126 0.428712
-0.167145 0.695831 0.428731
-0.167377 0.695724 0.428747
-0.167349 0.695776 0.428742
-0.167088 0.696014 0.428721
-0.167124 0.695976 0.428725
-0.167321 0.695881 0.428737
-0.167967 0.695224 0.428931
-0.168738 0.694609 0.429122
-0.169195 0.694195 0.429244
-0.170533 0.693025 0.429532
-0.171882 0.691964 0.429789
-0.173637 0.690514 0.430177
-0.175573 0.688895 0.430527
-0.176795 0.687674 0.430742
-0.178262 0.686114 0.430986
-0.178468 0.685626 0.431034
-0.178276 0.685132 0.431053
-0.178199 0.684996 0.431057
-0.178288 0.684591 0.431081
-0.178532 0.684243 0.431090
-0.178807 0.683772 0.431104
-0.179601 0.683298 0.431176
-0.179741 0.683094 0.431192
-0.179965 0.682740 0.431200
-0.180724 0.682050 0.431231
-0.180037 0.683378 0.431170
-0.180855 0.683159 0.431234
-0.180746 0.683424 0.431229
-0.181152 0.683167 0.431263
-0.179799 0.683652 0.431189
-0.180737 0.683215 0.431233
-0.181464 0.682622 0.431435
-0.182139 0.680904 0.431850
-0.183062 0.678860 0.431932
-0.183829 0.677085 0.431992
-0.184508 0.675918 0.432201
-0.186621 0.673123 0.432592
-0.187847 0.671504 0.432896
-0.189638 0.668575 0.433332
-0.192262 0.664972 0.433966
-0.193575 0.660918 0.434396
-0.193687 0.658845 0.434411
-0.193141 0.657146 0.434413
-0.192675 0.655731 0.434393
-0.192088 0.654819 0.434352
-0.190125 0.654853 0.434238
-0.189915 0.653569 0.434192
-0.189084 0.651839 0.434143
-0.187094 0.649784 0.434044
-0.186360 0.648906 0.433934
-0.186017 0.647745 0.433894
-0.186019 0.647526 0.433891
-0.187278 0.645608 0.434303
-0.188815 0.642913 0.434686
-0.189386 0.641372 0.434758
-0.189483 0.640970 0.434731
-0.192061 0.638988 0.434933
-0.193088 0.639257 0.434970
-0.193174 0.639619 0.434993
-0.193630 0.638740 0.435011
-0.193873 0.638356 0.435053
-0.193842 0.638472 0.435065
-0.193747 0.639301 0.435034
-0.193962 0.639161 0.435034
-0.196114 0.636899 0.435504
-0.196433 0.636621 0.435639
-0.198005 0.635216 0.436206
-0.199001 0.634442 0.436402
-0.201786 0.631502 0.437099
-0.205187 0.627396 0.437626
-0.207016 0.625269 0.437772
-0.208438 0.623285 0.437843
-0.209063 0.622371 0.437826
-0.208971 0.621837 0.437780
-0.210266 0.620306 0.437824
-0.210283 0.619605 0.437859
-0.211492 0.618388 0.437880
-0.211764 0.617182 0.437855
-0.212468 0.616138 0.437839
-0.213477 0.615241 0.437855
-0.214061 0.613785 0.437850
-0.214873 0.612533 0.438054
-0.216139 0.610741 0.438357
-0.218781 0.606856 0.438916
-0.219899 0.600596 0.439263
-0.218330 0.595911 0.439307
-0.218141 0.591244 0.439264
-0.216362 0.586139 0.439354
-0.212776 0.580301 0.439411
-0.210620 0.572944 0.439487
-0.205695 0.564611 0.439517
-0.197504 0.555702 0.439380
-0.193872 0.543848 0.439293
-0.189814 0.535903 0.438966
-0.187746 0.531717 0.438692
-0.186315 0.529214 0.438455
-0.185427 0.527893 0.438293
-0.185118 0.526778 0.438227
-0.184765 0.525873 0.438154
-0.184401 0.525329 0.438095
-0.184270 0.524492 0.438076
-0.184908 0.523561 0.438265
-0.185896 0.522030 0.438565
-0.186846 0.520790 0.438843
-0.188238 0.518949 0.439251
-0.189315 0.517603 0.439563
-0.190841 0.515693 0.440012
-0.191952 0.514273 0.440340
-0.194118 0.511534 0.441019
-0.194690 0.510389 0.441187
-0.194752 0.509753 0.441230
-0.194675 0.509069 0.441239
-0.194630 0.508489 0.441251
-0.194492 0.507973 0.441251
-0.194530 0.507869 0.441253
-0.194598 0.507538 0.441264
-0.194665 0.507440 0.441270
-0.194765 0.507116 0.441288
-0.194851 0.506981 0.441299
-0.194936 0.506770 0.441312
-0.195651 0.505737 0.441528
-0.196323 0.504681 0.441736
-0.197431 0.503074 0.442084
-0.198361 0.501762 0.442378
-0.199621 0.499940 0.442787
-0.200718 0.498559 0.443125
-0.202097 0.496786 0.443566
-0.203204 0.495353 0.443925
-0.204005 0.494456 0.444172
-0.205194 0.492996 0.444552
-0.206191 0.491785 0.444872
-0.207486 0.490080 0.445302
-0.208568 0.488615 0.445659
-0.209396 0.487678 0.445904
-0.210459 0.486535 0.446195
-0.210850 0.486232 0.446282
-0.211410 0.485817 0.446394
-0.211650 0.485706 0.446433
-0.212020 0.485410 0.446491
-0.212207 0.485325 0.446513
-0.212512 0.485049 0.446552
-0.212686 0.484980 0.446568
-0.212956 0.484718 0.446598
-0.213105 0.484682 0.446610
-0.213334 0.484437 0.446636
-0.213476 0.484366 0.446648
-0.213709 0.484082 0.446672
-0.213842 0.484009 0.446682
-0.214074 0.483696 0.446705
-0.214212 0.483568 0.446718
-0.214446 0.483221 0.446740
-0.214584 0.483120 0.446748
-0.214793 0.482777 0.446768
-0.214942 0.482640 0.446777
-0.215185 0.482281 0.446797
-0.215323 0.482153 0.446806
-0.215563 0.481761 0.446826
-0.215696 0.481629 0.446834
-0.215897 0.481288 0.446850
-0.216041 0.481168 0.446856
-0.216360 0.480737 0.446876
-0.216479 0.480664 0.446882
-0.216675 0.480369 0.446894
-0.216791 0.480302 0.446898
-0.216977 0.480009 0.446909
-0.217097 0.479922 0.446913
-0.217308 0.479617 0.446926
-0.217435 0.479513 0.446929
-0.217647 0.479165 0.446939
-0.217772 0.479052 0.446944
-0.218434 0.478048 0.447148
-0.219057 0.477042 0.447342
-0.219557 0.476397 0.447471
-0.220480 0.475019 0.447759
-0.221288 0.473803 0.448008
-0.221935 0.473035 0.448172
-0.222433 0.472434 0.448285
-0.222872 0.472050 0.448361
-0.223477 0.471476 0.448452
-0.223760 0.471349 0.448475
-0.224202 0.470963 0.448508
-0.224420 0.470899 0.448514
-0.225139 0.469925 0.448716
-0.225815 0.468974 0.448905
-0.226814 0.467425 0.449231
-0.227728 0.466211 0.449498
-0.228924 0.464784 0.449795
-0.229391 0.464464 0.449869
-0.230085 0.464022 0.449948
-0.230386 0.463940 0.449968
-0.230866 0.463742 0.449988
-0.231122 0.463702 0.449989
-0.231552 0.463514 0.449987
-0.232208 0.462488 0.450181
-0.232830 0.461501 0.450359
-0.233341 0.460874 0.450474
-0.234213 0.459499 0.450744
-0.234990 0.458304 0.450970
-0.236124 0.457148 0.451203
-0.236833 0.456481 0.451299
-0.237409 0.456191 0.451327
-0.237630 0.456014 0.451330
-0.238108 0.455862 0.451317
-0.238298 0.455718 0.451308
-0.238729 0.455573 0.451279
-0.238910 0.455444 0.451264
-0.239318 0.455290 0.451230
-0.239483 0.455177 0.451213
-0.240205 0.454986 0.451144
-0.240933 0.455145 0.451067
-0.241677 0.455340 0.450997
-0.242497 0.455489 0.450921
-0.243184 0.455706 0.450852
-0.243884 0.455950 0.450784
-0.244682 0.456078 0.450709
-0.245254 0.455090 0.450881
-0.246386 0.453728 0.451119
-0.247211 0.452424 0.451358
-0.249940 0.450226 0.451774
-0.251185 0.450309 0.451718
-0.252213 0.450560 0.451608
-0.253202 0.450902 0.451469
-0.254307 0.451171 0.451295
-0.255122 0.451211 0.451168
-0.255983 0.451456 0.451028
-0.256906 0.451696 0.450863
-0.257673 0.451855 0.450732
-0.257914 0.451913 0.450693
-0.258688 0.451739 0.448868
-0.259037 0.451690 0.448323
-0.259906 0.451445 0.445969
-0.260267 0.451402 0.445302
-0.261109 0.451076 0.442835
-0.261475 0.451016 0.442141
-0.262319 0.450698 0.439651
-0.262680 0.450672 0.438951
-0.263443 0.450303 0.436461
-0.264541 0.450211 0.434799
-0.265322 0.450269 0.434612
-0.265935 0.450191 0.434586
-0.266081 0.450202 0.434574
-0.267141 0.448230 0.434857
-0.267598 0.447742 0.434931
-0.269054 0.445316 0.435304
-0.269629 0.444697 0.435401
-0.271236 0.442231 0.435788
-0.271893 0.441642 0.435882
-0.273646 0.439131 0.436263
-0.274365 0.438508 0.436355
-0.276164 0.436012 0.436722
-0.278842 0.434875 0.436762
-0.280375 0.435107 0.436491
-0.281789 0.435337 0.436152
-0.282800 0.435474 0.435879
-0.283939 0.435862 0.435540
-0.284827 0.435947 0.435281
-0.285759 0.436040 0.434983
-0.286516 0.435991 0.434743
-0.287410 0.436283 0.434451
-0.288217 0.436179 0.434218
-0.289294 0.436257 0.433939
-0.290108 0.436441 0.433696
-0.290949 0.436484 0.433471
-0.291771 0.436536 0.433235
-0.292811 0.436711 0.432980
-0.293786 0.436860 0.432722
-0.294681 0.436862 0.432497
-0.295715 0.436971 0.432192
-0.296706 0.436993 0.431888
-0.297958 0.437197 0.431558
-0.298900 0.437204 0.431295
-0.300283 0.437235 0.430946
-0.301105 0.437256 0.430665
-0.302207 0.437156 0.430361
-0.303261 0.437115 0.429989
-0.304282 0.437302 0.429724
-0.305334 0.437584 0.429434
-0.306677 0.437721 0.429065
-0.307833 0.437783 0.428699
-0.309138 0.437979 0.428307
-0.310304 0.438114 0.427992
-0.311665 0.437994 0.427696
-0.313119 0.438474 0.427302
-0.314689 0.438388 0.426920
-0.316316 0.438415 0.426456
-0.317689 0.437850 0.426078
-0.318915 0.437928 0.425746
-0.320226 0.438350 0.425361
-0.321845 0.437999 0.424854
-0.323030 0.438629 0.424488
-0.324694 0.437996 0.424099
-0.326155 0.437686 0.423728
-0.327376 0.437699 0.423357
-0.329086 0.437568 0.422927
-0.330477 0.437904 0.422531
-0.332204 0.436796 0.422126
-0.333475 0.437512 0.421666
-0.335410 0.437512 0.421110
-0.337536 0.436956 0.420558
-0.337848 0.437097 0.420484
-0.338391 0.435985 0.420549
-0.341011 0.434283 0.420286
-0.342343 0.434695 0.419942
-0.343870 0.434846 0.419610
-0.345561 0.434678 0.419257
-0.347102 0.434928 0.418844
-0.348546 0.435039 0.418592
-0.350393 0.434963 0.418139
-0.352283 0.435093 0.417755
-0.354417 0.434613 0.417358
-0.355015 0.434521 0.417205
-0.355574 0.434414 0.416133
-0.357630 0.433899 0.414247
-0.359542 0.433385 0.414007
-0.360972 0.433181 0.413694
-0.362668 0.433041 0.413819
-0.364125 0.432833 0.413387
-0.364583 0.433084 0.413311
-0.365341 0.433360 0.413046
-0.366232 0.433628 0.412883
-0.367582 0.432553 0.412867
-0.368305 0.432728 0.412706
-0.369480 0.432724 0.412573
-0.370563 0.432610 0.412114
-0.371983 0.432272 0.412013
-0.373794 0.432576 0.411605
-0.375502 0.433410 0.411126
-0.376791 0.432712 0.411231
-0.377918 0.432609 0.411297
-0.379053 0.432769 0.411254
-0.380041 0.432178 0.410903
-0.380903 0.432579 0.410901
-0.382660 0.431801 0.410633
-0.383455 0.430850 0.410949
-0.383167 0.431393 0.410993
-0.383817 0.430690 0.410962
-0.384050 0.430845 0.411124
-0.384482 0.430901 0.410838
-0.385064 0.430933 0.410860
-0.385881 0.430439 0.410836
-0.386925 0.429946 0.411214
-0.387377 0.430266 0.411157
-0.388720 0.429880 0.411103
-0.389820 0.429805 0.410829
-0.390494 0.429318 0.410823
-0.391647 0.429286 0.410657
-0.392309 0.428712 0.411207
-0.393247 0.429813 0.410731
-0.393950 0.429088 0.411116
-0.393904 0.429696 0.410956
-0.394637 0.428916 0.411103
-0.394806 0.429402 0.410897
-0.395560 0.429082 0.411176
-0.395671 0.429158 0.411057
-0.396062 0.428994 0.411049
-0.396305 0.429275 0.410958
-0.396555 0.429101 0.411275
-0.397336 0.428759 0.411188
-0.398239 0.428682 0.411139
-0.398774 0.428526 0.411170
-0.399009 0.428530 0.411229
-0.399417 0.428479 0.411279
-0.400015 0.428272 0.411237
-0.400084 0.428250 0.411366
-0.400293 0.427919 0.411263
-0.399863 0.428418 0.411242
-0.400684 0.428072 0.411252
-0.400711 0.428446 0.411128
-0.400970 0.428208 0.410956
-0.400825 0.428326 0.410997
-0.401187 0.427836 0.411005
-0.400668 0.429023 0.410965
-0.401439 0.428062 0.411116
-0.401127 0.428546 0.410791
-0.401437 0.428367 0.410956
-0.400855 0.428540 0.410738
-0.401577 0.428272 0.410732
-0.401128 0.428540 0.410758
-0.401875 0.428326 0.410902
-0.401683 0.428634 0.410727
-0.401846 0.428650 0.410854
-0.402425 0.428441 0.410779
-0.402798 0.428426 0.410920
