-0.080727 0.886062 0.407064
-0.082055 0.886041 0.406988
-0.082451 0.886022 0.406963
-0.083685 0.885886 0.406896
-0.084257 0.885852 0.406859
-0.085017 0.885852 0.406804
-0.085774 0.885880 0.406741
-0.086004 0.885877 0.406722
-0.087120 0.885453 0.406701
-0.088266 0.885058 0.406691
-0.089014 0.884741 0.406711
-0.090008 0.884280 0.406770
-0.090239 0.884101 0.406808
-0.090865 0.883693 0.406889
-0.090935 0.883581 0.406916
-0.091314 0.883368 0.406945
-0.091429 0.883266 0.406961
-0.091867 0.883074 0.406974
-0.092003 0.882982 0.406985
-0.092470 0.882807 0.406988
-0.092617 0.882722 0.406994
-0.093105 0.882560 0.406990
-0.093452 0.882275 0.407010
-0.093456 0.881986 0.407041
-0.093424 0.881733 0.407071
-0.093385 0.881463 0.407106
-0.093386 0.881397 0.407114
-0.093380 0.881238 0.407035
-0.093387 0.881105 0.407025
-0.093372 0.880960 0.406930
-0.093377 0.880895 0.406920
-0.093383 0.880739 0.406813
-0.094261 0.880250 0.406796
-0.095085 0.879777 0.406804
-0.095845 0.878679 0.406883
-0.095810 0.878479 0.406926
-0.095605 0.878006 0.406945
-0.095524 0.877848 0.406967
-0.095249 0.877446 0.406947
-0.095165 0.877302 0.406960
-0.095002 0.877044 0.406922
-0.094848 0.876766 0.406932
-0.094690 0.876528 0.406887
-0.094551 0.876264 0.406891
-0.094326 0.875938 0.406835
-0.094269 0.875812 0.406838
-0.094097 0.875487 0.406772
-0.094053 0.875362 0.406773
-0.093904 0.875041 0.406704
-0.093863 0.874918 0.406704
-0.093666 0.874512 0.406631
-0.093626 0.874395 0.406636
-0.093450 0.874004 0.406567
-0.093418 0.873890 0.406571
-0.093317 0.873593 0.406501
-0.093288 0.873476 0.406500
-0.093139 0.873090 0.406421
-0.093111 0.872977 0.406424
-0.093060 0.872772 0.406364
-0.093007 0.872535 0.406354
-0.092940 0.872333 0.406292
-0.092882 0.872095 0.406279
-0.092850 0.871990 0.406243
-0.092758 0.871624 0.406208
-0.092681 0.871423 0.406145
-0.092580 0.871073 0.406137
-0.092547 0.870972 0.406104
-0.092418 0.870511 0.406077
-0.092384 0.870416 0.406045
-0.092304 0.870069 0.406012
-0.092274 0.869969 0.405976
-0.092235 0.869724 0.405940
-0.092187 0.869515 0.405867
-0.092118 0.869154 0.405852
-0.092091 0.869051 0.405818
-0.092081 0.868920 0.405795
-0.092937 0.868320 0.405761
-0.093717 0.867777 0.405714
-0.094338 0.866590 0.405804
-0.094284 0.866299 0.405824
-0.093922 0.865482 0.405944
-0.093773 0.865251 0.405954
-0.093349 0.864546 0.406039
-0.093210 0.864342 0.406038
-0.092837 0.863700 0.406097
-0.092723 0.863514 0.406089
-0.092422 0.862919 0.406127
-0.092327 0.862748 0.406113
-0.091985 0.862024 0.406160
-0.091907 0.861871 0.406144
-0.091637 0.861211 0.406176
-0.091576 0.861071 0.406156
-0.091489 0.860743 0.406145
-0.091406 0.860460 0.406088
-0.091344 0.860138 0.406079
-0.091289 0.859857 0.406018
-0.091254 0.859534 0.406002
-0.091224 0.859254 0.405933
-0.091224 0.859088 0.405917
-0.091233 0.858650 0.405808
-0.091241 0.858483 0.405795
-0.091289 0.857908 0.405663
-0.091312 0.857743 0.405651
-0.091381 0.857439 0.405559
-0.091457 0.857092 0.405510
-0.091540 0.856784 0.405406
-0.091592 0.856604 0.405371
-0.092493 0.855938 0.405300
-0.093327 0.855333 0.405217
-0.093812 0.854806 0.405193
-0.094907 0.853863 0.405168
-0.095791 0.853033 0.405148
-0.096205 0.850727 0.405495
-0.096021 0.850309 0.405567
-0.095611 0.849490 0.405726
-0.095189 0.848790 0.405818
-0.094814 0.848096 0.405937
-0.094288 0.847224 0.406031
-0.094145 0.846923 0.406075
-0.093900 0.846376 0.406096
-0.093467 0.845319 0.406225
-0.093046 0.844114 0.406400
-0.092989 0.843864 0.406431
-0.093319 0.842970 0.406462
-0.093346 0.842748 0.406475
-0.093825 0.842130 0.406444
-0.093932 0.841917 0.406438
-0.094179 0.841700 0.406411
-0.095253 0.840991 0.406332
-0.096191 0.840318 0.406287
-0.097587 0.838937 0.406325
-0.097761 0.838246 0.406420
-0.098051 0.837655 0.406463
-0.098128 0.837366 0.406488
-0.098606 0.836603 0.406487
-0.098700 0.836352 0.406489
-0.099142 0.835869 0.406442
-0.099304 0.835621 0.406425
-0.099832 0.835153 0.406346
-0.100181 0.834692 0.406284
-0.100930 0.834084 0.406120
-0.101124 0.833873 0.406069
-0.101770 0.833455 0.405912
-0.102266 0.833027 0.405770
-0.102910 0.832625 0.405586
-0.103436 0.832196 0.405410
-0.103774 0.831989 0.405304
-0.104647 0.831326 0.404991
-0.104999 0.831121 0.404868
-0.105961 0.830451 0.404491
-0.106374 0.830232 0.404338
-0.107412 0.829545 0.403898
-0.107791 0.829332 0.403737
-0.108967 0.828432 0.403127
-0.109347 0.828215 0.402947
-0.110488 0.827496 0.402738
-0.111480 0.826822 0.402578
-0.113238 0.825446 0.402286
-0.113432 0.825118 0.402264
-0.114026 0.824288 0.402112
-0.114133 0.824033 0.402070
-0.114875 0.823089 0.401741
-0.115014 0.822159 0.401487
-0.115100 0.821930 0.401419
-0.115458 0.820721 0.401100
-0.115908 0.819538 0.400749
-0.116190 0.818434 0.400448
-0.116498 0.817397 0.400136
-0.116814 0.816321 0.399823
-0.116911 0.816075 0.399756
-0.117095 0.815624 0.399559
-0.117079 0.815244 0.399460
-0.117195 0.814707 0.399192
-0.117198 0.814529 0.399138
-0.117439 0.814135 0.398893
-0.117598 0.813892 0.398776
-0.118483 0.813147 0.398674
-0.119424 0.812450 0.398528
-0.120085 0.811257 0.398710
-0.120080 0.811035 0.398776
-0.120049 0.810571 0.398891
-0.119938 0.810197 0.398939
-0.119878 0.809583 0.398986
-0.119864 0.809418 0.398966
-0.119863 0.809038 0.398937
-0.119805 0.808906 0.398917
-0.119346 0.808536 0.399012
-0.119472 0.808319 0.398917
-0.119713 0.807830 0.398765
-0.119862 0.807491 0.398611
-0.119853 0.807129 0.398558
-0.120000 0.806904 0.398447
-0.120371 0.806431 0.398228
-0.120512 0.806256 0.398113
-0.120844 0.805864 0.397888
-0.120899 0.805766 0.397795
-0.121163 0.805469 0.397576
-0.121308 0.805366 0.397445
-0.121502 0.805129 0.397250
-0.121568 0.805062 0.397144
-0.121741 0.804872 0.396949
-0.121975 0.804722 0.396700
-0.122859 0.804132 0.396601
-0.123958 0.803498 0.396444
-0.125018 0.802883 0.396414
-0.125197 0.802769 0.396503
-0.125347 0.802693 0.396624
-0.125405 0.802618 0.396730
-0.125393 0.802620 0.396771
-0.125441 0.802524 0.396792
-0.125192 0.802538 0.396868
-0.125424 0.802239 0.396783
-0.125976 0.801853 0.396607
-0.125734 0.801794 0.396756
-0.125899 0.801495 0.396692
-0.125634 0.801351 0.396826
-0.125509 0.800968 0.396876
-0.124895 0.800805 0.397138
-0.125151 0.800216 0.397028
-0.124690 0.800225 0.397249
-0.124764 0.800137 0.397221
-0.125050 0.799849 0.397131
-0.125092 0.799851 0.397133
-0.125155 0.799807 0.397145
-0.125380 0.799745 0.397090
-0.125522 0.799683 0.397054
-0.125907 0.799604 0.396944
-0.126055 0.799572 0.396909
-0.126393 0.799521 0.396820
-0.127039 0.799294 0.396603
-0.127617 0.799203 0.396424
-0.127709 0.799251 0.396412
-0.128515 0.798768 0.396432
-0.129373 0.798356 0.396438
-0.130290 0.797983 0.396620
-0.130690 0.797975 0.396865
-0.131013 0.797960 0.397026
-0.131039 0.798145 0.397237
-0.131073 0.798153 0.397385
-0.131096 0.798161 0.397448
-0.130960 0.798198 0.397626
-0.131055 0.798148 0.397648
-0.131141 0.798029 0.397726
-0.131160 0.798034 0.397769
-0.131321 0.797950 0.397804
-0.131378 0.797962 0.397871
-0.131622 0.797825 0.397876
-0.131740 0.797806 0.397866
-0.131990 0.797713 0.397834
-0.132469 0.797610 0.397715
-0.132714 0.797634 0.397680
-0.132933 0.797709 0.397641
-0.133058 0.797820 0.397634
-0.133336 0.797882 0.397566
-0.133759 0.797756 0.397429
-0.134350 0.797744 0.397256
-0.135360 0.797580 0.396924
-0.135320 0.798152 0.396980
-0.135654 0.798067 0.396856
-0.135896 0.798126 0.396777
-0.136243 0.798025 0.396655
-0.136518 0.798019 0.396566
-0.137481 0.797464 0.396538
-0.138231 0.797082 0.396595
-0.137652 0.797367 0.397508
-0.138039 0.797181 0.397517
-0.139020 0.796936 0.397524
-0.138559 0.797238 0.397886
-0.138448 0.797384 0.398064
-0.138882 0.797250 0.398028
-0.138513 0.797458 0.398275
-0.138880 0.797328 0.398318
-0.138880 0.797384 0.398455
-0.139408 0.797199 0.398383
-0.137354 0.797725 0.399262
-0.138425 0.796914 0.398886
-0.139222 0.796570 0.398678
-0.138181 0.796929 0.399080
-0.138644 0.796686 0.398898
-0.139129 0.796359 0.398704
-0.139079 0.796399 0.398707
-0.138972 0.796426 0.398722
-0.139023 0.796390 0.398678
-0.138934 0.796392 0.398671
-0.139619 0.795833 0.398716
-0.140360 0.795352 0.398734
-0.140943 0.794906 0.398976
-0.141018 0.794859 0.399111
-0.141392 0.794700 0.399333
-0.141312 0.794771 0.399502
-0.141368 0.794751 0.399595
-0.141474 0.794741 0.399630
-0.141249 0.794819 0.399739
-0.141090 0.794779 0.399825
-0.141220 0.794576 0.399828
-0.140890 0.794575 0.399961
-0.140749 0.794614 0.400013
-0.141008 0.794480 0.399922
-0.141065 0.794449 0.399913
-0.141478 0.794311 0.399773
-0.141022 0.794504 0.399944
-0.141592 0.794338 0.399720
-0.141442 0.794389 0.399777
-0.141249 0.794460 0.399820
-0.141878 0.794189 0.399599
-0.141451 0.794437 0.399725
-0.141271 0.794446 0.399774
-0.141614 0.794248 0.399601
-0.141501 0.794260 0.399636
-0.140956 0.794403 0.399770
-0.141248 0.794243 0.399658
-0.141823 0.794047 0.399434
-0.141624 0.794149 0.399502
-0.141486 0.794119 0.399505
-0.141587 0.794042 0.399464
-0.141321 0.794063 0.399501
-0.141391 0.793981 0.399464
-0.141546 0.793870 0.399371
-0.141576 0.793803 0.399348
-0.141868 0.793699 0.399213
-0.142404 0.793493 0.399017
-0.144937 0.793050 0.397226
-0.145104 0.793713 0.397399
-0.146729 0.793688 0.396885
-0.148025 0.793820 0.396525
-0.147738 0.794152 0.396653
-0.147548 0.794419 0.396738
-0.148204 0.794385 0.396526
-0.148669 0.794360 0.396385
-0.148819 0.794606 0.396377
-0.149092 0.794658 0.396296
-0.149032 0.795044 0.396332
-0.150257 0.794424 0.396229
-0.151251 0.794079 0.396226
-0.151542 0.794219 0.396851
-0.151617 0.794266 0.396990
-0.151700 0.794366 0.397217
-0.151567 0.794463 0.397365
-0.151669 0.794437 0.397573
-0.151593 0.794472 0.397672
-0.151689 0.794439 0.397772
-0.151895 0.794383 0.397766
-0.151916 0.794491 0.397868
-0.152315 0.794372 0.397827
-0.152198 0.794571 0.397951
-0.152346 0.794616 0.397961
-0.152284 0.794709 0.398061
-0.152060 0.794841 0.398155
-0.151501 0.795013 0.398410
-0.151459 0.794917 0.398445
-0.151271 0.794830 0.398551
-0.151190 0.794851 0.398612
-0.151861 0.794267 0.398707
-0.152667 0.793679 0.398775
-0.153200 0.793402 0.398887
-0.154175 0.792695 0.399112
-0.155065 0.792041 0.399335
-0.155705 0.791633 0.399561
-0.156971 0.790709 0.399820
-0.157343 0.790355 0.400293
-0.157004 0.790361 0.401270
-0.156782 0.790376 0.401668
-0.155469 0.790554 0.403018
-0.154517 0.790737 0.403467
-0.153207 0.790669 0.404142
-0.152650 0.790507 0.404436
-0.153298 0.789389 0.404692
-0.153367 0.789208 0.404812
-0.153629 0.788884 0.405195
-0.153452 0.788900 0.405341
-0.153091 0.789041 0.405604
-0.153257 0.788952 0.405641
-0.153052 0.789029 0.405827
-0.153295 0.788835 0.405897
-0.153285 0.788909 0.406013
-0.152844 0.789104 0.406217
-0.150531 0.789701 0.406909
-0.149604 0.789754 0.407152
-0.148142 0.789438 0.407538
-0.147926 0.788679 0.407678
-0.147977 0.788358 0.407726
-0.148033 0.787875 0.407845
-0.147415 0.787676 0.408091
-0.146728 0.787090 0.408400
-0.147391 0.786209 0.408497
-0.147869 0.785612 0.408650
-0.148030 0.785198 0.408845
-0.148704 0.784399 0.409108
-0.149432 0.783624 0.409348
-0.149684 0.783118 0.409640
-0.150348 0.782232 0.409990
-0.150323 0.781742 0.410444
-0.149311 0.781422 0.411292
-0.148847 0.781138 0.411622
-0.148043 0.780604 0.412167
-0.147096 0.780534 0.412473
-0.145251 0.780391 0.412960
-0.145044 0.779874 0.413055
-0.144370 0.779110 0.413290
-0.143894 0.778195 0.413480
-0.142679 0.777393 0.413808
-0.142549 0.776912 0.413843
-0.142784 0.775844 0.413872
-0.141925 0.775365 0.414079
-0.141287 0.775210 0.414188
-0.139559 0.774260 0.414453
-0.139227 0.773896 0.414485
-0.138929 0.773462 0.414512
-0.139771 0.772226 0.414540
-0.140128 0.771420 0.414663
-0.139952 0.770959 0.414826
-0.140339 0.769971 0.415025
-0.140523 0.769271 0.415225
-0.140467 0.768697 0.415403
-0.141063 0.767601 0.415611
-0.141705 0.766615 0.415797
-0.141769 0.765560 0.416144
-0.141118 0.765377 0.416309
-0.139224 0.764532 0.416645
-0.138872 0.764039 0.416663
-0.137775 0.763186 0.416735
-0.137207 0.762800 0.416752
-0.136273 0.761792 0.416779
-0.136346 0.761008 0.416744
-0.135510 0.759429 0.416824
-0.135568 0.758772 0.416804
-0.135576 0.757732 0.416812
-0.135191 0.757568 0.416853
-0.135003 0.756995 0.416877
-0.134955 0.756663 0.416886
-0.134671 0.756091 0.416914
-0.134342 0.755869 0.416934
-0.133555 0.754949 0.416963
-0.134342 0.754023 0.417016
-0.134848 0.753361 0.417114
-0.134836 0.753077 0.417225
-0.135830 0.752054 0.417357
-0.136629 0.750246 0.417822
-0.134666 0.750334 0.418038
-0.134975 0.748659 0.417864
-0.134594 0.748140 0.417899
-0.134111 0.747081 0.417887
-0.133582 0.746602 0.417875
-0.133181 0.745726 0.417852
-0.133384 0.744405 0.417823
-0.133193 0.744282 0.417841
-0.132595 0.743970 0.417852
-0.132829 0.743544 0.417815
-0.132953 0.743087 0.417792
-0.132645 0.742903 0.417806
-0.132277 0.742612 0.417801
-0.132534 0.742018 0.417768
-0.133310 0.741240 0.417867
-0.133788 0.740695 0.417994
-0.133878 0.740439 0.418096
-0.134567 0.739734 0.418260
-0.135099 0.739259 0.418413
-0.135117 0.739088 0.418530
-0.135955 0.738265 0.418694
-0.136546 0.737691 0.418863
-0.136633 0.737442 0.418988
-0.137346 0.736692 0.419178
-0.137969 0.736129 0.419356
-0.137983 0.735635 0.419564
-0.137962 0.735255 0.419599
-0.137692 0.734650 0.419619
-0.137406 0.734408 0.419612
-0.136845 0.733867 0.419576
-0.136707 0.733637 0.419544
-0.136527 0.733132 0.419485
-0.136394 0.732885 0.419459
-0.136042 0.732536 0.419399
-0.135766 0.732014 0.419350
-0.135346 0.731122 0.419278
-0.135297 0.730750 0.419247
-0.135402 0.729929 0.419201
-0.135499 0.729043 0.419188
-0.135140 0.728883 0.419196
-0.135851 0.727899 0.419301
-0.136322 0.727193 0.419435
-0.136186 0.726816 0.419531
-0.136867 0.725711 0.419708
-0.137369 0.724816 0.419882
-0.137441 0.724271 0.420001
-0.138268 0.723087 0.420205
-0.138813 0.721993 0.420397
-0.138903 0.721250 0.420528
-0.139786 0.719817 0.420743
-0.140469 0.718675 0.420936
-0.141567 0.717335 0.421223
-0.142291 0.716267 0.421484
-0.142457 0.715537 0.421657
-0.141967 0.714814 0.421825
-0.141907 0.714362 0.421835
-0.141464 0.713503 0.421812
-0.141019 0.713129 0.421764
-0.140042 0.712307 0.421648
-0.139802 0.711562 0.421565
-0.139453 0.710272 0.421433
-0.139209 0.709647 0.421372
-0.137880 0.707994 0.421191
-0.137980 0.707012 0.421107
-0.138860 0.705029 0.421025
-0.138890 0.704377 0.421014
-0.138034 0.703579 0.420975
-0.138123 0.702812 0.420925
-0.138113 0.701466 0.420876
-0.137745 0.700860 0.420841
-0.136957 0.699518 0.420749
-0.136612 0.698633 0.420677
-0.137468 0.696895 0.420763
-0.138367 0.695255 0.420895
-0.138650 0.694036 0.420996
-0.139534 0.692413 0.421214
-0.139976 0.691200 0.421415
-0.140235 0.690171 0.421548
-0.141469 0.688490 0.421796
-0.142639 0.687008 0.422048
-0.143001 0.686144 0.422232
-0.143894 0.684806 0.422511
-0.144448 0.683727 0.422758
-0.144656 0.682274 0.423001
-0.144635 0.681489 0.423041
-0.144303 0.680082 0.423021
-0.144155 0.679301 0.422985
-0.143577 0.678051 0.422871
-0.143547 0.677205 0.422804
-0.143336 0.674901 0.422662
-0.142555 0.671988 0.422472
-0.142698 0.669369 0.422340
-0.142568 0.668365 0.422270
-0.142422 0.666176 0.422167
-0.142147 0.665013 0.422084
-0.141639 0.662734 0.421925
-0.141446 0.661620 0.421813
-0.140674 0.659449 0.421592
-0.140414 0.658102 0.421448
-0.140180 0.655775 0.421229
-0.140013 0.654586 0.421106
-0.139754 0.653374 0.420990
-0.139561 0.651982 0.420009
-0.139485 0.650490 0.419188
-0.139448 0.649019 0.418621
-0.139503 0.647476 0.417372
-0.139434 0.646004 0.416401
-0.139298 0.644689 0.415733
-0.139215 0.643403 0.414416
-0.139061 0.642151 0.413398
-0.138699 0.639864 0.412244
-0.138643 0.638743 0.411934
-0.138241 0.636971 0.411514
-0.138313 0.635813 0.410519
-0.138247 0.634861 0.409715
-0.138200 0.634006 0.409165
-0.138240 0.633018 0.407942
-0.138336 0.631993 0.407010
-0.138396 0.631066 0.406390
-0.138545 0.629981 0.405135
-0.138778 0.628997 0.404196
-0.138824 0.628134 0.403581
-0.138922 0.627149 0.402338
-0.138921 0.626272 0.401394
-0.138811 0.625725 0.400768
-0.138809 0.625114 0.399513
-0.138824 0.624493 0.398567
-0.138847 0.623863 0.397946
-0.138931 0.623200 0.396705
-0.139045 0.622545 0.395780
-0.139112 0.621961 0.395177
-0.139248 0.621289 0.393950
-0.139361 0.620715 0.393037
-0.139346 0.620256 0.392441
-0.139238 0.619479 0.391834
-0.139180 0.619178 0.391654
-0.139067 0.618927 0.391531
-0.139847 0.617970 0.391564
-0.140614 0.617054 0.391648
-0.141084 0.616433 0.391704
-0.142251 0.615220 0.391870
-0.143102 0.614210 0.392051
-0.143472 0.613577 0.392160
-0.143687 0.613049 0.392237
-0.143771 0.612473 0.392267
-0.143814 0.612090 0.392261
-0.143934 0.611311 0.392198
-0.143958 0.610906 0.392174
-0.144077 0.609758 0.392078
-0.144011 0.609442 0.392047
-0.143944 0.608548 0.391935
-0.143823 0.608274 0.391900
-0.143555 0.607852 0.391785
-0.143427 0.607600 0.391731
-0.144200 0.606583 0.391800
-0.144872 0.605719 0.391869
-0.146117 0.604407 0.392052
-0.147096 0.603313 0.392250
-0.147637 0.602538 0.392368
-0.148765 0.601175 0.392578
-0.149671 0.600029 0.392777
-0.151030 0.598619 0.393063
-0.152178 0.597366 0.393333
-0.152772 0.596553 0.393504
-0.153239 0.595491 0.393679
-0.153275 0.595121 0.393681
-0.153104 0.594447 0.393623
-0.153082 0.594107 0.393552
-0.152903 0.593432 0.393425
-0.152782 0.593142 0.393332
-0.152538 0.592545 0.393179
-0.152401 0.592339 0.393077
-0.152059 0.592024 0.392912
-0.151897 0.591828 0.392803
-0.151643 0.591357 0.392630
-0.151600 0.590994 0.392529
-0.152368 0.589964 0.392585
-0.153042 0.589065 0.392677
-0.154225 0.587705 0.392889
-0.155254 0.586638 0.393082
-0.156767 0.585092 0.393386
-0.157962 0.583988 0.393683
-0.158720 0.583053 0.393884
-0.159895 0.581735 0.394167
-0.160931 0.580387 0.394425
-0.161590 0.579434 0.394585
-0.162733 0.578103 0.394850
-0.163741 0.576724 0.395106
-0.164398 0.575758 0.395264
-0.165596 0.574247 0.395543
-0.166620 0.572970 0.395807
-0.169329 0.569792 0.396495
-0.170597 0.566856 0.397044
-0.170540 0.566672 0.397018
-0.170425 0.566542 0.396958
-0.170401 0.566412 0.396927
-0.170422 0.566187 0.396882
-0.170392 0.566002 0.396855
-0.170441 0.565483 0.396821
-0.170459 0.564849 0.396779
-0.170338 0.564851 0.396735
-0.170245 0.564663 0.396677
-0.170227 0.564638 0.396656
-0.170264 0.564416 0.396635
-0.170415 0.564377 0.396652
-0.170447 0.564229 0.396667
-0.170521 0.564134 0.396682
-0.170623 0.563987 0.396709
-0.170686 0.563963 0.396727
-0.170831 0.563844 0.396771
-0.170972 0.563625 0.396807
-0.171061 0.563315 0.396846
-0.171881 0.562259 0.397037
-0.172655 0.561187 0.397233
-0.173207 0.560409 0.397385
-0.174406 0.558841 0.397689
-0.175437 0.557466 0.397979
-0.176251 0.556389 0.398212
-0.177540 0.554731 0.398572
-0.178673 0.553044 0.398898
-0.179508 0.551836 0.399142
-0.180438 0.550033 0.399431
-0.180776 0.549289 0.399517
-0.181175 0.548092 0.399624
-0.181258 0.547849 0.399638
-0.181437 0.547075 0.399682
-0.181499 0.546855 0.399682
-0.181587 0.546168 0.399688
-0.181670 0.545840 0.399692
-0.181877 0.544910 0.399726
-0.182028 0.544446 0.399739
-0.182176 0.543795 0.399752
-0.182339 0.543376 0.399766
-0.182636 0.542489 0.399809
-0.182805 0.542081 0.399831
-0.183143 0.541141 0.399886
-0.183228 0.540932 0.399896
-0.183387 0.540596 0.399929
-0.183470 0.540504 0.399945
-0.183700 0.540170 0.400006
-0.183776 0.540107 0.400028
-0.184043 0.539714 0.400111
-0.184124 0.539643 0.400131
-0.184216 0.539512 0.400153
-0.184189 0.539470 0.400147
-0.184186 0.539470 0.400151
-0.184231 0.539378 0.400167
-0.184161 0.539339 0.400157
-0.184092 0.539159 0.400152
-0.184106 0.538949 0.400157
-0.183965 0.538959 0.400125
-0.183832 0.538871 0.400103
-0.183766 0.538751 0.400088
-0.183758 0.538602 0.400076
-0.183872 0.538380 0.400083
-0.183910 0.538269 0.400089
-0.184037 0.538203 0.400115
-0.184106 0.538066 0.400133
-0.184348 0.537782 0.400187
-0.184448 0.537521 0.400212
-0.184632 0.536990 0.400259
-0.184725 0.536691 0.400275
-0.184852 0.536374 0.400294
-0.185638 0.535246 0.400534
-0.186349 0.534363 0.400754
-0.186842 0.533890 0.400904
-0.187882 0.532777 0.401243
-0.188851 0.531665 0.401556
-0.189572 0.530785 0.401789
-0.190700 0.529450 0.402178
-0.191656 0.528467 0.402508
-0.192437 0.527577 0.402760
-0.193619 0.526230 0.403173
-0.194596 0.524997 0.403526
-0.195306 0.524042 0.403774
-0.195845 0.523201 0.403948
-0.196281 0.522551 0.404069
-0.196818 0.521546 0.404209
-0.197009 0.521278 0.404245
-0.197224 0.520851 0.404283
-0.197365 0.520838 0.404300
-0.197697 0.520522 0.404360
-0.197857 0.520406 0.404394
-0.198106 0.519897 0.404458
-0.198297 0.519545 0.404493
-0.198626 0.518765 0.404547
-0.198779 0.518536 0.404562
-0.199032 0.518078 0.404592
-0.199346 0.517677 0.404630
-0.199536 0.517485 0.404655
-0.199651 0.517398 0.404675
-0.199901 0.516853 0.404730
-0.200006 0.516647 0.404743
-0.200252 0.516169 0.404775
-0.200442 0.515978 0.404799
-0.200823 0.515426 0.404853
-0.201139 0.515130 0.404890
-0.201481 0.515130 0.404926
-0.201651 0.515151 0.404963
-0.202036 0.514974 0.405049
-0.202440 0.514619 0.405137
-0.202602 0.514466 0.405170
-0.202962 0.514322 0.405231
-0.203127 0.514065 0.405270
-0.203859 0.512998 0.405531
-0.204564 0.512254 0.405759
-0.205743 0.511117 0.406156
-0.206767 0.510113 0.406498
-0.207549 0.509383 0.406739
-0.208710 0.508055 0.407147
-0.209712 0.506772 0.407492
-0.210528 0.505923 0.407722
-0.211761 0.504358 0.408134
-0.212810 0.503050 0.408469
-0.213623 0.502224 0.408683
-0.214823 0.500682 0.409087
-0.215875 0.499422 0.409417
-0.217201 0.497564 0.409892
-0.218336 0.496085 0.410254
-0.219793 0.494381 0.410630
-0.220424 0.493525 0.410757
-0.220748 0.493365 0.410783
-0.221289 0.492977 0.410835
-0.221639 0.492788 0.410867
-0.222193 0.492115 0.410936
-0.222463 0.492113 0.410945
-0.222947 0.492108 0.410968
-0.223226 0.491991 0.411010
-0.223712 0.491722 0.411072
-0.223996 0.491541 0.411106
-0.224563 0.490940 0.411170
-0.225035 0.490498 0.411194
-0.225367 0.490108 0.411195
-0.225605 0.489973 0.411192
-0.226063 0.489737 0.411185
-0.226299 0.489677 0.411193
-0.226539 0.489529 0.411207
-0.226937 0.489109 0.410326
-0.227326 0.488666 0.409596
-0.227751 0.488173 0.408228
-0.228200 0.487808 0.407181
-0.228644 0.487414 0.406530
-0.229114 0.486852 0.405213
-0.229539 0.486439 0.404195
-0.229922 0.486247 0.403558
-0.230243 0.486024 0.403159
-0.230916 0.485449 0.402759
-0.231220 0.485343 0.402654
-0.231829 0.485391 0.402549
-0.232114 0.485183 0.402557
-0.232733 0.485059 0.402579
-0.233045 0.484864 0.401677
-0.233352 0.484496 0.400930
-0.233669 0.484259 0.400465
-0.234054 0.483782 0.399260
-0.234398 0.483400 0.398313
-0.234810 0.483126 0.397712
-0.235201 0.482788 0.396414
-0.235550 0.482541 0.395407
-0.235882 0.482265 0.394780
-0.236194 0.481917 0.393477
-0.236525 0.481440 0.392473
-0.236840 0.480829 0.390915
-0.237165 0.480195 0.389734
-0.237531 0.479716 0.388971
-0.237894 0.479191 0.387556
-0.238340 0.478945 0.386458
-0.239163 0.478895 0.385327
-0.239547 0.478755 0.385090
-0.240358 0.478752 0.384861
-0.240754 0.478713 0.384828
-0.241843 0.478633 0.384796
-0.242103 0.478493 0.384820
-0.242593 0.478406 0.384833
-0.242820 0.478386 0.384828
-0.243353 0.478278 0.384846
-0.243587 0.478143 0.384852
-0.244189 0.478266 0.384846
-0.244443 0.478136 0.384874
-0.244934 0.477907 0.384898
-0.245189 0.477816 0.384905
-0.245750 0.477829 0.384879
-0.246142 0.477834 0.384879
-0.246368 0.477708 0.384898
-0.246996 0.476796 0.385139
-0.247609 0.475925 0.385330
-0.248644 0.474476 0.385651
-0.249596 0.473254 0.385869
-0.250380 0.472300 0.385975
-0.251482 0.470824 0.386244
-0.252454 0.469487 0.386440
-0.253798 0.467963 0.386549
-0.254270 0.467426 0.386521
-0.255053 0.466811 0.386436
-0.255386 0.466475 0.386401
-0.256071 0.466169 0.386301
-0.256373 0.466024 0.386255
-0.256956 0.465765 0.386151
-0.257188 0.465683 0.386112
-0.257710 0.465749 0.386011
-0.257994 0.465624 0.385999
-0.258607 0.465414 0.385942
-0.259342 0.464447 0.386172
-0.260034 0.463522 0.386348
-0.260627 0.463041 0.386413
-0.261558 0.461823 0.386679
-0.262440 0.460825 0.386863
-0.263939 0.459797 0.386961
-0.264558 0.459544 0.386959
-0.265666 0.459157 0.386947
-0.266139 0.458890 0.386932
-0.267109 0.458603 0.386850
-0.267487 0.458507 0.386816
-0.268247 0.458378 0.386727
-0.268590 0.458293 0.386693
-0.269311 0.458091 0.386622
-0.269668 0.457997 0.386581
-0.270310 0.457686 0.386504
-0.270529 0.457594 0.386465
-0.271038 0.457701 0.386354
-0.271309 0.457502 0.386334
-0.271932 0.457450 0.386267
-0.272216 0.457386 0.386240
-0.272838 0.457267 0.386163
-0.273091 0.457102 0.386142
-0.273616 0.456882 0.386082
-0.273809 0.456826 0.386046
-0.274272 0.456839 0.385947
-0.274481 0.456741 0.385922
-0.274945 0.456786 0.385850
-0.275169 0.456649 0.385840
-0.275684 0.456345 0.385781
-0.275934 0.456189 0.385730
-0.276621 0.455982 0.385570
-0.276831 0.455905 0.385539
-0.277052 0.455858 0.385508
-0.277666 0.454798 0.385751
-0.278272 0.453841 0.385908
-0.278804 0.453278 0.385953
-0.279234 0.452832 0.385923
-0.279681 0.452600 0.385855
-0.280503 0.452155 0.385732
-0.280890 0.451899 0.385654
-0.281528 0.451546 0.385445
-0.281868 0.451501 0.385346
-0.282555 0.451219 0.385203
-0.282895 0.451157 0.385128
-0.283538 0.451125 0.384984
-0.283888 0.450940 0.384966
-0.284474 0.450457 0.384874
-0.284760 0.450437 0.384774
-0.285292 0.450281 0.384636
-0.285606 0.450274 0.384560
-0.286261 0.450155 0.384411
-0.286943 0.449223 0.384609
-0.287669 0.448295 0.384729
-0.288265 0.447667 0.384729
-0.289176 0.446260 0.384951
-0.290014 0.445229 0.385044
-0.290724 0.444571 0.385002
-0.291858 0.443555 0.384825
-0.292429 0.443513 0.384646
-0.293866 0.443360 0.384247
-0.294358 0.443391 0.384182
-0.295281 0.443280 0.384088
-0.295760 0.443317 0.384036
-0.296671 0.443465 0.383905
-0.297183 0.443435 0.383872
-0.298142 0.443306 0.383799
-0.298547 0.443276 0.383768
-0.299373 0.443349 0.383623
-0.299793 0.443271 0.383581
-0.300583 0.443379 0.383433
-0.300989 0.443147 0.383416
-0.301771 0.442899 0.383296
-0.302135 0.442858 0.383228
-0.303213 0.442731 0.382942
-0.303651 0.442783 0.382886
-0.304678 0.442997 0.382733
-0.305202 0.443032 0.382720
-0.306154 0.442969 0.382656
-0.306594 0.442946 0.382647
-0.307364 0.442755 0.382636
-0.307775 0.442813 0.382607
-0.308508 0.442685 0.382548
-0.308966 0.442610 0.382496
-0.309619 0.442381 0.382403
-0.310111 0.442223 0.382354
-0.311195 0.441884 0.382176
-0.311750 0.441920 0.382081
-0.312597 0.441808 0.381973
-0.313077 0.441760 0.381924
-0.313938 0.441474 0.381816
-0.314366 0.441384 0.381749
-0.315551 0.441122 0.381489
-0.315951 0.441098 0.381410
-0.316771 0.441107 0.381258
-0.317164 0.440977 0.381235
-0.317955 0.440798 0.381099
-0.318706 0.440618 0.380953
-0.319490 0.440851 0.380801
-0.319923 0.440910 0.380762
-0.320539 0.440961 0.380720
-0.320920 0.440917 0.380728
-0.321561 0.441042 0.380682
-0.321931 0.441102 0.380664
-0.322510 0.441175 0.380658
-0.322871 0.441285 0.380641
-0.323625 0.441160 0.380656
-0.324242 0.441071 0.380640
-0.324979 0.440758 0.380564
-0.325217 0.440666 0.380496
-0.325780 0.440642 0.380363
-0.326365 0.439514 0.380616
-0.327002 0.438645 0.380722
-0.327524 0.438012 0.380681
-0.328244 0.436578 0.380839
-0.328853 0.435171 0.380869
-0.329347 0.434184 0.380727
-0.330149 0.432786 0.380262
-0.330515 0.432285 0.379934
-0.331344 0.431775 0.379234
-0.331689 0.431643 0.378906
-0.332428 0.431365 0.378433
-0.332890 0.431183 0.378210
-0.334222 0.430904 0.377599
-0.334704 0.430709 0.377447
-0.335601 0.430339 0.377174
-0.336033 0.430339 0.377028
-0.336893 0.430477 0.376738
-0.337282 0.430434 0.376679
-0.338067 0.430277 0.376525
-0.338500 0.430323 0.376441
-0.339299 0.430409 0.376300
-0.339716 0.430542 0.376227
-0.340504 0.430642 0.376115
-0.340971 0.430694 0.376061
-0.341703 0.430544 0.375992
-0.342076 0.430488 0.375949
-0.342715 0.430258 0.375836
-0.343045 0.430188 0.375778
-0.343362 0.430077 0.375718
-0.343904 0.428880 0.375979
-0.344465 0.427859 0.376104
-0.345098 0.426408 0.375939
-0.345262 0.425777 0.375753
-0.345649 0.424846 0.375135
-0.345845 0.424600 0.374754
-0.346046 0.424113 0.374092
-0.346110 0.423940 0.373751
-0.346324 0.423634 0.373080
-0.346425 0.423490 0.372769
-0.346692 0.423077 0.372230
-0.346804 0.422894 0.371963
-0.346953 0.422403 0.371469
-0.347036 0.422219 0.371183
-0.347188 0.421944 0.370676
-0.347280 0.421833 0.370433
-0.347407 0.421471 0.370009
-0.347540 0.421343 0.369765
-0.347807 0.421072 0.369268
-0.347890 0.420717 0.369072
-0.348046 0.420650 0.369719
-0.348203 0.420551 0.370232
-0.348342 0.420500 0.370379
-0.348585 0.420732 0.371250
-0.348854 0.420827 0.371939
-0.349078 0.420779 0.372291
-0.349372 0.420298 0.372397
-0.349534 0.420168 0.372198
-0.349912 0.419795 0.371641
-0.350073 0.419585 0.371315
-0.350433 0.419025 0.370646
-0.350599 0.418783 0.370300
-0.350887 0.418241 0.369566
-0.351069 0.417998 0.369144
-0.351417 0.417512 0.368323
-0.351690 0.417383 0.367904
-0.352177 0.417019 0.367258
-0.352344 0.416767 0.366928
-0.352727 0.416364 0.366289
-0.352957 0.416212 0.365953
-0.353260 0.415812 0.365380
-0.353418 0.415680 0.365066
-0.353795 0.415159 0.364239
-0.353910 0.415118 0.363940
-0.354112 0.414801 0.363445
-0.354215 0.414633 0.363210
-0.354370 0.414185 0.362772
-0.354491 0.414022 0.362506
-0.354724 0.413588 0.362025
-0.354856 0.413472 0.361749
-0.355152 0.412999 0.361027
-0.355261 0.412894 0.360795
-0.355512 0.411734 0.360876
-0.355763 0.410678 0.360768
-0.356046 0.408930 0.360815
-0.356184 0.407480 0.360625
-0.356271 0.405729 0.359806
-0.356311 0.405232 0.359223
-0.356365 0.404130 0.357724
-0.356438 0.403933 0.357222
-0.356574 0.403443 0.356322
-0.356676 0.403299 0.355895
-0.356844 0.402877 0.355146
-0.356978 0.402741 0.354782
-0.357179 0.402385 0.354095
-0.357326 0.402232 0.353747
-0.357612 0.401801 0.353102
-0.357793 0.401676 0.352757
-0.358082 0.401310 0.352111
-0.358241 0.401189 0.351792
-0.358507 0.400787 0.351213
-0.358655 0.400667 0.350925
-0.358933 0.400308 0.350381
-0.359094 0.400206 0.350091
-0.359139 0.401197 0.349512
-0.359170 0.401980 0.349089
-0.359130 0.403478 0.348545
-0.359111 0.404541 0.348264
-0.359236 0.405167 0.348194
-0.359394 0.405442 0.348244
-0.359812 0.405678 0.348318
-0.360049 0.405631 0.348333
-0.360576 0.405540 0.348322
-0.360783 0.405397 0.348324
-0.361002 0.405232 0.348290
-0.361065 0.406168 0.347933
-0.361123 0.406895 0.347755
-0.361320 0.407350 0.347732
-0.361389 0.408700 0.347475
-0.361463 0.409714 0.347434
-0.361493 0.411385 0.347307
-0.361613 0.412745 0.347482
-0.361864 0.413580 0.347907
-0.362507 0.414502 0.348877
-0.362831 0.414586 0.349400
-0.363519 0.414592 0.350323
-0.363775 0.414485 0.350689
-0.364168 0.414227 0.351350
-0.364328 0.414065 0.351599
-0.365014 0.413623 0.352227
-0.365358 0.413595 0.352615
-0.365921 0.413465 0.352938
-0.366143 0.413378 0.353257
-0.366439 0.413240 0.353357
-0.367124 0.413146 0.353375
-0.367455 0.413153 0.353516
-0.368037 0.413292 0.353650
-0.368768 0.413619 0.353726
-0.369342 0.413944 0.354014
-0.369871 0.414010 0.354321
-0.370371 0.414189 0.354767
-0.371171 0.414344 0.355063
-0.371893 0.414333 0.355322
-0.372428 0.414588 0.355470
-0.373022 0.415044 0.355729
-0.373591 0.415159 0.356173
-0.374233 0.415842 0.356337
-0.374835 0.416232 0.357293
-0.376078 0.416697 0.357764
-0.376575 0.416984 0.358493
-0.377037 0.417223 0.359151
-0.377441 0.417387 0.359639
-0.377978 0.417613 0.359874
-0.378827 0.417962 0.360286
-0.379437 0.418383 0.360743
-0.380248 0.418841 0.361208
-0.381666 0.418972 0.362021
-0.382808 0.418824 0.362438
-0.383720 0.418542 0.363142
-0.384113 0.418466 0.363207
-0.384285 0.418749 0.363173
-0.384811 0.418781 0.363678
-0.385495 0.418740 0.363582
-0.386402 0.418985 0.363538
-0.386833 0.419182 0.363874
-0.387165 0.419370 0.364160
-0.387952 0.419587 0.364623
-0.388680 0.419657 0.364833
-0.389076 0.420207 0.364901
-0.389386 0.420820 0.365548
-0.390079 0.421211 0.366326
-0.390573 0.421560 0.367012
-0.390907 0.421619 0.367781
-0.391467 0.421763 0.368049
-0.391594 0.421928 0.368359
-0.391643 0.422388 0.368489
-0.391756 0.422902 0.368761
