-0.080764 0.885867 0.407045
-0.080777 0.885662 0.407093
-0.080730 0.885360 0.407161
-0.080635 0.884976 0.407246
-0.080637 0.884882 0.407262
-0.082949 0.882984 0.407475
-0.079110 0.878687 0.408609
-0.079119 0.878648 0.408613
-0.079702 0.878489 0.408606
-0.079742 0.878448 0.408609
-0.080120 0.878355 0.408600
-0.081148 0.877881 0.408587
-0.082057 0.877431 0.408597
-0.083460 0.876630 0.408628
-0.084714 0.875919 0.408675
-0.085925 0.874437 0.408939
-0.086056 0.874071 0.409020
-0.085796 0.872892 0.409312
-0.085797 0.872646 0.409363
-0.085749 0.872167 0.409463
-0.085903 0.871749 0.409535
-0.085874 0.871368 0.409610
-0.085967 0.871190 0.409637
-0.086089 0.870837 0.409695
-0.086372 0.870533 0.409733
-0.086469 0.870250 0.409778
-0.086624 0.870116 0.409791
-0.087663 0.869524 0.409803
-0.088582 0.868964 0.409833
-0.089245 0.868505 0.409875
-0.090530 0.867653 0.409932
-0.091529 0.866884 0.410011
-0.092536 0.864932 0.410379
-0.092423 0.864562 0.410460
-0.092299 0.863621 0.410649
-0.092174 0.863336 0.410707
-0.092131 0.862592 0.410842
-0.092048 0.862362 0.410885
-0.092157 0.861924 0.410950
-0.092119 0.861514 0.411016
-0.092283 0.861154 0.411064
-0.092275 0.860665 0.411138
-0.092381 0.860518 0.411153
-0.092509 0.859869 0.411239
-0.092346 0.859399 0.411304
-0.092103 0.858811 0.411387
-0.091860 0.858244 0.411470
-0.091806 0.858114 0.411489
-0.093920 0.856095 0.411662
-0.093294 0.854498 0.411979
-0.092813 0.853858 0.412107
-0.092815 0.853656 0.412138
-0.092694 0.852901 0.412259
-0.092763 0.852743 0.412279
-0.092848 0.852562 0.412300
-0.093776 0.851886 0.412327
-0.095330 0.850787 0.412407
-0.095615 0.850375 0.412464
-0.096605 0.849506 0.412532
-0.097560 0.848731 0.412603
-0.098094 0.848081 0.412688
-0.099187 0.847017 0.412792
-0.100156 0.846087 0.412898
-0.100659 0.845309 0.413014
-0.101717 0.844124 0.413147
-0.102617 0.843081 0.413281
-0.103027 0.842207 0.413421
-0.104011 0.840923 0.413579
-0.104875 0.839777 0.413730
-0.105127 0.837351 0.414156
-0.104982 0.836739 0.414269
-0.104241 0.835168 0.414553
-0.104045 0.834748 0.414630
-0.103367 0.833627 0.414833
-0.103234 0.833301 0.414888
-0.103001 0.832660 0.414987
-0.102944 0.832135 0.415067
-0.102635 0.831433 0.415176
-0.102593 0.831236 0.415208
-0.102396 0.830671 0.415297
-0.102459 0.830502 0.415317
-0.102574 0.829986 0.415376
-0.102761 0.829725 0.415404
-0.102815 0.829451 0.415436
-0.103060 0.829218 0.415455
-0.103157 0.829086 0.415465
-0.103663 0.828708 0.415491
-0.103713 0.828604 0.415495
-0.104091 0.828348 0.415506
-0.104170 0.828240 0.415510
-0.104721 0.827897 0.415519
-0.104768 0.827814 0.415524
-0.105089 0.827632 0.415525
-0.105246 0.827438 0.415535
-0.105605 0.827220 0.415544
-0.105646 0.827139 0.415550
-0.106036 0.826917 0.415555
-0.106115 0.826824 0.415559
-0.106500 0.826652 0.415555
-0.106704 0.826481 0.415558
-0.107042 0.826332 0.415554
-0.107167 0.826225 0.415554
-0.108119 0.825560 0.415585
-0.109098 0.824973 0.415617
-0.110215 0.823630 0.415771
-0.110275 0.823430 0.415795
-0.110267 0.823031 0.415846
-0.110427 0.822700 0.415881
-0.110468 0.822247 0.415932
-0.110533 0.822123 0.415945
-0.110671 0.821615 0.415994
-0.110760 0.821517 0.416000
-0.110912 0.821202 0.416025
-0.110991 0.821116 0.416032
-0.111175 0.820792 0.416056
-0.111294 0.820712 0.416058
-0.111485 0.820384 0.416084
-0.111610 0.820302 0.416083
-0.111920 0.819834 0.416099
-0.111976 0.819453 0.416112
-0.111835 0.818864 0.416156
-0.111590 0.818492 0.416204
-0.111413 0.818025 0.416256
-0.111390 0.817909 0.416267
-0.113026 0.816561 0.416358
-0.113403 0.815137 0.416556
-0.113255 0.814887 0.416602
-0.112371 0.813687 0.416805
-0.111740 0.812760 0.416958
-0.111404 0.811804 0.417079
-0.112106 0.811085 0.417139
-0.112963 0.809887 0.417278
-0.114713 0.808035 0.417462
-0.115099 0.806337 0.417686
-0.115782 0.805329 0.417789
-0.115933 0.802141 0.418248
-0.114292 0.800196 0.418526
-0.113049 0.798871 0.418733
-0.112504 0.797572 0.418880
-0.111653 0.796691 0.419006
-0.111365 0.795728 0.419097
-0.110960 0.794955 0.419180
-0.110645 0.794423 0.419247
-0.110171 0.793672 0.419330
-0.109879 0.793056 0.419400
-0.109820 0.792608 0.419434
-0.109670 0.792272 0.419467
-0.109567 0.791936 0.419499
-0.109504 0.791494 0.419526
-0.109361 0.791083 0.419557
-0.109276 0.790778 0.419582
-0.109189 0.790406 0.419607
-0.109017 0.790045 0.419641
-0.108909 0.789526 0.419680
-0.108640 0.789062 0.419731
-0.108456 0.788687 0.419770
-0.108425 0.788209 0.419799
-0.108389 0.788106 0.419809
-0.108618 0.787908 0.419819
-0.108700 0.787786 0.419825
-0.108855 0.787662 0.419830
-0.109876 0.786964 0.419871
-0.110745 0.786375 0.419915
-0.111307 0.785993 0.419946
-0.111731 0.785527 0.419995
-0.111909 0.785360 0.420005
-0.112105 0.784968 0.420036
-0.112131 0.784905 0.420044
-0.112167 0.784659 0.420068
-0.112274 0.784588 0.420071
-0.112478 0.784401 0.420078
-0.112585 0.784329 0.420084
-0.112780 0.784046 0.420106
-0.112874 0.783994 0.420108
-0.113122 0.783772 0.420118
-0.114052 0.783113 0.420164
-0.114796 0.782559 0.420215
-0.115262 0.782198 0.420247
-0.116453 0.781321 0.420315
-0.117354 0.780619 0.420384
-0.117973 0.779700 0.420506
-0.117941 0.779568 0.420525
-0.118019 0.779360 0.420550
-0.117831 0.778901 0.420585
-0.117625 0.778619 0.420619
-0.117459 0.778125 0.420653
-0.117374 0.777794 0.420671
-0.117192 0.777298 0.420711
-0.116756 0.776974 0.420751
-0.116779 0.776430 0.420781
-0.116755 0.776076 0.420793
-0.116614 0.776008 0.420796
-0.116411 0.775672 0.420809
-0.115967 0.775617 0.420827
-0.115826 0.775375 0.420845
-0.115653 0.775296 0.420851
-0.116371 0.774579 0.420921
-0.117037 0.773929 0.420989
-0.117261 0.773492 0.421028
-0.118224 0.772533 0.421117
-0.118949 0.771797 0.421197
-0.118877 0.770771 0.421305
-0.118802 0.770508 0.421317
-0.118119 0.770022 0.421332
-0.118036 0.769780 0.421344
-0.117443 0.769268 0.421363
-0.117263 0.768849 0.421380
-0.116651 0.768605 0.421395
-0.116355 0.768158 0.421414
-0.115570 0.767718 0.421422
-0.115505 0.767501 0.421433
-0.115233 0.767184 0.421444
-0.114977 0.766780 0.421455
-0.114227 0.766403 0.421471
-0.114113 0.766242 0.421482
-0.113883 0.765970 0.421492
-0.113782 0.765791 0.421498
-0.114614 0.765010 0.421586
-0.115244 0.764361 0.421660
-0.115693 0.763437 0.421745
-0.115482 0.763313 0.421748
-0.114748 0.762640 0.421741
-0.114474 0.762546 0.421745
-0.114077 0.762224 0.421755
-0.113636 0.761958 0.421752
-0.113284 0.761603 0.421763
-0.113047 0.761441 0.421762
-0.112692 0.761047 0.421764
-0.113526 0.760180 0.421854
-0.114325 0.759406 0.421937
-0.114600 0.758920 0.421981
-0.115585 0.757934 0.422092
-0.116449 0.757056 0.422184
-0.116836 0.756016 0.422246
-0.116706 0.755659 0.422254
-0.116231 0.755174 0.422237
-0.116064 0.754871 0.422232
-0.115648 0.754360 0.422214
-0.115477 0.754051 0.422209
-0.114753 0.753375 0.422177
-0.114572 0.753143 0.422179
-0.113933 0.752504 0.422159
-0.113763 0.752259 0.422160
-0.113217 0.751857 0.422147
-0.112767 0.751412 0.422150
-0.112230 0.751080 0.422142
-0.111893 0.750611 0.422145
-0.111456 0.750185 0.422127
-0.111107 0.749685 0.422125
-0.110814 0.749459 0.422120
-0.110281 0.748672 0.422105
-0.110029 0.748461 0.422099
-0.109586 0.747994 0.422090
-0.109291 0.747857 0.422085
-0.108778 0.747472 0.422082
-0.108563 0.747252 0.422074
-0.107977 0.746549 0.422059
-0.107706 0.746340 0.422051
-0.107036 0.745436 0.422036
-0.106861 0.745257 0.422028
-0.106420 0.744703 0.422017
-0.106203 0.744536 0.422008
-0.105868 0.744122 0.421999
-0.105381 0.743785 0.421979
-0.105190 0.743580 0.421978
-0.104408 0.743083 0.421949
-0.104258 0.742835 0.421949
-0.103814 0.742424 0.421929
-0.104604 0.741587 0.422028
-0.105319 0.740881 0.422126
-0.105709 0.739755 0.422192
-0.105693 0.739443 0.422186
-0.105352 0.738988 0.422149
-0.105123 0.738423 0.422127
-0.104594 0.737749 0.422079
-0.104425 0.737496 0.422074
-0.103988 0.736965 0.422046
-0.103545 0.736397 0.422037
-0.103274 0.736135 0.422027
-0.102466 0.735063 0.422003
-0.102232 0.734815 0.421995
-0.101798 0.734237 0.421984
-0.101269 0.733739 0.421961
-0.101105 0.733439 0.421959
-0.100203 0.732484 0.421921
-0.100062 0.732149 0.421922
-0.099565 0.731564 0.421907
-0.099349 0.731227 0.421907
-0.100146 0.730258 0.422019
-0.100742 0.729431 0.422115
-0.101002 0.728733 0.422165
-0.102050 0.727517 0.422306
-0.102793 0.726541 0.422417
-0.103141 0.725746 0.422471
-0.104214 0.724468 0.422617
-0.104983 0.723410 0.422727
-0.105311 0.722605 0.422781
-0.105280 0.721976 0.422790
-0.104923 0.720869 0.422759
-0.104322 0.719981 0.422694
-0.103843 0.719091 0.422649
-0.103551 0.718716 0.422620
-0.103061 0.717821 0.422571
-0.102741 0.717405 0.422544
-0.101975 0.716175 0.422485
-0.101689 0.715790 0.422462
-0.100749 0.714314 0.422402
-0.100141 0.712972 0.422382
-0.099591 0.711534 0.422375
-0.099328 0.710462 0.422389
-0.098868 0.709138 0.422396
-0.098548 0.708449 0.422420
-0.098200 0.707711 0.422436
-0.098041 0.706909 0.422456
-0.097814 0.706153 0.422476
-0.097797 0.705909 0.422482
-0.097914 0.705486 0.422512
-0.097935 0.705251 0.422525
-0.098092 0.704860 0.422564
-0.098135 0.704618 0.422580
-0.098280 0.704217 0.422623
-0.099270 0.703437 0.422766
-0.100189 0.702694 0.422902
-0.100840 0.702166 0.422992
-0.102220 0.701145 0.423180
-0.103388 0.700256 0.423339
-0.104169 0.699634 0.423439
-0.105606 0.698560 0.423632
-0.106760 0.697658 0.423789
-0.108058 0.696573 0.423938
-0.108372 0.696191 0.423958
-0.108807 0.695672 0.423976
-0.108888 0.695272 0.423961
-0.109021 0.695034 0.423961
-0.109074 0.694794 0.423958
-0.109252 0.694611 0.423971
-0.109350 0.694360 0.423979
-0.109439 0.694304 0.423989
-0.109595 0.693960 0.424018
-0.109548 0.693408 0.424027
-0.109258 0.692824 0.424026
-0.108973 0.691810 0.424037
-0.108823 0.691186 0.424058
-0.108559 0.690405 0.424071
-0.108150 0.689167 0.424083
-0.107836 0.688019 0.424102
-0.107540 0.686758 0.424112
-0.107257 0.686110 0.424142
-0.107186 0.685488 0.424170
-0.107037 0.684830 0.424187
-0.106771 0.683986 0.424207
-0.106602 0.683069 0.424222
-0.106301 0.682098 0.424238
-0.106048 0.681134 0.424251
-0.105832 0.680467 0.424266
-0.105617 0.679559 0.424278
-0.105424 0.678536 0.424295
-0.105330 0.677878 0.424319
-0.105190 0.677032 0.424334
-0.104981 0.675797 0.424351
-0.104697 0.675020 0.424370
-0.104508 0.674175 0.424393
-0.104338 0.673413 0.424405
-0.104142 0.672515 0.424424
-0.104089 0.671983 0.424434
-0.104975 0.671169 0.424577
-0.106312 0.669823 0.424797
-0.107536 0.668782 0.424980
-0.109149 0.667256 0.425228
-0.110425 0.666139 0.425414
-0.112709 0.663483 0.425731
-0.112845 0.662220 0.425661
-0.112535 0.661121 0.425581
-0.112193 0.660189 0.425551
-0.111780 0.659332 0.425530
-0.111548 0.658382 0.425535
-0.111402 0.657603 0.425545
-0.111264 0.656835 0.425560
-0.111069 0.656160 0.425573
-0.110847 0.655447 0.425584
-0.110822 0.654694 0.425607
-0.110671 0.653739 0.425628
-0.110392 0.652741 0.425647
-0.110132 0.651890 0.425660
-0.109984 0.651192 0.425679
-0.109806 0.650330 0.425696
-0.109578 0.649746 0.425713
-0.109543 0.649553 0.425721
-0.111318 0.648023 0.426037
-0.111840 0.647437 0.426128
-0.113113 0.646302 0.426333
-0.114171 0.645327 0.426509
-0.116976 0.642899 0.426983
-0.117812 0.642031 0.427097
-0.120411 0.639666 0.427516
-0.121186 0.638816 0.427618
-0.124370 0.635780 0.428141
-0.125415 0.634487 0.428152
-0.125335 0.634087 0.428048
-0.125135 0.633773 0.427999
-0.125060 0.633001 0.427980
-0.124894 0.632451 0.427976
-0.124770 0.631704 0.427985
-0.124654 0.630651 0.427998
-0.124413 0.629808 0.428007
-0.124139 0.628771 0.428018
-0.123951 0.628146 0.428036
-0.123710 0.627220 0.428051
-0.123495 0.626544 0.428067
-0.123275 0.625769 0.428078
-0.123076 0.624520 0.428093
-0.122745 0.623710 0.428113
-0.122667 0.622796 0.428139
-0.122618 0.622574 0.428144
-0.124292 0.620902 0.428508
-0.125379 0.619393 0.428744
-0.125340 0.618634 0.428730
-0.125299 0.617948 0.428730
-0.125225 0.617065 0.428743
-0.125054 0.616178 0.428747
-0.124694 0.615223 0.428751
-0.124647 0.614989 0.428758
-0.126348 0.613244 0.429133
-0.126852 0.612632 0.429244
-0.129078 0.610600 0.429717
-0.129773 0.609870 0.429847
-0.132240 0.607663 0.430347
-0.133671 0.606356 0.430618
-0.133888 0.605550 0.430598
-0.133910 0.605345 0.430590
-0.134053 0.605011 0.430596
-0.134054 0.604489 0.430583
-0.133965 0.603735 0.430579
-0.133817 0.603342 0.430586
-0.133725 0.602762 0.430598
-0.133626 0.601963 0.430609
-0.133625 0.600799 0.430634
-0.133331 0.600427 0.430641
-0.133256 0.599553 0.430663
-0.133272 0.599074 0.430683
-0.134119 0.598192 0.430887
-0.135315 0.596898 0.431199
-0.136464 0.595864 0.431468
-0.138211 0.594133 0.431858
-0.139575 0.592872 0.432151
-0.142204 0.590225 0.432722
-0.142756 0.588779 0.432770
-0.142557 0.587794 0.432733
-0.142291 0.587455 0.432716
-0.142260 0.586570 0.432720
-0.142173 0.585860 0.432729
-0.142034 0.585202 0.432741
-0.141919 0.584106 0.432769
-0.141782 0.583396 0.432790
-0.141595 0.582565 0.432811
-0.141479 0.581568 0.432841
-0.141458 0.580524 0.432874
-0.141249 0.579856 0.432897
-0.140994 0.579060 0.432912
-0.140880 0.578554 0.432933
-0.141715 0.577711 0.433146
-0.143026 0.576241 0.433489
-0.144189 0.575120 0.433779
-0.146543 0.572620 0.434373
-0.147010 0.571597 0.434447
-0.147030 0.571400 0.434448
-0.148649 0.569627 0.434868
-0.149782 0.567956 0.435172
-0.149933 0.566789 0.435194
-0.149726 0.566174 0.435184
-0.149578 0.565295 0.435189
-0.149384 0.564604 0.435196
-0.149238 0.563700 0.435214
-0.149088 0.562931 0.435232
-0.149040 0.562775 0.435239
-0.149092 0.562449 0.435271
-0.149099 0.562075 0.435294
-0.149200 0.561524 0.435358
-0.149393 0.561315 0.435410
-0.149724 0.561169 0.435480
-0.150038 0.561302 0.435542
-0.150388 0.561472 0.435605
-0.150773 0.561391 0.435669
-0.151060 0.561547 0.435717
-0.151188 0.561515 0.435734
-0.152968 0.560095 0.436184
-0.154694 0.559577 0.436582
-0.155217 0.559994 0.436635
-0.155784 0.560119 0.436691
-0.156141 0.560263 0.436728
-0.156632 0.560317 0.436787
-0.157141 0.560026 0.436856
-0.157563 0.559891 0.436931
-0.157802 0.560044 0.436974
-0.158171 0.560146 0.437028
-0.158359 0.560623 0.437051
-0.158670 0.561201 0.437087
-0.159189 0.561142 0.437130
-0.160054 0.560406 0.437350
-0.161543 0.559219 0.437724
-0.162791 0.558100 0.438039
-0.165690 0.555842 0.438746
-0.166514 0.556113 0.438863
-0.167002 0.556122 0.438888
-0.167405 0.556584 0.438910
-0.167692 0.556557 0.438930
-0.168065 0.556873 0.438962
-0.168399 0.557300 0.438986
-0.168972 0.557418 0.439041
-0.169360 0.557652 0.439073
-0.169829 0.557927 0.439121
-0.170309 0.557510 0.439163
-0.171131 0.556684 0.439388
-0.172364 0.555550 0.439749
-0.173520 0.554374 0.440063
-0.174603 0.553344 0.440346
-0.177194 0.550789 0.441098
-0.179592 0.549796 0.441689
-0.180838 0.549701 0.441773
-0.181474 0.549375 0.441793
-0.181926 0.549034 0.441838
-0.182291 0.548470 0.441896
-0.182330 0.548633 0.441914
-0.183058 0.547799 0.442144
-0.184264 0.546435 0.442517
-0.185410 0.545017 0.442855
-0.187514 0.542576 0.443563
-0.188308 0.542160 0.443734
-0.188860 0.542225 0.443774
-0.189420 0.541598 0.443815
-0.189756 0.540998 0.443862
-0.189898 0.540025 0.443908
-0.189981 0.539447 0.443971
-0.189979 0.539678 0.444012
-0.190164 0.540056 0.444030
-0.190694 0.539766 0.444085
-0.191022 0.539659 0.444119
-0.191101 0.540030 0.444120
-0.191155 0.539925 0.444125
-0.191360 0.539702 0.444149
-0.191414 0.539580 0.444160
-0.191569 0.539350 0.444190
-0.191610 0.539050 0.444206
-0.191757 0.538325 0.444248
-0.191900 0.537836 0.444283
-0.192222 0.536835 0.444362
-0.192256 0.536445 0.444395
-0.192334 0.535687 0.444450
-0.192350 0.535352 0.444479
-0.192381 0.535081 0.444529
-0.193068 0.534102 0.444772
-0.193652 0.533246 0.445003
-0.194100 0.532586 0.445168
-0.195082 0.531256 0.445510
-0.195928 0.529821 0.445817
-0.196588 0.528614 0.446043
-0.197025 0.527627 0.446204
-0.197355 0.526895 0.446321
-0.197507 0.526443 0.446399
-0.197711 0.525983 0.446503
-0.197796 0.525764 0.446553
-0.198026 0.525604 0.446608
-0.198108 0.525395 0.446623
-0.198212 0.525347 0.446641
-0.198275 0.525270 0.446652
-0.198435 0.525178 0.446678
-0.198568 0.524935 0.446694
-0.198840 0.524533 0.446734
-0.198940 0.524360 0.446753
-0.199153 0.524115 0.446793
-0.199259 0.523945 0.446810
-0.199504 0.523718 0.446845
-0.199665 0.523487 0.446875
-0.199759 0.523344 0.446889
-0.199938 0.523007 0.446920
-0.200122 0.522609 0.446955
-0.200227 0.522295 0.446977
-0.200367 0.522055 0.447016
-0.200403 0.522043 0.447027
-0.200575 0.521786 0.447070
-0.200658 0.521562 0.447082
-0.200870 0.521162 0.447113
-0.200902 0.521094 0.447123
-0.201046 0.521086 0.447145
-0.201105 0.520969 0.447154
-0.201314 0.520712 0.447177
-0.201376 0.520522 0.447189
-0.201790 0.519646 0.447293
-0.202037 0.519956 0.447308
-0.202079 0.519968 0.447309
-0.202130 0.520016 0.447310
-0.202414 0.519941 0.446403
-0.202684 0.519781 0.445645
-0.202941 0.519558 0.445159
-0.203340 0.519178 0.443942
-0.203623 0.518858 0.442979
-0.204137 0.518505 0.441983
-0.204321 0.518160 0.441737
-0.204594 0.517844 0.441480
-0.204715 0.517641 0.441421
-0.205023 0.517261 0.440479
-0.205361 0.516708 0.439708
-0.205609 0.516187 0.439225
-0.205943 0.515901 0.437997
-0.206353 0.515384 0.437042
-0.206593 0.515081 0.436427
-0.206902 0.514932 0.435111
-0.207135 0.514720 0.434085
-0.207427 0.514441 0.433435
-0.207767 0.514181 0.432097
-0.208061 0.513946 0.431055
-0.208382 0.513529 0.430406
-0.208829 0.513011 0.429079
-0.209161 0.512525 0.428052
-0.209525 0.511959 0.426476
-0.209784 0.511465 0.425290
-0.210110 0.510929 0.423613
-0.210432 0.510324 0.422374
-0.210794 0.509703 0.420665
-0.211001 0.508942 0.419396
-0.211167 0.508391 0.418596
-0.211388 0.507858 0.417168
-0.211580 0.507461 0.416077
-0.211777 0.507073 0.415392
-0.212057 0.506764 0.414031
-0.212271 0.506427 0.412981
-0.212473 0.506039 0.412320
-0.212813 0.505502 0.410990
-0.213007 0.505082 0.409958
-0.213235 0.504699 0.408375
-0.213464 0.504462 0.407181
-0.213844 0.504357 0.405936
-0.213980 0.504175 0.405626
-0.214293 0.504019 0.405316
-0.214479 0.503744 0.405245
-0.214818 0.503482 0.405188
-0.214925 0.503361 0.405169
-0.215102 0.503240 0.405143
-0.215170 0.503072 0.405140
-0.215282 0.502970 0.405142
-0.215975 0.502152 0.405300
-0.216586 0.501462 0.405455
-0.217089 0.501056 0.405575
-0.217462 0.500632 0.405661
-0.217933 0.499973 0.405766
-0.218088 0.499684 0.405803
-0.218331 0.499066 0.405886
-0.218389 0.498763 0.405911
-0.218471 0.498586 0.405931
-0.219112 0.497623 0.406109
-0.219825 0.496609 0.406296
-0.220400 0.496082 0.406436
-0.221465 0.494815 0.406714
-0.222422 0.493537 0.406970
-0.223657 0.491749 0.407329
-0.224778 0.490393 0.407656
-0.225588 0.489440 0.407894
-0.226694 0.488607 0.408180
-0.227110 0.488484 0.408263
-0.228037 0.488284 0.408406
-0.228223 0.488184 0.408421
-0.228595 0.487884 0.408455
-0.228742 0.487709 0.408467
-0.228997 0.487595 0.408485
-0.229116 0.487504 0.408492
-0.229418 0.487249 0.408513
-0.229614 0.487057 0.408515
-0.229717 0.486855 0.408526
-0.229924 0.486630 0.408544
-0.230032 0.486556 0.408551
-0.230174 0.486435 0.408555
-0.230801 0.485451 0.408737
-0.231434 0.484546 0.408918
-0.231929 0.483816 0.409061
-0.232830 0.482401 0.409358
-0.233664 0.481168 0.409647
-0.234782 0.480247 0.410001
-0.235190 0.480080 0.410108
-0.235840 0.480024 0.410223
-0.236076 0.479913 0.410253
-0.236479 0.479653 0.410303
-0.236592 0.479693 0.410307
-0.237005 0.479949 0.410314
-0.237099 0.479827 0.410305
-0.237340 0.479516 0.410312
-0.237438 0.479373 0.410316
-0.237563 0.479267 0.410323
-0.238200 0.478186 0.410523
-0.238827 0.477235 0.410733
-0.239837 0.475660 0.411086
-0.240722 0.474425 0.411412
-0.241341 0.473525 0.411663
-0.242334 0.472006 0.412054
-0.243179 0.470540 0.412403
-0.244306 0.468624 0.412874
-0.245321 0.467155 0.413278
-0.246544 0.465285 0.413784
-0.247615 0.464083 0.414218
-0.248430 0.463354 0.414536
-0.249096 0.462936 0.414772
-0.249677 0.462692 0.414944
-0.250574 0.462500 0.415169
-0.250900 0.462414 0.415224
-0.251631 0.462350 0.415298
-0.251913 0.462480 0.415303
-0.252472 0.462585 0.415320
-0.252695 0.462486 0.415323
-0.253166 0.462541 0.415322
-0.253355 0.462423 0.415320
-0.253805 0.462424 0.415322
-0.253997 0.462397 0.415319
-0.254379 0.462255 0.415318
-0.254542 0.462235 0.415313
-0.255703 0.462234 0.415210
-0.255771 0.462132 0.415206
-0.255911 0.461877 0.415212
-0.255981 0.461806 0.415217
-0.256079 0.461510 0.415223
-0.256139 0.461323 0.415226
-0.256175 0.460840 0.415243
-0.256237 0.460668 0.415259
-0.256313 0.460478 0.415278
-0.256799 0.459268 0.415517
-0.257334 0.458175 0.415769
-0.258131 0.456501 0.416166
-0.258826 0.455142 0.416520
-0.259360 0.454246 0.416784
-0.259823 0.453607 0.416985
-0.260608 0.452984 0.417231
-0.260880 0.452816 0.417302
-0.261424 0.452586 0.417390
-0.261640 0.452442 0.417417
-0.262120 0.452302 0.417449
-0.262295 0.452253 0.417452
-0.262670 0.452277 0.417444
-0.263028 0.452159 0.417432
-0.263362 0.452145 0.417417
-0.263500 0.452086 0.417407
-0.263819 0.451940 0.417401
-0.263968 0.451788 0.417399
-0.264219 0.451388 0.417407
-0.264312 0.451266 0.417402
-0.264562 0.451086 0.417393
-0.264713 0.450956 0.417389
-0.265068 0.450807 0.417370
-0.265206 0.450805 0.417347
-0.265559 0.450870 0.417314
-0.265716 0.450731 0.417297
-0.266078 0.450728 0.417246
-0.266206 0.450629 0.417223
-0.266517 0.450306 0.417199
-0.266684 0.450158 0.417190
-0.267147 0.449998 0.417169
-0.267323 0.449860 0.417150
-0.267934 0.449769 0.417080
-0.268112 0.449666 0.417060
-0.268469 0.449489 0.417021
-0.268602 0.449422 0.416998
-0.268861 0.449236 0.416964
-0.268993 0.449157 0.416951
-0.269291 0.448888 0.416930
-0.269406 0.448700 0.416917
-0.269595 0.448351 0.416900
-0.269696 0.448187 0.416886
-0.269888 0.447812 0.416869
-0.269953 0.447553 0.416870
-0.270085 0.447282 0.416868
-0.270146 0.447207 0.416862
-0.270377 0.447100 0.416841
-0.270502 0.446975 0.416825
-0.270765 0.446899 0.416797
-0.270856 0.446799 0.416782
-0.271161 0.446722 0.416764
-0.271292 0.446637 0.416747
-0.271628 0.446439 0.416727
-0.271773 0.446255 0.416715
-0.272149 0.446078 0.416691
-0.272296 0.445944 0.416677
-0.272991 0.445703 0.416588
-0.273486 0.445562 0.416539
-0.274066 0.445663 0.416448
-0.274713 0.445790 0.416360
-0.275243 0.446094 0.416246
-0.275875 0.446186 0.416130
-0.276331 0.446009 0.416072
-0.276917 0.446045 0.416032
-0.277451 0.446084 0.415975
-0.278199 0.446306 0.415883
-0.278850 0.446844 0.415773
-0.279361 0.445760 0.415967
-0.280922 0.443489 0.416486
-0.282083 0.443172 0.416684
-0.283069 0.443129 0.416727
-0.284219 0.443247 0.416674
-0.285116 0.443175 0.416558
-0.285727 0.443294 0.416423
-0.286376 0.443244 0.416321
-0.287174 0.443458 0.416233
-0.287349 0.443309 0.416207
-0.288333 0.441138 0.416614
-0.288674 0.440582 0.416774
-0.289881 0.438145 0.417438
-0.291752 0.436424 0.418132
-0.292995 0.436493 0.418284
-0.293723 0.436797 0.418220
-0.294765 0.436814 0.418114
-0.295541 0.436650 0.418048
-0.296289 0.436936 0.417945
-0.297258 0.437258 0.417768
-0.298281 0.437816 0.417582
-0.299773 0.438021 0.417358
-0.300437 0.436894 0.417558
-0.302248 0.434725 0.418028
-0.303875 0.435196 0.418232
-0.305240 0.435725 0.418118
-0.306477 0.435566 0.417893
-0.307625 0.435605 0.417752
-0.308563 0.435852 0.417594
-0.309195 0.435734 0.417432
-0.310097 0.436001 0.417249
-0.310870 0.435853 0.417115
-0.311764 0.436289 0.416951
-0.312930 0.436539 0.416764
-0.313855 0.435699 0.416596
-0.314778 0.436385 0.416537
-0.316183 0.436331 0.416288
-0.317626 0.436299 0.416005
-0.318761 0.436391 0.415847
-0.319505 0.436783 0.415780
-0.320750 0.436448 0.415492
-0.321706 0.436773 0.415412
-0.322278 0.435720 0.415617
-0.322842 0.434876 0.415826
-0.324115 0.432220 0.416511
-0.324594 0.431515 0.416760
-0.326043 0.428738 0.417562
-0.327198 0.427496 0.418170
-0.327625 0.427226 0.418376
-0.328314 0.427033 0.418616
-0.328625 0.427028 0.418694
-0.329347 0.427002 0.418786
-0.329691 0.427009 0.418775
-0.330484 0.427087 0.418744
-0.331173 0.426925 0.418658
-0.331515 0.426849 0.418630
-0.332148 0.426649 0.418563
-0.332546 0.426539 0.418531
-0.333339 0.426373 0.418449
-0.333749 0.426357 0.418395
-0.334393 0.426323 0.418350
-0.334776 0.426330 0.418308
-0.335364 0.426317 0.418158
-0.335610 0.426291 0.418091
-0.336169 0.426006 0.417968
-0.336501 0.426033 0.417916
-0.337028 0.426022 0.417823
-0.337356 0.426019 0.417764
-0.338016 0.425718 0.417683
-0.338271 0.425710 0.417633
-0.338709 0.425581 0.417509
-0.339342 0.425422 0.417415
-0.339602 0.425318 0.417388
-0.340122 0.425140 0.417326
-0.340384 0.424960 0.417306
-0.340997 0.424790 0.417269
-0.341305 0.424766 0.417220
-0.342046 0.424712 0.417105
-0.342398 0.424585 0.417039
-0.343039 0.424319 0.416928
-0.343383 0.424287 0.416868
-0.344127 0.424105 0.416774
-0.344420 0.424042 0.416743
-0.345074 0.423827 0.416671
-0.345443 0.423726 0.416619
-0.346062 0.423676 0.416500
-0.346322 0.423655 0.416424
-0.346957 0.423406 0.416312
-0.347122 0.423284 0.416265
-0.347466 0.422988 0.416215
-0.347597 0.422834 0.416239
-0.347900 0.422716 0.416239
-0.348110 0.422672 0.416218
-0.348624 0.422574 0.416197
-0.348798 0.422452 0.416148
-0.349032 0.422367 0.416022
-0.349115 0.422308 0.415995
-0.349467 0.422299 0.415942
-0.349625 0.422191 0.415912
-0.350022 0.422033 0.415876
-0.350202 0.421936 0.415863
-0.350577 0.421734 0.415824
-0.350725 0.421626 0.415831
-0.351030 0.421381 0.415846
-0.351178 0.421280 0.415850
-0.351424 0.421098 0.415830
-0.351584 0.420977 0.415797
-0.352593 0.421034 0.415667
-0.353568 0.421325 0.415545
-0.354628 0.421464 0.415243
-0.355518 0.421221 0.415226
-0.356714 0.421126 0.415079
-0.357796 0.421436 0.414882
-0.358450 0.421633 0.414737
-0.360015 0.421417 0.414661
-0.360431 0.421748 0.414506
-0.360876 0.421880 0.414382
-0.361788 0.421735 0.414305
-0.362831 0.421587 0.414266
-0.364400 0.421795 0.414290
-0.364995 0.421950 0.414189
-0.365165 0.421977 0.414160
-0.365778 0.419645 0.414592
-0.367028 0.417915 0.415356
-0.367348 0.417644 0.415611
-0.367789 0.417849 0.415742
-0.368755 0.417739 0.415797
-0.369679 0.417619 0.415843
-0.370790 0.417570 0.415920
-0.371982 0.417530 0.415854
-0.372970 0.417471 0.415729
-0.373190 0.417489 0.415727
-0.373251 0.418717 0.415453
-0.374458 0.421091 0.414891
-0.375045 0.421353 0.414076
-0.375928 0.420975 0.413724
-0.376528 0.420692 0.413739
-0.377302 0.420543 0.413870
-0.378034 0.420577 0.413860
-0.378673 0.420575 0.413784
-0.379366 0.420353 0.413661
-0.379696 0.420188 0.413695
-0.380021 0.420399 0.413651
-0.380782 0.420375 0.413596
-0.381500 0.420193 0.413589
-0.382063 0.420194 0.413541
-0.382732 0.420393 0.413451
-0.383243 0.420637 0.413430
-0.383445 0.420708 0.413386
-0.383918 0.420557 0.411652
-0.385082 0.420796 0.410832
-0.385870 0.421101 0.411002
-0.386824 0.421268 0.411199
-0.387245 0.421444 0.411230
-0.388122 0.421341 0.411354
-0.388647 0.421345 0.411059
-0.389149 0.421103 0.411127
-0.389523 0.421006 0.411103
-0.389872 0.421235 0.411206
-0.390354 0.421248 0.411122
-0.391123 0.421177 0.411191
-0.392063 0.421292 0.411179
-0.393024 0.421089 0.411107
-0.393681 0.421080 0.411290
-0.394026 0.421124 0.411339
-0.394665 0.420947 0.411268
-0.395091 0.421233 0.411371
-0.395704 0.420860 0.411308
-0.396241 0.420625 0.411359
-0.396806 0.420594 0.411670
-0.397348 0.420406 0.411915
-0.397989 0.420230 0.412223
-0.399033 0.420081 0.412429
-0.399733 0.419976 0.412529
-0.400579 0.420402 0.412697
-0.401660 0.420409 0.412644
-0.402170 0.420049 0.412729
-0.402940 0.419813 0.412816
-0.403361 0.419973 0.412965
-0.403446 0.419910 0.413106
-0.403579 0.420033 0.413203
-0.404184 0.419693 0.413237
-0.404487 0.420074 0.413264
-0.405025 0.419819 0.413221
-0.405279 0.420090 0.413305
-0.406132 0.419630 0.413070
-0.406422 0.419730 0.413010
-0.407001 0.419712 0.413006
-0.407190 0.420055 0.413048
-0.407560 0.419815 0.413016
-0.407846 0.419968 0.412967
-0.408422 0.420040 0.412790
-0.408658 0.419926 0.412794
-0.408893 0.419996 0.412575
-0.409324 0.419887 0.412700
-0.410027 0.419524 0.412549
-0.410145 0.419640 0.412951
-0.410225 0.419534 0.413043
-0.410570 0.419461 0.413170
-0.411017 0.419675 0.413280
-0.411579 0.419678 0.413062
-0.412212 0.419693 0.412997
-0.412504 0.419797 0.412906
-0.413009 0.419844 0.412957
-0.413821 0.419724 0.412850
-0.414366 0.419936 0.412853
-0.414786 0.420231 0.412768
-0.415281 0.420301 0.412774
-0.416002 0.420435 0.412729
-0.416312 0.420401 0.412836
-0.416899 0.420199 0.412844
-0.417555 0.420104 0.412794
-0.418148 0.420027 0.412804
-0.418469 0.420012 0.412708
-0.419011 0.419735 0.412712
-0.419556 0.419986 0.412763
-0.420035 0.419793 0.412918
