-0.080742 0.885994 0.407057
-0.080758 0.885760 0.407102
-0.080714 0.885439 0.407168
-0.080621 0.885040 0.407251
-0.080449 0.884533 0.407359
-0.080138 0.883943 0.407484
-0.079737 0.883263 0.407629
-0.078184 0.881234 0.408074
-0.078053 0.880799 0.408150
-0.077736 0.880143 0.408283
-0.078575 0.879634 0.408282
-0.079860 0.877734 0.408560
-0.077598 0.870885 0.410072
-0.077721 0.870785 0.410077
-0.077865 0.870664 0.410084
-0.078316 0.870450 0.410091
-0.078456 0.870341 0.410101
-0.078922 0.870144 0.410107
-0.079169 0.869950 0.410123
-0.079390 0.869859 0.410124
-0.080487 0.869318 0.410111
-0.081457 0.868803 0.410118
-0.082813 0.867783 0.410230
-0.082900 0.867523 0.410279
-0.083193 0.867068 0.410355
-0.083245 0.866854 0.410395
-0.083570 0.866314 0.410481
-0.083580 0.866143 0.410511
-0.083901 0.865693 0.410570
-0.083928 0.865545 0.410593
-0.084302 0.865156 0.410634
-0.084350 0.864907 0.410669
-0.084644 0.864678 0.410685
-0.084775 0.864173 0.410751
-0.084634 0.863689 0.410825
-0.084492 0.863261 0.410889
-0.084249 0.862708 0.410980
-0.083945 0.862040 0.411090
-0.083698 0.861471 0.411184
-0.083500 0.861001 0.411265
-0.083158 0.860279 0.411390
-0.083110 0.860145 0.411411
-0.082468 0.859799 0.411504
-0.082329 0.859645 0.411534
-0.081359 0.859096 0.411679
-0.081223 0.858921 0.411712
-0.080252 0.858310 0.411867
-0.080107 0.858127 0.411903
-0.079511 0.857803 0.411994
-0.079089 0.857408 0.412080
-0.078144 0.856892 0.412225
-0.077941 0.856678 0.412268
-0.076994 0.856108 0.412418
-0.076610 0.855661 0.412507
-0.075934 0.855275 0.412613
-0.075677 0.855044 0.412664
-0.076361 0.854328 0.412674
-0.076822 0.853686 0.412712
-0.076941 0.853113 0.412783
-0.077789 0.852118 0.412831
-0.078288 0.851245 0.412911
-0.078369 0.850473 0.413024
-0.079133 0.849300 0.413115
-0.079538 0.848260 0.413233
-0.079510 0.847340 0.413378
-0.080172 0.846022 0.413501
-0.080463 0.844859 0.413646
-0.079562 0.842103 0.414126
-0.078905 0.841378 0.414275
-0.078237 0.840663 0.414415
-0.076708 0.839388 0.414669
-0.075488 0.838159 0.414886
-0.074133 0.837100 0.415080
-0.072647 0.835581 0.415324
-0.072069 0.835154 0.415400
-0.071065 0.834267 0.415541
-0.069971 0.833481 0.415670
-0.068240 0.831619 0.415936
-0.067135 0.830114 0.416152
-0.067120 0.829866 0.416182
-0.067016 0.829125 0.416281
-0.067082 0.828919 0.416309
-0.067095 0.828131 0.416425
-0.067200 0.827979 0.416446
-0.067361 0.827368 0.416539
-0.067499 0.827247 0.416555
-0.067758 0.826834 0.416615
-0.068089 0.826628 0.416645
-0.068284 0.826279 0.416701
-0.068453 0.826182 0.416713
-0.068788 0.825834 0.416764
-0.069159 0.825655 0.416789
-0.069400 0.825356 0.416839
-0.069585 0.825267 0.416849
-0.070685 0.824672 0.416830
-0.071651 0.824108 0.416832
-0.072790 0.823316 0.416881
-0.073940 0.822514 0.416889
-0.074882 0.821769 0.416919
-0.075531 0.821173 0.416961
-0.076817 0.820156 0.416992
-0.077811 0.819237 0.417044
-0.078437 0.818496 0.417108
-0.079661 0.817363 0.417164
-0.080590 0.816335 0.417235
-0.081421 0.814838 0.417391
-0.081357 0.813725 0.417534
-0.081229 0.812887 0.417644
-0.080927 0.812135 0.417738
-0.080777 0.811281 0.417839
-0.080670 0.811000 0.417872
-0.080672 0.810314 0.417951
-0.080618 0.810085 0.417977
-0.080768 0.809517 0.418042
-0.080759 0.809319 0.418065
-0.081019 0.808826 0.418121
-0.081030 0.808655 0.418142
-0.081936 0.807947 0.418160
-0.082879 0.807319 0.418189
-0.083449 0.806795 0.418228
-0.084664 0.805814 0.418271
-0.085778 0.804960 0.418324
-0.086411 0.804249 0.418385
-0.088521 0.802162 0.418530
-0.089100 0.801403 0.418597
-0.089465 0.800191 0.418717
-0.089537 0.799358 0.418806
-0.089170 0.798332 0.418910
-0.089137 0.798052 0.418937
-0.088954 0.797260 0.419013
-0.088978 0.797039 0.419035
-0.088899 0.796279 0.419109
-0.088968 0.796145 0.419122
-0.089085 0.795721 0.419162
-0.089198 0.795621 0.419173
-0.089362 0.795382 0.419198
-0.089519 0.795288 0.419209
-0.089790 0.794973 0.419243
-0.089936 0.794905 0.419252
-0.090163 0.794712 0.419274
-0.091133 0.794075 0.419303
-0.092012 0.793493 0.419340
-0.092630 0.793070 0.419372
-0.093941 0.792189 0.419424
-0.094983 0.791433 0.419479
-0.096272 0.790260 0.419587
-0.096319 0.790011 0.419608
-0.096498 0.789509 0.419646
-0.096502 0.789362 0.419653
-0.096730 0.789052 0.419672
-0.096727 0.788845 0.419685
-0.096899 0.788716 0.419696
-0.096986 0.788472 0.419715
-0.097100 0.788408 0.419721
-0.097274 0.788228 0.419738
-0.097570 0.788113 0.419753
-0.097743 0.787961 0.419765
-0.098144 0.787824 0.419784
-0.098198 0.787757 0.419790
-0.099154 0.787107 0.419835
-0.100158 0.786550 0.419881
-0.100771 0.786136 0.419917
-0.102021 0.785252 0.419985
-0.103760 0.784078 0.420103
-0.104050 0.783723 0.420138
-0.105067 0.782859 0.420211
-0.106030 0.782125 0.420279
-0.106585 0.781566 0.420327
-0.107708 0.780573 0.420421
-0.108659 0.779777 0.420506
-0.109160 0.779195 0.420562
-0.110246 0.778167 0.420664
-0.111241 0.777314 0.420750
-0.111763 0.776686 0.420809
-0.112913 0.775621 0.420917
-0.113860 0.774796 0.421011
-0.114623 0.773399 0.421133
-0.114672 0.773182 0.421143
-0.114629 0.772699 0.421154
-0.114635 0.772575 0.421156
-0.114563 0.772191 0.421164
-0.114638 0.772108 0.421169
-0.114706 0.771998 0.421179
-0.115131 0.771767 0.421206
-0.115090 0.771721 0.421210
-0.115240 0.771611 0.421223
-0.115211 0.771495 0.421233
-0.115352 0.771386 0.421249
-0.115374 0.771335 0.421256
-0.115567 0.771250 0.421272
-0.115717 0.771108 0.421281
-0.115881 0.771052 0.421294
-0.115976 0.770937 0.421306
-0.116295 0.770755 0.421326
-0.116344 0.770719 0.421329
-0.116575 0.770641 0.421344
-0.116643 0.770595 0.421350
-0.116750 0.770555 0.421360
-0.117744 0.769887 0.421466
-0.118705 0.769299 0.421551
-0.120080 0.768303 0.421699
-0.121143 0.767510 0.421812
-0.121796 0.766940 0.421874
-0.123119 0.765869 0.422010
-0.124196 0.765007 0.422119
-0.124773 0.764472 0.422179
-0.125993 0.763418 0.422321
-0.127023 0.762538 0.422437
-0.127649 0.761969 0.422498
-0.128818 0.760950 0.422644
-0.129918 0.760006 0.422759
-0.130674 0.759309 0.422826
-0.131935 0.758180 0.422985
-0.132789 0.757274 0.423112
-0.133197 0.756615 0.423180
-0.134316 0.755493 0.423346
-0.135029 0.754705 0.423480
-0.135543 0.753477 0.423619
-0.135468 0.753226 0.423631
-0.135197 0.752823 0.423640
-0.135192 0.752699 0.423644
-0.135306 0.752498 0.423669
-0.135223 0.752474 0.423672
-0.135188 0.752357 0.423682
-0.135165 0.752306 0.423684
-0.135176 0.752152 0.423705
-0.135201 0.752070 0.423705
-0.135509 0.751851 0.423716
-0.135480 0.751809 0.423717
-0.135653 0.751655 0.423727
-0.135778 0.751525 0.423731
-0.136011 0.751375 0.423744
-0.136032 0.751279 0.423751
-0.136239 0.751171 0.423761
-0.136456 0.751083 0.423778
-0.136665 0.751128 0.423798
-0.136658 0.751093 0.423800
-0.136714 0.751056 0.423810
-0.136764 0.750978 0.423815
-0.136971 0.750873 0.423831
-0.136854 0.750828 0.423835
-0.137701 0.750111 0.423987
-0.138545 0.749508 0.424126
-0.138949 0.749188 0.424199
-0.140124 0.748257 0.424385
-0.141295 0.747330 0.424540
-0.141643 0.746845 0.424619
-0.142751 0.745746 0.424809
-0.143635 0.744871 0.424973
-0.143978 0.744255 0.425058
-0.144902 0.743117 0.425259
-0.145859 0.742128 0.425428
-0.146495 0.740841 0.425565
-0.146464 0.740490 0.425588
-0.145884 0.739633 0.425568
-0.146074 0.739427 0.425581
-0.146380 0.739088 0.425599
-0.146982 0.738600 0.425608
-0.146919 0.738462 0.425590
-0.146469 0.738547 0.425576
-0.146504 0.738448 0.425582
-0.146909 0.738192 0.425620
-0.147001 0.738102 0.425617
-0.147078 0.738015 0.425616
-0.147218 0.737872 0.425618
-0.147079 0.737897 0.425614
-0.146941 0.737776 0.425617
-0.147018 0.737729 0.425620
-0.146884 0.737673 0.425623
-0.147150 0.737538 0.425637
-0.147253 0.737520 0.425647
-0.147117 0.737583 0.425649
-0.147182 0.737522 0.425656
-0.147089 0.737581 0.425660
-0.147198 0.737540 0.425672
-0.147164 0.737559 0.425678
-0.147044 0.737552 0.425680
-0.147099 0.737511 0.425694
-0.147396 0.737267 0.425714
-0.147672 0.737188 0.425721
-0.147693 0.737118 0.425722
-0.147711 0.737072 0.425726
-0.147535 0.737035 0.425728
-0.147644 0.736963 0.425738
-0.147744 0.736912 0.425758
-0.147702 0.736950 0.425760
-0.147535 0.736974 0.425768
-0.147612 0.736891 0.425773
-0.147990 0.736674 0.425793
-0.147920 0.736765 0.425792
-0.147962 0.736729 0.425794
-0.148010 0.736763 0.425803
-0.148173 0.736742 0.425810
-0.148233 0.736740 0.425813
-0.148505 0.736661 0.425824
-0.148535 0.736767 0.425830
-0.148328 0.736999 0.425832
-0.148493 0.736948 0.425837
-0.148375 0.736953 0.425845
-0.148530 0.736889 0.425849
-0.148462 0.736836 0.425858
-0.148575 0.736844 0.425866
-0.148714 0.736784 0.425882
-0.148705 0.736769 0.425885
-0.148830 0.736722 0.425891
-0.148930 0.736689 0.425898
-0.148949 0.736483 0.425894
-0.149080 0.736388 0.425903
-0.149196 0.736274 0.425905
-0.149468 0.736056 0.425916
-0.149714 0.735920 0.425916
-0.149824 0.736017 0.425924
-0.149916 0.735968 0.425923
-0.150390 0.735704 0.425933
-0.150181 0.736170 0.425909
-0.149990 0.735949 0.425910
-0.150246 0.735507 0.425938
-0.150528 0.735742 0.425934
-0.150467 0.735819 0.425919
-0.150584 0.735658 0.425927
-0.150466 0.735713 0.425922
-0.150507 0.735669 0.425921
-0.150214 0.735689 0.425917
-0.149917 0.735698 0.425913
-0.150114 0.735558 0.425934
-0.150251 0.735466 0.425935
-0.151213 0.734660 0.426101
-0.151859 0.734070 0.426239
-0.152194 0.733711 0.426311
-0.153119 0.732834 0.426521
-0.154021 0.731967 0.426688
-0.154803 0.730711 0.426826
-0.155072 0.730211 0.426848
-0.155166 0.729062 0.426834
-0.154919 0.728897 0.426823
-0.154389 0.728710 0.426800
-0.154067 0.728536 0.426787
-0.153632 0.728556 0.426778
-0.153589 0.728456 0.426783
-0.153699 0.728140 0.426787
-0.153570 0.728116 0.426785
-0.153496 0.727887 0.426774
-0.153382 0.727780 0.426771
-0.153334 0.727577 0.426766
-0.153214 0.727514 0.426763
-0.153248 0.727335 0.426758
-0.153108 0.727309 0.426754
-0.153012 0.727188 0.426745
-0.153906 0.726321 0.426924
-0.154796 0.725536 0.427086
-0.155062 0.725133 0.427176
-0.156086 0.723995 0.427399
-0.157169 0.723074 0.427587
-0.158015 0.722446 0.427692
-0.159453 0.721223 0.427934
-0.160530 0.720316 0.428126
-0.161151 0.719618 0.428221
-0.162334 0.718382 0.428462
-0.163055 0.717395 0.428659
-0.163851 0.716088 0.428825
-0.164124 0.715591 0.428855
-0.164262 0.714629 0.428859
-0.164029 0.714307 0.428852
-0.163595 0.713829 0.428834
-0.163181 0.713700 0.428820
-0.162299 0.713252 0.428768
-0.162147 0.713039 0.428765
-0.161258 0.712483 0.428725
-0.161199 0.712075 0.428725
-0.160751 0.711392 0.428699
-0.160137 0.710831 0.428670
-0.160319 0.710050 0.428685
-0.160090 0.709938 0.428682
-0.159830 0.709773 0.428665
-0.159806 0.709616 0.428662
-0.159759 0.709338 0.428649
-0.159628 0.709172 0.428643
-0.159547 0.709104 0.428636
-0.158982 0.708831 0.428591
-0.159092 0.708579 0.428599
-0.159226 0.707797 0.428605
-0.159335 0.707456 0.428605
-0.159532 0.706885 0.428605
-0.159499 0.706789 0.428598
-0.160245 0.705997 0.428787
-0.160943 0.705297 0.428960
-0.161428 0.704803 0.429061
-0.162582 0.703624 0.429316
-0.163672 0.702643 0.429536
-0.164326 0.701683 0.429704
-0.164298 0.701407 0.429721
-0.164201 0.700970 0.429707
-0.164639 0.699930 0.429711
-0.164765 0.699438 0.429701
-0.164798 0.699325 0.429693
-0.164911 0.698898 0.429690
-0.164854 0.698717 0.429688
-0.164158 0.698481 0.429650
-0.164180 0.698394 0.429661
-0.164580 0.698255 0.429710
-0.164550 0.698114 0.429709
-0.164436 0.698135 0.429702
-0.165329 0.697345 0.429909
-0.166386 0.696421 0.430112
-0.166577 0.695896 0.430212
-0.167830 0.694562 0.430474
-0.168961 0.693333 0.430708
-0.169581 0.692510 0.430835
-0.171177 0.690848 0.431138
-0.174017 0.686829 0.431732
-0.176412 0.684722 0.431857
-0.177009 0.683560 0.431824
-0.175623 0.683306 0.431698
-0.175979 0.682690 0.431760
-0.175695 0.682653 0.431736
-0.175713 0.682114 0.431723
-0.175299 0.681699 0.431683
-0.175263 0.681030 0.431702
-0.175158 0.680345 0.431698
-0.175619 0.679945 0.431735
-0.175203 0.680172 0.431701
-0.175407 0.679868 0.431733
-0.175301 0.679790 0.431724
-0.174907 0.679771 0.431693
-0.174669 0.679738 0.431673
-0.174858 0.679097 0.431678
-0.175586 0.678672 0.431733
-0.175477 0.678170 0.431733
-0.174952 0.678804 0.431706
-0.175177 0.678609 0.431715
-0.174712 0.678865 0.431698
-0.175169 0.678539 0.431727
-0.175265 0.678322 0.431747
-0.175004 0.678450 0.431727
-0.175216 0.677979 0.431749
-0.175288 0.677593 0.431762
-0.174861 0.676942 0.431735
-0.173987 0.675139 0.431683
-0.173276 0.674099 0.431667
-0.173012 0.673774 0.431656
-0.172713 0.673546 0.431645
-0.172134 0.672892 0.431618
-0.172180 0.672427 0.431627
-0.171851 0.671730 0.431622
-0.171925 0.671207 0.431628
-0.171494 0.670761 0.431610
-0.171366 0.670338 0.431599
-0.170575 0.670261 0.431537
-0.170195 0.670086 0.431516
-0.169566 0.669639 0.431474
-0.169502 0.669291 0.431472
-0.169553 0.668900 0.431483
-0.170441 0.667798 0.431706
-0.171384 0.666747 0.431912
-0.171848 0.665815 0.432030
-0.173032 0.664374 0.432320
-0.173817 0.663316 0.432553
-0.175110 0.661384 0.432820
-0.175316 0.660783 0.432870
-0.175413 0.659571 0.432905
-0.175558 0.659039 0.432921
-0.175242 0.658513 0.432911
-0.175175 0.657614 0.432901
-0.175243 0.657168 0.432900
-0.174895 0.656546 0.432863
-0.174563 0.656377 0.432846
-0.173974 0.655856 0.432815
-0.173592 0.655177 0.432788
-0.173306 0.653985 0.432780
-0.173559 0.653417 0.432794
-0.173731 0.652414 0.432815
-0.173431 0.652174 0.432799
-0.173192 0.651517 0.432792
-0.172977 0.651220 0.432786
-0.173676 0.649979 0.432989
-0.174708 0.648790 0.433210
-0.175410 0.648050 0.433356
-0.176603 0.646823 0.433662
-0.177559 0.645943 0.433921
-0.178578 0.644935 0.434105
-0.179958 0.643630 0.434433
-0.180736 0.642698 0.434668
-0.181826 0.641852 0.434902
-0.182065 0.641621 0.434953
-0.182970 0.640696 0.435051
-0.183205 0.640524 0.435058
-0.183571 0.640151 0.435069
-0.184193 0.639553 0.435101
-0.184619 0.638967 0.435120
-0.184607 0.638730 0.435118
-0.184522 0.638193 0.435113
-0.184122 0.638251 0.435092
-0.183717 0.638105 0.435062
-0.183825 0.637801 0.435076
-0.183684 0.637950 0.435062
-0.183671 0.637904 0.435049
-0.183641 0.637923 0.435043
-0.183546 0.638054 0.435026
-0.183457 0.638100 0.435018
-0.183522 0.638015 0.435015
-0.183447 0.638081 0.435007
-0.183472 0.638117 0.435005
-0.183437 0.638046 0.435002
-0.183178 0.638124 0.434980
-0.183306 0.637810 0.435001
-0.183217 0.637742 0.435000
-0.182987 0.637546 0.434982
-0.182854 0.637669 0.434967
-0.182855 0.637681 0.434973
-0.182830 0.637719 0.434974
-0.182855 0.637525 0.434974
-0.182763 0.637508 0.434970
-0.182717 0.637480 0.434968
-0.183592 0.636523 0.435198
-0.184374 0.635704 0.435414
-0.185260 0.634376 0.435640
-0.185663 0.633683 0.435719
-0.186450 0.632255 0.435846
-0.186547 0.632050 0.435863
-0.186699 0.631388 0.435890
-0.186696 0.631038 0.435893
-0.186401 0.631099 0.435868
-0.186305 0.631062 0.435860
-0.186545 0.630525 0.435887
-0.186629 0.630397 0.435895
-0.186898 0.630334 0.435924
-0.186662 0.630464 0.435910
-0.186476 0.630263 0.435899
-0.186641 0.630084 0.435911
-0.186919 0.629673 0.435950
-0.187029 0.629374 0.435966
-0.187030 0.628813 0.435983
-0.186843 0.628759 0.435988
-0.186783 0.628319 0.435999
-0.187392 0.627354 0.436230
-0.188119 0.626293 0.436454
-0.188708 0.625651 0.436607
-0.189792 0.624449 0.436930
-0.190842 0.623223 0.437214
-0.192443 0.621152 0.437572
-0.192544 0.620764 0.437633
-0.192778 0.619735 0.437698
-0.192579 0.619436 0.437687
-0.192151 0.618842 0.437654
-0.191895 0.618603 0.437644
-0.191310 0.618135 0.437605
-0.191320 0.617614 0.437610
-0.191043 0.616993 0.437621
-0.191010 0.616744 0.437627
-0.190931 0.616137 0.437639
-0.190965 0.615858 0.437650
-0.191637 0.614858 0.437886
-0.192467 0.613596 0.438123
-0.193492 0.612041 0.438398
-0.193924 0.611190 0.438481
-0.194271 0.610012 0.438564
-0.194689 0.608698 0.438634
-0.194513 0.608352 0.438618
-0.193897 0.607908 0.438556
-0.193357 0.607936 0.438514
-0.192988 0.607023 0.438495
-0.192652 0.606956 0.438483
-0.192360 0.606851 0.438473
-0.192985 0.605751 0.438712
-0.193548 0.604904 0.438937
-0.193768 0.604333 0.439070
-0.194769 0.602829 0.439401
-0.195684 0.601385 0.439702
-0.196653 0.599445 0.440005
-0.196818 0.598351 0.440110
-0.197182 0.597122 0.440208
-0.197446 0.596313 0.440259
-0.197465 0.594933 0.440310
-0.197538 0.594161 0.440339
-0.197749 0.592008 0.440410
-0.197604 0.591324 0.440420
-0.197223 0.590399 0.440417
-0.197122 0.589952 0.440430
-0.196947 0.588792 0.440460
-0.196664 0.587977 0.440464
-0.196357 0.585841 0.440497
-0.196266 0.584779 0.440522
-0.195946 0.582797 0.440564
-0.195332 0.580591 0.440610
-0.194225 0.577728 0.440625
-0.193828 0.576639 0.440651
-0.192518 0.575780 0.440639
-0.192099 0.575168 0.440655
-0.191816 0.574060 0.440717
-0.191733 0.573293 0.440760
-0.191468 0.571901 0.440849
-0.191514 0.571178 0.440899
-0.191651 0.569538 0.441016
-0.191714 0.568926 0.441057
-0.191865 0.567980 0.441130
-0.191988 0.567389 0.441173
-0.192023 0.566535 0.441235
-0.191908 0.566064 0.441256
-0.191760 0.564769 0.441322
-0.191609 0.564317 0.441350
-0.191720 0.562951 0.441436
-0.191453 0.561815 0.441492
-0.191216 0.561088 0.441547
-0.191150 0.560119 0.441616
-0.191327 0.558439 0.441712
-0.191515 0.557366 0.441786
-0.192145 0.555695 0.441950
-0.192239 0.554792 0.442018
-0.192501 0.552831 0.442155
-0.192497 0.551936 0.442226
-0.192467 0.550158 0.442364
-0.192395 0.549124 0.442479
-0.192396 0.548726 0.442536
-0.192299 0.548171 0.442653
-0.192269 0.548019 0.442684
-0.192236 0.547527 0.442738
-0.192282 0.547216 0.442771
-0.192364 0.546891 0.442823
-0.192433 0.546656 0.442848
-0.192539 0.546099 0.442919
-0.192538 0.546048 0.442937
-0.192501 0.545971 0.442965
-0.192596 0.545807 0.442984
-0.192738 0.545219 0.443031
-0.193015 0.544373 0.443089
-0.193371 0.543313 0.443158
-0.193468 0.542722 0.443199
-0.193467 0.542032 0.443268
-0.193437 0.541830 0.443294
-0.193480 0.541369 0.443327
-0.194226 0.539887 0.443577
-0.194969 0.538529 0.443824
-0.195881 0.536538 0.444129
-0.196119 0.535839 0.444228
-0.196299 0.534968 0.444349
-0.196401 0.534508 0.444399
-0.196455 0.533617 0.444481
-0.196524 0.533054 0.444525
-0.196440 0.532191 0.444596
-0.196467 0.531912 0.444627
-0.196527 0.531296 0.444679
-0.196592 0.531127 0.444703
-0.196699 0.530817 0.444741
-0.196804 0.530543 0.444766
-0.196913 0.529894 0.444805
-0.196992 0.529660 0.444829
-0.197166 0.528880 0.444886
-0.197225 0.528790 0.444910
-0.197382 0.528511 0.444948
-0.197463 0.528409 0.444964
-0.197595 0.528222 0.444991
-0.197674 0.528186 0.445001
-0.197764 0.527966 0.445019
-0.197860 0.527801 0.445032
-0.198054 0.527452 0.445060
-0.198206 0.527314 0.445074
-0.198447 0.526871 0.445106
-0.198587 0.526785 0.445120
-0.198808 0.526685 0.445141
-0.198937 0.526662 0.445149
-0.199084 0.526425 0.445163
-0.199843 0.525312 0.445384
-0.200578 0.524245 0.445599
-0.201061 0.523508 0.445749
-0.202146 0.522062 0.446067
-0.203168 0.520975 0.446345
-0.203826 0.520250 0.446532
-0.204962 0.518813 0.446869
-0.205955 0.517738 0.447157
-0.206646 0.516975 0.447356
-0.207811 0.515422 0.447706
-0.208942 0.513925 0.448018
-0.209796 0.512970 0.448234
-0.210462 0.512433 0.448383
-0.211019 0.511910 0.448496
-0.211513 0.511552 0.448580
-0.212275 0.510917 0.448690
-0.212593 0.510737 0.448728
-0.213188 0.510437 0.448790
-0.213395 0.510362 0.448800
-0.213746 0.510230 0.448810
-0.213903 0.510156 0.448814
-0.214138 0.509913 0.448828
-0.214260 0.509764 0.448831
-0.214982 0.508688 0.449046
-0.215718 0.507809 0.449253
-0.216378 0.507300 0.449394
-0.217457 0.506135 0.449694
-0.218403 0.504847 0.449972
-0.219206 0.504043 0.450163
-0.220398 0.502601 0.450507
-0.221382 0.501195 0.450815
-0.222669 0.499277 0.451238
-0.223826 0.497639 0.451600
-0.225412 0.496396 0.452018
-0.225992 0.495927 0.452132
-0.227011 0.495398 0.452260
-0.227394 0.495133 0.452291
-0.228076 0.494930 0.452324
-0.228292 0.494944 0.452322
-0.228745 0.494828 0.452323
-0.228945 0.494688 0.452318
-0.229318 0.494580 0.452304
-0.229446 0.494319 0.452300
-0.229774 0.493997 0.452296
-0.229861 0.493897 0.452289
-0.230159 0.493634 0.451354
-0.230492 0.493319 0.450576
-0.230747 0.493014 0.450086
-0.231159 0.492698 0.448837
-0.231485 0.492305 0.447850
-0.231892 0.491932 0.446295
-0.232221 0.491398 0.445119
-0.232567 0.490862 0.443441
-0.232890 0.490341 0.442188
-0.233197 0.489800 0.441402
-0.233645 0.489216 0.439962
-0.234037 0.488693 0.438856
-0.234510 0.488064 0.437721
-0.234731 0.487856 0.437437
-0.235106 0.487410 0.437143
-0.235306 0.487267 0.437074
-0.235724 0.486911 0.436985
-0.235859 0.486809 0.436976
-0.236130 0.486520 0.436964
-0.236773 0.485472 0.437151
-0.237410 0.484381 0.437337
-0.237851 0.483719 0.437471
-0.238715 0.482389 0.437752
-0.239487 0.481274 0.438002
-0.240046 0.480824 0.438178
-0.241026 0.479595 0.438492
-0.241914 0.478442 0.438766
-0.242623 0.477550 0.438963
-0.243459 0.476410 0.439206
-0.243726 0.476274 0.439279
-0.244083 0.476003 0.439359
-0.244305 0.475985 0.439378
-0.244711 0.475703 0.439399
-0.244895 0.475689 0.439406
-0.245166 0.475479 0.439410
-0.245398 0.475560 0.439397
-0.246056 0.474708 0.439578
-0.246741 0.473787 0.439762
-0.247290 0.473180 0.439891
-0.247720 0.472694 0.439978
-0.248219 0.472252 0.439088
-0.248741 0.471932 0.438325
-0.249343 0.471714 0.436901
-0.249824 0.471605 0.435788
-0.250280 0.471463 0.435073
-0.250834 0.471246 0.433667
-0.251335 0.471003 0.432561
-0.251830 0.470758 0.430897
-0.252283 0.470670 0.429634
-0.252619 0.470728 0.428827
-0.253022 0.470597 0.427354
-0.253373 0.470320 0.426228
-0.253669 0.470061 0.425519
-0.254129 0.469864 0.424799
-0.254336 0.469743 0.424624
-0.254614 0.469123 0.424467
-0.254864 0.469018 0.424439
-0.255029 0.468577 0.424433
-0.255140 0.468421 0.424438
-0.255688 0.467348 0.424622
-0.256298 0.466454 0.424808
-0.257173 0.464892 0.425125
-0.258064 0.463769 0.425411
-0.258777 0.463042 0.425632
-0.259446 0.462545 0.425795
-0.260522 0.462050 0.425973
-0.261000 0.462045 0.426010
-0.261783 0.462010 0.426030
-0.262166 0.462021 0.426028
-0.262847 0.462007 0.425997
-0.263131 0.461997 0.425976
-0.263559 0.461770 0.425933
-0.263764 0.461724 0.425912
-0.264056 0.461559 0.425872
-0.264292 0.461398 0.425857
-0.264684 0.460888 0.425850
-0.264848 0.460746 0.425845
-0.265107 0.460435 0.425835
-0.265245 0.460333 0.425826
-0.265426 0.459925 0.425793
-0.265578 0.459814 0.425787
-0.265804 0.459428 0.425772
-0.265952 0.459196 0.425761
-0.266197 0.458684 0.425748
-0.266331 0.458481 0.425737
-0.266543 0.458096 0.425714
-0.266670 0.458069 0.425689
-0.266913 0.457936 0.425637
-0.267066 0.457954 0.425610
-0.267306 0.457822 0.425562
-0.267434 0.457781 0.425541
-0.267695 0.457654 0.425508
-0.267975 0.457424 0.425482
-0.268061 0.457257 0.425477
-0.268324 0.456961 0.425450
-0.268408 0.456762 0.425445
-0.268635 0.456584 0.425441
-0.268700 0.456475 0.425434
-0.268805 0.456386 0.425422
-0.268503 0.457438 0.425219
-0.268154 0.458143 0.425008
-0.267962 0.459087 0.424699
-0.267893 0.459322 0.424600
-0.267987 0.459839 0.424403
-0.268061 0.459834 0.424344
-0.268344 0.459797 0.424249
-0.268451 0.459664 0.424213
-0.268765 0.459405 0.424160
-0.268863 0.459265 0.424148
-0.269010 0.459204 0.424105
-0.269111 0.459051 0.424091
-0.269253 0.458883 0.424086
-0.269463 0.458590 0.423109
-0.269643 0.458318 0.422272
-0.269807 0.458104 0.420777
-0.269933 0.457651 0.419631
-0.270082 0.457281 0.417956
-0.270242 0.457055 0.416699
-0.270426 0.456921 0.415914
-0.270624 0.456673 0.414455
-0.270822 0.456512 0.413335
-0.271200 0.456466 0.412202
-0.271329 0.456540 0.411922
-0.271724 0.456795 0.411587
-0.271844 0.456784 0.411547
-0.272090 0.456719 0.411502
-0.272175 0.456530 0.411506
-0.272312 0.456240 0.411531
-0.272362 0.456036 0.411547
-0.272574 0.455887 0.411570
-0.272669 0.455870 0.411574
-0.272925 0.455824 0.411580
-0.273046 0.455714 0.411572
-0.273194 0.455673 0.411561
-0.273708 0.454646 0.411726
-0.274222 0.453711 0.411898
-0.275097 0.452844 0.412126
-0.275440 0.452688 0.412182
-0.276059 0.452818 0.412221
-0.276353 0.452762 0.412221
-0.276926 0.452712 0.412213
-0.277151 0.452607 0.412198
-0.277715 0.452688 0.412172
-0.277949 0.452602 0.412146
-0.278420 0.452425 0.412110
-0.278633 0.452309 0.412086
-0.279135 0.452210 0.412040
-0.279290 0.452178 0.412008
-0.279804 0.452102 0.411940
-0.280015 0.451993 0.411916
-0.280666 0.451849 0.411821
-0.281241 0.451620 0.411741
-0.281775 0.451381 0.411670
-0.282527 0.451302 0.411593
-0.283244 0.451518 0.411503
-0.283620 0.451754 0.411380
-0.284231 0.450779 0.411489
-0.286018 0.448750 0.411893
-0.287150 0.448061 0.412119
-0.288137 0.447823 0.412097
-0.289241 0.448243 0.411918
-0.289984 0.448374 0.411764
-0.290854 0.448451 0.411659
-0.291565 0.448707 0.411505
-0.292185 0.449020 0.411353
-0.292977 0.449216 0.411246
-0.293786 0.449348 0.411058
-0.294464 0.449304 0.410901
-0.295238 0.449341 0.410744
-0.296272 0.449601 0.410560
-0.297363 0.449875 0.410318
-0.298269 0.449658 0.410078
-0.299111 0.449744 0.409920
-0.300244 0.450224 0.409649
-0.301156 0.450424 0.409439
-0.302413 0.451079 0.409138
-0.303414 0.451370 0.408828
-0.304468 0.451617 0.408595
-0.305454 0.452250 0.408266
-0.306186 0.452468 0.408022
-0.307204 0.452564 0.407757
-0.308579 0.453115 0.407458
-0.309548 0.453422 0.407156
-0.310974 0.453488 0.406904
-0.311864 0.453067 0.406723
-0.312871 0.453350 0.406570
-0.314515 0.453783 0.406169
-0.316281 0.454649 0.405733
-0.317796 0.455258 0.405236
-0.319046 0.455706 0.404764
-0.320499 0.455476 0.404408
-0.321890 0.455544 0.404000
-0.323339 0.455397 0.403861
-0.324105 0.454527 0.403796
-0.325506 0.454696 0.403648
-0.326490 0.455484 0.403286
-0.327526 0.455700 0.403059
-0.328958 0.455954 0.402669
-0.330598 0.456215 0.402349
-0.332318 0.456698 0.401990
-0.333815 0.456335 0.401644
-0.334942 0.456544 0.401426
-0.336610 0.457468 0.400951
-0.338528 0.457447 0.400483
-0.340791 0.457697 0.399975
-0.342239 0.457270 0.399812
-0.342960 0.456950 0.399723
-0.344020 0.456995 0.399422
-0.346107 0.457258 0.399092
-0.348260 0.456687 0.398769
-0.350185 0.456952 0.398367
-0.352074 0.456995 0.398036
-0.354118 0.456516 0.397877
-0.356468 0.456087 0.397755
-0.359917 0.456250 0.397243
-0.363075 0.456950 0.396598
-0.365781 0.456922 0.395734
-0.367101 0.457022 0.395441
-0.369594 0.456660 0.395428
-0.371137 0.456017 0.395160
-0.373963 0.455284 0.395000
-0.376378 0.454565 0.395202
-0.378129 0.454095 0.395274
-0.379732 0.453798 0.395198
-0.380872 0.453396 0.395040
-0.382358 0.452964 0.395027
-0.384049 0.452836 0.395162
-0.385442 0.452769 0.395316
-0.386570 0.452644 0.395663
-0.388303 0.452696 0.395379
-0.390035 0.452240 0.395215
-0.390746 0.451684 0.395187
-0.391129 0.451415 0.395013
-0.391288 0.451643 0.394781
-0.391445 0.451644 0.394816
-0.391704 0.451444 0.394852
-0.391405 0.452173 0.394716
-0.392033 0.451900 0.394925
-0.392700 0.451574 0.395036
-0.392610 0.451524 0.395207
-0.392222 0.451856 0.395276
-0.392271 0.451915 0.395237
-0.392259 0.452030 0.395192
-0.392446 0.452121 0.395081
-0.392177 0.452256 0.394864
-0.392606 0.451986 0.394872
-0.392415 0.452349 0.394972
-0.393303 0.451580 0.394998
-0.393755 0.451884 0.395084
-0.394738 0.452333 0.394819
-0.396149 0.451699 0.395478
-0.396880 0.451827 0.395513
-0.397865 0.451679 0.395606
