-0.080761 0.885888 0.407047
-0.080789 0.885697 0.407087
-0.080739 0.885383 0.407158
-0.080607 0.884947 0.407257
-0.080520 0.884573 0.407334
-0.080117 0.884550 0.407368
-0.078909 0.884058 0.407524
-0.077925 0.883915 0.407615
-0.076928 0.883325 0.407772
-0.075469 0.882971 0.407930
-0.074545 0.882236 0.408111
-0.073462 0.881957 0.408233
-0.072258 0.881129 0.408445
-0.071110 0.880797 0.408577
-0.069153 0.879256 0.408961
-0.067990 0.877799 0.409298
-0.067161 0.876611 0.409564
-0.066393 0.875441 0.409821
-0.065540 0.874113 0.410113
-0.065228 0.873496 0.410238
-0.065841 0.872954 0.410304
-0.065884 0.872244 0.410440
-0.066731 0.871655 0.410439
-0.067853 0.871090 0.410433
-0.069192 0.869149 0.410720
-0.069993 0.868429 0.410752
-0.070720 0.867701 0.410805
-0.071737 0.864942 0.411273
-0.071582 0.864562 0.411353
-0.071720 0.862803 0.411680
-0.071629 0.862518 0.411733
-0.072239 0.861358 0.411906
-0.072228 0.861117 0.411947
-0.073118 0.860015 0.412092
-0.073130 0.859813 0.412123
-0.074169 0.858995 0.412195
-0.074207 0.858851 0.412212
-0.074135 0.858083 0.412328
-0.073913 0.857315 0.412457
-0.073838 0.856976 0.412510
-0.073959 0.856808 0.412524
-0.074161 0.856442 0.412563
-0.074356 0.856274 0.412575
-0.074643 0.855920 0.412609
-0.075062 0.855615 0.412627
-0.075200 0.855452 0.412642
-0.076176 0.854818 0.412612
-0.077209 0.854232 0.412591
-0.077863 0.853732 0.412610
-0.079095 0.852828 0.412611
-0.080227 0.852025 0.412629
-0.081205 0.849861 0.412957
-0.081232 0.849472 0.413031
-0.081053 0.848413 0.413241
-0.081074 0.848110 0.413292
-0.081060 0.847508 0.413396
-0.081196 0.846992 0.413473
-0.081110 0.846278 0.413597
-0.081192 0.846062 0.413624
-0.081315 0.845427 0.413713
-0.081449 0.845242 0.413730
-0.081694 0.844531 0.413817
-0.081829 0.844374 0.413827
-0.082090 0.843869 0.413875
-0.082261 0.843721 0.413880
-0.082635 0.843124 0.413929
-0.082799 0.842990 0.413932
-0.083144 0.842549 0.413956
-0.083531 0.842306 0.413950
-0.083772 0.842039 0.413959
-0.083996 0.841909 0.413952
-0.085074 0.841288 0.413899
-0.086017 0.840692 0.413875
-0.087133 0.839832 0.413903
-0.087355 0.839482 0.413943
-0.087857 0.838478 0.414080
-0.087839 0.838257 0.414118
-0.088118 0.837664 0.414181
-0.088136 0.837463 0.414207
-0.088503 0.836798 0.414261
-0.088521 0.836631 0.414279
-0.088961 0.836053 0.414298
-0.089014 0.835900 0.414304
-0.089354 0.835606 0.414292
-0.089566 0.835294 0.414292
-0.090117 0.834899 0.414251
-0.090207 0.834753 0.414247
-0.090772 0.834345 0.414193
-0.090886 0.834192 0.414182
-0.091483 0.833779 0.414112
-0.091722 0.833476 0.414077
-0.092167 0.833187 0.414012
-0.092335 0.833027 0.413987
-0.093160 0.832477 0.413849
-0.093285 0.832318 0.413821
-0.094231 0.831641 0.413748
-0.095247 0.831010 0.413677
-0.095893 0.830483 0.413659
-0.097099 0.829538 0.413628
-0.098171 0.828721 0.413621
-0.099229 0.827010 0.413828
-0.099327 0.826623 0.413899
-0.099280 0.825936 0.414052
-0.099308 0.825636 0.414109
-0.099262 0.824795 0.414263
-0.099325 0.824558 0.414292
-0.099307 0.823673 0.414415
-0.099402 0.823483 0.414424
-0.099587 0.822747 0.414471
-0.099731 0.822580 0.414461
-0.100077 0.821896 0.414448
-0.100231 0.821752 0.414429
-0.100626 0.821159 0.414378
-0.100834 0.821013 0.414343
-0.101362 0.820431 0.414249
-0.101483 0.820316 0.414223
-0.101775 0.819902 0.414155
-0.102153 0.819671 0.414072
-0.102572 0.819245 0.413965
-0.102787 0.819110 0.413915
-0.103169 0.818805 0.413824
-0.103362 0.818681 0.413777
-0.104321 0.818036 0.413703
-0.105130 0.817454 0.413663
-0.106308 0.816177 0.413730
-0.106394 0.815928 0.413750
-0.107015 0.815158 0.413737
-0.107033 0.815004 0.413745
-0.107585 0.814386 0.413676
-0.107632 0.814240 0.413668
-0.107932 0.813975 0.413617
-0.108186 0.813695 0.413568
-0.108484 0.813439 0.413504
-0.108944 0.812943 0.413393
-0.109074 0.812818 0.413358
-0.109578 0.812202 0.413215
-0.109734 0.812081 0.413168
-0.109987 0.811569 0.413057
-0.110206 0.811416 0.412995
-0.110869 0.810813 0.412787
-0.111061 0.810701 0.412722
-0.111340 0.810400 0.412595
-0.111522 0.810298 0.412531
-0.112110 0.809916 0.412333
-0.112301 0.809833 0.412264
-0.112841 0.809385 0.412037
-0.113127 0.809262 0.411941
-0.113764 0.808855 0.411667
-0.113987 0.808759 0.411580
-0.114196 0.808586 0.410723
-0.114277 0.808409 0.410017
-0.114627 0.808065 0.409137
-0.114616 0.807866 0.408135
-0.114562 0.807632 0.407329
-0.114729 0.807369 0.406730
-0.114914 0.807023 0.405527
-0.114973 0.806668 0.404590
-0.114943 0.805939 0.403218
-0.115271 0.805366 0.402746
-0.115474 0.804840 0.402391
-0.115572 0.804615 0.402297
-0.116254 0.803932 0.401957
-0.116150 0.803639 0.401883
-0.116297 0.803329 0.401760
-0.116694 0.802821 0.401520
-0.116881 0.802706 0.401420
-0.117208 0.802457 0.401238
-0.117592 0.802283 0.401046
-0.117815 0.802161 0.400936
-0.118855 0.801496 0.400792
-0.119911 0.800933 0.400639
-0.120442 0.800599 0.400598
-0.121394 0.799868 0.400616
-0.122285 0.799284 0.400628
-0.122949 0.798498 0.400974
-0.123117 0.798206 0.401149
-0.123184 0.797985 0.401303
-0.123230 0.797846 0.401431
-0.123218 0.797726 0.401549
-0.123317 0.797654 0.401667
-0.122792 0.797636 0.401965
-0.123297 0.797223 0.401978
-0.123626 0.796845 0.401942
-0.123481 0.796781 0.401983
-0.123565 0.796470 0.401995
-0.123473 0.796240 0.402029
-0.123514 0.796159 0.402026
-0.125650 0.794409 0.402197
-0.125672 0.794249 0.402272
-0.127156 0.792665 0.402643
-0.127199 0.792421 0.402796
-0.128876 0.790490 0.403321
-0.128496 0.789810 0.404178
-0.127031 0.789646 0.405086
-0.124875 0.789610 0.406056
-0.123752 0.789129 0.406738
-0.123001 0.788853 0.407133
-0.122661 0.788378 0.407448
-0.121392 0.788220 0.407853
-0.120491 0.787956 0.408190
-0.120293 0.787376 0.408391
-0.120031 0.786709 0.408597
-0.119363 0.786426 0.408810
-0.118824 0.786045 0.408979
-0.118483 0.785463 0.409147
-0.117761 0.784983 0.409353
-0.117812 0.784835 0.409369
-0.120014 0.782770 0.409537
-0.119270 0.782370 0.409810
-0.118102 0.781895 0.410152
-0.117350 0.781442 0.410371
-0.117950 0.780729 0.410431
-0.118189 0.779282 0.410763
-0.117604 0.778735 0.410952
-0.117110 0.778032 0.411118
-0.116155 0.777468 0.411313
-0.116868 0.776754 0.411361
-0.118087 0.775161 0.411553
-0.116967 0.774697 0.411729
-0.116430 0.774085 0.411866
-0.116141 0.773651 0.411954
-0.116995 0.772891 0.411981
-0.118092 0.771138 0.412187
-0.117413 0.770814 0.412258
-0.117173 0.770240 0.412337
-0.116868 0.769823 0.412400
-0.116594 0.769376 0.412463
-0.116401 0.768981 0.412517
-0.116106 0.768538 0.412574
-0.115826 0.768025 0.412631
-0.115571 0.767606 0.412694
-0.115310 0.767115 0.412752
-0.115366 0.766455 0.412794
-0.115147 0.766186 0.412838
-0.115080 0.765724 0.412871
-0.114752 0.765187 0.412939
-0.114646 0.764752 0.412978
-0.114780 0.764419 0.412998
-0.114846 0.764056 0.413008
-0.114634 0.763685 0.413050
-0.114357 0.763303 0.413098
-0.114381 0.762645 0.413135
-0.115147 0.761971 0.413172
-0.115850 0.761393 0.413206
-0.118108 0.759569 0.413307
-0.118561 0.759128 0.413335
-0.120275 0.757625 0.413461
-0.120585 0.757258 0.413494
-0.122278 0.755659 0.413625
-0.122527 0.755241 0.413662
-0.124197 0.753612 0.413806
-0.123837 0.752468 0.413942
-0.122705 0.752121 0.413983
-0.122475 0.751153 0.414043
-0.121749 0.750830 0.414068
-0.121827 0.750210 0.414109
-0.121364 0.749850 0.414123
-0.121150 0.749428 0.414156
-0.120745 0.748816 0.414196
-0.120612 0.748180 0.414236
-0.120373 0.747574 0.414283
-0.120125 0.747154 0.414318
-0.120227 0.746590 0.414346
-0.120003 0.746072 0.414366
-0.119673 0.745391 0.414401
-0.119579 0.744748 0.414446
-0.119497 0.744261 0.414468
-0.119420 0.743776 0.414499
-0.119406 0.743377 0.414515
-0.119241 0.743312 0.414521
-0.119049 0.743034 0.414534
-0.118862 0.742930 0.414542
-0.118564 0.742547 0.414565
-0.118345 0.742387 0.414579
-0.119050 0.741554 0.414664
-0.119721 0.740867 0.414738
-0.119807 0.740128 0.414806
-0.119696 0.739843 0.414821
-0.119176 0.739455 0.414829
-0.118960 0.738776 0.414842
-0.118433 0.738336 0.414856
-0.118166 0.737719 0.414876
-0.117736 0.737181 0.414895
-0.117472 0.736919 0.414917
-0.116999 0.736339 0.414943
-0.116717 0.735725 0.414980
-0.116037 0.735021 0.415016
-0.115922 0.734622 0.415035
-0.115366 0.733575 0.415081
-0.115234 0.733135 0.415103
-0.114636 0.732361 0.415141
-0.114312 0.731518 0.415185
-0.114011 0.731125 0.415210
-0.113535 0.730175 0.415259
-0.113212 0.729757 0.415285
-0.112543 0.728394 0.415359
-0.112226 0.727962 0.415389
-0.111546 0.726699 0.415470
-0.111355 0.726242 0.415494
-0.110879 0.725370 0.415550
-0.110561 0.724920 0.415578
-0.110055 0.723986 0.415636
-0.109398 0.723096 0.415688
-0.108712 0.721550 0.415779
-0.108500 0.721079 0.415805
-0.107620 0.719292 0.415908
-0.107382 0.718809 0.415937
-0.106912 0.717885 0.416001
-0.106371 0.717073 0.416054
-0.106170 0.716603 0.416085
-0.105050 0.714941 0.416177
-0.104900 0.714508 0.416210
-0.104132 0.713103 0.416303
-0.104054 0.712620 0.416331
-0.103649 0.711769 0.416373
-0.104423 0.710736 0.416457
-0.105665 0.708405 0.416642
-0.106669 0.707270 0.416723
-0.108054 0.704641 0.416904
-0.107377 0.702853 0.416876
-0.106712 0.701352 0.416900
-0.106423 0.700369 0.416949
-0.106015 0.699355 0.417007
-0.105693 0.698360 0.417050
-0.105645 0.698074 0.417066
-0.107874 0.695753 0.417313
-0.108013 0.695390 0.417336
-0.109798 0.693660 0.417505
-0.110246 0.693010 0.417538
-0.112749 0.690305 0.417775
-0.112740 0.688955 0.417728
-0.112333 0.687380 0.417646
-0.111994 0.686489 0.417636
-0.111438 0.684918 0.417653
-0.111238 0.683998 0.417694
-0.110953 0.683171 0.417734
-0.111881 0.682318 0.417839
-0.113153 0.680984 0.418003
-0.115333 0.679069 0.418246
-0.116190 0.678069 0.418321
-0.117218 0.677167 0.418428
-0.118874 0.675328 0.418593
-0.119861 0.674401 0.418696
-0.121524 0.672371 0.418852
-0.122496 0.671499 0.418945
-0.123854 0.670341 0.419071
-0.126192 0.668414 0.419323
-0.127146 0.666803 0.419339
-0.126804 0.665876 0.419206
-0.126637 0.664730 0.419153
-0.126564 0.664546 0.419143
-0.126365 0.664015 0.419119
-0.126190 0.663874 0.419111
-0.125578 0.663205 0.419081
-0.125417 0.662901 0.419078
-0.125092 0.662117 0.419077
-0.124904 0.661812 0.419074
-0.124615 0.661289 0.419079
-0.124422 0.661024 0.419077
-0.124070 0.660433 0.419079
-0.123849 0.660125 0.419077
-0.123468 0.659481 0.419080
-0.123313 0.659043 0.419080
-0.122968 0.658242 0.419088
-0.122755 0.657843 0.419090
-0.122294 0.656957 0.419096
-0.121819 0.656054 0.419099
-0.121477 0.654991 0.419120
-0.120797 0.653928 0.419116
-0.120657 0.653433 0.419132
-0.120228 0.652521 0.419141
-0.120044 0.652060 0.419153
-0.119583 0.651218 0.419158
-0.119441 0.650702 0.419169
-0.119020 0.649874 0.419173
-0.118681 0.648996 0.419189
-0.118265 0.648116 0.419195
-0.117766 0.646835 0.419220
-0.117584 0.646485 0.419228
-0.117268 0.645686 0.419245
-0.116854 0.645096 0.419245
-0.116718 0.644736 0.419254
-0.117527 0.643724 0.419405
-0.118194 0.642885 0.419538
-0.118599 0.642169 0.419615
-0.119737 0.640948 0.419804
-0.120610 0.639899 0.419953
-0.121065 0.639136 0.420035
-0.122197 0.637932 0.420227
-0.123113 0.636943 0.420374
-0.123711 0.636078 0.420453
-0.124983 0.634731 0.420647
-0.125965 0.633726 0.420800
-0.126875 0.632375 0.420915
-0.126860 0.631649 0.420891
-0.126791 0.630872 0.420848
-0.126578 0.630292 0.420786
-0.126441 0.630022 0.420762
-0.126034 0.629517 0.420695
-0.125820 0.629273 0.420674
-0.125148 0.628584 0.420589
-0.125008 0.628306 0.420581
-0.124598 0.627791 0.420547
-0.124392 0.627529 0.420536
-0.123959 0.626979 0.420497
-0.123788 0.626611 0.420490
-0.123289 0.625918 0.420455
-0.123097 0.625513 0.420448
-0.122576 0.624750 0.420417
-0.122321 0.624372 0.420408
-0.121772 0.623659 0.420374
-0.121580 0.623239 0.420369
-0.121377 0.622783 0.420357
-0.122102 0.621715 0.420514
-0.122814 0.620690 0.420671
-0.123111 0.619954 0.420751
-0.124169 0.618596 0.420963
-0.125103 0.617372 0.421152
-0.125878 0.615495 0.421325
-0.125951 0.615036 0.421333
-0.125696 0.614432 0.421295
-0.125507 0.613700 0.421264
-0.124869 0.613301 0.421181
-0.124760 0.612992 0.421170
-0.124388 0.612478 0.421126
-0.124128 0.611898 0.421103
-0.123730 0.611443 0.421065
-0.123445 0.610859 0.421044
-0.123114 0.610418 0.421014
-0.122984 0.610153 0.421007
-0.122625 0.609694 0.420974
-0.122484 0.609418 0.420966
-0.122074 0.608978 0.420928
-0.121936 0.608718 0.420918
-0.121445 0.607980 0.420866
-0.121344 0.607677 0.420863
-0.121014 0.607099 0.420835
-0.120797 0.606442 0.420827
-0.120423 0.605973 0.420799
-0.120194 0.605352 0.420791
-0.119893 0.604791 0.420767
-0.119661 0.604106 0.420759
-0.119469 0.603882 0.420746
-0.120189 0.603023 0.420910
-0.120899 0.602219 0.421074
-0.121256 0.601643 0.421161
-0.122337 0.600564 0.421389
-0.123285 0.599563 0.421591
-0.123809 0.598876 0.421701
-0.124983 0.597730 0.421944
-0.125977 0.596782 0.422154
-0.126558 0.596121 0.422265
-0.127769 0.595037 0.422510
-0.128809 0.594042 0.422720
-0.129398 0.593322 0.422830
-0.130624 0.592157 0.423080
-0.131658 0.591153 0.423291
-0.132262 0.590459 0.423404
-0.133512 0.589221 0.423661
-0.134568 0.588133 0.423882
-0.135182 0.587339 0.423997
-0.136410 0.586059 0.424260
-0.137418 0.584951 0.424483
-0.138374 0.583644 0.424659
-0.138627 0.583105 0.424684
-0.138713 0.582317 0.424651
-0.138322 0.580940 0.424444
-0.138048 0.580077 0.424353
-0.137803 0.579279 0.424291
-0.137766 0.579016 0.424282
-0.137822 0.578575 0.424295
-0.137859 0.578251 0.424304
-0.138001 0.577646 0.424340
-0.138008 0.577383 0.424352
-0.138073 0.576905 0.424397
-0.138092 0.576704 0.424409
-0.138176 0.576364 0.424457
-0.139035 0.575609 0.424682
-0.139869 0.574787 0.424904
-0.140501 0.574169 0.425062
-0.141797 0.572955 0.425388
-0.142905 0.571869 0.425672
-0.144161 0.570747 0.425982
-0.144678 0.570256 0.426089
-0.145028 0.569972 0.426133
-0.145186 0.569673 0.426145
-0.145431 0.569316 0.426164
-0.145519 0.569081 0.426169
-0.145850 0.568513 0.426205
-0.145867 0.568318 0.426205
-0.145909 0.568215 0.426212
-0.145920 0.568013 0.426212
-0.146011 0.567833 0.426229
-0.146083 0.567516 0.426243
-0.146297 0.567177 0.426287
-0.146353 0.566987 0.426299
-0.146585 0.566661 0.426356
-0.146645 0.566371 0.426380
-0.146788 0.566245 0.426434
-0.146824 0.566089 0.426448
-0.146964 0.565857 0.426493
-0.147099 0.565492 0.426538
-0.147983 0.564544 0.426784
-0.148868 0.563651 0.427036
-0.149520 0.562859 0.427216
-0.150744 0.561598 0.427562
-0.151810 0.560631 0.427872
-0.153061 0.559246 0.428222
-0.153696 0.558534 0.428379
-0.153903 0.558179 0.428429
-0.154089 0.557954 0.428459
-0.154244 0.557566 0.428477
-0.154395 0.557377 0.428493
-0.154418 0.557263 0.428493
-0.154530 0.557043 0.428510
-0.154613 0.556758 0.428524
-0.154668 0.556697 0.428537
-0.154811 0.556316 0.428574
-0.154887 0.556223 0.428590
-0.155043 0.555843 0.428629
-0.155205 0.555605 0.428675
-0.155327 0.555190 0.428716
-0.155479 0.554862 0.428768
-0.155582 0.554473 0.428814
-0.155664 0.554319 0.428843
-0.155795 0.553861 0.428901
-0.155867 0.553714 0.428932
-0.155962 0.553386 0.428987
-0.156034 0.553245 0.429019
-0.156111 0.553042 0.429053
-0.156959 0.552066 0.429316
-0.157779 0.551071 0.429578
-0.159070 0.549579 0.429989
-0.160258 0.548255 0.430359
-0.161053 0.547289 0.430611
-0.162348 0.545757 0.431020
-0.163393 0.544545 0.431365
-0.164783 0.542987 0.431826
-0.165985 0.541666 0.432220
-0.166775 0.540806 0.432476
-0.168020 0.539421 0.432886
-0.169097 0.538234 0.433242
-0.170280 0.536734 0.433622
-0.170638 0.536292 0.433721
-0.171039 0.535818 0.433811
-0.171150 0.535792 0.433825
-0.171294 0.535613 0.433823
-0.171342 0.535610 0.433813
-0.171359 0.535592 0.433776
-0.171385 0.535624 0.433759
-0.171479 0.535389 0.433737
-0.171559 0.535192 0.433736
-0.171657 0.534737 0.433731
-0.171681 0.534624 0.433727
-0.171774 0.534154 0.433732
-0.171811 0.534067 0.433734
-0.171871 0.533712 0.433736
-0.171949 0.533411 0.433748
-0.172068 0.532760 0.433776
-0.172161 0.532439 0.433801
-0.172272 0.531942 0.433840
-0.172345 0.531718 0.433862
-0.172482 0.531112 0.433908
-0.172495 0.530990 0.433925
-0.172540 0.530511 0.433961
-0.172623 0.530265 0.433992
-0.172718 0.529744 0.434055
-0.172770 0.529611 0.434080
-0.172970 0.528917 0.434175
-0.173054 0.528819 0.434205
-0.173198 0.528455 0.434266
-0.173314 0.528361 0.434322
-0.173400 0.528206 0.434377
-0.173487 0.528127 0.434405
-0.173657 0.527725 0.434468
-0.173744 0.527599 0.434503
-0.173873 0.527233 0.434567
-0.173988 0.527085 0.434610
-0.174229 0.526451 0.434725
-0.174313 0.526383 0.434760
-0.174449 0.526108 0.434826
-0.174550 0.526050 0.434862
-0.174704 0.525817 0.434931
-0.174853 0.525599 0.434977
-0.175098 0.525014 0.435067
-0.175227 0.524781 0.435115
-0.175396 0.524318 0.435198
-0.175522 0.524083 0.435247
-0.175819 0.523247 0.435387
-0.175937 0.522979 0.435437
-0.176105 0.522381 0.435530
-0.176211 0.522140 0.435581
-0.176380 0.521626 0.435673
-0.176476 0.521434 0.435721
-0.176688 0.520759 0.435846
-0.176800 0.520559 0.435893
-0.177002 0.520066 0.435984
-0.177097 0.519925 0.436028
-0.177241 0.519571 0.436109
-0.177470 0.519198 0.436200
-0.177589 0.518896 0.436246
-0.177822 0.518483 0.436339
-0.177944 0.518157 0.436388
-0.178307 0.517324 0.436536
-0.178379 0.517095 0.436578
-0.178655 0.516624 0.436704
-0.178725 0.516452 0.436742
-0.178935 0.516116 0.436830
-0.179018 0.515908 0.436873
-0.179317 0.515426 0.436999
-0.179403 0.515117 0.437040
-0.179581 0.514584 0.437122
-0.179641 0.514321 0.437161
-0.179826 0.513843 0.437240
-0.179883 0.513563 0.437278
-0.180034 0.513242 0.437349
-0.180087 0.513016 0.437382
-0.180234 0.512689 0.437449
-0.180299 0.512469 0.437480
-0.180496 0.512162 0.437546
-0.180555 0.511978 0.437576
-0.180746 0.511629 0.437640
-0.180802 0.511396 0.437669
-0.180888 0.511180 0.437700
-0.181637 0.510180 0.437960
-0.182332 0.509244 0.438211
-0.182876 0.508518 0.438397
-0.183913 0.507175 0.438765
-0.184793 0.506042 0.439091
-0.185449 0.505281 0.439324
-0.186571 0.503915 0.439725
-0.187514 0.502813 0.440069
-0.188763 0.501516 0.440492
-0.189422 0.500869 0.440708
-0.189660 0.500733 0.440776
-0.189980 0.500414 0.440869
-0.190158 0.500308 0.440906
-0.190442 0.499980 0.440970
-0.190573 0.499891 0.440997
-0.190770 0.499623 0.441046
-0.190902 0.499469 0.441071
-0.191075 0.499140 0.441114
-0.191169 0.499031 0.441135
-0.191346 0.498596 0.441181
-0.191438 0.498460 0.441203
-0.191509 0.498285 0.441223
-0.192183 0.497282 0.441479
-0.192810 0.496309 0.441728
-0.193874 0.494759 0.442143
-0.194776 0.493567 0.442505
-0.195826 0.492275 0.442924
-0.196206 0.491905 0.443052
-0.197018 0.490898 0.443308
-0.197156 0.490813 0.443341
-0.197351 0.490634 0.443389
-0.197548 0.490536 0.443428
-0.197684 0.490349 0.443457
-0.197772 0.490276 0.443473
-0.197920 0.490015 0.443504
-0.198012 0.489908 0.443521
-0.198174 0.489563 0.443561
-0.198262 0.489437 0.443578
-0.198409 0.489070 0.443614
-0.198497 0.488968 0.443631
-0.198651 0.488573 0.443669
-0.198743 0.488440 0.443685
-0.198874 0.488100 0.443715
-0.198958 0.487977 0.443732
-0.199088 0.487515 0.443768
-0.199186 0.487324 0.443788
-0.199863 0.486320 0.444045
-0.200489 0.485319 0.444294
-0.201258 0.484379 0.444592
-0.201487 0.483995 0.444681
-0.201923 0.483522 0.444803
-0.202176 0.483178 0.444872
-0.202422 0.482967 0.444921
-0.202508 0.482812 0.444940
-0.202800 0.482532 0.444989
-0.202855 0.482400 0.445002
-0.203463 0.481390 0.445253
-0.204080 0.480484 0.445498
-0.204527 0.479734 0.445675
-0.205406 0.478295 0.446044
-0.206224 0.477133 0.446372
-0.206816 0.476346 0.446605
-0.207295 0.475835 0.446773
-0.207650 0.475433 0.446895
-0.207954 0.475148 0.446984
-0.208735 0.474039 0.447294
-0.209456 0.472904 0.447584
-0.210022 0.472141 0.447792
-0.210974 0.470758 0.448184
-0.211788 0.469528 0.448531
-0.212879 0.468404 0.448945
-0.213220 0.468088 0.449066
-0.213776 0.467675 0.449223
-0.213960 0.467493 0.449272
-0.214617 0.466451 0.449556
-0.215289 0.465571 0.449825
-0.215788 0.464911 0.450019
-0.216656 0.463508 0.450407
-0.217463 0.462426 0.450747
-0.218074 0.461676 0.450986
-0.218584 0.461176 0.451161
-0.219250 0.460533 0.451383
-0.219520 0.460389 0.451451
-0.219905 0.460085 0.451539
-0.220101 0.459942 0.451572
-0.220455 0.459459 0.451634
-0.220593 0.459413 0.451645
-0.220880 0.459162 0.451672
-0.220989 0.459095 0.451679
-0.221143 0.458772 0.451695
-0.221253 0.458695 0.451703
-0.221548 0.458192 0.451730
-0.221698 0.457720 0.451744
-0.221752 0.457072 0.451747
-0.221718 0.456603 0.451753
-0.221669 0.456118 0.451753
-0.221611 0.455614 0.451757
-0.221458 0.454997 0.451764
-0.221216 0.454347 0.451761
-0.221046 0.453835 0.451767
-0.220833 0.453084 0.451768
-0.220661 0.452368 0.451771
-0.220387 0.451680 0.451768
-0.220180 0.451181 0.451762
-0.219984 0.450507 0.451765
-0.219793 0.449855 0.451762
-0.219566 0.449185 0.451755
-0.219355 0.448678 0.451748
-0.219308 0.448479 0.451749
-0.219307 0.447975 0.451754
-0.219493 0.447930 0.451761
-0.219813 0.448003 0.451773
-0.220176 0.448207 0.451789
-0.220592 0.448344 0.451805
-0.221041 0.448451 0.451824
-0.221428 0.448583 0.451837
-0.221860 0.448813 0.451850
-0.222418 0.449075 0.451871
-0.222955 0.449282 0.451886
-0.223375 0.449464 0.451897
-0.223887 0.449615 0.451913
-0.224002 0.449627 0.451914
-0.224645 0.449335 0.450234
-0.224917 0.449274 0.449745
-0.225742 0.448950 0.447553
-0.226061 0.448850 0.446942
-0.226912 0.448525 0.444619
-0.227255 0.448470 0.443971
-0.227729 0.448256 0.442637
-0.228168 0.448079 0.441605
-0.229126 0.447750 0.438835
-0.230355 0.447900 0.437008
-0.230945 0.448220 0.436832
-0.231527 0.448532 0.436809
-0.232146 0.448912 0.436807
-0.232752 0.449127 0.436804
-0.233229 0.449357 0.436801
-0.233788 0.449583 0.436803
-0.234314 0.449884 0.436796
-0.234877 0.450076 0.436787
-0.235403 0.450271 0.436786
-0.235833 0.450497 0.436771
-0.236232 0.450528 0.436763
-0.236720 0.450705 0.436753
-0.237118 0.450724 0.436740
-0.237590 0.450980 0.436725
-0.238140 0.451142 0.436712
-0.238660 0.451447 0.436690
-0.239326 0.451613 0.436672
-0.239845 0.451852 0.436645
-0.240373 0.452052 0.436618
-0.241018 0.452071 0.436593
-0.241561 0.452234 0.436569
-0.242084 0.452476 0.436538
-0.242671 0.452527 0.436506
-0.243324 0.452812 0.436469
-0.243868 0.452939 0.436437
-0.244443 0.453127 0.436394
-0.244940 0.453307 0.436355
-0.245621 0.453808 0.436289
-0.246158 0.453859 0.436229
-0.246522 0.454153 0.436194
-0.247120 0.453220 0.436389
-0.247744 0.452321 0.436595
-0.249471 0.449641 0.437277
-0.251721 0.448302 0.437912
-0.252997 0.448413 0.437972
-0.254248 0.448987 0.437919
-0.254980 0.449046 0.437845
-0.255694 0.449182 0.437780
-0.256368 0.449384 0.437715
-0.257053 0.449680 0.437640
-0.257823 0.449847 0.437555
-0.258447 0.449901 0.437477
-0.259121 0.450153 0.437392
-0.259903 0.450083 0.437317
-0.260479 0.450355 0.437228
-0.261068 0.450086 0.437165
-0.261596 0.450026 0.437098
-0.262073 0.450053 0.437026
-0.262711 0.450099 0.436936
-0.263495 0.450469 0.436832
-0.264140 0.450529 0.436738
-0.265025 0.451012 0.436609
-0.265638 0.451000 0.436498
-0.266433 0.451144 0.436398
-0.267042 0.451217 0.436280
-0.267607 0.451430 0.436174
-0.268419 0.451588 0.436058
-0.269083 0.451236 0.435945
-0.269522 0.451249 0.435878
-0.269894 0.451089 0.435801
-0.270369 0.451192 0.435752
-0.271045 0.451193 0.435646
-0.271800 0.451462 0.435508
-0.272368 0.451470 0.435405
-0.273208 0.451384 0.435282
-0.273919 0.451425 0.435163
-0.274832 0.451756 0.435009
-0.275614 0.451649 0.434849
-0.276379 0.451756 0.434715
-0.277226 0.452107 0.434558
-0.278294 0.452388 0.434381
-0.278999 0.452697 0.434197
-0.279578 0.452598 0.434044
-0.279952 0.452901 0.433943
-0.280903 0.453464 0.433783
-0.282071 0.453252 0.433551
-0.283336 0.453224 0.433343
-0.283961 0.453176 0.433204
-0.284749 0.453493 0.433025
-0.285388 0.453306 0.432863
-0.285885 0.453475 0.432747
-0.286371 0.452361 0.432916
-0.286809 0.451463 0.433082
-0.288143 0.448464 0.433704
-0.290269 0.446371 0.434321
-0.290575 0.446378 0.434356
-0.291721 0.444306 0.434794
-0.293823 0.442944 0.435182
-0.295260 0.443344 0.435116
-0.296792 0.443827 0.434821
-0.298378 0.443686 0.434469
-0.298681 0.443873 0.434368
-0.298687 0.446104 0.433729
-0.299678 0.447660 0.432825
-0.300632 0.447550 0.432350
-0.301907 0.447702 0.431903
-0.302917 0.447809 0.431512
-0.303421 0.447545 0.431407
-0.303798 0.447424 0.430391
-0.304918 0.447288 0.428434
-0.306493 0.448188 0.427934
-0.307579 0.448371 0.427686
-0.309432 0.448481 0.427338
-0.310841 0.448775 0.426894
-0.312467 0.448848 0.426569
-0.314546 0.449297 0.426132
-0.316246 0.449187 0.425681
-0.317690 0.449491 0.425259
-0.319766 0.449899 0.424663
-0.321702 0.449712 0.424146
-0.323481 0.449951 0.423561
-0.324980 0.449430 0.423089
-0.326353 0.449976 0.422845
-0.328804 0.449780 0.422146
-0.329270 0.449640 0.422021
-0.330642 0.447263 0.422196
-0.332359 0.445386 0.422315
-0.334031 0.444419 0.422458
-0.335749 0.444684 0.422379
-0.337413 0.444513 0.421940
-0.339099 0.444685 0.421528
-0.341037 0.444783 0.421018
-0.343386 0.444774 0.420491
-0.345846 0.444885 0.419995
-0.347508 0.445114 0.419653
-0.349468 0.445255 0.419246
-0.352226 0.444760 0.418845
-0.354591 0.444966 0.418214
-0.357408 0.444783 0.417566
-0.359898 0.444753 0.417025
-0.361072 0.443461 0.417089
-0.362232 0.442392 0.417188
-0.364275 0.438834 0.417842
-0.364935 0.438118 0.418147
-0.366046 0.435510 0.418902
-0.366371 0.434837 0.419277
-0.367619 0.432367 0.420253
-0.368023 0.431728 0.421498
-0.368511 0.431840 0.421865
-0.368927 0.432151 0.422021
-0.370173 0.432116 0.422155
-0.370613 0.432241 0.421776
-0.371629 0.432029 0.421564
-0.373392 0.431658 0.421413
-0.374682 0.431341 0.421451
-0.375176 0.431749 0.421336
-0.375439 0.430706 0.421478
-0.376412 0.428266 0.422239
-0.376483 0.428147 0.422645
-0.376742 0.428386 0.422612
-0.377119 0.428524 0.422400
-0.377407 0.428521 0.422521
-0.377682 0.428271 0.422591
-0.377935 0.428523 0.422463
-0.378325 0.428320 0.422600
-0.378480 0.428375 0.422452
-0.379054 0.428368 0.422412
-0.379986 0.428341 0.422402
-0.380484 0.428213 0.422336
-0.380804 0.428064 0.422268
-0.381378 0.428176 0.422189
-0.382297 0.428127 0.422172
-0.383142 0.428322 0.422275
-0.383747 0.428062 0.422125
-0.384643 0.428016 0.422223
-0.385692 0.427144 0.422209
-0.386843 0.427178 0.422090
-0.387209 0.426783 0.422194
-0.388032 0.426845 0.422266
-0.388351 0.426747 0.422191
-0.388844 0.426676 0.422230
-0.389975 0.426536 0.422288
-0.389787 0.426469 0.422496
-0.390076 0.426540 0.422386
-0.390119 0.426438 0.422501
-0.390111 0.426569 0.422453
-0.390312 0.426489 0.422476
-0.390931 0.426453 0.422330
-0.391456 0.426463 0.422387
-0.392317 0.426293 0.422372
-0.392882 0.426325 0.422394
-0.393559 0.426492 0.422389
-0.394362 0.426071 0.422508
-0.395201 0.425647 0.422470
-0.396078 0.425824 0.422337
-0.396384 0.425743 0.422355
-0.396613 0.425644 0.422305
