-0.080731 0.886045 0.407062
-0.081936 0.885999 0.406998
-0.082041 0.885964 0.406996
-0.083483 0.885809 0.406934
-0.083560 0.885512 0.406968
-0.083583 0.885382 0.406983
-0.083582 0.885234 0.407007
-0.084466 0.884781 0.407007
-0.085294 0.884345 0.407025
-0.087682 0.882905 0.407135
-0.088422 0.881202 0.407547
-0.087456 0.879872 0.407955
-0.086428 0.878820 0.408248
-0.085574 0.877930 0.408479
-0.085018 0.877282 0.408629
-0.085061 0.877127 0.408653
-0.085076 0.876551 0.408755
-0.085191 0.876422 0.408769
-0.085390 0.876044 0.408819
-0.085678 0.875833 0.408838
-0.085802 0.875628 0.408865
-0.086147 0.875440 0.408874
-0.086314 0.875257 0.408893
-0.086691 0.875089 0.408895
-0.086937 0.874854 0.408913
-0.087122 0.874778 0.408910
-0.087497 0.874541 0.408918
-0.087704 0.874469 0.408912
-0.088170 0.874194 0.408916
-0.088363 0.874132 0.408909
-0.088567 0.874052 0.408905
-0.091226 0.872385 0.409003
-0.091061 0.871297 0.409243
-0.090310 0.870319 0.409469
-0.089917 0.869720 0.409589
-0.089358 0.868899 0.409751
-0.088899 0.868152 0.409888
-0.088641 0.867657 0.409970
-0.088298 0.867040 0.410078
-0.087893 0.866330 0.410203
-0.087586 0.865755 0.410303
-0.087211 0.865078 0.410422
-0.087113 0.864831 0.410460
-0.087343 0.864589 0.410477
-0.087441 0.864229 0.410521
-0.087582 0.864116 0.410526
-0.087866 0.863766 0.410555
-0.088048 0.863660 0.410556
-0.089104 0.863083 0.410543
-0.090036 0.862534 0.410551
-0.091376 0.861206 0.410717
-0.091380 0.860966 0.410765
-0.091599 0.860352 0.410868
-0.091553 0.859983 0.410934
-0.091733 0.859650 0.410975
-0.091740 0.859191 0.411048
-0.091863 0.859048 0.411059
-0.092139 0.858497 0.411114
-0.092274 0.858378 0.411119
-0.092540 0.858007 0.411147
-0.092867 0.857795 0.411147
-0.093051 0.857569 0.411158
-0.093420 0.857366 0.411152
-0.093660 0.857073 0.411165
-0.093840 0.856980 0.411158
-0.094187 0.856677 0.411160
-0.094381 0.856587 0.411152
-0.093690 0.857015 0.411158
-0.093026 0.857363 0.411158
-0.093098 0.858013 0.410957
-0.093243 0.858081 0.410910
-0.094310 0.858255 0.410707
-0.094508 0.858265 0.410667
-0.095355 0.858272 0.410536
-0.095537 0.858257 0.410505
-0.096478 0.858204 0.410366
-0.096629 0.858172 0.410340
-0.097174 0.858089 0.410268
-0.097537 0.857982 0.410219
-0.098061 0.857881 0.410153
-0.098525 0.857696 0.410091
-0.098756 0.857636 0.410061
-0.099317 0.857363 0.409977
-0.099545 0.857300 0.409941
-0.100190 0.857006 0.409824
-0.100401 0.856935 0.409783
-0.100922 0.856672 0.409677
-0.101417 0.856510 0.409580
-0.101726 0.856326 0.409504
-0.102456 0.856066 0.409344
-0.102613 0.855973 0.409299
-0.103121 0.855773 0.409182
-0.103440 0.855553 0.409086
-0.104133 0.855240 0.408902
-0.104257 0.855141 0.408854
-0.104876 0.854833 0.408666
-0.105224 0.854587 0.408538
-0.105921 0.854246 0.408314
-0.106056 0.854132 0.408252
-0.106991 0.853512 0.408163
-0.107961 0.852948 0.408080
-0.108597 0.852472 0.408046
-0.109741 0.851593 0.408026
-0.110762 0.850821 0.408026
-0.111314 0.850194 0.408086
-0.112360 0.849183 0.408160
-0.113283 0.848279 0.408246
-0.113753 0.846520 0.408723
-0.113708 0.846063 0.408868
-0.113546 0.845711 0.409036
-0.113361 0.845361 0.409195
-0.113194 0.844412 0.409491
-0.113106 0.844099 0.409573
-0.113063 0.843036 0.409786
-0.112992 0.842800 0.409834
-0.113108 0.841982 0.409929
-0.113084 0.841801 0.409951
-0.113275 0.841293 0.409965
-0.113308 0.841112 0.409968
-0.113638 0.840612 0.409932
-0.113723 0.840427 0.409918
-0.114273 0.839772 0.409809
-0.114287 0.839642 0.409794
-0.114694 0.839138 0.409664
-0.114793 0.838985 0.409626
-0.115413 0.838532 0.409461
-0.115388 0.838494 0.409457
-0.115365 0.838424 0.409454
-0.115522 0.838312 0.409408
-0.115598 0.838263 0.409386
-0.115710 0.838167 0.409353
-0.115969 0.838032 0.409279
-0.116168 0.837951 0.409223
-0.116368 0.837831 0.409160
-0.116687 0.837682 0.409061
-0.116964 0.837574 0.408974
-0.117248 0.837424 0.408879
-0.118523 0.836791 0.408352
-0.118690 0.836638 0.408229
-0.119181 0.836303 0.407959
-0.119347 0.836122 0.407840
-0.119510 0.835959 0.407726
-0.119680 0.835707 0.406858
-0.119790 0.835437 0.406120
-0.120478 0.834435 0.404625
-0.120483 0.834231 0.404453
-0.121018 0.833537 0.403979
-0.121122 0.833322 0.403860
-0.121594 0.832847 0.403585
-0.121759 0.832597 0.403465
-0.121969 0.832354 0.403340
-0.122287 0.831966 0.402446
-0.122449 0.831599 0.401701
-0.122927 0.830911 0.400720
-0.122999 0.830626 0.400427
-0.123723 0.829876 0.400280
-0.124583 0.829148 0.400140
-0.125330 0.827350 0.400133
-0.125262 0.827095 0.400161
-0.125172 0.826516 0.400195
-0.125359 0.825962 0.400156
-0.125216 0.825519 0.400177
-0.125429 0.824860 0.400092
-0.125509 0.824630 0.400053
-0.125716 0.824396 0.399983
-0.125898 0.824161 0.399917
-0.126036 0.823959 0.399859
-0.126842 0.823275 0.399888
-0.128018 0.820971 0.400430
-0.127492 0.819844 0.400716
-0.127638 0.818922 0.400728
-0.126524 0.818400 0.401030
-0.125955 0.817826 0.401242
-0.126026 0.816899 0.401271
-0.125918 0.815934 0.401270
-0.126384 0.815072 0.401102
-0.126123 0.814123 0.401048
-0.126008 0.813485 0.401006
-0.125657 0.812616 0.401025
-0.125532 0.811853 0.400989
-0.126037 0.810860 0.400789
-0.125577 0.809986 0.400802
-0.125983 0.808866 0.400629
-0.126563 0.807742 0.400305
-0.126715 0.806915 0.400057
-0.127177 0.806123 0.399764
-0.127363 0.805390 0.399546
-0.126831 0.804844 0.399569
-0.126877 0.804142 0.399483
-0.126388 0.803717 0.399531
-0.127140 0.802968 0.399268
-0.127363 0.802531 0.399087
-0.127556 0.802094 0.398907
-0.128105 0.801647 0.398642
-0.127808 0.801580 0.398632
-0.127813 0.801510 0.398622
-0.128576 0.800913 0.398699
-0.129887 0.799555 0.399297
-0.129844 0.799288 0.399617
-0.129055 0.799320 0.400001
-0.129405 0.798944 0.399991
-0.130076 0.798396 0.400135
-0.131040 0.797455 0.400423
-0.131797 0.796740 0.400705
-0.132717 0.795701 0.401255
-0.133602 0.794875 0.401594
-0.135038 0.793060 0.403042
-0.132657 0.793195 0.404506
-0.130421 0.792979 0.405809
-0.128870 0.792748 0.406741
-0.128593 0.791872 0.407239
-0.128316 0.791569 0.407478
-0.128138 0.791523 0.407565
-0.127642 0.791277 0.407844
-0.127237 0.791303 0.407971
-0.126619 0.791116 0.408193
-0.126531 0.790693 0.408293
-0.125982 0.790430 0.408496
-0.125559 0.790361 0.408628
-0.123860 0.789649 0.409210
-0.122750 0.789101 0.409679
-0.122749 0.788857 0.409733
-0.121964 0.788370 0.410022
-0.122011 0.788162 0.410050
-0.121737 0.787757 0.410176
-0.121628 0.787591 0.410225
-0.122318 0.786861 0.410332
-0.122638 0.786349 0.410489
-0.122631 0.786005 0.410661
-0.123325 0.785144 0.410884
-0.123817 0.784399 0.411110
-0.123616 0.783273 0.411782
-0.123162 0.783091 0.412013
-0.122329 0.782667 0.412408
-0.121727 0.782551 0.412619
-0.120409 0.782299 0.413043
-0.119682 0.782155 0.413265
-0.119089 0.781912 0.413466
-0.119330 0.781080 0.413719
-0.119370 0.780408 0.413980
-0.119212 0.779832 0.414215
-0.119723 0.778791 0.414488
-0.119834 0.778017 0.414766
-0.119525 0.777450 0.415029
-0.119865 0.776446 0.415326
-0.119908 0.775598 0.415609
-0.117535 0.773411 0.416568
-0.115321 0.772135 0.417074
-0.115048 0.771740 0.417167
-0.114749 0.771045 0.417322
-0.114407 0.770502 0.417442
-0.113996 0.769975 0.417587
-0.113840 0.769775 0.417630
-0.113712 0.769436 0.417704
-0.113639 0.769257 0.417738
-0.114344 0.768522 0.417847
-0.115119 0.767880 0.417940
-0.115694 0.766975 0.418141
-0.115666 0.766820 0.418211
-0.115455 0.766670 0.418270
-0.115533 0.766480 0.418323
-0.115511 0.766391 0.418337
-0.115548 0.766275 0.418365
-0.115618 0.766099 0.418385
-0.115821 0.765941 0.418398
-0.115958 0.765786 0.418409
-0.116812 0.765149 0.418502
-0.117518 0.764606 0.418591
-0.117894 0.764277 0.418659
-0.118935 0.763467 0.418799
-0.119803 0.762812 0.418917
-0.120554 0.761915 0.419160
-0.120431 0.761803 0.419183
-0.120334 0.761545 0.419228
-0.120246 0.761441 0.419250
-0.120185 0.761353 0.419282
-0.120168 0.761278 0.419294
-0.120339 0.761119 0.419327
-0.120297 0.761087 0.419337
-0.120558 0.760973 0.419351
-0.120531 0.760957 0.419359
-0.120703 0.760885 0.419368
-0.120690 0.760882 0.419376
-0.121513 0.760239 0.419492
-0.122317 0.759748 0.419592
-0.122881 0.759375 0.419651
-0.124047 0.758519 0.419802
-0.124997 0.757901 0.419927
-0.125566 0.756969 0.420183
-0.124933 0.757089 0.420206
-0.124773 0.756545 0.420268
-0.124368 0.756393 0.420290
-0.124434 0.756047 0.420335
-0.124190 0.755622 0.420371
-0.123734 0.755430 0.420409
-0.123541 0.755131 0.420447
-0.123450 0.755003 0.420460
-0.125122 0.753547 0.420731
-0.125399 0.753140 0.420807
-0.126980 0.751542 0.421149
-0.127297 0.751107 0.421237
-0.129096 0.749389 0.421595
-0.129135 0.748197 0.421823
-0.128754 0.747806 0.421830
-0.127969 0.747146 0.421840
-0.127833 0.746949 0.421858
-0.127395 0.746293 0.421884
-0.127263 0.746112 0.421898
-0.126929 0.745810 0.421910
-0.126551 0.745561 0.421924
-0.126242 0.745270 0.421931
-0.126035 0.744848 0.421949
-0.125687 0.744588 0.421957
-0.125694 0.744330 0.421967
-0.126530 0.743492 0.422136
-0.127193 0.742839 0.422277
-0.127357 0.742126 0.422405
-0.128195 0.741278 0.422597
-0.128945 0.740563 0.422751
-0.129522 0.739564 0.422917
-0.129264 0.739543 0.422914
-0.128369 0.739177 0.422875
-0.128386 0.738934 0.422880
-0.128083 0.738329 0.422884
-0.127874 0.738244 0.422882
-0.128576 0.737499 0.423055
-0.129216 0.736829 0.423210
-0.129418 0.736441 0.423287
-0.130248 0.735541 0.423504
-0.130978 0.734746 0.423681
-0.131274 0.734247 0.423772
-0.132145 0.733257 0.423999
-0.132947 0.732429 0.424186
-0.133442 0.731606 0.424344
-0.133516 0.731237 0.424366
-0.132673 0.730392 0.424321
-0.132609 0.729995 0.424330
-0.131955 0.729183 0.424310
-0.131847 0.728754 0.424318
-0.131107 0.727616 0.424295
-0.130704 0.726751 0.424306
-0.130140 0.726132 0.424310
-0.129781 0.725310 0.424331
-0.129391 0.724439 0.424329
-0.129287 0.723909 0.424335
-0.128837 0.723185 0.424334
-0.128480 0.722848 0.424338
-0.127612 0.722248 0.424330
-0.127384 0.721772 0.424343
-0.126617 0.720672 0.424342
-0.125291 0.718396 0.424346
-0.125272 0.716850 0.424471
-0.124931 0.715518 0.424506
-0.124323 0.714334 0.424532
-0.124168 0.713160 0.424593
-0.123769 0.712025 0.424616
-0.123758 0.710766 0.424692
-0.123319 0.709971 0.424718
-0.123151 0.708983 0.424767
-0.122984 0.708129 0.424806
-0.122402 0.707251 0.424830
-0.122200 0.706170 0.424891
-0.122096 0.705880 0.424905
-0.124028 0.703590 0.425426
-0.124473 0.701810 0.425530
-0.123968 0.701209 0.425496
-0.124935 0.700292 0.425700
-0.126168 0.699007 0.425995
-0.128126 0.696930 0.426457
-0.129117 0.695263 0.426676
-0.129184 0.694521 0.426622
-0.129045 0.693653 0.426595
-0.128489 0.692997 0.426564
-0.128121 0.692106 0.426585
-0.127777 0.691321 0.426612
-0.127424 0.689991 0.426625
-0.127262 0.688903 0.426677
-0.126940 0.688333 0.426687
-0.126740 0.687366 0.426726
-0.126522 0.686252 0.426760
-0.126147 0.684823 0.426800
-0.125840 0.683373 0.426840
-0.125437 0.681944 0.426889
-0.125369 0.681695 0.426906
-0.126900 0.680029 0.427335
-0.127402 0.678521 0.427558
-0.127612 0.677365 0.427587
-0.127572 0.676532 0.427608
-0.128513 0.675676 0.427826
-0.130159 0.673644 0.428273
-0.129977 0.672907 0.428223
-0.130166 0.672184 0.428229
-0.129644 0.671642 0.428198
-0.129211 0.670778 0.428204
-0.129055 0.669668 0.428231
-0.128995 0.668419 0.428280
-0.128939 0.668067 0.428291
-0.130562 0.666070 0.428735
-0.130959 0.665401 0.428851
-0.132872 0.663284 0.429378
-0.133417 0.662537 0.429507
-0.135686 0.660332 0.430063
-0.136996 0.657928 0.430326
-0.136866 0.657050 0.430252
-0.136271 0.656241 0.430191
-0.135850 0.654849 0.430191
-0.136023 0.654147 0.430241
-0.135851 0.653980 0.430238
-0.135561 0.653600 0.430230
-0.135455 0.653241 0.430227
-0.135203 0.652371 0.430225
-0.134987 0.652057 0.430217
-0.134615 0.651377 0.430209
-0.134388 0.651095 0.430201
-0.133912 0.650138 0.430195
-0.133684 0.649853 0.430192
-0.133178 0.648850 0.430184
-0.132937 0.648503 0.430184
-0.132758 0.647987 0.430189
-0.133443 0.646841 0.430427
-0.134010 0.645851 0.430633
-0.134308 0.645115 0.430755
-0.135328 0.643831 0.431060
-0.136160 0.642867 0.431307
-0.136662 0.642068 0.431451
-0.137824 0.640744 0.431775
-0.138708 0.639626 0.432028
-0.139226 0.638808 0.432170
-0.140327 0.637560 0.432490
-0.141315 0.636531 0.432752
-0.142332 0.635117 0.432990
-0.142280 0.634604 0.432999
-0.141980 0.633471 0.432917
-0.141515 0.632236 0.432847
-0.141469 0.630945 0.432867
-0.140927 0.629653 0.432852
-0.140858 0.629403 0.432866
-0.140890 0.628892 0.432912
-0.140958 0.628572 0.432936
-0.141017 0.628135 0.432980
-0.141069 0.626958 0.433047
-0.141103 0.625829 0.433106
-0.141084 0.625590 0.433118
-0.141125 0.625336 0.433157
-0.141093 0.624235 0.433219
-0.140878 0.623145 0.433254
-0.140741 0.622475 0.433302
-0.140743 0.622269 0.433327
-0.140791 0.621800 0.433377
-0.140889 0.621551 0.433407
-0.141008 0.620644 0.433500
-0.140816 0.619727 0.433521
-0.140782 0.619464 0.433535
-0.140818 0.618980 0.433581
-0.140583 0.617855 0.433621
-0.140523 0.617341 0.433680
-0.140421 0.616777 0.433711
-0.140490 0.616598 0.433735
-0.140684 0.616080 0.433787
-0.140865 0.615598 0.433838
-0.140696 0.615174 0.433879
-0.140752 0.614551 0.433933
-0.140381 0.614090 0.433932
-0.140260 0.613370 0.433967
-0.141066 0.612377 0.434224
-0.142176 0.610847 0.434610
-0.143256 0.609747 0.434949
-0.145244 0.607415 0.435554
-0.146346 0.606260 0.435875
-0.148209 0.604141 0.436429
-0.149183 0.603060 0.436740
-0.151012 0.600992 0.437336
-0.151062 0.599886 0.437298
-0.151122 0.598688 0.437313
-0.150569 0.598102 0.437273
-0.150499 0.597493 0.437300
-0.150476 0.597282 0.437306
-0.150574 0.596772 0.437341
-0.150513 0.596621 0.437350
-0.150561 0.596297 0.437388
-0.150651 0.595772 0.437430
-0.150810 0.595427 0.437476
-0.150849 0.595083 0.437503
-0.150938 0.594891 0.437538
-0.151042 0.594520 0.437580
-0.151105 0.594437 0.437600
-0.151144 0.594356 0.437620
-0.151990 0.593512 0.437906
-0.152903 0.592665 0.438184
-0.153570 0.591908 0.438373
-0.154757 0.590677 0.438765
-0.155765 0.589828 0.439092
-0.156993 0.588980 0.439541
-0.157164 0.588918 0.439568
-0.157298 0.588864 0.439587
-0.157540 0.588750 0.439609
-0.157608 0.588673 0.439614
-0.157685 0.588635 0.439621
-0.158563 0.587820 0.439909
-0.159416 0.586997 0.440182
-0.160121 0.586385 0.440371
-0.161421 0.585193 0.440782
-0.162390 0.584289 0.441118
-0.163611 0.583274 0.441473
-0.164021 0.582967 0.441555
-0.164744 0.582444 0.441670
-0.164820 0.582385 0.441673
-0.164987 0.582287 0.441681
-0.165045 0.582146 0.441683
-0.165118 0.582147 0.441686
-0.165226 0.581840 0.441691
-0.165242 0.581815 0.441693
-0.165975 0.581061 0.441982
-0.166618 0.580307 0.442248
-0.167155 0.579677 0.442429
-0.168249 0.578448 0.442837
-0.169207 0.577481 0.443186
-0.170524 0.575861 0.443590
-0.171124 0.574713 0.443785
-0.171008 0.574240 0.443728
-0.170682 0.573979 0.443654
-0.170683 0.573757 0.443658
-0.170524 0.573406 0.443636
-0.170342 0.573047 0.443613
-0.170291 0.572466 0.443611
-0.169753 0.571512 0.443536
-0.169665 0.570756 0.443555
-0.169572 0.570499 0.443554
-0.169103 0.569379 0.443507
-0.168766 0.568551 0.443508
-0.168841 0.568079 0.443538
-0.168664 0.567597 0.443545
-0.168401 0.566451 0.443544
-0.168283 0.565495 0.443577
-0.168122 0.565040 0.443599
-0.168845 0.564178 0.443910
-0.170562 0.561790 0.444641
-0.170759 0.560274 0.444757
-0.170723 0.559813 0.444779
-0.172586 0.555967 0.445727
-0.172931 0.553783 0.445940
-0.173675 0.552482 0.446284
-0.174966 0.549549 0.447009
-0.174966 0.549264 0.447057
-0.176214 0.547239 0.447704
-0.177020 0.545439 0.448141
-0.177846 0.544176 0.448520
-0.179198 0.541546 0.449280
-0.179272 0.540165 0.449360
-0.179102 0.539237 0.449341
-0.178921 0.538473 0.449314
-0.178723 0.538041 0.449281
-0.178432 0.537588 0.449211
-0.178258 0.537301 0.449176
-0.178126 0.536850 0.449144
-0.177941 0.536329 0.449109
-0.177684 0.535869 0.449065
-0.177508 0.535629 0.449044
-0.177548 0.535350 0.449057
-0.177658 0.534906 0.449098
-0.177685 0.534659 0.449112
-0.177793 0.534225 0.449151
-0.177812 0.533982 0.449166
-0.177898 0.533583 0.449207
-0.177932 0.533364 0.449226
-0.178039 0.533040 0.449279
-0.178108 0.532797 0.449307
-0.178310 0.532425 0.449374
-0.178394 0.532098 0.449409
-0.178496 0.531787 0.449465
-0.178523 0.531554 0.449489
-0.178667 0.531063 0.449551
-0.179365 0.530026 0.449895
-0.180031 0.528968 0.450233
-0.180890 0.527865 0.450646
-0.181163 0.527355 0.450771
-0.181399 0.526864 0.450875
-0.182258 0.525579 0.451278
-0.182996 0.524419 0.451652
-0.183879 0.523079 0.452093
-0.184120 0.522610 0.452221
-0.184881 0.521489 0.452624
-0.185591 0.520562 0.452999
-0.186376 0.519355 0.453437
-0.186635 0.519076 0.453566
-0.186994 0.518466 0.453733
-0.187131 0.518339 0.453787
-0.187339 0.518051 0.453866
-0.187669 0.517475 0.453975
-0.187941 0.517561 0.454050
-0.188297 0.517492 0.454127
-0.188747 0.517435 0.454222
-0.189100 0.517601 0.454297
-0.189384 0.517289 0.454357
-0.190071 0.516350 0.454693
-0.191917 0.514228 0.455608
-0.192342 0.514612 0.455754
-0.192784 0.514717 0.455839
-0.193163 0.514676 0.455902
-0.193545 0.514982 0.455961
-0.193990 0.515222 0.456030
-0.194290 0.515071 0.456081
-0.194679 0.515129 0.456158
-0.194735 0.515150 0.456168
-0.196011 0.513490 0.456819
-0.196880 0.512606 0.457215
-0.197741 0.511436 0.457656
-0.199535 0.509048 0.458556
-0.200447 0.507773 0.459030
-0.201984 0.505927 0.459784
-0.203013 0.504632 0.460326
-0.205439 0.502618 0.461547
-0.206582 0.502119 0.461908
-0.207321 0.502189 0.462057
-0.207680 0.502070 0.462094
-0.208048 0.502372 0.462140
-0.208418 0.502542 0.462172
-0.208866 0.502952 0.462216
-0.209313 0.502709 0.462258
-0.209902 0.502747 0.462335
-0.210074 0.502622 0.462346
-0.210518 0.502154 0.462406
-0.211020 0.502207 0.462455
-0.211658 0.502315 0.462507
-0.212282 0.502225 0.462558
-0.212727 0.501926 0.462584
-0.213286 0.501709 0.462621
-0.213753 0.501526 0.462643
-0.214495 0.501483 0.462688
-0.215233 0.501611 0.462697
-0.216013 0.501338 0.462708
-0.216829 0.501753 0.462711
-0.217938 0.501181 0.462732
-0.218541 0.500777 0.462701
-0.219207 0.499823 0.462994
-0.219967 0.498941 0.463284
-0.221129 0.497471 0.463796
-0.223886 0.494834 0.464866
-0.225209 0.494076 0.465106
-0.226315 0.493702 0.465132
-0.227376 0.493046 0.465041
-0.228498 0.493128 0.464971
-0.229561 0.492523 0.464920
-0.230456 0.492119 0.464888
-0.231103 0.491964 0.464839
-0.231884 0.491881 0.464786
-0.232564 0.492104 0.464718
-0.233486 0.492567 0.464647
-0.234359 0.492643 0.464530
-0.235152 0.492711 0.464464
-0.235524 0.492945 0.464388
-0.236102 0.492475 0.464312
-0.236462 0.492658 0.464293
-0.236750 0.492783 0.464254
-0.237335 0.491976 0.464519
-0.238584 0.490382 0.464951
-0.239550 0.489145 0.465343
-0.242314 0.487061 0.466169
-0.244672 0.487043 0.466251
-0.246464 0.486419 0.466096
-0.247504 0.485737 0.465966
-0.248676 0.485304 0.465812
-0.249108 0.484004 0.465751
-0.249937 0.482979 0.465645
-0.250720 0.483212 0.465506
-0.251616 0.483632 0.465285
-0.252489 0.484094 0.465108
-0.253580 0.483731 0.464957
-0.254534 0.483751 0.464798
-0.255548 0.483756 0.464618
-0.256747 0.483676 0.464378
-0.257754 0.483436 0.464164
-0.258486 0.483149 0.463956
-0.258864 0.482816 0.463836
-0.259149 0.482650 0.463760
-0.259314 0.482543 0.463716
-0.259858 0.481541 0.463946
-0.260494 0.480520 0.464169
-0.261445 0.479125 0.464574
-0.262950 0.477451 0.465128
-0.263991 0.476133 0.465508
-0.266996 0.474457 0.466075
-0.270020 0.475078 0.465813
-0.272010 0.475573 0.465318
-0.274167 0.474453 0.464759
-0.275944 0.473360 0.464308
-0.277555 0.473350 0.463854
-0.278399 0.471993 0.463974
-0.279817 0.470147 0.464137
-0.280670 0.468615 0.464434
-0.282277 0.466496 0.464816
-0.283211 0.464843 0.465092
-0.284691 0.462828 0.465538
-0.285723 0.461859 0.465816
-0.289249 0.460019 0.465927
-0.292019 0.460387 0.465124
-0.295194 0.460817 0.464114
-0.298624 0.460732 0.462760
-0.299446 0.460573 0.462419
-0.301116 0.459989 0.461719
-0.302043 0.459954 0.461372
-0.312751 0.461199 0.455537
-0.318415 0.459457 0.453217
-0.324429 0.458834 0.451478
-0.328820 0.455503 0.449799
-0.333120 0.453266 0.448477
-0.336409 0.452127 0.447406
-0.337229 0.450638 0.447428
-0.340066 0.448243 0.447000
-0.341564 0.448710 0.446862
-0.343959 0.448517 0.446039
-0.346359 0.448816 0.445496
-0.349417 0.448053 0.444484
-0.350343 0.446897 0.444500
-0.351443 0.445132 0.444529
-0.352020 0.443571 0.444697
-0.353585 0.441551 0.444720
-0.354258 0.441878 0.444613
-0.355288 0.442646 0.444100
-0.356191 0.442677 0.443405
-0.357262 0.443019 0.442984
-0.359273 0.442558 0.442082
-0.361077 0.442064 0.441681
-0.362405 0.441379 0.441353
-0.363464 0.441132 0.441257
-0.363735 0.441000 0.441163
-0.364424 0.438830 0.441376
-0.364564 0.438286 0.441506
-0.364844 0.436197 0.442029
-0.364344 0.435784 0.442604
-0.364074 0.436863 0.442836
-0.364608 0.436509 0.442537
-0.364751 0.437199 0.442279
-0.365419 0.436717 0.441796
-0.365663 0.436847 0.441523
-0.366289 0.436540 0.441343
-0.366542 0.436496 0.441268
-0.367175 0.436561 0.441022
-0.367463 0.436626 0.440875
-0.368027 0.436559 0.440600
-0.368089 0.436933 0.440255
-0.368885 0.436741 0.439835
-0.369328 0.436574 0.439842
-0.369589 0.435446 0.440002
-0.369786 0.434506 0.440559
-0.369588 0.433363 0.440987
-0.369122 0.431950 0.441663
-0.368843 0.431016 0.442086
-0.367320 0.430052 0.443468
-0.366330 0.431071 0.443512
-0.365990 0.431405 0.443556
-0.366503 0.431768 0.443111
-0.366916 0.431663 0.442628
-0.367414 0.431831 0.442453
-0.368397 0.431851 0.441948
-0.369346 0.431618 0.441593
-0.369699 0.431425 0.441561
-0.370620 0.430688 0.439811
-0.370926 0.430604 0.439228
-0.371213 0.430320 0.437609
-0.371243 0.430349 0.437204
-0.371292 0.429800 0.435431
-0.371260 0.429892 0.435058
-0.371006 0.429773 0.433052
-0.371009 0.429849 0.433145
-0.370988 0.429772 0.431899
-0.371114 0.429680 0.431652
-0.371232 0.429405 0.430908
-0.371330 0.428540 0.430166
-0.371023 0.428711 0.431097
-0.370606 0.428495 0.431850
-0.370098 0.428359 0.432442
-0.369746 0.428874 0.433012
-0.369866 0.428464 0.433023
-0.369842 0.428651 0.433344
-0.369935 0.428596 0.433208
-0.370349 0.428410 0.433305
-0.370429 0.428433 0.433335
-0.370743 0.428238 0.433368
-0.371119 0.428055 0.433636
-0.371941 0.427815 0.433587
-0.373049 0.428032 0.433714
-0.373770 0.427826 0.433447
-0.374102 0.426638 0.433634
-0.374547 0.425235 0.434023
-0.374834 0.422974 0.434685
-0.374634 0.422730 0.434997
-0.374119 0.420538 0.435901
-0.372765 0.421088 0.436459
-0.372691 0.421272 0.436265
-0.372707 0.421946 0.435760
-0.373186 0.421745 0.435167
-0.373528 0.422180 0.435060
-0.374226 0.422061 0.434641
