-0.080727 0.886065 0.407064
-0.081365 0.886048 0.407029
-0.082091 0.886069 0.406979
-0.082302 0.886064 0.406965
-0.082902 0.886017 0.406932
-0.083102 0.886002 0.406920
-0.083638 0.885913 0.406898
-0.084037 0.885875 0.406876
-0.084383 0.885792 0.406865
-0.084781 0.885744 0.406844
-0.085122 0.885646 0.406835
-0.085519 0.885591 0.406814
-0.085857 0.885483 0.406806
-0.086379 0.885409 0.406778
-0.086618 0.885308 0.406772
-0.087465 0.885122 0.406673
-0.087493 0.884994 0.406689
-0.087513 0.884919 0.406699
-0.089939 0.883252 0.406866
-0.089601 0.882356 0.407154
-0.089149 0.881704 0.407350
-0.088917 0.881285 0.407456
-0.088668 0.880860 0.407553
-0.088437 0.880481 0.407632
-0.088195 0.880081 0.407714
-0.088132 0.879922 0.407743
-0.090317 0.877988 0.407957
-0.090267 0.877731 0.408024
-0.091783 0.874761 0.408560
-0.091578 0.874427 0.408653
-0.092789 0.871402 0.409194
-0.092559 0.870972 0.409305
-0.093231 0.867113 0.410042
-0.092921 0.866666 0.410152
-0.093743 0.863135 0.410766
-0.093458 0.862630 0.410880
-0.093933 0.858400 0.411622
-0.093607 0.857916 0.411725
-0.094122 0.853740 0.412410
-0.092259 0.851442 0.412854
-0.092004 0.851116 0.412910
-0.091488 0.849833 0.413121
-0.091361 0.849604 0.413157
-0.091233 0.848597 0.413310
-0.091174 0.848442 0.413332
-0.091405 0.847845 0.413411
-0.091394 0.847724 0.413426
-0.091789 0.847212 0.413487
-0.091794 0.847118 0.413498
-0.092295 0.846724 0.413535
-0.092314 0.846644 0.413543
-0.092860 0.846345 0.413564
-0.092898 0.846270 0.413571
-0.093491 0.845993 0.413586
-0.093535 0.845921 0.413592
-0.094150 0.845658 0.413603
-0.094197 0.845589 0.413608
-0.094858 0.845311 0.413617
-0.094897 0.845246 0.413622
-0.095275 0.845105 0.413621
-0.097945 0.843335 0.413766
-0.098062 0.843053 0.413811
-0.098377 0.842130 0.413966
-0.098338 0.841970 0.413992
-0.098593 0.841369 0.414074
-0.098583 0.841247 0.414089
-0.098982 0.840791 0.414138
-0.098997 0.840598 0.414159
-0.099150 0.840499 0.414164
-0.101850 0.838588 0.414336
-0.101959 0.838286 0.414386
-0.102159 0.837186 0.414575
-0.102106 0.837029 0.414599
-0.102339 0.836441 0.414677
-0.102329 0.836319 0.414692
-0.103206 0.835649 0.414736
-0.105131 0.833938 0.414947
-0.105043 0.833210 0.415076
-0.105168 0.832694 0.415157
-0.106036 0.832004 0.415214
-0.107387 0.830427 0.415418
-0.107610 0.829361 0.415605
-0.107544 0.829139 0.415642
-0.108355 0.828362 0.415716
-0.110016 0.826370 0.416001
-0.109781 0.825514 0.416150
-0.109803 0.825281 0.416186
-0.111900 0.823291 0.416429
-0.112077 0.822455 0.416567
-0.112082 0.821419 0.416743
-0.112880 0.820657 0.416828
-0.113611 0.819927 0.416920
-0.114263 0.817801 0.417269
-0.115034 0.817019 0.417361
-0.115743 0.816271 0.417461
-0.116321 0.814097 0.417816
-0.116205 0.813856 0.417850
-0.116047 0.812910 0.417986
-0.115991 0.812762 0.418003
-0.116210 0.812238 0.418070
-0.116205 0.812123 0.418082
-0.116596 0.811726 0.418129
-0.116616 0.811630 0.418139
-0.117114 0.811274 0.418178
-0.117139 0.811192 0.418184
-0.117664 0.810908 0.418211
-0.117705 0.810826 0.418217
-0.118272 0.810552 0.418240
-0.118347 0.810400 0.418251
-0.118846 0.810188 0.418267
-0.118949 0.810035 0.418277
-0.119473 0.809827 0.418291
-0.119602 0.809485 0.418314
-0.119534 0.809048 0.418344
-0.119491 0.808750 0.418365
-0.119392 0.808554 0.418281
-0.119329 0.808243 0.418275
-0.119219 0.808037 0.418184
-0.119110 0.807634 0.418179
-0.118996 0.807443 0.418090
-0.119859 0.806772 0.418143
-0.121101 0.805626 0.418272
-0.121164 0.804371 0.418334
-0.121084 0.804163 0.418353
-0.120503 0.803347 0.418311
-0.120440 0.803194 0.418321
-0.120024 0.802581 0.418248
-0.119985 0.802450 0.418255
-0.119725 0.801991 0.418168
-0.119695 0.801864 0.418172
-0.119564 0.801565 0.418091
-0.121186 0.800242 0.418218
-0.121615 0.799726 0.418281
-0.121536 0.798222 0.418360
-0.121446 0.798020 0.418378
-0.120853 0.797226 0.418329
-0.120790 0.797074 0.418338
-0.120436 0.796543 0.418259
-0.121274 0.795837 0.418331
-0.122058 0.795148 0.418414
-0.122456 0.793331 0.418538
-0.122366 0.793115 0.418557
-0.121830 0.792380 0.418505
-0.121753 0.792214 0.418513
-0.121499 0.791823 0.418439
-0.123451 0.789960 0.418651
-0.123634 0.789537 0.418704
-0.123319 0.788373 0.418724
-0.124111 0.787612 0.418812
-0.124854 0.786899 0.418905
-0.125197 0.785272 0.419003
-0.124596 0.784539 0.419061
-0.124264 0.784071 0.419094
-0.124233 0.783964 0.419101
-0.123573 0.783698 0.419106
-0.124385 0.783000 0.419197
-0.125158 0.782336 0.419292
-0.125123 0.780849 0.419481
-0.125036 0.780678 0.419493
-0.124186 0.780246 0.419503
-0.124962 0.779517 0.419600
-0.125705 0.778826 0.419701
-0.125560 0.777257 0.419884
-0.125462 0.777077 0.419894
-0.124326 0.776467 0.419891
-0.124243 0.776331 0.419894
-0.123339 0.775911 0.419876
-0.123184 0.775660 0.419880
-0.122959 0.775581 0.419875
-0.124837 0.773501 0.420183
-0.124898 0.773204 0.420215
-0.124067 0.772442 0.420235
-0.123965 0.772279 0.420238
-0.122894 0.771702 0.420203
-0.122821 0.771567 0.420204
-0.121969 0.771148 0.420168
-0.121895 0.771014 0.420169
-0.120965 0.770530 0.420127
-0.120908 0.770403 0.420128
-0.120035 0.769947 0.420086
-0.120893 0.769246 0.420198
-0.121707 0.768577 0.420311
-0.121876 0.767106 0.420454
-0.121811 0.766935 0.420457
-0.121197 0.766594 0.420426
-0.123119 0.764777 0.420721
-0.123328 0.764395 0.420768
-0.122726 0.763487 0.420783
-0.122635 0.763313 0.420781
-0.121713 0.762782 0.420718
-0.121629 0.762634 0.420714
-0.120767 0.762168 0.420650
-0.120626 0.761901 0.420644
-0.120204 0.761739 0.420612
-0.122117 0.759955 0.420918
-0.122335 0.759578 0.420965
-0.121791 0.758683 0.420966
-0.121710 0.758510 0.420962
-0.120833 0.757981 0.420887
-0.120755 0.757832 0.420882
-0.120328 0.757618 0.420845
-0.122229 0.755784 0.421160
-0.122533 0.755102 0.421233
-0.121840 0.754389 0.421190
-0.121762 0.754228 0.421183
-0.120833 0.753664 0.421087
-0.120775 0.753527 0.421081
-0.120018 0.753104 0.421002
-0.119902 0.752843 0.420992
-0.119159 0.752488 0.420914
-0.119104 0.752356 0.420910
-0.118370 0.751944 0.420833
-0.118261 0.751684 0.420824
-0.117534 0.751330 0.420747
-0.118405 0.750620 0.420882
-0.119235 0.749939 0.421019
-0.119567 0.748465 0.421134
-0.119523 0.748293 0.421129
-0.118677 0.747716 0.421023
-0.118625 0.747578 0.421016
-0.117896 0.747152 0.420925
-0.117787 0.746889 0.420911
-0.117067 0.746531 0.420822
-0.117015 0.746398 0.420816
-0.116232 0.745923 0.420719
-0.115896 0.745280 0.420678
-0.115357 0.745325 0.420620
-0.114928 0.746116 0.419558
-0.114665 0.747086 0.418406
-0.114117 0.748425 0.417070
-0.113553 0.749673 0.415928
-0.112812 0.751173 0.414615
-0.112056 0.752646 0.413364
-0.111282 0.754104 0.412150
-0.110491 0.755554 0.410961
-0.109779 0.756844 0.409914
-0.108898 0.758366 0.408697
-0.108129 0.759686 0.407651
-0.107192 0.761223 0.406451
-0.106269 0.762706 0.405308
-0.105455 0.764006 0.404314
-0.104580 0.765365 0.403289
-0.103540 0.766920 0.402135
-0.102647 0.768248 0.401159
-0.101705 0.769618 0.400166
-0.100595 0.771174 0.399058
-0.099648 0.772498 0.398125
-0.098651 0.773860 0.397178
-0.097619 0.775242 0.396233
-0.096418 0.776798 0.395191
-0.095400 0.778115 0.394317
-0.094192 0.779627 0.393338
-0.093157 0.780920 0.392507
-0.092066 0.782254 0.391665
-0.090789 0.783770 0.390735
-0.089702 0.785058 0.389951
-0.085558 0.783290 0.389729
-0.083396 0.784590 0.390002
-0.082373 0.786213 0.390321
-0.081498 0.787938 0.390719
-0.080838 0.789681 0.391103
-0.080126 0.791370 0.391537
-0.079585 0.792725 0.391900
-0.079077 0.793822 0.392222
-0.078754 0.794624 0.392457
-0.078407 0.795301 0.392677
-0.078070 0.795846 0.392877
-0.077726 0.796284 0.393064
-0.077380 0.796634 0.393240
-0.077079 0.796913 0.393393
-0.076797 0.797140 0.393528
-0.076549 0.797273 0.393632
-0.076318 0.797359 0.393719
-0.075905 0.797389 0.393860
-0.075832 0.797349 0.393877
-0.075638 0.797261 0.393927
-0.075491 0.797205 0.393963
-0.075300 0.797081 0.394005
-0.075137 0.796970 0.394039
-0.074959 0.796844 0.394074
-0.074783 0.796708 0.394105
-0.074556 0.796518 0.394142
-0.074356 0.796314 0.394167
-0.074206 0.796117 0.394178
-0.074053 0.795897 0.394187
-0.073870 0.795647 0.394196
-0.073701 0.795398 0.394199
-0.073546 0.795138 0.394195
-0.073360 0.794822 0.394194
-0.073209 0.794497 0.394179
-0.073065 0.794178 0.394165
-0.072927 0.793887 0.394156
-0.072747 0.793567 0.394156
-0.072560 0.793218 0.394150
-0.072406 0.792904 0.394140
-0.072237 0.792581 0.394134
-0.072082 0.792250 0.394121
-0.071901 0.791844 0.394102
-0.071759 0.791495 0.394084
-0.071590 0.791136 0.394068
-0.071414 0.790755 0.394053
-0.071253 0.790374 0.394032
-0.071085 0.789943 0.394003
-0.070934 0.789528 0.393971
-0.070788 0.789116 0.393938
-0.070641 0.788754 0.393913
-0.070470 0.788308 0.393882
-0.070334 0.787921 0.393853
-0.070180 0.787521 0.393825
-0.070021 0.787087 0.393794
-0.069849 0.786588 0.393756
-0.069701 0.786101 0.393712
-0.069568 0.785684 0.393674
-0.069420 0.785235 0.393635
-0.069273 0.784763 0.393593
-0.069127 0.784286 0.393549
-0.068986 0.783809 0.393502
-0.068842 0.783241 0.393442
-0.068725 0.782760 0.393390
-0.068594 0.782257 0.393339
-0.068458 0.781678 0.393277
-0.068339 0.781113 0.393212
-0.068226 0.780553 0.393146
-0.068119 0.780069 0.393093
-0.067976 0.779486 0.393030
-0.067857 0.778994 0.392976
-0.067812 0.779137 0.392972
-0.067644 0.778986 0.392975
-0.067432 0.778662 0.392967
-0.067207 0.778170 0.392936
-0.067049 0.777688 0.392895
-0.066878 0.777061 0.392835
-0.066741 0.776424 0.392768
-0.066624 0.775864 0.392709
-0.066489 0.775178 0.392635
-0.066378 0.774500 0.392555
-0.066276 0.773819 0.392474
-0.066182 0.773227 0.392405
-0.066074 0.772603 0.392336
-0.065956 0.771856 0.392250
-0.065863 0.771222 0.392177
-0.065756 0.770568 0.392104
-0.065651 0.769897 0.392029
-0.065547 0.769211 0.391953
-0.065437 0.768411 0.391863
-0.065352 0.767742 0.391787
-0.065259 0.767051 0.391710
-0.065164 0.766343 0.391631
-0.065071 0.765509 0.391535
-0.064997 0.764708 0.391442
-0.064929 0.764031 0.391365
-0.064843 0.763210 0.391277
-0.064774 0.762513 0.391202
-0.064698 0.761781 0.391126
-0.064624 0.761031 0.391047
-0.064548 0.760151 0.390952
-0.064523 0.759604 0.390892
-0.064491 0.759298 0.390867
-0.064443 0.759081 0.390857
-0.064379 0.758883 0.390852
-0.064284 0.758654 0.390854
-0.064197 0.758443 0.390855
-0.064090 0.758195 0.390858
-0.063978 0.757907 0.390857
-0.063865 0.757583 0.390851
-0.063741 0.757177 0.390838
-0.063646 0.756816 0.390823
-0.063548 0.756425 0.390804
-0.063448 0.756006 0.390783
-0.063339 0.755491 0.390753
-0.063246 0.754980 0.390720
-0.063166 0.754533 0.390692
-0.063074 0.754058 0.390665
-0.062980 0.753496 0.390629
-0.062909 0.753018 0.390597
-0.062832 0.752517 0.390564
-0.062753 0.751988 0.390528
-0.062678 0.751444 0.390491
-0.062603 0.750799 0.390443
-0.062543 0.750165 0.390392
-0.062484 0.749619 0.390352
-0.062410 0.749040 0.390313
-0.062333 0.748439 0.390274
-0.062259 0.747739 0.390225
-0.062203 0.747149 0.390184
-0.062135 0.746445 0.390138
-0.062077 0.745852 0.390099
-0.062009 0.745228 0.390060
-0.061942 0.744591 0.390018
-0.061881 0.743849 0.389967
-0.061838 0.743237 0.389924
-0.061793 0.742618 0.389879
-0.061744 0.741981 0.389832
-0.061690 0.741320 0.389785
-0.061644 0.740648 0.389736
-0.061606 0.739869 0.389676
-0.061573 0.739216 0.389626
-0.061533 0.738539 0.389577
-0.061500 0.737856 0.389526
-0.061473 0.737170 0.389474
-0.061447 0.736468 0.389420
-0.061419 0.735750 0.389364
-0.061395 0.735027 0.389307
-0.061370 0.734293 0.389250
-0.061357 0.733441 0.389179
-0.061349 0.732748 0.389121
-0.061327 0.732035 0.389064
-0.061303 0.731184 0.388995
-0.061297 0.730376 0.388924
-0.061296 0.729598 0.388855
-0.061287 0.728932 0.388799
-0.061267 0.728240 0.388745
-0.061248 0.727408 0.388679
-0.061232 0.726711 0.388622
-0.061206 0.725985 0.388565
-0.061189 0.725138 0.388495
-0.061176 0.724426 0.388436
-0.061160 0.723583 0.388367
-0.061160 0.722777 0.388298
-0.061153 0.722090 0.388241
-0.061135 0.721371 0.388187
-0.061131 0.720518 0.388120
-0.061130 0.719804 0.388063
-0.061141 0.718969 0.387992
-0.061164 0.718153 0.387919
-0.061178 0.717455 0.387858
-0.061186 0.716728 0.387798
-0.061196 0.715977 0.387736
-0.061210 0.715217 0.387672
-0.061225 0.714450 0.387607
-0.061256 0.713567 0.387527
-0.061284 0.712840 0.387461
-0.061309 0.712105 0.387393
-0.061352 0.711259 0.387308
-0.061397 0.710467 0.387228
-0.061423 0.709799 0.387167
-0.061443 0.709104 0.387106
-0.061474 0.708284 0.387031
-0.061505 0.707490 0.386959
-0.061538 0.706714 0.386888
-0.061573 0.705949 0.386817
-0.061608 0.705185 0.386746
-0.061629 0.704527 0.386685
-0.061643 0.703832 0.386622
-0.061659 0.703105 0.386556
-0.061679 0.702368 0.386491
-0.061718 0.701525 0.386414
-0.061753 0.700841 0.386353
-0.061798 0.700039 0.386279
-0.061846 0.699269 0.386207
-0.061891 0.698519 0.386138
-0.061921 0.697878 0.386081
-0.061959 0.697108 0.386012
-0.062005 0.696368 0.385945
-0.062038 0.695745 0.385892
-0.062067 0.695101 0.385837
-0.062107 0.694351 0.385772
-0.062140 0.693730 0.385720
-0.062168 0.693081 0.385666
-0.062213 0.692313 0.385599
-0.062248 0.691671 0.385543
-0.062278 0.691004 0.385487
-0.062328 0.690216 0.385416
-0.062387 0.689451 0.385344
-0.062448 0.688692 0.385272
-0.062509 0.687941 0.385199
-0.062555 0.687291 0.385139
-0.062615 0.686498 0.385064
-0.062682 0.685713 0.384987
-0.062731 0.685037 0.384923
-0.062779 0.684335 0.384857
-0.062845 0.683507 0.384775
-0.062919 0.682704 0.384694
-0.062974 0.682012 0.384627
-0.063023 0.681280 0.384556
-0.063089 0.680411 0.384469
-0.063161 0.679582 0.384384
-0.063215 0.678868 0.384312
-0.063283 0.678026 0.384225
-0.063344 0.677315 0.384153
-0.063427 0.676458 0.384062
-0.063517 0.675633 0.383973
-0.063588 0.674928 0.383899
-0.063680 0.674088 0.383810
-0.063768 0.673279 0.383723
-0.063837 0.672581 0.383652
-0.063905 0.671842 0.383577
-0.063994 0.670968 0.383487
-0.064065 0.670241 0.383414
-0.064154 0.669370 0.383326
-0.064244 0.668522 0.383237
-0.064311 0.667784 0.383163
-0.064400 0.666881 0.383071
-0.064474 0.666136 0.382995
-0.064565 0.665257 0.382906
-0.064656 0.664398 0.382818
-0.064724 0.663657 0.382746
-0.064815 0.662756 0.382654
-0.064887 0.661990 0.382579
-0.064984 0.661060 0.382485
-0.065067 0.660278 0.382406
-0.065174 0.659335 0.382310
-0.065256 0.658538 0.382231
-0.065336 0.657700 0.382151
-0.065445 0.656706 0.382053
-0.065566 0.655739 0.381953
-0.065662 0.654920 0.381870
-0.065780 0.653949 0.381772
-0.065874 0.653122 0.381689
-0.065998 0.652126 0.381585
-0.066101 0.651289 0.381499
-0.066202 0.650426 0.381411
-0.066312 0.649545 0.381320
-0.066428 0.648633 0.381226
-0.066549 0.647710 0.381130
-0.066707 0.646630 0.381015
-0.066835 0.645755 0.380923
-0.066987 0.644732 0.380816
-0.067107 0.643871 0.380729
-0.067228 0.642975 0.380640
-0.067350 0.642059 0.380548
-0.067502 0.640996 0.380440
-0.067655 0.639992 0.380336
-0.067774 0.639140 0.380251
-0.067922 0.638117 0.380146
-0.068065 0.637122 0.380044
-0.068174 0.636285 0.379960
-0.068284 0.635406 0.379874
-0.068425 0.634368 0.379769
-0.068568 0.633367 0.379666
-0.068677 0.632520 0.379582
-0.068808 0.631508 0.379483
-0.068915 0.630646 0.379400
-0.069029 0.629734 0.379312
-0.069184 0.628645 0.379201
-0.069346 0.627597 0.379091
-0.069494 0.626588 0.378988
-0.069607 0.625728 0.378904
-0.069748 0.624691 0.378801
-0.069889 0.623680 0.378699
-0.070029 0.622683 0.378598
-0.070136 0.621833 0.378515
-0.070270 0.620799 0.378413
-0.070381 0.619909 0.378327
-0.070501 0.618974 0.378234
-0.070664 0.617863 0.378117
-0.070797 0.616933 0.378021
-0.070923 0.615971 0.377925
-0.071053 0.614992 0.377825
-0.071218 0.613842 0.377705
-0.071351 0.612895 0.377606
-0.071482 0.611934 0.377507
-0.071612 0.610952 0.377408
-0.071749 0.609950 0.377307
-0.071891 0.608929 0.377203
-0.072042 0.607895 0.377098
-0.072196 0.606853 0.376992
-0.072352 0.605814 0.376886
-0.072507 0.604780 0.376782
-0.072659 0.603744 0.376680
-0.072818 0.602711 0.376576
-0.073017 0.601505 0.376452
-0.073207 0.600369 0.376335
-0.073385 0.599277 0.376224
-0.073524 0.598350 0.376133
-0.073703 0.597212 0.376020
-0.073854 0.596241 0.375925
-0.074038 0.595074 0.375812
-0.074185 0.594103 0.375722
-0.074364 0.592946 0.375613
-0.074506 0.591972 0.375524
-0.074686 0.590797 0.375416
-0.074834 0.589811 0.375327
-0.075024 0.588626 0.375218
-0.075182 0.587623 0.375128
-0.075349 0.586570 0.375033
-0.075565 0.585315 0.374918
-0.075735 0.584270 0.374824
-0.075909 0.583189 0.374729
-0.076122 0.581921 0.374614
-0.076334 0.580720 0.374505
-0.076507 0.579692 0.374415
-0.076721 0.578454 0.374303
-0.076938 0.577238 0.374195
-0.077122 0.576198 0.374104
-0.077309 0.575117 0.374011
-0.077541 0.573841 0.373899
-0.077735 0.572776 0.373807
-0.077967 0.571515 0.373698
-0.078193 0.570308 0.373594
-0.078379 0.569274 0.373509
-0.078611 0.568030 0.373403
-0.078801 0.566978 0.373317
-0.079005 0.565867 0.373226
-0.079219 0.564711 0.373130
-0.079439 0.563532 0.373032
-0.079707 0.562174 0.372914
-0.079959 0.560906 0.372806
-0.080159 0.559844 0.372719
-0.080394 0.558574 0.372615
-0.080617 0.557351 0.372516
-0.080827 0.556161 0.372421
-0.080999 0.555149 0.372343
-0.081178 0.554086 0.372262
-0.081368 0.552988 0.372179
-0.081596 0.551719 0.372080
-0.081780 0.550674 0.372003
-0.082009 0.549413 0.371909
-0.082234 0.548191 0.371820
-0.082451 0.546997 0.371734
-0.082631 0.545967 0.371665
-0.082825 0.544877 0.371592
-0.083021 0.543753 0.371517
-0.083223 0.542620 0.371440
-0.083434 0.541478 0.371363
-0.083648 0.540326 0.371285
-0.083908 0.538984 0.371192
-0.084119 0.537880 0.371117
-0.084332 0.536759 0.371042
-0.084587 0.535456 0.370955
-0.084835 0.534218 0.370874
-0.085036 0.533175 0.370807
-0.085242 0.532092 0.370738
-0.085499 0.530794 0.370653
-0.085752 0.529553 0.370572
-0.085960 0.528512 0.370505
-0.086223 0.527252 0.370423
-0.086440 0.526195 0.370356
-0.086711 0.524922 0.370274
-0.086934 0.523859 0.370208
-0.087210 0.522576 0.370127
-0.087434 0.521505 0.370062
-0.087668 0.520389 0.369996
-0.087955 0.519069 0.369917
-0.088188 0.517972 0.369853
-0.088429 0.516842 0.369789
-0.088678 0.515680 0.369722
-0.088985 0.514319 0.369642
-0.089242 0.513196 0.369579
-0.089510 0.512044 0.369515
-0.089780 0.510876 0.369450
-0.090057 0.509687 0.369386
-0.090345 0.508476 0.369321
-0.090635 0.507271 0.369258
-0.090922 0.506070 0.369198
-0.091271 0.504677 0.369128
-0.091555 0.503543 0.369073
-0.091850 0.502379 0.369020
-0.092154 0.501185 0.368967
-0.092468 0.499969 0.368913
-0.092845 0.498557 0.368850
-0.093157 0.497396 0.368800
-0.093543 0.496016 0.368740
-0.093860 0.494873 0.368692
-0.094190 0.493684 0.368644
-0.094531 0.492452 0.368595
-0.094881 0.491193 0.368547
-0.095243 0.489922 0.368499
-0.095682 0.488441 0.368443
-0.096042 0.487222 0.368401
-0.096417 0.485966 0.368360
-0.096867 0.484505 0.368310
-0.097293 0.483116 0.368266
-0.097656 0.481948 0.368232
-0.098047 0.480730 0.368199
-0.098538 0.479272 0.368159
-0.099025 0.477875 0.368123
-0.099514 0.476510 0.368090
-0.099944 0.475335 0.368065
-0.100484 0.473908 0.368035
-0.101022 0.472518 0.368008
-0.101488 0.471324 0.367990
-0.102076 0.469851 0.367965
-0.102584 0.468609 0.367949
-0.103125 0.467318 0.367931
-0.103695 0.465997 0.367915
-0.104288 0.464667 0.367901
-0.104898 0.463337 0.367889
-0.105540 0.461995 0.367880
-0.106295 0.460441 0.367868
-0.107024 0.458972 0.367860
-0.107667 0.457747 0.367859
-0.108483 0.456270 0.367856
-0.109182 0.455045 0.367859
-0.110048 0.453560 0.367861
-0.110790 0.452332 0.367869
-0.111567 0.451047 0.367875
-0.112491 0.449539 0.367881
-0.113270 0.448306 0.367890
-0.114108 0.447020 0.367898
-0.114971 0.445724 0.367906
-0.115855 0.444414 0.367914
-0.116893 0.442894 0.367922
-0.117885 0.441466 0.367933
-0.118733 0.440273 0.367945
-0.119769 0.438830 0.367955
-0.120773 0.437444 0.367967
-0.121629 0.436282 0.367979
-0.122523 0.435072 0.367991
-0.123588 0.433634 0.368001
-0.124473 0.432475 0.368013
-0.125410 0.431273 0.368023
-0.126366 0.430065 0.368032
-0.127470 0.428683 0.368040
-0.128494 0.427426 0.368049
-0.129361 0.426393 0.368059
-0.130273 0.425317 0.368066
-0.131195 0.424241 0.368072
-0.132118 0.423167 0.368078
-0.133021 0.422106 0.368085
-0.133738 0.421675 0.368146
-0.134254 0.421634 0.368243
-0.134744 0.421652 0.368335
-0.135169 0.421683 0.368411
-0.135610 0.421727 0.368487
-0.136120 0.421807 0.368576
-0.136554 0.421877 0.368648
-0.137069 0.421956 0.368727
-0.137501 0.422014 0.368790
-0.137944 0.422062 0.368849
-0.138398 0.422106 0.368906
-0.138855 0.422144 0.368961
-0.139322 0.422174 0.369013
-0.139798 0.422192 0.369062
-0.140332 0.422211 0.369117
-0.140769 0.422218 0.369159
-0.141282 0.422210 0.369204
-0.141785 0.422193 0.369242
-0.142276 0.422163 0.369275
-0.142784 0.422113 0.369301
-0.143238 0.422055 0.369320
-0.143808 0.421960 0.369339
-0.144297 0.421875 0.369353
-0.144905 0.421754 0.369366
-0.145418 0.421650 0.369377
-0.146044 0.421511 0.369387
-0.146628 0.421383 0.369398
-0.147186 0.421254 0.369406
-0.147739 0.421119 0.369412
-0.148220 0.420992 0.369414
-0.148805 0.420822 0.369414
-0.149291 0.420682 0.369414
-0.149880 0.420504 0.369410
-0.150394 0.420351 0.369406
-0.150938 0.420176 0.369400
-0.151503 0.419990 0.369392
-0.152080 0.419797 0.369383
-0.152758 0.419570 0.369373
-0.153398 0.419362 0.369365
-0.153947 0.419184 0.369355
-0.154612 0.418950 0.369340
-0.155167 0.418759 0.369327
-0.155744 0.418550 0.369312
-0.156327 0.418334 0.369296
-0.156994 0.418080 0.369278
-0.157540 0.417877 0.369265
-0.158186 0.417622 0.369247
-0.158807 0.417379 0.369229
-0.159413 0.417140 0.369212
-0.159940 0.416929 0.369196
-0.160586 0.416660 0.369175
-0.161127 0.416436 0.369158
-0.161761 0.416164 0.369138
-0.162369 0.415909 0.369122
-0.162908 0.415684 0.369107
-0.163477 0.415435 0.369089
-0.164062 0.415177 0.369071
-0.164761 0.414863 0.369049
-0.165339 0.414612 0.369032
-0.165956 0.414338 0.369013
-0.166593 0.414054 0.368993
-0.167244 0.413762 0.368970
-0.167992 0.413425 0.368943
-0.168598 0.413157 0.368921
-0.169318 0.412828 0.368894
-0.170015 0.412512 0.368868
-0.170703 0.412198 0.368845
-0.171311 0.411922 0.368824
-0.172048 0.411574 0.368797
-0.172671 0.411283 0.368777
-0.173421 0.410921 0.368751
-0.174133 0.410582 0.368728
-0.174739 0.410295 0.368708
-0.175377 0.409984 0.368683
-0.176025 0.409664 0.368658
-0.176686 0.409335 0.368633
-0.177445 0.408954 0.368603
-0.178080 0.408643 0.368577
-0.178751 0.408306 0.368549
-0.179539 0.407904 0.368516
-0.180184 0.407578 0.368490
-0.180953 0.407176 0.368458
-0.181606 0.406839 0.368431
-0.182391 0.406419 0.368396
-0.183033 0.406082 0.368368
-0.183799 0.405666 0.368332
-0.184527 0.405271 0.368298
-0.185159 0.404926 0.368267
-0.185928 0.404489 0.368226
-0.186668 0.404071 0.368186
-0.187311 0.403711 0.368151
-0.187993 0.403319 0.368112
-0.188787 0.402852 0.368067
-0.189449 0.402472 0.368030
-0.190147 0.402062 0.367989
-0.190960 0.401569 0.367938
-0.191729 0.401105 0.367889
-0.192402 0.400698 0.367847
-0.193121 0.400249 0.367800
-0.193857 0.399780 0.367751
-0.194691 0.399238 0.367694
-0.195380 0.398803 0.367649
-0.196094 0.398341 0.367602
-0.196822 0.397866 0.367554
-0.197665 0.397306 0.367500
-0.198361 0.396853 0.367459
-0.199189 0.396297 0.367408
-0.199886 0.395842 0.367366
-0.200713 0.395291 0.367317
-0.201413 0.394838 0.367276
-0.202159 0.394350 0.367234
-0.203033 0.393769 0.367185
-0.203761 0.393304 0.367147
-0.204634 0.392744 0.367105
-0.205366 0.392293 0.367070
-0.206131 0.391816 0.367033
-0.206914 0.391333 0.366996
-0.207821 0.390810 0.366954
-0.208568 0.390562 0.366922
-0.209341 0.390411 0.366891
-0.210133 0.390321 0.366861
-0.211049 0.390260 0.366827
-0.211803 0.390253 0.366799
-0.212703 0.390248 0.366764
-0.213467 0.390268 0.366733
-0.214278 0.390282 0.366699
-0.215235 0.390299 0.366659
-0.216026 0.390332 0.366628
-0.216978 0.390361 0.366592
-0.217888 0.390411 0.366560
-0.218673 0.390457 0.366534
-0.219620 0.390497 0.366503
-0.220425 0.390542 0.366479
-0.221275 0.390572 0.366454
-0.222154 0.390597 0.366430
-0.223053 0.390622 0.366406
-0.224091 0.390665 0.366382
-0.224956 0.390723 0.366362
-0.225980 0.390786 0.366338
-0.226963 0.390865 0.366316
-0.227814 0.390939 0.366295
-0.228842 0.391011 0.366271
-0.229839 0.391098 0.366249
-0.230705 0.391167 0.366230
-0.231748 0.391233 0.366210
-0.232636 0.391301 0.366194
-0.233579 0.391356 0.366177
-0.234561 0.391407 0.366160
-0.235561 0.391461 0.366142
-0.236573 0.391522 0.366126
-0.237740 0.391596 0.366109
-0.238695 0.391677 0.366097
-0.239836 0.391759 0.366084
-0.240796 0.391833 0.366072
-0.241947 0.391903 0.366061
-0.242918 0.391976 0.366053
-0.243942 0.392034 0.366046
-0.245143 0.392108 0.366042
-0.246291 0.392190 0.366041
-0.247427 0.392279 0.366041
-0.248559 0.392365 0.366043
-0.249548 0.392443 0.366045
-0.250754 0.392517 0.366052
-0.251786 0.392592 0.366056
-0.253029 0.392669 0.366064
-0.254080 0.392749 0.366071
-0.255342 0.392831 0.366081
-0.256417 0.392912 0.366090
-0.257707 0.392998 0.366102
-0.258953 0.393114 0.366116
-0.260026 0.393213 0.366129
-0.261315 0.393321 0.366144
-0.262417 0.393410 0.366158
-0.263580 0.393476 0.366175
-0.264950 0.393547 0.366201
-0.266255 0.393628 0.366231
-0.267375 0.393686 0.366257
-0.268707 0.393717 0.366296
-0.269835 0.393748 0.366329
-0.271177 0.393759 0.366372
-0.272487 0.393783 0.366416
-0.273787 0.393798 0.366463
-0.275077 0.393811 0.366512
-0.276371 0.393815 0.366563
-0.277510 0.393816 0.366607
-0.278730 0.393786 0.366656
-0.280173 0.393737 0.366720
-0.281374 0.393717 0.366775
-0.282628 0.393681 0.366834
-0.283901 0.393646 0.366897
-0.285180 0.393620 0.366963
-0.286631 0.393608 0.367044
-0.287983 0.393619 0.367124
-0.289128 0.393618 0.367194
-0.290329 0.393581 0.367272
-0.291570 0.393522 0.367358
-0.293006 0.393455 0.367467
-0.294360 0.393413 0.367575
-0.295680 0.393368 0.367684
-0.296979 0.393318 0.367791
-0.298118 0.393270 0.367889
-0.299505 0.393188 0.368013
-0.300860 0.393116 0.368137
-0.302042 0.393046 0.368247
-0.303462 0.392935 0.368383
-0.304659 0.392873 0.368493
-0.305907 0.392794 0.368607
-0.307188 0.392711 0.368727
-0.308666 0.392624 0.368872
-0.309882 0.392579 0.368991
-0.311141 0.392514 0.369115
-0.312602 0.392440 0.369265
-0.313815 0.392402 0.369388
-0.315254 0.392333 0.369537
-0.316448 0.392283 0.369663
-0.317871 0.392188 0.369821
-0.319051 0.392121 0.369953
-0.320270 0.392039 0.370090
-0.321511 0.391957 0.370227
-0.322750 0.391875 0.370365
-0.324173 0.391786 0.370530
-0.325355 0.391721 0.370668
-0.326576 0.391620 0.370815
-0.327982 0.391491 0.370993
-0.329139 0.391400 0.371142
-0.330509 0.391262 0.371325
-0.331648 0.391162 0.371479
-0.332991 0.391018 0.371664
-0.334109 0.390907 0.371818
-0.335269 0.390769 0.371977
-0.336613 0.390603 0.372168
-0.337717 0.390487 0.372323
-0.339025 0.390322 0.372512
-0.340122 0.390187 0.372669
-0.341258 0.390033 0.372833
-0.342578 0.389859 0.373028
-0.343832 0.389715 0.373213
-0.345055 0.389576 0.373394
-0.346116 0.389440 0.373551
-0.347230 0.389265 0.373721
-0.348534 0.389052 0.373926
-0.349617 0.388891 0.374100
-0.350737 0.388717 0.374282
-0.351879 0.388541 0.374468
-0.353189 0.388344 0.374683
-0.354267 0.388197 0.374859
-0.355376 0.388026 0.375040
-0.356660 0.387830 0.375253
-0.357728 0.387683 0.375430
-0.358822 0.387511 0.375614
-0.359922 0.387343 0.375798
-0.361031 0.387175 0.375980
-0.362313 0.386989 0.376192
-0.363519 0.386844 0.376393
-0.364541 0.386720 0.376563
-0.365759 0.386544 0.376771
-0.366779 0.386412 0.376946
-0.367827 0.386249 0.377128
-0.369032 0.386071 0.377340
-0.370032 0.385938 0.377511
-0.371067 0.385779 0.377687
-0.372127 0.385601 0.377869
-0.373349 0.385390 0.378084
-0.374362 0.385228 0.378261
-0.375401 0.385046 0.378443
-0.376604 0.384842 0.378658
-0.377603 0.384697 0.378835
-0.378778 0.384508 0.379049
-0.379904 0.384347 0.379251
-0.380870 0.384203 0.379422
-0.382033 0.383992 0.379631
-0.383025 0.383817 0.379808
-0.384060 0.383609 0.379994
-0.385263 0.383353 0.380218
-0.386411 0.383120 0.380435
-0.387390 0.382918 0.380618
-0.388423 0.382674 0.380814
-0.389631 0.382382 0.381046
-0.390641 0.382157 0.381237
-0.391841 0.381878 0.381467
-0.392839 0.381670 0.381655
-0.393875 0.381430 0.381851
-0.395083 0.381134 0.382082
-0.396087 0.380903 0.382272
-0.397282 0.380600 0.382502
-0.398430 0.380322 0.382725
-0.399414 0.380080 0.382913
-0.400458 0.379788 0.383118
-0.401683 0.379424 0.383367
-0.402716 0.379130 0.383579
-0.403795 0.378794 0.383804
-0.404898 0.378441 0.384036
-0.406174 0.378033 0.384315
-0.407378 0.377674 0.384582
-0.408546 0.377325 0.384844
-0.409545 0.377017 0.385069
-0.410598 0.376658 0.385312
-0.411673 0.376284 0.385558
-0.412756 0.375898 0.385808
-0.413835 0.375509 0.386060
-0.414907 0.375117 0.386312
-0.415979 0.374728 0.386562
-0.417188 0.374287 0.386849
-0.418171 0.373950 0.387079
-0.419167 0.373585 0.387314
-0.420312 0.373147 0.387588
-0.421105 0.372860 0.387775
-0.422278 0.372350 0.388064
-0.423078 0.372037 0.388258
-0.424258 0.371514 0.388558
-0.425047 0.371203 0.388753
-0.426063 0.370744 0.389007
-0.427190 0.370238 0.389288
-0.428087 0.369853 0.389507
-0.428988 0.369426 0.389729
-0.430018 0.368902 0.389984
-0.430982 0.368423 0.390221
-0.431906 0.367968 0.390450
-0.432692 0.367596 0.390644
-0.433632 0.367147 0.390883
-0.434529 0.366763 0.391114
