-0.080772 0.885797 0.407040
-0.080951 0.885791 0.407031
-0.081447 0.885736 0.407024
-0.081637 0.885722 0.407015
-0.082134 0.885639 0.407008
-0.082522 0.885606 0.406990
-0.082849 0.885533 0.406987
-0.083365 0.885483 0.406963
-0.083571 0.885421 0.406962
-0.084092 0.885357 0.406938
-0.084298 0.885283 0.406937
-0.084900 0.885202 0.406909
-0.085051 0.885129 0.406909
-0.085882 0.884913 0.406823
-0.085900 0.884888 0.406825
-0.086510 0.884770 0.406805
-0.086557 0.884739 0.406807
-0.087485 0.884282 0.406801
-0.089692 0.882897 0.406977
-0.089705 0.882731 0.407026
-0.090575 0.882146 0.407068
-0.092436 0.880314 0.407414
-0.092314 0.879882 0.407549
-0.092401 0.879233 0.407724
-0.092184 0.878829 0.407834
-0.092373 0.878480 0.407899
-0.092322 0.878166 0.407966
-0.092631 0.877895 0.407998
-0.092675 0.877646 0.408039
-0.093062 0.877429 0.408049
-0.093170 0.877223 0.408074
-0.093670 0.877006 0.408071
-0.094596 0.876513 0.408075
-0.095449 0.876037 0.408098
-0.096717 0.874882 0.408285
-0.097582 0.874233 0.408342
-0.098346 0.873615 0.408414
-0.098901 0.871511 0.408899
-0.098739 0.871259 0.408967
-0.098335 0.870087 0.409241
-0.099100 0.869461 0.409289
-0.099809 0.868857 0.409351
-0.100358 0.866809 0.409776
-0.100212 0.866563 0.409836
-0.100006 0.865576 0.410041
-0.099818 0.865233 0.410111
-0.099899 0.864563 0.410217
-0.099867 0.864434 0.410238
-0.100193 0.863909 0.410294
-0.100181 0.863707 0.410319
-0.100591 0.863372 0.410336
-0.100646 0.863199 0.410351
-0.101173 0.862874 0.410352
-0.101211 0.862800 0.410356
-0.101822 0.862502 0.410343
-0.102735 0.861964 0.410356
-0.103580 0.861441 0.410386
-0.104844 0.860205 0.410570
-0.105711 0.859505 0.410633
-0.106480 0.858840 0.410709
-0.107102 0.856680 0.411163
-0.106960 0.856428 0.411223
-0.106664 0.855300 0.411455
-0.106579 0.855133 0.411486
-0.106664 0.854370 0.411600
-0.106311 0.853693 0.411706
-0.106031 0.853138 0.411785
-0.105712 0.852511 0.411872
-0.105464 0.851974 0.411944
-0.105265 0.851499 0.412006
-0.105389 0.851405 0.412008
-0.105681 0.850944 0.412042
-0.105841 0.850863 0.412040
-0.106244 0.850466 0.412055
-0.106419 0.850395 0.412049
-0.106894 0.849995 0.412050
-0.107071 0.849935 0.412042
-0.108126 0.849348 0.412049
-0.109962 0.847556 0.412276
-0.110083 0.847349 0.412312
-0.110109 0.846512 0.412467
-0.110208 0.846378 0.412482
-0.110360 0.845771 0.412561
-0.110628 0.845581 0.412567
-0.110810 0.845211 0.412598
-0.110970 0.845125 0.412596
-0.112003 0.844502 0.412614
-0.113759 0.842833 0.412819
-0.114056 0.842195 0.412938
-0.113956 0.841679 0.413040
-0.114752 0.840985 0.413094
-0.116398 0.839472 0.413286
-0.116276 0.838357 0.413534
-0.116317 0.837797 0.413641
-0.117140 0.837092 0.413703
-0.118263 0.835890 0.413859
-0.118583 0.834377 0.414173
-0.118484 0.834149 0.414222
-0.119245 0.833364 0.414304
-0.120773 0.831322 0.414633
-0.120473 0.830445 0.414829
-0.120429 0.829817 0.414952
-0.119796 0.828788 0.415150
-0.119335 0.828084 0.415263
-0.118903 0.827362 0.415366
-0.117999 0.825886 0.415537
-0.118627 0.825852 0.415510
-0.119411 0.825919 0.415462
-0.120330 0.826081 0.415390
-0.121128 0.826202 0.415329
-0.122076 0.825645 0.415362
-0.124428 0.824032 0.415614
-0.124821 0.823747 0.415689
-0.125405 0.823717 0.415685
-0.126151 0.823800 0.415649
-0.127043 0.823984 0.415587
-0.127900 0.824157 0.415522
-0.128809 0.824352 0.415449
-0.130205 0.824917 0.415286
-0.130300 0.824758 0.415292
-0.130249 0.824410 0.415326
-0.130145 0.824013 0.415366
-0.130030 0.823605 0.415407
-0.130858 0.822939 0.415466
-0.131980 0.820511 0.415891
-0.131178 0.819427 0.416109
-0.130679 0.818684 0.416227
-0.130567 0.818410 0.416263
-0.132595 0.815879 0.416627
-0.132056 0.814740 0.416862
-0.132784 0.813965 0.416955
-0.133393 0.811082 0.417487
-0.133243 0.810831 0.417535
-0.134858 0.807846 0.418023
-0.134412 0.806917 0.418209
-0.135957 0.804705 0.418552
-0.135029 0.802471 0.418994
-0.135720 0.801653 0.419106
-0.136201 0.798665 0.419639
-0.135268 0.797527 0.419826
-0.134521 0.796589 0.419954
-0.134030 0.795851 0.420040
-0.133671 0.795200 0.420105
-0.133377 0.794586 0.420160
-0.133159 0.794043 0.420205
-0.132896 0.793416 0.420254
-0.132690 0.792860 0.420296
-0.133533 0.792148 0.420383
-0.134795 0.789658 0.420763
-0.134133 0.788626 0.420886
-0.133716 0.787916 0.420954
-0.133444 0.787339 0.421003
-0.134272 0.786606 0.421095
-0.135615 0.784377 0.421451
-0.135154 0.783701 0.421539
-0.134895 0.783256 0.421584
-0.134666 0.782802 0.421625
-0.134493 0.782379 0.421658
-0.134372 0.781995 0.421686
-0.134356 0.781806 0.421698
-0.134256 0.781579 0.421832
-0.134217 0.781309 0.421869
-0.134136 0.781148 0.421988
-0.134009 0.780719 0.422056
-0.133882 0.780296 0.422086
-0.133731 0.779838 0.422114
-0.133623 0.779435 0.422138
-0.133484 0.778982 0.422165
-0.133380 0.778579 0.422189
-0.133267 0.778159 0.422214
-0.133150 0.777733 0.422239
-0.133030 0.777302 0.422264
-0.132884 0.776833 0.422292
-0.132776 0.776420 0.422316
-0.132716 0.776085 0.422335
-0.134827 0.774360 0.422586
-0.135096 0.773209 0.422767
-0.134710 0.772599 0.422829
-0.134440 0.772118 0.422867
-0.134242 0.771671 0.422899
-0.134104 0.771265 0.422925
-0.133967 0.770840 0.422951
-0.133803 0.770370 0.422979
-0.133682 0.769952 0.423003
-0.133557 0.769517 0.423028
-0.133401 0.769037 0.423054
-0.133260 0.768578 0.423079
-0.133151 0.768158 0.423102
-0.132845 0.767446 0.423132
-0.132835 0.767152 0.423150
-0.132733 0.766732 0.423175
-0.132632 0.766324 0.423198
-0.132568 0.765982 0.423217
-0.134697 0.764238 0.423474
-0.135001 0.763083 0.423645
-0.134622 0.762465 0.423696
-0.134387 0.762005 0.423725
-0.134192 0.761549 0.423752
-0.134177 0.761437 0.423758
-0.136668 0.758893 0.424155
-0.136673 0.758702 0.424178
-0.139029 0.755956 0.424629
-0.139010 0.755753 0.424654
-0.141277 0.753129 0.425100
-0.141287 0.752879 0.425135
-0.143543 0.750145 0.425618
-0.143546 0.749888 0.425654
-0.145775 0.747120 0.426160
-0.145732 0.746655 0.426223
-0.147862 0.744247 0.426684
-0.147567 0.743118 0.426836
-0.146720 0.742359 0.426896
-0.146227 0.742430 0.426858
-0.145876 0.743895 0.424070
-0.145428 0.744775 0.423109
-0.144777 0.745928 0.421912
-0.143835 0.747486 0.420328
-0.142842 0.749091 0.418711
-0.141936 0.750536 0.417258
-0.140811 0.752251 0.415553
-0.139829 0.753734 0.414081
-0.138637 0.755460 0.412387
-0.137469 0.757117 0.410769
-0.136300 0.758736 0.409200
-0.135259 0.760160 0.407823
-0.133990 0.761829 0.406233
-0.132742 0.763437 0.404710
-0.131640 0.764842 0.403384
-0.130460 0.766307 0.402017
-0.129229 0.767800 0.400638
-0.127800 0.769482 0.399109
-0.126588 0.770899 0.397822
-0.125317 0.772351 0.396520
-0.123836 0.773992 0.395075
-0.122578 0.775378 0.393858
-0.121089 0.776969 0.392490
-0.119814 0.778323 0.391329
-0.118472 0.779717 0.390153
-0.116909 0.781297 0.388851
-0.115411 0.782792 0.387632
-0.113935 0.784242 0.386467
-0.112632 0.785511 0.385453
-0.108646 0.783834 0.384563
-0.106904 0.784997 0.384205
-0.106438 0.786555 0.384070
-0.106016 0.788064 0.384077
-0.105609 0.789595 0.384190
-0.105201 0.790847 0.384335
-0.104836 0.792061 0.384499
-0.104544 0.792997 0.384637
-0.104458 0.793697 0.384710
-0.104393 0.794160 0.384755
-0.104352 0.794551 0.384783
-0.104281 0.794935 0.384816
-0.104172 0.795190 0.384862
-0.104109 0.795342 0.384894
-0.104054 0.795393 0.384907
-0.104023 0.795387 0.384907
-0.103941 0.795365 0.384917
-0.103875 0.795313 0.384925
-0.103850 0.795232 0.384915
-0.103794 0.795145 0.384916
-0.103755 0.795030 0.384907
-0.103707 0.794892 0.384899
-0.103632 0.794750 0.384902
-0.103544 0.794548 0.384900
-0.103428 0.794362 0.384906
-0.103292 0.794186 0.384920
-0.103150 0.793965 0.384932
-0.103055 0.793744 0.384934
-0.102934 0.793485 0.384941
-0.102774 0.793210 0.384954
-0.102647 0.792991 0.384963
-0.102508 0.792744 0.384974
-0.102331 0.792484 0.384998
-0.102148 0.792171 0.385018
-0.101984 0.791877 0.385031
-0.101823 0.791567 0.385043
-0.101651 0.791277 0.385059
-0.101464 0.790987 0.385079
-0.101280 0.790663 0.385095
-0.101075 0.790333 0.385116
-0.100871 0.789941 0.385126
-0.100702 0.789591 0.385131
-0.100520 0.789231 0.385140
-0.100285 0.788814 0.385156
-0.100101 0.788443 0.385164
-0.099887 0.788005 0.385172
-0.099719 0.787641 0.385174
-0.099536 0.787254 0.385178
-0.099352 0.786851 0.385179
-0.099125 0.786378 0.385182
-0.098944 0.785982 0.385183
-0.098721 0.785496 0.385183
-0.098506 0.785041 0.385184
-0.098297 0.784566 0.385183
-0.098105 0.784162 0.385186
-0.097893 0.783742 0.385190
-0.097631 0.783239 0.385196
-0.097399 0.782738 0.385193
-0.097175 0.782229 0.385184
-0.096959 0.781728 0.385175
-0.096777 0.781296 0.385162
-0.096560 0.780771 0.385146
-0.096377 0.780310 0.385130
-0.096159 0.779751 0.385110
-0.095991 0.779284 0.385089
-0.095809 0.778797 0.385069
-0.095625 0.778291 0.385045
-0.095426 0.777699 0.385011
-0.095271 0.777200 0.384977
-0.095080 0.776612 0.384937
-0.094997 0.776750 0.384928
-0.094788 0.776612 0.384939
-0.094502 0.776264 0.384945
-0.094253 0.775820 0.384932
-0.094029 0.775318 0.384909
-0.093813 0.774776 0.384879
-0.093627 0.774282 0.384850
-0.093410 0.773669 0.384810
-0.093242 0.773139 0.384771
-0.093063 0.772574 0.384729
-0.092870 0.771890 0.384674
-0.092715 0.771311 0.384625
-0.092528 0.770622 0.384568
-0.092378 0.770035 0.384516
-0.092192 0.769337 0.384456
-0.092031 0.768748 0.384407
-0.091837 0.768043 0.384347
-0.091667 0.767349 0.384284
-0.091513 0.766747 0.384231
-0.091327 0.766020 0.384167
-0.091157 0.765308 0.384100
-0.090994 0.764609 0.384033
-0.090850 0.763995 0.383974
-0.090678 0.763243 0.383902
-0.090532 0.762504 0.383825
-0.090404 0.761859 0.383760
-0.090248 0.761082 0.383682
-0.090125 0.760412 0.383614
-0.089986 0.759610 0.383531
-0.089866 0.758927 0.383459
-0.089758 0.758343 0.383394
-0.089673 0.757992 0.383356
-0.089543 0.757654 0.383326
-0.089421 0.757389 0.383309
-0.089257 0.757073 0.383294
-0.089086 0.756762 0.383282
-0.088925 0.756481 0.383273
-0.088715 0.756129 0.383264
-0.088521 0.755809 0.383257
-0.088301 0.755456 0.383253
-0.088070 0.755076 0.383249
-0.087833 0.754678 0.383244
-0.087596 0.754269 0.383237
-0.087343 0.753856 0.383231
-0.087055 0.753371 0.383224
-0.086822 0.752961 0.383217
-0.086567 0.752535 0.383213
-0.086268 0.752028 0.383208
-0.086017 0.751595 0.383203
-0.085743 0.751141 0.383202
-0.085424 0.750604 0.383199
-0.085167 0.750137 0.383194
-0.084861 0.749572 0.383188
-0.084609 0.749086 0.383182
-0.084316 0.748491 0.383173
-0.084076 0.747969 0.383164
-0.083812 0.747420 0.383156
-0.083507 0.746771 0.383146
-0.083263 0.746224 0.383134
-0.082973 0.745571 0.383122
-0.082712 0.744925 0.383104
-0.082488 0.744367 0.383089
-0.082245 0.743775 0.383074
-0.081992 0.743149 0.383058
-0.081739 0.742494 0.383042
-0.081463 0.741732 0.383022
-0.081245 0.741093 0.383003
-0.081018 0.740426 0.382984
-0.080762 0.739637 0.382962
-0.080564 0.738967 0.382939
-0.080348 0.738263 0.382921
-0.080129 0.737548 0.382904
-0.079916 0.736815 0.382885
-0.079686 0.735960 0.382859
-0.079496 0.735253 0.382839
-0.079270 0.734409 0.382816
-0.079082 0.733693 0.382797
-0.078876 0.732949 0.382781
-0.078664 0.732184 0.382767
-0.078431 0.731290 0.382748
-0.078250 0.730538 0.382730
-0.078046 0.729643 0.382706
-0.077883 0.728893 0.382685
-0.077692 0.728009 0.382659
-0.077527 0.727278 0.382639
-0.077331 0.726409 0.382617
-0.077175 0.725675 0.382596
-0.077009 0.724903 0.382577
-0.076824 0.724007 0.382555
-0.076660 0.723256 0.382539
-0.076472 0.722480 0.382527
-0.076257 0.721572 0.382514
-0.076082 0.720809 0.382502
-0.075885 0.720021 0.382494
-0.075683 0.719222 0.382487
-0.075479 0.718414 0.382481
-0.075281 0.717593 0.382473
-0.075064 0.716637 0.382462
-0.074865 0.715729 0.382451
-0.074678 0.714852 0.382440
-0.074500 0.713993 0.382428
-0.074336 0.713255 0.382420
-0.074150 0.712477 0.382415
-0.073940 0.711546 0.382405
-0.073781 0.710749 0.382390
-0.073619 0.709922 0.382374
-0.073456 0.708955 0.382351
-0.073312 0.708019 0.382326
-0.073182 0.707220 0.382306
-0.073036 0.706385 0.382289
-0.072887 0.705537 0.382271
-0.072732 0.704540 0.382245
-0.072606 0.703585 0.382213
-0.072491 0.702770 0.382188
-0.072370 0.701925 0.382161
-0.072254 0.701057 0.382129
-0.072135 0.700056 0.382088
-0.072035 0.699238 0.382056
-0.071920 0.698279 0.382019
-0.071818 0.697357 0.381981
-0.071723 0.696472 0.381945
-0.071628 0.695594 0.381910
-0.071527 0.694727 0.381880
-0.071428 0.693984 0.381860
-0.071302 0.693214 0.381845
-0.071169 0.692433 0.381830
-0.071032 0.691515 0.381808
-0.070922 0.690652 0.381784
-0.070817 0.689930 0.381766
-0.070703 0.689184 0.381750
-0.070592 0.688310 0.381725
-0.070514 0.687589 0.381700
-0.070438 0.686847 0.381675
-0.070362 0.685987 0.381643
-0.070297 0.685270 0.381618
-0.070224 0.684524 0.381594
-0.070152 0.683632 0.381563
-0.070097 0.682890 0.381537
-0.070037 0.681998 0.381505
-0.069990 0.681131 0.381468
-0.069949 0.680396 0.381437
-0.069899 0.679615 0.381406
-0.069850 0.678681 0.381366
-0.069822 0.677778 0.381323
-0.069793 0.677003 0.381285
-0.069767 0.676064 0.381237
-0.069750 0.675258 0.381194
-0.069736 0.674406 0.381148
-0.069735 0.673399 0.381088
-0.069751 0.672428 0.381028
-0.069759 0.671604 0.380979
-0.069771 0.670623 0.380919
-0.069776 0.669796 0.380870
-0.069775 0.668941 0.380822
-0.069785 0.667925 0.380761
-0.069816 0.666957 0.380698
-0.069848 0.666024 0.380637
-0.069866 0.665228 0.380589
-0.069889 0.664276 0.380528
-0.069911 0.663458 0.380476
-0.069945 0.662470 0.380410
-0.069974 0.661634 0.380355
-0.070000 0.660766 0.380300
-0.070030 0.659887 0.380244
-0.070080 0.658863 0.380174
-0.070138 0.657883 0.380105
-0.070198 0.656927 0.380036
-0.070236 0.656113 0.379980
-0.070286 0.655129 0.379911
-0.070321 0.654287 0.379854
-0.070351 0.653404 0.379795
-0.070404 0.652358 0.379721
-0.070471 0.651349 0.379645
-0.070533 0.650360 0.379570
-0.070583 0.649517 0.379507
-0.070628 0.648638 0.379443
-0.070670 0.647748 0.379379
-0.070709 0.646851 0.379314
-0.070754 0.645945 0.379247
-0.070808 0.645025 0.379177
-0.070889 0.643961 0.379092
-0.070968 0.642969 0.379011
-0.071020 0.642126 0.378946
-0.071088 0.641110 0.378867
-0.071148 0.640242 0.378799
-0.071205 0.639340 0.378729
-0.071290 0.638269 0.378640
-0.071358 0.637370 0.378567
-0.071428 0.636424 0.378490
-0.071509 0.635454 0.378410
-0.071620 0.634318 0.378313
-0.071735 0.633220 0.378216
-0.071851 0.632155 0.378123
-0.071941 0.631232 0.378045
-0.072056 0.630088 0.377947
-0.072154 0.629120 0.377864
-0.072273 0.627969 0.377765
-0.072371 0.627005 0.377684
-0.072465 0.626003 0.377603
-0.072582 0.624822 0.377504
-0.072674 0.623837 0.377423
-0.072775 0.622808 0.377338
-0.072910 0.621593 0.377235
-0.073041 0.620433 0.377137
-0.073141 0.619464 0.377057
-0.073239 0.618449 0.376974
-0.073378 0.617242 0.376872
-0.073492 0.616236 0.376788
-0.073610 0.615185 0.376700
-0.073731 0.614109 0.376611
-0.073856 0.613022 0.376521
-0.073986 0.611931 0.376430
-0.074149 0.610675 0.376323
-0.074309 0.609496 0.376222
-0.074424 0.608502 0.376141
-0.074566 0.607319 0.376044
-0.074683 0.606324 0.375963
-0.074796 0.605294 0.375880
-0.074943 0.604092 0.375780
-0.075063 0.603102 0.375699
-0.075202 0.601918 0.375603
-0.075313 0.600928 0.375525
-0.075426 0.599897 0.375444
-0.075571 0.598697 0.375345
-0.075724 0.597543 0.375248
-0.075842 0.596563 0.375169
-0.075993 0.595382 0.375071
-0.076121 0.594376 0.374989
-0.076252 0.593327 0.374902
-0.076425 0.592089 0.374796
-0.076561 0.591069 0.374713
-0.076726 0.589861 0.374613
-0.076857 0.588855 0.374531
-0.076993 0.587803 0.374448
-0.077174 0.586555 0.374344
-0.077327 0.585524 0.374259
-0.077514 0.584296 0.374157
-0.077666 0.583259 0.374075
-0.077860 0.582024 0.373977
-0.078049 0.580840 0.373882
-0.078200 0.579825 0.373804
-0.078381 0.578616 0.373712
-0.078526 0.577597 0.373637
-0.078678 0.576528 0.373559
-0.078843 0.575425 0.373477
-0.079057 0.574121 0.373378
-0.079233 0.573048 0.373297
-0.079447 0.571771 0.373199
-0.079621 0.570695 0.373119
-0.079798 0.569585 0.373037
-0.080018 0.568282 0.372939
-0.080204 0.567195 0.372859
-0.080434 0.565893 0.372761
-0.080620 0.564806 0.372681
-0.080808 0.563690 0.372599
-0.080993 0.562557 0.372517
-0.081213 0.561240 0.372420
-0.081393 0.560156 0.372341
-0.081614 0.558866 0.372246
-0.081783 0.557805 0.372171
-0.081946 0.556713 0.372096
-0.082151 0.555437 0.372007
-0.082353 0.554232 0.371921
-0.082509 0.553212 0.371852
-0.082672 0.552145 0.371782
-0.082877 0.550878 0.371696
-0.083045 0.549823 0.371626
-0.083210 0.548745 0.371555
-0.083407 0.547489 0.371472
-0.083567 0.546454 0.371407
-0.083726 0.545394 0.371342
-0.083924 0.544140 0.371263
-0.084084 0.543106 0.371201
-0.084289 0.541855 0.371124
-0.084491 0.540651 0.371050
-0.084651 0.539636 0.370990
-0.084816 0.538568 0.370927
-0.084994 0.537466 0.370863
-0.085182 0.536334 0.370797
-0.085419 0.535000 0.370717
-0.085607 0.533902 0.370653
-0.085802 0.532767 0.370586
-0.086046 0.531441 0.370505
-0.086243 0.530343 0.370438
-0.086444 0.529221 0.370371
-0.086647 0.528078 0.370304
-0.086901 0.526743 0.370223
-0.087153 0.525470 0.370147
-0.087354 0.524410 0.370088
-0.087601 0.523121 0.370015
-0.087810 0.522029 0.369955
-0.088076 0.520715 0.369880
-0.088331 0.519453 0.369810
-0.088543 0.518387 0.369754
-0.088811 0.517096 0.369683
-0.089035 0.516003 0.369626
-0.089316 0.514679 0.369555
-0.089553 0.513569 0.369496
-0.089808 0.512411 0.369435
-0.090075 0.511230 0.369373
-0.090398 0.509860 0.369300
-0.090713 0.508554 0.369232
-0.090974 0.507452 0.369178
-0.091241 0.506308 0.369124
-0.091523 0.505128 0.369070
-0.092468 0.502058 0.368896
-0.095942 0.495001 0.369246
-0.096176 0.494537 0.369299
-0.096896 0.492900 0.369452
-0.097039 0.492711 0.369475
-0.097485 0.491912 0.369527
-0.098069 0.491479 0.369775
-0.098645 0.491114 0.370000
-0.099573 0.490315 0.370384
-0.100153 0.489925 0.370667
-0.101065 0.489427 0.371089
-0.101528 0.489007 0.371328
-0.102083 0.488625 0.371619
-0.102947 0.488144 0.372053
-0.103380 0.487710 0.372325
-0.103894 0.487349 0.372614
-0.104397 0.487050 0.372872
-0.105100 0.486424 0.373334
-0.105153 0.486396 0.373352
-0.105321 0.485951 0.373376
-0.105389 0.485900 0.373384
-0.105647 0.485393 0.373401
-0.105732 0.485323 0.373410
-0.106071 0.484715 0.373442
-0.106158 0.484650 0.373453
-0.106486 0.484095 0.373482
-0.106580 0.484020 0.373493
-0.106953 0.483392 0.373531
-0.107043 0.483325 0.373542
-0.107154 0.483154 0.373548
-0.108825 0.481895 0.374478
-0.108947 0.481839 0.374537
-0.109536 0.481456 0.374873
-0.110630 0.480614 0.375566
-0.110853 0.480524 0.375698
-0.110946 0.480199 0.375730
-0.111008 0.480137 0.375740
-0.111557 0.479735 0.376054
-0.112658 0.478765 0.376775
-0.112739 0.478717 0.376817
-0.112942 0.478275 0.376887
-0.113070 0.478176 0.376910
-0.113255 0.477743 0.376928
-0.113758 0.477330 0.377249
-0.114254 0.476984 0.377543
-0.115031 0.476237 0.378054
-0.115524 0.475851 0.378406
-0.115968 0.475440 0.378708
-0.116672 0.474855 0.379273
-0.116691 0.474743 0.379285
-0.117171 0.474275 0.379627
-0.118165 0.473525 0.380374
-0.118230 0.473393 0.380429
-0.118728 0.472917 0.380809
-0.119744 0.472187 0.381673
-0.119775 0.472081 0.381707
-0.119936 0.471801 0.381789
-0.119977 0.471556 0.381792
-0.120193 0.471233 0.381836
-0.120236 0.471090 0.381839
-0.120545 0.470634 0.381895
-0.121029 0.470222 0.382260
-0.121471 0.469783 0.382580
-0.122194 0.469143 0.383118
-0.122682 0.468736 0.383526
-0.123361 0.468051 0.384105
-0.123752 0.467740 0.384481
-0.124200 0.467358 0.384883
-0.124601 0.466950 0.385229
-0.125180 0.466428 0.385785
-0.125621 0.466036 0.386213
-0.126205 0.465380 0.386834
-0.126435 0.465128 0.387201
-0.126845 0.464738 0.387643
-0.127428 0.463972 0.388441
-0.127463 0.463871 0.388675
-0.127837 0.463495 0.389104
-0.128363 0.462744 0.389880
-0.128375 0.462647 0.390099
-0.128737 0.462269 0.390534
-0.129237 0.461515 0.391313
-0.129237 0.461420 0.391528
-0.129589 0.461039 0.391969
-0.130066 0.460282 0.392754
-0.130090 0.460184 0.392927
-0.130446 0.459785 0.393393
-0.130909 0.459017 0.394209
-0.130878 0.458932 0.394418
-0.131204 0.458549 0.394871
-0.131626 0.457794 0.395665
-0.131532 0.457731 0.395874
-0.131397 0.457505 0.395860
-0.131377 0.457379 0.395860
-0.131381 0.457056 0.395850
-0.131494 0.456867 0.395882
-0.131592 0.456484 0.395902
-0.131769 0.456261 0.395956
-0.131938 0.455777 0.396000
-0.132081 0.455628 0.396045
-0.132330 0.455061 0.396115
-0.132407 0.454988 0.396140
-0.132714 0.454397 0.396228
-0.133112 0.453937 0.396689
-0.133468 0.453459 0.397099
-0.133977 0.452789 0.397764
-0.134633 0.452029 0.398699
-0.134793 0.451751 0.398977
-0.134959 0.451411 0.399357
-0.135640 0.450527 0.400559
-0.135677 0.450358 0.400725
-0.135670 0.450144 0.400938
-0.136183 0.449420 0.401839
-0.136305 0.449000 0.402257
-0.136254 0.448855 0.402448
-0.136527 0.448447 0.402937
-0.136847 0.447775 0.403616
-0.136806 0.447560 0.403960
-0.137058 0.447164 0.404451
-0.137274 0.446746 0.404872
-0.137376 0.446288 0.405454
-0.137798 0.445583 0.406394
-0.137867 0.445330 0.406658
-0.137842 0.445060 0.406968
-0.138237 0.444337 0.407916
-0.138295 0.444081 0.408178
-0.138175 0.443814 0.408487
-0.138380 0.443410 0.408986
-0.138598 0.442745 0.409665
-0.138460 0.442551 0.409954
-0.138655 0.442152 0.410457
-0.138819 0.441733 0.410886
-0.138822 0.441286 0.411429
-0.139007 0.440876 0.411953
-0.139189 0.440210 0.412652
-0.139015 0.440032 0.412922
-0.139181 0.439635 0.413431
-0.139320 0.439217 0.413862
-0.139274 0.438779 0.414382
-0.139538 0.438069 0.415347
-0.139556 0.437817 0.415602
-0.139445 0.437559 0.415854
-0.139684 0.436830 0.416823
-0.139640 0.436427 0.417205
-0.139453 0.436322 0.417289
-0.139582 0.435913 0.417805
-0.139690 0.435244 0.418484
-0.139558 0.435045 0.418709
-0.139753 0.434329 0.419683
-0.139751 0.434075 0.419933
-0.139527 0.433829 0.420133
-0.139626 0.433422 0.420652
-0.139706 0.432998 0.421085
-0.139567 0.432556 0.421540
-0.139652 0.432142 0.422076
-0.139692 0.431475 0.422760
-0.139336 0.431342 0.422871
-0.139265 0.431255 0.422822
-0.139098 0.431050 0.422627
-0.139079 0.430924 0.422595
-0.139120 0.430569 0.422531
-0.139132 0.430422 0.422523
-0.139293 0.429996 0.422560
-0.139346 0.429701 0.422575
-0.139555 0.429344 0.422668
-0.139594 0.429191 0.422686
-0.139886 0.428697 0.422838
-0.139928 0.428542 0.422860
-0.140201 0.428081 0.423013
-0.140249 0.427918 0.423040
-0.140541 0.427436 0.423209
-0.140633 0.427125 0.423263
-0.140945 0.426706 0.423451
-0.141263 0.426561 0.423637
-0.141618 0.426476 0.423843
-0.141956 0.426415 0.424037
-0.142286 0.426361 0.424226
-0.142584 0.426313 0.424393
-0.142774 0.426275 0.424497
-0.143238 0.425264 0.426100
-0.143290 0.425262 0.426340
-0.143540 0.424423 0.427710
-0.143457 0.424460 0.428032
-0.143590 0.423792 0.429063
-0.143466 0.423700 0.429584
-0.143477 0.422943 0.430860
-0.143196 0.423067 0.431026
-0.143144 0.422327 0.432231
-0.142833 0.422452 0.432346
-0.142738 0.421712 0.433530
-0.142229 0.421973 0.433473
-0.141942 0.422262 0.433085
-0.141926 0.422358 0.432931
-0.142042 0.422398 0.432898
-0.142233 0.422399 0.432956
-0.142449 0.422381 0.433061
-0.142723 0.422355 0.433216
-0.142920 0.422325 0.433333
-0.143135 0.421388 0.434778
-0.143140 0.421324 0.435170
-0.143199 0.420619 0.436263
-0.143014 0.420531 0.436795
-0.143002 0.420148 0.437362
-0.142582 0.419901 0.438159
-0.142388 0.420126 0.437893
-0.142245 0.420221 0.437792
-0.142068 0.420457 0.437559
-0.141872 0.420604 0.437431
-0.142005 0.420696 0.437446
-0.142308 0.420663 0.437624
-0.142637 0.420622 0.437843
-0.142947 0.420583 0.438059
-0.143253 0.420546 0.438274
-0.143531 0.420512 0.438468
-0.143853 0.420477 0.438696
-0.144139 0.420444 0.438896
-0.144468 0.420409 0.439129
-0.144758 0.420377 0.439332
-0.144941 0.420351 0.439453
-0.145065 0.419452 0.440965
-0.145071 0.419369 0.441357
-0.144902 0.418535 0.442962
-0.144744 0.418623 0.443058
-0.144518 0.417884 0.444363
-0.144196 0.417983 0.444485
-0.143872 0.417267 0.445706
-0.143293 0.417513 0.445557
-0.142985 0.417798 0.445056
-0.142916 0.417924 0.444778
-0.142979 0.417980 0.444668
-0.143120 0.418001 0.444671
-0.143312 0.418005 0.444749
-0.143519 0.417996 0.444866
-0.143982 0.417948 0.445261
-0.144143 0.417933 0.445359
-0.144388 0.417920 0.445525
-0.144494 0.417906 0.445594
-0.145642 0.416473 0.444971
-0.145920 0.416449 0.444989
-0.147206 0.415157 0.444387
-0.147527 0.415192 0.444439
-0.149013 0.413984 0.443890
-0.149169 0.414025 0.443939
-0.150711 0.412831 0.443430
-0.151024 0.412934 0.443558
-0.152358 0.411709 0.443037
-0.153180 0.411974 0.443413
-0.153743 0.412122 0.443869
-0.154235 0.412145 0.444261
-0.154736 0.412126 0.444644
-0.155140 0.412101 0.444934
-0.155374 0.412084 0.445088
-0.155583 0.411694 0.445248
-0.155795 0.411571 0.445387
-0.155948 0.411191 0.445503
-0.156162 0.411009 0.445641
-0.156222 0.410848 0.445684
-0.157139 0.409175 0.445012
-0.157506 0.408939 0.444948
-0.157638 0.408790 0.444963
-0.158668 0.407227 0.444264
-0.159234 0.407070 0.444232
-0.159361 0.406973 0.444269
-0.160374 0.405477 0.443589
-0.160952 0.405344 0.443570
-0.161083 0.405250 0.443610
-0.161830 0.404021 0.443049
-0.162558 0.403620 0.442892
-0.163039 0.403368 0.443040
-0.163378 0.403357 0.443225
-0.163619 0.403044 0.443383
-0.163987 0.402881 0.443604
-0.164174 0.402505 0.443730
-0.164496 0.402298 0.443915
-0.164657 0.401907 0.444020
-0.164953 0.401692 0.444182
-0.165058 0.401399 0.444248
-0.165406 0.401085 0.444435
-0.165455 0.400929 0.444466
-0.165846 0.400480 0.444675
-0.165889 0.400324 0.444701
-0.166210 0.399909 0.444870
-0.166293 0.399604 0.444920
-0.166644 0.399249 0.445101
-0.167228 0.399178 0.445395
-0.167667 0.399231 0.445611
-0.168262 0.399346 0.445901
-0.168368 0.399362 0.445950
-0.169878 0.398072 0.445171
-0.170110 0.398138 0.445209
-0.172332 0.397309 0.444565
-0.172617 0.397441 0.444648
-0.174800 0.396636 0.444056
-0.175151 0.396772 0.444136
-0.177911 0.396188 0.443625
-0.178274 0.396345 0.443727
-0.180740 0.395597 0.443138
-0.181145 0.395740 0.443221
-0.183731 0.395001 0.442571
-0.185873 0.395856 0.443135
-0.187737 0.396441 0.443749
-0.189018 0.396724 0.444158
-0.190133 0.396927 0.444503
-0.191139 0.397093 0.444806
-0.192188 0.397258 0.445114
-0.193028 0.397386 0.445356
-0.193958 0.397527 0.445618
-0.194736 0.397643 0.445835
-0.195303 0.397725 0.445991
-0.196252 0.396398 0.445025
-0.197077 0.396389 0.444882
-0.198611 0.395207 0.443768
-0.199557 0.395467 0.443759
-0.200856 0.394393 0.442778
-0.201974 0.394564 0.442662
-0.203369 0.393515 0.441641
-0.204570 0.393717 0.441512
-0.206392 0.392692 0.440349
-0.207528 0.393012 0.440324
-0.208892 0.391963 0.439263
-0.210984 0.392467 0.439146
-0.212668 0.392983 0.439391
-0.213922 0.393228 0.439588
-0.214958 0.393371 0.439750
-0.215785 0.393467 0.439882
-0.216699 0.393564 0.440027
-0.217559 0.393658 0.440162
-0.218399 0.393779 0.440295
-0.218546 0.393800 0.440319
-0.219886 0.392439 0.438936
-0.220152 0.392512 0.438900
-0.221908 0.391549 0.437434
-0.222239 0.391692 0.437400
-0.224213 0.390995 0.435924
-0.224927 0.391370 0.435882
-0.226865 0.390765 0.434404
-0.227232 0.390953 0.434366
-0.229272 0.390413 0.432821
-0.231352 0.391764 0.432802
-0.232812 0.392605 0.432925
-0.233846 0.393043 0.433019
-0.234797 0.393345 0.433107
-0.235701 0.393570 0.433192
-0.236672 0.393775 0.433281
-0.237483 0.393924 0.433358
-0.238311 0.394061 0.433437
-0.239237 0.394210 0.433522
-0.240116 0.394348 0.433601
-0.240891 0.394464 0.433672
-0.241791 0.394598 0.433752
-0.242576 0.394711 0.433821
-0.243394 0.394828 0.433893
-0.244320 0.394961 0.433970
-0.245118 0.395075 0.434036
-0.245945 0.395190 0.434104
-0.246788 0.395307 0.434172
-0.247732 0.395440 0.434243
-0.248541 0.395553 0.434305
-0.249377 0.395667 0.434369
-0.250124 0.395765 0.434426
-0.250303 0.396334 0.433716
-0.251327 0.397159 0.432163
-0.251545 0.397685 0.431376
-0.252715 0.398234 0.429675
-0.252940 0.398719 0.428879
-0.254324 0.398996 0.427058
-0.254519 0.399458 0.426287
-0.255624 0.399794 0.424583
-0.255815 0.400261 0.423786
-0.256918 0.400561 0.422023
-0.257234 0.401371 0.420532
-0.258286 0.401171 0.419341
-0.258437 0.401636 0.418568
-0.259416 0.401953 0.416824
-0.259654 0.402795 0.415335
-0.260443 0.402748 0.414221
-0.260665 0.403595 0.412729
-0.261443 0.403548 0.411600
-0.261739 0.404536 0.409639
-0.262318 0.404357 0.408964
-0.262587 0.405363 0.407004
-0.263156 0.405192 0.406322
-0.263483 0.406221 0.404039
-0.264025 0.405930 0.403558
-0.264181 0.406986 0.401663
-0.265093 0.406531 0.400731
-0.266039 0.406070 0.400550
-0.266836 0.405908 0.400485
-0.266969 0.405283 0.399832
-0.268089 0.404493 0.398470
-0.268272 0.403946 0.397766
-0.270005 0.403782 0.396251
-0.271379 0.404508 0.396204
-0.272504 0.404953 0.396199
-0.273406 0.405214 0.396190
-0.274305 0.405423 0.396173
-0.275302 0.405627 0.396147
-0.276148 0.405782 0.396127
-0.277116 0.405953 0.396098
-0.277284 0.405979 0.396097
-0.277589 0.407729 0.393877
-0.277754 0.407746 0.393743
-0.278042 0.409270 0.391261
-0.278902 0.408924 0.390748
-0.279783 0.408700 0.390603
-0.280756 0.408648 0.390511
-0.281589 0.408696 0.390457
-0.281764 0.408712 0.390452
-0.282067 0.410494 0.388080
-0.282223 0.410482 0.387982
-0.282423 0.412004 0.385408
-0.282569 0.411955 0.385296
-0.282601 0.413397 0.382908
-0.282727 0.413362 0.382771
-0.282626 0.414829 0.380439
-0.282851 0.414736 0.380215
-0.282584 0.416220 0.377977
-0.283111 0.415854 0.377560
-0.283751 0.415707 0.377469
-0.283781 0.415108 0.376781
-0.284526 0.414394 0.375412
-0.284604 0.413870 0.374683
-0.285903 0.413770 0.373198
-0.287036 0.414414 0.373150
-0.288099 0.414849 0.373119
-0.289215 0.415208 0.373068
-0.290126 0.415446 0.373022
-0.291142 0.415690 0.372963
-0.292102 0.415907 0.372907
-0.292842 0.416055 0.372868
-0.293010 0.416670 0.373538
-0.293708 0.417551 0.374811
-0.293837 0.418112 0.375521
-0.294368 0.418705 0.376823
-0.294461 0.419221 0.377530
-0.294922 0.419455 0.378843
-0.295404 0.419049 0.378767
-0.296132 0.418913 0.378668
-0.296870 0.418943 0.378600
-0.297792 0.419064 0.378525
-0.298629 0.419198 0.378465
-0.299616 0.419377 0.378393
-0.300485 0.419535 0.378334
-0.301493 0.419726 0.378261
-0.302372 0.419887 0.378201
-0.303389 0.420079 0.378127
-0.304273 0.420240 0.378067
-0.305192 0.420405 0.378002
-0.305241 0.419838 0.377311
-0.306067 0.419230 0.375956
-0.306144 0.418719 0.375228
-0.307457 0.418650 0.373790
-0.308771 0.419361 0.373760
-0.309823 0.419735 0.373732
-0.310843 0.420003 0.373683
-0.311947 0.420251 0.373617
-0.312970 0.420456 0.373552
-0.313860 0.420614 0.373497
-0.314883 0.420794 0.373427
-0.315771 0.420940 0.373370
-0.316794 0.421113 0.373300
-0.317683 0.421255 0.373242
-0.318707 0.421424 0.373172
-0.319597 0.421563 0.373114
-0.320623 0.421728 0.373043
-0.321515 0.421865 0.372985
-0.322543 0.422027 0.372914
-0.323437 0.422161 0.372856
-0.324367 0.422298 0.372794
-0.324919 0.422364 0.372763
-0.325249 0.421106 0.370932
-0.326282 0.421506 0.370657
-0.327494 0.421945 0.370632
-0.328492 0.422188 0.370595
-0.329594 0.422404 0.370536
-0.330625 0.422580 0.370476
-0.331524 0.422713 0.370423
-0.332458 0.422842 0.370365
-0.333511 0.422994 0.370297
-0.334418 0.423116 0.370241
-0.335457 0.423260 0.370175
-0.335824 0.423295 0.370158
-0.336662 0.424749 0.372002
-0.336829 0.424730 0.372052
-0.337604 0.425889 0.373919
-0.338259 0.425456 0.373895
-0.339043 0.425225 0.373750
-0.339889 0.425195 0.373653
-0.340705 0.425237 0.373585
-0.341696 0.425329 0.373508
-0.342582 0.425419 0.373446
-0.343618 0.425538 0.373373
-0.344526 0.425638 0.373312
-0.345473 0.425741 0.373248
-0.346439 0.425847 0.373182
-0.347521 0.425976 0.373108
-0.348550 0.426097 0.373039
-0.349557 0.426213 0.372973
-0.350456 0.426305 0.372915
-0.351503 0.426418 0.372845
-0.352418 0.426510 0.372786
-0.353371 0.426603 0.372723
-0.354342 0.426699 0.372659
-0.355203 0.426775 0.372605
-0.355207 0.426211 0.371919
-0.356177 0.425729 0.370586
-0.357371 0.426168 0.370586
-0.358395 0.426386 0.370565
-0.359532 0.426561 0.370515
-0.360490 0.426672 0.370466
-0.361467 0.426770 0.370411
-0.361700 0.427370 0.371078
-0.362683 0.428147 0.372260
-0.362908 0.428692 0.372946
-0.363958 0.429029 0.374069
-0.364636 0.428665 0.373911
-0.365479 0.428520 0.373780
-0.366375 0.428508 0.373693
-0.367315 0.428548 0.373621
-0.368189 0.428594 0.373561
-0.369224 0.428667 0.373491
-0.370238 0.428743 0.373426
-0.371145 0.428804 0.373370
-0.372098 0.428866 0.373310
-0.373074 0.428930 0.373248
-0.374062 0.428997 0.373186
-0.375055 0.429063 0.373125
-0.376051 0.429130 0.373064
-0.377049 0.429195 0.373004
-0.378155 0.429276 0.372937
-0.379100 0.429336 0.372882
-0.380074 0.429393 0.372825
-0.381060 0.429450 0.372767
-0.382053 0.429507 0.372709
-0.383156 0.429579 0.372644
-0.384100 0.429631 0.372592
-0.385072 0.429681 0.372537
-0.386164 0.429745 0.372474
-0.387205 0.429807 0.372418
-0.388124 0.429849 0.372368
-0.389187 0.429903 0.372309
-0.390113 0.429943 0.372260
-0.391180 0.429995 0.372201
-0.392108 0.430032 0.372153
-0.393072 0.430067 0.372101
-0.394158 0.430118 0.372043
-0.394538 0.430116 0.372028
-0.394712 0.428866 0.370291
-0.395237 0.428975 0.370135
-0.395398 0.427968 0.368453
-0.396455 0.428489 0.368383
-0.397651 0.428839 0.368446
-0.398662 0.428987 0.368449
-0.398970 0.429584 0.369108
-0.400219 0.430326 0.370245
-0.400741 0.431263 0.371457
-0.401776 0.431126 0.371938
-0.402537 0.430746 0.371760
-0.403329 0.430585 0.371649
-0.404279 0.430527 0.371569
-0.405238 0.430521 0.371512
-0.406116 0.430522 0.371468
-0.407150 0.430539 0.371417
-0.408160 0.430561 0.371371
-0.409062 0.430571 0.371332
-0.410009 0.430579 0.371289
-0.411082 0.430601 0.371241
-0.412109 0.430624 0.371198
-0.413019 0.430632 0.371161
-0.414071 0.430648 0.371117
-0.414990 0.430654 0.371080
-0.416046 0.430668 0.371036
-0.417065 0.430683 0.370997
-0.417970 0.430684 0.370963
-0.419018 0.430692 0.370921
-0.419933 0.430691 0.370887
-0.420883 0.430687 0.370851
-0.421955 0.430695 0.370810
-0.422879 0.430693 0.370778
-0.423936 0.430697 0.370740
-0.424952 0.430702 0.370706
-0.425854 0.430692 0.370676
-0.426897 0.430690 0.370640
-0.427906 0.430689 0.370607
-0.428900 0.430684 0.370576
-0.429791 0.430668 0.370548
-0.430826 0.430658 0.370514
-0.431731 0.430641 0.370487
-0.432673 0.430621 0.370457
-0.433630 0.430602 0.370428
-0.434701 0.430593 0.370396
-0.435719 0.430585 0.370370
-0.436617 0.430563 0.370346
-0.437553 0.430537 0.370320
-0.438506 0.430511 0.370293
-0.439572 0.430495 0.370265
-0.440585 0.430480 0.370242
-0.441480 0.430453 0.370222
-0.442411 0.430420 0.370198
-0.443360 0.430388 0.370175
-0.444316 0.430356 0.370152
-0.445381 0.430333 0.370129
-0.446392 0.430311 0.370110
-0.447378 0.430284 0.370092
-0.448258 0.430246 0.370075
-0.449278 0.430211 0.370054
