-0.080735 0.886026 0.407060
-0.080750 0.885921 0.407079
-0.080726 0.885758 0.407114
-0.080678 0.885558 0.407156
-0.080616 0.885336 0.407202
-0.080584 0.885161 0.407236
-0.080906 0.885069 0.407233
-0.081160 0.884872 0.407256
-0.081339 0.884831 0.407251
-0.081797 0.884638 0.407257
-0.082174 0.884570 0.407242
-0.082401 0.884489 0.407240
-0.084214 0.883621 0.407245
-0.085488 0.882813 0.407357
-0.085587 0.882296 0.407493
-0.085813 0.881799 0.407606
-0.085697 0.881479 0.407684
-0.085977 0.881198 0.407724
-0.085997 0.880940 0.407773
-0.086367 0.880715 0.407790
-0.086444 0.880447 0.407831
-0.086854 0.880273 0.407831
-0.086992 0.880056 0.407854
-0.087333 0.879947 0.407846
-0.087606 0.879743 0.407856
-0.087975 0.879645 0.407842
-0.088300 0.879429 0.407846
-0.088485 0.879383 0.407837
-0.088984 0.879159 0.407827
-0.089373 0.879079 0.407806
-0.089723 0.878922 0.407796
-0.090257 0.878822 0.407764
-0.090521 0.878686 0.407754
-0.091045 0.878589 0.407720
-0.091280 0.878480 0.407709
-0.091923 0.878363 0.407666
-0.092109 0.878261 0.407656
-0.092644 0.878157 0.407619
-0.092883 0.878044 0.407607
-0.093529 0.877921 0.407560
-0.093717 0.877815 0.407549
-0.094347 0.877691 0.407501
-0.094532 0.877583 0.407490
-0.095160 0.877455 0.407441
-0.095346 0.877344 0.407429
-0.095974 0.877213 0.407378
-0.096122 0.877133 0.407368
-0.096785 0.876989 0.407315
-0.096978 0.876872 0.407302
-0.097609 0.876732 0.407248
-0.097798 0.876613 0.407233
-0.098335 0.876490 0.407188
-0.098581 0.876359 0.407170
-0.099136 0.876232 0.407122
-0.099425 0.876065 0.407099
-0.099958 0.875942 0.407049
-0.100209 0.875808 0.407028
-0.100769 0.875676 0.406976
-0.101029 0.875538 0.406953
-0.101683 0.875376 0.406886
-0.101771 0.875326 0.406878
-0.102704 0.874814 0.406858
-0.104870 0.873435 0.406955
-0.104937 0.873210 0.407009
-0.105795 0.872536 0.407055
-0.107410 0.870360 0.407465
-0.107294 0.870065 0.407556
-0.108002 0.869309 0.407640
-0.109117 0.866783 0.408177
-0.108930 0.866431 0.408285
-0.108353 0.865015 0.408670
-0.108019 0.864533 0.408796
-0.107794 0.863553 0.408992
-0.107713 0.863369 0.409028
-0.107787 0.862480 0.409147
-0.107751 0.862338 0.409167
-0.108072 0.861643 0.409210
-0.108070 0.861526 0.409220
-0.108554 0.860952 0.409216
-0.108573 0.860851 0.409220
-0.109137 0.860410 0.409188
-0.109181 0.860314 0.409188
-0.109848 0.859850 0.409135
-0.109890 0.859763 0.409133
-0.110582 0.859332 0.409065
-0.110629 0.859248 0.409061
-0.111306 0.858878 0.408991
-0.111413 0.858714 0.408981
-0.112017 0.858414 0.408916
-0.112192 0.858174 0.408898
-0.112790 0.857890 0.408827
-0.112972 0.857655 0.408805
-0.113585 0.857373 0.408717
-0.113786 0.857135 0.408669
-0.114427 0.856843 0.408544
-0.114599 0.856670 0.408496
-0.115299 0.856346 0.408342
-0.115542 0.856076 0.408252
-0.116224 0.855736 0.408071
-0.116415 0.855536 0.407998
-0.118385 0.848885 0.404750
-0.118412 0.848796 0.404734
-0.119056 0.848370 0.404548
-0.119124 0.848269 0.404523
-0.119907 0.847741 0.404270
-0.119971 0.847637 0.404241
-0.120763 0.847074 0.403955
-0.120829 0.846963 0.403921
-0.121875 0.844982 0.402961
-0.122042 0.844607 0.402587
-0.122227 0.844371 0.402249
-0.123016 0.843822 0.402200
-0.124309 0.842035 0.402483
-0.123909 0.841552 0.402643
-0.123738 0.841290 0.402587
-0.123761 0.841137 0.402402
-0.123917 0.841026 0.402111
-0.124131 0.840956 0.401798
-0.124393 0.840899 0.401442
-0.124686 0.840845 0.401057
-0.125032 0.840778 0.400608
-0.125347 0.840710 0.400197
-0.125712 0.840626 0.399719
-0.126039 0.840544 0.399286
-0.126380 0.840459 0.398833
-0.126767 0.840353 0.398315
-0.127147 0.840236 0.397801
-0.127488 0.840131 0.397334
-0.127801 0.840042 0.396905
-0.127871 0.839977 0.396847
-0.128214 0.839707 0.396420
-0.128277 0.839614 0.396363
-0.128607 0.839164 0.395881
-0.128659 0.839052 0.395828
-0.128928 0.838579 0.395404
-0.128979 0.838450 0.395345
-0.129239 0.837898 0.394899
-0.129288 0.837755 0.394837
-0.129543 0.837138 0.394371
-0.129630 0.836831 0.394244
-0.129842 0.836188 0.393774
-0.129888 0.836025 0.393705
-0.130039 0.835715 0.393464
-0.131880 0.834068 0.393394
-0.132073 0.833678 0.393473
-0.132007 0.832465 0.393739
-0.131939 0.832248 0.393796
-0.131687 0.831394 0.393803
-0.131617 0.831028 0.393820
-0.131543 0.830304 0.393630
-0.131546 0.830131 0.393606
-0.131628 0.829285 0.393251
-0.131650 0.829115 0.393212
-0.131822 0.828278 0.392774
-0.131854 0.828108 0.392724
-0.132066 0.827386 0.392290
-0.132107 0.827210 0.392229
-0.132363 0.826334 0.391687
-0.132405 0.826157 0.391623
-0.132656 0.825400 0.391129
-0.132740 0.825040 0.390992
-0.132944 0.824431 0.390566
-0.133038 0.824062 0.390413
-0.133278 0.823303 0.389882
-0.133327 0.823117 0.389805
-0.133607 0.822320 0.389250
-0.133658 0.822129 0.389169
-0.133942 0.821313 0.388603
-0.133993 0.821119 0.388521
-0.134278 0.820289 0.387944
-0.134369 0.819904 0.387784
-0.134611 0.819110 0.387225
-0.134660 0.818918 0.387143
-0.134943 0.818096 0.386561
-0.135033 0.817714 0.386400
-0.135252 0.817068 0.385923
-0.135349 0.816683 0.385751
-0.135575 0.816035 0.385260
-0.135700 0.815474 0.385012
-0.135870 0.814998 0.384630
-0.136025 0.814272 0.384292
-0.136186 0.813822 0.383913
-0.136324 0.813278 0.383646
-0.136504 0.812820 0.383252
-0.136677 0.811691 0.382733
-0.136727 0.811320 0.382625
-0.136898 0.810701 0.382210
-0.136976 0.810329 0.382065
-0.137196 0.809584 0.381530
-0.137240 0.809401 0.381455
-0.137511 0.808632 0.380885
-0.137558 0.808447 0.380806
-0.137648 0.808263 0.380656
-0.139681 0.806152 0.380935
-0.139704 0.805938 0.381053
-0.139634 0.805353 0.381229
-0.139617 0.805233 0.381260
-0.139675 0.804842 0.381088
-0.139714 0.804641 0.381052
-0.139769 0.804555 0.380962
-0.141701 0.803025 0.381284
-0.141790 0.802833 0.381434
-0.141779 0.802425 0.381802
-0.141726 0.802262 0.381929
-0.141736 0.802077 0.381886
-0.141764 0.801913 0.381889
-0.141909 0.801709 0.381664
-0.141990 0.801533 0.381599
-0.142244 0.801270 0.381215
-0.142299 0.801176 0.381164
-0.142552 0.800947 0.380831
-0.142280 0.800889 0.380784
-0.142262 0.800796 0.380760
-0.142389 0.800551 0.380476
-0.142147 0.800502 0.380463
-0.142088 0.800407 0.380451
-0.142147 0.800144 0.380186
-0.141882 0.800083 0.380181
-0.141815 0.799982 0.380172
-0.141865 0.799636 0.379850
-0.141733 0.799608 0.379850
-0.141551 0.799424 0.379851
-0.141567 0.799116 0.379547
-0.141434 0.799093 0.379548
-0.141324 0.799007 0.379554
-0.141300 0.798621 0.379207
-0.141163 0.798600 0.379214
-0.141051 0.798515 0.379226
-0.141024 0.798191 0.378940
-0.140740 0.798139 0.378960
-0.140668 0.798041 0.378959
-0.140709 0.797701 0.378652
-0.140577 0.797674 0.378654
-0.140469 0.797584 0.378662
-0.140452 0.797394 0.378494
-0.142100 0.796029 0.378715
-0.142120 0.795850 0.378920
-0.142056 0.795671 0.379134
-0.141800 0.795267 0.379558
-0.141347 0.795240 0.379860
-0.141193 0.795157 0.379983
-0.140950 0.794890 0.380095
-0.140760 0.794881 0.380185
-0.140474 0.794728 0.380351
-0.140357 0.794527 0.380317
-0.140188 0.794510 0.380372
-0.139939 0.794343 0.380483
-0.139847 0.794070 0.380369
-0.139693 0.794054 0.380412
-0.139564 0.793973 0.380460
-0.139454 0.793614 0.380290
-0.139305 0.793597 0.380328
-0.139182 0.793514 0.380370
-0.139137 0.793337 0.380264
-0.140437 0.792285 0.380398
-0.140625 0.791996 0.380593
-0.140658 0.791743 0.380819
-0.140368 0.791169 0.381502
-0.140129 0.791157 0.381680
-0.139915 0.791083 0.381851
-0.139515 0.790827 0.382119
-0.139077 0.790809 0.382368
-0.138932 0.790725 0.382473
-0.138771 0.790496 0.382525
-0.138392 0.790454 0.382703
-0.138270 0.790360 0.382779
-0.138165 0.790107 0.382760
-0.137994 0.790078 0.382824
-0.138528 0.789544 0.382981
-0.139042 0.789012 0.383139
-0.139495 0.788199 0.383613
-0.138842 0.787996 0.384324
-0.138667 0.787887 0.384526
-0.138338 0.787646 0.384857
-0.137615 0.787594 0.385352
-0.137461 0.787503 0.385491
-0.137305 0.787338 0.385601
-0.136676 0.787253 0.385967
-0.136434 0.787058 0.386174
-0.136375 0.786975 0.386200
-0.135827 0.786861 0.386462
-0.135528 0.786569 0.386700
-0.136155 0.785976 0.386842
-0.136559 0.785498 0.387051
-0.136716 0.785181 0.387254
-0.136229 0.784336 0.388395
-0.135897 0.784303 0.388663
-0.135584 0.784209 0.388925
-0.134576 0.783876 0.389745
-0.134260 0.783868 0.389952
-0.133970 0.783791 0.390158
-0.133264 0.783524 0.390647
-0.132968 0.783508 0.390823
-0.132464 0.783335 0.391168
-0.132015 0.783126 0.391446
-0.132604 0.782542 0.391591
-0.132967 0.782071 0.391805
-0.133048 0.781693 0.392085
-0.132202 0.780903 0.393333
-0.131792 0.780875 0.393628
-0.131397 0.780783 0.393920
-0.129946 0.780465 0.394960
-0.129535 0.780457 0.395209
-0.129147 0.780378 0.395458
-0.128025 0.780112 0.396164
-0.127620 0.780095 0.396389
-0.127237 0.780006 0.396618
-0.125864 0.779661 0.397434
-0.125464 0.779643 0.397646
-0.125085 0.779554 0.397861
-0.123713 0.779202 0.398625
-0.123311 0.779182 0.398826
-0.122928 0.779090 0.399031
-0.121522 0.778727 0.399763
-0.121111 0.778705 0.399958
-0.121448 0.778128 0.400151
-0.121761 0.777555 0.400354
-0.121385 0.776656 0.401065
-0.120877 0.776530 0.401376
-0.121075 0.775872 0.401681
-0.121217 0.775240 0.401995
-0.119624 0.774070 0.403362
-0.118835 0.773963 0.403751
-0.118786 0.773304 0.404113
-0.118692 0.772665 0.404476
-0.116945 0.771631 0.405586
-0.115955 0.771466 0.405992
-0.115368 0.770134 0.406721
-0.114717 0.769623 0.407107
-0.111760 0.768705 0.408118
-0.107711 0.768221 0.409022
-0.106375 0.767999 0.409263
-0.103704 0.767598 0.409579
-0.099339 0.767095 0.409820
-0.098022 0.766842 0.409834
-0.094363 0.766145 0.409641
-0.090665 0.765552 0.409332
-0.089588 0.765275 0.409202
-0.086624 0.764528 0.408659
-0.084539 0.764116 0.408275
-0.083609 0.763834 0.408077
-0.083676 0.762980 0.407868
-0.082911 0.761238 0.407185
-0.082177 0.760885 0.406951
-0.081408 0.760500 0.406714
-0.081619 0.759566 0.406493
-0.081176 0.757674 0.405758
-0.080541 0.757289 0.405500
-0.079868 0.756877 0.405240
-0.080447 0.755103 0.404830
-0.079666 0.753592 0.404066
-0.079082 0.753265 0.403801
-0.078492 0.752896 0.403539
-0.078922 0.751973 0.403353
-0.078852 0.749749 0.402470
-0.078386 0.749445 0.402229
-0.078889 0.748593 0.402077
-0.079359 0.747784 0.401950
-0.079159 0.746305 0.401325
-0.078760 0.745998 0.401101
-0.079330 0.745145 0.400985
-0.080057 0.743725 0.400768
-0.079860 0.742881 0.400377
-0.079145 0.742330 0.399962
-0.079805 0.741514 0.399895
-0.080422 0.740741 0.399850
-0.080612 0.739380 0.399406
-0.080335 0.739114 0.399231
-0.081022 0.738297 0.399193
-0.081665 0.737523 0.399175
-0.081800 0.735828 0.398661
-0.081511 0.735578 0.398509
-0.082198 0.734754 0.398503
-0.082842 0.733946 0.398513
-0.082921 0.732091 0.397993
-0.082607 0.731816 0.397815
-0.083263 0.730969 0.397785
-0.083872 0.730142 0.397767
-0.083818 0.728244 0.397091
-0.083477 0.727964 0.396870
-0.084106 0.727111 0.396808
-0.084687 0.726280 0.396759
-0.084544 0.724388 0.395929
-0.084188 0.724112 0.395667
-0.084800 0.723264 0.395576
-0.085363 0.722438 0.395498
-0.085376 0.720911 0.394788
-0.085047 0.720595 0.394491
-0.085662 0.719718 0.394371
-0.086217 0.718873 0.394266
-0.085970 0.717001 0.393144
-0.085600 0.716740 0.392806
-0.086187 0.715908 0.392660
-0.086724 0.715101 0.392530
-0.086465 0.713362 0.391282
-0.086102 0.713131 0.390911
-0.086689 0.712328 0.390743
-0.087224 0.711550 0.390593
-0.086975 0.709929 0.389229
-0.086621 0.709728 0.388828
-0.087207 0.708953 0.388639
-0.087740 0.708205 0.388469
-0.087498 0.706710 0.386994
-0.087152 0.706540 0.386563
-0.087737 0.705796 0.386354
-0.088264 0.705079 0.386165
-0.088229 0.703920 0.384999
-0.087269 0.703470 0.383634
-0.086990 0.703289 0.383208
-0.086678 0.703131 0.382724
-0.085887 0.703157 0.382270
-0.083713 0.705116 0.381460
-0.083532 0.705767 0.381804
-0.083199 0.706856 0.382346
-0.082860 0.707965 0.382879
-0.082481 0.709212 0.383443
-0.082018 0.710703 0.384067
-0.081633 0.712023 0.384595
-0.081244 0.713415 0.385117
-0.080854 0.714857 0.385623
-0.080467 0.716337 0.386105
-0.080021 0.718028 0.386606
-0.079663 0.719483 0.387011
-0.079245 0.721178 0.387435
-0.078904 0.722653 0.387777
-0.078496 0.724379 0.388133
-0.078160 0.725885 0.388415
-0.077752 0.727649 0.388702
-0.077412 0.729188 0.388925
-0.077056 0.730797 0.389125
-0.076684 0.732453 0.389297
-0.076297 0.734142 0.389440
-0.075827 0.736059 0.389563
-0.075433 0.737699 0.389641
-0.074947 0.739599 0.389694
-0.074463 0.741439 0.389714
-0.073972 0.743255 0.389703
-0.073541 0.744871 0.389666
-0.073068 0.746577 0.389602
-0.072556 0.748335 0.389510
-0.068909 0.746187 0.389280
-0.067390 0.747508 0.389318
-0.066882 0.749160 0.389382
-0.066560 0.750911 0.389487
-0.066397 0.752712 0.389602
-0.066256 0.754181 0.389720
-0.066145 0.755223 0.389816
-0.066000 0.755972 0.389893
-0.065930 0.756643 0.389942
-0.065883 0.757010 0.389962
-0.065847 0.757283 0.389975
-0.065830 0.757433 0.389972
-0.065797 0.757519 0.389970
-0.065786 0.757537 0.389963
-0.065808 0.757500 0.389939
-0.065827 0.757391 0.389909
-0.065833 0.757265 0.389877
-0.065823 0.757088 0.389848
-0.065812 0.756800 0.389807
-0.065781 0.756519 0.389778
-0.065767 0.756241 0.389742
-0.065733 0.755806 0.389694
-0.065708 0.755362 0.389645
-0.065677 0.754953 0.389602
-0.065651 0.754475 0.389551
-0.065609 0.754058 0.389511
-0.065554 0.753634 0.389474
-0.065500 0.753136 0.389428
-0.065466 0.752715 0.389392
-0.065398 0.752208 0.389354
-0.065351 0.751795 0.389321
-0.065296 0.751267 0.389278
-0.065235 0.750738 0.389240
-0.065184 0.750200 0.389198
-0.065123 0.749656 0.389158
-0.065048 0.749139 0.389126
-0.064934 0.748489 0.389090
-0.064850 0.747865 0.389051
-0.064764 0.747210 0.389007
-0.064690 0.746648 0.388973
-0.064604 0.746040 0.388937
-0.064500 0.745310 0.388896
-0.064432 0.744679 0.388855
-0.064355 0.744012 0.388813
-0.064274 0.743291 0.388766
-0.064203 0.742547 0.388714
-0.064147 0.741695 0.388647
-0.064104 0.740997 0.388591
-0.064047 0.740278 0.388538
-0.063982 0.739436 0.388475
-0.063943 0.738728 0.388420
-0.063889 0.737983 0.388367
-0.063830 0.737100 0.388303
-0.063787 0.736357 0.388248
-0.063748 0.735486 0.388183
-0.063719 0.734626 0.388117
-0.063687 0.733897 0.388065
-0.063647 0.733018 0.388003
-0.063615 0.732274 0.387950
-0.063572 0.731370 0.387889
-0.063534 0.730500 0.387829
-0.063494 0.729743 0.387780
-0.063446 0.728950 0.387730
-0.063398 0.728008 0.387667
-0.063362 0.727233 0.387616
-0.063316 0.726300 0.387557
-0.063273 0.725509 0.387508
-0.063225 0.724552 0.387449
-0.063184 0.723625 0.387387
-0.063145 0.722708 0.387326
-0.063220 0.722480 0.387297
-0.063160 0.722027 0.387284
-0.063060 0.721400 0.387267
-0.062962 0.720572 0.387232
-0.062893 0.719815 0.387194
-0.062829 0.718875 0.387143
-0.062788 0.718056 0.387095
-0.062746 0.717188 0.387043
-0.062718 0.716151 0.386977
-0.062701 0.715281 0.386919
-0.062687 0.714247 0.386849
-0.062678 0.713376 0.386791
-0.062668 0.712340 0.386722
-0.062657 0.711457 0.386663
-0.062649 0.710412 0.386593
-0.062654 0.709397 0.386521
-0.062651 0.708528 0.386462
-0.062647 0.707476 0.386391
-0.062646 0.706574 0.386331
-0.062644 0.705629 0.386267
-0.062657 0.704519 0.386188
-0.062670 0.703591 0.386123
-0.062700 0.702486 0.386041
-0.062739 0.701418 0.385959
-0.062763 0.700508 0.385893
-0.062781 0.699551 0.385825
-0.062824 0.698413 0.385739
-0.062881 0.697310 0.385652
-0.062938 0.696238 0.385567
-0.062976 0.695317 0.385497
-0.063045 0.694560 0.385429
-0.063135 0.693821 0.385358
-0.063191 0.693285 0.385308
-0.063231 0.692752 0.385264
-0.063256 0.692217 0.385223
-0.063268 0.691661 0.385183
-0.063290 0.690987 0.385132
-0.063310 0.690426 0.385091
-0.063322 0.689837 0.385051
-0.063332 0.689219 0.385009
-0.063345 0.688577 0.384964
-0.063361 0.687909 0.384916
-0.063394 0.687104 0.384853
-0.063420 0.686426 0.384800
-0.063452 0.685618 0.384736
-0.063477 0.684926 0.384681
-0.063517 0.684093 0.384612
-0.063546 0.683389 0.384556
-0.063582 0.682543 0.384487
-0.063626 0.681709 0.384418
-0.063657 0.680984 0.384360
-0.063685 0.680233 0.384300
-0.063730 0.679345 0.384226
-0.063782 0.678497 0.384153
-0.063816 0.677764 0.384092
-0.063851 0.676979 0.384027
-0.063908 0.676030 0.383944
-0.063956 0.675231 0.383874
-0.064018 0.674271 0.383788
-0.064067 0.673449 0.383714
-0.064131 0.672457 0.383623
-0.064183 0.671612 0.383547
-0.064258 0.670597 0.383452
-0.064320 0.669742 0.383371
-0.064378 0.668854 0.383288
-0.064458 0.667806 0.383188
-0.064529 0.666931 0.383105
-0.064597 0.666027 0.383019
-0.064667 0.665117 0.382932
-0.064741 0.664190 0.382843
-0.064824 0.663242 0.382750
-0.064914 0.662278 0.382655
-0.065030 0.661180 0.382542
-0.065143 0.660143 0.382435
-0.065228 0.659277 0.382350
-0.065333 0.658245 0.382249
-0.065412 0.657371 0.382167
-0.065492 0.656445 0.382081
-0.065608 0.655352 0.381976
-0.065704 0.654443 0.381886
-0.065824 0.653361 0.381777
-0.065918 0.652460 0.381686
-0.066038 0.651395 0.381576
-0.066155 0.650356 0.381468
-0.066266 0.649336 0.381364
-0.066343 0.648469 0.381281
-0.066412 0.647546 0.381194
-0.066510 0.646437 0.381087
-0.066615 0.645374 0.380983
-0.066695 0.644463 0.380896
-0.066806 0.643354 0.380786
-0.066899 0.642428 0.380695
-0.067020 0.641314 0.380582
-0.067143 0.640229 0.380471
-0.067244 0.639292 0.380378
-0.067378 0.638152 0.380261
-0.067488 0.637183 0.380163
-0.067632 0.636027 0.380043
-0.067781 0.634913 0.379926
-0.067899 0.633964 0.379831
-0.068043 0.632818 0.379716
-0.068159 0.631846 0.379621
-0.068310 0.630668 0.379503
-0.068467 0.629495 0.379385
-0.068597 0.628487 0.379285
-0.068731 0.627429 0.379179
-0.068873 0.626346 0.379071
-0.069021 0.625245 0.378960
-0.069204 0.623973 0.378828
-0.069349 0.622936 0.378721
-0.069496 0.621862 0.378611
-0.069681 0.620600 0.378478
-0.069871 0.619382 0.378348
-0.070056 0.618212 0.378223
-0.070202 0.617200 0.378119
-0.070353 0.616150 0.378011
-0.070513 0.615078 0.377898
-0.070679 0.613991 0.377782
-0.070844 0.612913 0.377667
-0.071040 0.611671 0.377534
-0.071235 0.610492 0.377406
-0.071422 0.609347 0.377284
-0.071563 0.608380 0.377185
-0.071738 0.607221 0.377065
-0.071914 0.606095 0.376946
-0.072054 0.605143 0.376848
-0.072192 0.604160 0.376748
-0.072336 0.603155 0.376645
-0.072528 0.601960 0.376518
-0.072690 0.600983 0.376415
-0.072882 0.599829 0.376294
-0.073078 0.598711 0.376176
-0.073235 0.597768 0.376079
-0.073430 0.596628 0.375961
-0.073587 0.595663 0.375864
-0.073785 0.594508 0.375746
-0.073945 0.593534 0.375648
-0.074107 0.592518 0.375546
-0.074313 0.591323 0.375423
-0.074484 0.590329 0.375322
-0.074654 0.589305 0.375221
-0.074868 0.588095 0.375099
-0.075040 0.587101 0.375001
-0.075253 0.585907 0.374883
-0.075424 0.584900 0.374785
-0.075593 0.583862 0.374687
-0.075796 0.582641 0.374572
-0.076003 0.581477 0.374461
-0.076211 0.580342 0.374353
-0.076376 0.579365 0.374264
-0.076546 0.578340 0.374172
-0.076758 0.577120 0.374061
-0.076968 0.575949 0.373955
-0.077139 0.574945 0.373869
-0.077356 0.573729 0.373763
-0.077529 0.572716 0.373678
-0.077748 0.571504 0.373573
-0.077925 0.570493 0.373487
-0.078152 0.569261 0.373380
-0.078344 0.568225 0.373292
-0.078582 0.566982 0.373185
-0.078772 0.565951 0.373100
-0.079007 0.564709 0.372996
-0.079236 0.563519 0.372898
-0.079459 0.562372 0.372803
-0.079640 0.561399 0.372725
-0.079830 0.560365 0.372643
-0.080071 0.559122 0.372542
-0.080267 0.558083 0.372459
-0.080461 0.557014 0.372375
-0.080692 0.555775 0.372276
-0.080915 0.554594 0.372184
-0.081090 0.553593 0.372108
-0.081297 0.552409 0.372018
-0.081494 0.551272 0.371933
-0.081656 0.550306 0.371863
-0.081859 0.549139 0.371777
-0.082053 0.548020 0.371694
-0.082202 0.547083 0.371628
-0.082393 0.545931 0.371547
-0.082579 0.544805 0.371471
-0.082729 0.543850 0.371410
-0.082922 0.542684 0.371337
-0.083084 0.541701 0.371278
-0.083252 0.540673 0.371214
-0.083472 0.539449 0.371135
-0.083657 0.538433 0.371069
-0.083843 0.537389 0.371001
-0.084082 0.536142 0.370918
-0.084278 0.535126 0.370849
-0.084518 0.533927 0.370768
-0.084754 0.532775 0.370689
-0.084981 0.531649 0.370613
-0.085170 0.530682 0.370550
-0.085410 0.529505 0.370470
-0.085609 0.528514 0.370406
-0.085819 0.527478 0.370338
-0.086038 0.526424 0.370270
-0.086311 0.525187 0.370187
-0.086537 0.524162 0.370122
-0.086774 0.523093 0.370053
-0.087064 0.521838 0.369972
-0.087297 0.520796 0.369908
-0.087578 0.519568 0.369831
-0.087806 0.518549 0.369770
-0.088085 0.517327 0.369696
-0.088358 0.516149 0.369626
-0.088587 0.515151 0.369568
-0.088823 0.514104 0.369509
-0.089117 0.512861 0.369438
-0.089361 0.511816 0.369382
-0.089615 0.510730 0.369325
-0.089923 0.509449 0.369257
-0.090178 0.508389 0.369203
-0.090495 0.507124 0.369140
-0.090803 0.505901 0.369081
-0.091056 0.504864 0.369034
-0.091377 0.503595 0.368976
-0.091698 0.502353 0.368920
-0.091968 0.501295 0.368874
-0.092305 0.500003 0.368817
-0.092587 0.498917 0.368770
-0.092940 0.497583 0.368711
-0.093288 0.496288 0.368654
-0.093635 0.495015 0.368601
-0.093930 0.493918 0.368558
-0.094247 0.492749 0.368514
-0.094577 0.491543 0.368469
-0.094981 0.490129 0.368415
-0.095314 0.488961 0.368374
-0.095727 0.487555 0.368323
-0.096135 0.486206 0.368276
-0.096487 0.485054 0.368240
-0.096932 0.483648 0.368194
-0.097309 0.482471 0.368159
-0.097715 0.481236 0.368125
-0.098141 0.479970 0.368092
-0.098579 0.478690 0.368060
-0.099111 0.477198 0.368022
-0.099549 0.475971 0.367993
-0.100094 0.474503 0.367959
-0.100542 0.473293 0.367935
-0.101101 0.471846 0.367906
-0.101656 0.470456 0.367880
-0.102129 0.469282 0.367864
-0.102729 0.467849 0.367842
-0.103249 0.466647 0.367829
-0.103792 0.465401 0.367815
-0.104470 0.463910 0.367799
-0.105055 0.462680 0.367790
-0.105788 0.461197 0.367779
-0.106514 0.459777 0.367772
-0.107241 0.458390 0.367768
-0.107982 0.457019 0.367767
-0.108611 0.455860 0.367768
-0.109304 0.454629 0.367770
-0.110032 0.453354 0.367772
-0.110790 0.452056 0.367775
-0.111704 0.450540 0.367777
-0.112466 0.449309 0.367785
-0.113407 0.447832 0.367791
-0.114317 0.446412 0.367800
-0.115096 0.445226 0.367811
-0.115944 0.443973 0.367822
-0.116963 0.442490 0.367831
-0.117924 0.441097 0.367844
-0.118873 0.439743 0.367857
-0.119815 0.438407 0.367869
-0.120635 0.437278 0.367883
-0.121522 0.436093 0.367895
-0.122437 0.434883 0.367906
-0.123512 0.433490 0.367917
-0.124376 0.432386 0.367930
-0.125424 0.431073 0.367942
-0.126431 0.429844 0.367954
-0.127408 0.428663 0.367966
-0.128241 0.427682 0.367977
-0.129242 0.426491 0.367986
-0.130058 0.425521 0.367997
-0.130891 0.424521 0.368006
-0.131727 0.423516 0.368013
-0.132566 0.422523 0.368020
-0.133403 0.421707 0.368046
-0.133917 0.421606 0.368134
-0.134390 0.421581 0.368221
-0.134795 0.421586 0.368293
-0.135221 0.421605 0.368366
-0.135705 0.421665 0.368451
-0.136155 0.421744 0.368532
-0.136549 0.421802 0.368597
-0.137037 0.421862 0.368669
-0.137509 0.421922 0.368738
-0.137922 0.421959 0.368793
-0.138355 0.421986 0.368846
-0.138863 0.422016 0.368907
-0.139300 0.422034 0.368956
-0.139823 0.422043 0.369007
-0.140312 0.422052 0.369055
-0.140743 0.422045 0.369091
-0.141224 0.422015 0.369122
-0.141804 0.421971 0.369155
-0.142294 0.421930 0.369181
-0.142812 0.421869 0.369203
-0.143350 0.421793 0.369223
-0.143979 0.421698 0.369245
-0.144499 0.421618 0.369263
-0.145045 0.421516 0.369277
-0.145589 0.421405 0.369291
-0.146198 0.421273 0.369305
-0.146763 0.421152 0.369318
-0.147316 0.421025 0.369328
-0.147806 0.420902 0.369334
-0.148318 0.420760 0.369336
-0.148923 0.420590 0.369338
-0.149516 0.420427 0.369338
-0.150023 0.420284 0.369337
-0.150567 0.420117 0.369334
-0.151209 0.419915 0.369327
-0.151744 0.419751 0.369323
-0.152311 0.419570 0.369317
-0.152972 0.419354 0.369307
-0.153526 0.419174 0.369299
-0.154090 0.418981 0.369288
-0.154656 0.418782 0.369277
-0.155228 0.418579 0.369265
-0.155802 0.418370 0.369252
-0.156450 0.418128 0.369238
-0.156975 0.417934 0.369226
-0.157622 0.417683 0.369210
-0.158165 0.417476 0.369196
-0.158818 0.417217 0.369179
-0.159368 0.417004 0.369165
-0.159931 0.416776 0.369149
-0.160581 0.416506 0.369130
-0.161127 0.416285 0.369117
-0.161708 0.416042 0.369102
-0.162381 0.415755 0.369085
-0.162928 0.415529 0.369073
-0.163507 0.415280 0.369060
-0.164192 0.414979 0.369042
-0.164766 0.414734 0.369029
-0.165378 0.414468 0.369013
-0.166020 0.414187 0.368994
-0.166767 0.413859 0.368969
-0.167388 0.413590 0.368949
-0.168118 0.413262 0.368925
-0.168818 0.412952 0.368901
-0.169498 0.412650 0.368881
-0.170177 0.412348 0.368859
-0.170764 0.412087 0.368841
-0.171396 0.411797 0.368821
-0.172039 0.411495 0.368801
-0.172694 0.411187 0.368780
-0.173352 0.410874 0.368759
-0.174109 0.410508 0.368735
-0.174726 0.410215 0.368716
-0.175462 0.409857 0.368692
-0.176074 0.409561 0.368672
-0.176711 0.409245 0.368648
-0.177376 0.408911 0.368623
-0.178154 0.408518 0.368592
-0.178792 0.408205 0.368568
-0.179543 0.407820 0.368540
-0.180176 0.407500 0.368516
-0.180930 0.407105 0.368485
-0.181560 0.406779 0.368461
-0.182305 0.406383 0.368431
-0.182923 0.406060 0.368405
-0.183672 0.405654 0.368368
-0.184303 0.405315 0.368338
-0.185068 0.404887 0.368298
-0.185704 0.404538 0.368264
-0.186380 0.404159 0.368226
-0.187163 0.403712 0.368182
-0.187812 0.403350 0.368147
-0.188584 0.402904 0.368105
-0.189938 0.402238 0.368052
-0.190175 0.401665 0.368699
-0.190201 0.401355 0.368757
-0.190192 0.401026 0.368765
-0.190193 0.400807 0.368764
-0.190796 0.400053 0.370363
-0.190976 0.399684 0.370889
-0.191594 0.398916 0.372654
-0.191777 0.398446 0.373429
-0.191743 0.398156 0.373477
-0.191709 0.397841 0.373486
-0.191678 0.397505 0.373492
-0.191654 0.397181 0.373496
-0.191633 0.396859 0.373499
-0.191617 0.396550 0.373501
-0.191598 0.396230 0.373504
-0.191629 0.396209 0.373506
-0.191744 0.395929 0.373503
-0.191788 0.395906 0.373504
-0.191962 0.395609 0.373494
-0.192010 0.395591 0.373494
-0.192180 0.395322 0.373483
-0.192231 0.395300 0.373483
-0.192431 0.395007 0.373469
-0.192481 0.394990 0.373468
-0.192659 0.394722 0.373457
-0.192762 0.394688 0.373454
-0.192877 0.394486 0.373445
-0.193127 0.394163 0.374110
-0.193563 0.393735 0.375065
-0.193841 0.393383 0.375589
-0.194324 0.392783 0.376959
-0.194503 0.392620 0.377375
-0.194857 0.392203 0.378082
-0.194962 0.392175 0.378141
-0.195086 0.391953 0.378170
-0.195182 0.391910 0.378175
-0.195324 0.391645 0.378168
-0.195372 0.391623 0.378169
-0.195542 0.391349 0.378160
-0.195593 0.391327 0.378160
-0.195774 0.391055 0.378150
-0.195826 0.391033 0.378149
-0.196030 0.390745 0.378137
-0.196081 0.390729 0.378137
-0.196238 0.390490 0.378128
-0.196465 0.390177 0.378807
-0.196702 0.389916 0.379392
-0.197190 0.389336 0.380431
-0.197244 0.389321 0.380463
-0.197433 0.389061 0.380512
-0.197481 0.389047 0.380514
-0.197647 0.388791 0.380509
-0.197698 0.388771 0.380509
-0.197894 0.388489 0.380499
-0.197943 0.388474 0.380499
-0.198118 0.388214 0.380490
-0.198221 0.388184 0.380489
-0.198356 0.387953 0.380479
-0.198503 0.387901 0.380476
-0.198619 0.387670 0.380466
-0.198757 0.387617 0.380464
-0.198850 0.387420 0.380456
-0.198992 0.387343 0.380453
-0.199105 0.387102 0.380444
-0.199201 0.387056 0.380443
-0.199282 0.386904 0.380438
-0.199822 0.386116 0.382111
-0.199938 0.386016 0.382369
-0.200204 0.385677 0.382799
-0.200256 0.385659 0.382820
-0.200429 0.385407 0.382849
-0.200528 0.385380 0.382851
-0.200677 0.385132 0.382843
-0.200725 0.385112 0.382843
-0.200897 0.384850 0.382835
-0.200948 0.384830 0.382835
-0.201128 0.384568 0.382826
-0.201180 0.384549 0.382826
-0.201365 0.384288 0.382817
-0.201469 0.384259 0.382815
-0.201627 0.384010 0.382804
-0.201677 0.383991 0.382804
-0.201853 0.383730 0.382795
-0.201905 0.383711 0.382795
-0.202037 0.383507 0.382789
-0.202478 0.381952 0.382189
-0.202645 0.381557 0.382015
-0.202921 0.380999 0.381781
-0.203503 0.379034 0.380948
-0.203624 0.378824 0.380829
-0.203788 0.378543 0.380701
-0.204347 0.376557 0.379866
-0.204463 0.376347 0.379747
-0.204668 0.376007 0.379587
-0.205169 0.374078 0.378776
-0.205277 0.373874 0.378661
-0.205468 0.373538 0.378506
-0.205826 0.371985 0.377880
-0.206073 0.371403 0.377584
-0.206244 0.371068 0.377428
-0.206413 0.370193 0.377087
-0.206741 0.369131 0.376624
-0.207004 0.368543 0.376332
-0.207054 0.368536 0.376321
-0.207208 0.368329 0.376297
-0.207303 0.368317 0.376296
-0.207437 0.368082 0.376287
-0.207484 0.368066 0.376287
-0.207662 0.367798 0.376278
-0.207710 0.367787 0.376278
-0.207894 0.367526 0.376268
-0.207943 0.367515 0.376268
-0.208110 0.367269 0.376260
-0.208161 0.367254 0.376260
-0.208337 0.367001 0.376250
-0.208389 0.366985 0.376250
-0.208518 0.366787 0.376244
-0.208531 0.366800 0.376006
-0.208572 0.366800 0.375970
-0.208652 0.366667 0.375929
-0.208667 0.366645 0.375669
-0.208708 0.366639 0.375630
-0.208789 0.366501 0.375586
-0.208814 0.366466 0.375282
-0.208856 0.366460 0.375256
-0.209027 0.366206 0.375202
-0.209075 0.366195 0.375201
-0.209241 0.365951 0.375192
-0.209344 0.365931 0.375190
-0.209474 0.365710 0.375180
-0.209577 0.365677 0.375179
-0.209708 0.365448 0.375169
-0.209857 0.365410 0.375164
-0.209969 0.365186 0.375154
-0.210067 0.365152 0.375153
-0.210210 0.364900 0.375141
-0.210259 0.364884 0.375141
-0.210427 0.364634 0.375132
-0.210478 0.364619 0.375131
-0.210605 0.364424 0.375125
-0.211095 0.363768 0.376890
-0.211208 0.363691 0.377157
-0.211416 0.363447 0.377514
-0.211785 0.362932 0.378960
-0.212046 0.362731 0.379674
-0.212233 0.362496 0.380051
-0.212413 0.362211 0.380844
-0.212745 0.361857 0.381945
-0.213000 0.361522 0.382608
-0.213164 0.361249 0.383405
-0.213343 0.361029 0.384075
-0.213725 0.360544 0.385230
-0.213777 0.360537 0.385264
-0.213940 0.360317 0.385314
-0.213990 0.360305 0.385316
-0.214179 0.360056 0.385312
-0.214228 0.360047 0.385312
-0.214419 0.359801 0.385303
-0.214468 0.359792 0.385302
-0.214660 0.359545 0.385293
-0.214710 0.359537 0.385292
-0.214883 0.359303 0.385284
-0.214935 0.359290 0.385284
-0.215116 0.359051 0.385275
-0.215170 0.359037 0.385274
-0.215378 0.358785 0.385263
-0.215430 0.358776 0.385262
-0.215609 0.358544 0.385253
-0.215662 0.358532 0.385253
-0.215847 0.358294 0.385243
-0.215956 0.358278 0.385241
-0.216095 0.358065 0.385232
-0.216386 0.358043 0.385217
-0.216656 0.358080 0.385203
-0.216943 0.358126 0.385187
-0.217266 0.358179 0.385169
-0.217573 0.358229 0.385151
-0.217848 0.358273 0.385136
-0.218167 0.358326 0.385117
-0.218446 0.358370 0.385102
-0.218704 0.358412 0.385089
-0.218863 0.358164 0.385849
-0.219405 0.357763 0.387468
-0.219709 0.357308 0.389000
-0.220122 0.357119 0.390131
-0.220265 0.356875 0.390949
-0.220750 0.356493 0.392668
-0.220885 0.356246 0.393515
-0.221413 0.355873 0.395413
-0.221676 0.355936 0.395493
-0.221956 0.355990 0.395488
-0.222281 0.356045 0.395474
-0.222496 0.356076 0.395466
-0.222907 0.354136 0.394845
-0.223258 0.353797 0.394636
-0.223674 0.351868 0.393984
-0.223963 0.351562 0.393792
-0.224463 0.349439 0.393025
-0.224715 0.349330 0.392898
-0.225166 0.347235 0.392149
-0.225547 0.347177 0.391988
-0.225846 0.347277 0.391967
-0.226170 0.347345 0.391951
-0.226455 0.347393 0.391938
-0.226755 0.347441 0.391924
-0.227094 0.347493 0.391906
-0.227417 0.347542 0.391889
-0.227735 0.347590 0.391872
-0.228023 0.347633 0.391858
-0.228328 0.347680 0.391842
-0.228671 0.347732 0.391823
-0.228969 0.347776 0.391808
-0.229310 0.347827 0.391789
-0.229607 0.347870 0.391773
-0.229918 0.347917 0.391757
-0.230267 0.347968 0.391737
-0.230568 0.348012 0.391721
-0.230912 0.348061 0.391701
-0.231209 0.348096 0.391685
-0.231514 0.348127 0.391668
-0.231844 0.348150 0.391650
-0.232273 0.348162 0.391625
-0.232842 0.348170 0.391588
-0.233379 0.348181 0.391552
-0.233965 0.348200 0.391512
-0.234679 0.348241 0.391460
-0.235327 0.348303 0.391413
-0.236026 0.348393 0.391361
-0.236038 0.348679 0.390546
-0.236371 0.349229 0.388814
-0.236352 0.349516 0.387927
-0.236666 0.350050 0.385995
-0.236627 0.350328 0.385132
-0.236854 0.350835 0.383246
-0.236795 0.351113 0.382385
-0.236942 0.351607 0.380510
-0.236864 0.351884 0.379652
-0.236937 0.352366 0.377786
-0.236841 0.352644 0.376930
-0.236814 0.353114 0.375156
-0.236574 0.353606 0.373553
-0.236589 0.353838 0.372392
-0.236462 0.354116 0.371540
-0.236336 0.354572 0.369785
-0.236187 0.354853 0.368910
-0.236005 0.355290 0.367045
-0.235843 0.355566 0.366200
-0.235610 0.355982 0.364342
-0.235998 0.356060 0.364218
-0.236694 0.356263 0.364120
-0.237423 0.356487 0.364020
-0.238372 0.356769 0.363885
-0.239251 0.357024 0.363760
-0.240324 0.357323 0.363603
-0.241280 0.357584 0.363465
-0.242282 0.357851 0.363320
-0.242473 0.357908 0.363296
-0.242645 0.358816 0.360706
-0.242767 0.358853 0.360619
-0.242623 0.359646 0.357960
-0.242710 0.359670 0.357875
-0.242366 0.360408 0.355249
-0.242429 0.360425 0.355169
-0.241939 0.361135 0.352575
-0.241985 0.361147 0.352499
-0.241413 0.361846 0.350045
-0.241434 0.361864 0.349931
-0.240755 0.362548 0.347437
-0.240791 0.362566 0.347248
-0.240039 0.363225 0.344834
-0.240036 0.363236 0.344725
-0.239199 0.363892 0.342280
-0.239296 0.363868 0.341975
-0.240766 0.364155 0.341673
-0.241254 0.364303 0.341599
-0.241883 0.364484 0.341494
-0.242782 0.364721 0.341331
-0.243783 0.364966 0.341145
-0.244729 0.365191 0.340972
-0.245900 0.365454 0.340752
-0.246953 0.365683 0.340558
-0.248216 0.365943 0.340322
-0.249479 0.366190 0.340087
-0.250593 0.366405 0.339884
-0.251910 0.366646 0.339642
-0.253056 0.366851 0.339436
-0.254240 0.367057 0.339225
-0.254424 0.367195 0.339186
-0.255503 0.367627 0.338995
-0.255892 0.367914 0.338915
-0.256975 0.368283 0.338727
-0.257176 0.368436 0.338686
-0.258312 0.368899 0.338489
-0.258520 0.369056 0.338447
-0.259872 0.369566 0.338210
-0.260071 0.369716 0.338170
-0.261200 0.370163 0.337977
-0.261405 0.370317 0.337936
-0.262743 0.370809 0.337708
-0.262938 0.370957 0.337669
-0.264051 0.371390 0.337484
-0.264256 0.371547 0.337444
-0.265265 0.372023 0.337275
-0.265236 0.372397 0.336392
-0.265246 0.373081 0.335176
-0.265698 0.373477 0.334521
-0.265601 0.373840 0.333580
-0.265524 0.374632 0.332001
-0.266048 0.374880 0.331495
-0.266506 0.375232 0.331352
-0.267329 0.375502 0.331210
-0.267915 0.375918 0.331096
-0.268640 0.376186 0.330982
-0.269529 0.376748 0.330813
-0.270304 0.377007 0.330690
-0.271028 0.377477 0.330553
-0.272582 0.377974 0.330287
-0.272815 0.378143 0.330241
-0.274402 0.378775 0.329970
-0.274638 0.378949 0.329924
-0.276009 0.379524 0.329695
-0.276496 0.379866 0.329603
-0.277619 0.380288 0.329423
-0.278129 0.380637 0.329329
-0.279292 0.381066 0.329144
-0.280055 0.381541 0.329005
-0.281880 0.382058 0.328707
-0.283591 0.382366 0.328437
-0.285042 0.382586 0.328217
-0.286717 0.382815 0.327963
-0.288151 0.383000 0.327754
-0.289616 0.383180 0.327543
-0.291303 0.383375 0.327301
-0.292937 0.383551 0.327071
-0.293931 0.383659 0.326942
-0.294580 0.384012 0.326840
-0.295367 0.384209 0.326742
-0.296066 0.384619 0.326634
-0.296891 0.384847 0.326530
-0.297618 0.385276 0.326419
-0.298464 0.385515 0.326312
-0.299418 0.386035 0.326166
-0.299976 0.386180 0.326099
-0.301163 0.386774 0.325924
-0.301435 0.386842 0.325892
-0.302864 0.387497 0.325691
-0.303130 0.387555 0.325662
-0.304331 0.388132 0.325497
-0.304605 0.388198 0.325467
-0.306033 0.388844 0.325271
-0.306298 0.388901 0.325242
-0.307680 0.389523 0.325056
-0.307940 0.389577 0.325028
-0.309288 0.390191 0.324850
-0.309544 0.390243 0.324823
-0.310686 0.390802 0.324676
-0.310951 0.390863 0.324649
-0.312315 0.391495 0.324471
-0.312572 0.391548 0.324446
-0.313714 0.392108 0.324302
-0.313979 0.392169 0.324275
-0.315333 0.392798 0.324103
-0.315588 0.392850 0.324078
-0.316717 0.393408 0.323940
-0.316980 0.393467 0.323914
-0.317726 0.393897 0.323828
-0.317669 0.394729 0.321604
-0.318292 0.394896 0.320890
-0.318082 0.395506 0.318631
-0.318458 0.395524 0.318022
-0.318205 0.396049 0.315741
-0.318578 0.395995 0.315146
-0.318342 0.396452 0.312593
-0.319432 0.396050 0.312179
-0.320725 0.395827 0.312151
-0.321967 0.395722 0.312116
-0.322150 0.395811 0.312037
-0.323499 0.395733 0.311880
-0.323716 0.395800 0.311803
-0.325513 0.395578 0.311682
-0.325750 0.395636 0.311616
-0.327936 0.395312 0.311559
-0.330145 0.395004 0.311640
-0.332249 0.394778 0.311702
-0.334246 0.394589 0.311751
-0.336150 0.394424 0.311793
-0.337760 0.394297 0.311825
-0.339594 0.394156 0.311856
-0.341346 0.394020 0.311889
-0.343039 0.393888 0.311924
-0.344497 0.393779 0.311957
-0.345987 0.393671 0.311987
-0.347492 0.393561 0.312018
-0.349002 0.393448 0.312052
-0.350511 0.393333 0.312089
-0.352211 0.393194 0.312136
-0.353646 0.393074 0.312184
-0.355098 0.392953 0.312233
-0.356745 0.392809 0.312292
-0.358141 0.392685 0.312349
-0.359741 0.392539 0.312414
-0.361279 0.392393 0.312484
-0.362779 0.392248 0.312557
-0.364086 0.392124 0.312623
-0.365435 0.391997 0.312688
-0.366979 0.391846 0.312762
-0.368298 0.391716 0.312833
-0.369814 0.391562 0.312914
-0.371114 0.391430 0.312989
-0.372611 0.391274 0.313074
-0.374055 0.391119 0.313162
-0.375310 0.390985 0.313242
-0.376766 0.390827 0.313331
-0.377466 0.390757 0.313380
-0.377667 0.391034 0.311003
-0.379013 0.390608 0.310984
-0.380551 0.390223 0.311318
-0.382095 0.389920 0.311593
-0.383797 0.389630 0.311843
-0.385198 0.389414 0.312025
-0.386758 0.389189 0.312204
-0.388223 0.388983 0.312364
-0.389626 0.388792 0.312509
-0.390839 0.388633 0.312629
-0.392083 0.388473 0.312744
-0.393496 0.388290 0.312871
-0.394847 0.388114 0.312996
-0.396017 0.387961 0.313106
-0.397371 0.387785 0.313228
-0.398537 0.387632 0.313336
-0.399736 0.387476 0.313444
-0.401099 0.387296 0.313566
-0.402261 0.387142 0.313675
-0.403595 0.386962 0.313798
-0.404878 0.386787 0.313921
-0.406132 0.386615 0.314042
-0.407367 0.386445 0.314161
-0.408590 0.386276 0.314279
-0.409673 0.386127 0.314383
-0.410804 0.385973 0.314487
-0.411959 0.385814 0.314593
-0.413126 0.385653 0.314701
-0.414298 0.385489 0.314810
-0.415472 0.385324 0.314920
-0.416644 0.385158 0.315031
-0.417814 0.384991 0.315143
-0.418981 0.384823 0.315255
