-0.080727 0.886065 0.407064
-0.080736 0.885941 0.407086
-0.080704 0.885758 0.407123
-0.080663 0.885564 0.407161
-0.080666 0.885517 0.407169
-0.083105 0.883823 0.407341
-0.083069 0.883429 0.407449
-0.084995 0.881469 0.407731
-0.084817 0.880807 0.407908
-0.086343 0.878396 0.408315
-0.085712 0.877189 0.408633
-0.086929 0.874543 0.409083
-0.085201 0.872154 0.409675
-0.083831 0.870695 0.410008
-0.083768 0.870442 0.410056
-0.083126 0.869184 0.410307
-0.083166 0.869014 0.410334
-0.082991 0.868151 0.410488
-0.083090 0.868032 0.410502
-0.083262 0.867577 0.410569
-0.084141 0.867014 0.410593
-0.085696 0.866083 0.410670
-0.086069 0.864952 0.410880
-0.086878 0.864266 0.410938
-0.087764 0.863631 0.410999
-0.088454 0.861944 0.411295
-0.089225 0.861160 0.411376
-0.090060 0.860437 0.411460
-0.090534 0.858492 0.411810
-0.091257 0.857649 0.411906
-0.092047 0.856874 0.412002
-0.092377 0.854776 0.412376
-0.093075 0.853895 0.412479
-0.093841 0.853088 0.412582
-0.093879 0.850531 0.413034
-0.094545 0.849666 0.413133
-0.095297 0.848872 0.413233
-0.095581 0.846744 0.413587
-0.096283 0.845846 0.413693
-0.097054 0.845027 0.413799
-0.096916 0.842165 0.414272
-0.096852 0.841859 0.414319
-0.096299 0.840608 0.414507
-0.096323 0.840417 0.414533
-0.096095 0.839483 0.414664
-0.096186 0.839367 0.414678
-0.096280 0.838758 0.414759
-0.096411 0.838681 0.414767
-0.096697 0.838288 0.414815
-0.097007 0.838176 0.414827
-0.097240 0.837885 0.414862
-0.097403 0.837834 0.414865
-0.097809 0.837542 0.414897
-0.097984 0.837495 0.414900
-0.098436 0.837192 0.414931
-0.098608 0.837151 0.414933
-0.099071 0.836870 0.414959
-0.099246 0.836831 0.414961
-0.099707 0.836583 0.414982
-0.100068 0.836512 0.414984
-0.100400 0.836292 0.415003
-0.100577 0.836251 0.415003
-0.101070 0.835947 0.415027
-0.101041 0.835582 0.415059
-0.100933 0.835178 0.415098
-0.100772 0.834712 0.415147
-0.100576 0.834208 0.415201
-0.100318 0.833617 0.415265
-0.100065 0.833033 0.415330
-0.099814 0.832452 0.415394
-0.099793 0.832344 0.415404
-0.102105 0.830008 0.415664
-0.102086 0.829719 0.415708
-0.104045 0.826780 0.416086
-0.103098 0.825120 0.416334
-0.102250 0.823994 0.416477
-0.101563 0.823011 0.416591
-0.101084 0.822228 0.416678
-0.100769 0.821614 0.416743
-0.100485 0.821015 0.416805
-0.100217 0.820422 0.416865
-0.100105 0.820079 0.416898
-0.099390 0.819768 0.416933
-0.099231 0.819505 0.416955
-0.098430 0.819109 0.416995
-0.098152 0.818682 0.417033
-0.097325 0.818275 0.417074
-0.097221 0.818120 0.417087
-0.098047 0.817395 0.417141
-0.098832 0.815567 0.417351
-0.098737 0.815230 0.417389
-0.099528 0.814349 0.417469
-0.100043 0.812093 0.417734
-0.099881 0.811680 0.417780
-0.100611 0.810725 0.417870
-0.100935 0.808262 0.418149
-0.100275 0.807065 0.418264
-0.099168 0.806252 0.418324
-0.098269 0.805218 0.418391
-0.097350 0.804693 0.418416
-0.096827 0.804077 0.418448
-0.096679 0.803912 0.418416
-0.096101 0.803652 0.418369
-0.095574 0.803117 0.418362
-0.095435 0.802971 0.418324
-0.094670 0.802626 0.418255
-0.094270 0.802139 0.418254
-0.094156 0.802009 0.418216
-0.093639 0.801806 0.418159
-0.093067 0.801203 0.418144
-0.092960 0.801086 0.418105
-0.092703 0.800995 0.418070
-0.092008 0.800413 0.418030
-0.091891 0.800296 0.417988
-0.091628 0.800203 0.417951
-0.090807 0.799489 0.417906
-0.090703 0.799381 0.417865
-0.090451 0.799297 0.417828
-0.089772 0.798730 0.417781
-0.089556 0.798513 0.417705
-0.089310 0.798432 0.417679
-0.090021 0.797765 0.417715
-0.091078 0.796589 0.417808
-0.091154 0.795593 0.417780
-0.090901 0.795377 0.417772
-0.091578 0.794592 0.417824
-0.092234 0.793830 0.417887
-0.092598 0.792487 0.417879
-0.092085 0.792022 0.417853
-0.092805 0.791250 0.417906
-0.093495 0.790529 0.417966
-0.093939 0.789604 0.417952
-0.093167 0.788721 0.417876
-0.093018 0.788513 0.417863
-0.092871 0.788334 0.417808
-0.091746 0.787775 0.417629
-0.091639 0.787629 0.417615
-0.091533 0.787501 0.417560
-0.090694 0.787165 0.417407
-0.090590 0.787029 0.417391
-0.090489 0.786909 0.417335
-0.089677 0.786591 0.417181
-0.089579 0.786457 0.417166
-0.089483 0.786339 0.417110
-0.088581 0.785959 0.416939
-0.088507 0.785832 0.416927
-0.088286 0.785731 0.416908
-0.087633 0.785412 0.416731
-0.087557 0.785282 0.416714
-0.087335 0.785178 0.416691
-0.086680 0.784850 0.416507
-0.086533 0.784600 0.416475
-0.086313 0.784513 0.416454
-0.085781 0.784292 0.416298
-0.085533 0.783939 0.416240
-0.085312 0.783867 0.416218
-0.085088 0.783801 0.416153
-0.084808 0.783795 0.416068
-0.084269 0.783568 0.415922
-0.084010 0.783514 0.415884
-0.083579 0.783405 0.415746
-0.083333 0.783408 0.415669
-0.082855 0.783206 0.415533
-0.082610 0.783160 0.415496
-0.082374 0.783113 0.415420
-0.081847 0.783124 0.415251
-0.081567 0.782967 0.415161
-0.081321 0.782908 0.415120
-0.081083 0.782851 0.415041
-0.080375 0.782831 0.414810
-0.080263 0.782741 0.414771
-0.079805 0.782591 0.414694
-0.079632 0.782520 0.414623
-0.079168 0.782504 0.414457
-0.078915 0.782334 0.414368
-0.078678 0.782271 0.414327
-0.078273 0.782148 0.414185
-0.078033 0.782145 0.414103
-0.077569 0.781929 0.413958
-0.077331 0.781878 0.413918
-0.077099 0.781827 0.413839
-0.076814 0.781830 0.413739
-0.076285 0.781615 0.413565
-0.076038 0.781562 0.413521
-0.075799 0.781509 0.413439
-0.075261 0.781507 0.413253
-0.074977 0.781340 0.413154
-0.074733 0.781276 0.413108
-0.074494 0.781214 0.413025
-0.073951 0.781198 0.412837
-0.073662 0.781021 0.412736
-0.073190 0.780886 0.412649
-0.073013 0.780820 0.412576
-0.072762 0.780812 0.412477
-0.072274 0.780584 0.412304
-0.072032 0.780530 0.412258
-0.071145 0.779903 0.411929
-0.070620 0.779951 0.411870
-0.070695 0.780460 0.411323
-0.071019 0.781054 0.410886
-0.071179 0.781937 0.410410
-0.071222 0.782793 0.410014
-0.071214 0.783829 0.409561
-0.071185 0.784749 0.409175
-0.071130 0.785822 0.408725
-0.071060 0.786865 0.408291
-0.071002 0.787785 0.407910
-0.070945 0.788743 0.407508
-0.070860 0.789838 0.407045
-0.070783 0.790779 0.406649
-0.070685 0.791861 0.406187
-0.070578 0.792904 0.405742
-0.070492 0.793820 0.405349
-0.070382 0.794884 0.404887
-0.070263 0.795915 0.404439
-0.070164 0.796823 0.404043
-0.070063 0.797770 0.403625
-0.069952 0.798737 0.403195
-0.069805 0.799829 0.402708
-0.069676 0.800762 0.402292
-0.069545 0.801718 0.401861
-0.069407 0.802688 0.401422
-0.069231 0.803777 0.400927
-0.069049 0.804813 0.400459
-0.068897 0.805716 0.400047
-0.068743 0.806651 0.399614
-0.068579 0.807604 0.399171
-0.066484 0.805876 0.398896
-0.066582 0.806896 0.398810
-0.067345 0.808512 0.398731
-0.067901 0.810232 0.398775
-0.068279 0.811973 0.398872
-0.068399 0.813204 0.398975
-0.068465 0.814294 0.399074
-0.068636 0.815590 0.399129
-0.068848 0.816609 0.399136
-0.068979 0.817641 0.399148
-0.069034 0.818455 0.399161
-0.069046 0.818987 0.399167
-0.069083 0.819539 0.399165
-0.069141 0.819934 0.399149
-0.069248 0.820275 0.399103
-0.069349 0.820474 0.399055
-0.069432 0.820628 0.399004
-0.069504 0.820741 0.398948
-0.069551 0.820766 0.398897
-0.069563 0.820728 0.398864
-0.069608 0.820657 0.398818
-0.069631 0.820520 0.398781
-0.069637 0.820359 0.398749
-0.069641 0.820144 0.398711
-0.069647 0.819945 0.398676
-0.069616 0.819707 0.398646
-0.069570 0.819453 0.398621
-0.069541 0.819147 0.398585
-0.069527 0.818886 0.398556
-0.069474 0.818549 0.398529
-0.069429 0.818255 0.398507
-0.069378 0.817878 0.398479
-0.069328 0.817558 0.398461
-0.069272 0.817217 0.398442
-0.069211 0.816859 0.398423
-0.069149 0.816486 0.398406
-0.069050 0.816017 0.398390
-0.068985 0.815637 0.398372
-0.068898 0.815164 0.398350
-0.068806 0.814745 0.398337
-0.068713 0.814309 0.398321
-0.068598 0.813784 0.398303
-0.068514 0.813332 0.398287
-0.068401 0.812798 0.398271
-0.068296 0.812320 0.398261
-0.068180 0.811745 0.398247
-0.068089 0.811199 0.398225
-0.068001 0.810669 0.398203
-0.067918 0.810211 0.398185
-0.067798 0.809669 0.398166
-0.067701 0.809200 0.398148
-0.067575 0.808615 0.398125
-0.067468 0.808049 0.398099
-0.067363 0.807475 0.398069
-0.067261 0.806913 0.398042
-0.067165 0.806370 0.398012
-0.067060 0.805882 0.397989
-0.066926 0.805288 0.397961
-0.066824 0.804782 0.397931
-0.066696 0.804186 0.397896
-0.066602 0.803687 0.397862
-0.066496 0.803168 0.397827
-0.066387 0.802645 0.397792
-0.066272 0.802033 0.397746
-0.066189 0.801538 0.397704
-0.066100 0.801026 0.397662
-0.066009 0.800506 0.397617
-0.065916 0.799902 0.397561
-0.065838 0.799405 0.397510
-0.065738 0.798829 0.397453
-0.065937 0.798905 0.397384
-0.065967 0.798747 0.397338
-0.065870 0.798455 0.397312
-0.065741 0.798087 0.397284
-0.065601 0.797601 0.397240
-0.065496 0.797094 0.397184
-0.065406 0.796581 0.397122
-0.065327 0.796128 0.397067
-0.065240 0.795641 0.397009
-0.065150 0.795130 0.396945
-0.065063 0.794524 0.396863
-0.064999 0.794015 0.396793
-0.064926 0.793496 0.396722
-0.064854 0.792968 0.396648
-0.064781 0.792356 0.396558
-0.064727 0.791860 0.396484
-0.064661 0.791355 0.396409
-0.064589 0.790762 0.396320
-0.064524 0.790188 0.396231
-0.064462 0.789695 0.396157
-0.064390 0.789182 0.396080
-0.064315 0.788570 0.395985
-0.064259 0.788047 0.395903
-0.064196 0.787502 0.395819
-0.064129 0.786864 0.395718
-0.064075 0.786327 0.395634
-0.064017 0.785692 0.395533
-0.063976 0.785149 0.395446
-0.063928 0.784504 0.395342
-0.063884 0.783963 0.395255
-0.063936 0.783570 0.395155
-0.064007 0.783374 0.395083
-0.064065 0.783242 0.395023
-0.064116 0.783133 0.394963
-0.064124 0.783030 0.394921
-0.064115 0.782910 0.394884
-0.064098 0.782753 0.394842
-0.064064 0.782587 0.394809
-0.064007 0.782355 0.394773
-0.063957 0.782129 0.394739
-0.063905 0.781838 0.394696
-0.063864 0.781539 0.394651
-0.063821 0.781271 0.394613
-0.063762 0.780967 0.394576
-0.063692 0.780597 0.394534
-0.063632 0.780282 0.394500
-0.063565 0.779954 0.394467
-0.063502 0.779615 0.394432
-0.063438 0.779214 0.394388
-0.063385 0.778818 0.394345
-0.063331 0.778473 0.394309
-0.063270 0.778105 0.394272
-0.063209 0.777725 0.394233
-0.063149 0.777332 0.394193
-0.063081 0.776869 0.394147
-0.063034 0.776422 0.394098
-0.062989 0.776035 0.394058
-0.062930 0.775624 0.394018
-0.062866 0.775119 0.393967
-0.062815 0.774692 0.393921
-0.062753 0.774181 0.393869
-0.062699 0.773743 0.393825
-0.062634 0.773197 0.393769
-0.062580 0.772723 0.393720
-0.062516 0.772149 0.393661
-0.062457 0.771581 0.393603
-0.062402 0.771020 0.393545
-0.062348 0.770527 0.393497
-0.062288 0.769930 0.393439
-0.062248 0.769344 0.393377
-0.062207 0.768760 0.393318
-0.062161 0.768173 0.393259
-0.062111 0.767584 0.393201
-0.062066 0.767077 0.393152
-0.062015 0.766540 0.393100
-0.061963 0.765977 0.393046
-0.061910 0.765309 0.392982
-0.061869 0.764664 0.392916
-0.061828 0.764110 0.392861
-0.061780 0.763537 0.392804
-0.061731 0.762950 0.392745
-0.061688 0.762269 0.392673
-0.061651 0.761703 0.392613
-0.061604 0.761044 0.392544
-0.061567 0.760417 0.392476
-0.061525 0.759881 0.392422
-0.061476 0.759333 0.392368
-0.061427 0.758698 0.392301
-0.061386 0.758081 0.392236
-0.061351 0.757478 0.392172
-0.061314 0.756967 0.392121
-0.061267 0.756430 0.392069
-0.061213 0.755786 0.392007
-0.061167 0.755150 0.391945
-0.061125 0.754524 0.391884
-0.061081 0.753903 0.391826
-0.061041 0.753282 0.391767
-0.060999 0.752749 0.391716
-0.060950 0.752186 0.391667
-0.060901 0.751507 0.391605
-0.060858 0.750934 0.391554
-0.060804 0.750244 0.391494
-0.060755 0.749647 0.391443
-0.060700 0.748928 0.391381
-0.060653 0.748311 0.391332
-0.060595 0.747571 0.391272
-0.060550 0.746850 0.391211
-0.060508 0.746137 0.391151
-0.060466 0.745533 0.391102
-0.060416 0.744907 0.391053
-0.060370 0.744172 0.390991
-0.060337 0.743551 0.390938
-0.060300 0.742815 0.390875
-0.060270 0.742087 0.390810
-0.060240 0.741371 0.390749
-0.060202 0.740745 0.390697
-0.060153 0.740080 0.390643
-0.060110 0.739395 0.390587
-0.060081 0.738597 0.390514
-0.060070 0.737840 0.390442
-0.060053 0.737204 0.390385
-0.060029 0.736558 0.390330
-0.060011 0.735905 0.390274
-0.060002 0.735152 0.390207
-0.059997 0.734525 0.390152
-0.059987 0.733882 0.390097
-0.059985 0.733122 0.390029
-0.059987 0.732498 0.389972
-0.059986 0.731860 0.389913
-0.059998 0.731120 0.389841
-0.060012 0.730517 0.389781
-0.060036 0.729814 0.389708
-0.060057 0.729228 0.389646
-0.060083 0.728528 0.389571
-0.060112 0.727838 0.389496
-0.060126 0.727242 0.389435
-0.060139 0.726507 0.389359
-0.060150 0.725870 0.389294
-0.060158 0.725199 0.389227
-0.060169 0.724516 0.389159
-0.060196 0.723716 0.389076
-0.060224 0.723059 0.389009
-0.060260 0.722296 0.388931
-0.060286 0.721658 0.388871
-0.060312 0.720900 0.388800
-0.060345 0.720158 0.388730
-0.060383 0.719430 0.388659
-0.060403 0.718798 0.388601
-0.060413 0.718133 0.388543
-0.060426 0.717446 0.388482
-0.060462 0.716652 0.388405
-0.060496 0.716003 0.388340
-0.060523 0.715323 0.388273
-0.060548 0.714619 0.388202
-0.060591 0.713783 0.388117
-0.060624 0.713091 0.388047
-0.060669 0.712266 0.387963
-0.060705 0.711582 0.387894
-0.060730 0.710879 0.387828
-0.060754 0.710170 0.387764
-0.060778 0.709439 0.387698
-0.060807 0.708702 0.387632
-0.060852 0.707857 0.387551
-0.060889 0.707165 0.387485
-0.060932 0.706347 0.387405
-0.060980 0.705560 0.387326
-0.061027 0.704792 0.387248
-0.061072 0.704043 0.387173
-0.061113 0.703308 0.387101
-0.061139 0.702681 0.387043
-0.061174 0.701931 0.386972
-0.061216 0.701194 0.386901
-0.061263 0.700476 0.386831
-0.061293 0.699848 0.386774
-0.061319 0.699187 0.386715
-0.061359 0.698420 0.386646
-0.061394 0.697782 0.386590
-0.061442 0.697005 0.386517
-0.061481 0.696350 0.386456
-0.061518 0.695674 0.386393
-0.061569 0.694891 0.386318
-0.061627 0.694142 0.386243
-0.061670 0.693512 0.386180
-0.061721 0.692763 0.386108
-0.061762 0.692126 0.386048
-0.061820 0.691362 0.385973
-0.061889 0.690620 0.385899
-0.061958 0.689888 0.385824
-0.062011 0.689258 0.385761
-0.062061 0.688590 0.385695
-0.062132 0.687791 0.385610
-0.062195 0.687126 0.385539
-0.062278 0.686322 0.385448
-0.062344 0.685636 0.385372
-0.062431 0.684811 0.385280
-0.062499 0.684113 0.385205
-0.062583 0.683290 0.385114
-0.062649 0.682594 0.385038
-0.062737 0.681764 0.384946
-0.062811 0.681079 0.384870
-0.062887 0.680356 0.384789
-0.062965 0.679610 0.384706
-0.063051 0.678863 0.384620
-0.063138 0.678108 0.384533
-0.063257 0.677234 0.384426
-0.063347 0.676515 0.384340
-0.063454 0.675685 0.384242
-0.063542 0.674994 0.384163
-0.063628 0.674276 0.384083
-0.063734 0.673429 0.383985
-0.063843 0.672607 0.383889
-0.063932 0.671911 0.383811
-0.064042 0.671065 0.383716
-0.064129 0.670361 0.383637
-0.064230 0.669508 0.383541
-0.064312 0.668783 0.383459
-0.064398 0.668020 0.383373
-0.064508 0.667122 0.383269
-0.064593 0.666379 0.383185
-0.064697 0.665506 0.383087
-0.064800 0.664669 0.382994
-0.064879 0.663943 0.382917
-0.064954 0.663171 0.382838
-0.065055 0.662244 0.382740
-0.065166 0.661349 0.382644
-0.065257 0.660597 0.382565
-0.065377 0.659690 0.382467
-0.065477 0.658919 0.382386
-0.065601 0.657981 0.382286
-0.065700 0.657177 0.382203
-0.065796 0.656342 0.382119
-0.065920 0.655353 0.382017
-0.066016 0.654544 0.381934
-0.066137 0.653599 0.381834
-0.066235 0.652815 0.381753
-0.066360 0.651871 0.381654
-0.066461 0.651075 0.381571
-0.066592 0.650121 0.381470
-0.066699 0.649311 0.381386
-0.066807 0.648464 0.381299
-0.066944 0.647465 0.381194
-0.067053 0.646632 0.381109
-0.067187 0.645636 0.381006
-0.067297 0.644793 0.380919
-0.067410 0.643906 0.380829
-0.067523 0.642994 0.380738
-0.067668 0.641936 0.380628
-0.067787 0.641060 0.380537
-0.067939 0.640026 0.380426
-0.068060 0.639163 0.380335
-0.068173 0.638282 0.380243
-0.068308 0.637237 0.380136
-0.068410 0.636363 0.380051
-0.068512 0.635466 0.379964
-0.068613 0.634563 0.379877
-0.068737 0.633505 0.379775
-0.068838 0.632627 0.379692
-0.068971 0.631563 0.379588
-0.069088 0.630657 0.379498
-0.069240 0.629564 0.379387
-0.069364 0.628648 0.379296
-0.069516 0.627560 0.379186
-0.069635 0.626653 0.379097
-0.069756 0.625718 0.379004
-0.069903 0.624613 0.378892
-0.070048 0.623555 0.378783
-0.070188 0.622516 0.378677
-0.070298 0.621615 0.378588
-0.070443 0.620524 0.378477
-0.070569 0.619592 0.378382
-0.070729 0.618465 0.378264
-0.070855 0.617512 0.378168
-0.070982 0.616524 0.378068
-0.071111 0.615528 0.377966
-0.071249 0.614507 0.377860
-0.071428 0.613310 0.377731
-0.071570 0.612326 0.377626
-0.071740 0.611165 0.377503
-0.071880 0.610191 0.377402
-0.072060 0.609020 0.377279
-0.072212 0.608029 0.377176
-0.072359 0.607005 0.377072
-0.072506 0.605961 0.376969
-0.072691 0.604749 0.376846
-0.072882 0.603599 0.376727
-0.073032 0.602622 0.376629
-0.073183 0.601598 0.376528
-0.073373 0.600393 0.376406
-0.073527 0.599400 0.376306
-0.073686 0.598366 0.376203
-0.073856 0.597295 0.376095
-0.074067 0.596042 0.375966
-0.074234 0.595006 0.375864
-0.074393 0.593955 0.375763
-0.074586 0.592740 0.375644
-0.074742 0.591723 0.375547
-0.074942 0.590506 0.375430
-0.075100 0.589498 0.375336
-0.075297 0.588301 0.375223
-0.075460 0.587285 0.375130
-0.075665 0.586064 0.375016
-0.075832 0.585030 0.374923
-0.076037 0.583784 0.374809
-0.076241 0.582572 0.374698
-0.076438 0.581397 0.374590
-0.076636 0.580241 0.374485
-0.076799 0.579229 0.374396
-0.076970 0.578156 0.374301
-0.077193 0.576859 0.374184
-0.077421 0.575601 0.374070
-0.077643 0.574388 0.373961
-0.077850 0.573202 0.373857
-0.078061 0.572018 0.373753
-0.078231 0.571000 0.373668
-0.078413 0.569921 0.373579
-0.078642 0.568642 0.373471
-0.078827 0.567592 0.373384
-0.079019 0.566496 0.373294
-0.079226 0.565360 0.373199
-0.079442 0.564200 0.373101
-0.079661 0.563029 0.373002
-0.079925 0.561678 0.372885
-0.080130 0.560582 0.372792
-0.080375 0.559299 0.372685
-0.080601 0.558079 0.372584
-0.080778 0.557047 0.372502
-0.080945 0.555975 0.372419
-0.081150 0.554719 0.372321
-0.081355 0.553521 0.372228
-0.081525 0.552509 0.372151
-0.081739 0.551298 0.372057
-0.081907 0.550296 0.371982
-0.082119 0.549083 0.371892
-0.082328 0.547891 0.371805
-0.082499 0.546872 0.371734
-0.082714 0.545631 0.371647
-0.082890 0.544596 0.371576
-0.083074 0.543512 0.371504
-0.083264 0.542397 0.371430
-0.083502 0.541101 0.371341
-0.083693 0.540033 0.371270
-0.083927 0.538751 0.371184
-0.084161 0.537500 0.371099
-0.084356 0.536442 0.371029
-0.084598 0.535177 0.370944
-0.084793 0.534121 0.370875
-0.085033 0.532855 0.370792
-0.085270 0.531642 0.370711
-0.085468 0.530600 0.370645
-0.085721 0.529327 0.370561
-0.085932 0.528250 0.370493
-0.086154 0.527131 0.370423
-0.086431 0.525823 0.370339
-0.086657 0.524737 0.370271
-0.086893 0.523605 0.370201
-0.087184 0.522268 0.370116
-0.087467 0.520989 0.370035
-0.087694 0.519919 0.369971
-0.087973 0.518634 0.369893
-0.088246 0.517387 0.369819
-0.088471 0.516321 0.369758
-0.088708 0.515196 0.369695
-0.088956 0.514029 0.369629
-0.089218 0.512843 0.369563
-0.089545 0.511460 0.369484
-0.089862 0.510155 0.369411
-0.090119 0.509062 0.369353
-0.090441 0.507745 0.369282
-0.090760 0.506461 0.369215
-0.091020 0.505380 0.369162
-0.091342 0.504076 0.369098
-0.091614 0.502978 0.369047
-0.091901 0.501827 0.368995
-0.092257 0.500459 0.368932
-0.092550 0.499321 0.368884
-0.092859 0.498141 0.368834
-0.093180 0.496939 0.368784
-0.093512 0.495725 0.368734
-0.093853 0.494493 0.368683
-0.094267 0.493055 0.368622
-0.094599 0.491867 0.368575
-0.094941 0.490644 0.368529
-0.095364 0.489199 0.368473
-0.095777 0.487810 0.368422
-0.096125 0.486641 0.368383
-0.096494 0.485419 0.368343
-0.096942 0.483980 0.368295
-0.097309 0.482792 0.368260
-0.097695 0.481562 0.368225
-0.098182 0.480103 0.368183
-0.098594 0.478892 0.368153
-0.099035 0.477636 0.368123
-0.099501 0.476355 0.368094
-0.099989 0.475050 0.368066
-0.100581 0.473533 0.368034
-0.101068 0.472289 0.368012
-0.101668 0.470796 0.367986
-0.102258 0.469352 0.367963
-0.102766 0.468128 0.367948
-0.103398 0.466656 0.367927
-0.103937 0.465435 0.367915
-0.104517 0.464171 0.367904
-0.105228 0.462674 0.367891
-0.105931 0.461242 0.367882
-0.106624 0.459840 0.367876
-0.107240 0.458638 0.367875
-0.107926 0.457371 0.367874
-0.108651 0.456072 0.367875
-0.109536 0.454536 0.367875
-0.110400 0.453078 0.367880
-0.111258 0.451661 0.367886
-0.112083 0.450295 0.367892
-0.112811 0.449128 0.367901
-0.113756 0.447676 0.367908
-0.114693 0.446267 0.367916
-0.115623 0.444896 0.367925
-0.116431 0.443735 0.367936
-0.117297 0.442500 0.367945
-0.118202 0.441227 0.367955
-0.119275 0.439729 0.367964
-0.120161 0.438508 0.367977
-0.121093 0.437235 0.367989
-0.122191 0.435737 0.367999
-0.123076 0.434538 0.368012
-0.124145 0.433120 0.368023
-0.125036 0.431968 0.368035
-0.126104 0.430593 0.368044
-0.127122 0.429309 0.368054
-0.128109 0.428081 0.368064
-0.128943 0.427067 0.368073
-0.129836 0.426004 0.368080
-0.130890 0.424754 0.368085
-0.131742 0.423753 0.368092
-0.132742 0.422567 0.368097
-0.133469 0.421852 0.368117
-0.134036 0.421721 0.368207
-0.134541 0.421702 0.368300
-0.134974 0.421718 0.368377
-0.135430 0.421746 0.368454
-0.135886 0.421801 0.368532
-0.136408 0.421889 0.368621
-0.136895 0.421984 0.368704
-0.137375 0.422066 0.368779
-0.137791 0.422117 0.368838
-0.138232 0.422159 0.368895
-0.138698 0.422196 0.368949
-0.139229 0.422240 0.369010
-0.139730 0.422278 0.369066
-0.140167 0.422295 0.369109
-0.140692 0.422297 0.369156
-0.141140 0.422290 0.369194
-0.141617 0.422263 0.369227
-0.142106 0.422225 0.369256
-0.142605 0.422175 0.369283
-0.143189 0.422107 0.369308
-0.143673 0.422048 0.369328
-0.144257 0.421953 0.369346
-0.144836 0.421854 0.369362
-0.145344 0.421755 0.369373
-0.145957 0.421619 0.369382
-0.146471 0.421506 0.369390
-0.147074 0.421361 0.369397
-0.147641 0.421224 0.369403
-0.148132 0.421100 0.369406
-0.148647 0.420956 0.369406
-0.149251 0.420779 0.369404
-0.149759 0.420635 0.369402
-0.150367 0.420451 0.369397
-0.150958 0.420272 0.369393
-0.151479 0.420109 0.369388
-0.152128 0.419895 0.369378
-0.152672 0.419720 0.369371
-0.153324 0.419501 0.369359
-0.153960 0.419292 0.369348
-0.154508 0.419107 0.369335
-0.155166 0.418870 0.369318
-0.155793 0.418646 0.369302
-0.156413 0.418422 0.369287
-0.156943 0.418228 0.369273
-0.157507 0.418011 0.369256
-0.158075 0.417786 0.369238
-0.158742 0.417518 0.369218
-0.159293 0.417301 0.369201
-0.159874 0.417064 0.369183
-0.160549 0.416785 0.369162
-0.161100 0.416560 0.369146
-0.161756 0.416281 0.369124
-0.162312 0.416049 0.369108
-0.162900 0.415796 0.369090
-0.163502 0.415535 0.369071
-0.164106 0.415270 0.369052
-0.164714 0.415001 0.369033
-0.165441 0.414676 0.369009
-0.166119 0.414378 0.368990
-0.166789 0.414085 0.368971
-0.167380 0.413827 0.368953
-0.168104 0.413499 0.368927
-0.168805 0.413184 0.368902
-0.169395 0.412917 0.368880
-0.170124 0.412576 0.368851
-0.170739 0.412293 0.368828
-0.171483 0.411941 0.368800
-0.172201 0.411609 0.368774
-0.172826 0.411320 0.368753
-0.173558 0.410967 0.368727
-0.174178 0.410674 0.368706
-0.174833 0.410355 0.368683
-0.175602 0.409973 0.368654
-0.176231 0.409666 0.368630
-0.176886 0.409340 0.368604
-0.177644 0.408955 0.368574
-0.178366 0.408595 0.368546
-0.178995 0.408282 0.368520
-0.179773 0.407880 0.368486
-0.180520 0.407496 0.368454
-0.181158 0.407166 0.368427
-0.181840 0.406804 0.368398
-0.182540 0.406428 0.368368
-0.183357 0.405980 0.368332
-0.184021 0.405625 0.368304
-0.184705 0.405248 0.368273
-0.185403 0.404856 0.368239
-0.186115 0.404452 0.368202
-0.186939 0.403975 0.368157
-0.187619 0.403591 0.368120
-0.188424 0.403125 0.368077
-0.189087 0.402748 0.368040
-0.189776 0.402345 0.368001
-0.190583 0.401864 0.367954
-0.191357 0.401400 0.367907
-0.192023 0.401002 0.367865
-0.192738 0.400559 0.367818
-0.193578 0.400024 0.367764
-0.194285 0.399581 0.367719
-0.195013 0.399112 0.367670
-0.195860 0.398555 0.367613
-0.196656 0.398037 0.367562
-0.197424 0.397537 0.367514
-0.198095 0.397103 0.367474
-0.198810 0.396627 0.367431
-0.199656 0.396053 0.367380
-0.200362 0.395590 0.367338
-0.201098 0.395107 0.367293
-0.201959 0.394535 0.367242
-0.202687 0.394067 0.367201
-0.203451 0.393569 0.367160
-0.204348 0.392984 0.367115
-0.205200 0.392452 0.367075
-0.206028 0.391941 0.367036
-0.206743 0.391510 0.367002
-0.207507 0.391061 0.366966
-0.208408 0.390703 0.366925
-0.209160 0.390556 0.366893
-0.210056 0.390459 0.366858
-0.210908 0.390419 0.366828
-0.211644 0.390409 0.366801
-0.212428 0.390400 0.366770
-0.213354 0.390402 0.366733
-0.214133 0.390433 0.366701
-0.214954 0.390456 0.366667
-0.215806 0.390476 0.366631
-0.216793 0.390508 0.366592
-0.217734 0.390565 0.366556
-0.218647 0.390632 0.366524
-0.219443 0.390689 0.366498
-0.220402 0.390742 0.366468
-0.221215 0.390801 0.366443
-0.222079 0.390836 0.366418
-0.223102 0.390876 0.366392
-0.224073 0.390943 0.366369
-0.225031 0.391013 0.366347
-0.225868 0.391074 0.366327
-0.226764 0.391121 0.366306
-0.227689 0.391169 0.366286
-0.228763 0.391240 0.366263
-0.229656 0.391317 0.366244
-0.230592 0.391384 0.366223
-0.231551 0.391447 0.366203
-0.232522 0.391513 0.366186
-0.233649 0.391600 0.366166
-0.234719 0.391704 0.366149
-0.235647 0.391782 0.366132
-0.236623 0.391844 0.366115
-0.237635 0.391903 0.366098
-0.238666 0.391963 0.366082
-0.239846 0.392048 0.366068
-0.240837 0.392140 0.366055
-0.242010 0.392224 0.366041
-0.243136 0.392319 0.366029
-0.244116 0.392393 0.366020
-0.245300 0.392464 0.366013
-0.246304 0.392535 0.366009
-0.247364 0.392593 0.366007
-0.248613 0.392670 0.366008
-0.249660 0.392761 0.366009
-0.250902 0.392861 0.366014
-0.252104 0.392969 0.366022
-0.253144 0.393052 0.366027
-0.254402 0.393129 0.366037
-0.255475 0.393215 0.366044
-0.256758 0.393306 0.366055
-0.258004 0.393414 0.366068
-0.259235 0.393528 0.366081
-0.260311 0.393627 0.366093
-0.261610 0.393728 0.366111
-0.262874 0.393852 0.366128
-0.264122 0.393969 0.366146
-0.265371 0.394067 0.366166
-0.266468 0.394132 0.366187
-0.267798 0.394177 0.366218
-0.268932 0.394218 0.366248
-0.270115 0.394228 0.366283
-0.271324 0.394226 0.366322
-0.272725 0.394233 0.366369
-0.274067 0.394258 0.366417
-0.275376 0.394282 0.366465
-0.276687 0.394298 0.366517
-0.277837 0.394306 0.366560
-0.279231 0.394298 0.366617
-0.280417 0.394297 0.366668
-0.281666 0.394268 0.366723
-0.282946 0.394230 0.366782
-0.284239 0.394194 0.366846
-0.285716 0.394162 0.366925
-0.286921 0.394161 0.366992
-0.288319 0.394155 0.367072
-0.289656 0.394170 0.367154
-0.290963 0.394174 0.367239
-0.292095 0.394153 0.367313
-0.293462 0.394085 0.367412
-0.294632 0.394034 0.367502
-0.295856 0.393966 0.367599
-0.297287 0.393882 0.367719
-0.298481 0.393828 0.367821
-0.299729 0.393749 0.367932
-0.301189 0.393655 0.368067
-0.302404 0.393592 0.368179
-0.303674 0.393503 0.368298
-0.304959 0.393416 0.368417
-0.306443 0.393335 0.368555
-0.307838 0.393275 0.368691
-0.309017 0.393219 0.368806
-0.310424 0.393127 0.368953
-0.311609 0.393067 0.369074
-0.312847 0.392993 0.369202
-0.314297 0.392910 0.369354
-0.315501 0.392856 0.369479
-0.316921 0.392767 0.369632
-0.318109 0.392698 0.369760
-0.319341 0.392600 0.369899
-0.320589 0.392497 0.370042
-0.322024 0.392391 0.370207
-0.323195 0.392321 0.370341
-0.324565 0.392224 0.370501
-0.325711 0.392157 0.370635
-0.327078 0.392037 0.370801
-0.328224 0.391938 0.370944
-0.329581 0.391791 0.371121
-0.330884 0.391658 0.371297
-0.332160 0.391526 0.371473
-0.333260 0.391404 0.371621
-0.334577 0.391228 0.371804
-0.335833 0.391077 0.371982
-0.337063 0.390929 0.372156
-0.338268 0.390784 0.372329
-0.339318 0.390650 0.372479
-0.340591 0.390450 0.372669
-0.341660 0.390305 0.372828
-0.342929 0.390122 0.373021
-0.344007 0.389976 0.373182
-0.345287 0.389789 0.373377
-0.346524 0.389625 0.373565
-0.347740 0.389466 0.373753
-0.348789 0.389327 0.373916
-0.349899 0.389149 0.374090
-0.351197 0.388943 0.374300
-0.352276 0.388796 0.374473
-0.353390 0.388628 0.374652
-0.354682 0.388425 0.374861
-0.355901 0.388252 0.375062
-0.356943 0.388108 0.375232
-0.358030 0.387936 0.375414
-0.359296 0.387720 0.375633
-0.360340 0.387564 0.375811
-0.361576 0.387366 0.376021
-0.362764 0.387202 0.376221
-0.363779 0.387066 0.376390
-0.364990 0.386883 0.376599
-0.366011 0.386747 0.376775
-0.367224 0.386571 0.376987
-0.368229 0.386437 0.377160
-0.369421 0.386261 0.377366
-0.370570 0.386101 0.377565
-0.371551 0.385959 0.377732
-0.372731 0.385760 0.377938
-0.373870 0.385582 0.378139
-0.374848 0.385426 0.378310
-0.376016 0.385211 0.378519
-0.377145 0.385032 0.378720
-0.378112 0.384880 0.378894
-0.379131 0.384697 0.379079
-0.380326 0.384497 0.379296
-0.381322 0.384351 0.379472
-0.382504 0.384148 0.379684
-0.383499 0.383978 0.379859
-0.384687 0.383745 0.380073
-0.385820 0.383531 0.380283
-0.386934 0.383316 0.380489
-0.387901 0.383124 0.380666
-0.389071 0.382861 0.380885
-0.390059 0.382645 0.381068
-0.391243 0.382368 0.381289
-0.392386 0.382120 0.381500
-0.393372 0.381907 0.381684
-0.394413 0.381651 0.381883
-0.395478 0.381379 0.382088
-0.396557 0.381101 0.382297
-0.397802 0.380771 0.382545
-0.398832 0.380509 0.382748
-0.400048 0.380178 0.382992
-0.401226 0.379871 0.383232
-0.402371 0.379574 0.383468
-0.403370 0.379304 0.383673
-0.404573 0.378942 0.383927
-0.405598 0.378649 0.384140
-0.406821 0.378259 0.384405
-0.407994 0.377893 0.384667
-0.408999 0.377574 0.384893
-0.410197 0.377153 0.385172
-0.411347 0.376757 0.385443
-0.412471 0.376378 0.385707
-0.413580 0.375995 0.385973
-0.414670 0.375609 0.386234
-0.415745 0.375226 0.386491
-0.416807 0.374852 0.386741
-0.417732 0.374522 0.386955
-0.418707 0.374147 0.387183
-0.419696 0.373754 0.387418
-0.420835 0.373289 0.387694
-0.421768 0.372928 0.387922
-0.422861 0.372488 0.388192
-0.423776 0.372131 0.388417
-0.424717 0.371732 0.388651
-0.425801 0.371256 0.388918
-0.426816 0.370823 0.389164
-0.427797 0.370396 0.389398
-0.428626 0.370019 0.389592
-0.429609 0.369511 0.389829
-0.430435 0.369090 0.390025
-0.431287 0.368632 0.390230
-0.432272 0.368107 0.390471
-0.433205 0.367658 0.390700
-0.433996 0.367305 0.390896
-0.434816 0.366941 0.391105
-0.435636 0.366598 0.391316
-0.436453 0.366281 0.391529
-0.437375 0.365951 0.391772
-0.438227 0.365678 0.391997
-0.439040 0.365426 0.392208
-0.439730 0.365214 0.392386
-0.440544 0.364945 0.392599
-0.441220 0.364726 0.392772
-0.442011 0.364455 0.392966
-0.442667 0.364243 0.393122
-0.443439 0.363979 0.393300
-0.444169 0.363758 0.393464
-0.444776 0.363586 0.393594
-0.445492 0.363378 0.393745
-0.446175 0.363201 0.393881
-0.446750 0.363057 0.393992
-0.447428 0.362863 0.394126
-0.448068 0.362693 0.394252
-0.448605 0.362556 0.394356
-0.449154 0.362403 0.394461
-0.449709 0.362251 0.394570
-0.450268 0.362106 0.394681
-0.450900 0.361956 0.394807
-0.451415 0.361853 0.394902
-0.451938 0.361747 0.394997
-0.452472 0.361645 0.395092
-0.453076 0.361541 0.395197
-0.453643 0.361462 0.395292
-0.454121 0.361403 0.395370
-0.454682 0.361324 0.395467
-0.455151 0.361262 0.395546
