-0.080727 0.886064 0.407064
-0.081636 0.882748 0.407787
-0.083986 0.880854 0.408034
-0.082486 0.875300 0.409299
-0.084713 0.873181 0.409583
-0.084985 0.868998 0.410389
-0.084943 0.868352 0.410519
-0.085324 0.868060 0.410567
-0.085942 0.867982 0.410568
-0.086661 0.868013 0.410543
-0.087524 0.868142 0.410496
-0.088365 0.868283 0.410444
-0.089258 0.868455 0.410385
-0.090382 0.868790 0.410287
-0.090558 0.868785 0.410272
-0.090588 0.868637 0.410287
-0.090522 0.868393 0.410321
-0.090363 0.868046 0.410375
-0.090168 0.867662 0.410435
-0.089952 0.867252 0.410499
-0.089762 0.866870 0.410558
-0.089741 0.866788 0.410569
-0.091952 0.864502 0.410863
-0.091077 0.863236 0.411134
-0.090430 0.862422 0.411288
-0.089928 0.861728 0.411409
-0.089454 0.861030 0.411524
-0.089070 0.860414 0.411622
-0.088740 0.859842 0.411709
-0.088486 0.859357 0.411781
-0.088187 0.858801 0.411865
-0.087947 0.858320 0.411935
-0.087702 0.857825 0.412008
-0.087406 0.857256 0.412092
-0.087166 0.856763 0.412165
-0.086875 0.856191 0.412250
-0.086637 0.855692 0.412323
-0.086346 0.855111 0.412409
-0.086063 0.854541 0.412494
-0.085831 0.854037 0.412568
-0.085587 0.853514 0.412646
-0.085289 0.852907 0.412737
-0.085045 0.852380 0.412815
-0.084794 0.851835 0.412896
-0.084536 0.851277 0.412980
-0.084226 0.850637 0.413077
-0.083976 0.850084 0.413160
-0.083673 0.849442 0.413258
-0.083426 0.848884 0.413342
-0.083268 0.848470 0.413402
-0.084910 0.847335 0.413437
-0.085407 0.845662 0.413682
-0.086192 0.844926 0.413725
-0.087132 0.842431 0.414060
-0.087868 0.841594 0.414125
-0.088299 0.838390 0.414587
-0.088974 0.837533 0.414657
-0.089018 0.833924 0.415166
-0.087710 0.832275 0.415412
-0.086657 0.830939 0.415595
-0.086051 0.830056 0.415709
-0.085588 0.829296 0.415804
-0.085206 0.828604 0.415890
-0.084873 0.827949 0.415970
-0.084517 0.827236 0.416058
-0.084201 0.826564 0.416141
-0.083953 0.825982 0.416211
-0.083656 0.825309 0.416294
-0.083372 0.824651 0.416375
-0.083098 0.823999 0.416455
-0.082869 0.823417 0.416526
-0.082627 0.822809 0.416600
-0.082375 0.822182 0.416677
-0.082117 0.821543 0.416756
-0.081856 0.820895 0.416837
-0.081548 0.820160 0.416929
-0.081302 0.819527 0.417008
-0.081005 0.818798 0.417101
-0.080764 0.818165 0.417180
-0.080515 0.817511 0.417262
-0.080258 0.816843 0.417346
-0.079954 0.816084 0.417443
-0.079667 0.815350 0.417538
-0.079127 0.814108 0.417709
-0.079059 0.813946 0.417611
-0.079043 0.813887 0.417495
-0.079048 0.813877 0.417372
-0.079061 0.813817 0.417370
-0.079023 0.813609 0.417267
-0.079008 0.813438 0.417271
-0.078909 0.813203 0.417189
-0.078871 0.813001 0.417193
-0.078704 0.812664 0.417113
-0.078685 0.812554 0.417117
-0.078480 0.812097 0.417043
-0.078459 0.811984 0.417050
-0.078247 0.811508 0.416982
-0.078225 0.811392 0.416990
-0.078046 0.810966 0.416922
-0.078020 0.810843 0.416928
-0.077825 0.810391 0.416861
-0.077798 0.810264 0.416867
-0.077593 0.809795 0.416802
-0.077564 0.809666 0.416809
-0.077399 0.809263 0.416744
-0.078280 0.808635 0.416730
-0.079537 0.807543 0.416760
-0.079766 0.806614 0.416756
-0.080618 0.805842 0.416757
-0.081876 0.804052 0.416851
-0.081616 0.803069 0.416856
-0.082383 0.802263 0.416863
-0.083473 0.800388 0.416961
-0.083108 0.799350 0.416956
-0.083852 0.798525 0.416966
-0.084889 0.796630 0.417060
-0.084338 0.795503 0.417013
-0.083842 0.794892 0.417005
-0.083388 0.794529 0.416900
-0.083045 0.794131 0.416863
-0.082729 0.793897 0.416747
-0.082490 0.793578 0.416708
-0.082249 0.793395 0.416594
-0.082066 0.793108 0.416557
-0.081865 0.792945 0.416444
-0.081654 0.792605 0.416404
-0.081485 0.792473 0.416296
-0.081311 0.792156 0.416259
-0.081163 0.792034 0.416153
-0.081054 0.791782 0.416122
-0.080868 0.791605 0.415998
-0.080769 0.791352 0.415978
-0.080592 0.791175 0.415859
-0.080537 0.790993 0.415844
-0.080363 0.790779 0.415724
-0.080264 0.790511 0.415706
-0.080086 0.790320 0.415589
-0.080030 0.790133 0.415575
-0.079856 0.789911 0.415455
-0.079797 0.789715 0.415441
-0.079615 0.789483 0.415321
-0.079513 0.789204 0.415304
-0.079372 0.789042 0.415202
-0.079222 0.788695 0.415171
-0.079084 0.788556 0.415068
-0.078944 0.788224 0.415035
-0.078812 0.788092 0.414931
-0.078675 0.787766 0.414898
-0.078586 0.787672 0.414818
-0.078436 0.787330 0.414766
-0.078340 0.787232 0.414683
-0.078182 0.786883 0.414629
-0.078039 0.786743 0.414519
-0.077891 0.786407 0.414482
-0.077796 0.786310 0.414401
-0.077637 0.785961 0.414345
-0.077491 0.785820 0.414235
-0.077340 0.785483 0.414196
-0.077243 0.785385 0.414113
-0.077079 0.785033 0.414056
-0.076929 0.784891 0.413943
-0.076773 0.784550 0.413902
-0.077691 0.783929 0.413920
-0.078527 0.783409 0.413906
-0.079347 0.782233 0.413868
-0.081096 0.780916 0.413916
-0.081530 0.780496 0.413890
-0.081607 0.779271 0.413781
-0.081375 0.779048 0.413665
-0.080955 0.778537 0.413542
-0.080741 0.778384 0.413424
-0.080393 0.777950 0.413307
-0.080212 0.777821 0.413194
-0.079916 0.777418 0.413085
-0.079680 0.777251 0.412937
-0.079436 0.776880 0.412855
-0.079293 0.776771 0.412751
-0.078995 0.776331 0.412641
-0.078928 0.776280 0.412586
-0.078573 0.775783 0.412435
-0.078510 0.775739 0.412380
-0.079422 0.775126 0.412381
-0.081101 0.773420 0.412403
-0.081061 0.773287 0.412347
-0.081968 0.772599 0.412351
-0.083511 0.770687 0.412354
-0.083444 0.770532 0.412291
-0.084324 0.769819 0.412296
-0.085801 0.768042 0.412304
-0.085762 0.767836 0.412239
-0.086651 0.767081 0.412248
-0.088061 0.764991 0.412229
-0.087969 0.764818 0.412157
-0.087387 0.764022 0.411916
-0.087142 0.763850 0.411771
-0.086762 0.763375 0.411609
-0.086561 0.763233 0.411473
-0.086249 0.762796 0.411330
-0.085995 0.762614 0.411156
-0.085813 0.762292 0.411069
-0.085517 0.762052 0.410869
-0.085364 0.761741 0.410803
-0.085094 0.761511 0.410615
-0.084955 0.761204 0.410554
-0.084755 0.761022 0.410402
-0.084608 0.760702 0.410331
-0.084346 0.760464 0.410145
-0.084212 0.760154 0.410086
-0.084077 0.760022 0.409974
-0.084999 0.759376 0.410028
-0.086711 0.757774 0.410147
-0.086727 0.757601 0.410094
-0.088525 0.756258 0.410201
-0.089351 0.755114 0.410228
-0.089346 0.754906 0.410166
-0.091097 0.753499 0.410269
-0.091868 0.752299 0.410282
-0.091782 0.751904 0.410150
-0.092673 0.751154 0.410207
-0.094220 0.749303 0.410294
-0.094198 0.749096 0.410225
-0.095105 0.748319 0.410276
-0.096659 0.746417 0.410350
-0.096634 0.746207 0.410278
-0.098344 0.744768 0.410399
-0.099089 0.743330 0.410382
-0.098929 0.743021 0.410231
-0.098477 0.742310 0.410002
-0.098373 0.742230 0.409922
-0.097966 0.741665 0.409686
-0.097877 0.741600 0.409610
-0.097471 0.741022 0.409369
-0.097396 0.740973 0.409299
-0.097105 0.740501 0.409105
-0.097033 0.740449 0.409036
-0.096749 0.739970 0.408845
-0.096678 0.739916 0.408776
-0.096347 0.739379 0.408567
-0.096280 0.739334 0.408501
-0.096020 0.738875 0.408320
-0.095951 0.738824 0.408251
-0.095682 0.738349 0.408066
-0.095612 0.738296 0.407997
-0.095288 0.737759 0.407788
-0.095221 0.737713 0.407721
-0.094913 0.737199 0.407516
-0.094848 0.737155 0.407450
-0.094536 0.736605 0.407249
-0.094467 0.736550 0.407183
-0.094125 0.735932 0.406984
-0.095051 0.735243 0.407107
-0.095910 0.734562 0.407236
-0.096719 0.733186 0.407216
-0.098503 0.731678 0.407460
-0.098982 0.731093 0.407526
-0.099109 0.729592 0.407350
-0.099032 0.729341 0.407316
-0.098369 0.728372 0.406973
-0.098294 0.728185 0.406943
-0.097897 0.727625 0.406696
-0.098783 0.726893 0.406808
-0.100067 0.725642 0.406993
-0.100223 0.724353 0.406811
-0.100161 0.724129 0.406777
-0.100063 0.723929 0.406695
-0.102331 0.721560 0.406923
-0.102425 0.721192 0.406914
-0.102051 0.720116 0.406608
-0.102917 0.719347 0.406723
-0.103718 0.718595 0.406846
-0.104235 0.716705 0.406664
-0.104162 0.716476 0.406620
-0.103574 0.715715 0.406233
-0.103483 0.715528 0.406178
-0.102888 0.714883 0.405760
-0.102800 0.714709 0.405701
-0.102212 0.714107 0.405263
-0.103070 0.713387 0.405364
-0.103860 0.712678 0.405472
-0.104262 0.710974 0.405091
-0.104163 0.710765 0.405008
-0.103431 0.710073 0.404418
-0.103312 0.709894 0.404325
-0.102442 0.709199 0.403614
-0.102333 0.709038 0.403522
-0.101635 0.708481 0.402910
-0.101526 0.708317 0.402815
-0.100708 0.707680 0.402090
-0.100607 0.707525 0.401996
-0.099937 0.706986 0.401372
-0.099835 0.706825 0.401275
-0.099044 0.706196 0.400535
-0.098948 0.706042 0.400440
-0.098186 0.705435 0.399703
-0.098093 0.705282 0.399609
-0.097460 0.704752 0.398970
-0.097365 0.704592 0.398871
-0.097233 0.704445 0.398717
-0.099338 0.702286 0.398766
-0.099382 0.701702 0.398581
-0.099274 0.701497 0.398410
-0.101296 0.699225 0.398358
-0.101330 0.698893 0.398240
-0.101105 0.698417 0.397844
-0.103014 0.696147 0.397701
-0.103022 0.695822 0.397551
-0.102911 0.695564 0.397321
-0.104717 0.693220 0.397018
-0.104695 0.692894 0.396828
-0.104553 0.692639 0.396555
-0.106144 0.690111 0.395865
-0.106021 0.689867 0.395614
-0.104841 0.689290 0.394065
-0.104626 0.689157 0.393786
-0.103217 0.688796 0.391985
-0.103036 0.688692 0.391729
-0.102374 0.688490 0.390822
-0.103674 0.687268 0.390756
-0.103975 0.686825 0.390630
-0.103817 0.686182 0.389783
-0.105390 0.684508 0.389498
-0.105467 0.684193 0.389266
-0.105194 0.683842 0.388560
-0.106613 0.682191 0.388111
-0.106649 0.681894 0.387826
-0.106301 0.681587 0.387014
-0.107580 0.680016 0.386424
-0.107579 0.679750 0.386091
-0.107167 0.679509 0.385181
-0.108267 0.677910 0.384083
-0.108124 0.677782 0.383672
-0.107865 0.677725 0.383163
-0.108778 0.676245 0.381863
-0.108369 0.676130 0.380946
-0.101390 0.682505 0.369804
-0.098228 0.683709 0.366877
-0.097867 0.685160 0.367515
-0.096246 0.689555 0.368862
-0.095775 0.691330 0.369552
-0.095019 0.694063 0.370516
-0.094313 0.696723 0.371434
-0.093459 0.699965 0.372495
-0.092773 0.702824 0.373430
-0.092013 0.706158 0.374480
-0.091442 0.709032 0.375386
-0.090924 0.711995 0.376302
-0.090463 0.714996 0.377204
-0.089982 0.718359 0.378162
-0.089594 0.721533 0.379033
-0.089296 0.724598 0.379842
-0.089129 0.727279 0.380531
-0.089020 0.730061 0.381209
-0.088916 0.733220 0.381913
-0.088894 0.735906 0.382474
-0.088900 0.738977 0.383051
-0.088969 0.741598 0.383500
-0.089072 0.744599 0.383946
-0.089199 0.747466 0.384309
-0.089364 0.750250 0.384598
-0.089564 0.752978 0.384818
-0.089792 0.755664 0.384968
-0.090044 0.758034 0.385043
-0.090335 0.760499 0.385057
-0.090633 0.763298 0.384996
-0.090903 0.765958 0.384867
-0.087080 0.764291 0.385010
-0.084055 0.765222 0.385523
-0.082788 0.766702 0.385919
-0.081727 0.768350 0.386336
-0.081031 0.769727 0.386673
-0.080379 0.771036 0.387018
-0.079681 0.772362 0.387401
-0.079098 0.773434 0.387728
-0.078759 0.774373 0.387980
-0.078514 0.774970 0.388143
-0.078272 0.775554 0.388318
-0.078072 0.775940 0.388448
-0.077846 0.776241 0.388575
-0.077598 0.776478 0.388703
-0.077447 0.776668 0.388793
-0.077312 0.776747 0.388855
-0.077167 0.776824 0.388922
-0.076981 0.776876 0.389000
-0.076830 0.776886 0.389058
-0.076669 0.776844 0.389110
-0.076559 0.776790 0.389141
-0.076434 0.776692 0.389170
-0.076286 0.776555 0.389205
-0.076115 0.776392 0.389240
-0.075975 0.776242 0.389266
-0.075804 0.776032 0.389289
-0.075620 0.775759 0.389307
-0.075493 0.775491 0.389309
-0.075355 0.775155 0.389311
-0.075188 0.774795 0.389311
-0.075056 0.774483 0.389307
-0.074895 0.774115 0.389299
-0.074728 0.773731 0.389295
-0.074566 0.773263 0.389275
-0.074430 0.772862 0.389254
-0.074251 0.772377 0.389235
-0.074048 0.771863 0.389215
-0.073881 0.771368 0.389189
-0.073731 0.770923 0.389164
-0.073553 0.770469 0.389145
-0.073371 0.769979 0.389122
-0.073155 0.769383 0.389095
-0.072996 0.768876 0.389068
-0.072798 0.768278 0.389038
-0.072636 0.767754 0.389010
-0.072447 0.767119 0.388973
-0.072294 0.766588 0.388941
-0.072109 0.765945 0.388900
-0.071956 0.765391 0.388865
-0.071740 0.764722 0.388827
-0.071575 0.764158 0.388796
-0.071395 0.763577 0.388766
-0.071190 0.762883 0.388729
-0.071015 0.762185 0.388683
-0.070853 0.761518 0.388637
-0.070701 0.760928 0.388598
-0.070497 0.760207 0.388556
-0.070321 0.759589 0.388524
-0.070132 0.758941 0.388489
-0.069923 0.758159 0.388445
-0.069756 0.757507 0.388405
-0.069584 0.756813 0.388365
-0.069390 0.755976 0.388313
-0.069247 0.755271 0.388266
-0.069089 0.754435 0.388209
-0.068954 0.753723 0.388162
-0.068809 0.752983 0.388116
-0.068656 0.752111 0.388061
-0.068513 0.751259 0.388004
-0.068392 0.750539 0.387957
-0.068314 0.750388 0.387987
-0.068116 0.749962 0.388010
-0.067916 0.749369 0.388009
-0.067740 0.748682 0.387987
-0.067584 0.747926 0.387952
-0.067451 0.747223 0.387915
-0.067315 0.746461 0.387874
-0.067185 0.745656 0.387827
-0.067056 0.744695 0.387766
-0.066955 0.743763 0.387700
-0.066867 0.742960 0.387645
-0.066760 0.741994 0.387581
-0.066670 0.741174 0.387527
-0.066566 0.740186 0.387460
-0.066489 0.739353 0.387402
-0.066405 0.738490 0.387344
-0.066324 0.737613 0.387283
-0.066246 0.736585 0.387209
-0.066185 0.735603 0.387136
-0.066125 0.734770 0.387077
-0.066051 0.733905 0.387020
-0.065973 0.733012 0.386963
-0.065906 0.732105 0.386902
-0.065845 0.731049 0.386828
-0.065803 0.730172 0.386766
-0.065761 0.729131 0.386691
-0.065736 0.728126 0.386616
-0.065713 0.727262 0.386553
-0.065681 0.726358 0.386489
-0.065656 0.725288 0.386407
-0.065654 0.724545 0.386361
-0.065633 0.724094 0.386348
-0.065585 0.723716 0.386349
-0.065518 0.723362 0.386358
-0.065444 0.723005 0.386367
-0.065359 0.722567 0.386372
-0.065291 0.722172 0.386370
-0.065217 0.721731 0.386365
-0.065127 0.721175 0.386358
-0.065050 0.720689 0.386354
-0.064965 0.720163 0.386347
-0.064881 0.719524 0.386331
-0.064815 0.718974 0.386316
-0.064737 0.718304 0.386295
-0.064671 0.717719 0.386274
-0.064594 0.716994 0.386245
-0.064535 0.716366 0.386218
-0.064469 0.715686 0.386187
-0.064405 0.714865 0.386147
-0.064358 0.714175 0.386112
-0.064301 0.713444 0.386078
-0.064245 0.712575 0.386032
-0.064210 0.711731 0.385983
-0.064181 0.710888 0.385931
-0.064155 0.710048 0.385877
-0.064132 0.709208 0.385824
-0.064100 0.708479 0.385782
-0.064056 0.707720 0.385740
-0.064012 0.706815 0.385685
-0.063986 0.706054 0.385635
-0.063958 0.705142 0.385576
-0.063944 0.704260 0.385517
-0.063924 0.703500 0.385469
-0.063892 0.702712 0.385424
-0.063864 0.701907 0.385377
-0.063854 0.700963 0.385314
-0.063849 0.700178 0.385262
-0.063839 0.699365 0.385208
-0.063833 0.698535 0.385151
-0.063839 0.697572 0.385082
-0.063845 0.696763 0.385022
-0.063845 0.695927 0.384962
-0.063854 0.694943 0.384887
-0.063873 0.693992 0.384814
-0.063890 0.693065 0.384741
-0.063907 0.692167 0.384672
-0.063923 0.691290 0.384605
-0.063924 0.690523 0.384551
-0.063928 0.689609 0.384485
-0.063946 0.688709 0.384415
-0.063969 0.687807 0.384340
-0.063978 0.687005 0.384276
-0.063982 0.686154 0.384210
-0.064004 0.685151 0.384129
-0.064026 0.684309 0.384061
-0.064064 0.683308 0.383979
-0.064096 0.682462 0.383908
-0.064133 0.681576 0.383834
-0.064173 0.680671 0.383758
-0.064231 0.679623 0.383666
-0.064295 0.678618 0.383577
-0.064338 0.677794 0.383507
-0.064391 0.676809 0.383424
-0.064432 0.675988 0.383356
-0.064483 0.675007 0.383275
-0.064538 0.674056 0.383195
-0.064578 0.673245 0.383129
-0.064615 0.672389 0.383058
-0.064657 0.671521 0.382986
-0.064717 0.670501 0.382896
-0.064782 0.669500 0.382808
-0.064829 0.668635 0.382734
-0.064868 0.667716 0.382660
-0.064909 0.666761 0.382583
-0.064955 0.665803 0.382504
-0.065011 0.664845 0.382423
-0.065096 0.663744 0.382324
-0.065169 0.662842 0.382243
-0.065267 0.661794 0.382146
-0.065371 0.660797 0.382051
-0.065451 0.659951 0.381972
-0.065553 0.658924 0.381875
-0.065663 0.657918 0.381779
-0.065748 0.657059 0.381701
-0.065824 0.656158 0.381622
-0.065902 0.655229 0.381540
-0.066013 0.654136 0.381437
-0.066107 0.653230 0.381353
-0.066203 0.652293 0.381264
-0.066331 0.651194 0.381156
-0.066439 0.650286 0.381066
-0.066550 0.649358 0.380974
-0.066658 0.648396 0.380880
-0.066802 0.647269 0.380766
-0.066943 0.646203 0.380656
-0.067073 0.645170 0.380553
-0.067170 0.644288 0.380470
-0.067259 0.643366 0.380385
-0.067348 0.642426 0.380301
-0.067442 0.641471 0.380215
-0.067571 0.640373 0.380112
-0.067679 0.639465 0.380027
-0.067816 0.638387 0.379924
-0.067925 0.637484 0.379839
-0.068034 0.636535 0.379751
-0.068147 0.635548 0.379658
-0.068259 0.634546 0.379565
-0.068401 0.633374 0.379454
-0.068548 0.632247 0.379345
-0.068693 0.631156 0.379239
-0.068804 0.630213 0.379150
-0.068949 0.629053 0.379039
-0.069100 0.627910 0.378928
-0.069221 0.626920 0.378835
-0.069378 0.625722 0.378721
-0.069504 0.624727 0.378627
-0.069634 0.623688 0.378530
-0.069801 0.622464 0.378411
-0.069932 0.621449 0.378314
-0.070098 0.620226 0.378196
-0.070263 0.619046 0.378083
-0.070392 0.618030 0.377989
-0.070519 0.616968 0.377891
-0.070693 0.615724 0.377771
-0.070840 0.614698 0.377672
-0.070984 0.613639 0.377571
-0.071162 0.612397 0.377448
-0.071303 0.611362 0.377347
-0.071447 0.610298 0.377244
-0.071631 0.609042 0.377119
-0.071785 0.608006 0.377015
-0.071942 0.606936 0.376908
-0.072106 0.605835 0.376798
-0.072314 0.604543 0.376665
-0.072514 0.603313 0.376538
-0.072668 0.602278 0.376436
-0.072856 0.601045 0.376314
-0.073043 0.599847 0.376197
-0.073225 0.598671 0.376081
-0.073372 0.597657 0.375985
-0.073517 0.596609 0.375887
-0.073672 0.595537 0.375785
-0.073870 0.594283 0.375663
-0.074076 0.593090 0.375543
-0.074243 0.592079 0.375444
-0.074411 0.591022 0.375342
-0.074627 0.589748 0.375216
-0.074844 0.588522 0.375093
-0.075062 0.587327 0.374972
-0.075274 0.586155 0.374855
-0.075447 0.585133 0.374757
-0.075671 0.583899 0.374634
-0.075851 0.582866 0.374534
-0.076034 0.581780 0.374432
-0.076261 0.580523 0.374312
-0.076435 0.579471 0.374217
-0.076619 0.578389 0.374120
-0.076808 0.577278 0.374019
-0.077006 0.576152 0.373918
-0.077208 0.575017 0.373815
-0.077462 0.573697 0.373693
-0.077711 0.572439 0.373578
-0.077907 0.571403 0.373484
-0.078143 0.570166 0.373371
-0.078335 0.569128 0.373278
-0.078577 0.567881 0.373164
-0.078783 0.566829 0.373070
-0.079039 0.565566 0.372955
-0.079284 0.564348 0.372846
-0.079523 0.563156 0.372740
-0.079717 0.562148 0.372653
-0.079955 0.560939 0.372548
-0.080193 0.559762 0.372446
-0.080388 0.558760 0.372361
-0.080639 0.557534 0.372256
-0.080837 0.556508 0.372172
-0.081082 0.555272 0.372068
-0.081273 0.554251 0.371986
-0.081467 0.553184 0.371902
-0.081661 0.552091 0.371817
-0.081888 0.550835 0.371718
-0.082069 0.549818 0.371639
-0.082252 0.548774 0.371561
-0.082437 0.547722 0.371483
-0.082665 0.546503 0.371389
-0.082843 0.545519 0.371317
-0.083055 0.544345 0.371233
-0.083225 0.543358 0.371166
-0.083393 0.542333 0.371099
-0.083563 0.541285 0.371033
-0.083775 0.540054 0.370955
-0.083982 0.538874 0.370880
-0.084184 0.537729 0.370806
-0.084382 0.536615 0.370736
-0.084543 0.535659 0.370677
-0.084716 0.534640 0.370615
-0.084939 0.533434 0.370536
-0.085162 0.532272 0.370461
-0.085385 0.531128 0.370387
-0.085606 0.530005 0.370316
-0.085787 0.529029 0.370257
-0.085976 0.528000 0.370195
-0.086218 0.526759 0.370119
-0.086420 0.525726 0.370057
-0.086673 0.524497 0.369982
-0.086877 0.523482 0.369923
-0.087137 0.522262 0.369850
-0.087394 0.521080 0.369779
-0.087607 0.520062 0.369720
-0.087870 0.518833 0.369650
-0.088086 0.517800 0.369593
-0.088352 0.516561 0.369524
-0.088613 0.515368 0.369457
-0.088873 0.514197 0.369392
-0.089099 0.513184 0.369339
-0.089393 0.511940 0.369272
-0.089681 0.510739 0.369209
-0.089922 0.509715 0.369157
-0.090225 0.508463 0.369094
-0.090478 0.507408 0.369043
-0.090796 0.506134 0.368981
-0.091110 0.504904 0.368924
-0.091424 0.503685 0.368868
-0.091741 0.502473 0.368814
-0.092059 0.501262 0.368761
-0.092332 0.500205 0.368719
-0.092629 0.499076 0.368675
-0.093007 0.497717 0.368617
-0.093320 0.496582 0.368572
-0.093710 0.495218 0.368517
-0.094038 0.494065 0.368474
-0.094381 0.492858 0.368430
-0.094803 0.491423 0.368378
-0.095214 0.490054 0.368329
-0.095564 0.488892 0.368292
-0.095937 0.487673 0.368254
-0.096323 0.486421 0.368216
-0.096796 0.484945 0.368171
-0.097260 0.483538 0.368131
-0.097659 0.482352 0.368100
-0.098157 0.480916 0.368062
-0.098578 0.479713 0.368035
-0.099028 0.478447 0.368007
-0.099582 0.476941 0.367975
-0.100048 0.475705 0.367951
-0.100542 0.474417 0.367928
-0.101064 0.473092 0.367905
-0.101702 0.471533 0.367877
-0.102234 0.470260 0.367858
-0.102791 0.468951 0.367840
-0.103469 0.467413 0.367820
-0.104127 0.465959 0.367805
-0.104693 0.464746 0.367796
-0.105386 0.463287 0.367784
-0.105985 0.462053 0.367779
-0.106647 0.460761 0.367775
-0.107360 0.459422 0.367773
-0.108096 0.458072 0.367771
-0.108979 0.456498 0.367770
-0.109833 0.455016 0.367771
-0.110551 0.453781 0.367775
-0.111450 0.452290 0.367779
-0.112216 0.451044 0.367786
-0.113024 0.449754 0.367792
-0.113864 0.448450 0.367799
-0.114721 0.447131 0.367806
-0.115735 0.445596 0.367814
-0.116558 0.444346 0.367825
-0.117574 0.442862 0.367836
-0.118424 0.441648 0.367849
-0.119319 0.440387 0.367861
-0.120384 0.438896 0.367872
-0.121252 0.437686 0.367885
-0.122162 0.436442 0.367897
-0.123222 0.435001 0.367907
-0.124233 0.433651 0.367919
-0.125071 0.432545 0.367930
-0.125961 0.431399 0.367940
-0.126869 0.430243 0.367948
-0.127789 0.429091 0.367955
-0.128859 0.427776 0.367960
-0.129858 0.426562 0.367968
-0.130690 0.425569 0.367977
-0.131661 0.424393 0.367984
-0.132445 0.423443 0.367994
-0.133255 0.422459 0.368002
-0.133993 0.421704 0.368018
-0.134557 0.421556 0.368104
-0.135046 0.421520 0.368193
-0.135454 0.421520 0.368267
-0.135871 0.421532 0.368340
-0.136309 0.421570 0.368414
-0.136753 0.421620 0.368486
-0.137259 0.421691 0.368568
-0.137678 0.421749 0.368632
-0.138167 0.421809 0.368703
-0.138647 0.421863 0.368767
-0.139068 0.421892 0.368817
-0.139586 0.421912 0.368872
-0.140024 0.421924 0.368918
-0.140546 0.421927 0.368968
-0.140986 0.421925 0.369009
-0.141519 0.421908 0.369052
-0.141983 0.421885 0.369084
-0.142537 0.421841 0.369118
-0.143481 0.421962 0.369222
-0.144338 0.419582 0.369622
-0.144389 0.419493 0.369637
-0.144569 0.419029 0.369653
-0.144613 0.418997 0.369655
-0.144781 0.418686 0.369646
-0.144830 0.418656 0.369648
-0.145213 0.418337 0.370116
-0.146020 0.417565 0.371106
-0.146113 0.417507 0.371193
-0.146514 0.417173 0.371727
-0.147375 0.416350 0.372922
-0.147492 0.416293 0.373034
-0.147608 0.416057 0.373097
-0.147691 0.415998 0.373111
-0.147731 0.415919 0.373110
-0.148708 0.414931 0.374490
-0.148817 0.414858 0.374623
-0.149058 0.414515 0.374862
-0.149098 0.414494 0.374873
-0.149253 0.414197 0.374884
-0.149295 0.414174 0.374887
-0.149417 0.413954 0.374882
-0.150045 0.413331 0.375799
-0.150414 0.413046 0.376288
-0.150689 0.412699 0.376627
-0.150734 0.412674 0.376648
-0.150883 0.412389 0.376677
-0.150926 0.412362 0.376681
-0.151085 0.412067 0.376681
-0.151131 0.412039 0.376684
-0.151229 0.411869 0.376680
-0.152132 0.409949 0.375621
-0.152228 0.409844 0.375538
-0.152462 0.409523 0.375388
-0.152505 0.409510 0.375387
-0.152675 0.409236 0.375376
-0.152719 0.409217 0.375379
-0.153054 0.408470 0.374990
-0.153717 0.407094 0.374230
-0.153893 0.406977 0.374123
-0.154003 0.406772 0.374080
-0.154295 0.406017 0.373686
-0.154583 0.405425 0.373361
-0.155065 0.404509 0.372816
-0.155110 0.404497 0.372804
-0.155263 0.404256 0.372776
-0.155307 0.404235 0.372778
-0.155358 0.404154 0.372775
-0.156189 0.402147 0.371717
-0.156280 0.402038 0.371635
-0.156494 0.401720 0.371495
-0.156541 0.401704 0.371491
-0.156714 0.401428 0.371478
-0.156981 0.400674 0.371087
-0.157224 0.400025 0.370758
-0.157692 0.399153 0.370226
-0.157715 0.399088 0.370207
-0.157897 0.398889 0.370187
-0.157917 0.398821 0.370182
-0.158010 0.398678 0.370183
-0.158671 0.396941 0.369266
-0.158767 0.396693 0.369129
-0.159051 0.396334 0.368915
-0.159072 0.396271 0.368904
-0.159198 0.396104 0.368899
-0.159815 0.394399 0.367981
-0.159904 0.394156 0.367845
-0.160157 0.393809 0.367640
-0.160200 0.393673 0.367618
-0.160314 0.393556 0.367617
-0.160557 0.392787 0.367229
-0.160913 0.391720 0.366694
-0.161223 0.391256 0.366377
-0.161249 0.391192 0.366358
-0.161348 0.391067 0.366346
-0.161929 0.389330 0.365428
-0.162015 0.389085 0.365292
-0.162286 0.388744 0.365080
-0.162306 0.388682 0.365069
-0.162355 0.388608 0.365067
-0.163004 0.386628 0.364026
-0.163059 0.386468 0.363938
-0.163289 0.386219 0.363806
-0.163308 0.386155 0.363798
-0.163491 0.385951 0.363797
-0.163510 0.385880 0.363792
-0.163693 0.385651 0.363797
-0.163712 0.385578 0.363793
-0.163880 0.385354 0.363798
-0.163902 0.385278 0.363793
-0.164096 0.385038 0.363798
-0.164116 0.384965 0.363794
-0.164303 0.384731 0.363798
-0.164323 0.384659 0.363794
-0.164509 0.384426 0.363798
-0.164528 0.384353 0.363794
-0.164695 0.384131 0.363799
-0.164717 0.384055 0.363795
-0.164924 0.383811 0.363799
-0.165138 0.383809 0.363802
-0.165297 0.383817 0.363806
-0.165794 0.382138 0.362895
-0.166132 0.381869 0.362565
-0.166379 0.381960 0.362540
-0.166474 0.381969 0.362543
-0.167050 0.380123 0.361506
-0.167367 0.380066 0.361288
-0.167584 0.380133 0.361278
-0.167786 0.380167 0.361279
-0.167518 0.380500 0.360725
-0.167070 0.381120 0.359400
-0.167274 0.381125 0.359326
-0.167533 0.381154 0.359313
-0.167758 0.381184 0.359310
-0.168011 0.381224 0.359305
-0.168254 0.381262 0.359300
-0.168493 0.381300 0.359295
-0.168688 0.381324 0.359295
-0.168410 0.381656 0.358743
-0.167931 0.382268 0.357465
-0.167625 0.382599 0.356879
-0.167098 0.383170 0.355607
-0.166488 0.383775 0.354500
-0.166197 0.384064 0.353705
-0.165392 0.384820 0.352274
-0.165256 0.384950 0.351816
-0.164438 0.385704 0.350402
-0.164323 0.385834 0.349787
-0.164534 0.385829 0.349744
-0.164788 0.385861 0.349727
-0.165010 0.385893 0.349716
-0.165241 0.385928 0.349705
-0.165496 0.385973 0.349691
-0.165695 0.386000 0.349683
-0.166058 0.385681 0.350207
-0.167131 0.385156 0.351459
-0.167414 0.385236 0.351516
-0.167655 0.385289 0.351509
-0.167893 0.385332 0.351497
-0.168131 0.385373 0.351486
-0.168350 0.385407 0.351476
-0.168603 0.385453 0.351463
-0.168827 0.385490 0.351453
-0.169060 0.385530 0.351441
-0.169458 0.385632 0.351401
-0.169618 0.385644 0.351402
-0.169812 0.385670 0.351397
-0.170054 0.385713 0.351385
-0.170276 0.385750 0.351375
-0.170531 0.385799 0.351360
-0.170758 0.385838 0.351348
-0.171016 0.385888 0.351332
-0.171244 0.385928 0.351320
-0.171482 0.385972 0.351307
-0.171631 0.385989 0.351303
-0.171750 0.386028 0.351370
-0.171888 0.386039 0.351382
-0.171996 0.386073 0.351455
-0.172129 0.386082 0.351469
-0.172214 0.386109 0.351535
-0.172456 0.386149 0.351553
-0.172697 0.386194 0.351541
-0.172941 0.386241 0.351527
-0.173186 0.386288 0.351512
-0.173237 0.386290 0.351512
-0.173415 0.386330 0.351589
-0.173517 0.386336 0.351596
-0.173649 0.386372 0.351671
-0.173751 0.386377 0.351682
-0.173902 0.386419 0.351765
-0.173951 0.386420 0.351771
-0.174122 0.386455 0.351858
-0.174173 0.386456 0.351863
-0.174369 0.386499 0.351952
-0.174418 0.386500 0.351956
-0.174607 0.386542 0.352043
-0.174655 0.386543 0.352047
-0.174842 0.386583 0.352134
-0.174890 0.386584 0.352138
-0.175059 0.386619 0.352223
-0.175304 0.386664 0.352224
-0.175530 0.386705 0.352213
-0.175792 0.386759 0.352197
-0.176025 0.386804 0.352184
-0.176291 0.386860 0.352167
-0.176343 0.386863 0.352167
-0.176547 0.386914 0.352054
-0.176600 0.386918 0.352051
-0.176785 0.386963 0.351940
-0.176843 0.386968 0.351935
-0.177067 0.387030 0.351809
-0.177123 0.387034 0.351805
-0.177317 0.387083 0.351691
-0.177376 0.387089 0.351685
-0.177606 0.387153 0.351557
-0.177662 0.387158 0.351553
-0.177859 0.387208 0.351437
-0.177918 0.387214 0.351431
-0.178124 0.387268 0.351311
-0.178184 0.387275 0.351304
-0.178423 0.387343 0.351172
-0.178480 0.387348 0.351167
-0.178681 0.387400 0.351049
-0.178741 0.387407 0.351043
-0.178978 0.387474 0.350910
-0.179036 0.387480 0.350905
-0.179264 0.387543 0.350776
-0.179521 0.387600 0.350746
-0.179806 0.387666 0.350720
-0.180052 0.387717 0.350701
-0.180307 0.387771 0.350680
-0.180566 0.387827 0.350659
-0.180827 0.387883 0.350637
-0.181114 0.387950 0.350611
-0.181363 0.388002 0.350590
-0.181645 0.388067 0.350565
-0.181893 0.388119 0.350544
-0.182175 0.388184 0.350518
-0.182424 0.388236 0.350497
-0.182683 0.388292 0.350475
-0.182971 0.388359 0.350448
-0.183163 0.388392 0.350435
-0.183139 0.388527 0.350311
-0.183285 0.388588 0.350191
-0.183258 0.388743 0.349996
-0.183496 0.388794 0.349867
-0.183769 0.388850 0.349832
-0.184043 0.388910 0.349804
-0.184325 0.388972 0.349775
-0.184657 0.389043 0.349735
-0.185124 0.389160 0.349667
-0.185576 0.389273 0.349599
-0.186072 0.389399 0.349523
-0.186668 0.389558 0.349424
-0.187264 0.389715 0.349324
-0.187791 0.389848 0.349238
-0.188413 0.390010 0.349132
-0.188618 0.390048 0.349105
-0.189412 0.388228 0.347984
-0.189724 0.388171 0.347821
-0.190632 0.386390 0.346614
-0.191639 0.386511 0.346235
-0.192351 0.386703 0.346096
-0.193029 0.386898 0.345968
-0.193783 0.387138 0.345822
-0.194445 0.387424 0.345692
-0.195152 0.387777 0.345550
-0.195896 0.388158 0.345400
-0.196667 0.388554 0.345241
-0.197459 0.388959 0.345077
-0.198380 0.389430 0.344882
-0.199281 0.389884 0.344689
-0.200065 0.390270 0.344525
-0.200875 0.390664 0.344354
-0.201817 0.391122 0.344151
-0.202630 0.391508 0.343978
-0.203465 0.391901 0.343800
-0.204434 0.392355 0.343589
-0.205268 0.392736 0.343410
-0.206124 0.393123 0.343226
-0.206738 0.393391 0.343100
-0.207494 0.391986 0.342046
-0.208204 0.392116 0.341662
-0.209137 0.390882 0.340513
-0.210701 0.391623 0.339853
-0.212025 0.392375 0.339535
-0.213207 0.392923 0.339266
-0.214441 0.393438 0.338982
-0.215557 0.393877 0.338727
-0.216477 0.394226 0.338523
-0.217396 0.394569 0.338321
-0.218316 0.394908 0.338118
-0.219245 0.395261 0.337912
-0.220225 0.395695 0.337692
-0.221254 0.396176 0.337459
-0.222471 0.396755 0.337178
-0.223531 0.397251 0.336937
-0.224778 0.397834 0.336650
-0.224976 0.397919 0.336610
-0.226559 0.396710 0.335116
-0.228010 0.397630 0.334716
-0.229396 0.398397 0.334395
-0.230910 0.399131 0.334042
-0.232320 0.399759 0.333716
-0.233500 0.400257 0.333449
-0.234848 0.400812 0.333142
-0.235994 0.401269 0.332885
-0.237161 0.401726 0.332626
-0.238343 0.402181 0.332363
-0.239538 0.402633 0.332098
-0.240906 0.403146 0.331791
-0.242072 0.403572 0.331535
-0.243260 0.403998 0.331275
-0.244466 0.404423 0.331012
-0.245685 0.404846 0.330747
-0.247080 0.405325 0.330440
-0.248429 0.405779 0.330145
-0.249592 0.406158 0.329897
-0.250948 0.406597 0.329605
-0.252275 0.407017 0.329320
-0.252489 0.407080 0.329281
-0.253527 0.407397 0.329235
-0.253727 0.407454 0.329204
-0.254269 0.407607 0.329242
-0.255570 0.406965 0.331012
-0.256584 0.407085 0.331412
-0.258186 0.406566 0.333248
-0.260642 0.407273 0.333558
-0.262080 0.407798 0.333306
-0.262616 0.407523 0.334055
-0.265482 0.407669 0.335397
-0.267229 0.408266 0.335139
-0.268801 0.408750 0.334848
-0.269295 0.408451 0.335620
-0.271411 0.408288 0.337036
-0.271979 0.408007 0.337876
-0.274357 0.407970 0.339382
-0.274955 0.407711 0.340230
-0.277808 0.407856 0.341763
-0.278386 0.407605 0.342593
-0.281490 0.407841 0.344115
-0.283578 0.408515 0.343854
-0.285107 0.408934 0.343614
-0.286702 0.409321 0.343361
-0.287981 0.409603 0.343165
-0.288222 0.409652 0.343134
-0.288278 0.410768 0.340494
-0.288577 0.410835 0.340260
-0.288239 0.411798 0.337566
-0.288885 0.411771 0.337154
-0.289826 0.411831 0.337007
-0.290902 0.411980 0.336847
-0.292056 0.412170 0.336673
-0.293119 0.412350 0.336515
-0.294401 0.412573 0.336320
-0.295532 0.412766 0.336152
-0.296862 0.412992 0.335951
-0.298019 0.413183 0.335780
-0.298422 0.412845 0.336625
-0.300212 0.412465 0.338242
-0.300693 0.412146 0.339156
-0.302757 0.411895 0.340857
-0.303761 0.411373 0.342530
-0.305691 0.411488 0.343524
-0.306191 0.411202 0.344421
-0.308915 0.411184 0.346145
-0.310559 0.411614 0.345993
-0.312027 0.411927 0.345797
-0.313396 0.412170 0.345615
-0.314705 0.412374 0.345446
-0.315195 0.412438 0.345391
-0.316946 0.411649 0.347895
-0.317250 0.411676 0.347985
-0.319221 0.410965 0.350669
-0.319556 0.411010 0.350763
-0.321610 0.410360 0.353462
-0.323530 0.410785 0.353560
-0.325089 0.411103 0.353378
-0.326477 0.411324 0.353214
-0.327632 0.411476 0.353083
-0.328944 0.411636 0.352935
-0.330198 0.411779 0.352795
-0.331289 0.411895 0.352678
-0.333987 0.412265 0.352362
-0.334484 0.412285 0.352323
-0.335369 0.412345 0.352234
-0.336285 0.412416 0.352142
-0.337440 0.412514 0.352020
-0.338483 0.412601 0.351914
-0.339588 0.412693 0.351801
-0.340865 0.412803 0.351667
-0.341966 0.412893 0.351556
-0.343240 0.412998 0.351426
-0.344195 0.413069 0.351333
-0.344165 0.413451 0.350373
-0.344698 0.414128 0.348263
-0.344612 0.414495 0.347263
-0.345009 0.415037 0.345066
-0.345966 0.414932 0.344922
-0.346929 0.414913 0.344842
-0.347529 0.414919 0.344795
-0.348735 0.414034 0.347292
-0.349280 0.414007 0.347569
-0.350889 0.413188 0.350406
-0.352281 0.413404 0.350574
-0.353716 0.413624 0.350429
-0.354890 0.413745 0.350308
-0.356209 0.413851 0.350176
-0.356427 0.413865 0.350159
-0.356693 0.414881 0.347286
-0.356865 0.414900 0.347151
-0.356973 0.415826 0.344130
-0.357126 0.415824 0.343994
-0.357196 0.416646 0.340865
-0.357994 0.416451 0.340645
-0.358983 0.416337 0.340580
-0.360066 0.416296 0.340502
-0.361337 0.416299 0.340396
-0.362444 0.416318 0.340304
-0.363731 0.416351 0.340191
-0.364977 0.416387 0.340082
-0.366071 0.416414 0.339990
-0.367349 0.416448 0.339879
-0.368588 0.416480 0.339773
-0.369809 0.416509 0.339670
-0.370890 0.416528 0.339582
-0.372021 0.416545 0.339490
-0.373181 0.416562 0.339396
-0.374495 0.416584 0.339287
-0.375617 0.416598 0.339199
-0.376771 0.416609 0.339108
-0.378079 0.416625 0.339003
-0.379330 0.416638 0.338905
-0.380421 0.416642 0.338824
-0.381689 0.416649 0.338726
-0.382787 0.416649 0.338646
-0.384058 0.416651 0.338550
-0.385286 0.416653 0.338459
-0.386364 0.416646 0.338383
-0.387621 0.416641 0.338292
-0.388840 0.416636 0.338205
-0.389912 0.416624 0.338132
-0.391162 0.416612 0.338044
-0.392248 0.416597 0.337972
-0.393505 0.416582 0.337885
-0.394593 0.416564 0.337814
-0.395850 0.416545 0.337729
-0.397064 0.416527 0.337649
-0.398130 0.416504 0.337582
-0.399241 0.416476 0.337513
-0.400376 0.416447 0.337442
-0.401375 0.416415 0.337382
-0.401672 0.416068 0.338350
-0.403076 0.415506 0.340274
-0.403692 0.414910 0.342181
-0.404956 0.414772 0.343358
-0.405256 0.414464 0.344364
-0.406679 0.414069 0.346311
-0.406984 0.413758 0.347347
-0.408768 0.413470 0.349398
-0.410112 0.413717 0.349294
-0.411231 0.413810 0.349186
-0.411481 0.413469 0.350164
-0.412734 0.412897 0.352122
-0.413261 0.412273 0.354063
-0.414232 0.412033 0.355223
-0.414982 0.411284 0.357707
-0.415696 0.411200 0.358324
-0.416470 0.410440 0.360809
-0.417398 0.410367 0.361474
-0.417916 0.409747 0.363373
-0.418901 0.409483 0.364504
-0.419609 0.408688 0.367000
-0.420797 0.408611 0.367701
-0.421918 0.408677 0.367617
-0.423029 0.408693 0.367522
-0.424128 0.408683 0.367443
-0.425217 0.408661 0.367375
-0.426424 0.408637 0.367303
-0.427562 0.408613 0.367240
-0.428665 0.408584 0.367181
-0.429752 0.408551 0.367124
-0.430829 0.408516 0.367068
-0.431790 0.408475 0.367021
-0.432800 0.408430 0.366970
-0.433834 0.408385 0.366918
-0.435001 0.408344 0.366859
-0.436113 0.408306 0.366804
-0.437199 0.408266 0.366751
-0.438271 0.408223 0.366700
-0.439336 0.408178 0.366650
-0.440288 0.408130 0.366607
-0.441287 0.408076 0.366561
-0.442427 0.408025 0.366507
-0.443410 0.407975 0.366464
-0.444424 0.407921 0.366419
-0.445454 0.407865 0.366374
