-13.042993 25.120895 141.198990 -93.867012 11.084973 -28.841116 102.233002 1.000000 34.818001 11.811000 70.346001 98.683998 120.120003 -72.572998 -51.494999 1.000000
-13.042993 25.120895 141.198990 -93.867012 11.084973 -28.841116 102.233002 1.000000 34.818001 11.811000 70.346001 98.683998 120.120003 -72.572998 -51.494999 1.000000
-13.042993 25.120895 141.198990 -93.867012 11.084973 -28.841116 102.233002 1.000000 34.818001 11.811000 70.346001 98.683998 120.120003 -72.572998 -51.494999 1.000000
-13.042993 25.120895 141.198990 -93.867012 11.084973 -28.841116 102.233002 1.000000 34.818001 11.811000 70.346001 98.683998 120.120003 -72.572998 -51.494999 1.000000
-13.042993 25.120895 141.198990 -93.867012 11.084973 -28.841116 102.233002 1.000000 34.818001 11.811000 70.346001 98.683998 120.120003 -72.572998 -51.494999 1.000000
-13.042993 25.120895 141.198990 -93.867012 11.084973 -28.841116 102.233002 1.000000 34.818001 11.811000 70.346001 98.683998 120.120003 -72.572998 -51.494999 1.000000
-13.042993 25.120895 141.198990 -93.867012 11.084973 -28.841116 102.233002 1.000000 34.818001 11.811000 70.346001 98.683998 120.120003 -72.572998 -51.494999 1.000000
-13.042993 25.120895 141.198990 -93.867012 11.084973 -28.841116 102.233002 1.000000 34.818001 11.811000 70.346001 98.683998 120.120003 -72.572998 -51.494999 1.000000
-13.042993 25.120895 141.198990 -93.867012 11.084973 -28.841116 102.233002 1.000000 34.818001 11.811000 70.346001 98.683998 120.120003 -72.572998 -51.494999 1.000000
-13.042993 25.120895 141.198990 -93.867012 11.084973 -28.841116 102.233002 1.000000 34.818001 11.811000 70.346001 98.683998 120.120003 -72.572998 -51.494999 1.000000
-13.042993 25.120895 141.198990 -93.867012 11.084973 -28.841116 102.233002 1.000000 34.818001 11.811000 70.346001 98.683998 120.120003 -72.572998 -51.494999 1.000000
-13.042993 25.120895 141.198990 -93.867012 11.084973 -28.841116 102.233002 1.000000 34.818001 11.811000 70.346001 98.683998 120.120003 -72.572998 -51.494999 1.000000
-13.042993 25.120895 141.198990 -93.867012 11.084973 -28.841116 102.233002 1.000000 34.818001 11.811000 70.346001 98.683998 120.120003 -72.572998 -51.494999 1.000000
-13.042993 25.120895 141.198990 -93.867012 11.084973 -28.841116 102.233002 1.000000 34.818001 11.811000 70.346001 98.683998 120.120003 -72.572998 -51.494999 1.000000
-13.042993 25.120895 141.198990 -93.867012 11.084973 -28.841116 102.233002 1.000000 34.818001 11.811000 70.346001 98.683998 120.120003 -72.572998 -51.494999 1.000000
-13.042993 25.120895 141.198990 -93.867012 11.084973 -28.841116 102.233002 1.000000 34.818001 11.811000 70.346001 98.683998 120.120003 -72.572998 -51.494999 1.000000
-13.042993 25.120895 141.198990 -93.867012 11.084973 -28.841116 102.233002 1.000000 34.818001 11.811000 70.346001 98.683998 120.120003 -72.572998 -51.494999 1.000000
-13.042993 25.120895 141.198990 -93.867012 11.084973 -28.841116 102.233002 1.000000 34.818001 11.811000 70.346001 98.683998 120.120003 -72.572998 -51.494999 1.000000
-13.042993 25.120895 141.198990 -93.867012 11.084973 -28.841116 102.233002 1.000000 34.818001 11.811000 70.346001 98.683998 120.120003 -72.572998 -51.494999 1.000000
-13.042993 25.120895 141.198990 -93.867012 11.084973 -28.841116 102.233002 1.000000 34.818001 11.811000 70.346001 98.683998 120.120003 -72.572998 -51.494999 1.000000
-13.042993 25.120895 141.198990 -93.867012 11.084973 -28.841116 102.233002 1.000000 34.818001 11.811000 70.346001 98.683998 120.120003 -72.572998 -51.494999 1.000000
-13.042993 25.120895 141.198990 -93.867012 11.084973 -28.841116 102.233002 1.000000 34.818001 11.811000 70.346001 98.683998 120.120003 -72.572998 -51.494999 1.000000
-13.042993 25.120895 141.198990 -93.867012 11.084973 -28.841116 102.233002 1.000000 34.818001 11.811000 70.346001 98.683998 120.120003 -72.572998 -51.494999 1.000000
-13.042993 25.120895 141.198990 -93.867012 11.084973 -28.841116 102.233002 1.000000 34.818001 11.811000 70.346001 98.683998 120.120003 -72.572998 -51.494999 1.000000
-13.042993 25.120895 141.198990 -93.867012 11.084973 -28.841116 102.233002 1.000000 34.818001 11.811000 70.346001 98.683998 120.120003 -72.572998 -51.494999 1.000000
-13.042993 25.120895 141.198990 -93.867012 11.084973 -28.841116 102.233002 1.000000 34.818001 11.811000 70.346001 98.683998 120.120003 -72.572998 -51.494999 1.000000
-13.042993 25.120895 141.198990 -93.867012 11.084973 -28.841116 102.233002 1.000000 34.818001 11.811000 70.346001 98.683998 120.120003 -72.572998 -51.494999 1.000000
-13.042993 25.120895 141.198990 -93.867012 11.084973 -28.841116 102.233002 1.000000 34.818001 11.811000 70.346001 98.683998 120.120003 -72.572998 -51.494999 1.000000
-13.042993 25.120895 141.198990 -93.867012 11.084973 -28.841116 102.233002 1.000000 34.818001 11.811000 70.346001 98.683998 120.120003 -72.572998 -51.494999 1.000000
-13.042993 25.120895 141.198990 -93.867012 11.084973 -28.841116 102.233002 1.000000 34.818001 11.811000 70.346001 98.683998 120.120003 -72.572998 -51.494999 1.000000
-13.042993 25.120895 141.198990 -93.867012 11.084973 -28.841116 102.233002 1.000000 34.818001 11.811000 70.346001 98.683998 120.120003 -72.572998 -51.494999 1.000000
-13.042993 25.120895 141.198990 -93.867012 11.084973 -28.841116 102.233002 1.000000 34.818001 11.811000 70.346001 98.683998 120.120003 -72.572998 -51.494999 1.000000
-13.042993 25.120895 141.198990 -93.867012 11.084973 -28.841116 102.233002 1.000000 34.818001 11.811000 70.346001 98.683998 120.120003 -72.572998 -51.494999 1.000000
-13.042993 25.120895 141.198990 -93.867012 11.084973 -28.841116 102.233002 1.000000 34.818001 11.811000 70.346001 98.683998 120.120003 -72.572998 -51.494999 1.000000
-13.042993 25.120895 141.198990 -93.867012 11.084973 -28.841116 102.233002 1.000000 34.818001 11.811000 70.346001 98.683998 120.120003 -72.572998 -51.494999 1.000000
-13.042993 25.120895 141.198990 -93.867012 11.084973 -28.841116 102.233002 1.000000 34.818001 11.811000 70.346001 98.683998 120.120003 -72.572998 -51.494999 1.000000
-13.042993 25.120895 141.198990 -93.867012 11.084973 -28.841116 102.233002 1.000000 34.818001 11.811000 70.346001 98.683998 120.120003 -72.572998 -51.494999 1.000000
-13.042993 25.120895 141.198990 -93.867012 11.084973 -28.841116 102.233002 1.000000 34.818001 11.811000 70.346001 98.683998 120.120003 -72.572998 -51.494999 1.000000
-13.042993 25.120895 141.198990 -93.867012 11.084973 -28.841116 102.233002 1.000000 34.818001 11.811000 70.346001 98.683998 120.120003 -72.572998 -51.494999 1.000000
-13.042993 25.120895 141.198990 -93.867012 11.084973 -28.841116 102.233002 1.000000 34.818001 11.811000 70.346001 98.683998 120.120003 -72.572998 -51.494999 1.000000
